nt@synapse_cleft 0 0.0262333997 0.00222406833 0.017736282 0 0 0
nt@synapse_cleft 2 -0.0521648548 0.0145511593 0.0115689199 0 0 0
nt@synapse_cleft 7 0.0157518322 0.0177215888 0.00531916592 0 0 0
nt@synapse_cleft 9 0.0404093455 -0.0351600607 0.0192981384 0 0 0
nt@synapse_cleft 12 -0.000852316467 0.0439027026 0.000737971403 0 0 0
nt@synapse_cleft 15 -0.00762210931 0.0195614738 0.0147366078 0 0 0
nt@synapse_cleft 17 0.0217059788 0.00915483498 0.0120218386 0 0 0
nt@synapse_cleft 26 -0.0339413663 -0.00245893803 0.0117997066 0 0 0
nt@synapse_cleft 30 0.0113285933 -0.0350601958 0.00599064134 0 0 0
nt@synapse_cleft 35 0.0126947514 0.0476021306 0.0180392252 0 0 0
nt@synapse_cleft 42 0.00418681343 0.00455807387 0.0170405581 0 0 0
nt@synapse_cleft 45 -0.0041127435 0.0143528018 0.014591083 0 0 0
nt@synapse_cleft 54 -0.000258577012 0.0300615714 0.0149701063 0 0 0
nt@synapse_cleft 56 -0.0358888811 -0.0229302301 0.00388946729 0 0 0
nt@synapse_cleft 59 0.0296223638 0.0210335559 0.00972421261 0 0 0
nt@synapse_cleft 72 -0.0275319194 0.00681758779 0.0165672971 0 0 0
nt@synapse_cleft 81 -0.000475028408 -0.0385895063 0.00150855063 0 0 0
nt@synapse_cleft 87 -0.0100638254 -0.00272979922 0.00368407971 0 0 0
nt@synapse_cleft 89 0.0367368111 -0.00954258448 0.00973404159 0 0 0
nt@synapse_cleft 100 -0.0147094646 -0.0227871571 0.00866603566 0 0 0
nt@synapse_cleft 103 0.0313924766 -0.0143227843 0.0165775249 0 0 0
nt@synapse_cleft 111 -0.0436972825 0.0419803554 0.0197682337 0 0 0
nt@synapse_cleft 114 0.0437416688 -0.0120880699 0.0164971262 0 0 0
nt@synapse_cleft 115 -0.00556405956 -0.0206077554 0.0198216795 0 0 0
nt@synapse_cleft 116 -0.0220436511 -0.020779964 0.00350466061 0 0 0
nt@synapse_cleft 135 -0.0315454324 -0.0212866351 0.0182531378 0 0 0
nt@synapse_cleft 137 -0.0515308234 -0.0426805321 0.00233460092 0 0 0
nt@synapse_cleft 148 -0.0189088171 0.0717861068 0.00530848562 0 0 0
nt@synapse_cleft 150 -0.0199681518 0.0249382493 0.0110529358 0 0 0
nt@synapse_cleft 156 -0.013598074 -0.00782207669 0.00772561184 0 0 0
nt@synapse_cleft 162 -0.0161857774 -0.0404907286 0.00445977923 0 0 0
nt@synapse_cleft 167 -0.0020009572 -0.0348653934 0.0053148962 0 0 0
nt@synapse_cleft 168 -0.0242399165 -0.0161750253 0.0124144385 0 0 0
nt@synapse_cleft 186 -0.0207220542 0.0068985001 0.0179762895 0 0 0
nt@synapse_cleft 188 -0.00659203559 -0.0163465028 0.0176671116 0 0 0
nt@synapse_cleft 192 -0.0069459525 0.0353668906 0.0114228701 0 0 0
nt@synapse_cleft 194 -0.0245988904 -0.0028234581 0.0141271997 0 0 0
nt@synapse_cleft 195 0.0327546842 0.0509602417 0.00754037711 0 0 0
nt@synapse_cleft 199 0.0294399367 0.0209417878 0.0165438486 0 0 0
nt@synapse_cleft 206 -0.00237721704 -0.0239272423 0.0153956604 0 0 0
nt@synapse_cleft 210 -0.0319353209 0.00444203726 0.00366845758 0 0 0
nt@synapse_cleft 224 -0.0134672622 0.0559144047 0.0101819218 0 0 0
nt@synapse_cleft 231 0.0155870841 0.0483825066 0.00838414569 0 0 0
nt@synapse_cleft 235 0.0135890058 -0.016732803 0.0189009413 0 0 0
nt@synapse_cleft 244 -0.0164476359 0.0038794032 0.0198638173 0 0 0
nt@synapse_cleft 248 0.0303880399 -0.0249303093 0.0193734399 0 0 0
nt@synapse_cleft 256 -0.0461089974 -0.00839673318 0.0181557842 0 0 0
nt@synapse_cleft 268 0.000387448968 -0.0201049651 0.0187126859 0 0 0
nt@synapse_cleft 272 0.00809671946 -0.0580521642 0.00844199711 0 0 0
nt@synapse_cleft 284 -0.0431905623 0.0880050271 0.0139353326 0 0 0
nt@synapse_cleft 293 0.0301473389 -0.0256458913 0.0124329798 0 0 0
nt@synapse_cleft 306 0.0252399676 -0.0309228252 0.00192141696 0 0 0
nt@synapse_cleft 307 0.0240125655 0.000763635693 0.0182437601 0 0 0
nt@synapse_cleft 308 0.0337198134 0.0339282294 0.0145676229 0 0 0
nt@synapse_cleft 310 0.0352785862 0.00371523571 0.00813045354 0 0 0
nt@synapse_cleft 318 -0.0231520406 -0.000963558112 0.017492809 0 0 0
nt@synapse_cleft 319 0.0582777457 0.00655470845 0.00904036307 0 0 0
nt@synapse_cleft 321 0.0356909213 0.0100136587 0.00976177061 0 0 0
nt@synapse_cleft 325 -0.0522596851 0.0686907273 0.0136750042 0 0 0
nt@synapse_cleft 347 0.00415719919 0.00506763868 0.00176785595 0 0 0
nt@synapse_cleft 348 -0.000584483982 -0.0224765931 0.00678169582 0 0 0
nt@synapse_cleft 350 0.0117615771 -0.000210369581 0.0130251833 0 0 0
nt@synapse_cleft 356 -0.0414461628 0.0104947949 0.010463875 0 0 0
nt@synapse_cleft 361 -0.0364327404 0.000592077386 0.0190651257 0 0 0
nt@synapse_cleft 371 -0.00420693459 0.0328364022 0.0170701629 0 0 0
nt@synapse_cleft 372 0.00750793443 0.031993925 0.011298985 0 0 0
nt@synapse_cleft 376 -0.0117581693 0.00968555636 0.00625283085 0 0 0
nt@synapse_cleft 385 0.0118196226 0.00680351276 0.00479322022 0 0 0
nt@synapse_cleft 391 0.0148649186 -0.0297141122 0.0123350948 0 0 0
nt@synapse_cleft 402 -0.00121326303 0.0388869854 0.0147565524 0 0 0
nt@synapse_cleft 406 -0.0280370015 -0.0399359498 0.000320417437 0 0 0
nt@synapse_cleft 421 -0.0486647157 0.0197352708 0.0179722039 0 0 0
nt@synapse_cleft 426 0.0493412006 -0.026125451 0.0170712919 0 0 0
nt@synapse_cleft 429 -0.0180762174 0.0242544924 0.0199394758 0 0 0
nt@synapse_cleft 440 0.0287175186 -0.0106984509 0.00405248245 0 0 0
nt@synapse_cleft 444 0.00265604932 0.0481404401 0.0168303509 0 0 0
nt@synapse_cleft 449 -0.00675832149 -0.0139177014 0.00368783534 0 0 0
nt@synapse_cleft 452 0.041581114 0.045630494 0.0171309321 0 0 0
nt@synapse_cleft 453 0.00141996219 -0.00427764246 0.00171947549 0 0 0
nt@synapse_cleft 455 0.0126477433 -0.0284694537 0.0186692821 0 0 0
nt@synapse_cleft 477 0.0138556824 0.00649199869 0.0182130777 0 0 0
nt@synapse_cleft 479 -0.0153892156 0.011383356 0.0175196089 0 0 0
nt@synapse_cleft 482 0.014527911 0.0074589886 0.00641326751 0 0 0
nt@synapse_cleft 499 0.0136678421 0.0139110006 0.00592762683 0 0 0
nt@synapse_cleft 501 0.0118539699 0.0151441857 0.017293782 0 0 0
nt@synapse_cleft 503 0.0163991925 -0.0221565835 0.0199284395 0 0 0
nt@synapse_cleft 509 -0.033801208 0.0519729334 0.000115197754 0 0 0
nt@synapse_cleft 510 0.0205298228 0.0195558809 0.0192123059 0 0 0
nt@synapse_cleft 514 -0.0202127435 0.00547951239 0.0163553341 0 0 0
nt@synapse_cleft 522 -0.0452112341 0.0306027622 0.0199617636 0 0 0
nt@synapse_cleft 524 -0.011100739 0.0389496919 0.0140945395 0 0 0
nt@synapse_cleft 530 0.0218573269 -0.0115097016 0.00588822752 0 0 0
nt@synapse_cleft 536 -0.0389980102 -0.0445290433 0.0106678253 0 0 0
nt@synapse_cleft 544 0.034966208 0.00636405055 0.0058377025 0 0 0
nt@synapse_cleft 546 -0.0546814441 0.0143528357 0.00350847563 0 0 0
nt@synapse_cleft 549 0.0503515793 -0.0248806043 0.0193153971 0 0 0
nt@synapse_cleft 551 0.0194144729 -0.0118694553 0.00657128358 0 0 0
nt@synapse_cleft 552 0.03094448 0.0163617077 0.00385773606 0 0 0
nt@synapse_cleft 557 -0.0338032139 -0.0048929641 0.00917037658 0 0 0
nt@synapse_cleft 558 -0.00118659859 -0.014929785 0.0040045186 0 0 0
nt@synapse_cleft 563 -0.0253503069 -0.0640844012 0.00346615091 0 0 0
nt@synapse_cleft 572 -0.0236463307 0.018901203 0.00165425943 0 0 0
nt@synapse_cleft 575 -0.00234880707 0.00151250159 0.00245456437 0 0 0
nt@synapse_cleft 581 -0.00117755044 -0.00278721026 0.00145647432 0 0 0
nt@synapse_cleft 583 0.0103363233 0.0250909973 0.0197956463 0 0 0
nt@synapse_cleft 586 0.00926381294 0.0122065046 0.00307071026 0 0 0
nt@synapse_cleft 591 -0.00644753877 0.0121310386 0.00733616847 0 0 0
nt@synapse_cleft 596 -0.0124710651 0.00778404757 0.0171791044 0 0 0
nt@synapse_cleft 598 -0.00141800695 0.0134514989 0.00784325153 0 0 0
nt@synapse_cleft 620 -0.0320863124 -0.00488898494 0.0071599079 0 0 0
nt@synapse_cleft 624 0.0220281563 0.000121472691 0.00698843557 0 0 0
nt@synapse_cleft 627 -0.0161565535 -0.0264292123 0.00942618 0 0 0
nt@synapse_cleft 629 -0.00139016116 0.000844291945 0.00718008944 0 0 0
nt@synapse_cleft 633 -0.0336393315 0.0303555948 0.0138797397 0 0 0
nt@synapse_cleft 634 0.00664531538 0.00727819826 0.00208321186 0 0 0
nt@synapse_cleft 639 -0.00926603855 -0.0118244236 0.00419423324 0 0 0
nt@synapse_cleft 645 -0.00888370663 -0.00458722527 0.00463434452 0 0 0
nt@synapse_cleft 647 0.0188734387 0.0139979383 0.00307606214 0 0 0
nt@synapse_cleft 661 -0.0263351438 -0.031592758 0.0108118635 0 0 0
nt@synapse_cleft 664 -0.0127038453 0.00752105887 0.00199585802 0 0 0
nt@synapse_cleft 678 0.00985934558 -0.0200533374 0.00643817378 0 0 0
nt@synapse_cleft 679 -0.038177844 -0.00118818096 0.0159797353 0 0 0
nt@synapse_cleft 681 0.00116171803 -0.0269740947 0.000592356607 0 0 0
nt@synapse_cleft 691 0.0324928898 -0.00679839252 0.00274226337 0 0 0
nt@synapse_cleft 693 0.00446191122 0.0197203641 0.0153771732 0 0 0
nt@synapse_cleft 698 0.000355098177 0.0134009484 0.0133921969 0 0 0
nt@synapse_cleft 699 -0.0174471963 -0.0764288085 0.00407456222 0 0 0
nt@synapse_cleft 712 -0.0186195208 -0.00874938452 0.00951213079 0 0 0
nt@synapse_cleft 720 0.0302434157 -0.0397531758 0.00162973466 0 0 0
nt@synapse_cleft 721 0.000175805571 -0.0293683766 0.00944916659 0 0 0
nt@synapse_cleft 726 -0.0168006784 -0.016554206 0.00651352398 0 0 0
nt@synapse_cleft 727 -0.0267157398 0.013637617 0.00732093094 0 0 0
nt@synapse_cleft 728 0.0203596038 0.00270561802 0.00408788532 0 0 0
nt@synapse_cleft 732 0.0117393842 0.0529285782 0.0120718341 0 0 0
nt@synapse_cleft 735 -0.0595647464 0.00242700627 0.00280512488 0 0 0
nt@synapse_cleft 737 0.0453238119 0.00739124597 0.0158585383 0 0 0
nt@synapse_cleft 741 0.0314603182 0.0110496772 0.00741397117 0 0 0
nt@synapse_cleft 750 0.0313097241 0.0207837518 0.0175771665 0 0 0
nt@synapse_cleft 754 -0.00518695208 -0.0182035028 0.00910395012 0 0 0
nt@synapse_cleft 760 -0.00534471235 -0.0347611993 0.00846568335 0 0 0
nt@synapse_cleft 762 0.00166065489 -0.0221817373 0.01006769 0 0 0
nt@synapse_cleft 765 -0.0385421623 0.0432005136 0.00776674722 0 0 0
nt@synapse_cleft 768 -0.00868436377 -0.0061671824 0.0172231625 0 0 0
nt@synapse_cleft 769 -0.00637805212 0.0496442571 0.00977709539 0 0 0
nt@synapse_cleft 774 -0.0109841986 0.0224593538 0.00746141396 0 0 0
nt@synapse_cleft 779 -0.0227332109 0.0199567758 0.00391840437 0 0 0
nt@synapse_cleft 797 -0.00460878213 0.027227354 0.00933307542 0 0 0
nt@synapse_cleft 803 -0.0279729913 -0.048289136 0.0163575063 0 0 0
nt@synapse_cleft 814 0.0379760844 0.0416602648 0.0082112411 0 0 0
nt@synapse_cleft 816 -0.000907121535 -0.0108678104 0.00283361879 0 0 0
nt@synapse_cleft 828 0.0132746015 -0.0318416683 0.0181004826 0 0 0
nt@synapse_cleft 831 0.0134046348 -0.0137251138 0.00131853904 0 0 0
nt@synapse_cleft 833 -0.00872210428 -0.0121542299 0.0194504318 0 0 0
nt@synapse_cleft 837 -0.0174153491 -0.00804786123 0.00268568164 0 0 0
nt@synapse_cleft 844 -0.020841841 0.0221335941 0.0136231578 0 0 0
nt@synapse_cleft 847 0.0171121 -0.00983406898 0.0186442203 0 0 0
nt@synapse_cleft 850 -0.00613195173 0.0126713387 0.0118447219 0 0 0
nt@synapse_cleft 854 -0.0095416913 0.0302061182 0.000777368334 0 0 0
nt@synapse_cleft 866 -0.00923719892 -0.0252470851 0.000193952978 0 0 0
nt@synapse_cleft 871 0.0054800249 0.015823614 0.018782522 0 0 0
nt@synapse_cleft 877 -0.0391837219 0.0232145315 0.00971282381 0 0 0
nt@synapse_cleft 884 0.0167410958 -0.00176186011 0.0126858613 0 0 0
nt@synapse_cleft 904 -0.0451665766 -0.0041015932 0.0123452743 0 0 0
nt@synapse_cleft 908 -0.0599567894 -0.000935302216 0.00350606659 0 0 0
nt@synapse_cleft 909 0.0365059233 0.00672858541 0.00169131957 0 0 0
nt@synapse_cleft 913 -0.0248865324 0.0103690089 0.0168904658 0 0 0
nt@synapse_cleft 918 0.0533871464 0.0095111686 0.00552291496 0 0 0
nt@synapse_cleft 925 -0.0226566638 0.0276377929 0.0167233017 0 0 0
nt@synapse_cleft 932 0.0239322392 -0.0708545312 0.00139143629 0 0 0
nt@synapse_cleft 938 -0.0125446393 9.29158272e-06 0.0142474719 0 0 0
nt@synapse_cleft 940 -0.0536579456 -0.0475855982 0.012775112 0 0 0
nt@synapse_cleft 942 0.01297822 -0.0310267661 0.000144595613 0 0 0
nt@synapse_cleft 943 0.0210039454 -0.00370202013 0.0138187975 0 0 0
nt@synapse_cleft 944 -0.0115329072 -0.0521013879 0.00140457471 0 0 0
nt@synapse_cleft 945 0.0017738725 0.0372502579 0.00267009101 0 0 0
nt@synapse_cleft 947 -0.0281072415 0.0105915877 0.0105242114 0 0 0
nt@synapse_cleft 953 -0.0467086679 0.0236533747 0.0116797511 0 0 0
nt@synapse_cleft 954 0.0120812205 -0.0252725936 0.00499928404 0 0 0
nt@synapse_cleft 957 0.0536389513 -0.017785649 0.0028218558 0 0 0
nt@synapse_cleft 961 -0.0257556811 -0.00342802913 0.0034191364 0 0 0
nt@synapse_cleft 967 0.034150081 0.00326821951 0.00679045198 0 0 0
nt@synapse_cleft 976 -0.00135070172 0.0232346235 0.0142898624 0 0 0
nt@synapse_cleft 978 -0.0373333325 -0.01758593 0.0080550591 0 0 0
nt@synapse_cleft 992 0.0284396397 -0.000574952999 0.00729047782 0 0 0
nt@synapse_cleft 994 -0.0338329792 -0.0249477486 0.0170609687 0 0 0
nt@synapse_cleft 998 0.00271769102 -0.00870781208 0.0022349706 0 0 0
nt@synapse_cleft 999 0.0582657269 -0.0296071066 0.00180113446 0 0 0
nt@synapse_cleft 1002 0.00400001424 0.0384806489 0.0069818086 0 0 0
nt@synapse_cleft 1004 -0.0214912022 0.0031589263 0.0108459616 0 0 0
nt@synapse_cleft 1013 -0.0371249755 0.035508142 0.0114161875 0 0 0
nt@synapse_cleft 1016 -0.0303702741 0.00928250157 0.015313273 0 0 0
nt@synapse_cleft 1018 0.00513936264 -0.0127476562 0.0022354542 0 0 0
nt@synapse_cleft 1024 -0.031315499 -0.0344520198 0.00498946971 0 0 0
nt@synapse_cleft 1025 -0.00694699584 -0.0287265764 0.0119507624 0 0 0
nt@synapse_cleft 1027 0.0289008215 0.0524997179 0.0118269123 0 0 0
nt@synapse_cleft 1035 -0.0369465558 -0.0281610338 0.0114776969 0 0 0
nt@synapse_cleft 1047 0.0336582215 -0.0459659573 0.00244395698 0 0 0
nt@synapse_cleft 1048 -0.0138170454 -0.063022906 0.00284306073 0 0 0
nt@synapse_cleft 1050 0.0186927665 -0.051240548 0.00881136323 0 0 0
nt@synapse_cleft 1062 0.0435064004 -0.009181424 0.00909605083 0 0 0
nt@synapse_cleft 1077 -0.0314729782 0.00569706425 0.0160505408 0 0 0
nt@synapse_cleft 1080 -0.0406144921 0.0210206378 0.0148194909 0 0 0
nt@synapse_cleft 1092 -0.0184698373 -0.0128317087 0.00509712239 0 0 0
nt@synapse_cleft 1107 -0.00714193557 -0.00315271689 0.00883076204 0 0 0
nt@synapse_cleft 1108 0.0189611115 0.0110907696 0.00202620181 0 0 0
nt@synapse_cleft 1110 0.0229590302 0.0119042178 0.0193359774 0 0 0
nt@synapse_cleft 1113 -0.0180895208 0.00716102269 0.00134176854 0 0 0
nt@synapse_cleft 1114 0.0108172234 -0.0374770212 0.00518948763 0 0 0
nt@synapse_cleft 1130 0.0287618852 -0.0139114684 0.000377352061 0 0 0
nt@synapse_cleft 1136 -0.00627575929 -0.0476201662 0.00829093642 0 0 0
nt@synapse_cleft 1140 0.0038792976 -0.0440547774 0.0182484608 0 0 0
nt@synapse_cleft 1144 -0.0111918508 -0.00881212865 0.00131222079 0 0 0
nt@synapse_cleft 1145 0.0541183451 -0.00622105137 0.0171082072 0 0 0
nt@synapse_cleft 1149 -0.0201992732 -0.00223453621 0.0122499099 0 0 0
nt@synapse_cleft 1152 0.0332469172 0.0124861836 0.00969112046 0 0 0
nt@synapse_cleft 1157 0.0333557651 -0.0635980828 0.0125558065 0 0 0
nt@synapse_cleft 1165 0.0328025036 0.0373283396 0.00169112462 0 0 0
nt@synapse_cleft 1166 -0.0107122816 0.00290368268 0.00544508742 0 0 0
nt@synapse_cleft 1167 0.0375105777 0.0315639175 0.0156858428 0 0 0
nt@synapse_cleft 1172 -0.00876081662 0.00175078939 0.0182365545 0 0 0
nt@synapse_cleft 1177 -0.0131135187 0.0786519842 0.0010055223 0 0 0
nt@synapse_cleft 1179 0.00401317455 -0.0186530437 0.0189264269 0 0 0
nt@synapse_cleft 1186 -0.0676964067 0.00631110994 0.00301453916 0 0 0
nt@synapse_cleft 1188 0.0133921997 -0.0388338032 0.00286055777 0 0 0
nt@synapse_cleft 1193 -0.0290234951 -0.0256408395 0.00513720556 0 0 0
nt@synapse_cleft 1200 -0.00492724732 0.00449045588 0.0109950452 0 0 0
nt@synapse_cleft 1203 -0.00410115214 0.0236951282 0.00126548596 0 0 0
nt@synapse_cleft 1204 0.00114984759 0.0242323819 0.00950421631 0 0 0
nt@synapse_cleft 1205 -0.0230691822 -0.0271538103 0.0163307877 0 0 0
nt@synapse_cleft 1206 -0.0155773679 0.0161823168 0.00331784086 0 0 0
nt@synapse_cleft 1237 -0.0386259156 -0.0420983927 0.00589461121 0 0 0
nt@synapse_cleft 1238 -0.0633956966 -0.0475390147 0.0178543329 0 0 0
nt@synapse_cleft 1243 -0.0223003862 -0.00160195626 0.0179755665 0 0 0
nt@synapse_cleft 1248 -0.000533692169 0.0442600406 0.015331827 0 0 0
nt@synapse_cleft 1251 -0.0428549452 0.0131469939 0.0171908459 0 0 0
nt@synapse_cleft 1252 -0.0338123458 -0.0107762164 0.0113669193 0 0 0
nt@synapse_cleft 1254 -0.0219044312 0.0495281699 0.00569448615 0 0 0
nt@synapse_cleft 1270 0.0567004599 0.0271036325 0.00927014183 0 0 0
nt@synapse_cleft 1275 -0.00816813277 0.019450629 0.0106481659 0 0 0
nt@synapse_cleft 1289 0.057137793 0.00187519289 0.001090254 0 0 0
nt@synapse_cleft 1298 -0.00929613948 -0.0250517792 0.0132049164 0 0 0
nt@synapse_cleft 1302 -0.0308789581 0.0359818307 0.00428280464 0 0 0
nt@synapse_cleft 1311 0.00537245677 -0.0149379186 0.00287745658 0 0 0
nt@synapse_cleft 1316 -0.0272465008 -0.0180171522 0.0109186297 0 0 0
nt@synapse_cleft 1326 0.0180991625 0.0139983627 0.00487540639 0 0 0
nt@synapse_cleft 1328 0.0250683812 0.0111817586 0.00744808622 0 0 0
nt@synapse_cleft 1333 -0.0104636975 0.0291103167 0.00137160379 0 0 0
nt@synapse_cleft 1338 -0.0114829901 0.00837203303 0.0107729151 0 0 0
nt@synapse_cleft 1343 0.0202870089 0.00063859206 0.00929927866 0 0 0
nt@synapse_cleft 1347 -0.0486115662 -0.0123343079 0.0141301314 0 0 0
nt@synapse_cleft 1349 0.0115969704 -0.00535561571 0.0174313854 0 0 0
nt@synapse_cleft 1351 0.0398764092 -0.0233715759 0.0035134769 0 0 0
nt@synapse_cleft 1361 0.00227165969 -0.0261573827 0.0029470397 0 0 0
nt@synapse_cleft 1368 0.0169269287 -0.00180410143 0.0110688212 0 0 0
nt@synapse_cleft 1372 -0.0151949711 0.0422396958 0.0084728557 0 0 0
nt@synapse_cleft 1380 -0.0194010566 0.00623042804 0.0156436325 0 0 0
nt@synapse_cleft 1384 -0.0520827563 -0.00621753771 0.018682438 0 0 0
nt@synapse_cleft 1393 -0.024903533 0.0471240119 0.0102240006 0 0 0
nt@synapse_cleft 1394 0.013541112 0.0160757338 0.0149713816 0 0 0
nt@synapse_cleft 1400 -0.0217018312 0.0252809389 0.00641986621 0 0 0
nt@synapse_cleft 1403 0.00577293537 0.0130272017 0.00091422531 0 0 0
nt@synapse_cleft 1408 -0.0146850306 -0.00754267009 0.0119983527 0 0 0
nt@synapse_cleft 1416 -0.00410566657 0.02729911 0.0189597418 0 0 0
nt@synapse_cleft 1419 0.011077735 -0.0182806141 0.00996712108 0 0 0
nt@synapse_cleft 1425 0.0014544777 -0.0264807344 0.00174646482 0 0 0
nt@synapse_cleft 1427 -0.00755486562 -0.0200017626 0.0177020613 0 0 0
nt@synapse_cleft 1438 -0.0166352532 -0.0214674565 0.000171121717 0 0 0
nt@synapse_cleft 1440 -0.017546479 0.0265886355 0.0163440541 0 0 0
nt@synapse_cleft 1441 -0.0472679944 0.039106635 0.0115503801 0 0 0
nt@synapse_cleft 1442 -0.00641734347 0.0307508743 0.0165223572 0 0 0
nt@synapse_cleft 1444 -0.0277915072 -0.0117120868 0.00285754453 0 0 0
nt@synapse_cleft 1446 -0.0176982494 -0.0407756041 0.00149014092 0 0 0
nt@synapse_cleft 1449 -0.035044311 0.0109594228 0.00904929858 0 0 0
nt@synapse_cleft 1452 -0.032553366 -0.0277850068 0.00916436761 0 0 0
nt@synapse_cleft 1454 -0.0145341679 0.0171912789 0.00261192567 0 0 0
nt@synapse_cleft 1455 -0.0230151854 0.000685552612 0.0143786182 0 0 0
nt@synapse_cleft 1470 -0.0633214536 -0.0380060871 0.00460249459 0 0 0
nt@synapse_cleft 1472 -0.0585108817 -0.00455246072 0.00619589511 0 0 0
nt@synapse_cleft 1473 -0.000696916741 -0.0188776873 0.00954346049 0 0 0
nt@synapse_cleft 1479 -0.01335088 0.0509462578 0.0176163407 0 0 0
nt@synapse_cleft 1481 0.0300829133 0.00880990639 0.0103461069 0 0 0
nt@synapse_cleft 1484 -0.0145407575 0.0206327132 0.0168444751 0 0 0
nt@synapse_cleft 1485 -0.00786438531 -0.0102019833 0.0187990875 0 0 0
nt@synapse_cleft 1487 0.00350225097 -0.0383382016 0.0165083786 0 0 0
nt@synapse_cleft 1488 0.0392184975 0.006895955 0.00915125702 0 0 0
nt@synapse_cleft 1494 0.00192558711 -0.00651170784 0.0182094793 0 0 0
nt@synapse_cleft 1496 0.00410170644 0.0347546445 0.0148941242 0 0 0
nt@synapse_cleft 1506 0.0287151375 0.00450981622 0.0165466346 0 0 0
nt@synapse_cleft 1507 0.00334983367 -0.00280168308 0.00175677535 0 0 0
nt@synapse_cleft 1508 0.034559777 -0.000682887151 0.0169192717 0 0 0
nt@synapse_cleft 1512 0.0213328865 -0.0146973641 0.0191867311 0 0 0
nt@synapse_cleft 1519 -0.0160000961 -0.00518718387 0.00906455821 0 0 0
nt@synapse_cleft 1527 -0.00637775316 0.0536571321 0.013817957 0 0 0
nt@synapse_cleft 1528 -0.04120338 0.00180990695 0.0106170475 0 0 0
nt@synapse_cleft 1531 -0.0140699322 0.0120004125 0.00813043179 0 0 0
nt@synapse_cleft 1538 0.0177395997 0.0104511298 0.00898250059 0 0 0
nt@synapse_cleft 1542 -0.0117357818 0.0249933038 0.00540849746 0 0 0
nt@synapse_cleft 1545 -0.00397209537 0.00223689666 0.00633681035 0 0 0
nt@synapse_cleft 1548 -0.022776219 -0.0226500681 0.00583614517 0 0 0
nt@synapse_cleft 1553 0.0631738551 0.00052068355 0.0109482632 0 0 0
nt@synapse_cleft 1554 0.0200444535 0.0114659239 0.00277528957 0 0 0
nt@synapse_cleft 1561 0.00277789343 -0.0483387461 0.00410435568 0 0 0
nt@synapse_cleft 1565 -0.0130498892 -0.00276498203 0.0189386751 0 0 0
nt@synapse_cleft 1571 -0.0257480498 -0.0201963366 0.0196269825 0 0 0
nt@synapse_cleft 1573 0.0182936549 0.0382297667 0.00809646693 0 0 0
nt@synapse_cleft 1588 0.0110832177 -0.0256681069 0.0178245776 0 0 0
nt@synapse_cleft 1592 0.0143780832 -0.0237331621 0.00020465866 0 0 0
nt@synapse_cleft 1597 0.00391507998 0.0273962336 0.00125335501 0 0 0
nt@synapse_cleft 1600 0.0234242859 -0.0359227711 0.011747127 0 0 0
nt@synapse_cleft 1605 0.0182528765 -0.007387318 0.0194594662 0 0 0
nt@synapse_cleft 1606 -0.0458252739 0.00860695604 0.0160324553 0 0 0
nt@synapse_cleft 1611 -0.00488077987 -0.0192690184 0.0181782422 0 0 0
nt@synapse_cleft 1617 -0.000976303006 -0.035199946 0.01339225 0 0 0
nt@synapse_cleft 1619 0.0186734216 0.00724565942 0.00378812446 0 0 0
nt@synapse_cleft 1628 0.0126993521 0.0434852085 0.0119235726 0 0 0
nt@synapse_cleft 1635 0.0165938256 -0.00971588221 0.00981701358 0 0 0
nt@synapse_cleft 1641 0.0284965297 0.0221868319 0.00954810818 0 0 0
nt@synapse_cleft 1642 0.0127965353 -0.0355366038 0.00201731629 0 0 0
nt@synapse_cleft 1655 0.00011194225 0.0192302201 0.000309045058 0 0 0
nt@synapse_cleft 1658 0.0294997689 0.049610355 0.00177799886 0 0 0
nt@synapse_cleft 1660 0.0192942447 0.0207989826 0.0168799278 0 0 0
nt@synapse_cleft 1675 -0.0277890466 -0.0101081704 0.0095738668 0 0 0
nt@synapse_cleft 1678 0.00252747175 -0.0275940106 0.0155611351 0 0 0
nt@synapse_cleft 1681 -0.0120120761 -0.00686535036 0.0150970409 0 0 0
nt@synapse_cleft 1686 -0.0139980534 0.0133771973 0.0127134442 0 0 0
nt@synapse_cleft 1687 -0.0373162228 -0.0442917338 0.00113285229 0 0 0
nt@synapse_cleft 1689 0.012731451 0.00815021658 0.00598352643 0 0 0
nt@synapse_cleft 1692 -0.0164488814 0.0146761692 0.00940162395 0 0 0
nt@synapse_cleft 1695 0.0194640917 -0.0242711747 0.00107579992 0 0 0
nt@synapse_cleft 1701 0.00773178685 -0.00193648817 0.0116976639 0 0 0
nt@synapse_cleft 1707 -0.0185874699 7.99801643e-05 0.0164707942 0 0 0
nt@synapse_cleft 1708 -0.0297786835 0.0180633716 0.00210116327 0 0 0
nt@synapse_cleft 1715 0.00317548326 0.0107388878 0.00864911814 0 0 0
nt@synapse_cleft 1721 0.0120742564 -0.0490150964 0.0121030548 0 0 0
nt@synapse_cleft 1729 -0.0112479739 -0.0158395109 0.00077749658 0 0 0
nt@synapse_cleft 1736 0.0259735831 -0.000306741594 0.0116706906 0 0 0
nt@synapse_cleft 1741 0.0160922461 -0.0199635886 0.0120176632 0 0 0
nt@synapse_cleft 1742 0.0162091019 -0.0518288856 0.00433554544 0 0 0
nt@synapse_cleft 1743 0.0368655495 0.0340873456 0.0191021079 0 0 0
nt@synapse_cleft 1745 -0.0409649495 0.0197494051 0.0012955243 0 0 0
nt@synapse_cleft 1746 0.0163576501 -0.0297652178 0.00128741808 0 0 0
nt@synapse_cleft 1748 0.0563165816 0.0273106714 0.0115004047 0 0 0
nt@synapse_cleft 1751 0.0415213252 0.00761933849 0.0178520354 0 0 0
nt@synapse_cleft 1759 0.00510597407 -0.0184353956 0.0160990107 0 0 0
nt@synapse_cleft 1761 -0.0187549947 0.0207790483 0.0134286173 0 0 0
nt@synapse_cleft 1762 -0.0246658605 -0.0228456918 0.0180983201 0 0 0
nt@synapse_cleft 1768 0.0142456665 -0.0547580031 0.0104470686 0 0 0
nt@synapse_cleft 1775 -0.0205853852 -0.012002355 0.00530849702 0 0 0
nt@synapse_cleft 1778 0.0493330282 -0.0529070847 0.0185911924 0 0 0
nt@synapse_cleft 1781 -0.0240966328 0.0339294833 0.00358586774 0 0 0
nt@synapse_cleft 1793 0.00500051444 0.0434368092 0.0127527389 0 0 0
nt@synapse_cleft 1795 0.0464507004 -0.0139143443 0.015138815 0 0 0
nt@synapse_cleft 1804 0.00545315337 0.0272857135 0.0156576185 0 0 0
nt@synapse_cleft 1810 -0.0704811575 -0.0416905983 0.0179775447 0 0 0
nt@synapse_cleft 1811 0.00915614831 0.00874176634 0.0111232037 0 0 0
nt@synapse_cleft 1812 -0.00160812493 0.0473588789 0.00876856423 0 0 0
nt@synapse_cleft 1815 -0.0215251692 -0.00486092097 0.00825812019 0 0 0
nt@synapse_cleft 1824 0.0196920006 -0.00222146184 0.000651813605 0 0 0
nt@synapse_cleft 1829 0.045607227 -0.0145180529 0.00142350412 0 0 0
nt@synapse_cleft 1830 -0.0367741239 -0.0148833136 0.0189308594 0 0 0
nt@synapse_cleft 1837 -0.0457726626 -0.0133545584 0.00195787369 0 0 0
nt@synapse_cleft 1838 0.00303691758 -0.0461688604 0.00972799024 0 0 0
nt@synapse_cleft 1843 0.0292981847 0.0182553586 0.0122174898 0 0 0
nt@synapse_cleft 1846 -0.0210169526 0.00460287648 0.00268924584 0 0 0
nt@synapse_cleft 1849 0.0343745915 0.00943349659 0.002864042 0 0 0
nt@synapse_cleft 1853 0.0625640409 -0.0263920059 0.0123241659 0 0 0
nt@synapse_cleft 1854 0.0145673966 0.000215728895 0.012578336 0 0 0
nt@synapse_cleft 1856 0.0167532912 -0.0340535917 0.0115039515 0 0 0
nt@synapse_cleft 1872 0.00525117 -0.00380044582 0.00607797047 0 0 0
nt@synapse_cleft 1877 0.00614001011 0.0162342968 0.0185510714 0 0 0
nt@synapse_cleft 1880 -0.027337562 -0.0113736925 0.00731776713 0 0 0
nt@synapse_cleft 1883 0.0250850809 0.01755713 0.00421479624 0 0 0
nt@synapse_cleft 1885 -0.0103376415 -0.00890124315 0.0155238686 0 0 0
nt@synapse_cleft 1887 -0.00218041837 0.0302898064 0.00409521031 0 0 0
nt@synapse_cleft 1892 -0.00350900893 -0.00741219951 0.0141174125 0 0 0
nt@synapse_cleft 1896 0.014969095 0.00988065231 0.00391869619 0 0 0
nt@synapse_cleft 1900 -0.0174035883 -0.0218554444 0.00117715679 0 0 0
nt@synapse_cleft 1904 -0.0287579023 0.0326145292 0.00110682423 0 0 0
nt@synapse_cleft 1918 -0.0157001181 0.0686250801 0.0150449701 0 0 0
nt@synapse_cleft 1923 -0.0256743551 0.0210430029 0.0163386136 0 0 0
nt@synapse_cleft 1925 0.0224459818 0.0240990647 0.0131270987 0 0 0
nt@synapse_cleft 1926 0.0131164631 -0.012629387 0.0155529881 0 0 0
nt@synapse_cleft 1932 0.0121817417 -0.0215129172 0.0173900722 0 0 0
nt@synapse_cleft 1942 0.0439374161 -0.0304437203 0.00174229587 0 0 0
nt@synapse_cleft 1944 -0.00449297688 0.0289851145 0.00870627881 0 0 0
nt@synapse_cleft 1946 -0.0234304615 -0.0148980838 0.0176123825 0 0 0
nt@synapse_cleft 1953 -0.0207985691 0.00431286274 0.00735270363 0 0 0
nt@synapse_cleft 1961 0.0385796408 0.0171095425 0.00448216875 0 0 0
nt@synapse_cleft 1964 -0.0123712046 0.00806191042 0.0116724331 0 0 0
nt@synapse_cleft 1967 0.00773168403 -0.0417443953 0.0138996491 0 0 0
nt@synapse_cleft 1970 -0.0216470379 -0.0392049951 0.0158322682 0 0 0
nt@synapse_cleft 1973 0.0338934209 0.0261833732 0.0161174207 0 0 0
nt@synapse_cleft 1976 -0.0409462215 -0.0150352147 0.000655368977 0 0 0
nt@synapse_cleft 1980 -0.0206131675 -0.0255845862 0.00174545601 0 0 0
nt@synapse_cleft 1984 -0.0489314275 -0.0405077428 0.00336936136 0 0 0
nt@synapse_cleft 1989 -0.0177502626 0.0159126432 0.0190994901 0 0 0
nt@synapse_cleft 1990 0.0153591289 0.0228286439 0.00566219081 0 0 0
nt@synapse_cleft 1993 -0.000201390336 -0.0268666101 0.0196753123 0 0 0
nt@synapse_cleft 1997 -0.001365329 0.0210043689 0.0167832695 0 0 0
nt@synapse_cleft 2004 -0.0187121393 0.00939695911 0.0133181231 0 0 0
nt@synapse_cleft 2013 -0.00583111005 -0.00791029581 0.0130866961 0 0 0
nt@synapse_cleft 2014 0.0178651135 -0.000282752505 0.0104197379 0 0 0
nt@synapse_cleft 2019 0.0196023981 -0.0208767524 0.0150196123 0 0 0
nt@synapse_cleft 2032 -0.0218097753 0.0147234893 0.00156905906 0 0 0
nt@synapse_cleft 2035 0.0561759856 0.028734418 0.0035216854 0 0 0
nt@synapse_cleft 2036 0.0556498116 -0.042977753 0.00326602194 0 0 0
nt@synapse_cleft 2039 0.0388158759 0.0231795165 0.0104910626 0 0 0
nt@synapse_cleft 2061 0.0181982565 0.0099501856 0.0130168221 0 0 0
nt@synapse_cleft 2064 0.0192448642 0.0207894383 0.0146203876 0 0 0
nt@synapse_cleft 2091 -0.0150819075 0.0390732161 0.00710865002 0 0 0
nt@synapse_cleft 2092 0.00553294237 0.0294853385 0.00394444096 0 0 0
nt@synapse_cleft 2094 -0.0134753992 -0.0022104297 0.0161273441 0 0 0
nt@synapse_cleft 2096 -0.0156071237 -0.00462517388 0.000172577549 0 0 0
nt@synapse_cleft 2104 0.0456489891 -0.0143552269 0.00752598831 0 0 0
nt@synapse_cleft 2112 -0.00973645196 -0.0289837537 0.00264370527 0 0 0
nt@synapse_cleft 2124 -0.0013876988 0.0648229853 0.00196433242 0 0 0
nt@synapse_cleft 2127 0.0299183509 -0.00595217977 0.00551596364 0 0 0
nt@synapse_cleft 2137 -0.0573610842 0.0558002436 0.00567648858 0 0 0
nt@synapse_cleft 2148 0.0383035344 -0.0712762364 0.00468450463 0 0 0
nt@synapse_cleft 2156 0.0442957519 -0.0344884183 0.0113397786 0 0 0
nt@synapse_cleft 2162 -0.00775525439 0.00841741486 0.0169214151 0 0 0
nt@synapse_cleft 2163 0.0122065481 -0.00390240872 0.00680213309 0 0 0
nt@synapse_cleft 2185 -0.0176956611 -0.00784741164 0.0131172941 0 0 0
nt@synapse_cleft 2187 -0.0112264325 0.0101388238 0.00645947965 0 0 0
nt@synapse_cleft 2199 -0.00693465842 -0.0166020248 0.00616173949 0 0 0
nt@synapse_cleft 2204 -0.033410175 0.0232482167 0.00155919578 0 0 0
nt@synapse_cleft 2207 0.0392884934 0.00114782646 0.0113416543 0 0 0
nt@synapse_cleft 2218 0.0180192622 -0.00102235407 0.00269728867 0 0 0
nt@synapse_cleft 2223 -0.0247600265 -0.00235903866 0.0136425649 0 0 0
nt@synapse_cleft 2228 -0.00185237138 0.0203806085 0.0134094808 0 0 0
nt@synapse_cleft 2236 0.00488761027 0.0020932485 0.0108826805 0 0 0
nt@synapse_cleft 2251 -0.0120365028 0.00387653844 0.00900603111 0 0 0
nt@synapse_cleft 2254 -0.00742775707 -0.0222574772 0.0155925119 0 0 0
nt@synapse_cleft 2257 0.0147143388 0.0114111536 0.0199716998 0 0 0
nt@synapse_cleft 2262 -0.0113437193 0.0122443759 0.0156206533 0 0 0
nt@synapse_cleft 2271 -0.0569729379 0.0112079504 0.0145834728 0 0 0
nt@synapse_cleft 2274 -0.0076152828 0.0355132648 0.00104843021 0 0 0
nt@synapse_cleft 2278 0.0204863189 0.0339777836 0.00363433375 0 0 0
nt@synapse_cleft 2279 -0.0228113224 0.0181331748 0.00848476023 0 0 0
nt@synapse_cleft 2283 0.0389305711 -0.0299787956 0.0179883194 0 0 0
nt@synapse_cleft 2284 0.0368613081 -0.00148201617 0.00242151834 0 0 0
nt@synapse_cleft 2285 -0.000798655785 -0.0119922544 0.0106437341 0 0 0
nt@synapse_cleft 2289 0.0084668445 -0.00468462139 0.0101779261 0 0 0
nt@synapse_cleft 2298 -0.044239136 -0.0165741397 0.0149288326 0 0 0
nt@synapse_cleft 2306 -0.00480478734 -0.0511238773 0.00847884145 0 0 0
nt@synapse_cleft 2308 -0.0418072776 0.0219431362 0.0055789825 0 0 0
nt@synapse_cleft 2309 -0.00979064297 0.00587622335 0.0189371007 0 0 0
nt@synapse_cleft 2314 -0.000478192589 -0.0224429954 0.001511324 0 0 0
nt@synapse_cleft 2317 0.0448753708 0.00338698365 0.00170391578 0 0 0
nt@synapse_cleft 2320 0.0195998246 -0.0272348646 0.0013414863 0 0 0
nt@synapse_cleft 2321 0.0494655832 0.0100643036 0.00346370577 0 0 0
nt@synapse_cleft 2327 -0.0367579408 -0.0277094812 0.0133080316 0 0 0
nt@synapse_cleft 2330 -0.0311978591 0.0135688685 0.0156949797 0 0 0
nt@synapse_cleft 2332 -0.0218175123 0.0034833956 0.0145152065 0 0 0
nt@synapse_cleft 2349 0.0527728995 0.0140790006 0.00161425661 0 0 0
nt@synapse_cleft 2367 -0.0343995929 -0.0441243681 0.00808525822 0 0 0
nt@synapse_cleft 2369 -0.025628373 0.00702433238 0.000527439657 0 0 0
nt@synapse_cleft 2383 0.0116546547 -0.0496390521 0.012304219 0 0 0
nt@synapse_cleft 2386 -0.0172745653 -0.00922516663 0.00745799599 0 0 0
nt@synapse_cleft 2389 0.0120681074 -0.0254941024 0.00856463995 0 0 0
nt@synapse_cleft 2397 0.00697828754 -0.0547557097 0.00688253366 0 0 0
nt@synapse_cleft 2400 -0.0253199411 -0.026863192 0.019717588 0 0 0
nt@synapse_cleft 2411 0.0115604428 -0.0410869845 0.00908369537 0 0 0
nt@synapse_cleft 2412 -0.000801869045 0.0102118788 0.0138260806 0 0 0
nt@synapse_cleft 2417 -0.0145880698 0.00182993625 0.0164309744 0 0 0
nt@synapse_cleft 2421 -0.00406808448 0.0256866222 0.0058199409 0 0 0
nt@synapse_cleft 2423 0.0165279137 -0.047271871 0.0137682902 0 0 0
nt@synapse_cleft 2437 0.0442235329 0.0123182513 0.00201763931 0 0 0
nt@synapse_cleft 2438 0.00712528591 -0.0322838667 0.00765676673 0 0 0
nt@synapse_cleft 2448 0.00900254387 0.00310183566 0.0103561114 0 0 0
nt@synapse_cleft 2456 -0.0132939783 -0.0125054733 0.00187136424 0 0 0
nt@synapse_cleft 2459 0.0188815546 0.0438881266 0.00874961406 0 0 0
nt@synapse_cleft 2462 -0.00391391298 0.042832678 0.00488156341 0 0 0
nt@synapse_cleft 2468 -0.0487137303 -0.0284928717 0.0147629871 0 0 0
nt@synapse_cleft 2472 0.0655813277 -0.0477118156 0.00961413855 0 0 0
nt@synapse_cleft 2480 -0.0143656057 -0.0243314299 0.0101848162 0 0 0
nt@synapse_cleft 2481 -0.0126818493 -0.0170354801 0.0123108254 0 0 0
nt@synapse_cleft 2483 0.0299038987 0.0300163655 0.00954349482 0 0 0
nt@synapse_cleft 2491 0.0108298194 0.018049609 0.0123132696 0 0 0
nt@synapse_cleft 2493 0.0288906409 -0.0386571398 0.0079581296 0 0 0
nt@synapse_cleft 2498 0.0153755613 -0.0081916855 0.00293680512 0 0 0
nt@synapse_cleft 2502 0.0215095234 -0.0316806692 0.0176949896 0 0 0
nt@synapse_cleft 2509 -0.00182031572 -0.0176891951 0.0173164303 0 0 0
nt@synapse_cleft 2513 -0.00586332266 0.0158021405 0.012813723 0 0 0
nt@synapse_cleft 2517 -0.00932497357 -0.00701462271 0.015121285 0 0 0
nt@synapse_cleft 2520 0.0099186977 0.0250723265 0.000697298613 0 0 0
nt@synapse_cleft 2528 0.0126384621 0.00392501891 0.0182553758 0 0 0
nt@synapse_cleft 2539 -0.00265730534 0.025829952 0.0141048705 0 0 0
nt@synapse_cleft 2542 0.0221367674 -0.0285664144 0.00971018341 0 0 0
nt@synapse_cleft 2549 -0.010967459 0.0592412652 0.0101248815 0 0 0
nt@synapse_cleft 2550 0.0392644637 0.00241317207 0.0106651054 0 0 0
nt@synapse_cleft 2555 0.0527894092 -0.027652234 0.00888769306 0 0 0
nt@synapse_cleft 2560 -0.0372033395 0.00579771552 0.00257417683 0 0 0
nt@synapse_cleft 2561 0.021903085 0.046334927 0.0075768251 0 0 0
nt@synapse_cleft 2563 -0.0059960774 0.00402772919 0.00680565973 0 0 0
nt@synapse_cleft 2564 -0.00819097433 0.0496004401 0.00259315713 0 0 0
nt@synapse_cleft 2566 -0.00467446476 0.00927465759 0.0119909396 0 0 0
nt@synapse_cleft 2570 0.00330026308 0.000599052794 0.000460475378 0 0 0
nt@synapse_cleft 2571 0.032398058 -0.0551161885 0.00106382169 0 0 0
nt@synapse_cleft 2577 -0.0158626274 0.0307763879 0.0114031079 0 0 0
nt@synapse_cleft 2597 -0.0225095244 -0.00367357239 0.0175954543 0 0 0
nt@synapse_cleft 2603 0.043287204 -0.0225390871 0.0174251642 0 0 0
nt@synapse_cleft 2604 0.0388375298 -0.0123366466 0.0160613025 0 0 0
nt@synapse_cleft 2610 0.0101544594 -0.0397315523 0.00179677051 0 0 0
nt@synapse_cleft 2615 -0.00466730708 -0.0657815132 0.0177061258 0 0 0
nt@synapse_cleft 2617 -0.00174268018 0.0215399896 0.017332414 0 0 0
nt@synapse_cleft 2625 -0.0587813347 -0.0199207984 0.00402182258 0 0 0
nt@synapse_cleft 2628 0.0145329069 -0.0245432276 0.019253756 0 0 0
nt@synapse_cleft 2639 0.00969763903 -0.0109309325 0.00365161723 0 0 0
nt@synapse_cleft 2641 -0.0128932518 -0.00228334209 0.0079213524 0 0 0
nt@synapse_cleft 2645 0.0154829809 0.0218760003 0.000937118334 0 0 0
nt@synapse_cleft 2652 -0.0086321846 0.0116044879 0.00804932782 0 0 0
nt@synapse_cleft 2660 -0.0197937672 -0.0194172253 0.00635982341 0 0 0
nt@synapse_cleft 2670 -0.0157553298 -0.0167976667 0.0108860853 0 0 0
nt@synapse_cleft 2680 -0.0583368804 -0.037864214 0.00520602453 0 0 0
nt@synapse_cleft 2681 -0.0404538167 -0.0349397809 0.0180564146 0 0 0
nt@synapse_cleft 2688 -0.0522181546 0.0633483724 0.00395986679 0 0 0
nt@synapse_cleft 2702 -0.00879547745 -0.00474858869 0.00213161732 0 0 0
nt@synapse_cleft 2708 -0.0435142334 0.0162199431 0.00835230675 0 0 0
nt@synapse_cleft 2709 0.0117457864 -0.00287384552 0.0124596302 0 0 0
nt@synapse_cleft 2713 -0.00376759661 -0.0220976906 0.00563479609 0 0 0
nt@synapse_cleft 2720 0.00621704525 0.0170740596 0.0190656093 0 0 0
nt@synapse_cleft 2724 0.00642358935 -0.00690207975 0.00540498234 0 0 0
nt@synapse_cleft 2729 0.0127737002 -0.0320447525 0.0142038013 0 0 0
nt@synapse_cleft 2734 0.034562471 0.00663965456 0.0199245253 0 0 0
nt@synapse_cleft 2743 -0.00372439293 -0.0331746623 0.0170421058 0 0 0
nt@synapse_cleft 2750 0.0238730851 -0.0488328502 0.0124410116 0 0 0
nt@synapse_cleft 2752 -0.0245207285 -0.024827892 0.014407459 0 0 0
nt@synapse_cleft 2756 0.0436286922 -0.0287425245 0.0058936739 0 0 0
nt@synapse_cleft 2766 -0.0321161567 0.0409464939 0.0169348911 0 0 0
nt@synapse_cleft 2775 0.0334332627 -0.020513229 0.0110895574 0 0 0
nt@synapse_cleft 2785 0.00456436991 0.0365808237 0.012027883 0 0 0
nt@synapse_cleft 2798 -0.0215954103 0.0164090148 0.0168740673 0 0 0
nt@synapse_cleft 2807 -0.0237294058 0.0156582459 0.00943271738 0 0 0
nt@synapse_cleft 2808 0.0175669894 0.0651676898 0.0152738161 0 0 0
nt@synapse_cleft 2815 -0.0125278978 0.013683892 0.0132427202 0 0 0
nt@synapse_cleft 2820 0.0167617715 -0.00433289755 0.0164449582 0 0 0
nt@synapse_cleft 2828 0.0193298982 -0.0541777673 0.0155582187 0 0 0
nt@synapse_cleft 2837 -0.00754187722 0.0198221978 0.013981607 0 0 0
nt@synapse_cleft 2857 0.0234564726 -0.0221488963 0.0158697301 0 0 0
nt@synapse_cleft 2861 -0.0143583281 0.0112435779 0.000747401706 0 0 0
nt@synapse_cleft 2863 -0.033930962 -0.000796111807 0.00457740975 0 0 0
nt@synapse_cleft 2871 0.0123912223 -0.0454808815 0.0177672032 0 0 0
nt@synapse_cleft 2875 0.0111912154 0.00441978034 0.00324131795 0 0 0
nt@synapse_cleft 2876 -0.00828548733 -0.00175679511 0.0112419841 0 0 0
nt@synapse_cleft 2880 0.0258639576 0.00522961801 0.00580078674 0 0 0
nt@synapse_cleft 2884 0.0343073388 0.0205220209 0.0131606781 0 0 0
nt@synapse_cleft 2894 0.00351701748 0.00570084524 0.00860947325 0 0 0
nt@synapse_cleft 2895 0.06656386 -0.0122220879 0.0103076855 0 0 0
nt@synapse_cleft 2897 0.00591514024 -0.0372527062 0.0199416989 0 0 0
nt@synapse_cleft 2905 0.00281952708 0.00910586964 0.00491080085 0 0 0
nt@synapse_cleft 2909 0.0417818525 -0.012708317 0.0142109381 0 0 0
nt@synapse_cleft 2910 -0.0600527455 0.0175403035 0.0177395051 0 0 0
nt@synapse_cleft 2912 -0.00649696868 -0.0186798494 0.00469639082 0 0 0
nt@synapse_cleft 2915 0.0365573432 -0.0512610172 0.016215994 0 0 0
nt@synapse_cleft 2920 0.00525825287 -0.000598608141 0.0194991633 0 0 0
nt@synapse_cleft 2921 0.00608970306 0.0584390476 0.00345873521 0 0 0
nt@synapse_cleft 2925 -0.00629871975 0.0395134354 0.014441619 0 0 0
nt@synapse_cleft 2933 -0.0070289969 -0.012599139 0.0012505886 0 0 0
nt@synapse_cleft 2935 -0.0394779992 0.00849448171 0.0170168087 0 0 0
nt@synapse_cleft 2940 -0.00638725021 -0.0196829317 0.00326895132 0 0 0
nt@synapse_cleft 2945 -0.0346582503 -0.00832368397 0.00725113399 0 0 0
nt@synapse_cleft 2961 0.0672948491 -0.0456104664 0.00459927073 0 0 0
nt@synapse_cleft 2962 0.0108973487 0.00670708773 0.0098476924 0 0 0
nt@synapse_cleft 2967 0.0020044053 -0.0440405965 0.00558318731 0 0 0
nt@synapse_cleft 2983 0.0143366995 -0.0371604192 0.0177132327 0 0 0
nt@synapse_cleft 2993 -0.00899796203 0.0459803622 0.00681549826 0 0 0
nt@synapse_cleft 3006 0.0252019476 0.0426990825 0.00181291616 0 0 0
nt@synapse_cleft 3008 0.029313469 0.0496342716 0.01861106 0 0 0
nt@synapse_cleft 3012 0.0259863135 -0.00338543655 0.00444935621 0 0 0
nt@synapse_cleft 3019 -0.0113827283 0.00460664124 0.0060121911 0 0 0
nt@synapse_cleft 3020 -0.00859106936 -0.0240620466 0.00257182988 0 0 0
nt@synapse_cleft 3024 0.0283830044 0.0126677255 0.0168471429 0 0 0
nt@synapse_cleft 3026 -0.0191162174 0.0165187241 0.00317299703 0 0 0
nt@synapse_cleft 3042 -0.00768392606 0.0147698403 0.0162587949 0 0 0
nt@synapse_cleft 3047 0.0298753566 0.0541926111 0.0130522727 0 0 0
nt@synapse_cleft 3057 0.0360715803 -0.00636643025 0.0156602583 0 0 0
nt@synapse_cleft 3061 -0.00977137329 0.0279567314 0.00548544383 0 0 0
nt@synapse_cleft 3062 0.00529533305 -0.0193307639 0.00625578624 0 0 0
nt@synapse_cleft 3069 0.0584599251 -0.0339301052 0.0168249294 0 0 0
nt@synapse_cleft 3073 0.00959680667 0.0332130129 0.0103037035 0 0 0
nt@synapse_cleft 3082 0.0181079419 0.0230037761 0.0166863738 0 0 0
nt@synapse_cleft 3089 -0.0086521917 -0.0133329918 0.00100347304 0 0 0
nt@synapse_cleft 3096 -0.00908560062 0.030822302 0.00443295456 0 0 0
nt@synapse_cleft 3097 0.0503993625 0.0133019343 0.0134243711 0 0 0
nt@synapse_cleft 3099 -0.0251518518 0.0049853524 0.00639237698 0 0 0
nt@synapse_cleft 3111 -0.00701241565 -0.0150796456 0.000281431952 0 0 0
nt@synapse_cleft 3114 0.0310236583 0.0409302447 0.00528770423 0 0 0
nt@synapse_cleft 3132 -0.017360754 0.00112619841 0.00819977321 0 0 0
nt@synapse_cleft 3134 0.0119511185 0.0382451504 0.0194765048 0 0 0
nt@synapse_cleft 3150 0.0397872538 -0.0739154343 0.00356411722 0 0 0
nt@synapse_cleft 3155 -0.0144774628 0.00901329456 0.0142938267 0 0 0
nt@synapse_cleft 3158 -0.0055123295 -0.0082889412 0.0178583942 0 0 0
nt@synapse_cleft 3159 -0.0156248145 0.0142285988 0.01734488 0 0 0
nt@synapse_cleft 3177 0.0336455666 -0.0351428457 0.00358353915 0 0 0
nt@synapse_cleft 3178 -0.0212119906 -0.0145568903 0.00631882013 0 0 0
nt@synapse_cleft 3179 0.0232796773 -0.00872000669 0.0198183871 0 0 0
nt@synapse_cleft 3181 0.0130113876 -0.00863020271 0.0172251469 0 0 0
nt@synapse_cleft 3183 0.00642358156 -0.0280007812 0.016757819 0 0 0
nt@synapse_cleft 3184 0.0191639192 0.0218579619 0.00282062741 0 0 0
nt@synapse_cleft 3185 -0.00306825579 -0.00117446491 0.0102185962 0 0 0
nt@synapse_cleft 3199 0.00439930186 0.0276280181 0.0196128003 0 0 0
nt@synapse_cleft 3202 0.00996295359 0.0391896051 0.0168886084 0 0 0
nt@synapse_cleft 3207 -0.00940516993 -0.00418462051 0.00720614758 0 0 0
nt@synapse_cleft 3220 0.00698210602 0.0251178767 0.0157757229 0 0 0
nt@synapse_cleft 3222 -0.0542318612 -0.0251840005 0.00365757789 0 0 0
nt@synapse_cleft 3227 0.0156288385 0.0116801168 0.00823448268 0 0 0
nt@synapse_cleft 3247 0.0100260955 -0.002530563 0.0128707095 0 0 0
nt@synapse_cleft 3249 -0.0188989707 -0.00894226704 0.0119618457 0 0 0
nt@synapse_cleft 3275 0.0109305484 -0.0114847837 0.00618684105 0 0 0
nt@synapse_cleft 3304 0.0250959546 0.0660505317 0.0102463149 0 0 0
nt@synapse_cleft 3308 -0.0286792744 0.0481302171 0.00963686542 0 0 0
nt@synapse_cleft 3312 7.91845226e-05 -0.0170305084 0.0127084292 0 0 0
nt@synapse_cleft 3313 -0.00912576676 -0.00734447594 0.00493678587 0 0 0
nt@synapse_cleft 3326 0.0131597063 -0.0061503563 0.00277143949 0 0 0
nt@synapse_cleft 3327 -0.0187936939 -0.053304319 0.0174869374 0 0 0
nt@synapse_cleft 3334 0.00926008547 0.00973817561 0.00214852641 0 0 0
nt@synapse_cleft 3335 0.0481485907 0.00725526575 0.00653011203 0 0 0
nt@synapse_cleft 3338 -0.000380940714 -0.0447576059 0.00860485378 0 0 0
nt@synapse_cleft 3341 0.0180756503 -0.0052576611 0.000282092062 0 0 0
nt@synapse_cleft 3342 0.0100683656 -0.0109217553 0.0107596376 0 0 0
nt@synapse_cleft 3347 0.0275832008 -0.041655681 0.00849098286 0 0 0
nt@synapse_cleft 3367 0.0117271458 0.0101879277 2.07133816e-05 0 0 0
nt@synapse_cleft 3375 0.0550567134 0.0327678645 0.014810158 0 0 0
nt@synapse_cleft 3378 0.0176303207 0.0300437902 0.00560611597 0 0 0
nt@synapse_cleft 3394 0.00415837772 -0.0244722326 0.000907491095 0 0 0
nt@synapse_cleft 3401 0.0491040172 -0.00334858345 0.00785312828 0 0 0
nt@synapse_cleft 3402 -0.00891458669 -0.011321558 0.00177528378 0 0 0
nt@synapse_cleft 3404 0.0215592848 -0.0258644348 0.00486006836 0 0 0
nt@synapse_cleft 3407 0.0059842007 0.0641856133 0.0121246953 0 0 0
nt@synapse_cleft 3413 0.0241504325 0.0223639789 0.0118347625 0 0 0
nt@synapse_cleft 3419 -0.0259634431 0.0217716709 0.00447148848 0 0 0
nt@synapse_cleft 3429 0.0534726561 -0.00952472788 0.0142223515 0 0 0
nt@synapse_cleft 3432 0.0517046336 -0.0635548664 0.00130998685 0 0 0
nt@synapse_cleft 3445 0.0324567236 0.0228404463 0.0136380776 0 0 0
nt@synapse_cleft 3451 0.00972491366 0.0178693548 0.0100020501 0 0 0
nt@synapse_cleft 3455 -0.00441621365 -0.0205644205 0.0163923785 0 0 0
nt@synapse_cleft 3467 -0.0720037795 0.00264589068 0.00987686349 0 0 0
nt@synapse_cleft 3472 -0.0225997462 0.0314702605 0.0179651317 0 0 0
nt@synapse_cleft 3474 0.0459049712 -0.00177956991 0.00807131552 0 0 0
nt@synapse_cleft 3482 -0.0728000027 -0.0375837095 0.0193862591 0 0 0
nt@synapse_cleft 3484 -0.00421840291 0.0211050134 0.0156349414 0 0 0
nt@synapse_cleft 3496 0.0151295632 -0.00254771921 0.015467282 0 0 0
nt@synapse_cleft 3500 0.0170250393 -0.0337002032 0.0152142525 0 0 0
nt@synapse_cleft 3507 -0.0241240483 -0.0062318061 0.0172786222 0 0 0
nt@synapse_cleft 3511 0.0145752921 -0.0304862604 0.0123780492 0 0 0
nt@synapse_cleft 3514 0.00429101459 0.00473582838 0.0123062115 0 0 0
nt@synapse_cleft 3526 0.0158720762 -0.047511353 0.010562219 0 0 0
nt@synapse_cleft 3535 0.0107091621 0.0121531714 0.0019937646 0 0 0
nt@synapse_cleft 3536 0.0144282183 0.00451552325 0.0144177513 0 0 0
nt@synapse_cleft 3538 -0.027789711 0.0124431743 0.00126070413 0 0 0
nt@synapse_cleft 3542 -0.000956997707 0.032239187 5.68689337e-05 0 0 0
nt@synapse_cleft 3543 -0.0315981787 -0.0130055029 0.00245714934 0 0 0
nt@synapse_cleft 3546 0.0143425001 0.0219859252 0.0041023858 0 0 0
nt@synapse_cleft 3561 -0.0215200053 -0.00803690606 0.00807176649 0 0 0
nt@synapse_cleft 3562 -0.0637872809 -0.0107051286 0.0137772002 0 0 0
nt@synapse_cleft 3563 0.0108060245 -0.00876411893 0.0188656494 0 0 0
nt@synapse_cleft 3565 0.0292125161 -0.0288085141 0.0117157727 0 0 0
nt@synapse_cleft 3566 -0.011585685 0.0620193505 0.0196055876 0 0 0
nt@synapse_cleft 3568 0.02177485 -0.0401857635 0.0184980149 0 0 0
nt@synapse_cleft 3575 -0.0118660476 0.00557484 0.00161108908 0 0 0
nt@synapse_cleft 3576 0.0526606148 0.00635072999 0.0089761435 0 0 0
nt@synapse_cleft 3592 0.022048138 0.042578633 0.0166910748 0 0 0
nt@synapse_cleft 3602 -0.0314209478 -0.00704985035 0.0194437587 0 0 0
nt@synapse_cleft 3603 -0.025649322 0.0223730715 0.0185374464 0 0 0
nt@synapse_cleft 3606 -0.00488469223 0.00471672213 0.00731391261 0 0 0
nt@synapse_cleft 3610 0.000925182676 0.00237116658 0.0111107329 0 0 0
nt@synapse_cleft 3611 0.00794699164 0.00219818829 0.0186296875 0 0 0
nt@synapse_cleft 3616 -0.0355914497 0.0260079169 0.0132937528 0 0 0
nt@synapse_cleft 3617 -0.00252430085 -0.0674633777 0.0139863684 0 0 0
nt@synapse_cleft 3620 0.00212278361 0.0275531956 0.0124928953 0 0 0
nt@synapse_cleft 3625 0.0330824568 0.00715764858 0.0140753582 0 0 0
nt@synapse_cleft 3630 0.0252684006 0.0365263321 0.0167621454 0 0 0
nt@synapse_cleft 3635 -0.00431195513 0.0141434055 0.00366324748 0 0 0
nt@synapse_cleft 3636 -0.0032151999 0.00140863757 0.014039539 0 0 0
nt@synapse_cleft 3645 -0.00849331014 -0.0198607863 0.00204792751 0 0 0
nt@synapse_cleft 3658 0.0189153585 -0.0254624814 0.0190239497 0 0 0
nt@synapse_cleft 3661 0.0270882406 0.0150493517 0.0190638926 0 0 0
nt@synapse_cleft 3664 0.0485297236 -0.0441667731 0.00383129456 0 0 0
nt@synapse_cleft 3667 -0.0287154518 -0.0064384421 0.0115522248 0 0 0
nt@synapse_cleft 3681 0.0353629147 -0.0220544454 0.00441300747 0 0 0
nt@synapse_cleft 3689 -0.0128413958 -0.026606158 0.00980641397 0 0 0
nt@synapse_cleft 3690 0.0365611797 -0.0126745801 0.0170648775 0 0 0
nt@synapse_cleft 3693 -0.053288453 -0.0327061314 0.00585022535 0 0 0
nt@synapse_cleft 3706 0.0397861727 -0.0155182185 0.0193432405 0 0 0
nt@synapse_cleft 3707 -0.0577237277 -0.0144866172 0.00562611392 0 0 0
nt@synapse_cleft 3714 -0.0436561571 -0.0125627769 0.0154271335 0 0 0
nt@synapse_cleft 3730 0.0172888458 0.0163195663 0.00212222826 0 0 0
nt@synapse_cleft 3731 0.00119595979 0.00529478494 0.00140135448 0 0 0
nt@synapse_cleft 3737 0.00983917628 0.0185368395 0.00231387232 0 0 0
nt@synapse_cleft 3738 -0.00819501584 0.022609691 0.0188259984 0 0 0
nt@synapse_cleft 3739 0.0251005254 0.0537366361 0.00245773281 0 0 0
nt@synapse_cleft 3745 0.00795611433 0.0292931229 0.0196149195 0 0 0
nt@synapse_cleft 3751 0.00297591696 0.00360159257 0.0113473957 0 0 0
nt@synapse_cleft 3758 -0.0135843821 -0.0403540179 0.00807097695 0 0 0
nt@synapse_cleft 3759 -0.0159585238 -0.0196607772 0.00612657972 0 0 0
nt@synapse_cleft 3763 0.0381876988 0.039590355 0.0132253419 0 0 0
nt@synapse_cleft 3768 0.0174347704 -0.0165917154 0.0185905061 0 0 0
nt@synapse_cleft 3771 0.0190148826 -0.0251701766 0.0160269559 0 0 0
nt@synapse_cleft 3775 0.00589856828 0.0110732385 0.0146832539 0 0 0
nt@synapse_cleft 3783 -0.0233599383 -0.0233345145 0.000377079028 0 0 0
nt@synapse_cleft 3788 -0.00966299317 -0.0152818413 0.0109918891 0 0 0
nt@synapse_cleft 3793 -0.0189215888 -0.0119769455 0.00500087446 0 0 0
nt@synapse_cleft 3800 0.0118392067 -0.00480437212 0.00715504514 0 0 0
nt@synapse_cleft 3802 0.0192365609 0.0183803883 0.0115025151 0 0 0
nt@synapse_cleft 3811 -0.0188633269 -0.0198549953 0.000686053341 0 0 0
nt@synapse_cleft 3827 -0.000865873274 0.045041831 0.00954296991 0 0 0
nt@synapse_cleft 3831 0.00710651907 -0.0448276103 0.0144293211 0 0 0
nt@synapse_cleft 3834 0.0444344936 -0.025473479 0.0121269982 0 0 0
nt@synapse_cleft 3835 0.00227937495 -0.0443567905 0.0050056743 0 0 0
nt@synapse_cleft 3841 0.028448143 -0.019334041 0.0045423368 0 0 0
nt@synapse_cleft 3844 0.00542001058 0.0056058623 0.00974289979 0 0 0
nt@synapse_cleft 3846 -0.0210567381 0.00944316224 0.0162905139 0 0 0
nt@synapse_cleft 3848 0.0333095025 0.0311276092 0.0188854744 0 0 0
nt@synapse_cleft 3850 -0.0238542717 -0.00210648403 0.00714020999 0 0 0
nt@synapse_cleft 3859 0.0466743021 -0.00816220961 0.00297580204 0 0 0
nt@synapse_cleft 3879 0.0299519392 -0.0572632773 0.0139194802 0 0 0
nt@synapse_cleft 3886 0.0385845506 0.0382548022 0.00333074946 0 0 0
nt@synapse_cleft 3891 0.00666080876 -0.0248317038 0.00451786192 0 0 0
nt@synapse_cleft 3902 -0.0341755992 0.00643989046 0.0145249263 0 0 0
nt@synapse_cleft 3907 -0.0266896343 -0.0289561477 0.0138094363 0 0 0
nt@synapse_cleft 3909 0.0208987866 0.0371147678 0.00552444808 0 0 0
nt@synapse_cleft 3917 -0.00719727274 -0.0306804581 0.00412095245 0 0 0
nt@synapse_cleft 3918 -0.00680716176 -0.011103628 0.0122220315 0 0 0
nt@synapse_cleft 3921 0.0294538872 0.0551121275 0.012276562 0 0 0
nt@synapse_cleft 3927 -0.00930664141 0.0422308407 0.00720229568 0 0 0
nt@synapse_cleft 3932 0.0230671257 -0.016569666 0.0157726872 0 0 0
nt@synapse_cleft 3941 -0.0241762119 0.00512331507 0.00124604325 0 0 0
nt@synapse_cleft 3952 -0.0311211913 0.0177225995 0.0132093869 0 0 0
nt@synapse_cleft 3953 0.0247094904 -0.0276542058 0.00459763205 0 0 0
nt@synapse_cleft 3957 0.0333094578 -0.0152403759 0.0133460455 0 0 0
nt@synapse_cleft 3958 0.0134241297 0.0144487202 0.010260084 0 0 0
nt@synapse_cleft 3962 -0.032204462 -0.00778677881 0.00427405262 0 0 0
nt@synapse_cleft 3963 0.0291034395 0.0265614673 0.0141663724 0 0 0
nt@synapse_cleft 3965 -0.036060123 -0.0041230475 0.0122098639 0 0 0
nt@synapse_cleft 3967 0.0170128548 -0.0165419873 0.00831596563 0 0 0
nt@synapse_cleft 3968 0.0209966543 -0.0103694784 0.00111352062 0 0 0
nt@synapse_cleft 3973 0.00677777525 -0.0170517077 0.0113418553 0 0 0
nt@synapse_cleft 3974 -0.0272406851 0.0564707196 0.00981548755 0 0 0
nt@synapse_cleft 3978 0.0171559653 0.00895989082 0.015321122 0 0 0
nt@synapse_cleft 3983 -0.0314630219 -0.0271514236 0.00420071078 0 0 0
nt@synapse_cleft 3988 -0.0032410518 -0.0376779873 0.0104738227 0 0 0
nt@synapse_cleft 3991 0.0815722707 -0.0195467967 0.00602325974 0 0 0
nt@synapse_cleft 3993 -0.0498048132 0.00135323605 0.0124572553 0 0 0
nt@synapse_cleft 3997 -0.0505126413 -0.00686516127 0.0165755845 0 0 0
nt@synapse_cleft 3999 -0.0468679126 -0.0144582767 0.012101368 0 0 0
nt@synapse_cleft 4011 0.0152065817 0.0249104326 0.00743567889 0 0 0
nt@synapse_cleft 4018 0.0172148988 0.0166837793 0.0177353533 0 0 0
nt@synapse_cleft 4027 0.010465627 -0.0211939683 0.00310036594 0 0 0
nt@synapse_cleft 4028 -0.0263528567 0.0302047587 0.018109952 0 0 0
nt@synapse_cleft 4037 -0.0138686153 0.0319819976 0.0153147708 0 0 0
nt@synapse_cleft 4040 0.00850774731 0.0164704557 0.0164447411 0 0 0
nt@synapse_cleft 4049 0.0262028869 0.0050284781 0.0193145905 0 0 0
nt@synapse_cleft 4051 0.0141189986 0.00951047745 0.00932801345 0 0 0
nt@synapse_cleft 4064 0.00612731852 0.0111209356 0.00715914052 0 0 0
nt@synapse_cleft 4070 -0.0164785464 0.000866780963 0.0191325559 0 0 0
nt@synapse_cleft 4071 -0.0158008722 -0.0460183868 0.0197583819 0 0 0
nt@synapse_cleft 4087 -0.0206193378 0.0214084135 0.00820399367 0 0 0
nt@synapse_cleft 4094 0.0296562953 -0.0264121258 0.00896578768 0 0 0
nt@synapse_cleft 4095 0.0358665395 -0.0177479173 0.0166426924 0 0 0
nt@synapse_cleft 4103 -0.014450445 -0.0012503677 0.0154182199 0 0 0
nt@synapse_cleft 4106 0.0229374143 0.0151349239 0.015793064 0 0 0
nt@synapse_cleft 4111 0.0589540986 0.0212470639 0.0115886199 0 0 0
nt@synapse_cleft 4115 -0.00271660806 0.00792443143 0.0139922367 0 0 0
nt@synapse_cleft 4119 0.0141805216 -0.0262774562 0.0152804044 0 0 0
nt@synapse_cleft 4123 -0.00937557157 0.0182820511 0.0156172301 0 0 0
nt@synapse_cleft 4126 0.0281100821 -0.0256153382 0.00444034057 0 0 0
nt@synapse_cleft 4129 -0.0213981523 0.00813928379 0.0064472037 0 0 0
nt@synapse_cleft 4131 -0.0151256926 0.0296863342 0.0197437019 0 0 0
nt@synapse_cleft 4132 0.0314844019 0.0285139468 0.0148202327 0 0 0
nt@synapse_cleft 4135 0.00983972611 -0.00189486944 0.00548243453 0 0 0
nt@synapse_cleft 4144 0.0337187006 0.0016634786 0.00262314738 0 0 0
nt@synapse_cleft 4150 -0.0502499752 -0.0495094129 0.00736735482 0 0 0
nt@synapse_cleft 4155 0.0143094937 -0.0600217284 0.00629681706 0 0 0
nt@synapse_cleft 4156 0.0406989483 -0.00617778318 0.00375135697 0 0 0
nt@synapse_cleft 4162 0.0469001708 -0.0186686337 0.00850691498 0 0 0
nt@synapse_cleft 4163 -0.00186409062 0.0503886929 0.00627655479 0 0 0
nt@synapse_cleft 4170 -0.0409922617 0.00801569228 0.0134936779 0 0 0
nt@synapse_cleft 4177 -0.0629483395 0.0709052718 0.00598822484 0 0 0
nt@synapse_cleft 4187 -0.0270736761 -0.0256496952 0.010166147 0 0 0
nt@synapse_cleft 4193 -0.000484947965 -0.0402811398 0.00327569931 0 0 0
nt@synapse_cleft 4214 -0.0447150788 -0.0122374106 0.0186873607 0 0 0
nt@synapse_cleft 4215 0.0221725013 -0.0589773481 0.0133611867 0 0 0
nt@synapse_cleft 4220 -0.0107635868 -0.0169023917 0.00714502666 0 0 0
nt@synapse_cleft 4228 0.0295365841 -0.00808123243 0.0168416778 0 0 0
nt@synapse_cleft 4230 -0.0283306133 0.046563033 0.0016018796 0 0 0
nt@synapse_cleft 4233 0.0246577236 0.0248933325 0.00839384142 0 0 0
nt@synapse_cleft 4237 0.0105462532 -0.0185742761 0.0176087496 0 0 0
nt@synapse_cleft 4242 0.0257268208 -0.0331717945 0.00830554601 0 0 0
nt@synapse_cleft 4252 0.0406663884 0.00169450612 0.0180620062 0 0 0
nt@synapse_cleft 4254 -0.0162033919 0.037392102 0.010332946 0 0 0
nt@synapse_cleft 4255 -0.0275876067 -0.0284436963 0.0188761988 0 0 0
nt@synapse_cleft 4279 0.0109678573 -0.0461241144 0.0166252667 0 0 0
nt@synapse_cleft 4283 -0.0222331739 0.00669697259 0.0081632056 0 0 0
nt@synapse_cleft 4284 0.0653430285 -0.0301552721 0.0176000572 0 0 0
nt@synapse_cleft 4285 -0.0388257649 0.055607732 0.00461014537 0 0 0
nt@synapse_cleft 4288 0.0204944542 -0.0175551313 0.0135578594 0 0 0
nt@synapse_cleft 4293 -0.0153359398 -0.0108003706 0.00480857599 0 0 0
nt@synapse_cleft 4297 0.0347115957 -0.0251954767 0.00361538547 0 0 0
nt@synapse_cleft 4301 0.0238059712 -0.00196229279 0.0136661204 0 0 0
nt@synapse_cleft 4312 -0.018579089 -0.0253558322 0.000247033614 0 0 0
nt@synapse_cleft 4317 -0.0171485467 0.0395969791 0.00645040051 0 0 0
nt@synapse_cleft 4326 0.0278107534 -0.0122492105 0.019669515 0 0 0
nt@synapse_cleft 4330 -0.024824081 0.00787311135 0.0152145258 0 0 0
nt@synapse_cleft 4334 0.0122831639 0.0145376543 0.00582689763 0 0 0
nt@synapse_cleft 4339 -0.00264033569 -0.0204208518 0.0126937978 0 0 0
nt@synapse_cleft 4343 -0.0279611869 -0.049738592 0.00205772478 0 0 0
nt@synapse_cleft 4346 0.0110678534 0.00309031879 0.0186534973 0 0 0
nt@synapse_cleft 4351 0.0361049515 0.0254607011 0.00943345335 0 0 0
nt@synapse_cleft 4360 0.0244280219 0.00781577165 0.00998429607 0 0 0
nt@synapse_cleft 4365 0.00781187276 0.0301801796 0.00710432745 0 0 0
nt@synapse_cleft 4374 -0.0111958472 -0.0167669774 0.0127597601 0 0 0
nt@synapse_cleft 4376 -0.0203105426 -0.0100630787 0.00121633237 0 0 0
nt@synapse_cleft 4381 -0.0204044022 -0.031134359 0.0131454904 0 0 0
nt@synapse_cleft 4386 -0.0109110623 -0.00950276204 0.00173221597 0 0 0
nt@synapse_cleft 4392 -0.00282420397 0.0103382465 0.0194760762 0 0 0
nt@synapse_cleft 4395 0.0168713114 -0.0329225957 0.0139729983 0 0 0
nt@synapse_cleft 4396 0.00337613609 -0.0601834672 0.000336925826 0 0 0
nt@synapse_cleft 4398 -0.0101608562 0.0231969956 0.0193416725 0 0 0
nt@synapse_cleft 4399 0.0198463568 0.0504463431 0.00364581974 0 0 0
nt@synapse_cleft 4403 -0.0140112014 -0.0161822576 0.0142164637 0 0 0
nt@synapse_cleft 4405 -0.0246633631 -0.0254136303 0.0134067931 0 0 0
nt@synapse_cleft 4414 -0.00523153777 -0.0317330038 0.0120985723 0 0 0
nt@synapse_cleft 4416 -0.0149586055 -0.000741117441 0.00892909155 0 0 0
nt@synapse_cleft 4423 0.0153062008 -0.00654478737 0.0101037601 0 0 0
nt@synapse_cleft 4424 -0.0340204828 -0.00890882528 0.00442002681 0 0 0
nt@synapse_cleft 4430 -0.00212077242 0.00303243064 0.00668356258 0 0 0
nt@synapse_cleft 4431 0.0191336624 -0.030137715 0.00466123011 0 0 0
nt@synapse_cleft 4434 0.0245315178 -0.00576345133 0.00770930421 0 0 0
nt@synapse_cleft 4436 0.00867052266 0.0315849781 0.0187040937 0 0 0
nt@synapse_cleft 4446 -0.0149537524 0.0324430783 0.0131351461 0 0 0
nt@synapse_cleft 4449 0.0178033697 0.0625824294 0.0174456697 0 0 0
nt@synapse_cleft 4464 0.0120348378 -0.0143019998 0.0138069392 0 0 0
nt@synapse_cleft 4470 -0.0169045891 -0.0436935087 0.0126316938 0 0 0
nt@synapse_cleft 4473 -0.00978780279 -0.000789881881 0.00164283551 0 0 0
nt@synapse_cleft 4478 -0.0190663492 0.0282799377 0.00857194048 0 0 0
nt@synapse_cleft 4480 0.0170131216 0.0471878762 0.0162672039 0 0 0
nt@synapse_cleft 4482 -0.0257526145 -0.0196668437 0.00482488684 0 0 0
nt@synapse_cleft 4485 0.0105192155 0.00101926355 0.0108846997 0 0 0
nt@synapse_cleft 4488 0.00836297345 0.000575855349 0.0128782857 0 0 0
nt@synapse_cleft 4489 0.000676519766 -0.00903529158 0.00334838514 0 0 0
nt@synapse_cleft 4496 -0.0434410702 0.0437286388 0.00160874204 0 0 0
nt@synapse_cleft 4499 -0.00451540742 0.0170999135 0.010337918 0 0 0
nt@synapse_cleft 4501 0.0111927415 0.0137976039 0.018614897 0 0 0
nt@synapse_cleft 4517 -0.0373078825 0.0145161544 0.00375802425 0 0 0
nt@synapse_cleft 4527 0.0134684699 -0.0056356459 0.0167912108 0 0 0
nt@synapse_cleft 4538 -0.0408427551 -0.0489257475 0.000347333834 0 0 0
nt@synapse_cleft 4542 0.000502804938 0.0368793597 0.00133979242 0 0 0
nt@synapse_cleft 4545 -0.0326068643 0.0279330075 0.0151322839 0 0 0
nt@synapse_cleft 4551 -0.0140732118 0.03583318 0.0128093859 0 0 0
nt@synapse_cleft 4553 -0.0312372037 -0.00708255734 0.0188688775 0 0 0
nt@synapse_cleft 4559 -0.0296974483 0.0331983419 0.0155121444 0 0 0
nt@synapse_cleft 4565 -0.0559168 -0.0123001427 0.00546930938 0 0 0
nt@synapse_cleft 4572 0.00816257033 -0.0103934871 0.00790861957 0 0 0
nt@synapse_cleft 4574 0.0368684201 -0.028975 0.00735000495 0 0 0
nt@synapse_cleft 4576 -0.0367899544 -0.0408639006 0.0067722383 0 0 0
nt@synapse_cleft 4583 -0.00432534141 -0.00181437442 0.00127422015 0 0 0
nt@synapse_cleft 4587 0.0263268999 0.0167389134 0.0193486389 0 0 0
nt@synapse_cleft 4590 -0.0493763542 -0.0103138704 0.0151935153 0 0 0
nt@synapse_cleft 4593 -0.0324230395 0.0414661986 0.00281778139 0 0 0
nt@synapse_cleft 4594 0.0111813274 0.0151747496 0.0097104029 0 0 0
nt@synapse_cleft 4595 0.0255847987 -0.0369175959 0.000631954455 0 0 0
nt@synapse_cleft 4613 0.0594391629 0.00350921738 0.0102140075 0 0 0
nt@synapse_cleft 4620 0.0063685134 -0.0115064659 0.0164275051 0 0 0
nt@synapse_cleft 4654 0.00567532464 -0.0265064946 0.00100992985 0 0 0
nt@synapse_cleft 4659 -0.0359159702 0.0314058259 0.00896433175 0 0 0
nt@synapse_cleft 4661 -0.00605152173 -0.0381920698 0.0153419385 0 0 0
nt@synapse_cleft 4666 0.0625707448 0.0335022991 0.0179564445 0 0 0
nt@synapse_cleft 4681 0.00469430802 -0.0137892867 0.00326592245 0 0 0
nt@synapse_cleft 4687 0.00562890367 0.0162878229 0.0141601147 0 0 0
nt@synapse_cleft 4700 -0.0267561779 0.0649423404 0.0172486873 0 0 0
nt@synapse_cleft 4701 0.0221368887 0.0150197182 0.0184043848 0 0 0
nt@synapse_cleft 4709 -0.0103753488 0.00627726419 0.00699703953 0 0 0
nt@synapse_cleft 4710 -0.0197844484 -0.0383413339 0.00368761015 0 0 0
nt@synapse_cleft 4718 0.0577819034 0.0175053885 0.013709711 0 0 0
nt@synapse_cleft 4736 -0.00462401593 0.00972583084 0.00612222328 0 0 0
nt@synapse_cleft 4750 -0.000817013841 -0.0624569735 0.0027465367 0 0 0
nt@synapse_cleft 4753 -0.0211707332 0.00454777503 0.00404282128 0 0 0
nt@synapse_cleft 4754 -0.00924916118 0.0026990875 0.00832579585 0 0 0
nt@synapse_cleft 4756 -0.0085547255 -0.000286052123 0.0120217617 0 0 0
nt@synapse_cleft 4758 -0.0378172321 0.00983830694 0.0184327812 0 0 0
nt@synapse_cleft 4764 0.0144658471 -0.00740968238 0.00303047267 0 0 0
nt@synapse_cleft 4779 0.0283826356 -0.0341558625 0.015618782 0 0 0
nt@synapse_cleft 4784 0.0227226468 0.0059855124 0.0138983027 0 0 0
nt@synapse_cleft 4786 -0.0223897747 0.0163550011 0.0125407841 0 0 0
nt@synapse_cleft 4791 0.0418936212 -0.0106965885 0.0155345584 0 0 0
nt@synapse_cleft 4793 -0.0356773697 0.00309551685 0.0134776775 0 0 0
nt@synapse_cleft 4800 0.0203369277 -0.0078827971 0.0100953062 0 0 0
nt@synapse_cleft 4801 -0.0150529796 0.00448673567 0.0196491162 0 0 0
nt@synapse_cleft 4814 -0.0278335463 0.0159115488 0.00236158977 0 0 0
nt@synapse_cleft 4816 -0.0376536425 -0.0185524642 0.0144446244 0 0 0
nt@synapse_cleft 4822 -0.0184899945 -0.0190011165 0.0103126671 0 0 0
nt@synapse_cleft 4823 -0.00334021364 0.0216451382 0.0176847926 0 0 0
nt@synapse_cleft 4829 0.0247486521 -0.0684596117 0.00127366343 0 0 0
nt@synapse_cleft 4830 -0.0295271989 0.0117185598 0.0197432328 0 0 0
nt@synapse_cleft 4833 -0.00287565877 -0.0198602338 0.000567639086 0 0 0
nt@synapse_cleft 4839 -0.00144886575 -0.00463898581 0.00793995515 0 0 0
nt@synapse_cleft 4844 0.0646822125 -0.016970287 0.00534891073 0 0 0
nt@synapse_cleft 4852 -0.018558829 -0.0240727974 0.00796053126 0 0 0
nt@synapse_cleft 4855 0.0277783922 0.0196544699 0.0161271158 0 0 0
nt@synapse_cleft 4871 0.0166854032 0.0133437471 0.00149805244 0 0 0
nt@synapse_cleft 4880 -0.00611478458 -0.0226763605 0.010008647 0 0 0
nt@synapse_cleft 4883 -0.0451587605 -0.0104862452 0.0131948747 0 0 0
nt@synapse_cleft 4892 -0.028890725 0.0252038613 0.00914761391 0 0 0
nt@synapse_cleft 4896 -0.0244644987 -0.0350771554 0.0108170974 0 0 0
nt@synapse_cleft 4897 0.02505209 -0.0178057534 0.00825179344 0 0 0
nt@synapse_cleft 4901 0.02627137 0.00541465415 0.0107239793 0 0 0
nt@synapse_cleft 4905 -0.0267182288 -0.00039558555 0.00753424959 0 0 0
nt@synapse_cleft 4906 -0.0122224202 -0.0363360534 0.00363531492 0 0 0
nt@synapse_cleft 4918 -0.013559431 0.0385825104 0.0188395594 0 0 0
nt@synapse_cleft 4919 -0.0191719246 -0.000360810814 0.00779987043 0 0 0
nt@synapse_cleft 4925 0.000229617713 0.00252232045 0.00683394073 0 0 0
nt@synapse_cleft 4937 -0.0613033745 0.00882753982 0.0135311509 0 0 0
nt@synapse_cleft 4946 -0.0143006805 0.0105483289 0.00040020887 0 0 0
nt@synapse_cleft 4956 0.0289648431 -0.00569815075 0.0193774571 0 0 0
nt@synapse_cleft 4967 -0.0126999124 0.0171664179 0.015344407 0 0 0
nt@synapse_cleft 4972 0.0268673262 -0.0299410231 0.0119288573 0 0 0
nt@synapse_cleft 4973 -0.0105252226 0.0458192075 0.0192450258 0 0 0
nt@synapse_cleft 4979 0.00194924759 -0.00276618827 0.00482026036 0 0 0
nt@synapse_cleft 4981 0.00791878924 -0.0478715389 0.00657009913 0 0 0
nt@synapse_cleft 4982 0.00296519821 0.0157120659 0.00852198335 0 0 0
nt@synapse_cleft 4983 -0.033072452 0.0128406221 0.00591347455 0 0 0
nt@synapse_cleft 4991 -0.000232200643 -0.0038519041 0.00524137799 0 0 0
nt@synapse_cleft 5004 -0.0174017053 -0.00129937184 0.00642140982 0 0 0
nt@synapse_cleft 5006 0.00605893751 -0.00763532965 0.00707841698 0 0 0
nt@synapse_cleft 5009 -0.0355808909 0.0103666478 0.00194075324 0 0 0
nt@synapse_cleft 5011 -0.0237299928 -0.0241325466 0.00848240043 0 0 0
nt@synapse_cleft 5015 -0.0246991649 -0.0171949216 0.0139552835 0 0 0
nt@synapse_cleft 5024 -0.0014613736 -0.00909382501 0.0128415955 0 0 0
nt@synapse_cleft 5044 -0.0380738574 0.0161160437 0.0113424895 0 0 0
nt@synapse_cleft 5045 0.0438903762 0.0343002559 0.00752198666 0 0 0
nt@synapse_cleft 5046 0.00201443211 -0.0158736321 0.00133327189 0 0 0
nt@synapse_cleft 5052 0.00993954922 -0.00879814775 0.00693069275 0 0 0
nt@synapse_cleft 5055 -0.0035281017 0.0190731347 0.0155574293 0 0 0
nt@synapse_cleft 5059 -0.0311661401 0.0192944773 0.0187136186 0 0 0
nt@synapse_cleft 5061 0.0186018209 -0.0331179974 0.000125964606 0 0 0
nt@synapse_cleft 5063 -0.02728639 0.0395472722 0.018642205 0 0 0
nt@synapse_cleft 5081 0.0160788952 -0.00649499421 0.00725641871 0 0 0
nt@synapse_cleft 5082 0.00292702034 0.0490712928 0.00327765168 0 0 0
nt@synapse_cleft 5086 0.0186989279 0.037399677 0.0079420016 0 0 0
nt@synapse_cleft 5106 0.0065869843 -0.0123836576 0.0072910694 0 0 0
nt@synapse_cleft 5133 -0.0206834532 0.0196849863 0.0125964706 0 0 0
nt@synapse_cleft 5145 0.0257692344 0.0352116336 0.0186958514 0 0 0
nt@synapse_cleft 5154 0.00186317796 0.0118012416 0.0191993765 0 0 0
nt@synapse_cleft 5159 -0.0421051549 -0.00762943302 0.00788025866 0 0 0
nt@synapse_cleft 5164 0.0199538533 -0.00124576839 0.000454730905 0 0 0
nt@synapse_cleft 5173 -0.02832808 0.00442875636 0.0126272292 0 0 0
nt@synapse_cleft 5176 -0.0328922919 0.0625478387 0.014996884 0 0 0
nt@synapse_cleft 5179 0.0222902229 0.00288418036 0.00874772505 0 0 0
nt@synapse_cleft 5182 0.0525321975 0.0105504576 0.00219819892 0 0 0
nt@synapse_cleft 5183 0.0528055052 -0.00309676226 0.0163704573 0 0 0
nt@synapse_cleft 5196 0.00221393525 0.00638470789 0.00989243702 0 0 0
nt@synapse_cleft 5198 0.00300069358 -0.00789865969 0.018356593 0 0 0
