nt@synapse_cleft 0 0.0315074157 0.00767943266 0.0171241936 0 0 0
nt@synapse_cleft 2 -0.0498547311 0.0250598381 0.00900107514 0 0 0
nt@synapse_cleft 7 0.0212129 0.014439179 0.0104203607 0 0 0
nt@synapse_cleft 9 0.0329702032 -0.0381186969 0.0156725424 0 0 0
nt@synapse_cleft 12 0.00148126729 0.0461008988 0.00211289341 0 0 0
nt@synapse_cleft 15 0.0038628648 0.0149776546 0.0157724833 0 0 0
nt@synapse_cleft 17 0.0350669635 0.00380068101 0.00951522703 0 0 0
nt@synapse_cleft 26 -0.0315346838 0.00616043519 0.0174651057 0 0 0
nt@synapse_cleft 30 0.00449332188 -0.0339461216 0.0078532895 0 0 0
nt@synapse_cleft 35 0.0139965958 0.0593872329 0.016759619 0 0 0
nt@synapse_cleft 42 0.00606850099 0.00774099463 0.00701125116 0 0 0
nt@synapse_cleft 45 -0.00872179718 0.0165721752 0.0108735077 0 0 0
nt@synapse_cleft 54 0.00724294669 0.031262066 0.0161057847 0 0 0
nt@synapse_cleft 56 -0.0346157008 -0.0259142607 0.0066403496 0 0 0
nt@synapse_cleft 72 -0.0433363182 0.016781834 0.0195506023 0 0 0
nt@synapse_cleft 81 0.000113534425 -0.0394807496 0.00488860033 0 0 0
nt@synapse_cleft 87 -0.00342731676 -0.00350051787 0.00130452527 0 0 0
nt@synapse_cleft 89 0.0424187645 -0.014082326 0.0136344233 0 0 0
nt@synapse_cleft 100 -0.0200431528 -0.0271228049 0.00644841245 0 0 0
nt@synapse_cleft 103 0.0293625473 -0.0166206458 0.00447166615 0 0 0
nt@synapse_cleft 111 -0.0413008427 0.0437350571 0.00697929811 0 0 0
nt@synapse_cleft 114 0.0456096223 -0.0204659436 0.00615887748 0 0 0
nt@synapse_cleft 115 -0.00754303337 -0.0174212625 0.0115203558 0 0 0
nt@synapse_cleft 116 -0.0169141238 -0.0195794575 0.000923083445 0 0 0
nt@synapse_cleft 135 -0.0317859249 -0.0176043441 0.0182015083 0 0 0
nt@synapse_cleft 137 -0.0560104024 -0.0411355935 0.00128722457 0 0 0
nt@synapse_cleft 148 -0.0141347205 0.0778126448 2.43175603e-05 0 0 0
nt@synapse_cleft 150 -0.0179695988 0.0258587178 0.0167700871 0 0 0
nt@synapse_cleft 156 -0.0123422238 -0.0142661859 0.0103578081 0 0 0
nt@synapse_cleft 167 -0.000109715779 -0.0353441207 0.0101972827 0 0 0
nt@synapse_cleft 188 -0.0115078948 -0.0134860746 0.019333124 0 0 0
nt@synapse_cleft 192 -0.0182464888 0.0323700291 0.0100859961 0 0 0
nt@synapse_cleft 194 -0.0248376094 -0.0183217941 0.0150004877 0 0 0
nt@synapse_cleft 195 0.038423883 0.0554603676 0.00494233314 0 0 0
nt@synapse_cleft 199 0.0320911362 0.0249936576 0.0187270438 0 0 0
nt@synapse_cleft 206 0.00240356523 -0.0223818068 0.0174043613 0 0 0
nt@synapse_cleft 210 -0.034536589 0.00388706497 0.00817504539 0 0 0
nt@synapse_cleft 224 -0.018906553 0.0518058716 0.0120230188 0 0 0
nt@synapse_cleft 231 0.0177196089 0.0535241501 0.00761514186 0 0 0
nt@synapse_cleft 235 0.00617492351 -0.0185815111 0.0179059878 0 0 0
nt@synapse_cleft 244 -0.0103605328 0.016706991 0.0119582564 0 0 0
nt@synapse_cleft 248 0.0340914151 -0.0247106362 0.0198095394 0 0 0
nt@synapse_cleft 256 -0.0411578877 -0.00684195497 0.0164034808 0 0 0
nt@synapse_cleft 268 -0.00411033045 -0.02999415 0.0132531432 0 0 0
nt@synapse_cleft 272 0.00114610795 -0.0585294826 0.00210638309 0 0 0
nt@synapse_cleft 284 -0.0425068752 0.0849425573 0.00972887468 0 0 0
nt@synapse_cleft 293 0.0191104537 -0.023946849 0.0144482845 0 0 0
nt@synapse_cleft 306 0.0218174313 -0.0238604305 0.00970450664 0 0 0
nt@synapse_cleft 307 0.0173653514 -0.0097462132 0.0173586486 0 0 0
nt@synapse_cleft 308 0.0381740598 0.0364373497 0.000420858426 0 0 0
nt@synapse_cleft 318 -0.0209191003 -0.00765889955 0.0106949238 0 0 0
nt@synapse_cleft 321 0.0465223788 -0.00185534739 0.00936720167 0 0 0
nt@synapse_cleft 325 -0.0525612945 0.0712568447 0.0141660847 0 0 0
nt@synapse_cleft 347 0.00259787823 0.0138195452 0.00484858532 0 0 0
nt@synapse_cleft 348 -0.00578138973 -0.0234831819 0.00243200002 0 0 0
nt@synapse_cleft 350 0.0128372124 -0.00409004576 0.00954872726 0 0 0
nt@synapse_cleft 356 -0.0470217228 0.0132892618 0.0153778036 0 0 0
nt@synapse_cleft 361 -0.036651148 0.00669855125 0.0173252421 0 0 0
nt@synapse_cleft 371 -0.00683294019 0.0356756467 0.00961796826 0 0 0
nt@synapse_cleft 372 0.0124373282 0.0277947802 0.00521269618 0 0 0
nt@synapse_cleft 376 -0.0217122291 0.00849082915 0.00893839933 0 0 0
nt@synapse_cleft 385 0.0192069457 0.0158178319 0.00406613847 0 0 0
nt@synapse_cleft 391 0.0117499681 -0.0320394308 0.0148898374 0 0 0
nt@synapse_cleft 402 0.00607417047 0.037148111 0.0149940955 0 0 0
nt@synapse_cleft 406 -0.031544199 -0.040103662 0.00336645245 0 0 0
nt@synapse_cleft 421 -0.0509384732 0.0254710985 0.000512156554 0 0 0
nt@synapse_cleft 426 0.0566036651 -0.0312777453 0.0147705604 0 0 0
nt@synapse_cleft 429 -0.0217194051 0.0210893541 0.0187885963 0 0 0
nt@synapse_cleft 440 0.0290407678 -0.00622432952 0.0184535591 0 0 0
nt@synapse_cleft 444 0.00160296914 0.0557873024 0.0148269149 0 0 0
nt@synapse_cleft 449 -0.00780594267 -0.0193836951 0.00445635137 0 0 0
nt@synapse_cleft 452 0.0533473777 0.0440691467 0.00694785859 0 0 0
nt@synapse_cleft 455 0.0135541744 -0.0280689137 0.0140308681 0 0 0
nt@synapse_cleft 477 0.00625329975 0.00794337044 0.016666912 0 0 0
nt@synapse_cleft 479 -0.0152652999 0.00818247365 0.0130197342 0 0 0
nt@synapse_cleft 482 0.0156962443 0.00165569371 0.0046242739 0 0 0
nt@synapse_cleft 499 0.0165106688 0.0153527957 0.00356678142 0 0 0
nt@synapse_cleft 501 0.00653319178 0.0163687349 0.0117243029 0 0 0
nt@synapse_cleft 503 0.0171623075 -0.0168841293 0.0150459555 0 0 0
nt@synapse_cleft 509 -0.0368217607 0.0407265367 0.002572318 0 0 0
nt@synapse_cleft 510 0.018522956 0.00357779463 0.0156092944 0 0 0
nt@synapse_cleft 514 -0.0265935988 0.00602409973 0.00633880771 0 0 0
nt@synapse_cleft 522 -0.0535188049 0.0282254451 0.0180866347 0 0 0
nt@synapse_cleft 524 -0.0158221717 0.0443768247 0.00931094553 0 0 0
nt@synapse_cleft 530 0.021340494 -0.0112188948 0.00546791659 0 0 0
nt@synapse_cleft 536 -0.0355743918 -0.0435668235 0.0137581853 0 0 0
nt@synapse_cleft 544 0.031588866 -0.00252861411 0.00635308268 0 0 0
nt@synapse_cleft 546 -0.0580085288 0.012356243 0.00838229251 0 0 0
nt@synapse_cleft 549 0.0544092397 -0.0245239391 0.00878216565 0 0 0
nt@synapse_cleft 551 0.0152000756 -0.0171799195 0.00882823462 0 0 0
nt@synapse_cleft 552 0.0267781157 0.011250619 0.00442218657 0 0 0
nt@synapse_cleft 557 -0.0406997606 0.00331134632 0.0118450977 0 0 0
nt@synapse_cleft 558 0.010138081 -0.0119234767 0.00609238395 0 0 0
nt@synapse_cleft 563 -0.0155892871 -0.0642741086 0.00152952446 0 0 0
nt@synapse_cleft 572 -0.0186434712 0.0214192557 0.00429239881 0 0 0
nt@synapse_cleft 575 -0.00467172111 0.00502411187 0.00138802665 0 0 0
nt@synapse_cleft 591 -0.00743133575 0.0043739996 0.00125182119 0 0 0
nt@synapse_cleft 596 -0.0153593586 0.010687467 0.0193215078 0 0 0
nt@synapse_cleft 598 0.0068086268 0.016379436 0.0133091349 0 0 0
nt@synapse_cleft 620 -0.0328313828 -0.00549036828 0.0184994263 0 0 0
nt@synapse_cleft 624 0.0267110514 -0.00805044177 0.00416428849 0 0 0
nt@synapse_cleft 627 -0.0173961158 -0.0282680218 0.00498276963 0 0 0
nt@synapse_cleft 629 -0.00383436447 -0.00312153555 0.00778947605 0 0 0
nt@synapse_cleft 633 -0.0390297736 0.03302911 0.0123065376 0 0 0
nt@synapse_cleft 634 0.0129154839 0.00954000398 0.00664614662 0 0 0
nt@synapse_cleft 639 -0.010355426 -0.0159758313 0.00914473868 0 0 0
nt@synapse_cleft 645 -0.00647602025 0.0020339408 0.00356066293 0 0 0
nt@synapse_cleft 647 0.0063335185 0.0187689267 0.00153314607 0 0 0
nt@synapse_cleft 661 -0.0261644868 -0.0398463432 0.0172167462 0 0 0
nt@synapse_cleft 664 -0.00908587351 0.0093521317 0.0049791313 0 0 0
nt@synapse_cleft 678 0.0109345874 -0.0261809926 0.00178829915 0 0 0
nt@synapse_cleft 679 -0.0373948541 -0.00605132622 0.0168737543 0 0 0
nt@synapse_cleft 681 0.00206517212 -0.0362737112 0.00158809202 0 0 0
nt@synapse_cleft 693 0.00671432311 0.0182576362 0.00695309872 0 0 0
nt@synapse_cleft 698 -0.00110710093 0.018245362 0.0120153702 0 0 0
nt@synapse_cleft 699 -0.0199360935 -0.0781944348 0.00769595589 0 0 0
nt@synapse_cleft 712 -0.0112347012 -0.00743701899 0.0144072064 0 0 0
nt@synapse_cleft 721 0.00967704444 -0.0315307027 0.00409701996 0 0 0
nt@synapse_cleft 726 -0.0128558491 -0.00416087489 0.00594082946 0 0 0
nt@synapse_cleft 727 -0.0310470507 0.0150480777 0.0078434999 0 0 0
nt@synapse_cleft 728 0.0179918255 0.0052837707 0.000667974044 0 0 0
nt@synapse_cleft 732 0.0172543819 0.0506192418 0.00916311882 0 0 0
nt@synapse_cleft 735 -0.0614345959 0.00682293661 0.00117551769 0 0 0
nt@synapse_cleft 737 0.0427886997 0.017500133 0.0162244921 0 0 0
nt@synapse_cleft 741 0.0385722152 0.00719413584 0.00638601384 0 0 0
nt@synapse_cleft 750 0.0257140876 0.0257679767 0.016906732 0 0 0
nt@synapse_cleft 754 -0.012126496 -0.0193000239 0.0165656375 0 0 0
nt@synapse_cleft 760 -0.0100731282 -0.0479126156 0.0104715678 0 0 0
nt@synapse_cleft 762 0.00788867969 -0.0153043047 0.00312210776 0 0 0
nt@synapse_cleft 765 -0.0347824868 0.0540486254 0.00996617904 0 0 0
nt@synapse_cleft 768 -0.00565062775 -0.0103474083 0.0159508574 0 0 0
nt@synapse_cleft 769 -0.00732583921 0.0440353115 0.0150830906 0 0 0
nt@synapse_cleft 779 -0.0260180827 0.0163690477 0.00169203426 0 0 0
nt@synapse_cleft 797 0.00474313579 0.0340234278 0.00149529442 0 0 0
nt@synapse_cleft 803 -0.029705217 -0.0491578607 0.00964703919 0 0 0
nt@synapse_cleft 814 0.0343794713 0.0410449711 0.00678834474 0 0 0
nt@synapse_cleft 816 -0.001651328 -0.00566717677 0.00429564995 0 0 0
nt@synapse_cleft 831 0.0139451809 -0.00706446377 0.00282763997 0 0 0
nt@synapse_cleft 833 -0.00464607395 -0.020914753 0.0117976811 0 0 0
nt@synapse_cleft 837 -0.0188009059 -0.0037046363 0.00645787839 0 0 0
nt@synapse_cleft 844 -0.0241445862 0.0164266807 0.0121015841 0 0 0
nt@synapse_cleft 847 0.0172180589 -0.0111502235 0.0170259991 0 0 0
nt@synapse_cleft 850 -0.00353693101 0.0117503996 0.0128630719 0 0 0
nt@synapse_cleft 854 -0.0115852139 0.0336711539 0.00151888202 0 0 0
nt@synapse_cleft 866 -0.0119592426 -0.0286465793 0.00971734742 0 0 0
nt@synapse_cleft 871 0.0185979282 0.0168333512 0.0114757053 0 0 0
nt@synapse_cleft 877 -0.0380334132 0.0222332126 0.000785158949 0 0 0
nt@synapse_cleft 884 0.0178014332 -0.00589685003 0.0137857534 0 0 0
nt@synapse_cleft 904 -0.0496655625 0.000570330148 0.0163913215 0 0 0
nt@synapse_cleft 908 -0.0629838872 -0.0104554593 0.00503177187 0 0 0
nt@synapse_cleft 909 0.0349864837 0.000661411048 0.00979157476 0 0 0
nt@synapse_cleft 913 -0.0224351731 0.0146542502 0.018426071 0 0 0
nt@synapse_cleft 918 0.0622696279 0.012417246 0.0147281598 0 0 0
nt@synapse_cleft 932 0.0228539357 -0.0677253221 0.00204509468 0 0 0
nt@synapse_cleft 938 -0.0146023203 0.00199090149 0.0150779894 0 0 0
nt@synapse_cleft 940 -0.0539350604 -0.0518340293 0.010606599 0 0 0
nt@synapse_cleft 942 0.0148730435 -0.0408210001 0.00718176386 0 0 0
nt@synapse_cleft 943 0.0232218888 -0.00737546991 0.00503544167 0 0 0
nt@synapse_cleft 944 -0.0083968628 -0.0564385661 0.0109496458 0 0 0
nt@synapse_cleft 945 0.00103540747 0.0318643282 0.00592941242 0 0 0
nt@synapse_cleft 947 -0.0229799554 0.0200439841 0.0103766911 0 0 0
nt@synapse_cleft 953 -0.0403798012 0.02094324 0.0102966092 0 0 0
nt@synapse_cleft 954 0.00982786393 -0.0263219028 0.0145653633 0 0 0
nt@synapse_cleft 957 0.0582851389 -0.0234797642 0.0030619301 0 0 0
nt@synapse_cleft 961 -0.0225524286 -0.00233628514 0.00168478993 0 0 0
nt@synapse_cleft 967 0.0385645359 0.00210336399 0.00551854902 0 0 0
nt@synapse_cleft 976 -0.00418209562 0.0214401026 0.0089523167 0 0 0
nt@synapse_cleft 978 -0.0413273935 -0.0153968007 0.00939490904 0 0 0
nt@synapse_cleft 994 -0.0320406877 -0.0137289947 0.01356673 0 0 0
nt@synapse_cleft 998 0.00278602542 -0.0115545552 0.00944062105 0 0 0
nt@synapse_cleft 999 0.0604530216 -0.0287309982 0.00036192098 0 0 0
nt@synapse_cleft 1002 0.00211393632 0.0357219882 0.0163918912 0 0 0
nt@synapse_cleft 1004 -0.0138590634 0.0026560106 0.0036827087 0 0 0
nt@synapse_cleft 1013 -0.0305196721 0.0417079266 0.0184181159 0 0 0
nt@synapse_cleft 1016 -0.0331201297 0.0174247017 0.016746431 0 0 0
nt@synapse_cleft 1018 -0.00522517125 -0.0180809982 0.00498818375 0 0 0
nt@synapse_cleft 1025 -0.00805280986 -0.0290649483 0.0126773219 0 0 0
nt@synapse_cleft 1027 0.0335974397 0.0481342735 0.000747305217 0 0 0
nt@synapse_cleft 1035 -0.0379508021 -0.0193160127 0.0103698632 0 0 0
nt@synapse_cleft 1047 0.0345211572 -0.0513646436 0.00405242676 0 0 0
nt@synapse_cleft 1048 -0.0143183987 -0.0527835263 0.00956875012 0 0 0
nt@synapse_cleft 1050 0.0244277404 -0.0486495878 0.00248774303 0 0 0
nt@synapse_cleft 1062 0.0443393517 -0.00657512299 0.0178505209 0 0 0
nt@synapse_cleft 1077 -0.0398373139 0.00297597708 0.0120182779 0 0 0
nt@synapse_cleft 1080 -0.0402129139 0.019417919 0.0198275784 0 0 0
nt@synapse_cleft 1092 -0.0206145038 -0.0145622918 0.00699448392 0 0 0
nt@synapse_cleft 1107 0.000180632906 0.00332665762 0.00473304448 0 0 0
nt@synapse_cleft 1108 0.0163552774 0.00815414225 0.00182530219 0 0 0
nt@synapse_cleft 1113 -0.0250416395 0.00705327657 0.00205046791 0 0 0
nt@synapse_cleft 1114 0.0135748444 -0.0290350462 0.00844408457 0 0 0
nt@synapse_cleft 1130 0.0197435587 -0.0130668052 0.00737599994 0 0 0
nt@synapse_cleft 1136 -0.00249394162 -0.0424837345 0.00562870704 0 0 0
nt@synapse_cleft 1140 0.0128439711 -0.0476158934 0.0194836019 0 0 0
nt@synapse_cleft 1144 -0.0150951649 -0.0127671287 0.00470892457 0 0 0
nt@synapse_cleft 1145 0.0660155192 -0.0031449498 0.0180385289 0 0 0
nt@synapse_cleft 1149 -0.0208104135 0.00424333694 0.0166651969 0 0 0
nt@synapse_cleft 1152 0.0315310252 0.00967799538 0.000405208145 0 0 0
nt@synapse_cleft 1165 0.0506076477 0.0342545007 0.00650196593 0 0 0
nt@synapse_cleft 1167 0.0385203821 0.0292689509 0.0179634386 0 0 0
nt@synapse_cleft 1172 0.00011895792 0.00220895699 0.0172688541 0 0 0
nt@synapse_cleft 1177 -0.0129340082 0.0850571443 0.00468387004 0 0 0
nt@synapse_cleft 1179 0.0089939529 -0.0120025033 0.00997174243 0 0 0
nt@synapse_cleft 1186 -0.0669819528 0.0171483464 0.0044763533 0 0 0
nt@synapse_cleft 1188 0.0190815781 -0.0286793278 0.00783100748 0 0 0
nt@synapse_cleft 1193 -0.0251232958 -0.0242132722 0.00455857302 0 0 0
nt@synapse_cleft 1200 -0.00242749247 0.0100148388 0.00713330863 0 0 0
nt@synapse_cleft 1203 -0.00712825668 0.0281158619 0.00458083115 0 0 0
nt@synapse_cleft 1204 0.00612987229 0.01588325 0.00765608652 0 0 0
nt@synapse_cleft 1205 -0.0209760753 -0.016289533 0.00893455304 0 0 0
nt@synapse_cleft 1206 -0.018472552 0.00118885044 0.00770609521 0 0 0
nt@synapse_cleft 1237 -0.038853041 -0.0334170585 0.00224806673 0 0 0
nt@synapse_cleft 1238 -0.0623029399 -0.0392431681 0.0127705409 0 0 0
nt@synapse_cleft 1243 -0.0220530895 -0.0052134853 0.0124613447 0 0 0
nt@synapse_cleft 1248 0.00395204874 0.0426865773 0.00413434901 0 0 0
nt@synapse_cleft 1251 -0.0352201719 0.0123236163 0.0187309311 0 0 0
nt@synapse_cleft 1252 -0.0324974624 -0.0136287106 0.0180595547 0 0 0
nt@synapse_cleft 1254 -0.0166088948 0.0397949627 0.0115978566 0 0 0
nt@synapse_cleft 1270 0.0628172917 0.0317764824 0.00304370712 0 0 0
nt@synapse_cleft 1275 -0.00576709871 0.0225265271 0.00885294826 0 0 0
nt@synapse_cleft 1289 0.0670838628 0.0077703274 0.0020163122 0 0 0
nt@synapse_cleft 1298 -0.00550989048 -0.0241554112 0.0196486645 0 0 0
nt@synapse_cleft 1302 -0.02870755 0.0355708637 0.00386711323 0 0 0
nt@synapse_cleft 1311 0.00678376014 -0.0187185496 0.0052363031 0 0 0
nt@synapse_cleft 1316 -0.038200977 -0.0271770701 0.00318727889 0 0 0
nt@synapse_cleft 1326 0.0202098972 0.0122521785 0.00357689732 0 0 0
nt@synapse_cleft 1328 0.0166215654 0.0205508957 0.0101983975 0 0 0
nt@synapse_cleft 1333 -0.0213059519 0.0383390934 0.00555140862 0 0 0
nt@synapse_cleft 1338 -0.00409075781 0.0102612046 0.0161772435 0 0 0
nt@synapse_cleft 1343 0.0262850955 0.00334428225 0.00793685871 0 0 0
nt@synapse_cleft 1347 -0.0494602345 -0.0206667802 0.0134701974 0 0 0
nt@synapse_cleft 1349 0.023118779 -0.0143366371 0.00922443247 0 0 0
nt@synapse_cleft 1351 0.0361820184 -0.0276002398 0.00228449322 0 0 0
nt@synapse_cleft 1361 2.92120024e-05 -0.0242324691 0.00191350533 0 0 0
nt@synapse_cleft 1368 0.0167211687 0.00288830748 0.00899145766 0 0 0
nt@synapse_cleft 1372 -0.0122171833 0.0386407693 0.00233155206 0 0 0
nt@synapse_cleft 1380 -0.0211290933 0.0136251141 0.0187558821 0 0 0
nt@synapse_cleft 1384 -0.0526155787 0.00546419497 0.0186733213 0 0 0
nt@synapse_cleft 1393 -0.0274746318 0.0474125697 0.0130962912 0 0 0
nt@synapse_cleft 1394 0.0161756542 0.0150203357 0.0170715849 0 0 0
nt@synapse_cleft 1400 -0.0309521229 0.0330339109 0.00145146499 0 0 0
nt@synapse_cleft 1403 0.00462670755 0.0153024017 0.00279342135 0 0 0
nt@synapse_cleft 1408 -0.0243604438 -0.00419551318 0.0160948742 0 0 0
nt@synapse_cleft 1416 0.00389637237 0.0263142701 0.0170796073 0 0 0
nt@synapse_cleft 1419 0.0068178172 -0.0155030417 0.0196005263 0 0 0
nt@synapse_cleft 1425 -0.00438248027 -0.0375417174 0.00450626378 0 0 0
nt@synapse_cleft 1427 -0.00554712062 -0.0250874692 0.0116304781 0 0 0
nt@synapse_cleft 1438 -0.0296196657 -0.0136583886 0.00243895527 0 0 0
nt@synapse_cleft 1440 -0.0237616101 0.0308383607 0.0118768666 0 0 0
nt@synapse_cleft 1442 -0.00946495129 0.0282014397 0.00823636492 0 0 0
nt@synapse_cleft 1444 -0.0171619512 -0.00536639342 0.00243096144 0 0 0
nt@synapse_cleft 1446 -0.0120307434 -0.0341945647 0.00295519474 0 0 0
nt@synapse_cleft 1449 -0.0304461302 0.0106099284 0.00333359583 0 0 0
nt@synapse_cleft 1452 -0.0303017678 -0.0362977214 0.00647791336 0 0 0
nt@synapse_cleft 1454 -0.00628231474 0.0170705531 0.00468147715 0 0 0
nt@synapse_cleft 1455 -0.0223417644 0.00281113205 0.0112146183 0 0 0
nt@synapse_cleft 1470 -0.073149636 -0.0401122873 0.00370471401 0 0 0
nt@synapse_cleft 1472 -0.0628269662 -0.00632192949 0.00841903382 0 0 0
nt@synapse_cleft 1479 -0.00717671251 0.04787558 0.0186611687 0 0 0
nt@synapse_cleft 1481 0.0199925168 0.0056672934 0.0123224014 0 0 0
nt@synapse_cleft 1484 -0.0101006554 0.0208602494 0.0180351463 0 0 0
nt@synapse_cleft 1485 -0.00926079366 -0.0149479762 0.0165168035 0 0 0
nt@synapse_cleft 1487 -0.00133800675 -0.038791893 0.0162497532 0 0 0
nt@synapse_cleft 1488 0.039958888 0.00792816391 0.0143581255 0 0 0
nt@synapse_cleft 1494 0.0123380249 -0.0153941137 0.0163317721 0 0 0
nt@synapse_cleft 1496 0.00103039002 0.040410683 0.00847778862 0 0 0
nt@synapse_cleft 1506 0.0229830097 0.00459346085 0.0146945025 0 0 0
nt@synapse_cleft 1507 -0.00657048525 -0.00460489383 0.00299180841 0 0 0
nt@synapse_cleft 1508 0.0378490205 -0.000161421562 0.0178784373 0 0 0
nt@synapse_cleft 1512 0.0230027007 -0.0140438823 0.0103462191 0 0 0
nt@synapse_cleft 1519 -0.0220109951 -0.0104089019 0.00862815088 0 0 0
nt@synapse_cleft 1527 -0.0122288073 0.0428962342 0.00207000181 0 0 0
nt@synapse_cleft 1528 -0.0440210115 -0.00202342755 0.0029168663 0 0 0
nt@synapse_cleft 1531 -0.0140264263 0.0163656085 0.00372031424 0 0 0
nt@synapse_cleft 1538 0.0145887565 0.00747466365 0.0124982923 0 0 0
nt@synapse_cleft 1542 -0.0142669858 0.018523242 0.0103457881 0 0 0
nt@synapse_cleft 1553 0.0525169276 0.00274709893 0.0133721722 0 0 0
nt@synapse_cleft 1561 0.00769576078 -0.0450128052 0.00323866585 0 0 0
nt@synapse_cleft 1565 -0.00610860395 -0.00703259381 0.0168253489 0 0 0
nt@synapse_cleft 1571 -0.0309550294 -0.0215898017 0.0196967073 0 0 0
nt@synapse_cleft 1573 0.00938222746 0.0376781037 0.00667071412 0 0 0
nt@synapse_cleft 1588 0.0216747969 -0.0299001336 0.0105649402 0 0 0
nt@synapse_cleft 1592 0.00932601502 -0.0263961671 0.000215739525 0 0 0
nt@synapse_cleft 1597 0.00402687989 0.0380924437 0.00613434604 0 0 0
nt@synapse_cleft 1600 0.0170810819 -0.0332650374 0.0123646641 0 0 0
nt@synapse_cleft 1605 0.0186274026 0.00212390643 0.0176680245 0 0 0
nt@synapse_cleft 1606 -0.0430806734 0.0133179966 0.00459839025 0 0 0
nt@synapse_cleft 1611 0.00436006723 -0.0184671957 0.0186243094 0 0 0
nt@synapse_cleft 1617 -0.00602022227 -0.033869814 0.00646443786 0 0 0
nt@synapse_cleft 1628 0.00988953883 0.0381996991 0.00473051369 0 0 0
nt@synapse_cleft 1635 0.0126129844 -0.00486336635 0.0158082822 0 0 0
nt@synapse_cleft 1641 0.0268696968 0.0310406876 0.0172262282 0 0 0
nt@synapse_cleft 1655 0.0128880256 0.024220916 0.00808982238 0 0 0
nt@synapse_cleft 1658 0.0351562343 0.0539589586 0.00418623176 0 0 0
nt@synapse_cleft 1660 0.0123186139 0.0225504733 0.0196758416 0 0 0
nt@synapse_cleft 1675 -0.024432057 0.00578154599 0.0167659357 0 0 0
nt@synapse_cleft 1678 0.00358870948 -0.0169483742 0.00385381478 0 0 0
nt@synapse_cleft 1681 -0.00747781291 -0.00950653008 0.0188219738 0 0 0
nt@synapse_cleft 1686 -0.0064868534 0.0206828139 0.0108227103 0 0 0
nt@synapse_cleft 1687 -0.0396669974 -0.0408453925 0.00411432516 0 0 0
nt@synapse_cleft 1689 0.00502248791 0.0117670055 0.00744169004 0 0 0
nt@synapse_cleft 1692 -0.0212622212 0.0120874142 0.0179891481 0 0 0
nt@synapse_cleft 1695 0.0177163578 -0.0200377661 0.00288250711 0 0 0
nt@synapse_cleft 1701 0.0127701186 -0.00576825021 0.0115516217 0 0 0
nt@synapse_cleft 1707 -0.0258833047 -0.00869719249 0.0177219431 0 0 0
nt@synapse_cleft 1708 -0.0303911319 0.0192647473 0.00546908034 0 0 0
nt@synapse_cleft 1715 0.000222693609 0.0147221997 0.0141940416 0 0 0
nt@synapse_cleft 1721 0.0150082122 -0.0598018272 0.00968220142 0 0 0
nt@synapse_cleft 1729 -0.00186911358 -0.0194870929 0.00864359322 0 0 0
nt@synapse_cleft 1736 0.0308779928 -0.00389612197 0.0177108207 0 0 0
nt@synapse_cleft 1742 0.0244490197 -0.050013973 0.00194157528 0 0 0
nt@synapse_cleft 1743 0.0300041001 0.0300222956 0.0171113105 0 0 0
nt@synapse_cleft 1745 -0.0413325733 0.0111448643 0.00289793914 0 0 0
nt@synapse_cleft 1746 0.0180875542 -0.0245093679 0.00258754317 0 0 0
nt@synapse_cleft 1748 0.0630225802 0.0205569182 0.0125996947 0 0 0
nt@synapse_cleft 1751 0.0424318763 0.0015999877 0.00685584111 0 0 0
nt@synapse_cleft 1759 -0.00229626106 -0.022660864 0.0165872931 0 0 0
nt@synapse_cleft 1761 -0.0138238437 0.0345363265 0.00752063301 0 0 0
nt@synapse_cleft 1762 -0.0294576802 -0.0217037951 0.0113933101 0 0 0
nt@synapse_cleft 1768 0.01061445 -0.0555759554 0.0120395336 0 0 0
nt@synapse_cleft 1775 -0.0148206754 -0.0106877009 0.0101210115 0 0 0
nt@synapse_cleft 1781 -0.0254122134 0.0422584886 0.00309916981 0 0 0
nt@synapse_cleft 1793 0.00644234355 0.0383129964 0.0193860582 0 0 0
nt@synapse_cleft 1795 0.036439173 -0.0151995432 0.0188885693 0 0 0
nt@synapse_cleft 1804 0.00295270316 0.0272612154 0.0102639991 0 0 0
nt@synapse_cleft 1810 -0.0704440376 -0.0422605705 0.0152828965 0 0 0
nt@synapse_cleft 1815 -0.0219315991 -0.00940721441 0.00436124707 0 0 0
nt@synapse_cleft 1824 0.0234565662 -0.00639768491 0.000377513992 0 0 0
nt@synapse_cleft 1829 0.0483533059 -0.00868738684 0.00169997847 0 0 0
nt@synapse_cleft 1830 -0.0406822349 -0.0116611933 0.0135963613 0 0 0
nt@synapse_cleft 1837 -0.0403977274 -0.0108780002 0.00665857849 0 0 0
nt@synapse_cleft 1838 0.0083387392 -0.0536161747 0.0151891096 0 0 0
nt@synapse_cleft 1843 0.018848103 0.0226540077 0.0144983038 0 0 0
nt@synapse_cleft 1846 -0.0213097381 -0.00288655006 0.00209921442 0 0 0
nt@synapse_cleft 1849 0.0258505098 0.00896202342 0.0102690211 0 0 0
nt@synapse_cleft 1853 0.057740635 -0.0301627237 0.0119188552 0 0 0
nt@synapse_cleft 1854 0.0166503876 -0.00245915595 0.0102605705 0 0 0
nt@synapse_cleft 1856 0.0131644187 -0.0272081063 0.0117026588 0 0 0
nt@synapse_cleft 1872 0.00385549283 -0.00793953776 0.0106327769 0 0 0
nt@synapse_cleft 1877 0.00743303243 0.0256613309 0.0191710788 0 0 0
nt@synapse_cleft 1880 -0.0359362669 -0.0154007623 0.00785393379 0 0 0
nt@synapse_cleft 1883 0.0240094734 0.00911620422 0.0124016966 0 0 0
nt@synapse_cleft 1885 -0.0154119916 -0.00810014024 0.0117500184 0 0 0
nt@synapse_cleft 1887 0.00121764157 0.0212069525 0.00181799963 0 0 0
nt@synapse_cleft 1892 -0.00517248298 -0.00199855186 0.0082372988 0 0 0
nt@synapse_cleft 1896 0.0127614293 0.0118848357 0.0124886741 0 0 0
nt@synapse_cleft 1900 -0.0197888498 -0.0192371943 0.00287058609 0 0 0
nt@synapse_cleft 1904 -0.0393061229 0.036333623 0.00723590811 0 0 0
nt@synapse_cleft 1918 -0.0194556288 0.0656574732 0.0095081675 0 0 0
nt@synapse_cleft 1923 -0.0145260687 0.0272565883 0.0181480237 0 0 0
nt@synapse_cleft 1926 0.00645388923 -0.0141271844 0.019805463 0 0 0
nt@synapse_cleft 1932 0.0170205782 -0.00970994603 0.0139864029 0 0 0
nt@synapse_cleft 1942 0.043754051 -0.0347577598 0.00211621024 0 0 0
nt@synapse_cleft 1944 0.000988014139 0.0354401451 0.0078800741 0 0 0
nt@synapse_cleft 1946 -0.0215952802 -0.0234829275 0.0144894045 0 0 0
nt@synapse_cleft 1953 -0.0250217441 0.00736295453 0.00704058686 0 0 0
nt@synapse_cleft 1961 0.0406376132 0.0160398269 0.00159730619 0 0 0
nt@synapse_cleft 1964 -0.0132891534 0.00428451259 0.01293546 0 0 0
nt@synapse_cleft 1967 -0.000520318489 -0.0408821803 0.00793171212 0 0 0
nt@synapse_cleft 1970 -0.0215632866 -0.0397894622 0.0166638509 0 0 0
nt@synapse_cleft 1973 0.0257818307 0.0210230333 0.0122419428 0 0 0
nt@synapse_cleft 1976 -0.0467444485 -0.0167021541 0.00429691307 0 0 0
nt@synapse_cleft 1980 -0.010167862 -0.0177433708 0.0102095904 0 0 0
nt@synapse_cleft 1984 -0.0458866336 -0.0305060645 0.00286360005 0 0 0
nt@synapse_cleft 1990 0.0215671144 0.024707381 0.0032103307 0 0 0
nt@synapse_cleft 1993 -0.00585310096 -0.027103897 0.016637816 0 0 0
nt@synapse_cleft 1997 -0.0114229053 0.0188629097 0.0160378276 0 0 0
nt@synapse_cleft 2004 -0.0221404748 0.00900883568 0.0193972568 0 0 0
nt@synapse_cleft 2013 -0.0075265733 -0.00602315653 0.012584481 0 0 0
nt@synapse_cleft 2014 0.00935781145 0.00289379393 0.00488320981 0 0 0
nt@synapse_cleft 2019 0.019146236 -0.0182357381 0.0190984665 0 0 0
nt@synapse_cleft 2032 -0.0294159626 0.0184831818 0.00366059034 0 0 0
nt@synapse_cleft 2036 0.0563543796 -0.0451127469 0.00698577081 0 0 0
nt@synapse_cleft 2061 0.00847475834 0.00232115165 0.00794556055 0 0 0
nt@synapse_cleft 2064 0.0258702303 0.0169265988 0.0123232835 0 0 0
nt@synapse_cleft 2091 -0.0137366712 0.0337345234 0.00997577716 0 0 0
nt@synapse_cleft 2092 0.0108500683 0.0312320185 0.00942563375 0 0 0
nt@synapse_cleft 2094 -0.0081180461 0.000557781362 0.0194368287 0 0 0
nt@synapse_cleft 2096 -0.0160786245 -0.00625064711 0.0046102272 0 0 0
nt@synapse_cleft 2104 0.0421206018 -0.0181479602 0.0147747265 0 0 0
nt@synapse_cleft 2112 -0.00313281625 -0.0296932209 0.00136741868 0 0 0
nt@synapse_cleft 2124 -0.00755144686 0.0644451494 0.00819033 0 0 0
nt@synapse_cleft 2127 0.0290205774 -0.0087016879 0.00538551986 0 0 0
nt@synapse_cleft 2137 -0.0550393698 0.0545558702 0.0117946103 0 0 0
nt@synapse_cleft 2148 0.0353874399 -0.0792223922 0.00647715603 0 0 0
nt@synapse_cleft 2156 0.045564337 -0.0304370939 0.0154151928 0 0 0
nt@synapse_cleft 2162 -0.0105320724 0.00711522702 0.0182333386 0 0 0
nt@synapse_cleft 2163 0.00787428378 -0.000709515745 0.000662590023 0 0 0
nt@synapse_cleft 2185 -0.026610473 -0.00570241674 0.0179714892 0 0 0
nt@synapse_cleft 2187 -0.0176546314 0.00249635845 0.00317590587 0 0 0
nt@synapse_cleft 2199 -0.00175196542 -0.0202281717 0.00127517019 0 0 0
nt@synapse_cleft 2204 -0.0195179146 0.0234354029 3.16539236e-05 0 0 0
nt@synapse_cleft 2218 0.00663238878 -0.00635394509 0.0060764226 0 0 0
nt@synapse_cleft 2223 -0.0190079513 -0.0126755067 0.0133692629 0 0 0
nt@synapse_cleft 2228 -0.00117168055 0.0268681631 0.0173483868 0 0 0
nt@synapse_cleft 2236 -0.00529929625 0.00177998588 0.0175722311 0 0 0
nt@synapse_cleft 2251 -0.00726938348 0.00666459675 0.0133696218 0 0 0
nt@synapse_cleft 2254 -0.00976801411 -0.0277519154 0.0151812253 0 0 0
nt@synapse_cleft 2257 0.0201260929 0.000361787183 0.0165748657 0 0 0
nt@synapse_cleft 2262 -0.020165907 0.00897719921 0.0177397187 0 0 0
nt@synapse_cleft 2271 -0.0599835809 0.0121387703 0.0168526135 0 0 0
nt@synapse_cleft 2274 -0.00512209308 0.0355078184 0.00205162448 0 0 0
nt@synapse_cleft 2278 0.0236876119 0.027464754 0.00298753886 0 0 0
nt@synapse_cleft 2279 -0.0208750438 0.00766520448 0.0096289879 0 0 0
nt@synapse_cleft 2283 0.0417855836 -0.0240014361 0.0171099169 0 0 0
nt@synapse_cleft 2284 0.0343492032 -0.00176939286 0.0013344518 0 0 0
nt@synapse_cleft 2285 -0.00680931098 -0.0110767052 0.0123072638 0 0 0
nt@synapse_cleft 2289 0.0122308508 -0.00682535227 0.00539000898 0 0 0
nt@synapse_cleft 2298 -0.0539620355 -0.0299286662 0.0121192594 0 0 0
nt@synapse_cleft 2306 -0.00554357349 -0.0526342975 0.00718981952 0 0 0
nt@synapse_cleft 2308 -0.0423388711 0.0331452728 0.0042230047 0 0 0
nt@synapse_cleft 2309 -0.00246773345 0.014298182 0.0146385863 0 0 0
nt@synapse_cleft 2314 -0.00442048991 -0.0184106205 0.000278584412 0 0 0
nt@synapse_cleft 2317 0.046353993 0.00396893731 0.000860713484 0 0 0
nt@synapse_cleft 2320 0.0155747791 -0.0255654971 0.00632684847 0 0 0
nt@synapse_cleft 2321 0.0446905597 0.00783194435 0.0104453363 0 0 0
nt@synapse_cleft 2327 -0.0386016847 -0.0272062864 0.0138154781 0 0 0
nt@synapse_cleft 2330 -0.033992878 0.0181049037 0.0179909764 0 0 0
nt@synapse_cleft 2349 0.0487399543 0.016035221 0.002050094 0 0 0
nt@synapse_cleft 2367 -0.027453105 -0.0441651027 0.00342635424 0 0 0
nt@synapse_cleft 2369 -0.02844135 0.00630284154 0.00491262835 0 0 0
nt@synapse_cleft 2383 -0.00370605831 -0.0578936259 0.0128464948 0 0 0
nt@synapse_cleft 2386 -0.0193181759 -0.00189624019 0.00571006005 0 0 0
nt@synapse_cleft 2389 0.0031181802 -0.0286769182 0.013180307 0 0 0
nt@synapse_cleft 2397 0.00631988519 -0.0642939557 0.00417850749 0 0 0
nt@synapse_cleft 2400 -0.0280621674 -0.0243878106 0.018134351 0 0 0
nt@synapse_cleft 2411 0.0101662971 -0.0427456489 0.0127411624 0 0 0
nt@synapse_cleft 2412 0.00269229842 0.00523223084 0.0128938471 0 0 0
nt@synapse_cleft 2417 -0.0121876106 0.00179156447 0.0188149256 0 0 0
nt@synapse_cleft 2421 -0.00776743998 0.0188841182 0.00503742982 0 0 0
nt@synapse_cleft 2423 0.0135913845 -0.0526749282 0.00567565028 0 0 0
nt@synapse_cleft 2437 0.0405651515 -0.00561680377 0.0105931875 0 0 0
nt@synapse_cleft 2438 0.0062587891 -0.0272430535 0.00478153193 0 0 0
nt@synapse_cleft 2448 0.00249672418 0.00186385903 0.00435020502 0 0 0
nt@synapse_cleft 2456 -0.0174426659 -0.00739849388 0.000183282696 0 0 0
nt@synapse_cleft 2459 0.0138498363 0.0306758132 0.00467216116 0 0 0
nt@synapse_cleft 2462 -0.00982203556 0.0324203741 0.00344701767 0 0 0
nt@synapse_cleft 2468 -0.0523161523 -0.0149759999 0.0144133256 0 0 0
nt@synapse_cleft 2472 0.0615052962 -0.0408923196 0.0142226373 0 0 0
nt@synapse_cleft 2480 -0.0115552454 -0.0301232298 0.00443877774 0 0 0
nt@synapse_cleft 2481 -0.0150638531 -0.0135542034 0.0119485538 0 0 0
nt@synapse_cleft 2483 0.0281034944 0.0258121506 0.00916059656 0 0 0
nt@synapse_cleft 2491 0.00138968384 0.0164076765 0.0152235333 0 0 0
nt@synapse_cleft 2493 0.0273481457 -0.0341543647 0.0134248016 0 0 0
nt@synapse_cleft 2498 0.0148483927 -0.0153676064 0.000643483565 0 0 0
nt@synapse_cleft 2502 0.0180931564 -0.0315652736 0.0185532554 0 0 0
nt@synapse_cleft 2509 -0.00810426162 -0.0210161579 0.00745297375 0 0 0
nt@synapse_cleft 2513 -0.00713260647 0.0192297898 0.0147606971 0 0 0
nt@synapse_cleft 2517 -0.0010430732 -0.000331072095 0.0191600769 0 0 0
nt@synapse_cleft 2520 0.0172290476 0.0301924362 0.00431867108 0 0 0
nt@synapse_cleft 2528 0.0143245733 0.00690245879 0.0185892718 0 0 0
nt@synapse_cleft 2539 -0.00209482738 0.0282854129 0.00708482311 0 0 0
nt@synapse_cleft 2542 0.0212451111 -0.0274692224 0.00549711489 0 0 0
nt@synapse_cleft 2549 -0.0154467461 0.058740565 0.00864418547 0 0 0
nt@synapse_cleft 2550 0.0431066981 0.008236803 0.0160986429 0 0 0
nt@synapse_cleft 2555 0.0494361093 -0.0283134334 0.00606811672 0 0 0
nt@synapse_cleft 2560 -0.0304584539 0.00178853203 0.00401751064 0 0 0
nt@synapse_cleft 2561 0.0217864633 0.0529389109 0.00348316815 0 0 0
nt@synapse_cleft 2563 -0.00412929991 0.00667102705 0.00214430352 0 0 0
nt@synapse_cleft 2564 -0.0123682627 0.05431029 0.00625217468 0 0 0
nt@synapse_cleft 2566 -0.00603865998 0.00547219005 0.00977763743 0 0 0
nt@synapse_cleft 2570 0.0086313342 0.00295139796 0.00163321212 0 0 0
nt@synapse_cleft 2571 0.0323583203 -0.0535984367 0.0113400156 0 0 0
nt@synapse_cleft 2577 -0.0109737767 0.0336665901 0.0144757647 0 0 0
nt@synapse_cleft 2597 -0.0163187411 0.00056721961 0.0067703008 0 0 0
nt@synapse_cleft 2603 0.0381619208 -0.0354988581 0.0152244613 0 0 0
nt@synapse_cleft 2604 0.0451742322 -0.0165963559 0.0120161981 0 0 0
nt@synapse_cleft 2610 0.014464525 -0.0312216112 0.00942184556 0 0 0
nt@synapse_cleft 2615 0.000407691486 -0.068007013 0.0182912666 0 0 0
nt@synapse_cleft 2625 -0.0537281425 -0.0283021985 0.00398232549 0 0 0
nt@synapse_cleft 2628 0.0233453651 -0.032403864 0.0111897138 0 0 0
nt@synapse_cleft 2639 0.0182112828 -0.0166134325 0.0117148883 0 0 0
nt@synapse_cleft 2641 -0.0168643015 -0.0054281748 0.0090648389 0 0 0
nt@synapse_cleft 2652 -0.00804822601 0.0108407183 0.014160633 0 0 0
nt@synapse_cleft 2660 -0.0203085966 -0.0173476297 0.000789466514 0 0 0
nt@synapse_cleft 2670 -0.00776669307 -0.0247022929 0.0141160399 0 0 0
nt@synapse_cleft 2680 -0.0578106168 -0.0463566171 0.00537878609 0 0 0
nt@synapse_cleft 2681 -0.0463235327 -0.0260603606 0.0146219939 0 0 0
nt@synapse_cleft 2688 -0.0518956522 0.0677807378 0.0031165474 0 0 0
nt@synapse_cleft 2702 -0.0171077405 -0.00737664544 0.005038775 0 0 0
nt@synapse_cleft 2708 -0.0392628915 0.0160833862 0.00050539958 0 0 0
nt@synapse_cleft 2709 0.0126714397 -0.010301764 0.00401500794 0 0 0
nt@synapse_cleft 2713 -0.0103008441 -0.0200075849 0.00193882156 0 0 0
nt@synapse_cleft 2720 0.0172294483 0.0199380363 0.0182867998 0 0 0
nt@synapse_cleft 2724 8.66766037e-05 -0.0121632704 0.00538408485 0 0 0
nt@synapse_cleft 2729 0.00566441646 -0.0395130441 0.0150575712 0 0 0
nt@synapse_cleft 2734 0.0398740876 0.0113292419 0.0170222832 0 0 0
nt@synapse_cleft 2743 -0.00636579838 -0.0356884505 0.0160967657 0 0 0
nt@synapse_cleft 2750 0.0169894383 -0.0457557882 0.014266505 0 0 0
nt@synapse_cleft 2752 -0.0256056968 -0.0274009463 0.00423553485 0 0 0
nt@synapse_cleft 2756 0.0406922486 -0.0246097148 0.00101709263 0 0 0
nt@synapse_cleft 2766 -0.0207081502 0.0329780274 0.0115054853 0 0 0
nt@synapse_cleft 2775 0.0342566508 -0.0184334026 0.0153676483 0 0 0
nt@synapse_cleft 2785 0.0109305899 0.0468337769 0.0190588224 0 0 0
nt@synapse_cleft 2798 -0.0324391232 0.0140173296 0.0103013352 0 0 0
nt@synapse_cleft 2807 -0.0200155314 0.0161889472 0.00781062773 0 0 0
nt@synapse_cleft 2808 0.0204563305 0.0574056701 0.0178818 0 0 0
nt@synapse_cleft 2820 0.00647199758 -0.0017793205 0.0117101082 0 0 0
nt@synapse_cleft 2828 0.00450168276 -0.0449710531 0.0158405271 0 0 0
nt@synapse_cleft 2837 -0.011436802 0.0254426743 0.016480814 0 0 0
nt@synapse_cleft 2857 0.0125243411 -0.0151566533 0.008981964 0 0 0
nt@synapse_cleft 2861 -0.00829645581 0.0171634249 0.00793319811 0 0 0
nt@synapse_cleft 2863 -0.0405530093 -0.0108236736 0.00417043456 0 0 0
nt@synapse_cleft 2875 0.0146184433 0.0101486812 0.00538579823 0 0 0
nt@synapse_cleft 2876 -0.00925071385 0.00124866756 0.00907708445 0 0 0
nt@synapse_cleft 2880 0.0202459564 -0.00968084714 0.00645599329 0 0 0
nt@synapse_cleft 2884 0.0335720693 0.0155450293 0.0147352681 0 0 0
nt@synapse_cleft 2894 0.0193066087 0.00781291839 0.000753416483 0 0 0
nt@synapse_cleft 2895 0.0656773495 -0.00439344267 0.00763244088 0 0 0
nt@synapse_cleft 2905 -0.00394322255 0.00669393104 0.0100709673 0 0 0
nt@synapse_cleft 2909 0.0470165963 -0.00770027905 0.0178608108 0 0 0
nt@synapse_cleft 2910 -0.0607437133 0.0192066325 0.0162375898 0 0 0
nt@synapse_cleft 2912 -0.000450033045 -0.0207076831 0.0112432043 0 0 0
nt@synapse_cleft 2915 0.0323834787 -0.0500286924 0.00589780218 0 0 0
nt@synapse_cleft 2920 0.00573982655 -0.00310949805 0.0184356059 0 0 0
nt@synapse_cleft 2933 -0.000283636488 -0.0125425006 0.00275302992 0 0 0
nt@synapse_cleft 2935 -0.0451577894 0.00411459613 0.0134799796 0 0 0
nt@synapse_cleft 2940 -0.000589177503 -0.0181282007 0.00271793993 0 0 0
nt@synapse_cleft 2945 -0.0424442917 -0.0181778333 0.00344691147 0 0 0
nt@synapse_cleft 2961 0.0793094227 -0.0490952782 0.00406665672 0 0 0
nt@synapse_cleft 2962 0.0163384126 -0.00589444805 0.00864988008 0 0 0
nt@synapse_cleft 2967 0.00506090498 -0.0429105873 0.00810380407 0 0 0
nt@synapse_cleft 2983 0.0167889871 -0.0387098672 0.0123329771 0 0 0
nt@synapse_cleft 2993 -0.0170499227 0.0523547463 0.0138245932 0 0 0
nt@synapse_cleft 3006 0.0268873256 0.0570459371 0.00187227629 0 0 0
nt@synapse_cleft 3008 0.0226324679 0.0504108134 0.00994952271 0 0 0
nt@synapse_cleft 3012 0.0205104583 -0.00545932028 0.00606079617 0 0 0
nt@synapse_cleft 3019 -0.0212662252 0.00514386998 0.00205460244 0 0 0
nt@synapse_cleft 3020 -0.0174911746 -0.0227952106 0.000106727686 0 0 0
nt@synapse_cleft 3024 0.0270196705 -0.00443293946 0.0176637713 0 0 0
nt@synapse_cleft 3026 -0.0354397153 0.0105119867 0.0107969667 0 0 0
nt@synapse_cleft 3042 0.00124610624 0.0106965985 0.0194152688 0 0 0
nt@synapse_cleft 3047 0.0224650848 0.0566961865 0.0152934521 0 0 0
nt@synapse_cleft 3057 0.0338994431 -0.0015050136 0.0133400082 0 0 0
nt@synapse_cleft 3061 -0.0086878911 0.0283232437 0.0103456737 0 0 0
nt@synapse_cleft 3062 0.0168995193 -0.0212611378 0.00448504465 0 0 0
nt@synapse_cleft 3069 0.0534146168 -0.0342673678 0.0180504419 0 0 0
nt@synapse_cleft 3073 0.0132068857 0.036039178 0.00661848929 0 0 0
nt@synapse_cleft 3082 0.0244693664 0.0286109194 0.00898314421 0 0 0
nt@synapse_cleft 3089 -0.0104930707 -0.0219843379 0.00143122532 0 0 0
nt@synapse_cleft 3096 -0.00537979453 0.0208619341 0.00172923645 0 0 0
nt@synapse_cleft 3097 0.0554161181 0.0195634003 0.00212158108 0 0 0
nt@synapse_cleft 3099 -0.0340405425 0.00249786501 0.0127631711 0 0 0
nt@synapse_cleft 3111 0.000243213502 -0.0175179006 0.00146976434 0 0 0
nt@synapse_cleft 3114 0.0353152052 0.0319591375 0.00824790268 0 0 0
nt@synapse_cleft 3132 -0.0153561842 0.000141745756 0.00647690585 0 0 0
nt@synapse_cleft 3134 0.0159820553 0.0380548315 0.0153902996 0 0 0
nt@synapse_cleft 3150 0.0426702566 -0.0735540555 0.000459537156 0 0 0
nt@synapse_cleft 3155 -0.0121741031 0.00304538036 0.012984863 0 0 0
nt@synapse_cleft 3159 -0.019457081 0.0120066102 0.0178602077 0 0 0
nt@synapse_cleft 3177 0.0403645981 -0.0236255033 0.00943814115 0 0 0
nt@synapse_cleft 3178 -0.017196384 -0.0145176817 0.00474373916 0 0 0
nt@synapse_cleft 3179 0.0170431813 -0.00852447088 0.0122055206 0 0 0
nt@synapse_cleft 3181 0.00634759102 -0.00722071419 0.0135953918 0 0 0
nt@synapse_cleft 3183 0.00221717193 -0.0265916743 0.018268746 0 0 0
nt@synapse_cleft 3184 0.0279646147 0.0283365137 0.00496093083 0 0 0
nt@synapse_cleft 3185 0.0106827809 0.00301961415 0.0130268594 0 0 0
nt@synapse_cleft 3199 0.0134909456 0.0233731767 0.0101679609 0 0 0
nt@synapse_cleft 3202 0.0102510088 0.0422398165 0.0145147147 0 0 0
nt@synapse_cleft 3207 -0.022286247 -0.00281685801 0.000380256782 0 0 0
nt@synapse_cleft 3220 0.0016423332 0.0353164511 0.00954627648 0 0 0
nt@synapse_cleft 3222 -0.0590170482 -0.0207895118 0.00460749012 0 0 0
nt@synapse_cleft 3227 0.0143247678 0.00758570274 0.00134498796 0 0 0
nt@synapse_cleft 3247 0.00926537259 -9.37944022e-06 0.00725738809 0 0 0
nt@synapse_cleft 3249 -0.0165021152 -0.00788232927 0.0197767114 0 0 0
nt@synapse_cleft 3275 0.0103387673 -0.0146249265 0.00836614868 0 0 0
nt@synapse_cleft 3304 0.0221557544 0.0716142412 0.0121988952 0 0 0
nt@synapse_cleft 3308 -0.0238380278 0.0439616036 0.0129185105 0 0 0
nt@synapse_cleft 3312 -0.00125126906 -0.0110431837 0.000151743161 0 0 0
nt@synapse_cleft 3313 -0.00553296067 -0.0126013588 0.000268603654 0 0 0
nt@synapse_cleft 3326 0.0184101879 -0.0033110112 0.00547554115 0 0 0
nt@synapse_cleft 3334 0.00407817427 0.00616619413 0.0112248582 0 0 0
nt@synapse_cleft 3338 0.000573189597 -0.0409271791 0.015175697 0 0 0
nt@synapse_cleft 3341 0.0231770908 -0.00882622951 0.0069969344 0 0 0
nt@synapse_cleft 3347 0.0201631514 -0.0333945275 0.00921157989 0 0 0
nt@synapse_cleft 3367 0.00475170042 0.0155917007 0.00124182596 0 0 0
nt@synapse_cleft 3375 0.0459420715 0.03026148 0.0195770693 0 0 0
nt@synapse_cleft 3378 0.0154681661 0.0324684538 0.00473427589 0 0 0
nt@synapse_cleft 3394 -0.00124693291 -0.0245947306 0.00789737892 0 0 0
nt@synapse_cleft 3401 0.0468189127 -7.29488173e-05 0.00829908382 0 0 0
nt@synapse_cleft 3402 -0.00677979467 -0.00969524677 0.0019359615 0 0 0
nt@synapse_cleft 3404 0.0168817112 -0.0314766062 0.00592709511 0 0 0
nt@synapse_cleft 3407 -0.00123258466 0.0692004884 0.0114165788 0 0 0
nt@synapse_cleft 3413 0.0234649774 0.0136184052 0.00541629022 0 0 0
nt@synapse_cleft 3419 -0.0215321346 0.0205381121 0.00417697125 0 0 0
nt@synapse_cleft 3429 0.0542197286 -0.0157777668 0.0124544361 0 0 0
nt@synapse_cleft 3432 0.0502646288 -0.0619868893 0.00599280784 0 0 0
nt@synapse_cleft 3445 0.0255370888 0.0280653169 0.0182430442 0 0 0
nt@synapse_cleft 3451 0.00909879313 0.0183542148 0.0150533705 0 0 0
nt@synapse_cleft 3467 -0.0762536958 -0.00452349972 0.00626483791 0 0 0
nt@synapse_cleft 3474 0.0418441677 -0.00223130061 0.00468399758 0 0 0
nt@synapse_cleft 3482 -0.0716915605 -0.0412659657 0.0186291344 0 0 0
nt@synapse_cleft 3484 -0.00466377518 0.0177567237 0.0118543309 0 0 0
nt@synapse_cleft 3496 0.0194092718 -0.00445315896 0.0123811767 0 0 0
nt@synapse_cleft 3500 0.0207991674 -0.0369103011 0.0156509177 0 0 0
nt@synapse_cleft 3507 -0.0287988226 -0.000227705729 0.0189105885 0 0 0
nt@synapse_cleft 3511 0.018537914 -0.0265367847 0.0109506558 0 0 0
nt@synapse_cleft 3514 0.0013201247 0.000915662841 0.0153120162 0 0 0
nt@synapse_cleft 3526 0.021691406 -0.0454201528 0.0158629794 0 0 0
nt@synapse_cleft 3535 0.0135854843 0.0116702268 0.00166917668 0 0 0
nt@synapse_cleft 3536 0.00912523756 0.00544842087 0.0107055077 0 0 0
nt@synapse_cleft 3538 -0.0398371563 0.00801223186 4.23180261e-05 0 0 0
nt@synapse_cleft 3542 -0.000450036484 0.030273057 0.00215448336 0 0 0
nt@synapse_cleft 3543 -0.033040945 -0.019630454 0.00351956264 0 0 0
nt@synapse_cleft 3546 0.0141125658 0.0314345995 0.0121412305 0 0 0
nt@synapse_cleft 3561 -0.0243445093 -0.013605702 0.0047325319 0 0 0
nt@synapse_cleft 3562 -0.0597751753 -0.00288117902 0.0137808065 0 0 0
nt@synapse_cleft 3563 0.0194821863 -0.011468412 0.0194475166 0 0 0
nt@synapse_cleft 3565 0.0341299597 -0.0284939296 0.00151660426 0 0 0
nt@synapse_cleft 3566 -0.0181187362 0.0651929638 0.0196920036 0 0 0
nt@synapse_cleft 3568 0.0213727193 -0.0479463655 0.0148240631 0 0 0
nt@synapse_cleft 3575 -0.0133940125 0.00337014191 0.00926168845 0 0 0
nt@synapse_cleft 3576 0.0477254568 -0.005038201 0.0095927169 0 0 0
nt@synapse_cleft 3592 0.0208479594 0.0366353313 0.0111674851 0 0 0
nt@synapse_cleft 3602 -0.0302029301 -0.010169897 0.00919542728 0 0 0
nt@synapse_cleft 3603 -0.0181731026 0.0215039346 0.016704744 0 0 0
nt@synapse_cleft 3606 -0.00158127748 0.00585954085 0.000315289907 0 0 0
nt@synapse_cleft 3610 -0.00155999382 0.00553974137 0.00713402479 0 0 0
nt@synapse_cleft 3611 0.0112560191 0.00477510704 0.0106301451 0 0 0
nt@synapse_cleft 3616 -0.0366180419 0.0266904617 0.0172104983 0 0 0
nt@synapse_cleft 3617 -0.00571694207 -0.0681903609 0.0165610684 0 0 0
nt@synapse_cleft 3620 0.00613651629 0.0278034255 0.00167475014 0 0 0
nt@synapse_cleft 3625 0.023524029 0.013514915 0.0153748127 0 0 0
nt@synapse_cleft 3630 0.0223617246 0.0381729891 0.00964272799 0 0 0
nt@synapse_cleft 3635 -0.00557380955 0.0166753449 0.00512349888 0 0 0
nt@synapse_cleft 3636 0.0021623849 -0.00780876199 0.0120059389 0 0 0
nt@synapse_cleft 3645 -0.0106147432 -0.0245284064 0.00222124646 0 0 0
nt@synapse_cleft 3658 0.017233362 -0.0252649172 0.0180861891 0 0 0
nt@synapse_cleft 3661 0.0302336675 0.00874226266 0.0198248675 0 0 0
nt@synapse_cleft 3664 0.0400616682 -0.048471741 0.00205795986 0 0 0
nt@synapse_cleft 3667 -0.030852517 0.00212772657 0.00627278265 0 0 0
nt@synapse_cleft 3681 0.0384900956 -0.0179886431 0.00776818769 0 0 0
nt@synapse_cleft 3690 0.0402875944 -0.0129822461 0.0182542928 0 0 0
nt@synapse_cleft 3693 -0.0610154339 -0.0191723702 0.0132006719 0 0 0
nt@synapse_cleft 3706 0.0328284082 -0.0232469087 0.0157530567 0 0 0
nt@synapse_cleft 3707 -0.0636798779 -0.0108041029 0.00411708997 0 0 0
nt@synapse_cleft 3714 -0.0519957381 -0.0114556246 0.0177406271 0 0 0
nt@synapse_cleft 3730 0.019778944 0.0084308348 0.0031809366 0 0 0
nt@synapse_cleft 3731 -0.00568738313 0.00247559812 0.00613539523 0 0 0
nt@synapse_cleft 3737 0.00722651686 0.0189210631 0.00450969239 0 0 0
nt@synapse_cleft 3738 -0.0125617792 0.0241374802 0.0119264538 0 0 0
nt@synapse_cleft 3739 0.0275967278 0.0513424941 0.00932763276 0 0 0
nt@synapse_cleft 3745 0.00550898518 0.0258784709 0.0163542683 0 0 0
nt@synapse_cleft 3751 -0.00437360886 0.00835125844 0.0122665395 0 0 0
nt@synapse_cleft 3758 -0.0118678982 -0.0438605301 0.00758616732 0 0 0
nt@synapse_cleft 3759 -0.0192961131 -0.0183807549 0.0116320219 0 0 0
nt@synapse_cleft 3763 0.0399215248 0.0360485082 0.012372598 0 0 0
nt@synapse_cleft 3768 0.0200740538 -0.00499964505 0.0141520368 0 0 0
nt@synapse_cleft 3771 0.0170585616 -0.0260680943 0.00999912467 0 0 0
nt@synapse_cleft 3775 0.0102917621 0.00266869646 0.0110800685 0 0 0
nt@synapse_cleft 3783 -0.0296661652 -0.0269367285 0.00560626152 0 0 0
nt@synapse_cleft 3788 -0.0109557624 -0.0254418301 0.0135391051 0 0 0
nt@synapse_cleft 3793 -0.023325576 -0.0121081571 0.00448011104 0 0 0
nt@synapse_cleft 3800 0.0137644152 -0.00943933918 0.0133191127 0 0 0
nt@synapse_cleft 3802 0.00953701621 0.0180597299 0.0150936912 0 0 0
nt@synapse_cleft 3811 -0.0127565129 -0.0273590644 0.00585511095 0 0 0
nt@synapse_cleft 3827 0.00347898963 0.0565135138 0.00657830107 0 0 0
nt@synapse_cleft 3831 0.00249277335 -0.0505245693 0.00195184484 0 0 0
nt@synapse_cleft 3834 0.0388344841 -0.0280070997 0.0165905168 0 0 0
nt@synapse_cleft 3835 0.00803589734 -0.0461995441 0.0102874114 0 0 0
nt@synapse_cleft 3841 0.0321875419 -0.0229519585 0.000505129832 0 0 0
nt@synapse_cleft 3844 -0.00563927474 -0.0012513392 0.00752241367 0 0 0
nt@synapse_cleft 3846 -0.0255134728 0.00747004618 0.0182694731 0 0 0
nt@synapse_cleft 3848 0.0311113711 0.0375528996 0.0170980154 0 0 0
nt@synapse_cleft 3850 -0.0252289598 -0.00996271634 0.0158529576 0 0 0
nt@synapse_cleft 3859 0.0591405144 -0.00188508789 0.00377371505 0 0 0
nt@synapse_cleft 3879 0.036264383 -0.0585295466 0.0175231969 0 0 0
nt@synapse_cleft 3886 0.0402287596 0.0512657031 0.00750047683 0 0 0
nt@synapse_cleft 3891 0.00814632688 -0.0182906429 0.0056214914 0 0 0
nt@synapse_cleft 3902 -0.0371335777 0.00911155772 0.00792317871 0 0 0
nt@synapse_cleft 3907 -0.0269129255 -0.0247491944 0.0195336569 0 0 0
nt@synapse_cleft 3917 -0.00906588085 -0.0221658859 0.0101852432 0 0 0
nt@synapse_cleft 3918 -0.0101843064 -0.00888051599 0.0172668303 0 0 0
nt@synapse_cleft 3921 0.0276030057 0.0605804002 0.00650684025 0 0 0
nt@synapse_cleft 3927 -0.00411388264 0.0497948285 0.0167732827 0 0 0
nt@synapse_cleft 3932 0.0294597649 -0.0146582096 0.0144312977 0 0 0
nt@synapse_cleft 3941 -0.0235757927 0.00681391235 0.000428907824 0 0 0
nt@synapse_cleft 3952 -0.0300045857 0.0217451943 0.00999070957 0 0 0
nt@synapse_cleft 3953 0.029612203 -0.0307089689 0.00310968775 0 0 0
nt@synapse_cleft 3957 0.0299392859 -0.00204406463 0.0157000421 0 0 0
nt@synapse_cleft 3958 0.0152606989 0.0152447396 0.0116224594 0 0 0
nt@synapse_cleft 3962 -0.0301697494 -0.00906050118 0.00147695204 0 0 0
nt@synapse_cleft 3963 0.0304067566 0.0180495023 0.0101160389 0 0 0
nt@synapse_cleft 3965 -0.0406885535 -0.00433844621 0.0047478494 0 0 0
nt@synapse_cleft 3967 0.0124898215 -0.0243122673 0.0192399081 0 0 0
nt@synapse_cleft 3968 0.0221162155 -0.00870328326 0.00372501321 0 0 0
nt@synapse_cleft 3973 -0.00369212422 -0.00398682095 0.0163508471 0 0 0
nt@synapse_cleft 3974 -0.0234320783 0.0603738194 0.0023543495 0 0 0
nt@synapse_cleft 3978 0.0266086825 0.00740418283 0.00852269337 0 0 0
nt@synapse_cleft 3983 -0.0371993982 -0.0307531797 0.0100744902 0 0 0
nt@synapse_cleft 3988 0.000224148769 -0.0319548566 0.0120679367 0 0 0
nt@synapse_cleft 3991 0.0791382656 -0.0253427876 0.00668092291 0 0 0
nt@synapse_cleft 3993 -0.0531059009 0.0087722551 0.00832099457 0 0 0
nt@synapse_cleft 3997 -0.049115042 0.00022998935 0.0159757364 0 0 0
nt@synapse_cleft 3999 -0.0479542542 -0.0174466193 0.00477738414 0 0 0
nt@synapse_cleft 4011 0.0233203328 0.0378177421 0.00631804095 0 0 0
nt@synapse_cleft 4018 0.0158690305 0.00947725674 0.0168918999 0 0 0
nt@synapse_cleft 4027 0.0111856004 -0.019224728 0.0144979279 0 0 0
nt@synapse_cleft 4028 -0.0361557503 0.0365903482 0.015775033 0 0 0
nt@synapse_cleft 4037 -0.0136017038 0.0358367877 0.0150887912 0 0 0
nt@synapse_cleft 4040 0.00804331797 0.0121630449 0.0163404215 0 0 0
nt@synapse_cleft 4049 0.0259570513 0.0126755661 0.016856963 0 0 0
nt@synapse_cleft 4051 0.0204156877 0.00296737991 0.0113136529 0 0 0
nt@synapse_cleft 4064 0.00561619277 0.0152524866 0.00781618387 0 0 0
nt@synapse_cleft 4070 -0.0209700879 0.00335676877 0.0196460483 0 0 0
nt@synapse_cleft 4071 -0.0141596759 -0.0455127576 0.0175606042 0 0 0
nt@synapse_cleft 4095 0.0415846592 -0.0134135542 0.0193065639 0 0 0
nt@synapse_cleft 4103 -0.0075546536 0.0138661995 0.0132065356 0 0 0
nt@synapse_cleft 4106 0.0228556228 0.0140892987 0.0188079038 0 0 0
nt@synapse_cleft 4111 0.0603419373 0.0231134227 0.00653713527 0 0 0
nt@synapse_cleft 4115 -0.00124151572 0.0124005264 0.0174043071 0 0 0
nt@synapse_cleft 4119 0.00865078869 -0.0245757331 0.01778771 0 0 0
nt@synapse_cleft 4123 -0.0037429285 0.0136949908 0.0158707972 0 0 0
nt@synapse_cleft 4126 0.0324189835 -0.0284240768 0.000802560772 0 0 0
nt@synapse_cleft 4129 -0.0140575625 0.0107761689 0.0132820635 0 0 0
nt@synapse_cleft 4131 -0.00603411852 0.0376153044 0.0185888919 0 0 0
nt@synapse_cleft 4132 0.0360579915 0.0291457569 0.0185602546 0 0 0
nt@synapse_cleft 4135 0.0170793208 -0.000207916329 0.0184940887 0 0 0
nt@synapse_cleft 4144 0.0296181965 -0.000909652415 0.00921935408 0 0 0
nt@synapse_cleft 4150 -0.0454730804 -0.0543235462 0.0130969605 0 0 0
nt@synapse_cleft 4155 0.0200403357 -0.0586796352 0.00277976977 0 0 0
nt@synapse_cleft 4156 0.0494105461 -0.00345640476 0.00205751493 0 0 0
nt@synapse_cleft 4162 0.0319061291 -0.0173452461 0.00932661541 0 0 0
nt@synapse_cleft 4163 0.000725742386 0.054571698 0.00477536172 0 0 0
nt@synapse_cleft 4170 -0.0404142623 0.00821332368 0.0161494039 0 0 0
nt@synapse_cleft 4177 -0.0612845967 0.0691679845 0.0152788078 0 0 0
nt@synapse_cleft 4187 -0.0180050461 -0.0240222529 0.00909695171 0 0 0
nt@synapse_cleft 4193 0.0022042724 -0.0369498968 0.0101360574 0 0 0
nt@synapse_cleft 4214 -0.0452662877 -0.0130434176 0.0198908809 0 0 0
nt@synapse_cleft 4215 0.0271911788 -0.0659805151 0.0146791416 0 0 0
nt@synapse_cleft 4220 -0.013507963 -0.00916317762 0.0126918935 0 0 0
nt@synapse_cleft 4228 0.0279375172 -0.00678450326 0.0192372749 0 0 0
nt@synapse_cleft 4230 -0.0257024849 0.0489615157 0.0037312953 0 0 0
nt@synapse_cleft 4233 0.0244538882 0.0271899334 0.0046503736 0 0 0
nt@synapse_cleft 4237 0.0127941221 -0.0155314318 0.0167614176 0 0 0
nt@synapse_cleft 4242 0.0306450555 -0.0284728507 0.0108327447 0 0 0
nt@synapse_cleft 4252 0.0376738019 0.00344584427 0.0169577715 0 0 0
nt@synapse_cleft 4254 -0.0141601671 0.0390232507 0.00820034802 0 0 0
nt@synapse_cleft 4255 -0.0289457552 -0.0335284314 0.0165098227 0 0 0
nt@synapse_cleft 4279 0.0180946721 -0.0455790451 0.0087393268 0 0 0
nt@synapse_cleft 4285 -0.0447784016 0.0476181007 0.00353903502 0 0 0
nt@synapse_cleft 4288 0.0237841341 -0.0199790518 0.0192413094 0 0 0
nt@synapse_cleft 4293 -0.0162410608 -0.012890319 0.00313914428 0 0 0
nt@synapse_cleft 4297 0.0400448908 -0.0284460773 0.00427851889 0 0 0
nt@synapse_cleft 4301 0.0310826777 0.00413751006 0.0114524981 0 0 0
nt@synapse_cleft 4312 -0.00891180049 -0.0276439395 0.00509591622 0 0 0
nt@synapse_cleft 4317 -0.0120942492 0.0468630549 0.0166538875 0 0 0
nt@synapse_cleft 4326 0.0230613427 -0.0147831642 0.0172339798 0 0 0
nt@synapse_cleft 4330 -0.0219698386 0.00244411709 0.0141390233 0 0 0
nt@synapse_cleft 4334 0.0139012428 0.00490991531 0.00275353295 0 0 0
nt@synapse_cleft 4339 0.00809098582 -0.0266346292 0.00711101188 0 0 0
nt@synapse_cleft 4343 -0.0261737442 -0.0555398719 0.00492831158 0 0 0
nt@synapse_cleft 4346 0.0173907876 -0.00299350131 0.0116018953 0 0 0
nt@synapse_cleft 4351 0.0446807207 0.0178722427 0.0148776604 0 0 0
nt@synapse_cleft 4360 0.0135717376 0.00255114402 0.0102067445 0 0 0
nt@synapse_cleft 4365 0.00520955926 0.0342701692 0.00423520017 0 0 0
nt@synapse_cleft 4374 -0.0165663982 -0.01772906 0.0130967287 0 0 0
nt@synapse_cleft 4376 -0.0134356958 -0.0145467484 0.00693100137 0 0 0
nt@synapse_cleft 4381 -0.0234803775 -0.0360721151 0.0137167937 0 0 0
nt@synapse_cleft 4386 -0.0100825056 0.0012322948 0.00755614331 0 0 0
nt@synapse_cleft 4392 -0.00829150894 0.0118329935 0.0147264193 0 0 0
nt@synapse_cleft 4395 0.0221494534 -0.0383835607 0.00740088188 0 0 0
nt@synapse_cleft 4396 0.0134229307 -0.0593785476 0.000570771072 0 0 0
nt@synapse_cleft 4398 -0.0166291596 0.0216187199 0.01891093 0 0 0
nt@synapse_cleft 4399 0.0116010716 0.0449966503 0.00468901752 0 0 0
nt@synapse_cleft 4403 -0.0196231026 -0.00644413736 0.0182087944 0 0 0
nt@synapse_cleft 4414 -0.00153017761 -0.0314043986 0.0136292261 0 0 0
nt@synapse_cleft 4416 -0.0228095724 -0.010170479 0.00335955123 0 0 0
nt@synapse_cleft 4423 0.0108328035 0.003074601 0.00794979529 0 0 0
nt@synapse_cleft 4424 -0.0329743684 -0.00975187547 0.00478797376 0 0 0
nt@synapse_cleft 4430 -0.0018097747 -0.00272415643 0.00355683466 0 0 0
nt@synapse_cleft 4431 0.0202468807 -0.0375343912 0.00484921162 0 0 0
nt@synapse_cleft 4434 0.0118081078 0.00279614039 0.00693826787 0 0 0
nt@synapse_cleft 4446 -0.0161268725 0.0218050507 0.0121014791 0 0 0
nt@synapse_cleft 4449 0.0172981648 0.0655041249 0.0150814277 0 0 0
nt@synapse_cleft 4464 0.0183230434 -0.0105193012 0.0173059963 0 0 0
nt@synapse_cleft 4473 -0.00459352844 -0.0084063836 0.00490591473 0 0 0
nt@synapse_cleft 4478 -0.0221183458 0.0333928693 0.0167848189 0 0 0
nt@synapse_cleft 4480 0.0125247943 0.0463854263 0.0138841704 0 0 0
nt@synapse_cleft 4482 -0.0287368664 -0.0258861696 0.0125217687 0 0 0
nt@synapse_cleft 4485 0.0155699416 0.0140628029 0.0125625888 0 0 0
nt@synapse_cleft 4488 0.0216037035 -0.00271273775 0.0110694368 0 0 0
nt@synapse_cleft 4489 -0.00671469468 -8.50988878e-05 0.00251006135 0 0 0
nt@synapse_cleft 4496 -0.0465272584 0.0482251326 0.0120476764 0 0 0
nt@synapse_cleft 4499 -0.00223606772 0.0123898478 0.00304464182 0 0 0
nt@synapse_cleft 4501 0.0114661081 0.00570473822 0.0142604996 0 0 0
nt@synapse_cleft 4517 -0.0447221859 0.0112128472 0.00180305066 0 0 0
nt@synapse_cleft 4527 0.0135575155 -0.00252745715 0.012689818 0 0 0
nt@synapse_cleft 4538 -0.0416927015 -0.0490087831 0.000983023028 0 0 0
nt@synapse_cleft 4542 0.0068247688 0.0428593973 0.00135220017 0 0 0
nt@synapse_cleft 4545 -0.0274123202 0.0356969269 0.0174260926 0 0 0
nt@synapse_cleft 4551 -0.0152102471 0.0409142306 0.0149289883 0 0 0
nt@synapse_cleft 4553 -0.0351876504 -0.00893037658 0.0165557427 0 0 0
nt@synapse_cleft 4559 -0.0349614486 0.0339680271 0.0114491326 0 0 0
nt@synapse_cleft 4565 -0.0589863159 -0.0115600038 0.00556822313 0 0 0
nt@synapse_cleft 4574 0.0456869901 -0.0257565941 0.0051057504 0 0 0
nt@synapse_cleft 4576 -0.0320591816 -0.0375996399 0.00306515476 0 0 0
nt@synapse_cleft 4583 0.00436141451 -0.00293861957 0.00166195747 0 0 0
nt@synapse_cleft 4587 0.0236769837 0.0200687237 0.0128139365 0 0 0
nt@synapse_cleft 4590 -0.0530813978 -0.00304690451 0.0192638489 0 0 0
nt@synapse_cleft 4593 -0.0399648246 0.0435996345 0.00436298016 0 0 0
nt@synapse_cleft 4594 0.0109826645 0.0211592465 0.00218567015 0 0 0
nt@synapse_cleft 4595 0.0314162741 -0.0470772775 0.00281308243 0 0 0
nt@synapse_cleft 4613 0.056187048 0.00539309751 0.0139713109 0 0 0
nt@synapse_cleft 4620 0.00382841717 -0.00748727195 0.0132957321 0 0 0
nt@synapse_cleft 4654 0.0070007168 -0.0255805008 0.00264010497 0 0 0
nt@synapse_cleft 4659 -0.0279509043 0.0378750642 0.0077144775 0 0 0
nt@synapse_cleft 4661 -0.00286499759 -0.0460061745 0.0157030253 0 0 0
nt@synapse_cleft 4666 0.0601553907 0.0324819652 0.0152891663 0 0 0
nt@synapse_cleft 4681 0.0084616319 -0.0158259679 0.000562662114 0 0 0
nt@synapse_cleft 4687 0.00574138515 0.0131656904 0.0175911929 0 0 0
nt@synapse_cleft 4700 -0.0263646852 0.0684611252 0.0096002824 0 0 0
nt@synapse_cleft 4701 0.0220566615 0.0219461402 0.0129065811 0 0 0
nt@synapse_cleft 4709 -0.0121575872 0.00518206462 0.00258559456 0 0 0
nt@synapse_cleft 4710 -0.0205634685 -0.0266640157 0.000897926895 0 0 0
nt@synapse_cleft 4718 0.0520376442 0.0147437808 0.0111974349 0 0 0
nt@synapse_cleft 4736 0.00171010013 0.0188773144 0.0143720784 0 0 0
nt@synapse_cleft 4750 0.00506340688 -0.0693174718 0.00348019879 0 0 0
nt@synapse_cleft 4753 -0.0282941728 0.00216423713 0.000640349697 0 0 0
nt@synapse_cleft 4754 -0.00879585795 -0.00192376279 0.00197487819 0 0 0
nt@synapse_cleft 4756 -0.0107072871 0.00184956369 0.0185116827 0 0 0
nt@synapse_cleft 4758 -0.0351879549 0.00484948682 0.0177217926 0 0 0
nt@synapse_cleft 4764 0.0215550879 -0.00888309376 0.000996211726 0 0 0
nt@synapse_cleft 4779 0.019143198 -0.0310367563 0.0172060701 0 0 0
nt@synapse_cleft 4784 0.0309079574 0.00843381613 0.011259138 0 0 0
nt@synapse_cleft 4786 -0.0239205217 0.019973797 0.0137560011 0 0 0
nt@synapse_cleft 4791 0.0479736476 -0.00562260808 0.0192173264 0 0 0
nt@synapse_cleft 4793 -0.0243289758 -0.00590915856 0.0133629732 0 0 0
nt@synapse_cleft 4800 0.016796267 -0.00629021086 0.013167297 0 0 0
nt@synapse_cleft 4801 -0.00945045598 0.0101482465 0.0166640644 0 0 0
nt@synapse_cleft 4816 -0.0327532936 -0.0231694752 0.0189525811 0 0 0
nt@synapse_cleft 4822 -0.0135369948 -0.0170945101 0.00266072031 0 0 0
nt@synapse_cleft 4823 -0.000660181891 0.0201325219 0.019134757 0 0 0
nt@synapse_cleft 4829 0.0153393066 -0.0676574551 0.00157238921 0 0 0
nt@synapse_cleft 4830 -0.0346186366 0.00298103418 0.0166642667 0 0 0
nt@synapse_cleft 4839 -0.00636728417 -0.00372962064 0.00373898256 0 0 0
nt@synapse_cleft 4844 0.0698131527 -0.0151749918 0.00945370325 0 0 0
nt@synapse_cleft 4852 -0.0135511027 -0.0214660452 0.00178676577 0 0 0
nt@synapse_cleft 4871 0.01583632 0.0114411875 0.00239424899 0 0 0
nt@synapse_cleft 4880 0.00123211642 -0.0329330432 0.0109241222 0 0 0
nt@synapse_cleft 4883 -0.0425587809 -0.00483124849 0.0169348696 0 0 0
nt@synapse_cleft 4892 -0.031416129 0.0318114948 0.0154255437 0 0 0
nt@synapse_cleft 4897 0.0149547548 -0.017918626 0.00610055424 0 0 0
nt@synapse_cleft 4901 0.0308340627 0.0130648285 0.000778454129 0 0 0
nt@synapse_cleft 4905 -0.0361198876 0.000198718401 0.012482119 0 0 0
nt@synapse_cleft 4906 -0.0181032353 -0.0361355369 0.00200115781 0 0 0
nt@synapse_cleft 4919 -0.0124237544 -0.00293898959 0.0014672021 0 0 0
nt@synapse_cleft 4925 -0.00325824852 -0.00303778236 0.00722862222 0 0 0
nt@synapse_cleft 4937 -0.0689405907 0.00503138442 0.0102836806 0 0 0
nt@synapse_cleft 4946 -0.0105693487 0.00432088138 0.00102260577 0 0 0
nt@synapse_cleft 4967 -0.0119761325 0.00596849635 0.0180276379 0 0 0
nt@synapse_cleft 4973 -0.00729086173 0.0512903888 0.017968133 0 0 0
nt@synapse_cleft 4979 0.00876495418 -0.00931515694 0.00142001742 0 0 0
nt@synapse_cleft 4981 0.0106348183 -0.0573420171 0.0059321891 0 0 0
nt@synapse_cleft 4982 0.00322933371 0.00719360399 0.000381064479 0 0 0
nt@synapse_cleft 4983 -0.0313153539 0.00776099061 0.00669666856 0 0 0
nt@synapse_cleft 4991 -0.019456828 -0.00798576826 0.00630279958 0 0 0
nt@synapse_cleft 5004 -0.0159528435 -0.00761879748 0.00369657344 0 0 0
nt@synapse_cleft 5006 0.0158337007 -0.0174822362 0.00388928416 0 0 0
nt@synapse_cleft 5009 -0.0295394365 -0.000220111404 0.00145855252 0 0 0
nt@synapse_cleft 5011 -0.0142059747 -0.0172874369 0.0124050133 0 0 0
nt@synapse_cleft 5015 -0.0259898584 -0.0245332594 0.0195869073 0 0 0
nt@synapse_cleft 5024 0.00036512707 -0.0130776757 0.0162063186 0 0 0
nt@synapse_cleft 5044 -0.0349327734 0.0109368393 0.00576343474 0 0 0
nt@synapse_cleft 5045 0.0358368846 0.0378144756 0.0164959242 0 0 0
nt@synapse_cleft 5046 0.00155400935 -0.0311546094 0.00092727442 0 0 0
nt@synapse_cleft 5052 0.0147812696 -0.00786680651 0.00926820178 0 0 0
nt@synapse_cleft 5055 -0.00733394162 0.0156737329 0.0142971675 0 0 0
nt@synapse_cleft 5061 0.0183908578 -0.0397971093 0.00485413726 0 0 0
nt@synapse_cleft 5063 -0.0327214333 0.0396217637 0.0187145853 0 0 0
nt@synapse_cleft 5081 0.0208146291 -0.00787950685 0.000819197799 0 0 0
nt@synapse_cleft 5082 -0.00206383585 0.042708823 0.0198615764 0 0 0
nt@synapse_cleft 5086 0.022414809 0.0421876789 0.00946963614 0 0 0
nt@synapse_cleft 5133 -0.0193794896 0.0236900931 0.00215853579 0 0 0
nt@synapse_cleft 5145 0.0195527471 0.0301387105 0.017322557 0 0 0
nt@synapse_cleft 5154 0.0104852009 0.0112188912 0.0189816061 0 0 0
nt@synapse_cleft 5159 -0.0334729828 -0.0132902556 0.0186756124 0 0 0
nt@synapse_cleft 5164 0.0101124267 -0.00131093182 0.00139843075 0 0 0
nt@synapse_cleft 5173 -0.0278243127 0.00178334599 0.00967412778 0 0 0
nt@synapse_cleft 5176 -0.025518547 0.0710921185 0.00998774887 0 0 0
nt@synapse_cleft 5179 0.021806089 0.00631391984 0.00306724335 0 0 0
nt@synapse_cleft 5182 0.0591366966 -0.00112227625 0.00768866583 0 0 0
nt@synapse_cleft 5183 0.0499480733 -0.000823589605 0.00707110033 0 0 0
nt@synapse_cleft 5198 0.000893155407 -0.0109246005 0.0177627447 0 0 0
