nt@synapse_cleft 0 0.0292605564 0.00344892413 0.0172419396 0 0 0
nt@synapse_cleft 2 -0.0510002898 0.0186689005 0.00890236859 0 0 0
nt@synapse_cleft 7 0.0179403128 0.0120834859 0.00700279625 0 0 0
nt@synapse_cleft 9 0.0419105634 -0.0381274275 0.0163159046 0 0 0
nt@synapse_cleft 12 -1.21227235e-05 0.0432632344 0.00409314231 0 0 0
nt@synapse_cleft 15 -0.00218399847 0.0202608907 0.0161225547 0 0 0
nt@synapse_cleft 17 0.032719695 0.0101236895 0.0142148618 0 0 0
nt@synapse_cleft 26 -0.0267346855 -0.00277740994 0.016076336 0 0 0
nt@synapse_cleft 30 0.0095016722 -0.0322885175 0.0053150425 0 0 0
nt@synapse_cleft 35 0.0137994243 0.0496350929 0.0182625756 0 0 0
nt@synapse_cleft 42 0.00315036884 0.0039698055 0.0056505908 0 0 0
nt@synapse_cleft 45 -0.00317702282 0.0105387174 0.0166613019 0 0 0
nt@synapse_cleft 54 0.00213621655 0.0318903936 0.0148354875 0 0 0
nt@synapse_cleft 56 -0.0308128794 -0.0253402595 0.0048854487 0 0 0
nt@synapse_cleft 72 -0.0375050634 0.0202867904 0.0187297551 0 0 0
nt@synapse_cleft 81 0.000362413653 -0.0372037595 0.00268161163 0 0 0
nt@synapse_cleft 87 -0.00576981532 -0.00140270675 0.00220744202 0 0 0
nt@synapse_cleft 89 0.0376810981 -0.0111857234 0.0125886037 0 0 0
nt@synapse_cleft 100 -0.0168283339 -0.0244607774 0.00225369829 0 0 0
nt@synapse_cleft 103 0.0339338542 -0.01670258 0.0125722604 0 0 0
nt@synapse_cleft 111 -0.0416648764 0.0393135612 0.0136605419 0 0 0
nt@synapse_cleft 114 0.0480076866 -0.0199943684 0.00474032268 0 0 0
nt@synapse_cleft 115 -0.0081040999 -0.0166715346 0.0196165893 0 0 0
nt@synapse_cleft 116 -0.0207774749 -0.0250342029 0.00108894299 0 0 0
nt@synapse_cleft 135 -0.0317846556 -0.0212005591 0.0155368782 0 0 0
nt@synapse_cleft 137 -0.0484698254 -0.0405280844 0.00481766324 0 0 0
nt@synapse_cleft 148 -0.0199882779 0.0765280923 0.000587383033 0 0 0
nt@synapse_cleft 150 -0.0144970744 0.0243649453 0.016900942 0 0 0
nt@synapse_cleft 156 -0.00850713137 -0.0118636883 0.0112680712 0 0 0
nt@synapse_cleft 167 -0.00255135909 -0.0357460926 0.00771557162 0 0 0
nt@synapse_cleft 188 -0.00758086872 -0.0171573991 0.0182558826 0 0 0
nt@synapse_cleft 192 -0.0119647763 0.0308749875 0.0113281817 0 0 0
nt@synapse_cleft 194 -0.0249904378 -0.0125260147 0.0135200341 0 0 0
nt@synapse_cleft 195 0.0365189792 0.0513218536 0.00168906376 0 0 0
nt@synapse_cleft 199 0.0326580642 0.0226489306 0.0187223694 0 0 0
nt@synapse_cleft 206 -0.00171831163 -0.0225778001 0.0166803728 0 0 0
nt@synapse_cleft 210 -0.0340894166 0.00391281434 0.00926160557 0 0 0
nt@synapse_cleft 224 -0.0183986573 0.0551299714 0.00862935554 0 0 0
nt@synapse_cleft 231 0.0170168585 0.0465387599 0.00365773443 0 0 0
nt@synapse_cleft 235 0.0108487574 -0.0188216204 0.0130296718 0 0 0
nt@synapse_cleft 244 -0.0100301467 0.0124780763 0.0179898946 0 0 0
nt@synapse_cleft 248 0.0356441412 -0.029993301 0.0188595852 0 0 0
nt@synapse_cleft 256 -0.0465975776 -0.01137269 0.0188798905 0 0 0
nt@synapse_cleft 268 -0.00245505652 -0.0270740297 0.0182678721 0 0 0
nt@synapse_cleft 272 0.00495292492 -0.0530519339 0.00167121897 0 0 0
nt@synapse_cleft 284 -0.0386092942 0.0871957832 0.0103663024 0 0 0
nt@synapse_cleft 293 0.0215187295 -0.0225427846 0.0154546496 0 0 0
nt@synapse_cleft 306 0.0181153714 -0.0284064935 0.00101755805 0 0 0
nt@synapse_cleft 307 0.0184091799 -0.00817501144 0.0164446265 0 0 0
nt@synapse_cleft 308 0.0403804785 0.0393748025 0.0121875158 0 0 0
nt@synapse_cleft 310 0.032258485 0.000617532341 0.00790652038 0 0 0
nt@synapse_cleft 318 -0.019156632 -0.00468750306 0.0152260128 0 0 0
nt@synapse_cleft 321 0.0407936338 0.00457312397 0.00545983735 0 0 0
nt@synapse_cleft 325 -0.0530016439 0.0705689104 0.0112936826 0 0 0
nt@synapse_cleft 347 0.000662311365 0.0118359129 0.00903980432 0 0 0
nt@synapse_cleft 348 -0.00315314782 -0.0257901168 0.00073710259 0 0 0
nt@synapse_cleft 350 0.00947577228 -0.00314369339 0.00743100443 0 0 0
nt@synapse_cleft 356 -0.0444963419 0.0108972397 0.0087609472 0 0 0
nt@synapse_cleft 361 -0.0368090996 0.00130817766 0.0134997386 0 0 0
nt@synapse_cleft 371 -0.00216991588 0.0346661555 0.00980077561 0 0 0
nt@synapse_cleft 372 0.00901140591 0.0285097128 0.0118691681 0 0 0
nt@synapse_cleft 376 -0.0135460523 0.00880972085 0.0044270137 0 0 0
nt@synapse_cleft 385 0.0169552045 0.00679482988 0.00130434485 0 0 0
nt@synapse_cleft 391 0.0177801321 -0.0325821764 0.0198075746 0 0 0
nt@synapse_cleft 402 0.00771090791 0.0352379316 0.0125374545 0 0 0
nt@synapse_cleft 406 -0.0276134871 -0.0407174374 0.00534912814 0 0 0
nt@synapse_cleft 421 -0.0515230937 0.0282202875 0.00690395831 0 0 0
nt@synapse_cleft 426 0.0525975869 -0.0300156496 0.01741079 0 0 0
nt@synapse_cleft 429 -0.0238187633 0.0204177664 0.0154980576 0 0 0
nt@synapse_cleft 440 0.0262664945 -0.00853442689 0.0119967516 0 0 0
nt@synapse_cleft 444 -0.000116800436 0.0549676864 0.0159717698 0 0 0
nt@synapse_cleft 449 -0.00527560379 -0.0143841325 0.000908357501 0 0 0
nt@synapse_cleft 452 0.0500237659 0.0397201082 0.00951499338 0 0 0
nt@synapse_cleft 455 0.0146254883 -0.0274120896 0.0180274767 0 0 0
nt@synapse_cleft 477 0.00453068826 0.00736568081 0.0136559394 0 0 0
nt@synapse_cleft 479 -0.0187016538 0.0106599179 0.0141827895 0 0 0
nt@synapse_cleft 482 0.0145763904 0.0066997573 0.00449299284 0 0 0
nt@synapse_cleft 499 0.0113789333 0.013104076 0.00284543686 0 0 0
nt@synapse_cleft 501 0.00838220991 0.0168425824 0.0178219483 0 0 0
nt@synapse_cleft 503 0.0180315911 -0.0160668018 0.0157370659 0 0 0
nt@synapse_cleft 509 -0.0353961361 0.043450779 0.00466594979 0 0 0
nt@synapse_cleft 510 0.017384421 0.00846918914 0.0142146028 0 0 0
nt@synapse_cleft 514 -0.0254685812 0.00675890866 0.0102613109 0 0 0
nt@synapse_cleft 522 -0.0556626913 0.0343072145 0.0195540616 0 0 0
nt@synapse_cleft 524 -0.00949852725 0.0428596301 0.0116396721 0 0 0
nt@synapse_cleft 530 0.0254513922 -0.0116446705 0.00452611848 0 0 0
nt@synapse_cleft 536 -0.0302691796 -0.0452784608 0.0137897399 0 0 0
nt@synapse_cleft 544 0.0326783134 -0.00158234601 0.00402977666 0 0 0
nt@synapse_cleft 546 -0.0571958367 0.0142354626 0.0101272453 0 0 0
nt@synapse_cleft 549 0.0500478447 -0.0249518175 0.0129928194 0 0 0
nt@synapse_cleft 551 0.0132814213 -0.014873872 0.00584368581 0 0 0
nt@synapse_cleft 552 0.0301274166 0.0123373632 0.00735188136 0 0 0
nt@synapse_cleft 557 -0.0388894874 -0.00200840455 0.00807041623 0 0 0
nt@synapse_cleft 558 0.00803317691 -0.0150116017 0.00779960908 0 0 0
nt@synapse_cleft 563 -0.0247920281 -0.0649413254 0.00161331259 0 0 0
nt@synapse_cleft 572 -0.0178361138 0.0179488698 0.00803773967 0 0 0
nt@synapse_cleft 575 0.000524331088 0.00641117957 0.00383131439 0 0 0
nt@synapse_cleft 591 -0.0122514321 0.0119538569 0.00606300574 0 0 0
nt@synapse_cleft 596 -0.019536193 0.0092962368 0.0182953904 0 0 0
nt@synapse_cleft 598 0.00777629574 0.0154693479 0.0129010193 0 0 0
nt@synapse_cleft 620 -0.0377994929 -0.00844128844 0.0176021905 0 0 0
nt@synapse_cleft 624 0.0251668259 -0.00954450325 0.00571643606 0 0 0
nt@synapse_cleft 627 -0.0177996525 -0.0286987571 0.00450122184 0 0 0
nt@synapse_cleft 629 -0.00162299166 0.000231045095 0.00438301342 0 0 0
nt@synapse_cleft 633 -0.0380853288 0.031536636 0.0117999791 0 0 0
nt@synapse_cleft 634 0.00732935419 0.007380754 0.00530873862 0 0 0
nt@synapse_cleft 639 -0.0169130328 -0.0157548162 0.0102267677 0 0 0
nt@synapse_cleft 645 -0.00737277617 -0.00139389079 0.00420715528 0 0 0
nt@synapse_cleft 647 0.0114196196 0.0154680121 0.00133364203 0 0 0
nt@synapse_cleft 661 -0.0272636012 -0.036634887 0.0146625378 0 0 0
nt@synapse_cleft 664 -0.00942704769 0.00958103356 0.00164797175 0 0 0
nt@synapse_cleft 678 0.0111090637 -0.025936832 0.00237928721 0 0 0
nt@synapse_cleft 679 -0.0347220143 -0.00639757008 0.0192121522 0 0 0
nt@synapse_cleft 681 -0.00187980471 -0.0307482631 0.00147920491 0 0 0
nt@synapse_cleft 693 0.00790591756 0.0173582251 0.00985866891 0 0 0
nt@synapse_cleft 698 0.000713330088 0.0170319515 0.00815668667 0 0 0
nt@synapse_cleft 699 -0.0235608276 -0.0794919773 0.00754023493 0 0 0
nt@synapse_cleft 712 -0.010814332 -0.00579360249 0.0112694846 0 0 0
nt@synapse_cleft 720 0.0341367285 -0.0320376059 0.00435634692 0 0 0
nt@synapse_cleft 721 0.00288678731 -0.0313213517 0.00748562171 0 0 0
nt@synapse_cleft 726 -0.0186573629 -0.00440393923 0.0116397875 0 0 0
nt@synapse_cleft 727 -0.0300012643 0.0142876443 0.00739664649 0 0 0
nt@synapse_cleft 728 0.0166488552 0.00640037848 0.00250854094 0 0 0
nt@synapse_cleft 732 0.0152017727 0.0517161891 0.0124073318 0 0 0
nt@synapse_cleft 735 -0.0575452744 0.000494913461 0.000469357643 0 0 0
nt@synapse_cleft 737 0.0458092296 0.0132841097 0.0169841086 0 0 0
nt@synapse_cleft 741 0.034529029 0.00825980525 0.00685492654 0 0 0
nt@synapse_cleft 750 0.028686895 0.0217892533 0.0183197039 0 0 0
nt@synapse_cleft 754 -0.00992984031 -0.0182030472 0.00902919108 0 0 0
nt@synapse_cleft 760 -0.00811114669 -0.0438403094 0.00974277657 0 0 0
nt@synapse_cleft 762 0.00304141334 -0.0149469354 0.00208523391 0 0 0
nt@synapse_cleft 765 -0.0364151525 0.0512880579 0.0100752226 0 0 0
nt@synapse_cleft 768 -0.00530582389 -0.00932441927 0.0188050362 0 0 0
nt@synapse_cleft 769 -0.0121246881 0.0464520332 0.0134609825 0 0 0
nt@synapse_cleft 774 -0.0166648438 0.0180217734 0.00601771751 0 0 0
nt@synapse_cleft 779 -0.0262615439 0.0203379918 0.00254298778 0 0 0
nt@synapse_cleft 797 0.00160394693 0.0321717697 0.00380070714 0 0 0
nt@synapse_cleft 803 -0.0314035499 -0.0512897522 0.0145468921 0 0 0
nt@synapse_cleft 814 0.0376042554 0.0406654778 0.0050958202 0 0 0
nt@synapse_cleft 816 -0.0016707828 -0.00570557521 0.00565340932 0 0 0
nt@synapse_cleft 831 0.0155864796 -0.0131137723 0.00185943083 0 0 0
nt@synapse_cleft 833 -0.0107515909 -0.0187903937 0.0157326457 0 0 0
nt@synapse_cleft 837 -0.017843683 -0.00822573502 0.00614215609 0 0 0
nt@synapse_cleft 844 -0.0225821465 0.0187911757 0.0124902179 0 0 0
nt@synapse_cleft 847 0.0147223921 -0.0134098901 0.0185021919 0 0 0
nt@synapse_cleft 850 -0.00109377983 0.0137941461 0.0121769148 0 0 0
nt@synapse_cleft 854 -0.00990587302 0.0281528728 0.00225688531 0 0 0
nt@synapse_cleft 866 -0.0128515218 -0.0313020533 0.0032807595 0 0 0
nt@synapse_cleft 871 0.0121066267 0.017917925 0.0152840513 0 0 0
nt@synapse_cleft 877 -0.0409468466 0.0275576078 0.00285098374 0 0 0
nt@synapse_cleft 884 0.0187589236 -0.000723015173 0.0189630093 0 0 0
nt@synapse_cleft 904 -0.046004087 0.00333440174 0.0156573587 0 0 0
nt@synapse_cleft 908 -0.0631077306 -0.00757736632 0.00806980784 0 0 0
nt@synapse_cleft 909 0.035839334 0.00449294586 0.00409886126 0 0 0
nt@synapse_cleft 913 -0.0208431602 0.0126014463 0.0173716513 0 0 0
nt@synapse_cleft 918 0.0642180724 0.0109899774 0.0136697724 0 0 0
nt@synapse_cleft 932 0.0249776252 -0.0726445657 0.00313862983 0 0 0
nt@synapse_cleft 938 -0.0166442653 0.0031734381 0.0145066059 0 0 0
nt@synapse_cleft 940 -0.0514470841 -0.0511116912 0.0121720496 0 0 0
nt@synapse_cleft 942 0.0120237234 -0.0382796667 0.00191564782 0 0 0
nt@synapse_cleft 943 0.0223044492 -0.0066545913 0.00646242544 0 0 0
nt@synapse_cleft 944 -0.00408292141 -0.054835111 0.00305391413 0 0 0
nt@synapse_cleft 945 0.00423626468 0.0363044706 0.00852212887 0 0 0
nt@synapse_cleft 947 -0.0210617866 0.0150913083 0.00676771402 0 0 0
nt@synapse_cleft 953 -0.0419922587 0.0224866268 0.0113522008 0 0 0
nt@synapse_cleft 954 0.0118911358 -0.0270642299 0.0102673946 0 0 0
nt@synapse_cleft 957 0.0582094188 -0.0197710142 0.00191323234 0 0 0
nt@synapse_cleft 961 -0.0215799629 -0.00767300397 0.00371471723 0 0 0
nt@synapse_cleft 967 0.0362821967 0.00424748434 0.00735205 0 0 0
nt@synapse_cleft 976 -0.000593633596 0.0193648933 0.00749134233 0 0 0
nt@synapse_cleft 978 -0.0410053913 -0.0163962535 0.00774026378 0 0 0
nt@synapse_cleft 992 0.0338061876 -0.00107200154 0.00233747914 0 0 0
nt@synapse_cleft 994 -0.0289545825 -0.0218943462 0.019677562 0 0 0
nt@synapse_cleft 998 0.000938700553 -0.00848000325 0.00839598955 0 0 0
nt@synapse_cleft 999 0.0600932576 -0.0316130313 0.0015408165 0 0 0
nt@synapse_cleft 1002 -0.00309411856 0.038551654 0.0127907634 0 0 0
nt@synapse_cleft 1004 -0.0154827343 0.000720647469 0.00414491624 0 0 0
nt@synapse_cleft 1013 -0.0344857081 0.0409947651 0.0198357 0 0 0
nt@synapse_cleft 1016 -0.0286025237 0.0129919091 0.0154402295 0 0 0
nt@synapse_cleft 1018 -0.00411645682 -0.0158289289 0.0031644856 0 0 0
nt@synapse_cleft 1025 -0.0101394965 -0.0297445438 0.013994985 0 0 0
nt@synapse_cleft 1027 0.0338576096 0.0484379682 0.0065127482 0 0 0
nt@synapse_cleft 1035 -0.0429332403 -0.0235955819 0.00942418375 0 0 0
nt@synapse_cleft 1047 0.0356875613 -0.0518996525 0.00342389372 0 0 0
nt@synapse_cleft 1048 -0.0153751552 -0.061814266 0.00722290142 0 0 0
nt@synapse_cleft 1050 0.0236609957 -0.0461631078 0.000885159829 0 0 0
nt@synapse_cleft 1062 0.0418028836 -0.00856290074 0.0130106397 0 0 0
nt@synapse_cleft 1077 -0.0358342124 0.00384443654 0.0169359741 0 0 0
nt@synapse_cleft 1080 -0.0421962764 0.0252353865 0.0170583638 0 0 0
nt@synapse_cleft 1092 -0.0196276159 -0.0150477226 0.0095265261 0 0 0
nt@synapse_cleft 1107 -0.00123232057 0.00065181853 0.00530523 0 0 0
nt@synapse_cleft 1108 0.0221474323 0.00776128034 0.00142336868 0 0 0
nt@synapse_cleft 1110 0.0206527296 0.0203347181 0.0189296984 0 0 0
nt@synapse_cleft 1113 -0.0184770861 0.00781251277 0.00307293302 0 0 0
nt@synapse_cleft 1114 0.0104845272 -0.0368960688 0.00651065847 0 0 0
nt@synapse_cleft 1130 0.0187092255 -0.0119620776 0.00536100081 0 0 0
nt@synapse_cleft 1136 -0.00382282875 -0.0443381437 0.00753419597 0 0 0
nt@synapse_cleft 1140 0.00817653895 -0.0488972788 0.0199933692 0 0 0
nt@synapse_cleft 1144 -0.0122188758 -0.0101209124 0.0102278715 0 0 0
nt@synapse_cleft 1145 0.0577656649 -0.00271932706 0.0143806459 0 0 0
nt@synapse_cleft 1149 -0.0212238108 0.00533625688 0.01540425 0 0 0
nt@synapse_cleft 1152 0.0340880316 0.0143438123 0.00115511435 0 0 0
nt@synapse_cleft 1165 0.0445349661 0.0359348822 0.00993319442 0 0 0
nt@synapse_cleft 1167 0.0419401784 0.0285408207 0.0197306356 0 0 0
nt@synapse_cleft 1172 -0.00702436678 -0.00146933781 0.0184683983 0 0 0
nt@synapse_cleft 1177 -0.0114563609 0.0797101803 0.00384068111 0 0 0
nt@synapse_cleft 1179 0.00618995092 -0.0153312889 0.0185741624 0 0 0
nt@synapse_cleft 1186 -0.0669988967 0.013486291 0.00113768677 0 0 0
nt@synapse_cleft 1188 0.0118859752 -0.0283317299 0.00782137977 0 0 0
nt@synapse_cleft 1193 -0.0247750349 -0.0221917332 0.00325909493 0 0 0
nt@synapse_cleft 1200 -0.00383596333 0.00952374992 0.00722162142 0 0 0
nt@synapse_cleft 1203 -0.00155964725 0.0237634324 0.00255977478 0 0 0
nt@synapse_cleft 1204 0.00371771708 0.016266299 0.00831543974 0 0 0
nt@synapse_cleft 1205 -0.0192388563 -0.0218208337 0.0109765995 0 0 0
nt@synapse_cleft 1206 -0.0160814938 0.0122861458 0.00678341608 0 0 0
nt@synapse_cleft 1237 -0.0345283207 -0.0382498381 0.000376611764 0 0 0
nt@synapse_cleft 1238 -0.0673620771 -0.0380374658 0.0167836121 0 0 0
nt@synapse_cleft 1243 -0.022688263 -0.0037458629 0.0148008507 0 0 0
nt@synapse_cleft 1248 -0.00150500326 0.0437059141 0.00868794748 0 0 0
nt@synapse_cleft 1251 -0.0390861464 0.0138403883 0.0180194727 0 0 0
nt@synapse_cleft 1252 -0.0367850913 -0.00774938586 0.0186961076 0 0 0
nt@synapse_cleft 1254 -0.0157487804 0.0478782255 0.00875225759 0 0 0
nt@synapse_cleft 1270 0.061816757 0.0320833903 0.00746061038 0 0 0
nt@synapse_cleft 1275 -0.00495993117 0.0212073141 0.0101639048 0 0 0
nt@synapse_cleft 1289 0.0673113858 0.00723657936 0.000143938245 0 0 0
nt@synapse_cleft 1298 -0.00673579468 -0.0219351131 0.014576954 0 0 0
nt@synapse_cleft 1302 -0.0264649675 0.0360905282 0.00374933066 0 0 0
nt@synapse_cleft 1311 0.00623755442 -0.0129951392 0.000336220774 0 0 0
nt@synapse_cleft 1316 -0.0293696353 -0.0273877742 0.00338193337 0 0 0
nt@synapse_cleft 1326 0.0179217094 0.0169472928 0.00297909617 0 0 0
nt@synapse_cleft 1328 0.0221942417 0.0169281653 0.0146811426 0 0 0
nt@synapse_cleft 1333 -0.0128736343 0.0329201148 0.00018605825 0 0 0
nt@synapse_cleft 1338 -0.00485705467 0.0122510055 0.018042254 0 0 0
nt@synapse_cleft 1343 0.0236729201 0.00161963605 0.00985892358 0 0 0
nt@synapse_cleft 1347 -0.0491923371 -0.0169799045 0.0097766246 0 0 0
nt@synapse_cleft 1349 0.0204484211 -0.00923945425 0.0103968348 0 0 0
nt@synapse_cleft 1351 0.0341458028 -0.0204876527 0.00252662406 0 0 0
nt@synapse_cleft 1361 0.00384777858 -0.0246950679 0.00196988929 0 0 0
nt@synapse_cleft 1368 0.0149232594 -0.00163585863 0.00893976965 0 0 0
nt@synapse_cleft 1372 -0.0189460949 0.0430078106 0.00459411995 0 0 0
nt@synapse_cleft 1380 -0.0198913011 0.00827441132 0.0180252833 0 0 0
nt@synapse_cleft 1384 -0.0490681665 0.00135071485 0.0189496603 0 0 0
nt@synapse_cleft 1393 -0.025044462 0.0472295298 0.0123114632 0 0 0
nt@synapse_cleft 1394 0.0158750437 0.0159964853 0.016377714 0 0 0
nt@synapse_cleft 1400 -0.0274246783 0.0328743199 0.00176841823 0 0 0
nt@synapse_cleft 1403 0.00468253567 0.0127618589 0.00628148676 0 0 0
nt@synapse_cleft 1408 -0.0225392315 -0.0090775556 0.0159888005 0 0 0
nt@synapse_cleft 1416 -0.00468344821 0.028466249 0.0158805209 0 0 0
nt@synapse_cleft 1419 0.00948279731 -0.0170108181 0.0171282947 0 0 0
nt@synapse_cleft 1425 -0.00170030193 -0.0385993954 0.00387848395 0 0 0
nt@synapse_cleft 1427 -0.00894412246 -0.0250788618 0.0120964949 0 0 0
nt@synapse_cleft 1438 -0.0238595832 -0.0168749048 0.0029207462 0 0 0
nt@synapse_cleft 1440 -0.0203113282 0.0304248891 0.0111623467 0 0 0
nt@synapse_cleft 1442 -0.00653547952 0.0254047714 0.0119866035 0 0 0
nt@synapse_cleft 1444 -0.0252068584 -0.00452235488 0.00223426132 0 0 0
nt@synapse_cleft 1446 -0.015294364 -0.037668933 0.00349378149 0 0 0
nt@synapse_cleft 1449 -0.0371273577 0.00848760035 0.00899661137 0 0 0
nt@synapse_cleft 1452 -0.0331671057 -0.0341025419 0.00614794412 0 0 0
nt@synapse_cleft 1454 -0.0149855585 0.0199788819 0.00244951837 0 0 0
nt@synapse_cleft 1455 -0.0241301956 0.000201865884 0.0151726919 0 0 0
nt@synapse_cleft 1470 -0.0668142851 -0.0372462464 0.000328534035 0 0 0
nt@synapse_cleft 1472 -0.0600045053 -0.00596004929 0.00403657811 0 0 0
nt@synapse_cleft 1473 0.00672638611 -0.0203310387 0.0112876149 0 0 0
nt@synapse_cleft 1479 -0.00508700001 0.0489055089 0.0160333983 0 0 0
nt@synapse_cleft 1481 0.0230940322 0.00548489222 0.0107545862 0 0 0
nt@synapse_cleft 1484 -0.0119987688 0.0166500589 0.0176439693 0 0 0
nt@synapse_cleft 1485 -0.0108098555 -0.0104701755 0.0180686992 0 0 0
nt@synapse_cleft 1487 0.00422031027 -0.036741323 0.016803812 0 0 0
nt@synapse_cleft 1488 0.0379488378 0.0136960014 0.0128866889 0 0 0
nt@synapse_cleft 1494 0.00809218907 -0.0113940149 0.0136009049 0 0 0
nt@synapse_cleft 1496 0.00278561672 0.0337229109 0.0093940769 0 0 0
nt@synapse_cleft 1506 0.025298678 0.004246607 0.011168344 0 0 0
nt@synapse_cleft 1507 -0.00064777409 -0.000427605801 0.00112648624 0 0 0
nt@synapse_cleft 1508 0.0356829077 0.00220723279 0.0195417266 0 0 0
nt@synapse_cleft 1512 0.0214060063 -0.0125796498 0.0128349233 0 0 0
nt@synapse_cleft 1519 -0.0171193689 -0.00329234348 0.00610812651 0 0 0
nt@synapse_cleft 1527 -0.00813976641 0.0482188542 0.00494750789 0 0 0
nt@synapse_cleft 1528 -0.0377776348 -0.00140874889 0.0016644878 0 0 0
nt@synapse_cleft 1531 -0.0159732655 0.013800841 0.00833120786 0 0 0
nt@synapse_cleft 1538 0.0158712943 0.0106714268 0.013617129 0 0 0
nt@synapse_cleft 1542 -0.00921805321 0.0225326494 0.00808531607 0 0 0
nt@synapse_cleft 1548 -0.0302759999 -0.0155648688 0.000301262411 0 0 0
nt@synapse_cleft 1553 0.0602685122 -6.6191149e-05 0.00981221933 0 0 0
nt@synapse_cleft 1561 0.00580791632 -0.049735278 0.00437600501 0 0 0
nt@synapse_cleft 1565 -0.00898582032 -0.0045997945 0.0193597431 0 0 0
nt@synapse_cleft 1571 -0.0260869392 -0.0218142229 0.0175628833 0 0 0
nt@synapse_cleft 1573 0.0121174529 0.0389170095 0.00767403317 0 0 0
nt@synapse_cleft 1588 0.020734812 -0.0268410557 0.0151455173 0 0 0
nt@synapse_cleft 1592 0.0114475543 -0.0304996686 0.00104358684 0 0 0
nt@synapse_cleft 1597 0.00661337073 0.0315195254 0.00114129451 0 0 0
nt@synapse_cleft 1600 0.0195516743 -0.0348937843 0.014817764 0 0 0
nt@synapse_cleft 1605 0.0192533772 -0.000858074062 0.0138400075 0 0 0
nt@synapse_cleft 1606 -0.0463593757 0.0159332404 0.0100741406 0 0 0
nt@synapse_cleft 1611 0.00360648065 -0.0174212777 0.0192292976 0 0 0
nt@synapse_cleft 1617 -0.00486688773 -0.0361754573 0.00929706149 0 0 0
nt@synapse_cleft 1619 0.0208156003 0.00975443943 0.00330061797 0 0 0
nt@synapse_cleft 1628 0.0137007073 0.0395069654 0.0106290392 0 0 0
nt@synapse_cleft 1635 0.0126138029 -0.00527533526 0.00999509291 0 0 0
nt@synapse_cleft 1641 0.0302448814 0.0292487406 0.0199846378 0 0 0
nt@synapse_cleft 1642 0.0143308744 -0.0364997202 0.00319747549 0 0 0
nt@synapse_cleft 1655 0.00858533094 0.0221659066 0.00419318761 0 0 0
nt@synapse_cleft 1658 0.0306081635 0.0525708872 0.00407420155 0 0 0
nt@synapse_cleft 1660 0.01029108 0.0217508258 0.0173803499 0 0 0
nt@synapse_cleft 1675 -0.0288230608 -0.00170850476 0.0145048858 0 0 0
nt@synapse_cleft 1678 0.00142053427 -0.021302139 0.00914040657 0 0 0
nt@synapse_cleft 1681 -0.00505933104 -0.0102399119 0.0177965381 0 0 0
nt@synapse_cleft 1686 -0.00768477731 0.0159302335 0.00930634611 0 0 0
nt@synapse_cleft 1687 -0.0412835729 -0.0435405071 0.00795658894 0 0 0
nt@synapse_cleft 1689 0.00554377758 0.0102442393 0.00374552826 0 0 0
nt@synapse_cleft 1692 -0.0183451678 0.00903017287 0.0157756766 0 0 0
nt@synapse_cleft 1695 0.0145411025 -0.021158931 0.00575558401 0 0 0
nt@synapse_cleft 1701 0.00628420974 -0.0028420312 0.0172503769 0 0 0
nt@synapse_cleft 1707 -0.0269640363 -0.00573658709 0.0172409906 0 0 0
nt@synapse_cleft 1708 -0.0263344158 0.0191540817 0.00406335938 0 0 0
nt@synapse_cleft 1715 -0.00312901045 0.0156061716 0.0138393143 0 0 0
nt@synapse_cleft 1721 0.0167280414 -0.053453941 0.00665398248 0 0 0
nt@synapse_cleft 1729 -0.00532207219 -0.0153293017 0.0071859649 0 0 0
nt@synapse_cleft 1736 0.0283809766 0.000544636252 0.0179769535 0 0 0
nt@synapse_cleft 1742 0.0204810279 -0.0513118352 0.00253282971 0 0 0
nt@synapse_cleft 1743 0.0288580866 0.0322659278 0.0198958124 0 0 0
nt@synapse_cleft 1745 -0.0429486602 0.0117756095 6.98424828e-05 0 0 0
nt@synapse_cleft 1746 0.0175234271 -0.0256450697 0.0010683997 0 0 0
nt@synapse_cleft 1748 0.0580869686 0.0242769774 0.0082232685 0 0 0
nt@synapse_cleft 1751 0.046594455 -0.000581883941 0.0104501766 0 0 0
nt@synapse_cleft 1759 0.0065029135 -0.0238310833 0.0166723879 0 0 0
nt@synapse_cleft 1761 -0.0120391796 0.0301760138 0.00869787075 0 0 0
nt@synapse_cleft 1762 -0.0325759231 -0.0242865372 0.011188768 0 0 0
nt@synapse_cleft 1768 0.0113356588 -0.057702237 0.00767768598 0 0 0
nt@synapse_cleft 1775 -0.0157605083 -0.00522582228 0.0127018739 0 0 0
nt@synapse_cleft 1778 0.0441188075 -0.051842334 0.0199111412 0 0 0
nt@synapse_cleft 1781 -0.0245676651 0.0419440007 0.00151389215 0 0 0
nt@synapse_cleft 1793 0.00655923279 0.0371819726 0.0196614116 0 0 0
nt@synapse_cleft 1795 0.0391673015 -0.00914441058 0.0197505353 0 0 0
nt@synapse_cleft 1804 0.00425743756 0.0237860485 0.0126114488 0 0 0
nt@synapse_cleft 1810 -0.0685218612 -0.0416793444 0.0136723608 0 0 0
nt@synapse_cleft 1815 -0.0237633954 -0.0102790985 0.00548076991 0 0 0
nt@synapse_cleft 1824 0.026064599 -0.00322032721 0.00159967597 0 0 0
nt@synapse_cleft 1829 0.0442213933 -0.011672599 0.00157504172 0 0 0
nt@synapse_cleft 1830 -0.0405783535 -0.00579454822 0.0132603539 0 0 0
nt@synapse_cleft 1837 -0.0453969536 -0.0119232034 0.00409586891 0 0 0
nt@synapse_cleft 1838 0.00901034003 -0.0493498933 0.0159502147 0 0 0
nt@synapse_cleft 1843 0.0237782306 0.0207590105 0.0111325534 0 0 0
nt@synapse_cleft 1846 -0.0182874237 -0.000954559406 0.00184549389 0 0 0
nt@synapse_cleft 1849 0.0323520928 0.0080160341 0.0103571368 0 0 0
nt@synapse_cleft 1853 0.0576841373 -0.0320968449 0.00806483691 0 0 0
nt@synapse_cleft 1854 0.0163569818 -0.0058023919 0.0133077918 0 0 0
nt@synapse_cleft 1856 0.0107319051 -0.0329769014 0.00920658823 0 0 0
nt@synapse_cleft 1872 0.0051800471 -0.00766909288 0.00744425781 0 0 0
nt@synapse_cleft 1877 0.00936440269 0.0253397081 0.0179460484 0 0 0
nt@synapse_cleft 1880 -0.0322029976 -0.0143822041 0.00808121268 0 0 0
nt@synapse_cleft 1883 0.0256224457 0.00903087476 0.0132900309 0 0 0
nt@synapse_cleft 1885 -0.010939622 -0.0022195436 0.0140083936 0 0 0
nt@synapse_cleft 1887 0.00159613286 0.025861635 0.000991617775 0 0 0
nt@synapse_cleft 1892 -0.00558943333 -0.00299481061 0.0105819585 0 0 0
nt@synapse_cleft 1896 0.0147290404 0.0126208706 0.0130238348 0 0 0
nt@synapse_cleft 1900 -0.0200301483 -0.0206164003 0.00618901817 0 0 0
nt@synapse_cleft 1904 -0.0311629524 0.0327956929 0.00353456495 0 0 0
nt@synapse_cleft 1918 -0.0246061696 0.0709775413 0.00994780822 0 0 0
nt@synapse_cleft 1923 -0.0201045701 0.0200694284 0.016522961 0 0 0
nt@synapse_cleft 1926 0.00891743526 -0.0107560858 0.0130617802 0 0 0
nt@synapse_cleft 1932 0.0127740929 -0.0101291048 0.0149282463 0 0 0
nt@synapse_cleft 1942 0.0455402862 -0.0306805784 0.00704639682 0 0 0
nt@synapse_cleft 1944 -0.00401252665 0.032601317 0.00871210424 0 0 0
nt@synapse_cleft 1946 -0.0186710418 -0.0169116813 0.0140649676 0 0 0
nt@synapse_cleft 1953 -0.0223817206 0.00501655702 0.00805056209 0 0 0
nt@synapse_cleft 1961 0.0392176308 0.0171975166 0.000130223584 0 0 0
nt@synapse_cleft 1964 -0.0168894206 0.0095579164 0.0102901216 0 0 0
nt@synapse_cleft 1967 0.00487239089 -0.0381420921 0.0027616025 0 0 0
nt@synapse_cleft 1970 -0.0217384335 -0.0379322673 0.015275222 0 0 0
nt@synapse_cleft 1973 0.0271565256 0.0243857837 0.0153441311 0 0 0
nt@synapse_cleft 1976 -0.0449040593 -0.0155336786 0.00101164985 0 0 0
nt@synapse_cleft 1980 -0.0100501395 -0.0208710177 0.00537922698 0 0 0
nt@synapse_cleft 1984 -0.0479883348 -0.0388548707 0.00493787587 0 0 0
nt@synapse_cleft 1990 0.023202835 0.0236169442 0.000555634976 0 0 0
nt@synapse_cleft 1993 -0.00197521206 -0.025139981 0.0154538032 0 0 0
nt@synapse_cleft 1997 -0.00637502205 0.0191616494 0.0169951064 0 0 0
nt@synapse_cleft 2004 -0.0181007623 0.0125480671 0.0162087652 0 0 0
nt@synapse_cleft 2013 -0.00702214824 0.000692496377 0.0112266921 0 0 0
nt@synapse_cleft 2014 0.00906858052 -0.00170345009 0.00833795901 0 0 0
nt@synapse_cleft 2019 0.0194313313 -0.0167322564 0.0149050702 0 0 0
nt@synapse_cleft 2032 -0.0270663405 0.0184965943 0.00733453351 0 0 0
nt@synapse_cleft 2036 0.0559044747 -0.0432195046 0.000253381108 0 0 0
nt@synapse_cleft 2039 0.044396648 0.0269649275 0.0162983917 0 0 0
nt@synapse_cleft 2061 0.0121616652 0.00511003214 0.00623737975 0 0 0
nt@synapse_cleft 2064 0.0255772494 0.0183017876 0.0197093205 0 0 0
nt@synapse_cleft 2091 -0.00898179943 0.0348925551 0.0138940448 0 0 0
nt@synapse_cleft 2092 0.00473378987 0.0265997553 0.0126605216 0 0 0
nt@synapse_cleft 2094 -0.0139055148 0.00184048321 0.0167848831 0 0 0
nt@synapse_cleft 2096 -0.014093189 -0.00143226156 0.0068057598 0 0 0
nt@synapse_cleft 2104 0.0383607067 -0.0125627882 0.00594347428 0 0 0
nt@synapse_cleft 2112 -0.00611426529 -0.0289795923 0.000164724253 0 0 0
nt@synapse_cleft 2124 -0.00790495397 0.0677611599 0.00823559317 0 0 0
nt@synapse_cleft 2127 0.0307331493 -0.00956323178 0.000564368448 0 0 0
nt@synapse_cleft 2137 -0.058391063 0.0558715126 0.00776949701 0 0 0
nt@synapse_cleft 2148 0.036574312 -0.0783595865 0.0035199549 0 0 0
nt@synapse_cleft 2156 0.0450547862 -0.0322172382 0.0125500389 0 0 0
nt@synapse_cleft 2162 -0.0131509848 0.00797119868 0.0158856541 0 0 0
nt@synapse_cleft 2163 0.0114743722 -0.00195079835 0.000923822935 0 0 0
nt@synapse_cleft 2185 -0.0225106535 -0.00506531158 0.0112158455 0 0 0
nt@synapse_cleft 2187 -0.0192527149 0.00476939605 0.00158825018 0 0 0
nt@synapse_cleft 2199 -0.0110882341 -0.015345618 0.00621623743 0 0 0
nt@synapse_cleft 2204 -0.0271122108 0.0197828237 0.00301753803 0 0 0
nt@synapse_cleft 2207 0.0331839121 -0.00474686535 0.00329152772 0 0 0
nt@synapse_cleft 2218 0.00946636964 -0.00252025728 0.00529188819 0 0 0
nt@synapse_cleft 2223 -0.0189306807 -0.00975164735 0.0129334648 0 0 0
nt@synapse_cleft 2228 -0.00454827824 0.0218324815 0.0109815495 0 0 0
nt@synapse_cleft 2236 -0.0012246445 0.00684979283 0.0199633624 0 0 0
nt@synapse_cleft 2251 -0.00884899158 0.00484479878 0.0115698629 0 0 0
nt@synapse_cleft 2254 -0.013245804 -0.0250503389 0.0132034758 0 0 0
nt@synapse_cleft 2257 0.0154725138 0.00180999547 0.0177361488 0 0 0
nt@synapse_cleft 2262 -0.0139865327 0.0114567684 0.0160388687 0 0 0
nt@synapse_cleft 2271 -0.0586036108 0.0148971059 0.0121375299 0 0 0
nt@synapse_cleft 2274 -0.0126367262 0.0332830654 0.000250807623 0 0 0
nt@synapse_cleft 2278 0.0195637873 0.0290421411 0.00469311293 0 0 0
nt@synapse_cleft 2279 -0.0176012897 0.0121463459 0.00902005238 0 0 0
nt@synapse_cleft 2283 0.0384417839 -0.0304835393 0.0189415826 0 0 0
nt@synapse_cleft 2284 0.0360559403 -9.83970577e-05 0.000515625933 0 0 0
nt@synapse_cleft 2285 -0.00105591454 -0.0127623925 0.00879225023 0 0 0
nt@synapse_cleft 2289 0.00597092767 -0.00393550949 0.00201277107 0 0 0
nt@synapse_cleft 2298 -0.0467193875 -0.0258477949 0.00511666215 0 0 0
nt@synapse_cleft 2306 0.000793678633 -0.047249595 0.00269956926 0 0 0
nt@synapse_cleft 2308 -0.0443026519 0.0303127267 0.000215650036 0 0 0
nt@synapse_cleft 2309 -0.00674176727 0.0132169039 0.0195208741 0 0 0
nt@synapse_cleft 2314 0.00177271537 -0.0235991877 0.00299726497 0 0 0
nt@synapse_cleft 2317 0.0462590324 0.00502823556 0.000923716749 0 0 0
nt@synapse_cleft 2320 0.0206013425 -0.0283369252 0.00367511987 0 0 0
nt@synapse_cleft 2321 0.0426746443 0.0132793299 0.00450409052 0 0 0
nt@synapse_cleft 2327 -0.0376801909 -0.0323578705 0.0127790494 0 0 0
nt@synapse_cleft 2330 -0.0366356403 0.0186981681 0.0149759619 0 0 0
nt@synapse_cleft 2332 -0.0139645104 0.00688430753 0.00838321251 0 0 0
nt@synapse_cleft 2349 0.0489892526 0.0218971665 0.00144486768 0 0 0
nt@synapse_cleft 2367 -0.028576 -0.0450232069 0.0118793777 0 0 0
nt@synapse_cleft 2369 -0.0276544684 0.0114885849 0.00380895056 0 0 0
nt@synapse_cleft 2383 -0.00284237609 -0.0547357859 0.016887707 0 0 0
nt@synapse_cleft 2386 -0.0163744877 -0.00322897436 0.00552089098 0 0 0
nt@synapse_cleft 2389 0.00788843212 -0.0258627027 0.0132437872 0 0 0
nt@synapse_cleft 2397 0.006963616 -0.059091085 0.00583520672 0 0 0
nt@synapse_cleft 2400 -0.0257661588 -0.0267747003 0.0157895152 0 0 0
nt@synapse_cleft 2411 0.00845737074 -0.0393792098 0.012750753 0 0 0
nt@synapse_cleft 2412 0.000738863053 0.00789653216 0.0123682871 0 0 0
nt@synapse_cleft 2417 -0.0187456269 0.00501675806 0.0150519773 0 0 0
nt@synapse_cleft 2421 -0.00293366845 0.0191900437 0.000623640964 0 0 0
nt@synapse_cleft 2423 0.0156924274 -0.0555220716 0.00719499038 0 0 0
nt@synapse_cleft 2437 0.0437078765 -0.00291245573 0.00671126673 0 0 0
nt@synapse_cleft 2438 0.00610665676 -0.0299448467 0.00704496848 0 0 0
nt@synapse_cleft 2448 0.00331112042 0.00226484772 0.00215797633 0 0 0
nt@synapse_cleft 2456 -0.0164882147 -0.00517488708 0.0012851967 0 0 0
nt@synapse_cleft 2459 0.0129822051 0.0359352473 0.00138055398 0 0 0
nt@synapse_cleft 2462 -0.00678065217 0.0400037748 0.00593734875 0 0 0
nt@synapse_cleft 2468 -0.0538263565 -0.0212837603 0.0136528114 0 0 0
nt@synapse_cleft 2472 0.0635323943 -0.0419799176 0.0110209421 0 0 0
nt@synapse_cleft 2480 -0.00788570415 -0.0265313723 0.00637131978 0 0 0
nt@synapse_cleft 2481 -0.0197083368 -0.0134684432 0.0114245083 0 0 0
nt@synapse_cleft 2483 0.0289427962 0.0273615427 0.00957709486 0 0 0
nt@synapse_cleft 2491 0.00697232355 0.0151659466 0.019170581 0 0 0
nt@synapse_cleft 2493 0.0346738169 -0.037890361 0.0125500958 0 0 0
nt@synapse_cleft 2498 0.0167263882 -0.00907662159 0.0026280743 0 0 0
nt@synapse_cleft 2502 0.021254139 -0.0270758545 0.019979907 0 0 0
nt@synapse_cleft 2509 -0.0100684171 -0.0190126595 0.0101261098 0 0 0
nt@synapse_cleft 2513 -0.00985487065 0.0176072167 0.0107083704 0 0 0
nt@synapse_cleft 2517 -0.00885278615 -0.00240573538 0.018106309 0 0 0
nt@synapse_cleft 2520 0.0140311738 0.026921616 0.00498844795 0 0 0
nt@synapse_cleft 2528 0.012838923 0.000402415512 0.0199882931 0 0 0
nt@synapse_cleft 2539 -0.00147079697 0.0298134574 0.00749945515 0 0 0
nt@synapse_cleft 2542 0.020528367 -0.0293426625 0.0115581696 0 0 0
nt@synapse_cleft 2549 -0.0108244643 0.0592774317 0.00812881458 0 0 0
nt@synapse_cleft 2550 0.0374172481 0.00748972077 0.0137603479 0 0 0
nt@synapse_cleft 2555 0.0476636635 -0.0292004827 0.00474723293 0 0 0
nt@synapse_cleft 2560 -0.0372439759 -0.000907501187 0.00413558789 0 0 0
nt@synapse_cleft 2561 0.0237441423 0.0526264581 0.00378395385 0 0 0
nt@synapse_cleft 2563 -0.00821730011 0.0039345381 0.00442872306 0 0 0
nt@synapse_cleft 2564 -0.0137702254 0.0530402475 0.00169735439 0 0 0
nt@synapse_cleft 2566 -0.00816239979 0.00648832534 0.0132927874 0 0 0
nt@synapse_cleft 2570 0.00778154795 0.00733894484 0.00317430375 0 0 0
nt@synapse_cleft 2571 0.0319826269 -0.0483662438 0.00140263306 0 0 0
nt@synapse_cleft 2577 -0.0118742036 0.0312547157 0.0170017509 0 0 0
nt@synapse_cleft 2597 -0.0167714618 -0.00347778775 0.00873556825 0 0 0
nt@synapse_cleft 2603 0.0391564786 -0.0291056724 0.0157502408 0 0 0
nt@synapse_cleft 2604 0.047991468 -0.0192721305 0.0164081398 0 0 0
nt@synapse_cleft 2610 0.0132749181 -0.0373256533 0.00604766487 0 0 0
nt@synapse_cleft 2615 -0.00268308296 -0.066227885 0.018055506 0 0 0
nt@synapse_cleft 2625 -0.0521887897 -0.0212842658 0.00136065795 0 0 0
nt@synapse_cleft 2628 0.0172905745 -0.0256210953 0.0165552298 0 0 0
nt@synapse_cleft 2639 0.0182624924 -0.0152230692 0.011678671 0 0 0
nt@synapse_cleft 2641 -0.0168176475 -0.00542360095 0.00788840951 0 0 0
nt@synapse_cleft 2652 -0.00433797428 0.00974583558 0.0158333021 0 0 0
nt@synapse_cleft 2660 -0.0213811095 -0.0179468003 0.00274989062 0 0 0
nt@synapse_cleft 2670 -0.00877077428 -0.0216489263 0.00882678809 0 0 0
nt@synapse_cleft 2680 -0.0549488455 -0.0371151162 0.005583906 0 0 0
nt@synapse_cleft 2681 -0.0418556625 -0.0306989488 0.0160805678 0 0 0
nt@synapse_cleft 2688 -0.0504705583 0.0663580347 0.00742611366 0 0 0
nt@synapse_cleft 2702 -0.0129222086 -0.00597378755 0.00522453444 0 0 0
nt@synapse_cleft 2708 -0.043059554 0.0159701832 0.00582971324 0 0 0
nt@synapse_cleft 2709 0.0136483254 -0.00607903897 0.00815924115 0 0 0
nt@synapse_cleft 2713 -0.0115257241 -0.0265490166 0.000601346964 0 0 0
nt@synapse_cleft 2720 0.0129080372 0.0186980754 0.0162178549 0 0 0
nt@synapse_cleft 2724 0.000456688525 -0.01617507 0.00252597522 0 0 0
nt@synapse_cleft 2729 0.0115795315 -0.0376297796 0.0116183892 0 0 0
nt@synapse_cleft 2734 0.0412963549 0.00753864601 0.0196998733 0 0 0
nt@synapse_cleft 2743 -0.00639978402 -0.0330672007 0.0194577609 0 0 0
nt@synapse_cleft 2750 0.0180977211 -0.0474288124 0.0141305487 0 0 0
nt@synapse_cleft 2752 -0.0256433269 -0.0284999574 0.0121290993 0 0 0
nt@synapse_cleft 2756 0.0424487585 -0.0266505676 0.00244263776 0 0 0
nt@synapse_cleft 2766 -0.0238059867 0.0375719842 0.0134224672 0 0 0
nt@synapse_cleft 2775 0.0358204769 -0.0165734291 0.0150973078 0 0 0
nt@synapse_cleft 2785 0.00285005991 0.0453813717 0.0162468698 0 0 0
nt@synapse_cleft 2798 -0.027744693 0.0114155579 0.0104357463 0 0 0
nt@synapse_cleft 2807 -0.022173422 0.0175811368 0.00770879868 0 0 0
nt@synapse_cleft 2808 0.018826098 0.057088783 0.0109669897 0 0 0
nt@synapse_cleft 2820 0.00789266239 -0.00111150481 0.0154470116 0 0 0
nt@synapse_cleft 2828 0.0136654355 -0.0532064429 0.011725565 0 0 0
nt@synapse_cleft 2837 -0.0154019796 0.0249214815 0.0126347721 0 0 0
nt@synapse_cleft 2857 0.0199377119 -0.0149569892 0.0143561638 0 0 0
nt@synapse_cleft 2861 -0.0130659487 0.0146211968 0.000960624078 0 0 0
nt@synapse_cleft 2863 -0.0378765624 -0.00897167912 0.00167366875 0 0 0
nt@synapse_cleft 2871 0.012909148 -0.0478806973 0.014687931 0 0 0
nt@synapse_cleft 2875 0.0115448688 0.00585524373 0.00751504705 0 0 0
nt@synapse_cleft 2876 -0.00939340339 -0.00550182771 0.00964087307 0 0 0
nt@synapse_cleft 2880 0.0241158867 -0.00563064575 0.0104063127 0 0 0
nt@synapse_cleft 2884 0.0349097783 0.0140177225 0.0130186867 0 0 0
nt@synapse_cleft 2894 0.0104401199 0.0110245894 0.00650270678 0 0 0
nt@synapse_cleft 2895 0.071299498 -0.0101794169 0.00879015145 0 0 0
nt@synapse_cleft 2905 0.00398473926 0.0034682471 0.00768019344 0 0 0
nt@synapse_cleft 2909 0.0446798313 -0.0108098284 0.0185908471 0 0 0
nt@synapse_cleft 2910 -0.0612227059 0.0245675171 0.0165240499 0 0 0
nt@synapse_cleft 2912 -0.00101071619 -0.019231077 0.010222226 0 0 0
nt@synapse_cleft 2915 0.0364943428 -0.0506773665 0.00295119689 0 0 0
nt@synapse_cleft 2920 0.00821657899 -0.0015413959 0.0168883908 0 0 0
nt@synapse_cleft 2921 -0.00110668201 0.0610692199 0.00506037213 0 0 0
nt@synapse_cleft 2925 -0.00728074224 0.0332193928 0.00699482613 0 0 0
nt@synapse_cleft 2933 -0.00162492974 -0.0130475593 0.000156596615 0 0 0
nt@synapse_cleft 2935 -0.0455490861 0.00705017628 0.0138491475 0 0 0
nt@synapse_cleft 2940 -0.00300565242 -0.0210608742 0.00153236735 0 0 0
nt@synapse_cleft 2945 -0.0393805842 -0.00979616298 0.00355867013 0 0 0
nt@synapse_cleft 2961 0.0768492383 -0.0454974465 0.00244703763 0 0 0
nt@synapse_cleft 2962 0.0129013737 -0.000740578457 0.00495797031 0 0 0
nt@synapse_cleft 2967 0.00559036951 -0.0471647517 0.00595018726 0 0 0
nt@synapse_cleft 2983 0.0172071943 -0.0345106287 0.0132106182 0 0 0
nt@synapse_cleft 2993 -0.00930841502 0.0512608271 0.0093007336 0 0 0
nt@synapse_cleft 3006 0.0279782656 0.0518150423 0.00288843886 0 0 0
nt@synapse_cleft 3008 0.024342023 0.0519573257 0.0163801861 0 0 0
nt@synapse_cleft 3012 0.0231951903 -0.00387825755 0.0102599479 0 0 0
nt@synapse_cleft 3019 -0.0155526603 5.65067464e-05 0.00022930343 0 0 0
nt@synapse_cleft 3020 -0.017890723 -0.0244883394 0.00389334641 0 0 0
nt@synapse_cleft 3024 0.0302132111 0.00445913746 0.0132515863 0 0 0
nt@synapse_cleft 3026 -0.0254646349 0.0161378817 0.0092146857 0 0 0
nt@synapse_cleft 3042 -0.00651298941 0.0110544993 0.0175764186 0 0 0
nt@synapse_cleft 3047 0.0259208126 0.0539865228 0.0111144435 0 0 0
nt@synapse_cleft 3057 0.0344997637 -0.00357700078 0.0127764117 0 0 0
nt@synapse_cleft 3061 -0.00421738146 0.0316213805 0.00870325677 0 0 0
nt@synapse_cleft 3062 0.0132543608 -0.0204583666 0.0014326929 0 0 0
nt@synapse_cleft 3069 0.0560362687 -0.033910853 0.0169152442 0 0 0
nt@synapse_cleft 3073 0.0146830576 0.0387816582 0.00591747022 0 0 0
nt@synapse_cleft 3082 0.0192907837 0.0270530989 0.0160627535 0 0 0
nt@synapse_cleft 3089 -0.0116272499 -0.018849277 0.00823626353 0 0 0
nt@synapse_cleft 3096 -0.00890297332 0.0273029086 0.000189987353 0 0 0
nt@synapse_cleft 3097 0.0567042837 0.0208934247 0.0094513135 0 0 0
nt@synapse_cleft 3099 -0.0322524446 0.00674882046 0.0119781244 0 0 0
nt@synapse_cleft 3111 -0.00581064731 -0.0208712865 0.00267867976 0 0 0
nt@synapse_cleft 3114 0.0355711124 0.032309472 0.0071611226 0 0 0
nt@synapse_cleft 3132 -0.0123875185 -0.00209590481 0.00572360833 0 0 0
nt@synapse_cleft 3134 0.0182703051 0.0404221636 0.015775398 0 0 0
nt@synapse_cleft 3150 0.0378762296 -0.0707535821 0.00260526125 0 0 0
nt@synapse_cleft 3155 -0.0128087616 0.00352233105 0.0123235313 0 0 0
nt@synapse_cleft 3159 -0.0169326989 0.0142565637 0.0185119049 0 0 0
nt@synapse_cleft 3177 0.0357987486 -0.0231390496 0.00265211485 0 0 0
nt@synapse_cleft 3178 -0.0188995818 -0.0102521551 0.00629786642 0 0 0
nt@synapse_cleft 3179 0.0223717329 -0.00978344479 0.0190376403 0 0 0
nt@synapse_cleft 3181 0.00957904415 -0.00371490047 0.014970296 0 0 0
nt@synapse_cleft 3183 0.00254700968 -0.0257914289 0.012404588 0 0 0
nt@synapse_cleft 3184 0.0241668602 0.0272655344 0.00760110327 0 0 0
nt@synapse_cleft 3185 0.00922352981 0.00254439777 0.0096660162 0 0 0
nt@synapse_cleft 3199 0.00737717481 0.0234656754 0.0140260125 0 0 0
nt@synapse_cleft 3202 0.0113352184 0.0340804929 0.0179052064 0 0 0
nt@synapse_cleft 3207 -0.017730277 -0.00378968478 0.00154790893 0 0 0
nt@synapse_cleft 3220 0.0102911634 0.0297718435 0.0128450543 0 0 0
nt@synapse_cleft 3222 -0.0574534518 -0.0204938657 0.00245751746 0 0 0
nt@synapse_cleft 3227 0.0109655365 0.0118830961 0.00366834963 0 0 0
nt@synapse_cleft 3247 0.0100639547 -0.00554754264 0.0128571058 0 0 0
nt@synapse_cleft 3249 -0.0221071102 -0.0118449086 0.0173733956 0 0 0
nt@synapse_cleft 3275 0.0103737142 -0.0163805357 0.012629825 0 0 0
nt@synapse_cleft 3304 0.0275182534 0.0746011736 0.0135044514 0 0 0
nt@synapse_cleft 3308 -0.0298314191 0.0456644321 0.00787856677 0 0 0
nt@synapse_cleft 3312 0.000372420789 -0.0205921479 0.00527258084 0 0 0
nt@synapse_cleft 3313 -0.0102007385 -0.0131147629 0.00519509959 0 0 0
nt@synapse_cleft 3326 0.0214335224 -0.00669519476 0.00485965283 0 0 0
nt@synapse_cleft 3327 -0.0139304993 -0.0549273731 0.0164180008 0 0 0
nt@synapse_cleft 3334 0.00511920787 0.00915382587 0.0047381122 0 0 0
nt@synapse_cleft 3335 0.0398356889 0.00178830729 0.00790844115 0 0 0
nt@synapse_cleft 3338 -0.00161672335 -0.0440732511 0.0173165428 0 0 0
nt@synapse_cleft 3341 0.0258662652 -0.0099213402 0.00197135176 0 0 0
nt@synapse_cleft 3347 0.023237767 -0.0387046892 0.00465439528 0 0 0
nt@synapse_cleft 3367 0.0109475733 0.0131637347 0.000182624607 0 0 0
nt@synapse_cleft 3375 0.0460475546 0.0313908535 0.0195477642 0 0 0
nt@synapse_cleft 3378 0.0198004526 0.0326439937 0.00487021516 0 0 0
nt@synapse_cleft 3394 -0.00107674437 -0.0257304878 0.00481194888 0 0 0
nt@synapse_cleft 3401 0.0472229781 -0.00223572734 0.0117203172 0 0 0
nt@synapse_cleft 3402 -0.00636989783 -0.0149517521 0.00490523786 0 0 0
nt@synapse_cleft 3404 0.0182290528 -0.0284536639 0.0039050994 0 0 0
nt@synapse_cleft 3407 -0.000423786293 0.0718825284 0.0100582377 0 0 0
nt@synapse_cleft 3413 0.0220390556 0.0196790941 0.00542341571 0 0 0
nt@synapse_cleft 3419 -0.017592359 0.0255401953 0.00499797776 0 0 0
nt@synapse_cleft 3429 0.0530335024 -0.00970419011 0.0160081301 0 0 0
nt@synapse_cleft 3432 0.0513718685 -0.0586370996 0.00284989167 0 0 0
nt@synapse_cleft 3445 0.0358849465 0.021613537 0.0175975709 0 0 0
nt@synapse_cleft 3451 0.0104542358 0.0160226637 0.011199108 0 0 0
nt@synapse_cleft 3455 -0.00951560526 -0.0211425561 0.0170854808 0 0 0
nt@synapse_cleft 3467 -0.0694901441 0.00034415596 0.00809454762 0 0 0
nt@synapse_cleft 3474 0.0453314443 -0.000944257396 0.0096225708 0 0 0
nt@synapse_cleft 3482 -0.0708852545 -0.0408066606 0.019007123 0 0 0
nt@synapse_cleft 3484 0.000316716043 0.0168744294 0.0093245719 0 0 0
nt@synapse_cleft 3496 0.0157756702 -0.0023925689 0.0130393851 0 0 0
nt@synapse_cleft 3500 0.0156040608 -0.0402707428 0.0196263863 0 0 0
nt@synapse_cleft 3507 -0.0279169472 -0.00649751643 0.0193648746 0 0 0
nt@synapse_cleft 3511 0.0151556404 -0.0286945198 0.0116125509 0 0 0
nt@synapse_cleft 3514 -0.00105556608 0.00273468701 0.0119838035 0 0 0
nt@synapse_cleft 3526 0.0194592007 -0.0458607158 0.0147737104 0 0 0
nt@synapse_cleft 3535 0.0113824256 0.012831024 0.00534545962 0 0 0
nt@synapse_cleft 3536 0.0103311418 0.000272243572 0.0116128903 0 0 0
nt@synapse_cleft 3538 -0.0347559009 0.00723921356 0.00117035789 0 0 0
nt@synapse_cleft 3542 -0.00142888195 0.0307016328 8.52524306e-06 0 0 0
nt@synapse_cleft 3543 -0.0330431512 -0.0183815584 0.00351192628 0 0 0
nt@synapse_cleft 3546 0.0152473437 0.0286761851 0.0077446604 0 0 0
nt@synapse_cleft 3561 -0.0228543884 -0.00851232283 0.00217208117 0 0 0
nt@synapse_cleft 3562 -0.0620554882 -0.00405774014 0.0152461439 0 0 0
nt@synapse_cleft 3563 0.0162909519 -0.0119212253 0.0166475183 0 0 0
nt@synapse_cleft 3565 0.0319908321 -0.0297171443 0.00234203579 0 0 0
nt@synapse_cleft 3566 -0.0182187723 0.0597040293 0.01914185 0 0 0
nt@synapse_cleft 3568 0.0199601161 -0.0448179721 0.0178731392 0 0 0
nt@synapse_cleft 3575 -0.0156263805 0.00371942055 0.00826155378 0 0 0
nt@synapse_cleft 3576 0.0532288413 -0.00343079165 0.00822016092 0 0 0
nt@synapse_cleft 3592 0.0192686424 0.0410634682 0.0118643992 0 0 0
nt@synapse_cleft 3602 -0.0297160851 -0.0100931652 0.0129406236 0 0 0
nt@synapse_cleft 3603 -0.02219066 0.0172783865 0.0153150155 0 0 0
nt@synapse_cleft 3606 -0.00426837633 0.00183336384 0.0014522351 0 0 0
nt@synapse_cleft 3610 -0.000811310004 0.00544067485 0.00735066756 0 0 0
nt@synapse_cleft 3611 0.00954690935 0.00579010275 0.0137058239 0 0 0
nt@synapse_cleft 3616 -0.0367849651 0.0292831839 0.0132016758 0 0 0
nt@synapse_cleft 3617 -0.00394564372 -0.067413709 0.0193636897 0 0 0
nt@synapse_cleft 3620 0.00521319237 0.0267811614 0.0044236854 0 0 0
nt@synapse_cleft 3625 0.0249774576 0.0126135584 0.0163522611 0 0 0
nt@synapse_cleft 3630 0.0246418392 0.0379750289 0.0164669507 0 0 0
nt@synapse_cleft 3635 -0.00362471326 0.0161420495 0.00752284454 0 0 0
nt@synapse_cleft 3636 0.00687992706 -0.00216432536 0.011193139 0 0 0
nt@synapse_cleft 3645 -0.0116628626 -0.0233565881 0.00140227378 0 0 0
nt@synapse_cleft 3658 0.0158899488 -0.0241918541 0.0165852255 0 0 0
nt@synapse_cleft 3661 0.0298483709 0.016915889 0.0174278455 0 0 0
nt@synapse_cleft 3664 0.0449188671 -0.0443437685 0.00384155574 0 0 0
nt@synapse_cleft 3667 -0.0285509548 -0.00263580149 0.00863650507 0 0 0
nt@synapse_cleft 3681 0.0335032188 -0.0164213718 0.00556253864 0 0 0
nt@synapse_cleft 3689 -0.0129542178 -0.0202034783 0.00952681322 0 0 0
nt@synapse_cleft 3690 0.0392487182 -0.0149371732 0.0181068202 0 0 0
nt@synapse_cleft 3693 -0.0567169365 -0.0188190868 0.0100354622 0 0 0
nt@synapse_cleft 3706 0.0351573315 -0.0202411551 0.0179912628 0 0 0
nt@synapse_cleft 3707 -0.06419152 -0.00760186967 0.0048387909 0 0 0
nt@synapse_cleft 3714 -0.0520726254 -0.0122005994 0.0192152989 0 0 0
nt@synapse_cleft 3730 0.0142559681 0.0173763148 0.00411821052 0 0 0
nt@synapse_cleft 3731 -0.0061556844 0.00466311478 0.00401338674 0 0 0
nt@synapse_cleft 3737 0.00742502493 0.0204589197 0.00625579918 0 0 0
nt@synapse_cleft 3738 -0.0108437281 0.0250099726 0.0175695756 0 0 0
nt@synapse_cleft 3739 0.0276693783 0.0518164764 0.00798926019 0 0 0
nt@synapse_cleft 3745 0.00739318951 0.023538755 0.0198956118 0 0 0
nt@synapse_cleft 3751 0.000693481019 0.00494334838 0.00663481746 0 0 0
nt@synapse_cleft 3758 -0.0163288126 -0.040306648 0.0104995307 0 0 0
nt@synapse_cleft 3759 -0.0141320872 -0.0138684322 0.00768056844 0 0 0
nt@synapse_cleft 3763 0.0380400187 0.0385307375 0.0103276796 0 0 0
nt@synapse_cleft 3768 0.0202405078 -0.00983710132 0.0167634017 0 0 0
nt@synapse_cleft 3771 0.0181987247 -0.0248286745 0.0117110945 0 0 0
nt@synapse_cleft 3775 0.00970163934 0.00874299107 0.0159272497 0 0 0
nt@synapse_cleft 3783 -0.0258802109 -0.0298158016 0.00687080332 0 0 0
nt@synapse_cleft 3788 -0.00905471778 -0.0269096896 0.00855198266 0 0 0
nt@synapse_cleft 3793 -0.0240096914 -0.00883394179 0.00680349017 0 0 0
nt@synapse_cleft 3800 0.00955376871 -0.0104758735 0.0188735455 0 0 0
nt@synapse_cleft 3802 0.0120898569 0.0181825254 0.0106433203 0 0 0
nt@synapse_cleft 3811 -0.0133376972 -0.0264062633 0.00626447892 0 0 0
nt@synapse_cleft 3827 -0.00217280588 0.047309501 0.00313641978 0 0 0
nt@synapse_cleft 3831 0.00129823867 -0.0560586268 0.00800466484 0 0 0
nt@synapse_cleft 3834 0.0369368572 -0.0282797571 0.0163826247 0 0 0
nt@synapse_cleft 3835 0.00621446004 -0.0476214539 0.00816725303 0 0 0
nt@synapse_cleft 3841 0.0309776164 -0.0246008071 0.000202111646 0 0 0
nt@synapse_cleft 3844 -0.000961042059 0.00385049969 0.0075262888 0 0 0
nt@synapse_cleft 3846 -0.0246488608 0.00921473167 0.0172454283 0 0 0
nt@synapse_cleft 3848 0.0291824538 0.0361791333 0.0189360991 0 0 0
nt@synapse_cleft 3850 -0.0284732053 -0.00491711188 0.0144743171 0 0 0
nt@synapse_cleft 3859 0.0509367744 -0.00949770595 0.000503124457 0 0 0
nt@synapse_cleft 3879 0.0370967673 -0.0547424037 0.0164790638 0 0 0
nt@synapse_cleft 3886 0.03955596 0.0482287434 0.00442393996 0 0 0
nt@synapse_cleft 3891 0.00635891095 -0.0220977553 0.00388521872 0 0 0
nt@synapse_cleft 3902 -0.0395101781 0.00701577545 0.0124165235 0 0 0
nt@synapse_cleft 3907 -0.0247644013 -0.0269926385 0.0194873674 0 0 0
nt@synapse_cleft 3909 0.0194231886 0.0490163841 0.000852018049 0 0 0
nt@synapse_cleft 3917 -0.00885176979 -0.0268640683 0.00807918785 0 0 0
nt@synapse_cleft 3918 -0.011516252 -0.0134489651 0.0139019639 0 0 0
nt@synapse_cleft 3921 0.0286524231 0.0598277739 0.00996213627 0 0 0
nt@synapse_cleft 3927 -0.00558021168 0.0449736578 0.0136975336 0 0 0
nt@synapse_cleft 3932 0.0327827945 -0.0145278015 0.0112601075 0 0 0
nt@synapse_cleft 3941 -0.0203471516 0.00276099358 0.00140522402 0 0 0
nt@synapse_cleft 3952 -0.0308534553 0.0180164385 0.0116191193 0 0 0
nt@synapse_cleft 3953 0.0287887734 -0.0283023593 0.0028050467 0 0 0
nt@synapse_cleft 3957 0.0345172589 -0.00726796516 0.0176633138 0 0 0
nt@synapse_cleft 3958 0.0138309927 0.0216678733 0.00811361669 0 0 0
nt@synapse_cleft 3962 -0.0323618306 -0.00821660099 0.0049514847 0 0 0
nt@synapse_cleft 3963 0.0265574092 0.0205206673 0.010807058 0 0 0
nt@synapse_cleft 3965 -0.0407372591 -0.00383235298 0.00543643345 0 0 0
nt@synapse_cleft 3967 0.00826439693 -0.0213606008 0.0176020958 0 0 0
nt@synapse_cleft 3968 0.0162067848 -0.00934271043 0.00638236741 0 0 0
nt@synapse_cleft 3973 0.0032383279 -0.00977277148 0.0169062403 0 0 0
nt@synapse_cleft 3974 -0.0224179188 0.0613058159 0.00299067526 0 0 0
nt@synapse_cleft 3978 0.0232784494 0.00454426284 0.00780363013 0 0 0
nt@synapse_cleft 3983 -0.0349424197 -0.0290327805 0.00446992955 0 0 0
nt@synapse_cleft 3988 -0.00175038028 -0.0361472451 0.00870069491 0 0 0
nt@synapse_cleft 3991 0.0764241387 -0.025894684 0.00383243967 0 0 0
nt@synapse_cleft 3993 -0.0532721112 0.00776707081 0.0115246371 0 0 0
nt@synapse_cleft 3997 -0.0481539734 -0.00242846705 0.0195887469 0 0 0
nt@synapse_cleft 3999 -0.0484563219 -0.0198095715 0.00783321149 0 0 0
nt@synapse_cleft 4011 0.0211471168 0.0336188527 0.00922630682 0 0 0
nt@synapse_cleft 4018 0.0151082541 0.0129593994 0.0149719874 0 0 0
nt@synapse_cleft 4027 0.0115239789 -0.0209100239 0.0137541713 0 0 0
nt@synapse_cleft 4028 -0.0342650646 0.0337070522 0.0160689831 0 0 0
nt@synapse_cleft 4037 -0.0194445593 0.034344736 0.0190359134 0 0 0
nt@synapse_cleft 4040 0.0105318224 0.0178802094 0.0169222541 0 0 0
nt@synapse_cleft 4049 0.0272415195 0.00732966238 0.0155498228 0 0 0
nt@synapse_cleft 4051 0.0218750275 0.00435839401 0.0141662846 0 0 0
nt@synapse_cleft 4064 0.00935302235 0.0111445199 0.0038173743 0 0 0
nt@synapse_cleft 4070 -0.0226208601 0.00422954747 0.0181598478 0 0 0
nt@synapse_cleft 4071 -0.0147582968 -0.0502836571 0.0172337702 0 0 0
nt@synapse_cleft 4087 -0.0138630278 0.0213059257 0.0130757729 0 0 0
nt@synapse_cleft 4095 0.0401387266 -0.0172075044 0.0184715391 0 0 0
nt@synapse_cleft 4103 -0.0055938583 0.00856810235 0.00907825931 0 0 0
nt@synapse_cleft 4106 0.0235936587 0.0178779769 0.0192111053 0 0 0
nt@synapse_cleft 4111 0.0597128356 0.0173414909 0.0131392585 0 0 0
nt@synapse_cleft 4115 0.000426963753 0.0130247232 0.0186058918 0 0 0
nt@synapse_cleft 4119 0.0104924956 -0.0268513882 0.0141195934 0 0 0
nt@synapse_cleft 4123 -0.00378535886 0.0123179148 0.0166088719 0 0 0
nt@synapse_cleft 4126 0.0314279798 -0.0249937485 0.00462456476 0 0 0
nt@synapse_cleft 4129 -0.0189539354 0.0133920834 0.011248821 0 0 0
nt@synapse_cleft 4131 -0.00793147177 0.0332322018 0.0198295992 0 0 0
nt@synapse_cleft 4132 0.0311613777 0.0265650469 0.0191936364 0 0 0
nt@synapse_cleft 4135 0.0139727965 -0.000710126156 0.0189337612 0 0 0
nt@synapse_cleft 4144 0.0343860715 -0.00257513785 0.00399213293 0 0 0
nt@synapse_cleft 4150 -0.0434908322 -0.0523629384 0.00968487328 0 0 0
nt@synapse_cleft 4155 0.0161585137 -0.0576276075 0.000129822753 0 0 0
nt@synapse_cleft 4156 0.0461816669 -0.00555976371 0.00346789643 0 0 0
nt@synapse_cleft 4162 0.038104155 -0.0148567045 0.0102829166 0 0 0
nt@synapse_cleft 4163 -0.00257716673 0.0527580891 0.00387911173 0 0 0
nt@synapse_cleft 4170 -0.0376856998 0.00572777281 0.0113877509 0 0 0
nt@synapse_cleft 4177 -0.0629659308 0.0643308377 0.0172351976 0 0 0
nt@synapse_cleft 4187 -0.0211352086 -0.0241023022 0.0104247262 0 0 0
nt@synapse_cleft 4193 -0.00211049886 -0.0368778694 0.011617623 0 0 0
nt@synapse_cleft 4214 -0.0498150287 -0.0108133562 0.0178378614 0 0 0
nt@synapse_cleft 4215 0.0231566552 -0.0613012795 0.0119519683 0 0 0
nt@synapse_cleft 4220 -0.0134406196 -0.0113276725 0.00986259249 0 0 0
nt@synapse_cleft 4228 0.0283051167 -0.0112697529 0.0183120009 0 0 0
nt@synapse_cleft 4230 -0.0293462869 0.0515139696 0.00326798885 0 0 0
nt@synapse_cleft 4233 0.0266696829 0.0259602719 0.00766129124 0 0 0
nt@synapse_cleft 4237 0.0138549053 -0.0152119748 0.0136490625 0 0 0
nt@synapse_cleft 4242 0.0306927825 -0.0331667205 0.0131461074 0 0 0
nt@synapse_cleft 4252 0.0399494131 0.00487060541 0.0198677584 0 0 0
nt@synapse_cleft 4254 -0.0121376627 0.038972203 0.0117395876 0 0 0
nt@synapse_cleft 4255 -0.0327577686 -0.0337558858 0.0180155962 0 0 0
nt@synapse_cleft 4279 0.0132777651 -0.0435688671 0.0124622511 0 0 0
nt@synapse_cleft 4284 0.0665159699 -0.0346397723 0.0101673429 0 0 0
nt@synapse_cleft 4285 -0.0436894947 0.0544256331 0.00211518168 0 0 0
nt@synapse_cleft 4288 0.0236311136 -0.0188954605 0.0193751575 0 0 0
nt@synapse_cleft 4293 -0.0145574471 -0.00977357818 0.00131972282 0 0 0
nt@synapse_cleft 4297 0.038945942 -0.0271388197 0.00861772835 0 0 0
nt@synapse_cleft 4301 0.025447231 -0.00175146661 0.0129080871 0 0 0
nt@synapse_cleft 4312 -0.0121871627 -0.0296667546 0.00561032035 0 0 0
nt@synapse_cleft 4317 -0.0124388916 0.0410355922 0.0145951971 0 0 0
nt@synapse_cleft 4326 0.0235673645 -0.0124092227 0.0182361529 0 0 0
nt@synapse_cleft 4330 -0.0174509427 0.00413121373 0.0116127314 0 0 0
nt@synapse_cleft 4334 0.0119812034 0.0143755866 0.00497706228 0 0 0
nt@synapse_cleft 4339 0.00231606979 -0.0261017057 0.0112402183 0 0 0
nt@synapse_cleft 4343 -0.0279064288 -0.0512053894 0.00376727334 0 0 0
nt@synapse_cleft 4346 0.0173242978 0.00223574804 0.013364168 0 0 0
nt@synapse_cleft 4351 0.0398889153 0.025366924 0.0171174323 0 0 0
nt@synapse_cleft 4360 0.0139058649 0.00968675143 0.0119125634 0 0 0
nt@synapse_cleft 4365 0.00654133926 0.0314263477 0.00121464237 0 0 0
nt@synapse_cleft 4374 -0.0108318346 -0.0190383442 0.0129497421 0 0 0
nt@synapse_cleft 4376 -0.0179910453 -0.013101507 0.0016526563 0 0 0
nt@synapse_cleft 4381 -0.0202095273 -0.0317454155 0.0146279486 0 0 0
nt@synapse_cleft 4386 -0.0116844112 0.000381495513 0.00381877898 0 0 0
nt@synapse_cleft 4392 -0.0120435056 0.0125879379 0.0197039383 0 0 0
nt@synapse_cleft 4395 0.0181573891 -0.0371987777 0.0131270945 0 0 0
nt@synapse_cleft 4396 0.0114281871 -0.0609115262 0.00421379578 0 0 0
nt@synapse_cleft 4398 -0.00965005375 0.0226676878 0.0185552085 0 0 0
nt@synapse_cleft 4399 0.0164788548 0.0476117658 0.00341802983 0 0 0
nt@synapse_cleft 4403 -0.0168359207 -0.0102255672 0.0163508354 0 0 0
nt@synapse_cleft 4414 -0.00673892878 -0.0363524491 0.0196756193 0 0 0
nt@synapse_cleft 4416 -0.0205681191 -0.00539954098 0.00589045129 0 0 0
nt@synapse_cleft 4423 0.0134097198 0.000710976901 0.0121247133 0 0 0
nt@synapse_cleft 4424 -0.0322846297 -0.00677237801 0.00601602259 0 0 0
nt@synapse_cleft 4430 -0.000806149114 -0.000182999147 0.00858136817 0 0 0
nt@synapse_cleft 4431 0.0158835121 -0.0384356849 0.00419471918 0 0 0
nt@synapse_cleft 4434 0.0184722606 -0.00184982023 0.00633407033 0 0 0
nt@synapse_cleft 4446 -0.0112291758 0.0285066012 0.0129000276 0 0 0
nt@synapse_cleft 4449 0.0154508437 0.0659281812 0.0167712391 0 0 0
nt@synapse_cleft 4464 0.0157798231 -0.0123175979 0.0169985882 0 0 0
nt@synapse_cleft 4470 -0.0156902502 -0.0450811574 0.00692617239 0 0 0
nt@synapse_cleft 4473 -0.00363379226 -0.00328974701 0.000927953925 0 0 0
nt@synapse_cleft 4478 -0.0188296772 0.0336042623 0.0124956215 0 0 0
nt@synapse_cleft 4480 0.0137391212 0.047756447 0.0171478745 0 0 0
nt@synapse_cleft 4482 -0.0235710449 -0.0278871545 0.00855206135 0 0 0
nt@synapse_cleft 4485 0.0138185541 0.00961545364 0.014211608 0 0 0
nt@synapse_cleft 4488 0.0203929747 0.00668696865 0.016095188 0 0 0
nt@synapse_cleft 4489 -0.00229332917 -0.00626056056 0.0015037729 0 0 0
nt@synapse_cleft 4496 -0.0474379926 0.0449932814 0.00564387611 0 0 0
nt@synapse_cleft 4499 -0.00486950926 0.0175905863 0.00441200938 0 0 0
nt@synapse_cleft 4501 0.0120143452 0.00834953581 0.0137553586 0 0 0
nt@synapse_cleft 4517 -0.0422452855 0.013807107 0.00351779205 0 0 0
nt@synapse_cleft 4527 0.00962839584 -0.00148373465 0.0101022674 0 0 0
nt@synapse_cleft 4538 -0.0412106037 -0.0475946296 0.0023856847 0 0 0
nt@synapse_cleft 4542 0.00620770111 0.0369440732 0.00113559896 0 0 0
nt@synapse_cleft 4545 -0.0337403681 0.0339459725 0.0113422132 0 0 0
nt@synapse_cleft 4551 -0.0209714629 0.0330993465 0.0194831457 0 0 0
nt@synapse_cleft 4553 -0.0321724768 -0.00898121361 0.0137187647 0 0 0
nt@synapse_cleft 4559 -0.0369347596 0.0360603843 0.0127312591 0 0 0
nt@synapse_cleft 4565 -0.0563914815 -0.0128252951 0.00358798042 0 0 0
nt@synapse_cleft 4572 -0.000796717031 -0.0102131936 0.0103332345 0 0 0
nt@synapse_cleft 4574 0.0408499267 -0.0257938731 0.0050761111 0 0 0
nt@synapse_cleft 4576 -0.0326269636 -0.0374882791 0.00413089576 0 0 0
nt@synapse_cleft 4583 0.00490641391 -0.00283868388 0.00102027019 0 0 0
nt@synapse_cleft 4587 0.022569139 0.0171487813 0.0197910421 0 0 0
nt@synapse_cleft 4590 -0.0500426381 -0.00488785609 0.0197271368 0 0 0
nt@synapse_cleft 4593 -0.0380232679 0.0435925564 0.00268528191 0 0 0
nt@synapse_cleft 4594 0.0132726265 0.013724701 0.00907176841 0 0 0
nt@synapse_cleft 4595 0.0291943328 -0.0450317969 0.00349362687 0 0 0
nt@synapse_cleft 4613 0.0612393596 0.00302767007 0.0132820103 0 0 0
nt@synapse_cleft 4620 0.00082449984 -0.0145356003 0.0117937227 0 0 0
nt@synapse_cleft 4654 0.00584327364 -0.0271166229 0.00180608939 0 0 0
nt@synapse_cleft 4659 -0.0276540525 0.0329465981 0.0114052203 0 0 0
nt@synapse_cleft 4661 -0.00459529529 -0.0410241324 0.01859836 0 0 0
nt@synapse_cleft 4666 0.057033646 0.0322830197 0.0163114198 0 0 0
nt@synapse_cleft 4681 0.0124282008 -0.0148173905 0.000630700712 0 0 0
nt@synapse_cleft 4687 0.00562886441 0.0169166711 0.0148185451 0 0 0
nt@synapse_cleft 4700 -0.0276650166 0.0665390277 0.0133335472 0 0 0
nt@synapse_cleft 4701 0.0186151937 0.0170031271 0.0154597527 0 0 0
nt@synapse_cleft 4709 -0.00665640849 0.00822945396 0.00629749504 0 0 0
nt@synapse_cleft 4710 -0.0160265237 -0.0348077756 0.000867906784 0 0 0
nt@synapse_cleft 4718 0.058074614 0.0211954511 0.0125187514 0 0 0
nt@synapse_cleft 4736 0.000397381172 0.0163830282 0.0136536945 0 0 0
nt@synapse_cleft 4750 0.00725810546 -0.0692287913 0.00104559342 0 0 0
nt@synapse_cleft 4753 -0.0281428569 0.00173400996 0.00447855783 0 0 0
nt@synapse_cleft 4754 -0.0129907491 -0.00209456526 0.00142221339 0 0 0
nt@synapse_cleft 4756 -0.00905754697 0.00393256205 0.0141273409 0 0 0
nt@synapse_cleft 4758 -0.0366639894 0.00988185719 0.0171521874 0 0 0
nt@synapse_cleft 4764 0.016044469 -0.0076305817 0.00293238442 0 0 0
nt@synapse_cleft 4779 0.0224210833 -0.0309498329 0.0136991965 0 0 0
nt@synapse_cleft 4784 0.0253067881 0.0061116165 0.00985256096 0 0 0
nt@synapse_cleft 4786 -0.0269462514 0.0260317925 0.00628035521 0 0 0
nt@synapse_cleft 4791 0.043977582 -0.00889649894 0.0195794336 0 0 0
nt@synapse_cleft 4793 -0.02839018 -0.0027565155 0.011529036 0 0 0
nt@synapse_cleft 4800 0.0183053859 -0.00621392593 0.0111820694 0 0 0
nt@synapse_cleft 4801 -0.0105032026 0.00969902223 0.0182224105 0 0 0
nt@synapse_cleft 4816 -0.0357052311 -0.0209947898 0.0199606149 0 0 0
nt@synapse_cleft 4822 -0.0194229289 -0.0177700081 0.00395220334 0 0 0
nt@synapse_cleft 4823 -0.00731991802 0.0168238494 0.0171088322 0 0 0
nt@synapse_cleft 4829 0.0173619302 -0.0724189253 0.00324174917 0 0 0
nt@synapse_cleft 4830 -0.0329099908 0.00920232865 0.0191740147 0 0 0
nt@synapse_cleft 4833 -0.00650303366 -0.0211151133 0.00203892664 0 0 0
nt@synapse_cleft 4839 -0.00338882434 -0.00398233455 0.00806507192 0 0 0
nt@synapse_cleft 4844 0.0674400775 -0.0160429061 0.00914663908 0 0 0
nt@synapse_cleft 4852 -0.0132412298 -0.0251899771 0.00479056843 0 0 0
nt@synapse_cleft 4871 0.013396553 0.0089049084 0.00411142372 0 0 0
nt@synapse_cleft 4880 -0.000887796061 -0.0289656008 0.00973500637 0 0 0
nt@synapse_cleft 4883 -0.0435233748 -0.00905851347 0.0142274899 0 0 0
nt@synapse_cleft 4892 -0.0302287646 0.0327420679 0.0106521378 0 0 0
nt@synapse_cleft 4897 0.0152615608 -0.021216036 0.00636887025 0 0 0
nt@synapse_cleft 4901 0.0301037363 0.0100202277 0.000162024438 0 0 0
nt@synapse_cleft 4905 -0.032536955 -0.00312080704 0.0145666621 0 0 0
nt@synapse_cleft 4906 -0.0152637411 -0.0415923489 0.00620150027 0 0 0
nt@synapse_cleft 4918 -0.0153313586 0.0338165946 0.0158627055 0 0 0
nt@synapse_cleft 4919 -0.0149551954 -0.00464570876 0.00124307154 0 0 0
nt@synapse_cleft 4925 -0.000112000908 0.000317390357 0.00542195199 0 0 0
nt@synapse_cleft 4937 -0.0648267453 0.00252142485 0.0108581441 0 0 0
nt@synapse_cleft 4946 -0.0120189388 0.00763512726 0.00168543277 0 0 0
nt@synapse_cleft 4956 0.0320913719 0.00212355161 0.0147780353 0 0 0
nt@synapse_cleft 4967 -0.0104349584 0.00499009549 0.0180506192 0 0 0
nt@synapse_cleft 4973 -0.00883250472 0.0491658535 0.0153280717 0 0 0
nt@synapse_cleft 4979 0.00318327886 -0.0022133323 0.00352492902 0 0 0
nt@synapse_cleft 4981 0.0132267029 -0.0521281454 0.00893848397 0 0 0
nt@synapse_cleft 4982 0.00172001431 0.00973636234 0.00448635558 0 0 0
nt@synapse_cleft 4983 -0.0309110088 0.00588059912 0.0054981864 0 0 0
nt@synapse_cleft 4991 -0.00681553298 -0.0106497603 0.00117494298 0 0 0
nt@synapse_cleft 5004 -0.0186046347 -0.00498583938 0.00731758476 0 0 0
nt@synapse_cleft 5006 0.0111649728 -0.0108469763 0.00694111486 0 0 0
nt@synapse_cleft 5009 -0.0320586068 0.00605331246 0.00024318064 0 0 0
nt@synapse_cleft 5011 -0.0201499933 -0.0241626646 0.00956357933 0 0 0
nt@synapse_cleft 5015 -0.0207412439 -0.0190628391 0.0163226547 0 0 0
nt@synapse_cleft 5024 -0.00149529742 -0.0083848262 0.0145327496 0 0 0
nt@synapse_cleft 5044 -0.0341866153 0.0085988083 0.00899308991 0 0 0
nt@synapse_cleft 5045 0.037050717 0.0357351582 0.0126840681 0 0 0
nt@synapse_cleft 5046 -0.00360035325 -0.0268914601 0.00149364317 0 0 0
nt@synapse_cleft 5052 0.0185344078 -0.0068973104 0.00365531952 0 0 0
nt@synapse_cleft 5055 -0.00546700441 0.0179207686 0.0185187884 0 0 0
nt@synapse_cleft 5061 0.0167139177 -0.0372681178 0.00205631951 0 0 0
nt@synapse_cleft 5063 -0.0281069327 0.039468385 0.0196552153 0 0 0
nt@synapse_cleft 5081 0.0242163504 -0.0081420324 0.011475224 0 0 0
nt@synapse_cleft 5082 0.000832677396 0.0458010801 0.0110166624 0 0 0
nt@synapse_cleft 5086 0.0250797447 0.0410784673 0.0093916805 0 0 0
nt@synapse_cleft 5106 0.0040213386 -0.0117760803 0.00719062498 0 0 0
nt@synapse_cleft 5133 -0.0192006888 0.0244522715 0.00616739673 0 0 0
nt@synapse_cleft 5145 0.0229438381 0.0320647796 0.0153945826 0 0 0
nt@synapse_cleft 5154 0.00406039748 0.0163126279 0.0133795175 0 0 0
nt@synapse_cleft 5159 -0.0363202921 -0.0121896885 0.0133728054 0 0 0
nt@synapse_cleft 5164 0.0166988658 -0.00349676988 0.00453136788 0 0 0
nt@synapse_cleft 5173 -0.0275433555 0.00484230225 0.00972421157 0 0 0
nt@synapse_cleft 5176 -0.0322309661 0.0632414863 0.0161780461 0 0 0
nt@synapse_cleft 5179 0.0245194405 0.00636908678 0.00274066242 0 0 0
nt@synapse_cleft 5182 0.0562014623 0.00509085926 0.00354008072 0 0 0
nt@synapse_cleft 5183 0.0477429899 -5.17176274e-05 0.00927434005 0 0 0
nt@synapse_cleft 5196 0.0041364248 0.00972065795 0.0102352217 0 0 0
nt@synapse_cleft 5198 0.00442697025 -0.0100658015 0.0172079751 0 0 0
