nt@synapse_cleft 0 0.0291038982 0.00314410857 0.0182648585 0 0 0
nt@synapse_cleft 2 -0.0524713971 0.0167661317 0.00876236253 0 0 0
nt@synapse_cleft 7 0.0181679786 0.0143323502 0.00784841962 0 0 0
nt@synapse_cleft 9 0.0400510095 -0.0392861342 0.0168229613 0 0 0
nt@synapse_cleft 12 2.30231415e-06 0.0453797485 0.00216033974 0 0 0
nt@synapse_cleft 15 -0.002551864 0.019048461 0.0153503633 0 0 0
nt@synapse_cleft 17 0.0333726531 0.0118612105 0.0139985476 0 0 0
nt@synapse_cleft 26 -0.027844965 -0.00424287454 0.0161019739 0 0 0
nt@synapse_cleft 30 0.00915476817 -0.0326061025 0.00483711662 0 0 0
nt@synapse_cleft 35 0.0143124084 0.0492180701 0.0188116989 0 0 0
nt@synapse_cleft 42 0.00493825723 0.0041037532 0.00626211045 0 0 0
nt@synapse_cleft 45 -0.000671801875 0.00946529707 0.0159622748 0 0 0
nt@synapse_cleft 54 0.00155314761 0.0310760471 0.0158041862 0 0 0
nt@synapse_cleft 56 -0.0313871795 -0.0240690544 0.00367602313 0 0 0
nt@synapse_cleft 72 -0.0358628201 0.0185792382 0.0167759108 0 0 0
nt@synapse_cleft 81 -0.000917005566 -0.0373387326 0.000771018657 0 0 0
nt@synapse_cleft 87 -0.00704558936 -0.00212078159 0.00214372145 0 0 0
nt@synapse_cleft 89 0.0369131927 -0.00965470842 0.0120326287 0 0 0
nt@synapse_cleft 100 -0.0164093188 -0.026205349 0.000579125115 0 0 0
nt@synapse_cleft 103 0.0348225549 -0.0155488911 0.0133249462 0 0 0
nt@synapse_cleft 111 -0.0427484008 0.0394816102 0.0144761524 0 0 0
nt@synapse_cleft 114 0.048386935 -0.0198771608 0.00425288249 0 0 0
nt@synapse_cleft 115 -0.00774186185 -0.0168374009 0.0194464534 0 0 0
nt@synapse_cleft 116 -0.0202975897 -0.0243512954 0.00304854558 0 0 0
nt@synapse_cleft 135 -0.0317157066 -0.0208309046 0.0141571868 0 0 0
nt@synapse_cleft 137 -0.0474327282 -0.0393797937 0.00426141002 0 0 0
nt@synapse_cleft 148 -0.0200776968 0.077537364 0.000674115844 0 0 0
nt@synapse_cleft 150 -0.0147593023 0.0245942219 0.0179046165 0 0 0
nt@synapse_cleft 156 -0.00811514851 -0.0118194389 0.0123480216 0 0 0
nt@synapse_cleft 167 -0.00109827511 -0.0356087532 0.0084188049 0 0 0
nt@synapse_cleft 188 -0.00893515132 -0.0172046395 0.01950874 0 0 0
nt@synapse_cleft 192 -0.0123284955 0.0315894799 0.0123054813 0 0 0
nt@synapse_cleft 194 -0.0257179753 -0.0115563381 0.0135454337 0 0 0
nt@synapse_cleft 195 0.037903911 0.0494958983 0.00276560829 0 0 0
nt@synapse_cleft 199 0.0319865393 0.0222854996 0.0171711943 0 0 0
nt@synapse_cleft 206 -0.00158633257 -0.0223198645 0.0169941967 0 0 0
nt@synapse_cleft 210 -0.0324454681 0.00383719751 0.00869995267 0 0 0
nt@synapse_cleft 224 -0.0182363237 0.0558846181 0.00975480479 0 0 0
nt@synapse_cleft 231 0.0156485561 0.046001619 0.00212875726 0 0 0
nt@synapse_cleft 235 0.0120185395 -0.019948646 0.0133684553 0 0 0
nt@synapse_cleft 244 -0.0108313973 0.0114025059 0.0193851044 0 0 0
nt@synapse_cleft 248 0.0341666073 -0.0293694824 0.0182051957 0 0 0
nt@synapse_cleft 256 -0.0471009043 -0.012101203 0.0178917718 0 0 0
nt@synapse_cleft 268 -0.00481593997 -0.0267309332 0.0190197457 0 0 0
nt@synapse_cleft 272 0.00721404755 -0.0538679272 0.00214824143 0 0 0
nt@synapse_cleft 284 -0.0381212126 0.0873321097 0.00990870232 0 0 0
nt@synapse_cleft 293 0.0207172739 -0.0236145395 0.0161131411 0 0 0
nt@synapse_cleft 306 0.0197851002 -0.0283966976 0.00186596925 0 0 0
nt@synapse_cleft 307 0.017861441 -0.00658141881 0.0171541488 0 0 0
nt@synapse_cleft 308 0.0395514437 0.0385825289 0.0124990213 0 0 0
nt@synapse_cleft 310 0.0315604092 -0.000170472909 0.0077390294 0 0 0
nt@synapse_cleft 318 -0.0182640065 -0.0041808753 0.0158803213 0 0 0
nt@synapse_cleft 321 0.0407763595 0.00422864753 0.00678579394 0 0 0
nt@synapse_cleft 325 -0.0534912651 0.0732767831 0.0128218531 0 0 0
nt@synapse_cleft 347 0.00194482572 0.0103845183 0.00768050118 0 0 0
nt@synapse_cleft 348 -0.00241835285 -0.0249462113 0.000636519121 0 0 0
nt@synapse_cleft 350 0.00836013522 -0.00244376914 0.00898966047 0 0 0
nt@synapse_cleft 356 -0.0467954325 0.0125620438 0.0107491433 0 0 0
nt@synapse_cleft 361 -0.0361560129 0.00132470667 0.0133446495 0 0 0
nt@synapse_cleft 371 -0.000849047064 0.0353939719 0.00956499568 0 0 0
nt@synapse_cleft 372 0.00848515508 0.0280029263 0.0119418648 0 0 0
nt@synapse_cleft 376 -0.012757537 0.0096351454 0.00505890648 0 0 0
nt@synapse_cleft 385 0.0161311734 0.00730964113 0.00057693939 0 0 0
nt@synapse_cleft 391 0.0172297139 -0.0324611102 0.0187876294 0 0 0
nt@synapse_cleft 402 0.00764700871 0.0347391891 0.0140801787 0 0 0
nt@synapse_cleft 406 -0.0285026983 -0.0398762137 0.00436583004 0 0 0
nt@synapse_cleft 421 -0.0504138014 0.0274277211 0.00714045647 0 0 0
nt@synapse_cleft 426 0.0519693456 -0.0294275605 0.0183913872 0 0 0
nt@synapse_cleft 429 -0.0230922894 0.0213870824 0.0161039418 0 0 0
nt@synapse_cleft 440 0.0271276823 -0.00982636978 0.0102804419 0 0 0
nt@synapse_cleft 444 -0.0011374323 0.0539334413 0.0147171958 0 0 0
nt@synapse_cleft 449 -0.00674276354 -0.0143275594 0.00165135705 0 0 0
nt@synapse_cleft 452 0.0487543769 0.0388090246 0.0101879547 0 0 0
nt@synapse_cleft 455 0.0143316138 -0.0288190382 0.016920111 0 0 0
nt@synapse_cleft 477 0.0034106067 0.00553809181 0.0129757728 0 0 0
nt@synapse_cleft 479 -0.0187248468 0.00992157698 0.0142707144 0 0 0
nt@synapse_cleft 482 0.0139328895 0.00858666854 0.00565780782 0 0 0
nt@synapse_cleft 499 0.011071004 0.0122798372 0.00269045536 0 0 0
nt@synapse_cleft 501 0.00993053872 0.018272575 0.0181022784 0 0 0
nt@synapse_cleft 503 0.0175223365 -0.0163235827 0.0163549209 0 0 0
nt@synapse_cleft 509 -0.0363101821 0.0450419216 0.0044743407 0 0 0
nt@synapse_cleft 510 0.0175136855 0.00794761883 0.014174233 0 0 0
nt@synapse_cleft 514 -0.0243389676 0.00659012894 0.00935696215 0 0 0
nt@synapse_cleft 522 -0.0564676194 0.035969229 0.0188362999 0 0 0
nt@synapse_cleft 524 -0.0100082356 0.0427449384 0.0128023357 0 0 0
nt@synapse_cleft 530 0.0242188818 -0.0126382501 0.00323818288 0 0 0
nt@synapse_cleft 536 -0.0311508838 -0.0441250577 0.0142605489 0 0 0
nt@synapse_cleft 544 0.0316031348 -0.00286552607 0.00481798561 0 0 0
nt@synapse_cleft 546 -0.0557667531 0.0167524844 0.00921800672 0 0 0
nt@synapse_cleft 549 0.0516626229 -0.0239141297 0.0141637133 0 0 0
nt@synapse_cleft 551 0.0132777597 -0.0151042195 0.00592750584 0 0 0
nt@synapse_cleft 552 0.03171247 0.0136533264 0.00915034822 0 0 0
nt@synapse_cleft 557 -0.0404438259 -0.00123631648 0.00707665105 0 0 0
nt@synapse_cleft 558 0.00636932589 -0.0138090494 0.00715221597 0 0 0
nt@synapse_cleft 563 -0.0265826215 -0.067046297 0.00084576457 0 0 0
nt@synapse_cleft 572 -0.020111622 0.0170396252 0.00620402885 0 0 0
nt@synapse_cleft 575 0.0010591856 0.00704458752 0.00286572214 0 0 0
nt@synapse_cleft 591 -0.0126329354 0.0132909111 0.00635998961 0 0 0
nt@synapse_cleft 596 -0.0194108024 0.00954949409 0.019889504 0 0 0
nt@synapse_cleft 598 0.00775940718 0.0174687606 0.0125629599 0 0 0
nt@synapse_cleft 620 -0.0379696933 -0.00772541605 0.0170477773 0 0 0
nt@synapse_cleft 624 0.0246704438 -0.00934211604 0.00599822068 0 0 0
nt@synapse_cleft 627 -0.0167789041 -0.0292595417 0.00443874896 0 0 0
nt@synapse_cleft 629 -0.000956072969 0.00165916524 0.00259828795 0 0 0
nt@synapse_cleft 633 -0.0367301066 0.0307113093 0.0133070635 0 0 0
nt@synapse_cleft 634 0.00838450167 0.00740877849 0.00563169541 0 0 0
nt@synapse_cleft 639 -0.0155245494 -0.0155007881 0.0108445429 0 0 0
nt@synapse_cleft 645 -0.00663180322 -0.00191254034 0.00342038454 0 0 0
nt@synapse_cleft 647 0.0124463865 0.0154082294 0.000528309329 0 0 0
nt@synapse_cleft 661 -0.0267905652 -0.0368414683 0.0139150563 0 0 0
nt@synapse_cleft 664 -0.0108260819 0.00886322181 0.000493237999 0 0 0
nt@synapse_cleft 678 0.0121471257 -0.023892843 0.00156984612 0 0 0
nt@synapse_cleft 679 -0.0351964694 -0.00586023561 0.0192072195 0 0 0
nt@synapse_cleft 681 -0.00138356792 -0.0271673462 0.000279731929 0 0 0
nt@synapse_cleft 693 0.00742761569 0.0163865304 0.0103970562 0 0 0
nt@synapse_cleft 698 0.000678376318 0.0171454033 0.00947663008 0 0 0
nt@synapse_cleft 699 -0.0228492999 -0.0797344964 0.00585803406 0 0 0
nt@synapse_cleft 712 -0.0103708747 -0.0064277369 0.00932989958 0 0 0
nt@synapse_cleft 720 0.0347122107 -0.0327315019 0.00496491339 0 0 0
nt@synapse_cleft 721 0.00442490065 -0.0308898938 0.00733968314 0 0 0
nt@synapse_cleft 726 -0.0215951675 -0.00493526732 0.0117831974 0 0 0
nt@synapse_cleft 727 -0.0316474178 0.0136607502 0.00750390839 0 0 0
nt@synapse_cleft 728 0.0168851423 0.00781119675 2.93766763e-05 0 0 0
nt@synapse_cleft 732 0.0146498817 0.0521811947 0.0117037534 0 0 0
nt@synapse_cleft 735 -0.0557059875 0.000428403645 0.00040510071 0 0 0
nt@synapse_cleft 737 0.044862116 0.0114550641 0.0173945634 0 0 0
nt@synapse_cleft 741 0.0333824943 0.0076508046 0.00846370406 0 0 0
nt@synapse_cleft 750 0.0284924586 0.0205986286 0.0192425567 0 0 0
nt@synapse_cleft 754 -0.00871873042 -0.0180702727 0.00873562392 0 0 0
nt@synapse_cleft 760 -0.00787573426 -0.0426519274 0.00890155199 0 0 0
nt@synapse_cleft 762 0.000599046403 -0.0157584541 0.00342513079 0 0 0
nt@synapse_cleft 765 -0.0363949254 0.0504989099 0.00926536094 0 0 0
nt@synapse_cleft 768 -0.00497220278 -0.0104856065 0.0173028044 0 0 0
nt@synapse_cleft 769 -0.0134281786 0.0476495672 0.0133721871 0 0 0
nt@synapse_cleft 774 -0.0163866358 0.0164707894 0.00832108662 0 0 0
nt@synapse_cleft 779 -0.0259512923 0.0196448138 0.00226886624 0 0 0
nt@synapse_cleft 797 0.00194657536 0.031078024 0.0047786878 0 0 0
nt@synapse_cleft 803 -0.029304774 -0.0508113276 0.0152256011 0 0 0
nt@synapse_cleft 814 0.0383012767 0.0399037603 0.00502291195 0 0 0
nt@synapse_cleft 816 -0.00303738315 -0.00786576857 0.00526057581 0 0 0
nt@synapse_cleft 831 0.0149549751 -0.0120922798 0.00159711695 0 0 0
nt@synapse_cleft 833 -0.00967205409 -0.0180198152 0.0163404582 0 0 0
nt@synapse_cleft 837 -0.0179797993 -0.00827236087 0.00758066171 0 0 0
nt@synapse_cleft 844 -0.023508712 0.019200387 0.0119649662 0 0 0
nt@synapse_cleft 847 0.0154545832 -0.0143471993 0.0187114905 0 0 0
nt@synapse_cleft 850 -0.000239285258 0.0130410227 0.0131048885 0 0 0
nt@synapse_cleft 854 -0.00741114592 0.028499558 0.00364246978 0 0 0
nt@synapse_cleft 866 -0.0123417397 -0.0283497727 0.00151487152 0 0 0
nt@synapse_cleft 871 0.0100450967 0.0192263791 0.015143029 0 0 0
nt@synapse_cleft 877 -0.0399802465 0.026067272 0.00497598682 0 0 0
nt@synapse_cleft 884 0.0182256546 -0.00164722242 0.0184962203 0 0 0
nt@synapse_cleft 904 -0.046094483 0.00340364837 0.0158217892 0 0 0
nt@synapse_cleft 908 -0.0637011772 -0.00701602107 0.0082168484 0 0 0
nt@synapse_cleft 909 0.0362334381 0.00661003178 0.00440388399 0 0 0
nt@synapse_cleft 913 -0.0218313352 0.0120202907 0.0165507377 0 0 0
nt@synapse_cleft 918 0.0640609418 0.010105031 0.0134705234 0 0 0
nt@synapse_cleft 932 0.0261054251 -0.0716447905 0.00410210344 0 0 0
nt@synapse_cleft 938 -0.017123347 0.00358182596 0.0121772615 0 0 0
nt@synapse_cleft 940 -0.0512524598 -0.0494257307 0.0136317386 0 0 0
nt@synapse_cleft 942 0.0124927507 -0.0383080706 0.00210393917 0 0 0
nt@synapse_cleft 943 0.0217170811 -0.0075839543 0.00791035289 0 0 0
nt@synapse_cleft 944 -0.00534815733 -0.0544368865 0.00187597739 0 0 0
nt@synapse_cleft 945 0.00520475751 0.037205158 0.00811731299 0 0 0
nt@synapse_cleft 947 -0.0202926581 0.0148173921 0.00768667252 0 0 0
nt@synapse_cleft 953 -0.041986137 0.0206983632 0.0107077611 0 0 0
nt@synapse_cleft 954 0.010745396 -0.027156397 0.0107928415 0 0 0
nt@synapse_cleft 957 0.0591797134 -0.0179168446 0.00332872776 0 0 0
nt@synapse_cleft 961 -0.0206480632 -0.00628262189 0.00167402523 0 0 0
nt@synapse_cleft 967 0.0372936452 0.0038439358 0.00943536265 0 0 0
nt@synapse_cleft 976 0.000154516092 0.0203134302 0.00707824108 0 0 0
nt@synapse_cleft 978 -0.0402678717 -0.0189044528 0.00830144978 0 0 0
nt@synapse_cleft 992 0.0327289267 -0.0017931566 0.00202333909 0 0 0
nt@synapse_cleft 994 -0.0288153739 -0.0231955808 0.0182879052 0 0 0
nt@synapse_cleft 998 0.000362460953 -0.00803550962 0.00734420039 0 0 0
nt@synapse_cleft 999 0.060092767 -0.0323611769 0.00155653707 0 0 0
nt@synapse_cleft 1002 -0.00218419699 0.0366103776 0.0147419012 0 0 0
nt@synapse_cleft 1004 -0.0151767736 0.00095662232 0.00346722887 0 0 0
nt@synapse_cleft 1013 -0.0353665236 0.0392775801 0.019674366 0 0 0
nt@synapse_cleft 1016 -0.0276435814 0.0129636657 0.016363853 0 0 0
nt@synapse_cleft 1018 -0.00363186474 -0.0146106738 0.00324381101 0 0 0
nt@synapse_cleft 1025 -0.010730966 -0.0285759264 0.0156522685 0 0 0
nt@synapse_cleft 1027 0.0337665782 0.0469125267 0.00691199004 0 0 0
nt@synapse_cleft 1035 -0.0431919407 -0.0245376518 0.00859306826 0 0 0
nt@synapse_cleft 1047 0.0352633205 -0.0512735415 0.00208949666 0 0 0
nt@synapse_cleft 1048 -0.0161267837 -0.0626491713 0.00959261897 0 0 0
nt@synapse_cleft 1050 0.024156178 -0.0471477329 0.00123129941 0 0 0
nt@synapse_cleft 1062 0.0409688587 -0.0106216698 0.0121830748 0 0 0
nt@synapse_cleft 1077 -0.0365395518 0.00431789976 0.0174015113 0 0 0
nt@synapse_cleft 1080 -0.0418925656 0.0246243484 0.0161632012 0 0 0
nt@synapse_cleft 1092 -0.0194243713 -0.0151219662 0.00967181831 0 0 0
nt@synapse_cleft 1107 -0.000633345519 0.000922807955 0.00507777298 0 0 0
nt@synapse_cleft 1108 0.0212131212 0.00705786264 0.000853321576 0 0 0
nt@synapse_cleft 1110 0.0182731963 0.0192808687 0.017982257 0 0 0
nt@synapse_cleft 1113 -0.0180806733 0.00846562558 0.00205336571 0 0 0
nt@synapse_cleft 1114 0.0106296124 -0.0356671496 0.00511606835 0 0 0
nt@synapse_cleft 1130 0.0187095677 -0.0105549209 0.00559931141 0 0 0
nt@synapse_cleft 1136 -0.00448643459 -0.0451354587 0.0078703059 0 0 0
nt@synapse_cleft 1140 0.00725976451 -0.0479499831 0.018259205 0 0 0
nt@synapse_cleft 1144 -0.014238643 -0.00918905258 0.00816936899 0 0 0
nt@synapse_cleft 1145 0.0579246785 -0.00241495239 0.014996528 0 0 0
nt@synapse_cleft 1149 -0.0215420646 0.00494498331 0.0147156717 0 0 0
nt@synapse_cleft 1152 0.0329506208 0.0140102892 0.000448680682 0 0 0
nt@synapse_cleft 1165 0.0449675328 0.0371292714 0.0110307597 0 0 0
nt@synapse_cleft 1167 0.0424343931 0.02798585 0.0190812361 0 0 0
nt@synapse_cleft 1172 -0.00648487543 0.000711191946 0.0183999451 0 0 0
nt@synapse_cleft 1177 -0.0123459185 0.0800660845 0.0043359734 0 0 0
nt@synapse_cleft 1179 0.00667466145 -0.0162200631 0.017774458 0 0 0
nt@synapse_cleft 1186 -0.067338503 0.0146502377 0.000180189417 0 0 0
nt@synapse_cleft 1188 0.0111829998 -0.0288038805 0.00667845037 0 0 0
nt@synapse_cleft 1193 -0.0267511061 -0.0233378576 0.00385233407 0 0 0
nt@synapse_cleft 1200 -0.0034114275 0.00854573842 0.00777384218 0 0 0
nt@synapse_cleft 1203 0.000122581165 0.0237837424 0.00165213657 0 0 0
nt@synapse_cleft 1204 0.00397395655 0.0150942677 0.0086424724 0 0 0
nt@synapse_cleft 1205 -0.0206545812 -0.0207334498 0.0144706193 0 0 0
nt@synapse_cleft 1206 -0.0159450259 0.0123558828 0.00401922839 0 0 0
nt@synapse_cleft 1237 -0.0354830817 -0.0379286603 0.00124551519 0 0 0
nt@synapse_cleft 1238 -0.0666441623 -0.0385117511 0.015791283 0 0 0
nt@synapse_cleft 1243 -0.0226499777 -0.00191452615 0.0154204066 0 0 0
nt@synapse_cleft 1248 -0.00181684082 0.0423163549 0.00842020278 0 0 0
nt@synapse_cleft 1251 -0.0414426609 0.0141078049 0.0192750778 0 0 0
nt@synapse_cleft 1252 -0.0371571118 -0.00830365927 0.018896148 0 0 0
nt@synapse_cleft 1254 -0.0177153009 0.0482154854 0.00625526863 0 0 0
nt@synapse_cleft 1270 0.062072111 0.0309954818 0.00858007593 0 0 0
nt@synapse_cleft 1275 -0.00514571698 0.0217341852 0.0105481061 0 0 0
nt@synapse_cleft 1289 0.0672912126 0.0076578331 0.00162066196 0 0 0
nt@synapse_cleft 1298 -0.00736643066 -0.0223958451 0.0153947257 0 0 0
nt@synapse_cleft 1302 -0.0262705722 0.0348974742 0.00516006974 0 0 0
nt@synapse_cleft 1311 0.00379345619 -0.0161615966 0.000734636397 0 0 0
nt@synapse_cleft 1316 -0.0290337761 -0.0292958738 0.00148638702 0 0 0
nt@synapse_cleft 1326 0.0180934711 0.0166213549 0.0022718896 0 0 0
nt@synapse_cleft 1328 0.0211446857 0.017172744 0.0151882762 0 0 0
nt@synapse_cleft 1333 -0.0124481592 0.0330014964 0.000647156905 0 0 0
nt@synapse_cleft 1338 -0.00578855164 0.0130764296 0.0186283997 0 0 0
nt@synapse_cleft 1343 0.0228631203 0.002859572 0.00990833445 0 0 0
nt@synapse_cleft 1347 -0.0484131084 -0.01426024 0.0114081945 0 0 0
nt@synapse_cleft 1349 0.0190974537 -0.00784020864 0.011940803 0 0 0
nt@synapse_cleft 1351 0.0340658194 -0.0210115274 0.00131640272 0 0 0
nt@synapse_cleft 1361 0.00332641099 -0.0242584758 0.00225998478 0 0 0
nt@synapse_cleft 1368 0.0142017299 -0.00165688599 0.0082956264 0 0 0
nt@synapse_cleft 1372 -0.0168631769 0.0425051908 0.00563702366 0 0 0
nt@synapse_cleft 1380 -0.0191027276 0.00813532345 0.017717565 0 0 0
nt@synapse_cleft 1384 -0.0475862819 0.00131072327 0.0187937415 0 0 0
nt@synapse_cleft 1393 -0.0258242227 0.0464003303 0.0117433943 0 0 0
nt@synapse_cleft 1394 0.016669708 0.0149937704 0.0153738814 0 0 0
nt@synapse_cleft 1400 -0.0280053059 0.0325126436 0.000127445852 0 0 0
nt@synapse_cleft 1403 0.00393628128 0.0129511642 0.0062985214 0 0 0
nt@synapse_cleft 1408 -0.0227693032 -0.0088018114 0.0163316973 0 0 0
nt@synapse_cleft 1416 -0.00579002862 0.0281040004 0.0148183888 0 0 0
nt@synapse_cleft 1419 0.0103856631 -0.0168833067 0.0180001399 0 0 0
nt@synapse_cleft 1425 -0.000734170607 -0.0377409918 0.00304269453 0 0 0
nt@synapse_cleft 1427 -0.0122541031 -0.024391695 0.0125432745 0 0 0
nt@synapse_cleft 1438 -0.0233844447 -0.0180942354 0.00489834328 0 0 0
nt@synapse_cleft 1440 -0.0207734417 0.0305682329 0.0117224881 0 0 0
nt@synapse_cleft 1442 -0.00832985189 0.0257303666 0.011469181 0 0 0
nt@synapse_cleft 1444 -0.027083292 -0.00559897955 0.00132083496 0 0 0
nt@synapse_cleft 1446 -0.0150340974 -0.0374588599 0.00400853337 0 0 0
nt@synapse_cleft 1449 -0.0354395039 0.00780620349 0.00995819776 0 0 0
nt@synapse_cleft 1452 -0.0335132069 -0.0335327805 0.00654513334 0 0 0
nt@synapse_cleft 1454 -0.0145953946 0.020876483 0.00195601386 0 0 0
nt@synapse_cleft 1455 -0.0248876969 0.00133736626 0.0144800764 0 0 0
nt@synapse_cleft 1470 -0.0677054343 -0.0365074764 0.00101663748 0 0 0
nt@synapse_cleft 1472 -0.059291126 -0.00579573006 0.00479248593 0 0 0
nt@synapse_cleft 1473 0.00687611574 -0.0180726984 0.00977041517 0 0 0
nt@synapse_cleft 1479 -0.0065339084 0.0494626357 0.017497882 0 0 0
nt@synapse_cleft 1481 0.0235440545 0.00779756971 0.0104922919 0 0 0
nt@synapse_cleft 1484 -0.0119574628 0.0152951112 0.0181525408 0 0 0
nt@synapse_cleft 1485 -0.0102951181 -0.0109170728 0.0183180314 0 0 0
nt@synapse_cleft 1487 0.0047444031 -0.0375992489 0.0151910508 0 0 0
nt@synapse_cleft 1488 0.0385415652 0.0133669475 0.012126631 0 0 0
nt@synapse_cleft 1494 0.00859673461 -0.0103874768 0.0136613917 0 0 0
nt@synapse_cleft 1496 0.00449935093 0.0334808515 0.0101171419 0 0 0
nt@synapse_cleft 1506 0.0260513981 0.00421825586 0.0137782165 0 0 0
nt@synapse_cleft 1507 -0.000571295414 -0.00097701601 0.000936420769 0 0 0
nt@synapse_cleft 1508 0.0350261176 0.00101705489 0.0191601985 0 0 0
nt@synapse_cleft 1512 0.0226323097 -0.014764357 0.012452845 0 0 0
nt@synapse_cleft 1519 -0.0159970808 -0.00326652978 0.00642269026 0 0 0
nt@synapse_cleft 1527 -0.00928653887 0.0473802525 0.00702589328 0 0 0
nt@synapse_cleft 1528 -0.037627735 -0.00107863999 0.00273023015 0 0 0
nt@synapse_cleft 1531 -0.0141135559 0.0140413854 0.00815269477 0 0 0
nt@synapse_cleft 1538 0.0141309261 0.0104262274 0.0128907041 0 0 0
nt@synapse_cleft 1542 -0.00983555561 0.0237424461 0.00693776971 0 0 0
nt@synapse_cleft 1548 -0.0312842212 -0.0158178946 0.00241686643 0 0 0
nt@synapse_cleft 1553 0.0590756888 -0.00146715941 0.0109432664 0 0 0
nt@synapse_cleft 1554 0.0187264946 0.0219095871 0.0083140783 0 0 0
nt@synapse_cleft 1561 0.00606660224 -0.0494474344 0.00515464166 0 0 0
nt@synapse_cleft 1565 -0.00873115971 -0.00509249397 0.0194370172 0 0 0
nt@synapse_cleft 1571 -0.0271220068 -0.0229153327 0.0186736254 0 0 0
nt@synapse_cleft 1573 0.0125804528 0.0384727891 0.00845891159 0 0 0
nt@synapse_cleft 1588 0.0194284848 -0.0250353609 0.0168368528 0 0 0
nt@synapse_cleft 1592 0.0120197911 -0.0296581108 6.26082579e-05 0 0 0
nt@synapse_cleft 1597 0.00654267305 0.0315633338 0.000301527487 0 0 0
nt@synapse_cleft 1600 0.02007012 -0.0343778415 0.015762611 0 0 0
nt@synapse_cleft 1605 0.0205413366 -0.00170398231 0.0140343785 0 0 0
nt@synapse_cleft 1606 -0.0459940033 0.0155363879 0.0104157687 0 0 0
nt@synapse_cleft 1611 0.00167662585 -0.0180423901 0.0181953424 0 0 0
nt@synapse_cleft 1617 -0.00470722019 -0.0356635611 0.00948851441 0 0 0
nt@synapse_cleft 1619 0.0187010439 0.0076967484 0.00336882053 0 0 0
nt@synapse_cleft 1628 0.0131434358 0.0385027248 0.0098421453 0 0 0
nt@synapse_cleft 1635 0.0116763769 -0.00494262993 0.0111278309 0 0 0
nt@synapse_cleft 1641 0.0313902087 0.0280664662 0.0182662932 0 0 0
nt@synapse_cleft 1642 0.0162783758 -0.0352309802 0.00276974834 0 0 0
nt@synapse_cleft 1655 0.00694560597 0.0218664313 0.00305279952 0 0 0
nt@synapse_cleft 1658 0.0320307985 0.0514277754 0.00332649574 0 0 0
nt@synapse_cleft 1660 0.0101802297 0.0209447932 0.016129077 0 0 0
nt@synapse_cleft 1675 -0.0284467516 -0.00391267114 0.0144253687 0 0 0
nt@synapse_cleft 1678 0.00180439007 -0.0234399061 0.00779116153 0 0 0
nt@synapse_cleft 1681 -0.00537172312 -0.0108299017 0.016402044 0 0 0
nt@synapse_cleft 1686 -0.00946275222 0.016623442 0.00885912733 0 0 0
nt@synapse_cleft 1687 -0.0412794711 -0.04484834 0.00825641929 0 0 0
nt@synapse_cleft 1689 0.00504177406 0.0100392298 0.00357725541 0 0 0
nt@synapse_cleft 1692 -0.0173366883 0.0109676234 0.017311058 0 0 0
nt@synapse_cleft 1695 0.0146456359 -0.0206714988 0.00497643509 0 0 0
nt@synapse_cleft 1701 0.00661419088 -0.00294266428 0.0179468259 0 0 0
nt@synapse_cleft 1707 -0.0270922449 -0.00620367233 0.0162181162 0 0 0
nt@synapse_cleft 1708 -0.025396028 0.0192816341 0.00315395505 0 0 0
nt@synapse_cleft 1715 -0.0041521699 0.0139421421 0.0134741303 0 0 0
nt@synapse_cleft 1721 0.0153265362 -0.0538310122 0.00684241323 0 0 0
nt@synapse_cleft 1729 -0.00405423604 -0.0149520215 0.00706847438 0 0 0
nt@synapse_cleft 1736 0.0295960163 -5.66940583e-05 0.0176967943 0 0 0
nt@synapse_cleft 1742 0.0197748502 -0.0514873769 0.00153171871 0 0 0
nt@synapse_cleft 1743 0.0304821013 0.0307432406 0.0184458394 0 0 0
nt@synapse_cleft 1745 -0.0433974247 0.0116681402 0.000600243844 0 0 0
nt@synapse_cleft 1746 0.015658674 -0.0269802016 0.0005190005 0 0 0
nt@synapse_cleft 1748 0.0579356262 0.023425182 0.00964195738 0 0 0
nt@synapse_cleft 1751 0.0445002844 0.000176603968 0.0114625809 0 0 0
nt@synapse_cleft 1759 0.00693128913 -0.0226953856 0.0181267631 0 0 0
nt@synapse_cleft 1761 -0.0110259487 0.0322231142 0.00854989225 0 0 0
nt@synapse_cleft 1762 -0.0331848397 -0.023870016 0.0111098003 0 0 0
nt@synapse_cleft 1768 0.0106759465 -0.0564854554 0.00884876308 0 0 0
nt@synapse_cleft 1775 -0.0164708022 -0.00624524485 0.0114762682 0 0 0
nt@synapse_cleft 1778 0.04650123 -0.0509635608 0.0198690106 0 0 0
nt@synapse_cleft 1781 -0.0244302717 0.0417169465 0.000225463237 0 0 0
nt@synapse_cleft 1793 0.0064504241 0.0389259507 0.0191754056 0 0 0
nt@synapse_cleft 1795 0.0407873404 -0.0105981733 0.0181796881 0 0 0
nt@synapse_cleft 1804 0.00278051183 0.0227404458 0.0123969742 0 0 0
nt@synapse_cleft 1810 -0.0705740012 -0.0425130596 0.0127675126 0 0 0
nt@synapse_cleft 1815 -0.0225634198 -0.0102161939 0.00734586872 0 0 0
nt@synapse_cleft 1824 0.0248799113 -0.00242045054 0.0014251694 0 0 0
nt@synapse_cleft 1829 0.0434761211 -0.0120043714 0.000983645604 0 0 0
nt@synapse_cleft 1830 -0.0399660365 -0.00656471189 0.0129414534 0 0 0
nt@synapse_cleft 1837 -0.045072163 -0.013029515 0.00383367361 0 0 0
nt@synapse_cleft 1838 0.00903131645 -0.0477354549 0.0164803888 0 0 0
nt@synapse_cleft 1843 0.0248764168 0.0200241446 0.0110057095 0 0 0
nt@synapse_cleft 1846 -0.018604651 -0.00118873281 0.00173774819 0 0 0
nt@synapse_cleft 1849 0.0326730084 0.00755540393 0.00773658107 0 0 0
nt@synapse_cleft 1853 0.0572159886 -0.0308215176 0.00844210063 0 0 0
nt@synapse_cleft 1854 0.0174221829 -0.00681862239 0.0137051408 0 0 0
nt@synapse_cleft 1856 0.0108478447 -0.0351047455 0.0108380899 0 0 0
nt@synapse_cleft 1872 0.00334220821 -0.00712315249 0.00562718435 0 0 0
nt@synapse_cleft 1877 0.0103469753 0.0238671677 0.017318294 0 0 0
nt@synapse_cleft 1880 -0.0326888332 -0.0160779775 0.00757006105 0 0 0
nt@synapse_cleft 1883 0.0249455539 0.00797364232 0.0128232419 0 0 0
nt@synapse_cleft 1885 -0.0103564994 -0.00167171279 0.0134973213 0 0 0
nt@synapse_cleft 1887 0.00253510656 0.0269647797 0.00034019408 0 0 0
nt@synapse_cleft 1892 -0.00473551322 -0.00298348122 0.0109887435 0 0 0
nt@synapse_cleft 1896 0.0150374115 0.0135426619 0.0135180453 0 0 0
nt@synapse_cleft 1900 -0.0191311255 -0.0225237257 0.00469675707 0 0 0
nt@synapse_cleft 1904 -0.0310000178 0.0317051602 0.00210680478 0 0 0
nt@synapse_cleft 1918 -0.0238583136 0.0702883661 0.00906178139 0 0 0
nt@synapse_cleft 1923 -0.021849381 0.0201659636 0.0153420846 0 0 0
nt@synapse_cleft 1926 0.00806101088 -0.00967349296 0.0129765378 0 0 0
nt@synapse_cleft 1932 0.0142103021 -0.0104356846 0.0137136519 0 0 0
nt@synapse_cleft 1942 0.0446306802 -0.0308223584 0.00674384097 0 0 0
nt@synapse_cleft 1944 -0.00393586566 0.0333008161 0.00871349522 0 0 0
nt@synapse_cleft 1946 -0.0185661011 -0.0174704177 0.0146008651 0 0 0
nt@synapse_cleft 1953 -0.0223766626 0.00574060603 0.00845327573 0 0 0
nt@synapse_cleft 1961 0.0387978254 0.0181681441 2.10001361e-05 0 0 0
nt@synapse_cleft 1964 -0.0178714593 0.00941418163 0.00908192695 0 0 0
nt@synapse_cleft 1967 0.00384078148 -0.0376016738 0.00294135697 0 0 0
nt@synapse_cleft 1970 -0.0199912622 -0.0385057092 0.0158136407 0 0 0
nt@synapse_cleft 1973 0.027254778 0.0242878551 0.0157409915 0 0 0
nt@synapse_cleft 1976 -0.0458647098 -0.0135964655 0.00141603693 0 0 0
nt@synapse_cleft 1980 -0.0121016906 -0.0219114456 0.00534011032 0 0 0
nt@synapse_cleft 1984 -0.0458505609 -0.0401389745 0.00525677663 0 0 0
nt@synapse_cleft 1990 0.0225765755 0.0237574835 0.00121975359 0 0 0
nt@synapse_cleft 1993 -0.00189690586 -0.0273343838 0.0172692118 0 0 0
nt@synapse_cleft 1997 -0.00583482207 0.0197881103 0.0150962608 0 0 0
nt@synapse_cleft 2004 -0.018695916 0.0118376908 0.0147914445 0 0 0
nt@synapse_cleft 2013 -0.00749834645 0.000354488263 0.0141131221 0 0 0
nt@synapse_cleft 2014 0.0101458704 -0.000940808106 0.00880016517 0 0 0
nt@synapse_cleft 2019 0.0196940098 -0.017477298 0.0148102305 0 0 0
nt@synapse_cleft 2032 -0.0277175955 0.0168105927 0.00781759899 0 0 0
nt@synapse_cleft 2036 0.05787115 -0.0416807638 0.000595498072 0 0 0
nt@synapse_cleft 2039 0.043056822 0.0272548472 0.0155466058 0 0 0
nt@synapse_cleft 2061 0.0130138513 0.00609771873 0.00733586119 0 0 0
nt@synapse_cleft 2064 0.0249300551 0.0178764741 0.0199442871 0 0 0
nt@synapse_cleft 2091 -0.00807925742 0.0359336568 0.0136288911 0 0 0
nt@synapse_cleft 2092 0.00607922404 0.027682043 0.0119799612 0 0 0
nt@synapse_cleft 2094 -0.012129057 0.000806187786 0.0154043645 0 0 0
nt@synapse_cleft 2096 -0.0130445297 -0.000508295327 0.0062807292 0 0 0
nt@synapse_cleft 2104 0.0402588228 -0.0103513394 0.00501763839 0 0 0
nt@synapse_cleft 2112 -0.00610884014 -0.0279144095 0.00226736398 0 0 0
nt@synapse_cleft 2124 -0.0070650625 0.0669168329 0.00808976794 0 0 0
nt@synapse_cleft 2127 0.0324658965 -0.00584366876 0.000696869622 0 0 0
nt@synapse_cleft 2137 -0.0579332184 0.0568300411 0.00736291159 0 0 0
nt@synapse_cleft 2148 0.0361598065 -0.077671085 0.00287314063 0 0 0
nt@synapse_cleft 2156 0.0444416899 -0.0307066317 0.011852094 0 0 0
nt@synapse_cleft 2162 -0.012288159 0.00840691822 0.0144519855 0 0 0
nt@synapse_cleft 2163 0.00979395888 -0.00281759611 7.83297113e-05 0 0 0
nt@synapse_cleft 2185 -0.0226061046 -0.00533770017 0.0115977082 0 0 0
nt@synapse_cleft 2187 -0.0176835163 0.0044508716 0.000158961968 0 0 0
nt@synapse_cleft 2199 -0.00969846281 -0.0169130847 0.00556953972 0 0 0
nt@synapse_cleft 2204 -0.0270714695 0.0206060767 0.00258464775 0 0 0
nt@synapse_cleft 2207 0.035457701 -0.0045928381 0.0031962736 0 0 0
nt@synapse_cleft 2218 0.0122924736 -0.00406785352 0.00542045354 0 0 0
nt@synapse_cleft 2223 -0.0190517507 -0.00941622264 0.0146148135 0 0 0
nt@synapse_cleft 2228 -0.00495303459 0.0214389247 0.0113602075 0 0 0
nt@synapse_cleft 2236 0.000300284028 0.00457469687 0.0197143408 0 0 0
nt@synapse_cleft 2251 -0.0101530936 0.00538556563 0.0124147165 0 0 0
nt@synapse_cleft 2254 -0.014357608 -0.0232805315 0.0132875038 0 0 0
nt@synapse_cleft 2257 0.0155891291 0.00415631323 0.0177669493 0 0 0
nt@synapse_cleft 2262 -0.0149342902 0.0105706879 0.0140930085 0 0 0
nt@synapse_cleft 2271 -0.0602576805 0.0148206744 0.0130162182 0 0 0
nt@synapse_cleft 2274 -0.0111230884 0.033893596 0.00117110823 0 0 0
nt@synapse_cleft 2278 0.0186631433 0.0300323237 0.00236715057 0 0 0
nt@synapse_cleft 2279 -0.0182108433 0.0120266918 0.00693592253 0 0 0
nt@synapse_cleft 2283 0.0386130598 -0.0301756537 0.0194990762 0 0 0
nt@synapse_cleft 2284 0.0361289068 0.000460302168 0.000132917245 0 0 0
nt@synapse_cleft 2285 0.000463731894 -0.0127268061 0.0108785986 0 0 0
nt@synapse_cleft 2289 0.00727948185 -0.00433363676 0.00083345312 0 0 0
nt@synapse_cleft 2298 -0.0462055443 -0.0244479219 0.00723362992 0 0 0
nt@synapse_cleft 2306 -7.98150048e-05 -0.0471723426 0.00202144304 0 0 0
nt@synapse_cleft 2308 -0.0445512419 0.0301114072 0.000355405903 0 0 0
nt@synapse_cleft 2309 -0.00684520915 0.013575238 0.0194050242 0 0 0
nt@synapse_cleft 2314 0.00246283677 -0.0242169111 0.00238779698 0 0 0
nt@synapse_cleft 2317 0.0450404678 0.00329826689 0.00124874904 0 0 0
nt@synapse_cleft 2320 0.0206262348 -0.025817216 0.00448485774 0 0 0
nt@synapse_cleft 2321 0.0431679517 0.0134313431 0.00277405419 0 0 0
nt@synapse_cleft 2327 -0.0374140217 -0.0315935951 0.0138297247 0 0 0
nt@synapse_cleft 2330 -0.0367424446 0.0197652643 0.016341307 0 0 0
nt@synapse_cleft 2332 -0.0146344282 0.00653917619 0.00782543137 0 0 0
nt@synapse_cleft 2349 0.0487648086 0.0209497743 0.0013810852 0 0 0
nt@synapse_cleft 2367 -0.0309067574 -0.0447717187 0.0125581037 0 0 0
nt@synapse_cleft 2369 -0.0273665402 0.0112207387 0.00170519716 0 0 0
nt@synapse_cleft 2383 -0.00315111394 -0.0531511185 0.0182874117 0 0 0
nt@synapse_cleft 2386 -0.0166650119 -0.00463785505 0.00621839805 0 0 0
nt@synapse_cleft 2389 0.00813446024 -0.0245088534 0.0143335466 0 0 0
nt@synapse_cleft 2397 0.00674745176 -0.0576834969 0.00759565477 0 0 0
nt@synapse_cleft 2400 -0.0257171831 -0.0283591596 0.0148153676 0 0 0
nt@synapse_cleft 2411 0.00867028158 -0.0419227465 0.0137053912 0 0 0
nt@synapse_cleft 2412 -0.000405892701 0.00906648089 0.0117571169 0 0 0
nt@synapse_cleft 2417 -0.0179020479 0.00655622115 0.0168706922 0 0 0
nt@synapse_cleft 2421 -0.00339933512 0.0204853932 0.000605407585 0 0 0
nt@synapse_cleft 2423 0.0147534604 -0.0540284033 0.00683921997 0 0 0
nt@synapse_cleft 2437 0.0438359222 -0.00207779134 0.00549315551 0 0 0
nt@synapse_cleft 2438 0.0052152457 -0.0303870823 0.0067820713 0 0 0
nt@synapse_cleft 2448 0.00524069279 0.00243515442 0.00274971804 0 0 0
nt@synapse_cleft 2456 -0.0163221852 -0.00467960904 0.00217697541 0 0 0
nt@synapse_cleft 2459 0.0130402145 0.0363357865 0.00226872265 0 0 0
nt@synapse_cleft 2462 -0.00390870554 0.0419092102 0.00575967528 0 0 0
nt@synapse_cleft 2468 -0.0531314344 -0.0185296565 0.0133910734 0 0 0
nt@synapse_cleft 2472 0.0631798243 -0.040495915 0.0106805054 0 0 0
nt@synapse_cleft 2480 -0.00918807599 -0.0286721081 0.0064684536 0 0 0
nt@synapse_cleft 2481 -0.0196642082 -0.0146813209 0.0101570815 0 0 0
nt@synapse_cleft 2483 0.0279098855 0.0267065748 0.0115230148 0 0 0
nt@synapse_cleft 2491 0.00821211348 0.0158159973 0.0184700695 0 0 0
nt@synapse_cleft 2493 0.0341220753 -0.0380519743 0.0124666007 0 0 0
nt@synapse_cleft 2498 0.017144678 -0.00907577664 0.00233572797 0 0 0
nt@synapse_cleft 2502 0.0212361631 -0.0272898377 0.0198157988 0 0 0
nt@synapse_cleft 2509 -0.00960065123 -0.0191465037 0.0109772097 0 0 0
nt@synapse_cleft 2513 -0.0120693833 0.0171864179 0.0088724382 0 0 0
nt@synapse_cleft 2517 -0.0106902056 -0.00343810828 0.0183951961 0 0 0
nt@synapse_cleft 2520 0.013484845 0.0267986099 0.00447919651 0 0 0
nt@synapse_cleft 2528 0.0124730452 0.000834270282 0.0193974563 0 0 0
nt@synapse_cleft 2539 -0.00388071776 0.0289014296 0.00889573675 0 0 0
nt@synapse_cleft 2542 0.020838108 -0.0297019258 0.0111677535 0 0 0
nt@synapse_cleft 2549 -0.00950479071 0.0576819403 0.00923370121 0 0 0
nt@synapse_cleft 2550 0.0369692897 0.00783266133 0.0144059087 0 0 0
nt@synapse_cleft 2555 0.0464545962 -0.0293415533 0.00474987914 0 0 0
nt@synapse_cleft 2560 -0.0348001094 -0.00130235895 0.00243886321 0 0 0
nt@synapse_cleft 2561 0.0224409022 0.0527598289 0.00413273236 0 0 0
nt@synapse_cleft 2563 -0.0067916024 0.00536979798 0.00436084534 0 0 0
nt@synapse_cleft 2564 -0.0144922586 0.0532264432 0.00167352274 0 0 0
nt@synapse_cleft 2566 -0.00852974139 0.00638600617 0.0130773775 0 0 0
nt@synapse_cleft 2570 0.00682620131 0.00580747948 0.00348703259 0 0 0
nt@synapse_cleft 2571 0.0340528674 -0.0486381498 0.00064987797 0 0 0
nt@synapse_cleft 2577 -0.0137153253 0.0305917693 0.0168510681 0 0 0
nt@synapse_cleft 2597 -0.0181581236 -0.00363502896 0.00881396929 0 0 0
nt@synapse_cleft 2603 0.0399458487 -0.0294447228 0.0164161367 0 0 0
nt@synapse_cleft 2604 0.0473796648 -0.0182648515 0.0169604802 0 0 0
nt@synapse_cleft 2610 0.0137087738 -0.0381664633 0.00498855446 0 0 0
nt@synapse_cleft 2615 -0.0033796106 -0.0641131865 0.0181616681 0 0 0
nt@synapse_cleft 2625 -0.0528223761 -0.0210343147 0.00226879751 0 0 0
nt@synapse_cleft 2628 0.0159787236 -0.0265423644 0.0167033714 0 0 0
nt@synapse_cleft 2639 0.0204741885 -0.0126022602 0.0117732421 0 0 0
nt@synapse_cleft 2641 -0.0180584398 -0.00700229219 0.00850065443 0 0 0
nt@synapse_cleft 2652 -0.00447881463 0.00851121815 0.0144720467 0 0 0
nt@synapse_cleft 2660 -0.0213337986 -0.0157369172 0.00590591972 0 0 0
nt@synapse_cleft 2670 -0.0100030908 -0.0203157962 0.00974893089 0 0 0
nt@synapse_cleft 2680 -0.055299798 -0.0368538694 0.00714418343 0 0 0
nt@synapse_cleft 2681 -0.0386633523 -0.0310509416 0.0140760095 0 0 0
nt@synapse_cleft 2688 -0.0493740303 0.0660183548 0.00765336485 0 0 0
nt@synapse_cleft 2702 -0.0104799765 -0.00573546953 0.00544972128 0 0 0
nt@synapse_cleft 2708 -0.0417676202 0.0157023103 0.00517446057 0 0 0
nt@synapse_cleft 2709 0.0157203246 -0.0056343461 0.0105172727 0 0 0
nt@synapse_cleft 2713 -0.0109581019 -0.0284707763 0.0012003996 0 0 0
nt@synapse_cleft 2720 0.0131789411 0.0182859349 0.01711408 0 0 0
nt@synapse_cleft 2724 -9.92445459e-05 -0.015500683 0.00279169141 0 0 0
nt@synapse_cleft 2729 0.0116074673 -0.0368613124 0.0116720601 0 0 0
nt@synapse_cleft 2734 0.0416545547 0.00689920263 0.0186453535 0 0 0
nt@synapse_cleft 2743 -0.00471085772 -0.0324327594 0.0191900354 0 0 0
nt@synapse_cleft 2750 0.0177892922 -0.0478357271 0.0139480689 0 0 0
nt@synapse_cleft 2752 -0.0262162198 -0.0272193622 0.0118170665 0 0 0
nt@synapse_cleft 2756 0.0430380413 -0.0255413937 0.00282660455 0 0 0
nt@synapse_cleft 2766 -0.0234258085 0.03735923 0.0136196668 0 0 0
nt@synapse_cleft 2775 0.0356510879 -0.0161498729 0.0153496377 0 0 0
nt@synapse_cleft 2785 0.00282445107 0.046945729 0.0150018834 0 0 0
nt@synapse_cleft 2798 -0.0288009286 0.0111486326 0.0109856437 0 0 0
nt@synapse_cleft 2807 -0.0224780024 0.0172325464 0.00910080915 0 0 0
nt@synapse_cleft 2808 0.0189607848 0.0579596815 0.0122398161 0 0 0
nt@synapse_cleft 2820 0.00926632862 -0.000749768257 0.0157260338 0 0 0
nt@synapse_cleft 2828 0.0144882916 -0.0532686427 0.0131453143 0 0 0
nt@synapse_cleft 2837 -0.0146846809 0.0246781408 0.0110819053 0 0 0
nt@synapse_cleft 2857 0.0208730581 -0.0162604469 0.0136578719 0 0 0
nt@synapse_cleft 2861 -0.0128012214 0.0147168991 8.5932674e-05 0 0 0
nt@synapse_cleft 2863 -0.0387465261 -0.00787328123 0.00117020407 0 0 0
nt@synapse_cleft 2871 0.0136600637 -0.0493004008 0.0165148475 0 0 0
nt@synapse_cleft 2875 0.0124388347 0.00654062808 0.00951429195 0 0 0
nt@synapse_cleft 2876 -0.00811222774 -0.00503241865 0.0106510327 0 0 0
nt@synapse_cleft 2880 0.0243871116 -0.00421943929 0.0102359045 0 0 0
nt@synapse_cleft 2884 0.0360313622 0.0139099295 0.0114967277 0 0 0
nt@synapse_cleft 2894 0.00881170973 0.00970921718 0.00661056988 0 0 0
nt@synapse_cleft 2895 0.0716021 -0.00988776781 0.00829426153 0 0 0
nt@synapse_cleft 2905 0.00559463735 0.0062017355 0.00830614745 0 0 0
nt@synapse_cleft 2909 0.0447279432 -0.0114038097 0.0166099731 0 0 0
nt@synapse_cleft 2910 -0.0618087528 0.0238459937 0.0174665653 0 0 0
nt@synapse_cleft 2912 -0.00265175614 -0.0202339493 0.0093747286 0 0 0
nt@synapse_cleft 2915 0.0368702982 -0.0504330818 0.00530743746 0 0 0
nt@synapse_cleft 2920 0.00815389687 -0.0022840275 0.0174887655 0 0 0
nt@synapse_cleft 2921 -0.00160606374 0.0599407695 0.00379700576 0 0 0
nt@synapse_cleft 2925 -0.00781328434 0.0333437241 0.00899188167 0 0 0
nt@synapse_cleft 2933 -0.00298724021 -0.0143321364 0.00105916306 0 0 0
nt@synapse_cleft 2935 -0.0442630816 0.00614366882 0.0139757445 0 0 0
nt@synapse_cleft 2940 -0.00494891404 -0.0209931947 0.000236833181 0 0 0
nt@synapse_cleft 2945 -0.039673964 -0.00919797755 0.00399059143 0 0 0
nt@synapse_cleft 2961 0.0759172256 -0.0449334853 0.000400943041 0 0 0
nt@synapse_cleft 2962 0.0113053897 0.000484249682 0.00469733327 0 0 0
nt@synapse_cleft 2967 0.00689631734 -0.045557172 0.00797161681 0 0 0
nt@synapse_cleft 2983 0.0160474397 -0.0349301783 0.0143126211 0 0 0
nt@synapse_cleft 2993 -0.00783996021 0.0495656613 0.010011636 0 0 0
nt@synapse_cleft 3006 0.0272554751 0.0512985736 0.000444604005 0 0 0
nt@synapse_cleft 3008 0.0232276704 0.0516464492 0.0177672395 0 0 0
nt@synapse_cleft 3012 0.0252376057 -0.00379742046 0.00982822199 0 0 0
nt@synapse_cleft 3019 -0.0165560189 0.00148396646 0.000765580771 0 0 0
nt@synapse_cleft 3020 -0.0183879744 -0.0229955183 0.00173983477 0 0 0
nt@synapse_cleft 3024 0.0301339345 0.00313631129 0.0144037705 0 0 0
nt@synapse_cleft 3026 -0.0262807712 0.0173238881 0.00895454385 0 0 0
nt@synapse_cleft 3042 -0.00639754276 0.0112156183 0.0189873951 0 0 0
nt@synapse_cleft 3047 0.0274216315 0.054685974 0.0104798548 0 0 0
nt@synapse_cleft 3057 0.0345479437 -0.00366469775 0.0143055739 0 0 0
nt@synapse_cleft 3061 -0.00380783968 0.0315378958 0.00945300724 0 0 0
nt@synapse_cleft 3062 0.013992036 -0.0201381469 0.00227159169 0 0 0
nt@synapse_cleft 3069 0.0566357966 -0.0356751872 0.0163729989 0 0 0
nt@synapse_cleft 3073 0.0146720085 0.0382799723 0.00559737395 0 0 0
nt@synapse_cleft 3082 0.0200182568 0.0260239631 0.016887231 0 0 0
nt@synapse_cleft 3089 -0.0140575385 -0.0183178559 0.00883847821 0 0 0
nt@synapse_cleft 3096 -0.00874385929 0.0284710978 0.00112715042 0 0 0
nt@synapse_cleft 3097 0.0570203439 0.0198823211 0.0110889049 0 0 0
nt@synapse_cleft 3099 -0.0310920757 0.00648729776 0.0138344156 0 0 0
nt@synapse_cleft 3111 -0.00414661492 -0.0208766506 0.00114111454 0 0 0
nt@synapse_cleft 3114 0.0348986991 0.0341734877 0.00760824335 0 0 0
nt@synapse_cleft 3132 -0.0114623616 -0.00115129322 0.00309641163 0 0 0
nt@synapse_cleft 3134 0.0171060174 0.0409808318 0.01378425 0 0 0
nt@synapse_cleft 3150 0.037076073 -0.0732130263 0.00264977774 0 0 0
nt@synapse_cleft 3155 -0.0122099281 0.00505413203 0.0112828987 0 0 0
nt@synapse_cleft 3159 -0.0174411061 0.0137593076 0.0169294939 0 0 0
nt@synapse_cleft 3177 0.0353721747 -0.0250075734 0.00304436173 0 0 0
nt@synapse_cleft 3178 -0.0195594281 -0.0121458389 0.00667553583 0 0 0
nt@synapse_cleft 3179 0.0207664196 -0.0092883242 0.0194728382 0 0 0
nt@synapse_cleft 3181 0.0103412257 -0.00337912022 0.0133919499 0 0 0
nt@synapse_cleft 3183 0.00324090116 -0.0273709953 0.0133649676 0 0 0
nt@synapse_cleft 3184 0.0213527288 0.0256576738 0.00793056424 0 0 0
nt@synapse_cleft 3185 0.00815551868 0.00280065446 0.0112999579 0 0 0
nt@synapse_cleft 3199 0.00890743932 0.0247331245 0.0133267422 0 0 0
nt@synapse_cleft 3202 0.0123530092 0.0337173682 0.0188996491 0 0 0
nt@synapse_cleft 3207 -0.0163245135 -0.00413899531 0.00399175895 0 0 0
nt@synapse_cleft 3220 0.00983010713 0.0277325711 0.0128892451 0 0 0
nt@synapse_cleft 3222 -0.0573227111 -0.0203602116 0.00340702064 0 0 0
nt@synapse_cleft 3227 0.0132804698 0.0099680992 0.00498756019 0 0 0
nt@synapse_cleft 3247 0.0112565631 -0.00646893388 0.0143082934 0 0 0
nt@synapse_cleft 3249 -0.0226741618 -0.0118296455 0.0162711841 0 0 0
nt@synapse_cleft 3275 0.0130677282 -0.0175139923 0.0116448563 0 0 0
nt@synapse_cleft 3304 0.0261269489 0.0735730023 0.0114552513 0 0 0
nt@synapse_cleft 3308 -0.0292276748 0.044329636 0.00883923767 0 0 0
nt@synapse_cleft 3312 -0.000126727747 -0.0215176674 0.00575857476 0 0 0
nt@synapse_cleft 3313 -0.00818245859 -0.0122892387 0.00378696142 0 0 0
nt@synapse_cleft 3326 0.0208129451 -0.00766170218 0.00594411615 0 0 0
nt@synapse_cleft 3327 -0.0137462274 -0.0567363404 0.0161256417 0 0 0
nt@synapse_cleft 3334 0.00485139664 0.00704013196 0.00455031576 0 0 0
nt@synapse_cleft 3335 0.039687834 0.00134122978 0.00754362886 0 0 0
nt@synapse_cleft 3338 -0.00102833115 -0.0445843829 0.0169784508 0 0 0
nt@synapse_cleft 3341 0.0258014481 -0.0085016794 0.0023227845 0 0 0
nt@synapse_cleft 3347 0.0253675222 -0.039346959 0.00508744033 0 0 0
nt@synapse_cleft 3367 0.0109526254 0.0123101356 0.000534931719 0 0 0
nt@synapse_cleft 3375 0.0450873836 0.031853179 0.0197531221 0 0 0
nt@synapse_cleft 3378 0.021087001 0.0325322191 0.00501581474 0 0 0
nt@synapse_cleft 3394 0.000122363975 -0.0246365392 0.00383772579 0 0 0
nt@synapse_cleft 3401 0.0474068818 -0.00280391417 0.0125244256 0 0 0
nt@synapse_cleft 3402 -0.00672466559 -0.0148997707 0.00358973275 0 0 0
nt@synapse_cleft 3404 0.0193488577 -0.0266695386 0.00447561404 0 0 0
nt@synapse_cleft 3407 0.000196991973 0.071127797 0.010265205 0 0 0
nt@synapse_cleft 3413 0.0244608483 0.0188422291 0.0043722729 0 0 0
nt@synapse_cleft 3419 -0.0166620374 0.0258766172 0.00616753346 0 0 0
nt@synapse_cleft 3429 0.0512211113 -0.00993231613 0.0139212152 0 0 0
nt@synapse_cleft 3432 0.0516698337 -0.0588064226 0.00244174132 0 0 0
nt@synapse_cleft 3445 0.0351478598 0.0211315274 0.0183780778 0 0 0
nt@synapse_cleft 3451 0.0102975697 0.0169566954 0.0100407892 0 0 0
nt@synapse_cleft 3455 -0.00638042652 -0.0213492604 0.0175130723 0 0 0
nt@synapse_cleft 3467 -0.0692932511 0.000139626745 0.00701834188 0 0 0
nt@synapse_cleft 3474 0.0447758873 -0.00122228676 0.00841041831 0 0 0
nt@synapse_cleft 3482 -0.0726348913 -0.0397435045 0.0195832465 0 0 0
nt@synapse_cleft 3484 -0.00144645261 0.0165326362 0.00874712712 0 0 0
nt@synapse_cleft 3496 0.0159927954 -0.00242836078 0.0129356449 0 0 0
nt@synapse_cleft 3500 0.0145975052 -0.039214612 0.0188968996 0 0 0
nt@synapse_cleft 3507 -0.0254627839 -0.00888036554 0.0180459501 0 0 0
nt@synapse_cleft 3511 0.0147217557 -0.027853333 0.0134497806 0 0 0
nt@synapse_cleft 3514 -0.00135804174 0.00479558939 0.0128498752 0 0 0
nt@synapse_cleft 3526 0.0186846872 -0.0464549606 0.0152754978 0 0 0
nt@synapse_cleft 3535 0.0120445478 0.0115733681 0.00689903497 0 0 0
nt@synapse_cleft 3536 0.0119129831 0.000640700587 0.0114067607 0 0 0
nt@synapse_cleft 3538 -0.0347607416 0.00746484955 0.000892011499 0 0 0
nt@synapse_cleft 3542 -0.000709830299 0.0325000707 0.000506094911 0 0 0
nt@synapse_cleft 3543 -0.0325827769 -0.0204525084 0.00361868576 0 0 0
nt@synapse_cleft 3546 0.0151660385 0.0281027913 0.00717010268 0 0 0
nt@synapse_cleft 3561 -0.0215573885 -0.009034947 3.52192146e-05 0 0 0
nt@synapse_cleft 3562 -0.063180431 -0.00327313236 0.0166622775 0 0 0
nt@synapse_cleft 3563 0.0183401982 -0.0127199166 0.017200762 0 0 0
nt@synapse_cleft 3565 0.0318241072 -0.0304241711 0.00343914011 0 0 0
nt@synapse_cleft 3566 -0.0176057373 0.0586559554 0.0187883755 0 0 0
nt@synapse_cleft 3568 0.0195394092 -0.0439621475 0.0178012196 0 0 0
nt@synapse_cleft 3575 -0.0153407747 0.00476306206 0.00917087392 0 0 0
nt@synapse_cleft 3576 0.0518371569 -0.00205452938 0.00768368726 0 0 0
nt@synapse_cleft 3592 0.019825723 0.0407314755 0.0113662284 0 0 0
nt@synapse_cleft 3602 -0.0293709615 -0.0106255726 0.0136347639 0 0 0
nt@synapse_cleft 3603 -0.0239380148 0.0180243677 0.0159025396 0 0 0
nt@synapse_cleft 3606 -0.00455025662 0.00215961009 0.00192092461 0 0 0
nt@synapse_cleft 3610 -0.00137587284 0.00353646766 0.0095144118 0 0 0
nt@synapse_cleft 3611 0.011677881 0.0046072217 0.0155591391 0 0 0
nt@synapse_cleft 3616 -0.0378916358 0.0285457955 0.0140314886 0 0 0
nt@synapse_cleft 3617 -0.00231205882 -0.0678594539 0.0189088584 0 0 0
nt@synapse_cleft 3620 0.00432446567 0.0274296464 0.00725277562 0 0 0
nt@synapse_cleft 3625 0.0251182157 0.0121071954 0.0160421517 0 0 0
nt@synapse_cleft 3630 0.0276560119 0.0382612799 0.0161523203 0 0 0
nt@synapse_cleft 3635 -0.0031164128 0.0156306558 0.00536152325 0 0 0
nt@synapse_cleft 3636 0.00575691474 -0.00219606924 0.0102523639 0 0 0
nt@synapse_cleft 3645 -0.0123954108 -0.022241783 0.00120126288 0 0 0
nt@synapse_cleft 3658 0.0157407778 -0.0238976008 0.0169204317 0 0 0
nt@synapse_cleft 3661 0.030977701 0.0168559982 0.0177712533 0 0 0
nt@synapse_cleft 3664 0.0439384025 -0.0440410667 0.00346837269 0 0 0
nt@synapse_cleft 3667 -0.0292538985 -0.000337238634 0.00954090609 0 0 0
nt@synapse_cleft 3681 0.0336681111 -0.0182199831 0.00650934924 0 0 0
nt@synapse_cleft 3689 -0.0140295913 -0.0190488108 0.00947413404 0 0 0
nt@synapse_cleft 3690 0.0394903819 -0.0129215532 0.0194024244 0 0 0
nt@synapse_cleft 3693 -0.0568545419 -0.0203538773 0.00957197277 0 0 0
nt@synapse_cleft 3706 0.0370273882 -0.01834414 0.0195421648 0 0 0
nt@synapse_cleft 3707 -0.0641960275 -0.00697229406 0.00228988534 0 0 0
nt@synapse_cleft 3714 -0.0532503144 -0.0121117584 0.0198412347 0 0 0
nt@synapse_cleft 3730 0.0133542996 0.0197461519 0.00550671115 0 0 0
nt@synapse_cleft 3731 -0.00679831893 0.0049637265 0.00327016135 0 0 0
nt@synapse_cleft 3737 0.00842056361 0.0219219849 0.00575246009 0 0 0
nt@synapse_cleft 3738 -0.00930346509 0.0241050703 0.016734339 0 0 0
nt@synapse_cleft 3739 0.0273606952 0.0533977338 0.00616099327 0 0 0
nt@synapse_cleft 3745 0.0071681225 0.023556254 0.0199978785 0 0 0
nt@synapse_cleft 3751 0.00020552327 0.00454764601 0.00687170416 0 0 0
nt@synapse_cleft 3758 -0.0162296012 -0.0428785619 0.0104318261 0 0 0
nt@synapse_cleft 3759 -0.0139240243 -0.0133138837 0.00622442677 0 0 0
nt@synapse_cleft 3763 0.0374051972 0.0402467097 0.00965844959 0 0 0
nt@synapse_cleft 3768 0.0203284112 -0.0111462145 0.0170721598 0 0 0
nt@synapse_cleft 3771 0.018311111 -0.0257781798 0.0106832636 0 0 0
nt@synapse_cleft 3775 0.00715454356 0.00850818473 0.013827721 0 0 0
nt@synapse_cleft 3783 -0.0267208189 -0.0297727179 0.00624142118 0 0 0
nt@synapse_cleft 3788 -0.00964807451 -0.0256380803 0.00739134252 0 0 0
nt@synapse_cleft 3793 -0.0219079603 -0.00777761958 0.00641414228 0 0 0
nt@synapse_cleft 3800 0.00887256109 -0.00867289984 0.0157422535 0 0 0
nt@synapse_cleft 3802 0.0129377329 0.0175567167 0.011800287 0 0 0
nt@synapse_cleft 3811 -0.0132606214 -0.0263638564 0.00457862099 0 0 0
nt@synapse_cleft 3827 8.41239726e-05 0.0459168504 0.00288963864 0 0 0
nt@synapse_cleft 3831 0.000122652185 -0.0550244277 0.0069355288 0 0 0
nt@synapse_cleft 3834 0.0379081674 -0.0273322547 0.0156736197 0 0 0
nt@synapse_cleft 3835 0.00683501728 -0.0487813226 0.00865796674 0 0 0
nt@synapse_cleft 3841 0.0300827697 -0.024634359 0.000542639829 0 0 0
nt@synapse_cleft 3844 -0.000625356868 0.00502300351 0.00690360541 0 0 0
nt@synapse_cleft 3846 -0.0245080531 0.00849565506 0.0163940422 0 0 0
nt@synapse_cleft 3848 0.0289291907 0.0373445941 0.0197520758 0 0 0
nt@synapse_cleft 3850 -0.0259408842 -0.00655435017 0.0146980157 0 0 0
nt@synapse_cleft 3859 0.0494574188 -0.00877743288 0.00138503058 0 0 0
nt@synapse_cleft 3879 0.0357900539 -0.055176252 0.0162901464 0 0 0
nt@synapse_cleft 3886 0.0390641267 0.0470794971 0.00342275486 0 0 0
nt@synapse_cleft 3891 0.00663309692 -0.021253464 0.00527092767 0 0 0
nt@synapse_cleft 3902 -0.0393447136 0.00698588596 0.0108827371 0 0 0
nt@synapse_cleft 3907 -0.0256430292 -0.0256141824 0.0172833845 0 0 0
nt@synapse_cleft 3909 0.0197644211 0.0471476452 0.000716294076 0 0 0
nt@synapse_cleft 3917 -0.00918804979 -0.0280427941 0.00689807773 0 0 0
nt@synapse_cleft 3918 -0.0117857079 -0.0124941696 0.0113851878 0 0 0
nt@synapse_cleft 3921 0.0273115231 0.0580203291 0.0119729245 0 0 0
nt@synapse_cleft 3927 -0.00562952685 0.045267428 0.0131366734 0 0 0
nt@synapse_cleft 3932 0.0300767869 -0.0144137406 0.0108509438 0 0 0
nt@synapse_cleft 3941 -0.0220161825 0.00348807018 0.00356360103 0 0 0
nt@synapse_cleft 3952 -0.0321645568 0.0188478908 0.0113616402 0 0 0
nt@synapse_cleft 3953 0.0309920561 -0.0283804113 0.00234738131 0 0 0
nt@synapse_cleft 3957 0.0345264506 -0.0102181176 0.0178194621 0 0 0
nt@synapse_cleft 3958 0.0163341377 0.020092961 0.00795073967 0 0 0
nt@synapse_cleft 3962 -0.0328284043 -0.00647201837 0.00375590447 0 0 0
nt@synapse_cleft 3963 0.026191668 0.0213045552 0.0116791867 0 0 0
nt@synapse_cleft 3965 -0.0393286888 -0.00404396418 0.00479322156 0 0 0
nt@synapse_cleft 3967 0.00891355841 -0.0216050477 0.0180362862 0 0 0
nt@synapse_cleft 3968 0.0164962035 -0.00879852956 0.0069210403 0 0 0
nt@synapse_cleft 3973 0.00558491019 -0.00894305846 0.0163713319 0 0 0
nt@synapse_cleft 3974 -0.0228906381 0.0626423201 0.00142795578 0 0 0
nt@synapse_cleft 3978 0.0235359985 0.00477483796 0.00841281399 0 0 0
nt@synapse_cleft 3983 -0.0357226952 -0.0288212716 0.00322642261 0 0 0
nt@synapse_cleft 3988 -0.00327962787 -0.0349630093 0.00750592425 0 0 0
nt@synapse_cleft 3991 0.0766116447 -0.025805316 0.0034743833 0 0 0
nt@synapse_cleft 3993 -0.0525163148 0.00802079584 0.0120659104 0 0 0
nt@synapse_cleft 3997 -0.048443166 -0.0040834392 0.0199369234 0 0 0
nt@synapse_cleft 3999 -0.0479634952 -0.0213582204 0.00659623346 0 0 0
nt@synapse_cleft 4011 0.0209683189 0.0327997218 0.00804274627 0 0 0
nt@synapse_cleft 4018 0.0162421094 0.0139761056 0.0139546829 0 0 0
nt@synapse_cleft 4027 0.0107366767 -0.0204267101 0.0120806269 0 0 0
nt@synapse_cleft 4028 -0.0335087142 0.0330551306 0.0155908849 0 0 0
nt@synapse_cleft 4037 -0.0191668428 0.0343426649 0.0178979869 0 0 0
nt@synapse_cleft 4040 0.0111827979 0.0182887614 0.0157336914 0 0 0
nt@synapse_cleft 4049 0.0262198465 0.00703530437 0.0162351915 0 0 0
nt@synapse_cleft 4051 0.0238406094 0.00555820022 0.0135720262 0 0 0
nt@synapse_cleft 4064 0.0088098899 0.0100996011 0.00498555921 0 0 0
nt@synapse_cleft 4070 -0.0204774946 0.00246944501 0.0175417195 0 0 0
nt@synapse_cleft 4071 -0.0154030901 -0.0499716448 0.0150942783 0 0 0
nt@synapse_cleft 4087 -0.0156064583 0.0223677729 0.0146833172 0 0 0
nt@synapse_cleft 4095 0.0383409012 -0.0182509927 0.0190484125 0 0 0
nt@synapse_cleft 4103 -0.00705248388 0.00823533509 0.00946086764 0 0 0
nt@synapse_cleft 4106 0.0249310787 0.0175391508 0.0189495605 0 0 0
nt@synapse_cleft 4111 0.0588642239 0.0190430769 0.0123542829 0 0 0
nt@synapse_cleft 4115 -0.00190483606 0.0126694739 0.0196050412 0 0 0
nt@synapse_cleft 4119 0.0106225504 -0.0273088706 0.0142638004 0 0 0
nt@synapse_cleft 4123 -0.00592620232 0.0107541178 0.017538496 0 0 0
nt@synapse_cleft 4126 0.0327793736 -0.0261944137 0.00465083339 0 0 0
nt@synapse_cleft 4129 -0.0182229322 0.0149560685 0.00952007047 0 0 0
nt@synapse_cleft 4131 -0.00749070016 0.0339686166 0.0189494697 0 0 0
nt@synapse_cleft 4132 0.0299551721 0.0271992714 0.019826932 0 0 0
nt@synapse_cleft 4135 0.0141534392 -0.000178071404 0.0169826915 0 0 0
nt@synapse_cleft 4144 0.0344438926 -0.00111575237 0.00418282656 0 0 0
nt@synapse_cleft 4150 -0.0444721029 -0.0529653022 0.0107271741 0 0 0
nt@synapse_cleft 4155 0.0157094568 -0.0587999767 0.000908441724 0 0 0
nt@synapse_cleft 4156 0.0456182571 -0.00572894176 0.0045475393 0 0 0
nt@synapse_cleft 4162 0.0391962467 -0.0156914504 0.00890192314 0 0 0
nt@synapse_cleft 4163 -0.00119284258 0.0543120286 0.00541460644 0 0 0
nt@synapse_cleft 4170 -0.0390742489 0.00559401173 0.010458448 0 0 0
nt@synapse_cleft 4177 -0.0632644274 0.0623734498 0.0174727386 0 0 0
nt@synapse_cleft 4187 -0.0211274133 -0.0217020453 0.00924066238 0 0 0
nt@synapse_cleft 4193 -0.00270909354 -0.0356912861 0.0129223095 0 0 0
nt@synapse_cleft 4214 -0.0496781337 -0.010911305 0.0168231973 0 0 0
nt@synapse_cleft 4215 0.0201948147 -0.0615690278 0.0105267988 0 0 0
nt@synapse_cleft 4220 -0.0118310639 -0.00912704982 0.00986946391 0 0 0
nt@synapse_cleft 4228 0.0263209946 -0.0107743468 0.0189775892 0 0 0
nt@synapse_cleft 4230 -0.029232719 0.0503200114 0.002416785 0 0 0
nt@synapse_cleft 4233 0.0287103676 0.0256176946 0.00916046488 0 0 0
nt@synapse_cleft 4237 0.0128486539 -0.0167320951 0.0139469989 0 0 0
nt@synapse_cleft 4242 0.0306451738 -0.0350644995 0.0130226026 0 0 0
nt@synapse_cleft 4252 0.0407369029 0.00601824222 0.0189425998 0 0 0
nt@synapse_cleft 4254 -0.0127632876 0.0390459457 0.011880934 0 0 0
nt@synapse_cleft 4255 -0.0316680859 -0.0335855875 0.0184292748 0 0 0
nt@synapse_cleft 4279 0.0115649282 -0.0417806391 0.0127438104 0 0 0
nt@synapse_cleft 4284 0.0665700218 -0.0346845033 0.0109951474 0 0 0
nt@synapse_cleft 4285 -0.0433790279 0.0528681553 0.00371885889 0 0 0
nt@synapse_cleft 4288 0.0226108639 -0.0184596249 0.0190381113 0 0 0
nt@synapse_cleft 4293 -0.0141072055 -0.0110134548 0.00315324257 0 0 0
nt@synapse_cleft 4297 0.0385142626 -0.0259107364 0.00939407098 0 0 0
nt@synapse_cleft 4301 0.024750227 -0.00209988787 0.0114225173 0 0 0
nt@synapse_cleft 4312 -0.0128922697 -0.0287466099 0.00626846314 0 0 0
nt@synapse_cleft 4317 -0.0141356537 0.0409447687 0.0128726946 0 0 0
nt@synapse_cleft 4326 0.0234326371 -0.0149398541 0.0171877446 0 0 0
nt@synapse_cleft 4330 -0.0183144219 0.00369409209 0.00969158342 0 0 0
nt@synapse_cleft 4334 0.0121403729 0.0127443489 0.00611586812 0 0 0
nt@synapse_cleft 4339 0.00202194475 -0.0260370117 0.0113409381 0 0 0
nt@synapse_cleft 4343 -0.0280220168 -0.0503958435 0.0055968171 0 0 0
nt@synapse_cleft 4346 0.0173178837 0.00117818028 0.0138758881 0 0 0
nt@synapse_cleft 4351 0.0415469778 0.0257880089 0.0177986518 0 0 0
nt@synapse_cleft 4360 0.0143764533 0.00969573032 0.0112515575 0 0 0
nt@synapse_cleft 4365 0.00795669819 0.0321712936 0.00130779317 0 0 0
nt@synapse_cleft 4374 -0.0110077011 -0.0195870363 0.0126418724 0 0 0
nt@synapse_cleft 4376 -0.0193764635 -0.0138293994 0.000262762533 0 0 0
nt@synapse_cleft 4381 -0.0202052044 -0.0312212865 0.0148432389 0 0 0
nt@synapse_cleft 4386 -0.0113307296 0.000374055264 0.00282392982 0 0 0
nt@synapse_cleft 4392 -0.00977278123 0.0134692455 0.01927893 0 0 0
nt@synapse_cleft 4395 0.0187900447 -0.0355969775 0.013824952 0 0 0
nt@synapse_cleft 4396 0.0100296155 -0.0606334156 0.00294632562 0 0 0
nt@synapse_cleft 4398 -0.0117126528 0.0234026902 0.0179985107 0 0 0
nt@synapse_cleft 4399 0.0172660028 0.0482946354 0.00248184803 0 0 0
nt@synapse_cleft 4403 -0.0158841151 -0.00997803754 0.0153259486 0 0 0
nt@synapse_cleft 4414 -0.00960742662 -0.0346797498 0.0188470678 0 0 0
nt@synapse_cleft 4416 -0.0203104157 -0.00403201907 0.00730621077 0 0 0
nt@synapse_cleft 4423 0.0144482902 -0.000119970716 0.0123259817 0 0 0
nt@synapse_cleft 4424 -0.031823351 -0.00888224428 0.00525188641 0 0 0
nt@synapse_cleft 4430 0.00211104884 -0.000120749623 0.0081332982 0 0 0
nt@synapse_cleft 4431 0.018056148 -0.0384927252 0.00496327729 0 0 0
nt@synapse_cleft 4434 0.0190377274 -0.0010343299 0.00642767023 0 0 0
nt@synapse_cleft 4446 -0.0106789344 0.0286886987 0.0138239618 0 0 0
nt@synapse_cleft 4449 0.0140191055 0.0651117194 0.0184907961 0 0 0
nt@synapse_cleft 4464 0.0144093488 -0.0129145111 0.016642118 0 0 0
nt@synapse_cleft 4470 -0.0168464072 -0.046777663 0.00660158655 0 0 0
nt@synapse_cleft 4473 -0.00319515625 -0.00292176667 0.000641674546 0 0 0
nt@synapse_cleft 4478 -0.019596565 0.0321706114 0.01126731 0 0 0
nt@synapse_cleft 4480 0.0131562989 0.0482755083 0.0166579225 0 0 0
nt@synapse_cleft 4482 -0.0227852631 -0.0263289438 0.00957666137 0 0 0
nt@synapse_cleft 4485 0.0133558489 0.010804993 0.014412029 0 0 0
nt@synapse_cleft 4488 0.0194297515 0.00615180312 0.0167491422 0 0 0
nt@synapse_cleft 4489 -0.00163006418 -0.00562150737 0.00188883703 0 0 0
nt@synapse_cleft 4496 -0.0474303491 0.0442642671 0.00609551549 0 0 0
nt@synapse_cleft 4499 -0.00265176763 0.0183448726 0.00442756238 0 0 0
nt@synapse_cleft 4501 0.0107868701 0.00734210042 0.0143263718 0 0 0
nt@synapse_cleft 4517 -0.0422315761 0.0123363541 0.00361267501 0 0 0
nt@synapse_cleft 4527 0.00961823929 -0.00294670631 0.0101140736 0 0 0
nt@synapse_cleft 4538 -0.0415956092 -0.0478485763 0.00114249904 0 0 0
nt@synapse_cleft 4542 0.0050185614 0.0360806799 0.00236133174 0 0 0
nt@synapse_cleft 4545 -0.0342827747 0.0320816192 0.0121956603 0 0 0
nt@synapse_cleft 4551 -0.0193676775 0.0315381668 0.0171085822 0 0 0
nt@synapse_cleft 4553 -0.0325126744 -0.00886444967 0.0156512917 0 0 0
nt@synapse_cleft 4559 -0.035235666 0.0370090968 0.0138884884 0 0 0
nt@synapse_cleft 4565 -0.0555749772 -0.0148249178 0.00196358485 0 0 0
nt@synapse_cleft 4572 -0.00189722669 -0.0105312096 0.0100733591 0 0 0
nt@synapse_cleft 4574 0.0425498965 -0.0283997487 0.00474297558 0 0 0
nt@synapse_cleft 4576 -0.0326761257 -0.0387825483 0.00327407828 0 0 0
nt@synapse_cleft 4583 0.00405972066 -0.00134225896 0.00119284124 0 0 0
nt@synapse_cleft 4587 0.0216952684 0.0166643833 0.0183068066 0 0 0
nt@synapse_cleft 4590 -0.0490482976 -0.00558966826 0.0199138204 0 0 0
nt@synapse_cleft 4593 -0.0373763695 0.0449443005 0.0020861264 0 0 0
nt@synapse_cleft 4594 0.0125334992 0.0138817508 0.0108887305 0 0 0
nt@synapse_cleft 4595 0.0282367139 -0.0436875703 0.00241735597 0 0 0
nt@synapse_cleft 4613 0.0611021526 0.00249273458 0.0117292216 0 0 0
nt@synapse_cleft 4620 0.00191222271 -0.0141784478 0.011806195 0 0 0
nt@synapse_cleft 4654 0.00616718625 -0.0274825678 0.00254183959 0 0 0
nt@synapse_cleft 4659 -0.0270377824 0.0320041701 0.0107565683 0 0 0
nt@synapse_cleft 4661 -0.00405230305 -0.0401393543 0.0184221729 0 0 0
nt@synapse_cleft 4666 0.0581511474 0.0312706252 0.0154939328 0 0 0
nt@synapse_cleft 4681 0.012865999 -0.014287606 4.95248433e-05 0 0 0
nt@synapse_cleft 4687 0.00482836247 0.0177992527 0.0136505927 0 0 0
nt@synapse_cleft 4700 -0.0264984025 0.0648716361 0.0154923105 0 0 0
nt@synapse_cleft 4701 0.0181106201 0.0156600648 0.0164652134 0 0 0
nt@synapse_cleft 4709 -0.00634545257 0.00984546698 0.00532017461 0 0 0
nt@synapse_cleft 4710 -0.0164260456 -0.0344273675 0.00199793528 0 0 0
nt@synapse_cleft 4718 0.0592208662 0.0202183978 0.0124706262 0 0 0
nt@synapse_cleft 4736 0.00160752338 0.0170208653 0.0119023205 0 0 0
nt@synapse_cleft 4750 0.00607751414 -0.0668350375 0.00179276227 0 0 0
nt@synapse_cleft 4753 -0.0286827947 0.00149218581 0.0025415789 0 0 0
nt@synapse_cleft 4754 -0.0126445949 -0.00159013925 0.00131840389 0 0 0
nt@synapse_cleft 4756 -0.00754885393 0.00288373456 0.0151053849 0 0 0
nt@synapse_cleft 4758 -0.0364814975 0.0121267938 0.0168623769 0 0 0
nt@synapse_cleft 4764 0.0137247037 -0.00588304099 0.00237200478 0 0 0
nt@synapse_cleft 4779 0.0226339817 -0.0325250381 0.0151656229 0 0 0
nt@synapse_cleft 4784 0.0246509047 0.00704948424 0.0094199096 0 0 0
nt@synapse_cleft 4786 -0.0270000144 0.0268744073 0.00760403149 0 0 0
nt@synapse_cleft 4791 0.0430769697 -0.00918209404 0.0191153663 0 0 0
nt@synapse_cleft 4793 -0.0284212234 -0.00303558713 0.0106400545 0 0 0
nt@synapse_cleft 4800 0.0194811667 -0.00664950616 0.012570301 0 0 0
nt@synapse_cleft 4801 -0.0109217434 0.00836391455 0.0186729115 0 0 0
nt@synapse_cleft 4816 -0.0348605145 -0.0201669483 0.0190127837 0 0 0
nt@synapse_cleft 4822 -0.018396354 -0.0165976421 0.00396964663 0 0 0
nt@synapse_cleft 4823 -0.00868721042 0.017722881 0.0177474663 0 0 0
nt@synapse_cleft 4829 0.0159991428 -0.0712989366 0.00304819544 0 0 0
nt@synapse_cleft 4830 -0.0337284346 0.00931971987 0.0196042698 0 0 0
nt@synapse_cleft 4833 -0.00595168648 -0.0214255832 0.00356500697 0 0 0
nt@synapse_cleft 4839 -0.00383911636 -0.00368598872 0.00863842428 0 0 0
nt@synapse_cleft 4844 0.0675137512 -0.0173306815 0.0100792919 0 0 0
nt@synapse_cleft 4852 -0.014900954 -0.0267313467 0.0045323539 0 0 0
nt@synapse_cleft 4871 0.0130708745 0.00920466906 0.00371519771 0 0 0
nt@synapse_cleft 4880 0.000465899284 -0.0284180328 0.00982971215 0 0 0
nt@synapse_cleft 4883 -0.0449427275 -0.011026016 0.0135768444 0 0 0
nt@synapse_cleft 4892 -0.030317985 0.0316331706 0.0105356863 0 0 0
nt@synapse_cleft 4897 0.0175362923 -0.0215652881 0.00656456065 0 0 0
nt@synapse_cleft 4901 0.0299740168 0.00963854627 0.000379240151 0 0 0
nt@synapse_cleft 4905 -0.0321586818 -0.00199757909 0.0156968746 0 0 0
nt@synapse_cleft 4906 -0.0146445447 -0.0425538493 0.00626125158 0 0 0
nt@synapse_cleft 4918 -0.0171715042 0.035354413 0.0160210717 0 0 0
nt@synapse_cleft 4919 -0.0152136908 -0.00741783579 0.00317597935 0 0 0
nt@synapse_cleft 4925 -0.000499076892 0.00123473542 0.00538561252 0 0 0
nt@synapse_cleft 4937 -0.0667183804 0.00218677225 0.0122398708 0 0 0
nt@synapse_cleft 4946 -0.0128485183 0.00853260532 0.00237302844 0 0 0
nt@synapse_cleft 4956 0.0299129203 0.00248150632 0.0158059713 0 0 0
nt@synapse_cleft 4967 -0.00866538965 0.00734013293 0.0176385612 0 0 0
nt@synapse_cleft 4973 -0.0092817574 0.0483580064 0.0172175406 0 0 0
nt@synapse_cleft 4979 0.00386779592 -0.00437082197 0.00398583552 0 0 0
nt@synapse_cleft 4981 0.0129509202 -0.0521710261 0.0103743037 0 0 0
nt@synapse_cleft 4982 0.00218089021 0.00995152737 0.00565816764 0 0 0
nt@synapse_cleft 4983 -0.0325920856 0.00438541248 0.00425653765 0 0 0
nt@synapse_cleft 4991 -0.00723675106 -0.0110206343 0.000715762973 0 0 0
nt@synapse_cleft 5004 -0.0176727268 -0.00430411094 0.0053109377 0 0 0
nt@synapse_cleft 5006 0.0122780769 -0.0116582642 0.00722513836 0 0 0
nt@synapse_cleft 5009 -0.0327890582 0.00714362703 0.000495280901 0 0 0
nt@synapse_cleft 5011 -0.0206965359 -0.0244220861 0.00973668049 0 0 0
nt@synapse_cleft 5015 -0.0234058558 -0.0202716236 0.0155018 0 0 0
nt@synapse_cleft 5024 -0.00271500486 -0.00892177612 0.0144520678 0 0 0
nt@synapse_cleft 5044 -0.0354908768 0.00952146158 0.00923784266 0 0 0
nt@synapse_cleft 5045 0.0381128271 0.0356984696 0.0119923927 0 0 0
nt@synapse_cleft 5046 -0.00357463466 -0.0240929343 0.000387019469 0 0 0
nt@synapse_cleft 5052 0.0196126737 -0.00451986192 0.00144134291 0 0 0
nt@synapse_cleft 5055 -0.00613177645 0.0200681013 0.0182191196 0 0 0
nt@synapse_cleft 5061 0.0170352687 -0.0377263208 0.00239356477 0 0 0
nt@synapse_cleft 5063 -0.0270916718 0.0402179709 0.0199946549 0 0 0
nt@synapse_cleft 5081 0.0233948597 -0.00716245522 0.0116855782 0 0 0
nt@synapse_cleft 5082 0.000866898497 0.0458842404 0.009882303 0 0 0
nt@synapse_cleft 5086 0.0245764346 0.0402025978 0.00941793474 0 0 0
nt@synapse_cleft 5106 0.0046052248 -0.0113403912 0.00864522875 0 0 0
nt@synapse_cleft 5133 -0.021325472 0.0233330069 0.00759883479 0 0 0
nt@synapse_cleft 5145 0.0224779147 0.0316861408 0.0154942222 0 0 0
nt@synapse_cleft 5154 0.00411015933 0.0160617379 0.0134185176 0 0 0
nt@synapse_cleft 5159 -0.0357067853 -0.011133466 0.0108083801 0 0 0
nt@synapse_cleft 5164 0.0175282419 -0.00260563692 0.00597948013 0 0 0
nt@synapse_cleft 5173 -0.0264882333 0.0036548856 0.00949933674 0 0 0
nt@synapse_cleft 5176 -0.0319167567 0.0617898767 0.016369853 0 0 0
nt@synapse_cleft 5179 0.0256547639 0.00545775863 0.00506334547 0 0 0
nt@synapse_cleft 5182 0.055825088 0.00626145142 0.00393210574 0 0 0
nt@synapse_cleft 5183 0.0481053257 0.00122196381 0.0108649658 0 0 0
nt@synapse_cleft 5196 0.00510641571 0.00976371007 0.0107809771 0 0 0
nt@synapse_cleft 5198 0.00692179105 -0.012410964 0.0185271977 0 0 0
