nt@synapse_cleft 0 0.0326237602 0.00409424726 0.0177670174 0 0 0
nt@synapse_cleft 2 -0.0460033099 0.0248452474 0.00596949459 0 0 0
nt@synapse_cleft 7 0.0247671648 0.0262136478 0.00304122127 0 0 0
nt@synapse_cleft 9 0.0351796148 -0.0395834527 0.0134706995 0 0 0
nt@synapse_cleft 12 0.0077934419 0.0396665927 0.00245930837 0 0 0
nt@synapse_cleft 15 0.00180748083 0.0289061887 0.0198269156 0 0 0
nt@synapse_cleft 17 0.0386369255 0.00319638838 0.000553183783 0 0 0
nt@synapse_cleft 26 -0.031114155 0.00866641328 0.0145097369 0 0 0
nt@synapse_cleft 35 0.0135772349 0.0599763205 0.00906294941 0 0 0
nt@synapse_cleft 45 -0.0207600716 0.0173146473 0.00788535423 0 0 0
nt@synapse_cleft 54 0.0108277596 0.0190078441 0.0156619666 0 0 0
nt@synapse_cleft 56 -0.0240606357 -0.0292819607 0.00471340778 0 0 0
nt@synapse_cleft 72 -0.0310217792 0.0140485158 0.0186034791 0 0 0
nt@synapse_cleft 87 -0.00203011423 -0.00409081677 0.00167180639 0 0 0
nt@synapse_cleft 89 0.0323592466 -0.0116398487 0.0170990548 0 0 0
nt@synapse_cleft 100 -0.0290534437 -0.032234619 9.82808722e-05 0 0 0
nt@synapse_cleft 103 0.0358361358 -0.00913828574 0.00847006966 0 0 0
nt@synapse_cleft 111 -0.0339339793 0.0466310879 0.00165324221 0 0 0
nt@synapse_cleft 114 0.0454764399 -0.0318339653 0.00145057735 0 0 0
nt@synapse_cleft 115 -0.00318679745 -0.016890528 0.0135468934 0 0 0
nt@synapse_cleft 116 -0.0245036852 -0.0240067072 0.0047762724 0 0 0
nt@synapse_cleft 137 -0.0529606597 -0.0357791845 0.00539701036 0 0 0
nt@synapse_cleft 148 -0.00867206373 0.0811963006 0.000787921416 0 0 0
nt@synapse_cleft 150 -0.0107160137 0.0253726801 0.00947520022 0 0 0
nt@synapse_cleft 156 -0.00459485078 -0.0143448512 0.000870708724 0 0 0
nt@synapse_cleft 167 -0.00634944925 -0.0351877935 0.00175201182 0 0 0
nt@synapse_cleft 188 -0.0149499856 -0.0209896535 0.0128591505 0 0 0
nt@synapse_cleft 194 -0.0122085825 -0.0240902805 0.0111406321 0 0 0
nt@synapse_cleft 195 0.0393973418 0.0635714151 0.000742001957 0 0 0
nt@synapse_cleft 199 0.0338246479 0.0172565435 0.0135639893 0 0 0
nt@synapse_cleft 206 0.000707593422 -0.0222084651 0.0182296342 0 0 0
nt@synapse_cleft 224 -0.0229195438 0.0498286244 0.0102616391 0 0 0
nt@synapse_cleft 231 0.0186341072 0.0570829095 0.000802234172 0 0 0
nt@synapse_cleft 235 -0.000351617809 -0.00565003887 0.0100645241 0 0 0
nt@synapse_cleft 244 -0.0207687235 0.0215869479 0.0046496934 0 0 0
nt@synapse_cleft 248 0.0318343292 -0.0217021286 0.0152325828 0 0 0
nt@synapse_cleft 256 -0.0369691694 0.00405487915 0.00256734706 0 0 0
nt@synapse_cleft 268 0.00168614552 -0.0285974275 0.0111492799 0 0 0
nt@synapse_cleft 284 -0.0407848246 0.0912127394 0.00859117467 0 0 0
nt@synapse_cleft 293 0.0287078328 -0.0118063346 0.0190370839 0 0 0
nt@synapse_cleft 306 0.0151821758 -0.0315422319 0.0130045129 0 0 0
nt@synapse_cleft 307 0.00186002238 -0.0125729899 0.00549015044 0 0 0
nt@synapse_cleft 318 -0.0204131626 -0.0092760482 0.0115297537 0 0 0
nt@synapse_cleft 321 0.0426264949 0.0153832801 0.0174071958 0 0 0
nt@synapse_cleft 325 -0.0606539734 0.0782541954 0.0189285125 0 0 0
nt@synapse_cleft 347 -0.00675630435 0.00287821584 0.00312903608 0 0 0
nt@synapse_cleft 348 -0.0142422012 -0.0300523973 0.00131955155 0 0 0
nt@synapse_cleft 350 0.00552119274 -0.00337202055 0.00373168006 0 0 0
nt@synapse_cleft 356 -0.0417874019 0.0179903449 0.00848591913 0 0 0
nt@synapse_cleft 361 -0.036687135 0.0129389519 0.0118582989 0 0 0
nt@synapse_cleft 371 -0.00268735729 0.0396494748 0.00731648817 0 0 0
nt@synapse_cleft 372 0.0114555878 0.0386724781 0.00757215092 0 0 0
nt@synapse_cleft 376 -0.0218596938 0.00418213116 0.00919455272 0 0 0
nt@synapse_cleft 385 0.0186555277 0.0185336043 0.00567910032 0 0 0
nt@synapse_cleft 402 0.00562613009 0.0393966062 0.0119697632 0 0 0
nt@synapse_cleft 406 -0.0245034675 -0.039023312 0.00213312862 0 0 0
nt@synapse_cleft 421 -0.0552743074 0.0201663246 0.00303220443 0 0 0
nt@synapse_cleft 426 0.0546734737 -0.0217447322 0.0195326091 0 0 0
nt@synapse_cleft 429 -0.0190978361 0.0259713537 0.0183145608 0 0 0
nt@synapse_cleft 440 0.0435739117 -0.0113216735 0.0194726109 0 0 0
nt@synapse_cleft 444 0.00682377322 0.0606432693 0.0128475654 0 0 0
nt@synapse_cleft 449 -0.00741762933 -0.0152059209 0.00279528501 0 0 0
nt@synapse_cleft 452 0.0361743794 0.0537346791 0.0102006715 0 0 0
nt@synapse_cleft 455 0.0181206198 -0.0342781013 0.0160585881 0 0 0
nt@synapse_cleft 477 0.001663767 0.00928491225 0.00846160484 0 0 0
nt@synapse_cleft 479 -0.0187347273 0.00948278139 0.015196169 0 0 0
nt@synapse_cleft 482 0.0163983146 0.00583087143 0.00405350595 0 0 0
nt@synapse_cleft 499 0.0160139711 0.0117523064 0.00445294363 0 0 0
nt@synapse_cleft 501 0.0133134351 0.0115157958 0.0114835673 0 0 0
nt@synapse_cleft 503 0.0178391867 -0.0242513036 0.0191872438 0 0 0
nt@synapse_cleft 509 -0.0404452668 0.0453918648 0.00107270149 0 0 0
nt@synapse_cleft 510 0.0213397064 0.0132574195 0.0094582109 0 0 0
nt@synapse_cleft 514 -0.0252404327 0.00159675149 0.00311839292 0 0 0
nt@synapse_cleft 522 -0.0587249168 0.021449459 0.0152233076 0 0 0
nt@synapse_cleft 524 -0.020023492 0.0384417246 0.00435403278 0 0 0
nt@synapse_cleft 530 0.018632821 -0.00497951031 0.00914803496 0 0 0
nt@synapse_cleft 536 -0.0259260927 -0.0464454702 0.0136539822 0 0 0
nt@synapse_cleft 544 0.019839507 -0.0062490219 0.0154555764 0 0 0
nt@synapse_cleft 546 -0.0646650221 0.0152270011 0.00976707974 0 0 0
nt@synapse_cleft 549 0.058178775 -0.0228090643 0.00504401362 0 0 0
nt@synapse_cleft 551 0.0177302166 -0.0188637215 0.00605709981 0 0 0
nt@synapse_cleft 552 0.0236186445 0.0149057228 0.00351600221 0 0 0
nt@synapse_cleft 557 -0.0457017465 0.0126867084 0.00848009623 0 0 0
nt@synapse_cleft 558 0.000388157103 -0.00714482544 0.00998528039 0 0 0
nt@synapse_cleft 563 -0.0138188293 -0.0663715795 0.00072194094 0 0 0
nt@synapse_cleft 572 -0.0207391214 0.0117424889 0.00296634693 0 0 0
nt@synapse_cleft 575 -0.0148581196 0.000117404628 0.00333982301 0 0 0
nt@synapse_cleft 591 -0.00918958379 0.0130109759 0.00390593626 0 0 0
nt@synapse_cleft 596 -0.0143947505 0.0177409537 0.00848796944 0 0 0
nt@synapse_cleft 598 -0.00494179392 0.0268800989 0.0102926567 0 0 0
nt@synapse_cleft 620 -0.0244740976 -0.00974413756 0.0194016715 0 0 0
nt@synapse_cleft 624 0.0216943888 -0.00503907748 0.00386162087 0 0 0
nt@synapse_cleft 627 -0.0235431311 -0.0334066211 0.00623664303 0 0 0
nt@synapse_cleft 629 -0.0118556086 -0.00751640177 0.00329403098 0 0 0
nt@synapse_cleft 633 -0.0315894444 0.0326463265 0.00792153392 0 0 0
nt@synapse_cleft 634 0.0217677303 0.0147183928 0.0127505415 0 0 0
nt@synapse_cleft 639 -0.0102749657 -0.021737415 0.00709612125 0 0 0
nt@synapse_cleft 645 -0.00703861083 0.00912138167 0.0157807144 0 0 0
nt@synapse_cleft 647 0.000226720738 0.0293111765 0.00533467671 0 0 0
nt@synapse_cleft 661 -0.0299657844 -0.0441901872 0.019269115 0 0 0
nt@synapse_cleft 664 -0.00814592775 0.0187335079 0.00316600495 0 0 0
nt@synapse_cleft 678 0.0119758709 -0.024175834 0.00734409922 0 0 0
nt@synapse_cleft 681 0.0113562854 -0.0388161428 0.00704952237 0 0 0
nt@synapse_cleft 693 0.00860361534 0.0150372354 0.000180301853 0 0 0
nt@synapse_cleft 698 0.00332350758 0.000142136262 0.0172439407 0 0 0
nt@synapse_cleft 699 -0.0191223152 -0.0752300036 0.00138398852 0 0 0
nt@synapse_cleft 712 -0.0151472712 -0.00558366402 0.0105242374 0 0 0
nt@synapse_cleft 721 0.0115060309 -0.0306200083 0.000973366466 0 0 0
nt@synapse_cleft 726 -0.00814325082 0.0126738085 0.0111710674 0 0 0
nt@synapse_cleft 727 -0.0332057422 0.0118293715 0.000279242173 0 0 0
nt@synapse_cleft 728 0.00778535606 0.00686407707 0.0023474266 0 0 0
nt@synapse_cleft 732 0.0103892943 0.0407456265 0.00592439322 0 0 0
nt@synapse_cleft 735 -0.0677029297 0.0105628236 0.00587805605 0 0 0
nt@synapse_cleft 741 0.0435845085 0.00800913403 0.0121045903 0 0 0
nt@synapse_cleft 750 0.0293523627 0.0243022554 0.0193526495 0 0 0
nt@synapse_cleft 754 -0.0144135458 -0.0168185844 0.014414294 0 0 0
nt@synapse_cleft 760 -0.00839974213 -0.0536680905 0.00997453439 0 0 0
nt@synapse_cleft 762 0.000799580619 -0.0201596656 0.0197859747 0 0 0
nt@synapse_cleft 765 -0.0229650356 0.0431022455 0.0184013206 0 0 0
nt@synapse_cleft 768 -0.00347950514 -0.00754796633 0.0173872827 0 0 0
nt@synapse_cleft 769 -0.00434785541 0.0514513258 0.0158441571 0 0 0
nt@synapse_cleft 779 -0.0218355783 0.0140655768 0.0040885365 0 0 0
nt@synapse_cleft 797 0.000120500535 0.0444329115 0.00264166257 0 0 0
nt@synapse_cleft 803 -0.0196997414 -0.0517633244 0.00275185357 0 0 0
nt@synapse_cleft 816 0.00860081796 0.00210236327 0.00830942557 0 0 0
nt@synapse_cleft 831 0.0293055263 -0.00313911551 0.00256627407 0 0 0
nt@synapse_cleft 833 -0.0130330679 -0.00859977341 0.0129063185 0 0 0
nt@synapse_cleft 837 -0.0152158371 -0.0109586787 0.00661675397 0 0 0
nt@synapse_cleft 844 -0.0223073104 0.0188309789 0.0197050001 0 0 0
nt@synapse_cleft 847 0.00907063928 -0.00620142241 0.011399464 0 0 0
nt@synapse_cleft 850 -0.00520957698 0.0164866476 0.0149559817 0 0 0
nt@synapse_cleft 854 -0.0046908904 0.0397746519 0.00109199595 0 0 0
nt@synapse_cleft 866 -0.020428171 -0.0275490785 0.000357883049 0 0 0
nt@synapse_cleft 871 0.0195680534 0.0194893163 0.00924965333 0 0 0
nt@synapse_cleft 877 -0.0376021497 0.0179186491 0.00191285178 0 0 0
nt@synapse_cleft 884 0.0186392622 -0.0085046767 0.01998151 0 0 0
nt@synapse_cleft 904 -0.0561309706 0.00410491397 0.0143671222 0 0 0
nt@synapse_cleft 908 -0.0606927413 -0.0228714867 0.000360944768 0 0 0
nt@synapse_cleft 909 0.0292885431 -0.00610800147 0.00840792 0 0 0
nt@synapse_cleft 913 -0.0299803985 0.021762978 0.0179383289 0 0 0
nt@synapse_cleft 918 0.0718422493 0.0180630724 0.0171310349 0 0 0
nt@synapse_cleft 932 0.0236703439 -0.0733780353 0.00123223852 0 0 0
nt@synapse_cleft 938 -0.0139168352 -0.00944608165 0.0185730131 0 0 0
nt@synapse_cleft 940 -0.052514064 -0.05057635 0.0125717482 0 0 0
nt@synapse_cleft 942 0.0041916086 -0.0481397996 0.0188378062 0 0 0
nt@synapse_cleft 943 0.0308817359 0.00186818968 0.0115718796 0 0 0
nt@synapse_cleft 944 -0.00526928907 -0.0494786278 0.00561422441 0 0 0
nt@synapse_cleft 945 -0.0111325009 0.0294774936 0.00719380259 0 0 0
nt@synapse_cleft 947 -0.028802671 0.0258056472 0.0100099573 0 0 0
nt@synapse_cleft 953 -0.0291905532 0.0136128897 0.0100691842 0 0 0
nt@synapse_cleft 957 0.0684018543 -0.0250300418 0.000932409144 0 0 0
nt@synapse_cleft 961 -0.0179897569 -0.00185794163 0.00440199079 0 0 0
nt@synapse_cleft 967 0.0433921513 0.00993529843 0.0132027414 0 0 0
nt@synapse_cleft 978 -0.0517501464 -0.00953163173 0.0107774224 0 0 0
nt@synapse_cleft 998 -0.00174406811 -0.0203753662 0.0118385282 0 0 0
nt@synapse_cleft 999 0.0544037657 -0.039220875 0.00290996278 0 0 0
nt@synapse_cleft 1002 0.00555235987 0.0228798655 0.0101712016 0 0 0
nt@synapse_cleft 1013 -0.0357151035 0.0476657332 0.0163060386 0 0 0
nt@synapse_cleft 1018 -0.00344316821 -0.0118368992 0.00931523845 0 0 0
nt@synapse_cleft 1027 0.0297957373 0.0542176658 0.00949538367 0 0 0
nt@synapse_cleft 1035 -0.0367778764 -0.0269243149 0.0102995818 0 0 0
nt@synapse_cleft 1048 -0.0154767794 -0.0485430658 0.011902721 0 0 0
nt@synapse_cleft 1050 0.0307129888 -0.0482675732 0.00508395356 0 0 0
nt@synapse_cleft 1062 0.0459284808 0.0048636461 0.0162118109 0 0 0
nt@synapse_cleft 1077 -0.0466507503 -0.00340801593 0.01212867 0 0 0
nt@synapse_cleft 1080 -0.0382476703 0.0145509698 0.0143985664 0 0 0
nt@synapse_cleft 1092 -0.0230708242 -0.00755874303 0.00774703812 0 0 0
nt@synapse_cleft 1107 0.00471492422 0.00318532326 0.00465546503 0 0 0
nt@synapse_cleft 1108 0.0084714193 0.0196791076 0.00277209264 0 0 0
nt@synapse_cleft 1113 -0.0294231124 0.00303897944 0.00732743601 0 0 0
nt@synapse_cleft 1114 0.00916821142 -0.025316579 0.0126748255 0 0 0
nt@synapse_cleft 1130 0.0187691091 -0.0104094497 0.0138564083 0 0 0
nt@synapse_cleft 1136 -0.0036006526 -0.0393652572 0.00216933529 0 0 0
nt@synapse_cleft 1140 0.0054771995 -0.0466379596 0.0179396306 0 0 0
nt@synapse_cleft 1144 -0.00605001663 -0.0098581571 4.19598059e-05 0 0 0
nt@synapse_cleft 1145 0.0707305478 -0.0012003397 0.0188161091 0 0 0
nt@synapse_cleft 1149 -0.0244122883 0.0101878229 0.015569643 0 0 0
nt@synapse_cleft 1152 0.0449443485 0.00368191321 0.00799606902 0 0 0
nt@synapse_cleft 1165 0.0508551772 0.0366477659 0.00782829032 0 0 0
nt@synapse_cleft 1167 0.0416223058 0.0306336434 0.0165516258 0 0 0
nt@synapse_cleft 1172 -0.00445291311 -0.00478892278 0.0128009699 0 0 0
nt@synapse_cleft 1177 -0.0158795026 0.0828874418 0.00798156418 0 0 0
nt@synapse_cleft 1179 0.0104728081 -0.0106130316 0.0151435656 0 0 0
nt@synapse_cleft 1186 -0.0650206164 0.0178625039 0.00278461235 0 0 0
nt@synapse_cleft 1188 0.0231839965 -0.0213723342 0.0101943422 0 0 0
nt@synapse_cleft 1193 -0.0226323205 -0.0290460158 0.00129294495 0 0 0
nt@synapse_cleft 1200 -0.0149639562 0.0100830745 0.0152264139 0 0 0
nt@synapse_cleft 1203 -0.0108797643 0.0346850191 0.0125618236 0 0 0
nt@synapse_cleft 1204 0.0162402094 0.0253345415 0.00496951337 0 0 0
nt@synapse_cleft 1205 -0.0216191186 -0.026037246 0.0108505022 0 0 0
nt@synapse_cleft 1206 -0.0157425782 -0.000387205831 0.00483427395 0 0 0
nt@synapse_cleft 1237 -0.0357675436 -0.0218358063 0.00211448802 0 0 0
nt@synapse_cleft 1238 -0.0555120536 -0.0396940312 0.00969631259 0 0 0
nt@synapse_cleft 1248 0.0120900608 0.0481719392 0.00486665095 0 0 0
nt@synapse_cleft 1251 -0.0382806624 0.00612692866 0.00815648709 0 0 0
nt@synapse_cleft 1252 -0.0226949064 -0.0151031189 0.0173517934 0 0 0
nt@synapse_cleft 1254 -0.0119703354 0.0407305221 0.0103384097 0 0 0
nt@synapse_cleft 1270 0.0501280525 0.029146627 0.00424014297 0 0 0
nt@synapse_cleft 1289 0.0666122516 0.00398385801 0.00384122271 0 0 0
nt@synapse_cleft 1298 -0.0094145632 -0.0211646022 0.0174352725 0 0 0
nt@synapse_cleft 1302 -0.0241077906 0.041873427 0.00396530878 0 0 0
nt@synapse_cleft 1311 0.00571616556 -0.0325789877 0.00155746612 0 0 0
nt@synapse_cleft 1316 -0.0313041076 -0.0263155618 0.000603145844 0 0 0
nt@synapse_cleft 1326 0.0118144385 0.0051953996 0.00842183794 0 0 0
nt@synapse_cleft 1328 0.0103424094 0.0136510393 0.0176290346 0 0 0
nt@synapse_cleft 1333 -0.0290273774 0.0378903458 0.00432549558 0 0 0
nt@synapse_cleft 1343 0.02382231 -0.00590833289 0.00688026634 0 0 0
nt@synapse_cleft 1347 -0.0469992994 -0.0162639551 0.0106946795 0 0 0
nt@synapse_cleft 1349 0.0323815969 -0.016215564 0.00586901389 0 0 0
nt@synapse_cleft 1368 0.0168380161 -0.00114270612 0.0174569664 0 0 0
nt@synapse_cleft 1372 -0.0107593467 0.0415365942 0.00498869649 0 0 0
nt@synapse_cleft 1380 -0.0247297356 0.0218734325 0.0164363141 0 0 0
nt@synapse_cleft 1384 -0.0465612368 0.0139275619 0.0149463389 0 0 0
nt@synapse_cleft 1400 -0.0334004822 0.0387413554 0.00886673525 0 0 0
nt@synapse_cleft 1403 -0.00125558153 0.0137653389 0.00561556874 0 0 0
nt@synapse_cleft 1408 -0.0228646718 -0.00965343661 0.0161470359 0 0 0
nt@synapse_cleft 1416 0.0132642852 0.0342331466 0.0160645915 0 0 0
nt@synapse_cleft 1419 0.00293128696 -0.01184529 0.0146662704 0 0 0
nt@synapse_cleft 1425 -0.0113559774 -0.0253923179 0.00319585737 0 0 0
nt@synapse_cleft 1427 -0.00287179131 -0.02512594 0.00611876559 0 0 0
nt@synapse_cleft 1438 -0.0292652075 -0.0108104333 0.00233889418 0 0 0
nt@synapse_cleft 1440 -0.0249936202 0.0339375929 0.00433707159 0 0 0
nt@synapse_cleft 1442 -0.0120006947 0.0177187818 0.0078679429 0 0 0
nt@synapse_cleft 1444 -0.0270917497 0.00112089123 0.00461960722 0 0 0
nt@synapse_cleft 1446 -0.0141717798 -0.0357835425 0.00525436384 0 0 0
nt@synapse_cleft 1452 -0.0343405544 -0.0374941001 0.00058797104 0 0 0
nt@synapse_cleft 1455 -0.0284629993 0.00790664001 0.0174039107 0 0 0
nt@synapse_cleft 1470 -0.087936357 -0.0400117421 0.00415140944 0 0 0
nt@synapse_cleft 1472 -0.0650487185 -0.00789377748 0.0167268199 0 0 0
nt@synapse_cleft 1479 -0.00888482703 0.0376606135 0.00780953468 0 0 0
nt@synapse_cleft 1481 0.00879429652 0.000797648169 0.0042212794 0 0 0
nt@synapse_cleft 1484 -0.00770144697 0.0241587518 0.016937119 0 0 0
nt@synapse_cleft 1485 -0.00970949435 -0.026536058 0.0153325679 0 0 0
nt@synapse_cleft 1487 -0.00528827814 -0.0358714541 0.0134586055 0 0 0
nt@synapse_cleft 1488 0.0452817131 0.013055809 0.0102444022 0 0 0
nt@synapse_cleft 1496 -0.0114296894 0.0469027137 0.00116469459 0 0 0
nt@synapse_cleft 1506 0.0232785591 0.0127350559 0.0170352756 0 0 0
nt@synapse_cleft 1507 -0.00425559573 -0.00341765524 0.000205055777 0 0 0
nt@synapse_cleft 1508 0.0438038372 0.0120513205 0.0107764811 0 0 0
nt@synapse_cleft 1512 0.0254986979 -0.0122805155 0.0162494946 0 0 0
nt@synapse_cleft 1527 -0.00944962847 0.0368907748 0.00444662092 0 0 0
nt@synapse_cleft 1528 -0.0411988442 -0.00172084148 0.00280012737 0 0 0
nt@synapse_cleft 1531 -4.01402908e-05 0.0163129576 0.00132968186 0 0 0
nt@synapse_cleft 1538 0.00361490339 -0.00227283899 0.0110057471 0 0 0
nt@synapse_cleft 1542 -0.010069645 0.0122905902 0.0141178368 0 0 0
nt@synapse_cleft 1553 0.0584553523 0.0134149997 0.0154249551 0 0 0
nt@synapse_cleft 1561 0.0134573642 -0.0468244259 0.00361149995 0 0 0
nt@synapse_cleft 1565 -0.0124411951 -0.00505366068 0.014397789 0 0 0
nt@synapse_cleft 1571 -0.0334322524 -0.0202221551 0.011839598 0 0 0
nt@synapse_cleft 1573 0.00854428457 0.0307297353 0.0176307779 0 0 0
nt@synapse_cleft 1588 0.0244287857 -0.0289425992 0.0107858303 0 0 0
nt@synapse_cleft 1592 0.0243565221 -0.0347311349 0.00437527782 0 0 0
nt@synapse_cleft 1597 -0.000462212193 0.0429640702 0.00256732528 0 0 0
nt@synapse_cleft 1600 0.0184606377 -0.0339727511 0.015451608 0 0 0
nt@synapse_cleft 1605 0.0191354297 -0.00676693858 0.0192175488 0 0 0
nt@synapse_cleft 1606 -0.045399842 0.00731467268 0.00616307596 0 0 0
nt@synapse_cleft 1611 0.0134669893 -0.0169282381 0.017216701 0 0 0
nt@synapse_cleft 1617 -0.013820987 -0.0421635671 0.011845701 0 0 0
nt@synapse_cleft 1628 0.00773347564 0.0318731111 0.00318385421 0 0 0
nt@synapse_cleft 1635 0.00167746193 -0.00813767392 0.0168614672 0 0 0
nt@synapse_cleft 1641 0.0223798314 0.0346870925 0.0116440319 0 0 0
nt@synapse_cleft 1655 0.00467480563 0.0293625247 0.00594808205 0 0 0
nt@synapse_cleft 1658 0.0391928002 0.047941488 0.01051786 0 0 0
nt@synapse_cleft 1660 0.00172448042 0.020832218 0.0171489646 0 0 0
nt@synapse_cleft 1675 -0.0132149691 0.011842978 0.0160550499 0 0 0
nt@synapse_cleft 1678 0.00793607101 -0.0143348266 0.00512985762 0 0 0
nt@synapse_cleft 1681 -0.00693193318 -0.0127370764 0.0145307631 0 0 0
nt@synapse_cleft 1686 -0.0089976558 0.0340374855 0.00903638384 0 0 0
nt@synapse_cleft 1687 -0.0356249609 -0.0439522644 0.000946641985 0 0 0
nt@synapse_cleft 1689 0.00653694944 0.0139248462 0.00701006845 0 0 0
nt@synapse_cleft 1692 -0.0188896047 0.0106489845 0.0183472516 0 0 0
nt@synapse_cleft 1695 0.0195264622 -0.0181143447 0.00551588428 0 0 0
nt@synapse_cleft 1701 0.011800828 -0.00112646099 0.0118965674 0 0 0
nt@synapse_cleft 1707 -0.0245806463 -0.0140663503 0.0165972826 0 0 0
nt@synapse_cleft 1715 0.000928473424 0.0113338711 0.0108252424 0 0 0
nt@synapse_cleft 1721 0.0229451535 -0.0565132346 0.00961970546 0 0 0
nt@synapse_cleft 1729 -0.00543016683 -0.0286263327 0.0105573225 0 0 0
nt@synapse_cleft 1736 0.0297764063 0.0106865406 0.0148843755 0 0 0
nt@synapse_cleft 1742 0.0179055328 -0.0512630349 0.00399117295 0 0 0
nt@synapse_cleft 1743 0.0293319067 0.0325575669 0.0105429236 0 0 0
nt@synapse_cleft 1745 -0.0232305584 0.0174359506 0.00224237365 0 0 0
nt@synapse_cleft 1746 0.00944248783 -0.0244333224 0.0122931916 0 0 0
nt@synapse_cleft 1748 0.0511181233 0.0211519916 0.0129615856 0 0 0
nt@synapse_cleft 1751 0.0516022223 0.00358412604 0.0138454575 0 0 0
nt@synapse_cleft 1759 -0.00625681605 -0.0140034932 0.0199935764 0 0 0
nt@synapse_cleft 1762 -0.0295744067 -0.0154894912 0.00932308514 0 0 0
nt@synapse_cleft 1768 0.00477956369 -0.0561422506 0.0112341435 0 0 0
nt@synapse_cleft 1775 -0.0175500412 -0.00150687889 0.0141765381 0 0 0
nt@synapse_cleft 1781 -0.0122181456 0.0522231859 0.00315468611 0 0 0
nt@synapse_cleft 1793 0.0122934132 0.0429165634 0.00907880672 0 0 0
nt@synapse_cleft 1795 0.0418215486 -0.0195240184 0.0143572177 0 0 0
nt@synapse_cleft 1804 0.00930721284 0.0217175165 0.0102378251 0 0 0
nt@synapse_cleft 1815 -0.0278159108 -0.016427895 0.00397944967 0 0 0
nt@synapse_cleft 1824 0.0208497681 0.00146120362 0.000440805984 0 0 0
nt@synapse_cleft 1829 0.0491409857 -0.0160435021 0.0140517251 0 0 0
nt@synapse_cleft 1830 -0.0479452627 -0.00967127402 0.0155657702 0 0 0
nt@synapse_cleft 1837 -0.0454500644 -0.00941456307 0.0105249592 0 0 0
nt@synapse_cleft 1838 0.00824612563 -0.0517735972 0.00984977711 0 0 0
nt@synapse_cleft 1843 0.0077825714 0.0141888806 0.00690858922 0 0 0
nt@synapse_cleft 1846 -0.0199713636 -0.0105053042 0.00759933506 0 0 0
nt@synapse_cleft 1853 0.052012348 -0.0301256664 0.0126170745 0 0 0
nt@synapse_cleft 1854 0.0230709906 -3.07646335e-05 0.00621409399 0 0 0
nt@synapse_cleft 1856 0.0191332391 -0.0202164554 0.0171342291 0 0 0
nt@synapse_cleft 1872 0.00112984938 -0.0138011327 0.0135608439 0 0 0
nt@synapse_cleft 1877 0.0105083181 0.0275525079 0.0192597533 0 0 0
nt@synapse_cleft 1880 -0.036391783 -0.025472859 0.00366739984 0 0 0
nt@synapse_cleft 1883 0.02558474 0.015033655 0.0179855749 0 0 0
nt@synapse_cleft 1885 -0.0196159212 -0.000507060937 0.00613833185 0 0 0
nt@synapse_cleft 1887 0.00512776369 0.0208513981 0.00156750142 0 0 0
nt@synapse_cleft 1892 -0.00318970922 0.00148604561 0.0068839364 0 0 0
nt@synapse_cleft 1896 0.0147496049 0.0154584151 0.0126504606 0 0 0
nt@synapse_cleft 1904 -0.0385564301 0.0468181696 0.00126547188 0 0 0
nt@synapse_cleft 1918 -0.0219920988 0.0639021798 0.0111571208 0 0 0
nt@synapse_cleft 1923 -0.0117156706 0.0196083524 0.0145235068 0 0 0
nt@synapse_cleft 1926 0.00366046438 -0.00973655834 0.018838701 0 0 0
nt@synapse_cleft 1932 0.0202856594 -0.0102435241 0.0146103977 0 0 0
nt@synapse_cleft 1942 0.0437038528 -0.0421914984 0.00774370193 0 0 0
nt@synapse_cleft 1946 -0.0172471515 -0.0214755273 0.00991940306 0 0 0
nt@synapse_cleft 1961 0.0405013501 0.0181494285 0.0158927839 0 0 0
nt@synapse_cleft 1967 -0.0071522075 -0.0386151149 0.00614761506 0 0 0
nt@synapse_cleft 1970 -0.0220590253 -0.0380548212 0.0127398788 0 0 0
nt@synapse_cleft 1973 0.0248940722 0.0260112408 0.0194648749 0 0 0
nt@synapse_cleft 1976 -0.0525125821 -0.0122139758 0.000395357657 0 0 0
nt@synapse_cleft 1980 -0.0060806354 -0.0137651402 0.0093938495 0 0 0
nt@synapse_cleft 1984 -0.04384201 -0.034989802 0.00229880571 0 0 0
nt@synapse_cleft 1990 0.0254138883 0.0210907755 0.0014339942 0 0 0
nt@synapse_cleft 1997 -0.00875808307 0.0244434257 0.0151400912 0 0 0
nt@synapse_cleft 2004 -0.0151997196 0.0167296919 0.0187659663 0 0 0
nt@synapse_cleft 2013 -0.00854865499 -0.00330105559 0.0172207963 0 0 0
nt@synapse_cleft 2014 0.0108355371 -0.00150588411 0.00675051949 0 0 0
nt@synapse_cleft 2019 0.0180911162 -0.0136418128 0.00928157595 0 0 0
nt@synapse_cleft 2032 -0.0245607245 0.0120861927 0.0108662937 0 0 0
nt@synapse_cleft 2036 0.0551515521 -0.0416350656 0.0160888785 0 0 0
nt@synapse_cleft 2061 0.0155992105 -0.003268588 0.00846287707 0 0 0
nt@synapse_cleft 2064 0.0247363025 0.0292635744 0.0127779903 0 0 0
nt@synapse_cleft 2091 -0.00552183092 0.037735961 0.0149071229 0 0 0
nt@synapse_cleft 2092 0.0191139659 0.0208006237 0.0145308255 0 0 0
nt@synapse_cleft 2096 -0.0133401671 -0.0199609625 0.00412037054 0 0 0
nt@synapse_cleft 2104 0.0538649416 -0.0196936997 0.0164075236 0 0 0
nt@synapse_cleft 2112 -0.00442003263 -0.0316833026 0.00282483506 0 0 0
nt@synapse_cleft 2124 -0.00473075248 0.0642666932 0.00593997579 0 0 0
nt@synapse_cleft 2127 0.0308792103 -0.0147786098 0.0110432242 0 0 0
nt@synapse_cleft 2137 -0.0649398612 0.0522285907 0.0130275767 0 0 0
nt@synapse_cleft 2156 0.0468790006 -0.0373938539 0.0162243095 0 0 0
nt@synapse_cleft 2162 -0.00862379701 0.00972275037 0.01672745 0 0 0
nt@synapse_cleft 2163 0.0203093724 -0.00365976174 0.00820209071 0 0 0
nt@synapse_cleft 2185 -0.030469611 -0.00430231082 0.0152142767 0 0 0
nt@synapse_cleft 2187 -0.0168380876 -0.00293060068 0.00138719075 0 0 0
nt@synapse_cleft 2199 0.00126797233 -0.0149272842 0.00560216426 0 0 0
nt@synapse_cleft 2204 -0.021133222 0.0246176825 0.000635834128 0 0 0
nt@synapse_cleft 2218 0.00119968876 -0.00603913404 0.00857837205 0 0 0
nt@synapse_cleft 2223 -0.0179727001 -0.00968217721 0.0136717408 0 0 0
nt@synapse_cleft 2228 -0.00354498503 0.0215953696 0.0184548324 0 0 0
nt@synapse_cleft 2236 -0.00168883106 0.0039823364 0.0140776446 0 0 0
nt@synapse_cleft 2251 0.00307428488 0.00365726215 0.00454022978 0 0 0
nt@synapse_cleft 2254 -0.00760463836 -0.0323090532 0.0077370411 0 0 0
nt@synapse_cleft 2257 0.0183862299 -0.00169026064 0.0122120795 0 0 0
nt@synapse_cleft 2262 -0.0184028835 0.0017448999 0.0145993147 0 0 0
nt@synapse_cleft 2271 -0.0441370782 0.0113216925 0.0185541824 0 0 0
nt@synapse_cleft 2274 -0.00543281318 0.0398922078 0.00134382007 0 0 0
nt@synapse_cleft 2278 0.0317952921 0.0380930409 0.00164545904 0 0 0
nt@synapse_cleft 2279 -0.023076078 0.00355498448 0.011977992 0 0 0
nt@synapse_cleft 2283 0.0429276437 -0.0248553867 0.0155844569 0 0 0
nt@synapse_cleft 2284 0.0267074015 0.00189801571 0.00172673923 0 0 0
nt@synapse_cleft 2285 -0.00161697639 -0.00383610783 0.0153955864 0 0 0
nt@synapse_cleft 2298 -0.0518177849 -0.0341416219 0.0117154654 0 0 0
nt@synapse_cleft 2306 -0.0153789244 -0.0645782934 0.00185777483 0 0 0
nt@synapse_cleft 2308 -0.054243508 0.0365688422 0.00869302056 0 0 0
nt@synapse_cleft 2309 0.00520540886 0.0175629093 0.00951461234 0 0 0
nt@synapse_cleft 2314 -0.00541469977 -0.0230285736 0.00408553364 0 0 0
nt@synapse_cleft 2320 0.0105165956 -0.0342301386 0.00370302825 0 0 0
nt@synapse_cleft 2321 0.0489798057 0.00443708814 0.00427652928 0 0 0
nt@synapse_cleft 2327 -0.0300327534 -0.0143811205 0.0176096288 0 0 0
nt@synapse_cleft 2330 -0.0291986429 0.0161248987 0.0176557528 0 0 0
nt@synapse_cleft 2349 0.0463917128 0.0277266641 0.00675916211 0 0 0
nt@synapse_cleft 2367 -0.0303694996 -0.0484913624 0.00157481857 0 0 0
nt@synapse_cleft 2369 -0.031942393 0.00598012935 0.0017541868 0 0 0
nt@synapse_cleft 2383 0.00322577625 -0.0773468705 0.0121060811 0 0 0
nt@synapse_cleft 2389 0.00362223957 -0.0164263986 0.0100870451 0 0 0
nt@synapse_cleft 2400 -0.020625415 -0.0245572828 0.0144610443 0 0 0
nt@synapse_cleft 2411 0.0151839873 -0.0358554726 0.0185583835 0 0 0
nt@synapse_cleft 2412 -0.000915016777 0.00641768956 0.0151492301 0 0 0
nt@synapse_cleft 2417 -0.0156115273 0.00318254069 0.0139706789 0 0 0
nt@synapse_cleft 2421 0.0010352413 0.0206701941 0.00207996973 0 0 0
nt@synapse_cleft 2423 0.010681799 -0.0489960918 0.00338202636 0 0 0
nt@synapse_cleft 2437 0.0482307967 -0.011201987 0.0195026816 0 0 0
nt@synapse_cleft 2438 0.0132268773 -0.0317363035 0.00621659303 0 0 0
nt@synapse_cleft 2448 0.00357477764 0.0141639979 0.00450648415 0 0 0
nt@synapse_cleft 2456 -0.0176531785 -0.0136711835 0.00314073725 0 0 0
nt@synapse_cleft 2462 -0.0186316494 0.0297683134 0.0010706611 0 0 0
nt@synapse_cleft 2468 -0.0466667361 -0.0278349274 0.0188548078 0 0 0
nt@synapse_cleft 2472 0.0590623463 -0.0262713436 0.012922167 0 0 0
nt@synapse_cleft 2480 -0.00226218808 -0.0288924684 0.00398364431 0 0 0
nt@synapse_cleft 2481 -0.0137514103 -0.0221863408 0.0130413193 0 0 0
nt@synapse_cleft 2483 0.0222262335 0.0161521827 0.00592802523 0 0 0
nt@synapse_cleft 2491 0.00577753943 0.0226642547 0.0188212933 0 0 0
nt@synapse_cleft 2493 0.0221094529 -0.0441488641 0.00830621858 0 0 0
nt@synapse_cleft 2498 0.0127194009 -0.0205045041 0.00118925677 0 0 0
nt@synapse_cleft 2502 0.0197441009 -0.0296689647 0.0081972571 0 0 0
nt@synapse_cleft 2509 0.00371481622 -0.0177328147 0.00681478313 0 0 0
nt@synapse_cleft 2513 -0.00447221496 0.020523002 0.0102199608 0 0 0
nt@synapse_cleft 2517 -0.0107990266 0.006802499 0.0133180605 0 0 0
nt@synapse_cleft 2520 0.0234960702 0.0308250204 0.00710059953 0 0 0
nt@synapse_cleft 2528 0.0157696797 -0.000417827267 0.0175101498 0 0 0
nt@synapse_cleft 2539 -0.0026996544 0.0244209953 0.00933172651 0 0 0
nt@synapse_cleft 2542 0.0216922605 -0.0291280099 0.00523847401 0 0 0
nt@synapse_cleft 2549 -0.0133275538 0.0595559118 0.0129626885 0 0 0
nt@synapse_cleft 2550 0.0489579264 0.00599561678 0.0137192972 0 0 0
nt@synapse_cleft 2555 0.0587319047 -0.0192648754 0.00643278769 0 0 0
nt@synapse_cleft 2560 -0.0353630141 -0.00499907491 0.0012217939 0 0 0
nt@synapse_cleft 2561 0.0274398953 0.055499383 0.0143694206 0 0 0
nt@synapse_cleft 2563 0.00908079382 0.00352802985 0.00852957738 0 0 0
nt@synapse_cleft 2564 -0.0143288159 0.0511796562 0.00760559984 0 0 0
nt@synapse_cleft 2566 0.0023905812 0.00409105926 0.00895161578 0 0 0
nt@synapse_cleft 2570 -0.00327034044 0.00114863108 0.00734074778 0 0 0
nt@synapse_cleft 2577 -0.00755821889 0.029186068 0.0132597397 0 0 0
nt@synapse_cleft 2597 -0.0153345443 0.00512125133 0.00135781611 0 0 0
nt@synapse_cleft 2603 0.0375705978 -0.0231373421 0.0172818843 0 0 0
nt@synapse_cleft 2604 0.0559533172 -0.0170357858 0.019893165 0 0 0
nt@synapse_cleft 2610 0.00628212688 -0.0282275322 0.0198147477 0 0 0
nt@synapse_cleft 2615 0.00418856349 -0.0712253014 0.0177370093 0 0 0
nt@synapse_cleft 2625 -0.0549881485 -0.0248617633 0.00684123275 0 0 0
nt@synapse_cleft 2628 0.0122088712 -0.0348610439 0.00863091388 0 0 0
nt@synapse_cleft 2639 0.00646368234 -0.0238147005 0.00440245554 0 0 0
nt@synapse_cleft 2641 -0.0138134173 -0.00905858458 0.00961919113 0 0 0
nt@synapse_cleft 2652 0.000532897419 0.00243028851 0.0182483521 0 0 0
nt@synapse_cleft 2660 -0.0187745618 -0.0259685125 0.0018941452 0 0 0
nt@synapse_cleft 2670 0.00236018498 -0.0110192659 0.00807333173 0 0 0
nt@synapse_cleft 2680 -0.0553849916 -0.0451728387 0.000185326917 0 0 0
nt@synapse_cleft 2681 -0.0440364765 -0.0273273673 0.0191523482 0 0 0
nt@synapse_cleft 2688 -0.0415413357 0.0710117513 0.00644816859 0 0 0
nt@synapse_cleft 2702 -0.0139967442 -0.0119407656 0.00207671241 0 0 0
nt@synapse_cleft 2708 -0.0422485042 0.0138253905 0.00421162303 0 0 0
nt@synapse_cleft 2709 0.0191304519 -0.00678793336 0.00852361398 0 0 0
nt@synapse_cleft 2713 -0.00988961371 -0.0220870528 0.00274827636 0 0 0
nt@synapse_cleft 2720 0.017268302 0.026851101 0.0160600524 0 0 0
nt@synapse_cleft 2724 0.000280099947 -0.00973895489 0.00738534768 0 0 0
nt@synapse_cleft 2729 0.00604889387 -0.0459398198 0.0100897952 0 0 0
nt@synapse_cleft 2743 -0.00303078462 -0.0448636037 0.0171898342 0 0 0
nt@synapse_cleft 2750 0.0135528838 -0.0527482682 0.0191954085 0 0 0
nt@synapse_cleft 2752 -0.0260702629 -0.0308303329 0.000413939664 0 0 0
nt@synapse_cleft 2756 0.0345818677 -0.0266354264 0.0113655418 0 0 0
nt@synapse_cleft 2766 -0.0325940479 0.0236458513 0.00438018673 0 0 0
nt@synapse_cleft 2775 0.0343422105 -0.0332177935 0.0121864483 0 0 0
nt@synapse_cleft 2785 0.00524689643 0.0432249122 0.0193473562 0 0 0
nt@synapse_cleft 2798 -0.0388568991 0.00956304651 0.00377651856 0 0 0
nt@synapse_cleft 2807 -0.0293108071 0.010587829 0.00944135766 0 0 0
nt@synapse_cleft 2808 0.0286974256 0.0527720154 0.015507751 0 0 0
nt@synapse_cleft 2820 0.0134013697 -0.00125965173 0.011730659 0 0 0
nt@synapse_cleft 2828 0.00926812351 -0.0348802098 0.00520103183 0 0 0
nt@synapse_cleft 2857 0.014578763 -0.0278789885 0.00861561002 0 0 0
nt@synapse_cleft 2861 -0.00684979471 0.0199733756 0.00176626084 0 0 0
nt@synapse_cleft 2863 -0.0545675607 -0.00367532342 0.000262144838 0 0 0
nt@synapse_cleft 2875 0.0222397715 0.0190815437 0.016501067 0 0 0
nt@synapse_cleft 2876 -0.0020718317 -0.000305001397 0.0151671541 0 0 0
nt@synapse_cleft 2880 0.0191728607 -0.00866299979 0.00135786635 0 0 0
nt@synapse_cleft 2884 0.0280514719 0.0143889068 0.00962565658 0 0 0
nt@synapse_cleft 2894 0.0103849242 0.00886570206 0.00422764064 0 0 0
nt@synapse_cleft 2895 0.0662278033 -0.0103936101 0.012734035 0 0 0
nt@synapse_cleft 2905 -0.00374666514 0.00387617129 0.0146318453 0 0 0
nt@synapse_cleft 2909 0.0480523484 0.00187874095 0.0139679866 0 0 0
nt@synapse_cleft 2910 -0.0660493567 0.00953807661 0.0196196709 0 0 0
nt@synapse_cleft 2912 -0.00176484116 -0.014362302 0.0102590177 0 0 0
nt@synapse_cleft 2915 0.0323428282 -0.0401811698 0.00642277486 0 0 0
nt@synapse_cleft 2920 -0.00223314895 0.00406926478 0.0190533722 0 0 0
nt@synapse_cleft 2933 -0.00271423653 -0.0170220544 0.00050086353 0 0 0
nt@synapse_cleft 2935 -0.0341595254 0.0107353506 0.0179522704 0 0 0
nt@synapse_cleft 2940 -0.00627774467 -0.0172631867 0.00152936382 0 0 0
nt@synapse_cleft 2962 0.0138163567 -0.00934208839 0.00799492402 0 0 0
nt@synapse_cleft 2967 0.0105206027 -0.0387201057 0.0126931104 0 0 0
nt@synapse_cleft 2983 0.010379233 -0.0349260106 0.0104605218 0 0 0
nt@synapse_cleft 2993 -0.0271029936 0.0467634007 0.0187201278 0 0 0
nt@synapse_cleft 3006 0.0396241704 0.0553485746 0.0067341248 0 0 0
nt@synapse_cleft 3008 0.0194643107 0.0542511251 0.0144853441 0 0 0
nt@synapse_cleft 3012 0.0245574274 -0.00297538925 0.0131149991 0 0 0
nt@synapse_cleft 3019 -0.0359955439 -0.00589542833 0.00224994026 0 0 0
nt@synapse_cleft 3020 -0.0132438388 -0.0259821835 0.00102959154 0 0 0
nt@synapse_cleft 3042 -0.00562124384 0.00679370419 0.0174135923 0 0 0
nt@synapse_cleft 3047 0.0213325893 0.0597725948 0.0102116577 0 0 0
nt@synapse_cleft 3057 0.0340472408 -0.00267615338 0.0133018159 0 0 0
nt@synapse_cleft 3061 -0.0181978546 0.0317667559 0.00328457812 0 0 0
nt@synapse_cleft 3062 0.0225651178 -0.0221563569 0.000825065885 0 0 0
nt@synapse_cleft 3069 0.0482789761 -0.0309330994 0.0193025924 0 0 0
nt@synapse_cleft 3073 0.00779065407 0.0321880315 6.36451806e-05 0 0 0
nt@synapse_cleft 3082 0.0287901262 0.0253810437 0.00433570436 0 0 0
nt@synapse_cleft 3089 -0.00234423982 -0.0247565674 0.00160954288 0 0 0
nt@synapse_cleft 3096 -0.00765494864 0.0219514745 0.00121969361 0 0 0
nt@synapse_cleft 3099 -0.0380653855 0.0097775038 0.0191380952 0 0 0
nt@synapse_cleft 3114 0.0445401766 0.0252596151 0.0128419926 0 0 0
nt@synapse_cleft 3132 -0.0140462177 -0.00938864537 0.00964273792 0 0 0
nt@synapse_cleft 3134 0.0162777539 0.0373001464 0.0142704014 0 0 0
nt@synapse_cleft 3150 0.0322119031 -0.0657171442 0.00720627246 0 0 0
nt@synapse_cleft 3155 -0.00591239297 0.00425330321 0.00896726579 0 0 0
nt@synapse_cleft 3159 -0.0141519072 0.00897897619 0.0197366459 0 0 0
nt@synapse_cleft 3177 0.027108503 -0.0215587944 0.00806707942 0 0 0
nt@synapse_cleft 3178 -0.0234942316 -0.0152309904 0.0113310404 0 0 0
nt@synapse_cleft 3181 0.0101314801 -0.00380698705 0.0198973046 0 0 0
nt@synapse_cleft 3183 0.00609801931 -0.0292620087 0.00396199331 0 0 0
nt@synapse_cleft 3184 0.0312618402 0.0258128526 0.0150207033 0 0 0
nt@synapse_cleft 3185 0.0216226297 0.0106516848 0.0145575072 0 0 0
nt@synapse_cleft 3199 0.00695983155 0.0257942059 0.0179147789 0 0 0
nt@synapse_cleft 3202 0.0122640182 0.0419716515 0.008198118 0 0 0
nt@synapse_cleft 3207 -0.0181315566 -0.00897543627 0.00497358648 0 0 0
nt@synapse_cleft 3220 0.0102042744 0.0333992152 0.0147358708 0 0 0
nt@synapse_cleft 3222 -0.0626212483 -0.0192323653 0.00776910159 0 0 0
nt@synapse_cleft 3227 0.0170194438 0.00645129936 0.00936248454 0 0 0
nt@synapse_cleft 3247 0.0116391188 -0.00406221276 0.0138749989 0 0 0
nt@synapse_cleft 3249 -0.0229774497 -0.00934833268 0.0087774616 0 0 0
nt@synapse_cleft 3275 0.0073881356 -0.0158298188 0.0120432728 0 0 0
nt@synapse_cleft 3304 0.0213234556 0.0749952587 0.0134838837 0 0 0
nt@synapse_cleft 3308 -0.0253649484 0.0482304558 0.00466124007 0 0 0
nt@synapse_cleft 3313 -0.00212274551 -0.00832369353 0.00240648669 0 0 0
nt@synapse_cleft 3326 0.0156775645 -0.000553711579 0.00408511531 0 0 0
nt@synapse_cleft 3334 0.0052023527 0.00588413822 0.00757288874 0 0 0
nt@synapse_cleft 3338 -0.00272992398 -0.059728844 0.0196462643 0 0 0
nt@synapse_cleft 3341 0.0246260879 -0.00561977968 0.0147350284 0 0 0
nt@synapse_cleft 3367 0.0182468433 0.0133318259 0.00554769994 0 0 0
nt@synapse_cleft 3375 0.042664983 0.027738845 0.0198422085 0 0 0
nt@synapse_cleft 3378 0.0114792062 0.0294159321 0.00238289955 0 0 0
nt@synapse_cleft 3394 -0.000159993544 -0.0371212953 0.00153739443 0 0 0
nt@synapse_cleft 3401 0.0413202514 -0.0121730704 0.00251522677 0 0 0
nt@synapse_cleft 3402 -0.00670376622 -0.0181908657 0.00221825562 0 0 0
nt@synapse_cleft 3404 0.0156580149 -0.0338274034 0.00142257116 0 0 0
nt@synapse_cleft 3407 -0.0107399676 0.0662019088 0.0111357889 0 0 0
nt@synapse_cleft 3413 0.0131269656 0.0197347909 0.0152810765 0 0 0
nt@synapse_cleft 3419 -0.03604177 0.0187579963 0.00178607545 0 0 0
nt@synapse_cleft 3429 0.0559952353 -0.0150553512 0.0186504722 0 0 0
nt@synapse_cleft 3432 0.0522122045 -0.0604881737 0.00309474372 0 0 0
nt@synapse_cleft 3445 0.0278159291 0.0382919254 0.0148324595 0 0 0
nt@synapse_cleft 3451 0.0170643615 0.0158724495 0.0163232807 0 0 0
nt@synapse_cleft 3467 -0.0782352784 -0.00361643546 0.00322107049 0 0 0
nt@synapse_cleft 3474 0.0461240513 -0.00639647257 0.0044365005 0 0 0
nt@synapse_cleft 3482 -0.071212035 -0.0386747471 0.00753699007 0 0 0
nt@synapse_cleft 3484 -0.00628539221 0.0221314809 0.0130364678 0 0 0
nt@synapse_cleft 3500 0.0190736496 -0.0345784186 0.0172386894 0 0 0
nt@synapse_cleft 3507 -0.0305141891 0.00849649239 0.0177777839 0 0 0
nt@synapse_cleft 3511 0.026091963 -0.0392000792 0.00785584752 0 0 0
nt@synapse_cleft 3526 0.0192257742 -0.043930366 0.0140164601 0 0 0
nt@synapse_cleft 3535 0.0118562663 0.0138526565 0.00124564137 0 0 0
nt@synapse_cleft 3536 0.013244283 0.0120881025 0.00616705204 0 0 0
nt@synapse_cleft 3538 -0.034644319 0.0102166408 0.00215644457 0 0 0
nt@synapse_cleft 3542 -0.000311931229 0.0332916216 0.000214345173 0 0 0
nt@synapse_cleft 3543 -0.0312031315 -0.0178007126 0.00937069922 0 0 0
nt@synapse_cleft 3546 0.0156903498 0.0342000213 0.0112773873 0 0 0
nt@synapse_cleft 3561 -0.02002133 -0.0122782992 0.000227649603 0 0 0
nt@synapse_cleft 3562 -0.0585937515 -0.00767814213 0.00415355669 0 0 0
nt@synapse_cleft 3563 0.0256777874 -0.0161586524 0.0190720953 0 0 0
nt@synapse_cleft 3565 0.0337924261 -0.0236226533 0.00143773441 0 0 0
nt@synapse_cleft 3566 -0.0116580786 0.0644301437 0.01731125 0 0 0
nt@synapse_cleft 3568 0.0140256836 -0.0414947537 0.00884106774 0 0 0
nt@synapse_cleft 3575 -0.0125097348 -0.000666291468 0.0154332677 0 0 0
nt@synapse_cleft 3576 0.0479153221 0.00723934079 0.01004282 0 0 0
nt@synapse_cleft 3592 0.00957844905 0.0417054918 0.0097775274 0 0 0
nt@synapse_cleft 3602 -0.0393655015 -0.0133940436 0.00331038939 0 0 0
nt@synapse_cleft 3603 -0.0156623928 0.0226521006 0.01060219 0 0 0
nt@synapse_cleft 3606 -0.00273825745 0.00188312762 0.00978526117 0 0 0
nt@synapse_cleft 3611 0.0214246266 0.00370044352 0.014085754 0 0 0
nt@synapse_cleft 3616 -0.0418499932 0.0398792905 0.0176631287 0 0 0
nt@synapse_cleft 3617 -0.00762541404 -0.0619630516 0.0187315101 0 0 0
nt@synapse_cleft 3620 0.0100462653 0.0270674723 0.00335315384 0 0 0
nt@synapse_cleft 3625 0.0188780621 0.0258121073 0.019022126 0 0 0
nt@synapse_cleft 3635 -0.0179115521 0.0162845082 0.00405504997 0 0 0
nt@synapse_cleft 3636 0.0102425736 -0.00974343892 0.0117487522 0 0 0
nt@synapse_cleft 3645 -5.79694229e-05 -0.0299313412 0.0067236008 0 0 0
nt@synapse_cleft 3661 0.0242656484 -0.00451601284 0.0178949082 0 0 0
nt@synapse_cleft 3664 0.0280587437 -0.0486846213 0.00732877556 0 0 0
nt@synapse_cleft 3667 -0.0348671572 -0.00350967605 0.00577086792 0 0 0
nt@synapse_cleft 3681 0.0392805388 -0.023800695 0.00324998387 0 0 0
nt@synapse_cleft 3690 0.0468211886 -0.0194787746 0.0167294141 0 0 0
nt@synapse_cleft 3693 -0.0664904627 -0.0251644468 0.0189888511 0 0 0
nt@synapse_cleft 3706 0.0285428785 -0.0279427801 0.00886334055 0 0 0
nt@synapse_cleft 3707 -0.0642743622 -0.0140769521 0.015576017 0 0 0
nt@synapse_cleft 3714 -0.0593597788 -0.00624919766 0.0198091975 0 0 0
nt@synapse_cleft 3730 0.00940706747 0.00947455041 0.00325243436 0 0 0
nt@synapse_cleft 3731 -0.00448873544 0.0072815349 0.0160924658 0 0 0
nt@synapse_cleft 3737 0.0138835855 0.0220252257 0.00506830158 0 0 0
nt@synapse_cleft 3739 0.0276166114 0.0550635627 0.0110684326 0 0 0
nt@synapse_cleft 3745 0.00490025271 0.0211285651 0.0122192944 0 0 0
nt@synapse_cleft 3751 0.00418615697 0.00360449412 0.00911827445 0 0 0
nt@synapse_cleft 3758 -0.00826141243 -0.0389196181 0.00409138375 0 0 0
nt@synapse_cleft 3759 -0.0222334235 -0.0178846696 0.0127546065 0 0 0
nt@synapse_cleft 3763 0.0380260924 0.0363986931 0.00875242808 0 0 0
nt@synapse_cleft 3768 0.0258796906 -0.00259802197 0.00861089112 0 0 0
nt@synapse_cleft 3771 0.0266697626 -0.0312065369 0.0120623784 0 0 0
nt@synapse_cleft 3775 -9.98295384e-05 -0.00836587371 0.011551722 0 0 0
nt@synapse_cleft 3783 -0.0221586505 -0.0201056365 0.00679810161 0 0 0
nt@synapse_cleft 3788 -0.00704711754 -0.0206915662 0.0191128427 0 0 0
nt@synapse_cleft 3793 -0.0145788326 -0.0112788704 0.00867752612 0 0 0
nt@synapse_cleft 3800 0.0106141781 -0.0113038333 0.0139171124 0 0 0
nt@synapse_cleft 3802 0.00820398595 0.0268757901 0.0023512134 0 0 0
nt@synapse_cleft 3811 -0.0102502518 -0.0364404135 0.00341108804 0 0 0
nt@synapse_cleft 3827 0.00934221806 0.0637694192 0.0152303437 0 0 0
nt@synapse_cleft 3831 0.000758544689 -0.0420318239 0.00601227932 0 0 0
nt@synapse_cleft 3834 0.0431414135 -0.032524525 0.0158363322 0 0 0
nt@synapse_cleft 3835 0.0168627171 -0.0449843656 0.0081681171 0 0 0
nt@synapse_cleft 3841 0.0449195532 -0.035748689 0.00253571844 0 0 0
nt@synapse_cleft 3844 -0.00624977742 -0.00819835512 0.0164340973 0 0 0
nt@synapse_cleft 3846 -0.0237520838 0.00499119888 0.0133921087 0 0 0
nt@synapse_cleft 3848 0.0261024948 0.0398119193 0.0188497899 0 0 0
nt@synapse_cleft 3850 -0.0228884256 -0.0164045597 0.0174916736 0 0 0
nt@synapse_cleft 3859 0.0483532027 -0.000162316993 7.09328906e-05 0 0 0
nt@synapse_cleft 3879 0.0571868928 -0.0610715545 0.0121799108 0 0 0
nt@synapse_cleft 3886 0.0398987292 0.0545837235 0.00619192931 0 0 0
nt@synapse_cleft 3891 0.00908185475 -0.0164902501 0.0113634073 0 0 0
nt@synapse_cleft 3902 -0.0387184461 0.00583896275 0.0105833391 0 0 0
nt@synapse_cleft 3907 -0.0295140967 -0.0129951147 0.0103084082 0 0 0
nt@synapse_cleft 3918 -0.00528910984 -0.00634653526 0.0100908203 0 0 0
nt@synapse_cleft 3921 0.0336339475 0.0487585531 0.00161161814 0 0 0
nt@synapse_cleft 3927 0.00521683814 0.0428556553 0.0140184036 0 0 0
nt@synapse_cleft 3932 0.0232342562 -0.0194593992 0.0186331974 0 0 0
nt@synapse_cleft 3952 -0.0342649002 0.0244808329 0.00742965603 0 0 0
nt@synapse_cleft 3953 0.030048544 -0.0359912413 0.00467842948 0 0 0
nt@synapse_cleft 3957 0.0254127497 0.0135032366 0.0176899086 0 0 0
nt@synapse_cleft 3958 0.00664564305 0.0210771898 0.00890289921 0 0 0
nt@synapse_cleft 3963 0.0193419331 0.0165109638 0.00797997799 0 0 0
nt@synapse_cleft 3965 -0.041335039 0.00103680578 0.0092249809 0 0 0
nt@synapse_cleft 3967 0.0209370632 -0.0174526547 0.0179829302 0 0 0
nt@synapse_cleft 3968 0.0130932776 -0.00664957289 0.000958886292 0 0 0
nt@synapse_cleft 3973 -0.0085744189 -0.000287021112 0.0130355724 0 0 0
nt@synapse_cleft 3974 -0.0305626038 0.0652212782 0.001036284 0 0 0
nt@synapse_cleft 3978 0.0250266719 0.007238434 0.0187887016 0 0 0
nt@synapse_cleft 3983 -0.0444683442 -0.0261195403 8.62108798e-05 0 0 0
nt@synapse_cleft 3988 -0.0134134728 -0.0353841703 0.00526701698 0 0 0
nt@synapse_cleft 3991 0.0797876557 -0.0311298343 0.00952398333 0 0 0
nt@synapse_cleft 3993 -0.0550377072 0.0022896425 0.0115255879 0 0 0
nt@synapse_cleft 3997 -0.0518530037 0.00138289566 0.0136521624 0 0 0
nt@synapse_cleft 3999 -0.0354534961 -0.0197477852 0.00669260276 0 0 0
nt@synapse_cleft 4018 0.0201884447 0.00304267319 0.0133675924 0 0 0
nt@synapse_cleft 4037 -0.00934146602 0.0351785545 0.0169119252 0 0 0
nt@synapse_cleft 4040 0.0054349697 0.00474500027 0.0145731743 0 0 0
nt@synapse_cleft 4049 0.0312001491 0.0128825683 0.0157596093 0 0 0
nt@synapse_cleft 4051 0.0121380506 0.00473328133 0.00886185768 0 0 0
nt@synapse_cleft 4064 0.00465664337 0.022734451 0.0102857848 0 0 0
nt@synapse_cleft 4070 -0.0183264605 0.00100027835 0.0187244597 0 0 0
nt@synapse_cleft 4071 -0.0148284517 -0.0462893319 0.0107890675 0 0 0
nt@synapse_cleft 4103 -0.00691627028 0.0122474377 0.007401469 0 0 0
nt@synapse_cleft 4106 0.0239988666 0.0181215169 0.0169099826 0 0 0
nt@synapse_cleft 4111 0.0663368958 0.0280435931 0.00335400589 0 0 0
nt@synapse_cleft 4115 0.00405782201 0.00891007677 0.00286646521 0 0 0
nt@synapse_cleft 4119 0.00917536082 -0.0275840818 0.0154177387 0 0 0
nt@synapse_cleft 4123 -0.0105177499 0.0107551762 0.0137569649 0 0 0
nt@synapse_cleft 4126 0.0389937784 -0.0273305773 0.00106666214 0 0 0
nt@synapse_cleft 4129 -0.00473985901 0.016931369 0.017385138 0 0 0
nt@synapse_cleft 4132 0.0329061324 0.0353506392 0.0154004516 0 0 0
nt@synapse_cleft 4135 0.0116605652 -0.00174190129 0.0176612796 0 0 0
nt@synapse_cleft 4150 -0.0417288601 -0.0515726868 0.0112964301 0 0 0
nt@synapse_cleft 4155 0.0206602038 -0.0570471017 0.00512385031 0 0 0
nt@synapse_cleft 4156 0.0542493764 -0.00164318956 0.003419302 0 0 0
nt@synapse_cleft 4163 -0.00013503982 0.0485177065 0.00301109982 0 0 0
nt@synapse_cleft 4177 -0.0462812035 0.0712143244 0.014905849 0 0 0
nt@synapse_cleft 4187 -0.0248166242 -0.0281840709 0.00907518247 0 0 0
nt@synapse_cleft 4193 0.01164954 -0.0423112331 0.0113633045 0 0 0
nt@synapse_cleft 4214 -0.0362472499 -0.013884929 0.019820249 0 0 0
nt@synapse_cleft 4215 0.0328740833 -0.0621981413 0.0196473934 0 0 0
nt@synapse_cleft 4220 -0.0154360162 -0.00653176044 0.0123323118 0 0 0
nt@synapse_cleft 4228 0.0339015849 -0.0128489959 0.015775737 0 0 0
nt@synapse_cleft 4230 -0.0208397752 0.0599251105 0.00272740081 0 0 0
nt@synapse_cleft 4233 0.0190300864 0.017898737 0.00335332382 0 0 0
nt@synapse_cleft 4237 0.0144671267 -0.0109624047 0.0197067692 0 0 0
nt@synapse_cleft 4242 0.0317004763 -0.0403299679 0.0135856809 0 0 0
nt@synapse_cleft 4252 0.0395121719 0.00273382975 0.0161798755 0 0 0
nt@synapse_cleft 4254 -0.0103053234 0.0431235878 0.00512498346 0 0 0
nt@synapse_cleft 4255 -0.0298271052 -0.0369538078 0.0101771819 0 0 0
nt@synapse_cleft 4279 0.0220467348 -0.0523512588 0.0104543613 0 0 0
nt@synapse_cleft 4285 -0.0396280694 0.0329484388 0.0071285773 0 0 0
nt@synapse_cleft 4288 0.0234318075 -0.0159682453 0.0192184321 0 0 0
nt@synapse_cleft 4293 -0.0155700032 -0.0145527328 0.00373063984 0 0 0
nt@synapse_cleft 4297 0.0409069944 -0.0263140615 0.00629195978 0 0 0
nt@synapse_cleft 4301 0.0349275104 -0.00229795568 0.012477687 0 0 0
nt@synapse_cleft 4312 -0.0108729908 -0.0287237443 0.00913001911 0 0 0
nt@synapse_cleft 4317 -0.00475027709 0.0500807893 0.0100175761 0 0 0
nt@synapse_cleft 4326 0.0279635725 -0.00967102565 0.017649182 0 0 0
nt@synapse_cleft 4330 -0.0277569701 0.0128318149 0.0179958073 0 0 0
nt@synapse_cleft 4334 0.0117994919 -0.000608038076 0.00801727627 0 0 0
nt@synapse_cleft 4339 0.0111581213 -0.0258969528 0.00893357556 0 0 0
nt@synapse_cleft 4343 -0.024711665 -0.0610950043 0.00356994439 0 0 0
nt@synapse_cleft 4346 0.0231126651 0.00740829069 0.0056424442 0 0 0
nt@synapse_cleft 4351 0.0512650057 0.0112119623 0.00804601076 0 0 0
nt@synapse_cleft 4360 0.0090621404 0.00973142601 0.0124451186 0 0 0
nt@synapse_cleft 4365 -0.00111815887 0.0399908382 0.0170895898 0 0 0
nt@synapse_cleft 4374 -0.016129903 -0.024338856 0.000390818509 0 0 0
nt@synapse_cleft 4376 -0.0141961672 -0.000939928938 0.0129401286 0 0 0
nt@synapse_cleft 4381 -0.0194232287 -0.0292430231 0.0155979302 0 0 0
nt@synapse_cleft 4386 -0.00892347835 0.00306883639 0.00795331966 0 0 0
nt@synapse_cleft 4392 -0.0112140139 0.016274055 0.010814202 0 0 0
nt@synapse_cleft 4395 0.0144403203 -0.0367910605 0.0160485361 0 0 0
nt@synapse_cleft 4396 0.0183332888 -0.0516400269 0.0042280107 0 0 0
nt@synapse_cleft 4398 -0.0179111744 0.0191304065 0.00881744562 0 0 0
nt@synapse_cleft 4399 0.0117833642 0.0354002311 0.0023201973 0 0 0
nt@synapse_cleft 4414 -0.00430301257 -0.0261130372 0.0125040174 0 0 0
nt@synapse_cleft 4416 -0.0184931773 -0.000127615647 0.0163336095 0 0 0
nt@synapse_cleft 4423 0.00645366352 -0.00490115959 0.00897614426 0 0 0
nt@synapse_cleft 4424 -0.0258732645 -0.000147772729 0.000187042427 0 0 0
nt@synapse_cleft 4430 -0.00654061379 -0.0123463133 0.0068048119 0 0 0
nt@synapse_cleft 4431 0.0154848071 -0.0290105732 0.00635890316 0 0 0
nt@synapse_cleft 4434 0.0154174394 -0.00453451981 0.00292346377 0 0 0
nt@synapse_cleft 4446 -0.0170017055 0.0271845071 0.0171393079 0 0 0
nt@synapse_cleft 4464 0.0250572372 -0.0145485762 0.0149148133 0 0 0
nt@synapse_cleft 4473 -0.00967983319 -0.00734065915 0.00668757005 0 0 0
nt@synapse_cleft 4478 -0.0201046722 0.0460135983 0.0198486561 0 0 0
nt@synapse_cleft 4480 0.0127617308 0.0450436078 0.0128285768 0 0 0
nt@synapse_cleft 4482 -0.0423602677 -0.0295252967 0.0135866296 0 0 0
nt@synapse_cleft 4485 0.00977085063 0.0237184644 0.00590183384 0 0 0
nt@synapse_cleft 4488 0.0190399246 0.00311690705 0.0082905428 0 0 0
nt@synapse_cleft 4489 -0.00893029006 -0.00345583256 0.000501126439 0 0 0
nt@synapse_cleft 4499 -0.00124751998 0.0123655854 0.00357152127 0 0 0
nt@synapse_cleft 4501 0.018562407 0.0141037706 0.00817523885 0 0 0
nt@synapse_cleft 4517 -0.0452515016 0.0106689154 0.00735573931 0 0 0
nt@synapse_cleft 4527 0.0150066948 -0.00333299325 0.0175872509 0 0 0
nt@synapse_cleft 4538 -0.043141025 -0.0455766598 0.006331347 0 0 0
nt@synapse_cleft 4542 0.0125250248 0.049726574 0.00563406547 0 0 0
nt@synapse_cleft 4545 -0.0244742785 0.0382824867 0.0112245309 0 0 0
nt@synapse_cleft 4551 -0.00701755288 0.043906884 0.0195856037 0 0 0
nt@synapse_cleft 4553 -0.0350215497 -0.0139856244 0.0163526513 0 0 0
nt@synapse_cleft 4559 -0.0303260606 0.0276386921 0.0159617074 0 0 0
nt@synapse_cleft 4574 0.0460325826 -0.0326386449 0.00791856136 0 0 0
nt@synapse_cleft 4576 -0.0329637414 -0.026200981 0.0170154227 0 0 0
nt@synapse_cleft 4583 0.00873251967 0.000683505002 0.00439384366 0 0 0
nt@synapse_cleft 4590 -0.0573837088 -0.00513630112 0.0149498341 0 0 0
nt@synapse_cleft 4593 -0.0435182775 0.0555698127 0.00145900706 0 0 0
nt@synapse_cleft 4595 0.0375907726 -0.0487183848 0.00168111426 0 0 0
nt@synapse_cleft 4613 0.0583227995 0.00438808573 0.0149687144 0 0 0
nt@synapse_cleft 4620 0.00642045491 3.36876274e-05 0.0176994046 0 0 0
nt@synapse_cleft 4654 0.00440419976 -0.0332327978 0.00403308722 0 0 0
nt@synapse_cleft 4659 -0.0325894081 0.0394975101 0.0108117839 0 0 0
nt@synapse_cleft 4681 0.0159876655 -0.00635458822 0.0139496134 0 0 0
nt@synapse_cleft 4700 -0.03212871 0.0571434662 0.00565671939 0 0 0
nt@synapse_cleft 4701 0.0259564054 0.0278535865 0.0171270323 0 0 0
nt@synapse_cleft 4709 -0.0136843223 0.00493873835 0.00245481767 0 0 0
nt@synapse_cleft 4710 -0.00870957318 -0.0184522329 0.00242196857 0 0 0
nt@synapse_cleft 4718 0.0486125265 0.0138509146 0.011767594 0 0 0
nt@synapse_cleft 4736 -0.000509341244 0.0196557674 0.00757681487 0 0 0
nt@synapse_cleft 4750 -0.002173599 -0.0666010109 0.00376662557 0 0 0
nt@synapse_cleft 4753 -0.0204615756 0.00339700699 0.00374296005 0 0 0
nt@synapse_cleft 4754 -0.00644590554 -0.00459426353 0.000365705487 0 0 0
nt@synapse_cleft 4756 -0.000870314942 -0.00937988966 0.0171841589 0 0 0
nt@synapse_cleft 4758 -0.0308320731 -0.000949331313 0.0169312903 0 0 0
nt@synapse_cleft 4764 0.034010523 -0.0130089312 0.00159656047 0 0 0
nt@synapse_cleft 4779 0.0279792531 -0.0307487 0.0133153264 0 0 0
nt@synapse_cleft 4784 0.0321337403 0.0125124704 0.000249754907 0 0 0
nt@synapse_cleft 4786 -0.0280333271 0.022137126 0.0181000422 0 0 0
nt@synapse_cleft 4791 0.0468294803 -0.00423293761 0.0187060837 0 0 0
nt@synapse_cleft 4793 -0.0259626681 -0.00204577751 0.0162935937 0 0 0
nt@synapse_cleft 4800 0.0265433966 -0.000718694899 0.0151348322 0 0 0
nt@synapse_cleft 4801 -0.0110178507 0.00555145046 0.014628709 0 0 0
nt@synapse_cleft 4816 -0.0318608163 -0.0210407624 0.0169544278 0 0 0
nt@synapse_cleft 4822 -0.0139910142 -0.0196526922 0.000690201118 0 0 0
nt@synapse_cleft 4823 -0.00876156856 0.0149210421 0.0175046523 0 0 0
nt@synapse_cleft 4829 0.0184181912 -0.0615248859 0.00388794033 0 0 0
nt@synapse_cleft 4839 -0.00718387582 -0.00322073936 0.00327349597 0 0 0
nt@synapse_cleft 4844 0.0681160297 -0.0223572768 0.0148218646 0 0 0
nt@synapse_cleft 4852 -0.0190639519 -0.0288959124 0.00767847335 0 0 0
nt@synapse_cleft 4871 0.00788425038 0.0103176814 0.00708089386 0 0 0
nt@synapse_cleft 4880 0.000807999643 -0.0312049434 0.019614 0 0 0
nt@synapse_cleft 4883 -0.0507603215 0.00739698547 0.0126544303 0 0 0
nt@synapse_cleft 4892 -0.0253077307 0.0360277074 0.0190918122 0 0 0
nt@synapse_cleft 4897 0.0158888493 -0.0172430561 0.00725798036 0 0 0
nt@synapse_cleft 4901 0.0221323705 0.0124854972 0.00179902942 0 0 0
nt@synapse_cleft 4905 -0.0291631751 -0.0036303874 0.00461006587 0 0 0
nt@synapse_cleft 4906 -0.014431122 -0.0387809323 0.00766889021 0 0 0
nt@synapse_cleft 4919 -0.00790304862 0.00799789552 0.00214447638 0 0 0
nt@synapse_cleft 4925 -0.0090638878 -0.000734557759 0.00810044278 0 0 0
nt@synapse_cleft 4937 -0.0690192039 0.00948416706 0.0134030993 0 0 0
nt@synapse_cleft 4946 -0.00240366636 0.00280308099 0.00180742187 0 0 0
nt@synapse_cleft 4973 -0.00650466683 0.0496962608 0.0166299482 0 0 0
nt@synapse_cleft 4979 0.00941759366 -0.00846779412 0.00170820651 0 0 0
nt@synapse_cleft 4981 0.00410037921 -0.0597497769 0.000816456558 0 0 0
nt@synapse_cleft 4982 0.000918352768 0.0127245659 0.00422965115 0 0 0
nt@synapse_cleft 4983 -0.0390149755 0.00759363865 0.00710316134 0 0 0
nt@synapse_cleft 4991 -0.0182968016 -0.00466069642 0.00998485746 0 0 0
nt@synapse_cleft 5004 -0.0198102061 -0.0134411693 0.000590580551 0 0 0
nt@synapse_cleft 5006 0.0268041103 -0.0197585796 0.00564827617 0 0 0
nt@synapse_cleft 5009 -0.0239032191 -0.00386579534 0.00339239818 0 0 0
nt@synapse_cleft 5015 -0.0243072388 -0.0258130397 0.00898098723 0 0 0
nt@synapse_cleft 5044 -0.0392865194 0.0174877773 0.00734027892 0 0 0
nt@synapse_cleft 5046 -0.0040218037 -0.0289348567 0.00215085591 0 0 0
nt@synapse_cleft 5052 0.0261893282 -0.00413933266 0.00912382769 0 0 0
nt@synapse_cleft 5055 -0.00916931726 0.0253830847 0.0122650871 0 0 0
nt@synapse_cleft 5061 0.00414935435 -0.0427108893 0.0102082686 0 0 0
nt@synapse_cleft 5063 -0.0294313061 0.0359725692 0.0188109279 0 0 0
nt@synapse_cleft 5082 -0.00752437812 0.0440279452 0.00961854527 0 0 0
nt@synapse_cleft 5086 0.0300264401 0.0485505321 0.00595796774 0 0 0
nt@synapse_cleft 5133 -0.021261832 0.0257881373 0.0101558406 0 0 0
nt@synapse_cleft 5145 0.0236874938 0.0255735426 0.00302637489 0 0 0
nt@synapse_cleft 5154 0.0154272648 0.0146070456 0.0194981336 0 0 0
nt@synapse_cleft 5159 -0.0334532732 -0.0149630077 0.014719946 0 0 0
nt@synapse_cleft 5164 0.0104080432 -0.00382131404 0.00195319884 0 0 0
nt@synapse_cleft 5173 -0.02319921 0.00916513039 0.0119155231 0 0 0
nt@synapse_cleft 5176 -0.0302842935 0.0758513381 0.00364435239 0 0 0
nt@synapse_cleft 5179 0.0166154198 0.00340390987 0.005584186 0 0 0
nt@synapse_cleft 5182 0.0577040228 0.000694074675 0.00605652873 0 0 0
nt@synapse_cleft 5183 0.0589697199 0.00937846152 0.00117429737 0 0 0
