nt@synapse_cleft 0 0.00751685315 0.0011347505 0.0171937019 0 0 0
nt@synapse_cleft 2 -0.0441106761 0.0148080224 0.0161208167 0 0 0
nt@synapse_cleft 7 0.00109377208 0.0088964273 0.0135327217 0 0 0
nt@synapse_cleft 9 0.0081481497 -0.0205999821 0.00791117979 0 0 0
nt@synapse_cleft 12 0.00859571646 0.0347932908 0.0118451963 0 0 0
nt@synapse_cleft 15 -0.0120808284 0.0208758675 0.00942617235 0 0 0
nt@synapse_cleft 17 0.0127892865 0.00707937631 0.00521250754 0 0 0
nt@synapse_cleft 23 4.49966694e-05 -0.048988191 0.00877669074 0 0 0
nt@synapse_cleft 26 -0.0242019535 0.00804028355 0.0106584947 0 0 0
nt@synapse_cleft 30 0.0212051634 -0.0376267953 0.00900013965 0 0 0
nt@synapse_cleft 35 -0.0100542299 0.0131736147 0.0194277759 0 0 0
nt@synapse_cleft 42 0.00528810935 0.0046000313 0.0171438176 0 0 0
nt@synapse_cleft 45 -0.00486153693 0.0206317281 0.00762423762 0 0 0
nt@synapse_cleft 54 0.00657064981 0.0223223677 0.0176465898 0 0 0
nt@synapse_cleft 56 -0.019405793 -0.00664858056 0.0110090428 0 0 0
nt@synapse_cleft 59 0.0261681435 0.0149713325 0.0129262328 0 0 0
nt@synapse_cleft 72 -0.0221901972 0.00940449694 0.0118360988 0 0 0
nt@synapse_cleft 81 0.0103276552 -0.0332250628 0.00536576635 0 0 0
nt@synapse_cleft 87 -0.0252030335 -0.0155256441 0.0193356016 0 0 0
nt@synapse_cleft 89 0.0241474724 -0.000699861848 0.0172717123 0 0 0
nt@synapse_cleft 100 -0.0190674155 -0.0216798102 0.0143589921 0 0 0
nt@synapse_cleft 102 -0.0261597866 0.0191000734 0.000684359904 0 0 0
nt@synapse_cleft 103 0.0217674866 -0.0235547731 0.014260324 0 0 0
nt@synapse_cleft 111 -0.0370014946 0.0388891804 0.0109333108 0 0 0
nt@synapse_cleft 114 0.0398271601 -0.0216470189 0.0143016845 0 0 0
nt@synapse_cleft 115 -0.00141461676 -0.0395283731 0.00660408929 0 0 0
nt@synapse_cleft 116 -0.0273986077 -0.0162978399 0.0113260808 0 0 0
nt@synapse_cleft 118 0.0198480484 -0.00632326712 0.0160023283 0 0 0
nt@synapse_cleft 127 -0.0220177648 -0.0196837875 0.0131851796 0 0 0
nt@synapse_cleft 135 -0.0159333502 -0.028042669 0.0148854826 0 0 0
nt@synapse_cleft 137 -0.0503349382 -0.0339552056 0.000216569991 0 0 0
nt@synapse_cleft 143 -0.0111403127 -0.0399089279 0.0106531642 0 0 0
nt@synapse_cleft 148 0.000782654599 0.0501451522 0.00957178313 0 0 0
nt@synapse_cleft 150 -0.0270865505 0.015292098 0.00371619692 0 0 0
nt@synapse_cleft 156 -0.0223108188 -0.000884000509 0.0193024791 0 0 0
nt@synapse_cleft 157 -0.0291108786 0.0160758675 0.0110674421 0 0 0
nt@synapse_cleft 162 -0.0117317275 -0.0233048177 0.00928040368 0 0 0
nt@synapse_cleft 167 -0.00652838782 -0.041955799 0.00280085944 0 0 0
nt@synapse_cleft 168 -0.0240002361 -0.0235158979 0.0197904364 0 0 0
nt@synapse_cleft 186 -0.022125513 -0.0186375601 0.0148555642 0 0 0
nt@synapse_cleft 188 -0.01846514 0.00158833321 0.00938145668 0 0 0
nt@synapse_cleft 192 -0.0117379047 0.041440148 0.0108328625 0 0 0
nt@synapse_cleft 194 3.97788789e-05 -0.00503029902 0.0180250385 0 0 0
nt@synapse_cleft 195 0.022228462 0.0353591271 0.00801536306 0 0 0
nt@synapse_cleft 197 0.00811784369 -0.0203881697 0.00900557983 0 0 0
nt@synapse_cleft 199 0.0392013661 0.0161639631 0.0199233447 0 0 0
nt@synapse_cleft 203 0.00630418881 -0.00774892568 0.0013108688 0 0 0
nt@synapse_cleft 206 0.00285036674 -0.0135416927 0.0194885265 0 0 0
nt@synapse_cleft 210 -0.0355252624 0.0130467215 0.0090222213 0 0 0
nt@synapse_cleft 219 0.0257105724 0.0554923797 0.0178773639 0 0 0
nt@synapse_cleft 224 -0.0173197955 0.061422958 0.00137710823 0 0 0
nt@synapse_cleft 227 -0.0278219372 0.0366615533 0.0158333962 0 0 0
nt@synapse_cleft 231 0.0201677722 0.0383521753 0.0168234586 0 0 0
nt@synapse_cleft 235 0.0167805137 -0.0299244871 0.00464927719 0 0 0
nt@synapse_cleft 244 -0.0258972438 0.00467808749 0.0179364059 0 0 0
nt@synapse_cleft 248 0.0299076219 -0.0308327542 0.00717869954 0 0 0
nt@synapse_cleft 256 -0.0429192751 -0.0130527842 0.00769950348 0 0 0
nt@synapse_cleft 263 0.0398959399 0.0197363655 0.0131324616 0 0 0
nt@synapse_cleft 268 -0.00570726397 -0.0187306592 0.0154264287 0 0 0
nt@synapse_cleft 272 0.00397715335 -0.040471423 0.0168486387 0 0 0
nt@synapse_cleft 284 -0.0294373882 0.0790071591 0.0137488053 0 0 0
nt@synapse_cleft 289 -0.0365970296 0.0638618694 0.00432651954 0 0 0
nt@synapse_cleft 293 0.0226851365 -0.00306131392 0.0151267888 0 0 0
nt@synapse_cleft 297 -0.0182851475 -0.0143905883 0.00168953094 0 0 0
nt@synapse_cleft 306 0.00984817312 -0.0262105456 0.00997050167 0 0 0
nt@synapse_cleft 307 0.0171749572 0.00901368488 0.0197284626 0 0 0
nt@synapse_cleft 308 0.0183158483 0.0259190952 0.0137989191 0 0 0
nt@synapse_cleft 310 0.0299312748 -0.00656211353 0.00286158766 0 0 0
nt@synapse_cleft 318 -0.0331740724 0.006854495 0.0172237325 0 0 0
nt@synapse_cleft 319 0.0607993834 0.00402692464 0.0163630184 0 0 0
nt@synapse_cleft 321 0.0433315402 0.0150041218 0.0072473543 0 0 0
nt@synapse_cleft 325 -0.05818996 0.0699593599 0.0129767549 0 0 0
nt@synapse_cleft 331 0.049106925 -0.0221336243 0.014613386 0 0 0
nt@synapse_cleft 335 0.0245144592 0.0208202887 0.0132258607 0 0 0
nt@synapse_cleft 347 0.0112631551 -0.00712744527 0.00425185878 0 0 0
nt@synapse_cleft 348 0.00910787495 0.000181062684 0.00781833118 0 0 0
nt@synapse_cleft 350 0.0165316996 0.00704369526 0.00125455318 0 0 0
nt@synapse_cleft 352 -0.0120182353 0.0121170289 0.000195893597 0 0 0
nt@synapse_cleft 356 -0.0311463884 0.0178648789 0.00989927117 0 0 0
nt@synapse_cleft 361 -0.0268164447 0.0151080432 0.0185606608 0 0 0
nt@synapse_cleft 371 -0.0113543423 0.0382061992 0.000238245091 0 0 0
nt@synapse_cleft 372 -0.0033285768 0.0252156995 0.00848992346 0 0 0
nt@synapse_cleft 376 -0.00465712597 -0.00153847463 0.0180872627 0 0 0
nt@synapse_cleft 381 -0.0138596186 -0.014358165 0.00612124748 0 0 0
nt@synapse_cleft 385 0.0135633668 0.0110574485 0.0193701913 0 0 0
nt@synapse_cleft 391 0.023655294 -0.0454123052 0.016726923 0 0 0
nt@synapse_cleft 392 0.00363648074 0.00833686806 0.0168352977 0 0 0
nt@synapse_cleft 395 -0.00424049424 -0.028381647 0.0105600907 0 0 0
nt@synapse_cleft 397 0.0165651486 0.0302947771 0.014529335 0 0 0
nt@synapse_cleft 402 0.00717699 0.0423850711 0.00249916005 0 0 0
nt@synapse_cleft 406 -0.0227221563 -0.0400891775 0.0121776304 0 0 0
nt@synapse_cleft 421 -0.0352159227 0.0237378412 0.0176586034 0 0 0
nt@synapse_cleft 426 0.0398416668 -0.0226212958 0.0154875035 0 0 0
nt@synapse_cleft 429 -0.0190935391 0.026851426 0.0120154479 0 0 0
nt@synapse_cleft 440 0.0282482645 0.0115474951 0.00299809634 0 0 0
nt@synapse_cleft 444 0.000624132264 0.0274191123 0.00859755533 0 0 0
nt@synapse_cleft 449 0.00551274576 -0.0274403588 0.00243115599 0 0 0
nt@synapse_cleft 452 0.027721928 0.0366586508 0.00839246387 0 0 0
nt@synapse_cleft 453 0.0103568736 -0.00379202598 0.0180707126 0 0 0
nt@synapse_cleft 455 0.00653365001 -0.0279416421 0.0166743554 0 0 0
nt@synapse_cleft 461 -0.0237175084 -0.00021498843 0.00510364789 0 0 0
nt@synapse_cleft 477 0.0118830533 0.00316807978 0.014345382 0 0 0
nt@synapse_cleft 479 -0.0132958893 0.0139910961 0.014654778 0 0 0
nt@synapse_cleft 480 -0.0533907926 0.0148072923 0.00577797768 0 0 0
nt@synapse_cleft 482 0.0132865644 0.0013208811 0.00151111061 0 0 0
nt@synapse_cleft 483 -0.00722236317 -0.0282963867 0.0124896465 0 0 0
nt@synapse_cleft 484 -0.0130155465 -0.0353000755 0.000385101381 0 0 0
nt@synapse_cleft 499 0.0161855615 0.0122040619 0.00850475854 0 0 0
nt@synapse_cleft 500 -0.0120175775 -0.0089011016 0.00981940642 0 0 0
nt@synapse_cleft 501 0.00576898594 0.0180912738 0.0105395473 0 0 0
nt@synapse_cleft 503 0.0121245997 -0.0170329456 0.00728469638 0 0 0
nt@synapse_cleft 504 0.00862405687 0.024229899 0.00846605758 0 0 0
nt@synapse_cleft 509 -0.00919907528 0.0522844904 0.00108771335 0 0 0
nt@synapse_cleft 510 0.0182600523 0.010066167 0.012457471 0 0 0
nt@synapse_cleft 514 -0.0196773701 0.00763229633 0.00966368012 0 0 0
nt@synapse_cleft 522 -0.034610195 0.0153888878 0.00759439273 0 0 0
nt@synapse_cleft 524 -0.0116519093 0.020938237 0.0171075508 0 0 0
nt@synapse_cleft 530 0.0242171843 -0.00240543881 0.0111660783 0 0 0
nt@synapse_cleft 536 -0.0402648993 -0.0348738138 0.0014995071 0 0 0
nt@synapse_cleft 544 0.0344463212 0.0149200882 0.0129101128 0 0 0
nt@synapse_cleft 546 -0.0487924668 0.0242702772 0.0133872927 0 0 0
nt@synapse_cleft 548 -0.0214427846 0.0190406285 0.0180674561 0 0 0
nt@synapse_cleft 549 0.0352462802 -0.038177545 0.0091523549 0 0 0
nt@synapse_cleft 551 0.0135203021 -0.0184906758 0.0142115107 0 0 0
nt@synapse_cleft 552 0.0189516193 -0.00433256954 0.0120127723 0 0 0
nt@synapse_cleft 557 -0.0370625863 0.00321226954 0.0108804039 0 0 0
nt@synapse_cleft 558 -0.0145665607 -0.0226431962 0.00895371488 0 0 0
nt@synapse_cleft 563 -0.0130679567 -0.0595462913 0.0164464509 0 0 0
nt@synapse_cleft 568 -0.00105442221 0.00662477929 0.0133410893 0 0 0
nt@synapse_cleft 572 -0.0319736284 0.0217899998 0.00607468528 0 0 0
nt@synapse_cleft 575 0.000465432833 -0.00813035372 0.0103701481 0 0 0
nt@synapse_cleft 581 0.00299500614 0.00198290645 0.00781126615 0 0 0
nt@synapse_cleft 583 0.0100361209 0.0218544676 0.0149521678 0 0 0
nt@synapse_cleft 586 0.00702451454 0.0144251222 0.0118431698 0 0 0
nt@synapse_cleft 591 -0.0111047694 0.0322194163 0.00957808074 0 0 0
nt@synapse_cleft 593 0.0055984566 0.0327533677 0.0140563097 0 0 0
nt@synapse_cleft 594 0.0359590088 0.0197698879 0.0159895223 0 0 0
nt@synapse_cleft 595 -0.00187065758 -0.0336911153 0.00515069682 0 0 0
nt@synapse_cleft 596 -0.0210877842 0.00578581117 0.0166118681 0 0 0
nt@synapse_cleft 598 0.00389364903 0.000447927254 0.0191159079 0 0 0
nt@synapse_cleft 616 -0.00733241562 -0.0164549764 0.0133877294 0 0 0
nt@synapse_cleft 618 -0.0174087754 -0.0249386852 0.00482645541 0 0 0
nt@synapse_cleft 620 -0.024659319 -0.00155581683 0.0078171755 0 0 0
nt@synapse_cleft 624 0.0122822399 -0.00570256113 0.0101801615 0 0 0
nt@synapse_cleft 627 -0.00722946853 -0.0221627231 0.0132731014 0 0 0
nt@synapse_cleft 629 0.00771361389 -0.00261467504 0.00534722515 0 0 0
nt@synapse_cleft 630 0.00078568154 0.0111269877 0.0040472251 0 0 0
nt@synapse_cleft 633 -0.0199040835 0.024134895 0.000140901757 0 0 0
nt@synapse_cleft 634 0.0119510612 -0.00633523748 0.0125746199 0 0 0
nt@synapse_cleft 639 -0.0224184132 -0.0315459647 0.00361515872 0 0 0
nt@synapse_cleft 645 -0.00864403733 -0.0100706112 0.0192719095 0 0 0
nt@synapse_cleft 647 0.00699919042 0.0304493565 0.00783898911 0 0 0
nt@synapse_cleft 661 -0.0310986828 -0.0153530827 0.0147130013 0 0 0
nt@synapse_cleft 662 -0.0100935829 0.00343477856 0.00777171949 0 0 0
nt@synapse_cleft 664 -0.0157810399 0.0121386811 0.0137366208 0 0 0
nt@synapse_cleft 674 -0.0249432375 0.0156674863 0.000106391806 0 0 0
nt@synapse_cleft 675 0.0117134739 0.0113409445 0.0126058695 0 0 0
nt@synapse_cleft 678 0.0238304638 -0.0117200774 0.0107164257 0 0 0
nt@synapse_cleft 679 -0.0257051013 -0.00740360494 0.0133494827 0 0 0
nt@synapse_cleft 681 -0.00873798508 -0.0250860364 0.0173934072 0 0 0
nt@synapse_cleft 684 -0.0220095668 -0.0120623518 0.0107443594 0 0 0
nt@synapse_cleft 689 0.0140038933 -0.000345920833 0.0141447849 0 0 0
nt@synapse_cleft 691 0.0229316247 0.00735654474 0.00462878764 0 0 0
nt@synapse_cleft 693 0.0147696871 0.0173321164 0.013620102 0 0 0
nt@synapse_cleft 695 -0.0233223603 0.0251571661 0.0193279868 0 0 0
nt@synapse_cleft 698 0.00765848816 0.017743543 0.0170422654 0 0 0
nt@synapse_cleft 699 -0.0229040579 -0.06077514 0.00316021165 0 0 0
nt@synapse_cleft 704 0.00831280035 0.0151826046 0.000358652352 0 0 0
nt@synapse_cleft 710 0.0348352037 -0.00661586754 0.0173509446 0 0 0
nt@synapse_cleft 712 -0.0236377803 -0.00964671175 0.0092124614 0 0 0
nt@synapse_cleft 715 0.0226834102 0.0223869452 0.0102061839 0 0 0
nt@synapse_cleft 720 0.0349538336 -0.0346404193 0.00393977795 0 0 0
nt@synapse_cleft 721 0.00336258682 -0.0131215872 0.00102346761 0 0 0
nt@synapse_cleft 726 -0.0317705641 -0.00425734185 0.00931238151 0 0 0
nt@synapse_cleft 727 -0.00600730164 0.0106092584 0.0116152913 0 0 0
nt@synapse_cleft 728 -0.00211569563 0.00310090267 0.00453618663 0 0 0
nt@synapse_cleft 732 0.0320135611 0.0519977637 0.00111840995 0 0 0
nt@synapse_cleft 735 -0.0394182852 0.00692453666 0.00432967941 0 0 0
nt@synapse_cleft 737 0.0389502683 0.00451741019 0.00930996848 0 0 0
nt@synapse_cleft 741 0.015015219 -0.00271493623 0.00129447462 0 0 0
nt@synapse_cleft 744 -0.0243796739 0.0325705162 0.0086973969 0 0 0
nt@synapse_cleft 746 -0.00312837069 0.0169401372 0.00474909335 0 0 0
nt@synapse_cleft 750 0.0293448314 0.0112257495 0.0189679635 0 0 0
nt@synapse_cleft 754 -0.00871951303 -0.0192967885 0.0159920001 0 0 0
nt@synapse_cleft 755 0.0185340879 0.0204556988 0.0100054791 0 0 0
nt@synapse_cleft 760 -0.00859265458 -0.0572887335 0.000424462288 0 0 0
nt@synapse_cleft 762 0.0106203748 -0.0178906188 0.00939530159 0 0 0
nt@synapse_cleft 765 -0.0227089494 0.0296842709 0.01865574 0 0 0
nt@synapse_cleft 768 -0.0228711753 -0.00628306366 0.0120945066 0 0 0
nt@synapse_cleft 769 0.00756911388 0.0331038157 0.0151457332 0 0 0
nt@synapse_cleft 774 0.00553457576 0.0249413829 0.0130959208 0 0 0
nt@synapse_cleft 777 0.0449680422 -0.0388601222 0.00383329845 0 0 0
nt@synapse_cleft 779 -0.0182546988 0.00937872482 0.00816829455 0 0 0
nt@synapse_cleft 784 0.0109297429 0.00750978771 0.015851634 0 0 0
nt@synapse_cleft 797 -0.0066741022 0.0365599552 0.00581713953 0 0 0
nt@synapse_cleft 803 -0.0251107321 -0.040958467 0.0190957585 0 0 0
nt@synapse_cleft 804 0.0105769005 0.0244963822 0.00578123551 0 0 0
nt@synapse_cleft 814 0.0369003874 0.0311024199 0.00301537899 0 0 0
nt@synapse_cleft 816 -0.00484356251 -0.0234264067 0.0102780604 0 0 0
nt@synapse_cleft 817 0.0173743386 -0.0151903096 0.0176031907 0 0 0
nt@synapse_cleft 828 0.0118464602 -0.0278357693 0.0156955935 0 0 0
nt@synapse_cleft 831 -0.00217516224 -0.0235581026 0.00522403958 0 0 0
nt@synapse_cleft 833 -0.0184337694 0.00296620512 0.0074516223 0 0 0
nt@synapse_cleft 837 -0.0231789203 -0.0115760094 0.0118308489 0 0 0
nt@synapse_cleft 844 -0.0156489522 0.00687052512 0.0140575575 0 0 0
nt@synapse_cleft 847 0.0228726464 0.00265558139 0.00665507965 0 0 0
nt@synapse_cleft 850 -0.00121753194 0.0227654005 0.00160832862 0 0 0
nt@synapse_cleft 854 0.010762514 0.0379091481 0.00488301855 0 0 0
nt@synapse_cleft 866 0.00173315936 -0.017501508 0.0119185102 0 0 0
nt@synapse_cleft 871 -0.00942189115 0.0120397231 0.0183948969 0 0 0
nt@synapse_cleft 872 0.0223799644 -0.0238567311 0.0157167897 0 0 0
nt@synapse_cleft 877 -0.0493442694 0.00838164562 0.0136983153 0 0 0
nt@synapse_cleft 884 -0.000877187288 0.00976785476 0.0182619946 0 0 0
nt@synapse_cleft 900 0.0197188253 -0.0230728899 0.0182578578 0 0 0
nt@synapse_cleft 904 -0.0323626203 0.00836369761 0.0021375366 0 0 0
nt@synapse_cleft 906 -0.0168044279 0.00467024941 0.0160077463 0 0 0
nt@synapse_cleft 908 -0.037747526 0.00757653181 0.00748965729 0 0 0
nt@synapse_cleft 909 0.0320543003 0.0105769351 0.0110713076 0 0 0
nt@synapse_cleft 913 -0.0172353351 -0.00318612651 0.0110679047 0 0 0
nt@synapse_cleft 918 0.063139117 -0.00449221412 0.0159514215 0 0 0
nt@synapse_cleft 920 0.0157937708 -0.013129096 0.013817962 0 0 0
nt@synapse_cleft 924 -0.0356757346 0.00554300119 0.00934104208 0 0 0
nt@synapse_cleft 925 -0.0270400343 0.0465765815 0.0159540397 0 0 0
nt@synapse_cleft 926 -0.0148501201 -0.0550709103 0.016464319 0 0 0
nt@synapse_cleft 932 0.0158426648 -0.0408172482 0.00315861447 0 0 0
nt@synapse_cleft 938 -0.0157321902 0.0136625193 0.00632141613 0 0 0
nt@synapse_cleft 940 -0.0511549752 -0.027269581 0.0114501681 0 0 0
nt@synapse_cleft 941 -0.0324476382 0.0463048213 0.0199173905 0 0 0
nt@synapse_cleft 942 0.0232719459 -0.0252134539 0.00116912322 0 0 0
nt@synapse_cleft 943 0.0219138381 -0.0136619312 0.011459058 0 0 0
nt@synapse_cleft 944 -0.00636227052 -0.0483726619 0.00347994624 0 0 0
nt@synapse_cleft 945 -0.0148361398 0.0235172132 0.00318958441 0 0 0
nt@synapse_cleft 947 -0.0222550339 0.00892940208 0.0103086133 0 0 0
nt@synapse_cleft 953 -0.0426535797 0.0168469358 0.0173911335 0 0 0
nt@synapse_cleft 954 0.0120670213 -0.0140910228 0.00382318848 0 0 0
nt@synapse_cleft 957 0.052932269 -0.0230231215 0.00589148654 0 0 0
nt@synapse_cleft 960 -0.0258337572 0.0388256544 0.00357479476 0 0 0
nt@synapse_cleft 961 -0.0280213533 -7.18762989e-05 0.0180613825 0 0 0
nt@synapse_cleft 967 0.0345326739 -0.00551530533 0.00894519766 0 0 0
nt@synapse_cleft 976 -0.0265784598 0.022212143 0.0194299572 0 0 0
nt@synapse_cleft 978 -0.0385104068 -0.0117592813 0.0115459274 0 0 0
nt@synapse_cleft 991 0.02488381 -0.00333922473 0.0148859906 0 0 0
nt@synapse_cleft 992 0.0230686179 0.00755328679 0.003217467 0 0 0
nt@synapse_cleft 993 -0.037969497 0.041291903 0.00372757444 0 0 0
nt@synapse_cleft 994 -0.0297841801 -0.013665442 0.00825017003 0 0 0
nt@synapse_cleft 998 -0.00216042584 0.00506107964 0.00382143806 0 0 0
nt@synapse_cleft 999 0.0414949045 -0.0260192863 0.00374029547 0 0 0
nt@synapse_cleft 1002 0.016169627 0.0549657925 0.00307430547 0 0 0
nt@synapse_cleft 1004 -0.0138884032 0.0116181481 0.00244187034 0 0 0
nt@synapse_cleft 1011 0.0215466832 0.0187772285 0.0185199907 0 0 0
nt@synapse_cleft 1013 -0.0316803583 0.0360526074 0.0106706655 0 0 0
nt@synapse_cleft 1016 -0.0328378881 0.0185136879 0.0166342881 0 0 0
nt@synapse_cleft 1018 0.00174723859 -0.0193343371 0.012883678 0 0 0
nt@synapse_cleft 1024 -0.0335040386 -0.00994767651 0.0196541425 0 0 0
nt@synapse_cleft 1025 -0.00211392777 -0.0314964389 0.00526306219 0 0 0
nt@synapse_cleft 1027 0.0145065236 0.0326053846 0.0114692412 0 0 0
nt@synapse_cleft 1035 -0.0246430312 -0.013589099 0.0161448644 0 0 0
nt@synapse_cleft 1047 0.0180861156 -0.0450944335 0.0023712189 0 0 0
nt@synapse_cleft 1048 -0.00117807578 -0.0464007074 0.00530730222 0 0 0
nt@synapse_cleft 1050 -0.000537257412 -0.0428983245 0.00939428992 0 0 0
nt@synapse_cleft 1056 -0.00308434509 0.0507275973 0.00243435779 0 0 0
nt@synapse_cleft 1062 0.0450651479 -0.00639431303 0.0184226861 0 0 0
nt@synapse_cleft 1074 0.0134866195 -0.000641436665 0.0179360489 0 0 0
nt@synapse_cleft 1077 -0.0262538906 -0.0111527585 0.0155659526 0 0 0
nt@synapse_cleft 1080 -0.0224195568 0.018282759 0.0122544093 0 0 0
nt@synapse_cleft 1088 -0.0412495798 -0.0122956019 0.0185817502 0 0 0
nt@synapse_cleft 1092 -0.0189450238 -0.00686015996 0.00621027435 0 0 0
nt@synapse_cleft 1102 -0.0195805557 -0.0172798226 0.0194591189 0 0 0
nt@synapse_cleft 1107 -0.00624749622 0.0117159669 0.00772581236 0 0 0
nt@synapse_cleft 1108 0.0139465431 0.036823205 0.00471454777 0 0 0
nt@synapse_cleft 1110 0.0232614 0.0150788467 0.0137647021 0 0 0
nt@synapse_cleft 1113 -0.0100425276 0.0163061572 0.00427426521 0 0 0
nt@synapse_cleft 1114 0.00779076985 -0.0257519715 0.00127281072 0 0 0
nt@synapse_cleft 1121 0.00468319569 0.0489908246 0.00341131557 0 0 0
nt@synapse_cleft 1127 -0.0149610144 0.00224785706 0.00161895431 0 0 0
nt@synapse_cleft 1130 0.0238065096 -0.0121427561 0.00536599543 0 0 0
nt@synapse_cleft 1136 -0.0128702316 -0.0587834805 0.00620915839 0 0 0
nt@synapse_cleft 1138 0.0126736319 0.00965429854 0.0147064066 0 0 0
nt@synapse_cleft 1140 0.000238834719 -0.0344525674 0.0177662586 0 0 0
nt@synapse_cleft 1144 -0.0180167984 -0.011037125 0.00556706829 0 0 0
nt@synapse_cleft 1145 0.0644796978 -0.0181375059 0.0191566553 0 0 0
nt@synapse_cleft 1149 -0.0188625826 -0.00476107658 0.0160880885 0 0 0
nt@synapse_cleft 1152 0.0216638012 -0.00262959835 0.0196613385 0 0 0
nt@synapse_cleft 1157 0.0313944383 -0.0558550344 0.0190922526 0 0 0
nt@synapse_cleft 1165 0.021972582 0.0348373153 0.00359083173 0 0 0
nt@synapse_cleft 1166 -0.00840290389 0.0032926548 0.005659386 0 0 0
nt@synapse_cleft 1167 0.0461184471 0.0341859521 0.000114236328 0 0 0
nt@synapse_cleft 1172 -0.0107961841 0.00196304207 0.0127129989 0 0 0
nt@synapse_cleft 1177 -0.00758261409 0.0663640347 0.0029488625 0 0 0
nt@synapse_cleft 1179 0.00532837114 -0.0125746029 0.00708960482 0 0 0
nt@synapse_cleft 1186 -0.0612605534 0.00154468474 0.0159159497 0 0 0
nt@synapse_cleft 1188 0.0156546645 -0.0498289042 0.00654365875 0 0 0
nt@synapse_cleft 1192 0.0151950655 -0.0164980117 0.0162545418 0 0 0
nt@synapse_cleft 1193 -0.0284317179 -0.00826728562 0.0154100964 0 0 0
nt@synapse_cleft 1200 -0.0185048729 0.018512756 0.0192487614 0 0 0
nt@synapse_cleft 1203 0.00207046968 0.00259398948 0.00543243793 0 0 0
nt@synapse_cleft 1204 0.00671715758 0.00641922555 0.0191457312 0 0 0
nt@synapse_cleft 1205 -0.0384593074 -0.0191504945 0.0143459216 0 0 0
nt@synapse_cleft 1206 -0.0278890625 -0.00353306093 0.0162270694 0 0 0
nt@synapse_cleft 1218 -0.0155792563 0.0315320258 0.0147337918 0 0 0
nt@synapse_cleft 1219 0.00365996851 0.0139216244 0.0165033438 0 0 0
nt@synapse_cleft 1237 -0.0162700301 -0.0320299589 0.00332783586 0 0 0
nt@synapse_cleft 1238 -0.065526034 -0.0234244167 0.0151730563 0 0 0
nt@synapse_cleft 1243 -0.0190863287 0.00204643872 0.00922510579 0 0 0
nt@synapse_cleft 1248 0.00801647031 0.0434047919 0.00974894985 0 0 0
nt@synapse_cleft 1251 -0.0238381449 0.00658415214 0.0183240291 0 0 0
nt@synapse_cleft 1252 -0.0362626669 0.00837001328 0.00349004001 0 0 0
nt@synapse_cleft 1253 -0.00858156668 -0.0239784306 0.015247241 0 0 0
nt@synapse_cleft 1254 -0.0204067371 0.0270381702 0.005659789 0 0 0
nt@synapse_cleft 1262 0.0102854759 0.00721669433 0.014610483 0 0 0
nt@synapse_cleft 1270 0.0386560608 0.00279496123 0.00417422932 0 0 0
nt@synapse_cleft 1275 -0.0138206812 0.0140909153 0.0100534227 0 0 0
nt@synapse_cleft 1289 0.0456089412 -0.00137123081 0.00286577257 0 0 0
nt@synapse_cleft 1298 0.00171675556 -0.0151886931 0.00073825256 0 0 0
nt@synapse_cleft 1302 -0.0165375278 0.0304930932 0.00220106658 0 0 0
nt@synapse_cleft 1311 0.00614094527 -0.00881988768 0.0165375403 0 0 0
nt@synapse_cleft 1316 -0.0315907377 -0.0299212146 0.0131367955 0 0 0
nt@synapse_cleft 1326 0.016414885 0.0159011025 0.000719647568 0 0 0
nt@synapse_cleft 1328 0.0162507632 0.0128762092 0.00892089826 0 0 0
nt@synapse_cleft 1333 -0.0265697036 0.0302476871 0.00245306272 0 0 0
nt@synapse_cleft 1338 -0.0111819965 0.0089265699 0.00540593001 0 0 0
nt@synapse_cleft 1343 0.0190991962 0.00969506305 0.0166924522 0 0 0
nt@synapse_cleft 1347 -0.0410041068 -0.014897605 0.018794811 0 0 0
nt@synapse_cleft 1348 0.0342087433 -0.0390719323 0.0190926531 0 0 0
nt@synapse_cleft 1349 -0.0154276194 -0.00983811423 0.00850423209 0 0 0
nt@synapse_cleft 1351 0.0400305569 -0.0360349174 0.00103956511 0 0 0
nt@synapse_cleft 1356 0.0183735222 0.00276482209 0.00779801025 0 0 0
nt@synapse_cleft 1359 -0.0198931417 -0.0202302195 0.0188037338 0 0 0
nt@synapse_cleft 1361 -0.0140716888 -0.052496046 0.00214636368 0 0 0
nt@synapse_cleft 1366 0.0234194254 -0.0082696664 0.00820090979 0 0 0
nt@synapse_cleft 1368 0.025928726 0.00603853127 0.00227624022 0 0 0
nt@synapse_cleft 1372 -0.0272068736 0.0531008439 0.00456351839 0 0 0
nt@synapse_cleft 1380 -0.00462920809 0.010206925 0.00941558236 0 0 0
nt@synapse_cleft 1381 0.0228864531 -0.0554126322 0.0191632351 0 0 0
nt@synapse_cleft 1382 0.014762805 0.0177696267 0.00344720696 0 0 0
nt@synapse_cleft 1384 -0.0457090392 -0.011645506 0.0131599652 0 0 0
nt@synapse_cleft 1390 0.0481844124 -0.001728934 0.00319272577 0 0 0
nt@synapse_cleft 1393 -0.0366195296 0.0316190762 0.00498512141 0 0 0
nt@synapse_cleft 1394 0.0168477769 0.0215330405 0.010655931 0 0 0
nt@synapse_cleft 1397 0.0279850516 0.0268672228 0.0162121745 0 0 0
nt@synapse_cleft 1400 -0.0371350578 0.0179198739 0.0091996412 0 0 0
nt@synapse_cleft 1403 0.00759407418 -0.00285487671 0.0147277274 0 0 0
nt@synapse_cleft 1406 0.0571620316 -0.0291486462 0.00679886645 0 0 0
nt@synapse_cleft 1408 -0.00732708752 -0.0148402949 0.0103561926 0 0 0
nt@synapse_cleft 1411 -0.000437452678 0.0130250334 0.0171562234 0 0 0
nt@synapse_cleft 1416 -0.00742410414 0.0228695837 0.00775858408 0 0 0
nt@synapse_cleft 1419 0.0134146414 -0.013260815 0.0124062725 0 0 0
nt@synapse_cleft 1425 0.00158409614 -0.0485140706 0.00828073573 0 0 0
nt@synapse_cleft 1427 -0.0326407099 -0.00367598735 0.0137279839 0 0 0
nt@synapse_cleft 1434 0.0198764414 0.0239936701 0.00787988261 0 0 0
nt@synapse_cleft 1438 -0.00557802807 -0.0263869538 0.00623907364 0 0 0
nt@synapse_cleft 1440 0.0049677691 0.0209358967 0.00334722444 0 0 0
nt@synapse_cleft 1441 -0.0337574576 0.0167603997 0.00293867366 0 0 0
nt@synapse_cleft 1442 -0.00150547628 0.0237244779 0.0175735847 0 0 0
nt@synapse_cleft 1444 -0.0206135007 -0.00580006045 0.0129114572 0 0 0
nt@synapse_cleft 1446 -0.0198829751 -0.0270935852 0.0060478196 0 0 0
nt@synapse_cleft 1449 -0.0277764272 -0.00800827975 0.0100556099 0 0 0
nt@synapse_cleft 1452 -0.0302934978 -0.0256576851 0.00161660158 0 0 0
nt@synapse_cleft 1454 -0.0137806856 0.00736802156 0.0114080292 0 0 0
nt@synapse_cleft 1455 -0.0172411862 0.0126086003 0.0152614318 0 0 0
nt@synapse_cleft 1464 -0.0563662939 0.0147631486 0.00909615936 0 0 0
nt@synapse_cleft 1470 -0.0624594402 -0.0282116281 0.0199246258 0 0 0
nt@synapse_cleft 1472 -0.0447086424 -0.00799804173 0.0142464788 0 0 0
nt@synapse_cleft 1473 0.00808851818 -0.00676040314 0.0133103448 0 0 0
nt@synapse_cleft 1479 -0.0179160636 0.0324759266 0.0182445321 0 0 0
nt@synapse_cleft 1481 0.0182048617 -0.000885191922 0.0179397632 0 0 0
nt@synapse_cleft 1484 -0.0126866917 0.0140870451 0.0176897782 0 0 0
nt@synapse_cleft 1485 -0.01659191 -0.00459295683 0.0079705207 0 0 0
nt@synapse_cleft 1487 -0.0217493637 -0.0403211792 0.00149801719 0 0 0
nt@synapse_cleft 1488 0.0343262463 -0.000739534819 0.00264276132 0 0 0
nt@synapse_cleft 1491 -0.0124835261 -0.0175653678 0.00334322065 0 0 0
nt@synapse_cleft 1494 0.00485634889 0.01169247 0.0188172322 0 0 0
nt@synapse_cleft 1496 -0.00258869002 0.0228743063 0.0184968957 0 0 0
nt@synapse_cleft 1506 0.0172677379 0.00218183273 0.013735279 0 0 0
nt@synapse_cleft 1507 0.00764955627 0.00070677841 0.000209903407 0 0 0
nt@synapse_cleft 1508 0.0175685887 0.0120741935 0.00725409674 0 0 0
nt@synapse_cleft 1512 -0.000240705257 -0.00546094677 0.0079752653 0 0 0
nt@synapse_cleft 1515 0.0133400302 0.0436885209 0.00880728834 0 0 0
nt@synapse_cleft 1519 0.00280238327 -0.00827835255 0.00720495887 0 0 0
nt@synapse_cleft 1526 0.0243461655 -0.0178617885 0.014648389 0 0 0
nt@synapse_cleft 1527 -0.0142803479 0.042451023 0.0130465263 0 0 0
nt@synapse_cleft 1528 -0.043087243 -0.00404430157 0.0127099953 0 0 0
nt@synapse_cleft 1531 0.00142506502 0.0289085961 0.0167310477 0 0 0
nt@synapse_cleft 1538 0.00557194291 0.0220981012 0.0126867595 0 0 0
nt@synapse_cleft 1542 -0.0173568031 0.0233121312 0.00856352129 0 0 0
nt@synapse_cleft 1545 0.00320371529 0.00168142366 0.0136902569 0 0 0
nt@synapse_cleft 1548 -0.0346512997 -0.0197541511 0.0076973187 0 0 0
nt@synapse_cleft 1553 0.0623437305 0.020661597 0.00713675043 0 0 0
nt@synapse_cleft 1554 0.0240476889 0.00544973362 0.00597701141 0 0 0
nt@synapse_cleft 1561 0.00504448861 -0.0531598275 0.00680253944 0 0 0
nt@synapse_cleft 1565 -0.0137418283 -0.00236081808 0.0154229639 0 0 0
nt@synapse_cleft 1571 -0.0150957616 0.00278419472 0.00713222937 0 0 0
nt@synapse_cleft 1573 0.0168503647 0.0276655283 0.0031027095 0 0 0
nt@synapse_cleft 1588 0.00325754244 -0.0151973193 0.0163769195 0 0 0
nt@synapse_cleft 1590 -0.0396256845 0.0404026406 0.0126944337 0 0 0
nt@synapse_cleft 1592 0.00849201745 -0.0237613513 0.00761703634 0 0 0
nt@synapse_cleft 1596 -0.0058464035 -0.0219893976 0.0149079135 0 0 0
nt@synapse_cleft 1597 0.00104066086 0.0366023862 0.0128148955 0 0 0
nt@synapse_cleft 1598 -0.0301606096 -0.000475347265 0.0136825459 0 0 0
nt@synapse_cleft 1600 0.0193448875 -0.0296404092 0.00406166559 0 0 0
nt@synapse_cleft 1605 0.0208052951 6.87367019e-06 0.0137458237 0 0 0
nt@synapse_cleft 1606 -0.0363405488 0.00774927035 0.00520991313 0 0 0
nt@synapse_cleft 1611 -0.0106710754 -0.02993578 0.00115643962 0 0 0
nt@synapse_cleft 1612 -0.0168320494 -0.0079913802 0.00493716614 0 0 0
nt@synapse_cleft 1617 0.00862938488 -0.0259313919 0.00991478496 0 0 0
nt@synapse_cleft 1619 0.0186315593 -0.00270375679 0.0180862305 0 0 0
nt@synapse_cleft 1625 -0.0270294696 0.0232112716 0.00882221615 0 0 0
nt@synapse_cleft 1628 0.0168889226 0.0375729822 0.0158724996 0 0 0
nt@synapse_cleft 1635 0.0181215564 -0.0125118622 0.0110148023 0 0 0
nt@synapse_cleft 1641 0.0304244104 0.0139815681 0.00569132627 0 0 0
nt@synapse_cleft 1642 0.0225965546 -0.0255070419 0.0107237044 0 0 0
nt@synapse_cleft 1655 0.000441072761 0.0161783141 0.00399906442 0 0 0
nt@synapse_cleft 1658 0.0240121193 0.0377025899 0.0158584539 0 0 0
nt@synapse_cleft 1660 0.0205947316 0.0177076925 0.000732324738 0 0 0
nt@synapse_cleft 1675 -0.0349395322 -0.00975354039 0.0162953965 0 0 0
nt@synapse_cleft 1678 -0.00096662654 -0.0113935985 0.00399768651 0 0 0
nt@synapse_cleft 1681 -0.0277028732 0.0114525 0.0126910661 0 0 0
nt@synapse_cleft 1684 0.00241541 -0.0307021033 0.00419160704 0 0 0
nt@synapse_cleft 1686 -0.00497469876 0.00801723736 0.0138422621 0 0 0
nt@synapse_cleft 1687 -0.0288685181 -0.0229288367 0.00281115898 0 0 0
nt@synapse_cleft 1689 0.00620314304 0.0185951755 0.00454149662 0 0 0
nt@synapse_cleft 1692 -0.0202043792 0.019435303 0.0119508698 0 0 0
nt@synapse_cleft 1695 0.0215385786 -0.00904990795 0.00136432641 0 0 0
nt@synapse_cleft 1701 -0.00620235543 0.00910228527 0.019402296 0 0 0
nt@synapse_cleft 1702 0.0221639559 -0.0123640734 0.0193971533 0 0 0
nt@synapse_cleft 1707 -0.0279057209 -0.0102999328 0.00817523171 0 0 0
nt@synapse_cleft 1708 -0.0297590334 0.015788393 0.00298078441 0 0 0
nt@synapse_cleft 1715 0.00645651481 -0.00126113838 0.0122009451 0 0 0
nt@synapse_cleft 1721 -0.0022948791 -0.0307089365 0.0158348582 0 0 0
nt@synapse_cleft 1725 0.0345546376 -0.00147869208 0.0113563951 0 0 0
nt@synapse_cleft 1729 0.00584456572 -0.00557352084 0.0142236396 0 0 0
nt@synapse_cleft 1736 0.0264303895 0.0119937065 0.00830866246 0 0 0
nt@synapse_cleft 1741 0.00210521898 -0.0249494703 0.0168599408 0 0 0
nt@synapse_cleft 1742 0.00642751414 -0.0461480509 0.00484492545 0 0 0
nt@synapse_cleft 1743 0.0377952738 0.0418051684 0.0133915624 0 0 0
nt@synapse_cleft 1745 -0.0347582329 0.0208625767 0.0015963953 0 0 0
nt@synapse_cleft 1746 0.00941497646 -0.00665903771 0.0172793921 0 0 0
nt@synapse_cleft 1748 0.0569211642 0.0142637715 0.0111288933 0 0 0
nt@synapse_cleft 1749 -0.000217558364 -0.00255345596 0.00247089582 0 0 0
nt@synapse_cleft 1751 0.0412283468 0.00610896092 0.0143902257 0 0 0
nt@synapse_cleft 1759 -0.00819869353 -0.00990754237 0.0183804517 0 0 0
nt@synapse_cleft 1761 -0.028631143 0.0116760581 0.0198937456 0 0 0
nt@synapse_cleft 1762 -0.0243961206 -0.0299289737 0.0194049049 0 0 0
nt@synapse_cleft 1763 0.0390657072 -0.0275686772 0.0111998552 0 0 0
nt@synapse_cleft 1768 0.0114119269 -0.0193895313 0.0135834553 0 0 0
nt@synapse_cleft 1775 -0.00450301567 -0.00170879139 0.000306281286 0 0 0
nt@synapse_cleft 1778 0.0467090456 -0.0514628199 0.00419428762 0 0 0
nt@synapse_cleft 1781 -0.0175762351 0.035514341 0.0103001042 0 0 0
nt@synapse_cleft 1793 0.0163411216 0.0337876829 0.0161236453 0 0 0
nt@synapse_cleft 1795 0.0316102207 -0.00677439502 0.012887576 0 0 0
nt@synapse_cleft 1799 -0.0270413792 0.00959201071 0.0107486494 0 0 0
nt@synapse_cleft 1804 0.00778258209 0.000131920252 0.00450375515 0 0 0
nt@synapse_cleft 1805 -0.0116535942 -0.00110103514 0.0103608029 0 0 0
nt@synapse_cleft 1806 -0.00918478915 0.010142576 0.0126872504 0 0 0
nt@synapse_cleft 1810 -0.0517853609 -0.0399822452 0.0159016252 0 0 0
nt@synapse_cleft 1811 -0.000451427755 0.00339383242 0.00555800285 0 0 0
nt@synapse_cleft 1812 -0.00409979057 0.0392771762 0.008568761 0 0 0
nt@synapse_cleft 1815 -0.00550623159 0.0144223506 0.0145170025 0 0 0
nt@synapse_cleft 1824 0.0118285515 0.00768627986 0.0058537169 0 0 0
nt@synapse_cleft 1826 0.0232970018 -0.0131279437 0.0154954852 0 0 0
nt@synapse_cleft 1829 0.0475678895 -0.0176855683 0.0142054267 0 0 0
nt@synapse_cleft 1830 -0.0368719784 -0.00493506257 0.0149319892 0 0 0
nt@synapse_cleft 1837 -0.0350076997 -0.00618954256 0.0125674046 0 0 0
nt@synapse_cleft 1838 -0.0189287178 -0.0320584137 0.00915882641 0 0 0
nt@synapse_cleft 1840 -0.0172126242 -0.00522698534 0.0142115974 0 0 0
nt@synapse_cleft 1843 0.0323998131 -0.00257864855 0.00665775301 0 0 0
nt@synapse_cleft 1846 -0.018999511 -0.00129467197 0.00645080994 0 0 0
nt@synapse_cleft 1849 0.0456797489 0.00155262579 0.0107132844 0 0 0
nt@synapse_cleft 1853 0.0629221607 -0.0145757645 0.0114150042 0 0 0
nt@synapse_cleft 1854 0.00982705619 -0.0106222086 0.000638914579 0 0 0
nt@synapse_cleft 1855 -0.026459161 0.00875324187 0.0103234113 0 0 0
nt@synapse_cleft 1856 0.0160502401 -0.0153542906 0.0112537693 0 0 0
nt@synapse_cleft 1864 -0.00115636894 -0.0198245224 0.0135642618 0 0 0
nt@synapse_cleft 1868 -0.0253072423 0.00357185731 0.00955874264 0 0 0
nt@synapse_cleft 1872 -0.00477981516 -0.00740839013 0.0108477991 0 0 0
nt@synapse_cleft 1873 -0.065870629 -0.00906606102 0.00830970422 0 0 0
nt@synapse_cleft 1875 -0.023604738 0.0164397963 0.000228478161 0 0 0
nt@synapse_cleft 1877 0.00883645002 0.0241198378 0.0193749621 0 0 0
nt@synapse_cleft 1879 0.0580729077 -0.0539621657 0.0143761256 0 0 0
nt@synapse_cleft 1880 -0.0262259411 -0.0273217664 0.0110947793 0 0 0
nt@synapse_cleft 1883 0.0139050108 0.012311945 0.0152625441 0 0 0
nt@synapse_cleft 1885 -0.00662912246 0.0110322171 0.00680742168 0 0 0
nt@synapse_cleft 1887 -0.0115853817 0.0354019109 0.00451378448 0 0 0
nt@synapse_cleft 1892 -0.00135293319 0.009390003 0.0100219187 0 0 0
nt@synapse_cleft 1894 -0.0164316456 0.0177891515 0.0172381838 0 0 0
nt@synapse_cleft 1896 0.0247807336 -0.0107226562 0.00852499566 0 0 0
nt@synapse_cleft 1900 -0.00701912111 -0.0149388904 0.00443657818 0 0 0
nt@synapse_cleft 1904 -0.0337900632 0.0389644935 0.0011472165 0 0 0
nt@synapse_cleft 1914 0.00370414209 0.0139836274 0.00568831874 0 0 0
nt@synapse_cleft 1918 -0.0173114294 0.0544406645 0.0106304382 0 0 0
nt@synapse_cleft 1921 0.00290663281 -0.0193857002 0.00691909959 0 0 0
nt@synapse_cleft 1923 -0.00872995459 0.0289615924 0.0164862336 0 0 0
nt@synapse_cleft 1925 0.000522847452 0.0279811593 0.0127303526 0 0 0
nt@synapse_cleft 1926 0.0181463018 -0.000582130608 0.0144998694 0 0 0
nt@synapse_cleft 1932 0.0161340437 -0.0148613356 0.0161920816 0 0 0
nt@synapse_cleft 1942 0.0256589018 -0.0343521254 0.000791801675 0 0 0
nt@synapse_cleft 1944 0.00389179823 0.0156203382 0.0152231765 0 0 0
nt@synapse_cleft 1946 -0.0156141947 -0.00462619378 0.0102822904 0 0 0
nt@synapse_cleft 1953 -0.0194708038 -0.0222992125 0.00566771368 0 0 0
nt@synapse_cleft 1961 0.034775971 0.0194330141 0.0117518158 0 0 0
nt@synapse_cleft 1964 -0.0127532861 -0.00604523023 0.0103906009 0 0 0
nt@synapse_cleft 1967 0.0206401738 -0.0278460717 0.015570834 0 0 0
nt@synapse_cleft 1970 -0.0154966349 -0.0340493075 0.00551930318 0 0 0
nt@synapse_cleft 1973 0.0293546162 0.0381593542 0.0174092976 0 0 0
nt@synapse_cleft 1976 -0.0310327685 -0.0140089582 0.000309035231 0 0 0
nt@synapse_cleft 1980 -0.0179726956 -0.01709161 0.00913628621 0 0 0
nt@synapse_cleft 1984 -0.0606107182 -0.019217703 0.00173161173 0 0 0
nt@synapse_cleft 1989 -0.019450189 0.0113720403 0.0176634722 0 0 0
nt@synapse_cleft 1990 0.0169163992 0.0219907728 0.00467905038 0 0 0
nt@synapse_cleft 1993 -0.00249009918 -0.0154769756 0.0193181604 0 0 0
nt@synapse_cleft 1997 -0.00215611123 0.0181106519 0.0125094073 0 0 0
nt@synapse_cleft 2004 -0.0196968699 0.0066998083 0.0158207729 0 0 0
nt@synapse_cleft 2007 0.0045242043 0.00965588138 0.0142733385 0 0 0
nt@synapse_cleft 2008 0.0222147296 0.0109087308 0.0168619443 0 0 0
nt@synapse_cleft 2013 -0.0171470718 -0.00809589782 0.00952370451 0 0 0
nt@synapse_cleft 2014 0.0129592368 0.0216633806 0.0121456448 0 0 0
nt@synapse_cleft 2019 0.0226094005 -0.0199646188 0.0170636932 0 0 0
nt@synapse_cleft 2026 0.0534890416 -0.00014836936 0.00758088566 0 0 0
nt@synapse_cleft 2027 -0.00771538247 -0.0271550274 0.00159384416 0 0 0
nt@synapse_cleft 2032 -0.0295612032 -0.00353295237 0.0125648297 0 0 0
nt@synapse_cleft 2035 0.0515159764 0.0169947792 0.00331656708 0 0 0
nt@synapse_cleft 2036 0.0504634724 -0.0220366815 0.0171696715 0 0 0
nt@synapse_cleft 2039 0.0334252858 0.0112567299 0.0188757957 0 0 0
nt@synapse_cleft 2041 0.0355687831 0.00575924339 0.0158620625 0 0 0
nt@synapse_cleft 2044 0.0130694846 -0.0245256668 0.00749834615 0 0 0
nt@synapse_cleft 2052 0.00981067061 -0.0143261286 0.0195135258 0 0 0
nt@synapse_cleft 2058 -0.00748309754 -0.0370186744 0.0195723633 0 0 0
nt@synapse_cleft 2061 0.0118949217 -0.00285737252 0.00416856659 0 0 0
nt@synapse_cleft 2064 0.0235425271 0.030352995 0.00413990776 0 0 0
nt@synapse_cleft 2074 0.00468664767 -0.0433611086 0.0188695769 0 0 0
nt@synapse_cleft 2091 -0.0150016318 0.0188661884 0.0181105079 0 0 0
nt@synapse_cleft 2092 0.0161057532 0.0265289361 0.0132946622 0 0 0
nt@synapse_cleft 2094 -0.00884573362 0.00106823202 0.00687706073 0 0 0
nt@synapse_cleft 2096 -0.00774403448 -0.00446694427 0.000497560361 0 0 0
nt@synapse_cleft 2101 -0.0151885785 -0.0169539067 0.0113726782 0 0 0
nt@synapse_cleft 2104 0.0212049851 0.00291851138 0.017890525 0 0 0
nt@synapse_cleft 2112 -0.0131614636 -0.0204507409 0.00386338949 0 0 0
nt@synapse_cleft 2115 -0.0224025224 0.0061041702 0.0143650502 0 0 0
nt@synapse_cleft 2124 0.00197365317 0.0440062518 0.0120125183 0 0 0
nt@synapse_cleft 2127 0.017815459 0.0152050345 0.00936080567 0 0 0
nt@synapse_cleft 2133 0.0100412344 -0.00620618372 0.00511801553 0 0 0
nt@synapse_cleft 2137 -0.0385811699 0.0450095477 0.000658690631 0 0 0
nt@synapse_cleft 2148 0.0297524971 -0.0499103178 0.00612337852 0 0 0
nt@synapse_cleft 2156 0.0267164907 -0.0276917565 0.0163351709 0 0 0
nt@synapse_cleft 2162 -0.016024619 0.0205281831 0.00892744504 0 0 0
nt@synapse_cleft 2163 0.0163760563 -0.0038630477 0.0158988921 0 0 0
nt@synapse_cleft 2170 0.0233804385 0.0036232178 0.0181866393 0 0 0
nt@synapse_cleft 2177 -0.0129791653 -0.0239569378 0.00158665273 0 0 0
nt@synapse_cleft 2185 -0.00450938321 -0.00767584613 0.00772368809 0 0 0
nt@synapse_cleft 2187 -0.0109443958 0.00697632909 0.00915628606 0 0 0
nt@synapse_cleft 2188 -0.00267030799 0.0395187367 0.00375236008 0 0 0
nt@synapse_cleft 2199 0.00459870115 -0.0217223247 0.00909667594 0 0 0
nt@synapse_cleft 2204 -0.0288241572 -0.00208202123 0.0182760314 0 0 0
nt@synapse_cleft 2206 -0.0178905381 -0.0140623457 0.0160470108 0 0 0
nt@synapse_cleft 2207 0.0292370761 0.00807318505 0.0114412052 0 0 0
nt@synapse_cleft 2217 0.0252903824 -0.0344045392 0.00561999449 0 0 0
nt@synapse_cleft 2218 0.00659285422 0.0127755072 0.0158204501 0 0 0
nt@synapse_cleft 2223 -0.0204128472 0.0202026097 0.00781187917 0 0 0
nt@synapse_cleft 2228 -0.00739053064 0.00757893016 0.00656406526 0 0 0
nt@synapse_cleft 2235 -0.00333928961 -0.0146602805 0.011940827 0 0 0
nt@synapse_cleft 2236 -0.00286459751 0.0202721107 0.0146922167 0 0 0
nt@synapse_cleft 2248 -0.029093342 -0.00236975791 0.00786712766 0 0 0
nt@synapse_cleft 2251 -0.0061133191 -0.00223816273 0.0124919449 0 0 0
nt@synapse_cleft 2254 -0.00813600261 -0.0164747299 0.0124782709 0 0 0
nt@synapse_cleft 2257 -0.00146286472 -0.0014047764 0.00664327581 0 0 0
nt@synapse_cleft 2262 -0.00555629496 0.0305606985 0.01198833 0 0 0
nt@synapse_cleft 2265 0.0302207169 0.0216046525 0.00670846759 0 0 0
nt@synapse_cleft 2269 -0.0371092573 0.018979264 0.00311572911 0 0 0
nt@synapse_cleft 2271 -0.0701373661 0.0237516999 0.0094538408 0 0 0
nt@synapse_cleft 2274 -0.0128659169 0.0366315346 0.00313305351 0 0 0
nt@synapse_cleft 2278 0.0293207248 0.0350755114 0.00679367601 0 0 0
nt@synapse_cleft 2279 -0.00910206731 0.0162261836 0.00953284423 0 0 0
nt@synapse_cleft 2283 0.0282979719 -0.0226948992 0.00802231431 0 0 0
nt@synapse_cleft 2284 0.0279641643 -0.0069801448 0.0123833057 0 0 0
nt@synapse_cleft 2285 -0.0152108982 -0.0119285673 0.0185481499 0 0 0
nt@synapse_cleft 2289 0.00578652533 -0.00275977335 0.00716075959 0 0 0
nt@synapse_cleft 2292 -0.0165870039 0.0064303802 0.0158612123 0 0 0
nt@synapse_cleft 2298 -0.0387861327 -0.0255581935 0.0179545981 0 0 0
nt@synapse_cleft 2306 -0.00331468346 -0.0459061673 0.00637950473 0 0 0
nt@synapse_cleft 2308 -0.0294592637 0.0169218424 0.0095883279 0 0 0
nt@synapse_cleft 2309 -0.00372979857 -0.0101645743 0.0116725361 0 0 0
nt@synapse_cleft 2314 -0.0103693999 -0.0337563614 0.0168680609 0 0 0
nt@synapse_cleft 2317 0.0392406593 0.00486609951 0.00824479243 0 0 0
nt@synapse_cleft 2320 0.0172760376 -0.0326649199 0.00196165254 0 0 0
nt@synapse_cleft 2321 0.0470566161 0.00184053562 0.00298448445 0 0 0
nt@synapse_cleft 2326 0.0213722072 0.0194008382 0.0017577999 0 0 0
nt@synapse_cleft 2327 -0.0313917179 -0.0363383941 0.0122184331 0 0 0
nt@synapse_cleft 2330 -0.0426255364 0.0201682999 0.00936108264 0 0 0
nt@synapse_cleft 2332 -0.0216596445 -0.00311503139 0.0160935051 0 0 0
nt@synapse_cleft 2343 0.0114300429 0.00167944625 0.00322585054 0 0 0
nt@synapse_cleft 2349 0.0365467514 -2.92892026e-05 0.0101775208 0 0 0
nt@synapse_cleft 2367 -0.0225015107 -0.0358778119 0.0127665709 0 0 0
nt@synapse_cleft 2369 -0.0174510839 -0.000696769699 0.00781216394 0 0 0
nt@synapse_cleft 2370 0.00865822149 -0.0151887528 0.00554719233 0 0 0
nt@synapse_cleft 2375 0.00881480199 0.0011941332 0.0186334918 0 0 0
nt@synapse_cleft 2383 0.0194857157 -0.0414665706 0.0147671343 0 0 0
nt@synapse_cleft 2386 -0.0072076501 -0.0179659604 0.00444304178 0 0 0
nt@synapse_cleft 2389 -0.00237158882 -0.0262554998 0.00482371712 0 0 0
nt@synapse_cleft 2397 0.00538116568 -0.0553518434 0.0147706771 0 0 0
nt@synapse_cleft 2400 -0.0242215869 -0.042124272 0.0137098644 0 0 0
nt@synapse_cleft 2410 0.0164313207 -0.00158010717 0.014164944 0 0 0
nt@synapse_cleft 2411 0.0187003719 -0.0424756723 0.00330504327 0 0 0
nt@synapse_cleft 2412 0.00352817615 0.0122024017 0.0139720353 0 0 0
nt@synapse_cleft 2417 -0.0112377269 0.00737104283 0.00384540485 0 0 0
nt@synapse_cleft 2421 -0.00972701786 0.020683133 0.000354230615 0 0 0
nt@synapse_cleft 2423 0.0168681784 -0.0401871675 0.00378460013 0 0 0
nt@synapse_cleft 2437 0.020516703 0.0148480603 0.00595923334 0 0 0
nt@synapse_cleft 2438 0.00763130886 -0.0397204075 0.00521132501 0 0 0
nt@synapse_cleft 2440 -0.0252791242 -0.0233586932 0.0107184326 0 0 0
nt@synapse_cleft 2446 -0.0205687317 0.0187212328 0.00986972078 0 0 0
nt@synapse_cleft 2448 -0.000584801232 -0.00130225364 0.0176593805 0 0 0
nt@synapse_cleft 2456 -0.0204914102 -0.00467389389 0.0196391988 0 0 0
nt@synapse_cleft 2459 0.00262325416 0.0409082822 0.00445336927 0 0 0
nt@synapse_cleft 2462 -0.0100007368 0.0455316633 0.000590929789 0 0 0
nt@synapse_cleft 2463 0.00434172129 -0.0266480893 0.0165686303 0 0 0
nt@synapse_cleft 2468 -0.0526974407 -0.0146977297 0.0111261713 0 0 0
nt@synapse_cleft 2472 0.0450609229 -0.0525704731 0.0199857163 0 0 0
nt@synapse_cleft 2480 -0.0107769346 -0.0117424445 0.00825474922 0 0 0
nt@synapse_cleft 2481 -0.0234608728 -0.0109990901 0.00200755811 0 0 0
nt@synapse_cleft 2483 0.0309409095 0.0181532817 0.0174439284 0 0 0
nt@synapse_cleft 2491 0.0085053927 0.00178403376 0.0192277501 0 0 0
nt@synapse_cleft 2493 0.0227005748 -0.0447080992 0.0101588666 0 0 0
nt@synapse_cleft 2498 0.0111892476 -0.00975758128 0.00266373872 0 0 0
nt@synapse_cleft 2501 -0.00264898137 0.0109554297 0.00147076389 0 0 0
nt@synapse_cleft 2502 0.0183277092 -0.0374268567 0.0166355523 0 0 0
nt@synapse_cleft 2509 -0.00731188639 -0.0244540951 0.0195678222 0 0 0
nt@synapse_cleft 2510 -0.00377485923 0.00071955497 0.0114590354 0 0 0
nt@synapse_cleft 2513 0.00464545151 0.00917924942 0.004453816 0 0 0
nt@synapse_cleft 2517 -0.00572806014 -0.00595889699 0.0193757926 0 0 0
nt@synapse_cleft 2520 0.031209721 0.0213525328 0.00240051164 0 0 0
nt@synapse_cleft 2521 0.00389933387 0.0184936579 0.00228480521 0 0 0
nt@synapse_cleft 2525 0.0242237845 0.00809616173 0.00540989278 0 0 0
nt@synapse_cleft 2528 -0.0100218699 -0.00136777913 0.0158176855 0 0 0
nt@synapse_cleft 2539 -0.0116585713 0.0189477755 0.0155418551 0 0 0
nt@synapse_cleft 2542 0.0197502149 -0.0269323088 0.0134784851 0 0 0
nt@synapse_cleft 2549 -0.0111266993 0.0593627186 0.0163737387 0 0 0
nt@synapse_cleft 2550 0.0369957097 -0.00972576935 0.00597292764 0 0 0
nt@synapse_cleft 2555 0.0523905326 -0.0173802352 5.05858141e-05 0 0 0
nt@synapse_cleft 2560 -0.0275124062 0.0143665363 0.0012722732 0 0 0
nt@synapse_cleft 2561 0.0220704025 0.0420579659 0.00800616923 0 0 0
nt@synapse_cleft 2563 0.00621552009 0.0172544259 0.0161167257 0 0 0
nt@synapse_cleft 2564 -0.0105560057 0.047478387 0.00918509467 0 0 0
nt@synapse_cleft 2566 -0.00138296376 0.002166787 0.00399986306 0 0 0
nt@synapse_cleft 2570 0.0144578874 0.00293557753 0.00431998268 0 0 0
nt@synapse_cleft 2571 0.0105178885 -0.0491529812 0.00525078467 0 0 0
nt@synapse_cleft 2577 0.00600863081 0.026489901 0.0124069806 0 0 0
nt@synapse_cleft 2586 0.0461886906 -0.00780953496 0.0194626613 0 0 0
nt@synapse_cleft 2591 -0.0109658479 -0.00603959808 0.000340233387 0 0 0
nt@synapse_cleft 2593 0.0518164089 0.0478455771 0.0156175836 0 0 0
nt@synapse_cleft 2597 -0.0170234072 0.0109958984 0.00542622586 0 0 0
nt@synapse_cleft 2600 0.0144856394 0.0477184666 0.0124706541 0 0 0
nt@synapse_cleft 2603 0.0142284937 -0.0153569155 0.0146977979 0 0 0
nt@synapse_cleft 2604 0.0292025936 -0.00604740781 0.00625572682 0 0 0
nt@synapse_cleft 2610 -0.000145650735 -0.0307051447 0.00385100864 0 0 0
nt@synapse_cleft 2613 -0.0335577767 -0.024280235 0.0165307229 0 0 0
nt@synapse_cleft 2615 -0.00670982596 -0.0677701855 0.00728133466 0 0 0
nt@synapse_cleft 2617 -0.0167547882 0.0228988142 0.0165905181 0 0 0
nt@synapse_cleft 2623 -0.0170621796 -0.0276718024 0.0111540973 0 0 0
nt@synapse_cleft 2625 -0.0499046276 -0.0225864197 0.00481682693 0 0 0
nt@synapse_cleft 2628 0.0307418425 -0.023120323 0.0183006695 0 0 0
nt@synapse_cleft 2631 -0.00346421922 0.0236930924 0.0145612827 0 0 0
nt@synapse_cleft 2639 0.017176054 -0.00662610808 0.00378301497 0 0 0
nt@synapse_cleft 2641 -0.0181536878 -0.0209372642 0.00627386231 0 0 0
nt@synapse_cleft 2645 0.0129540317 0.0262460697 3.92176257e-05 0 0 0
nt@synapse_cleft 2650 0.0295512703 -0.0132851385 0.00872855175 0 0 0
nt@synapse_cleft 2652 -0.0149278243 0.00385030949 0.0113766618 0 0 0
nt@synapse_cleft 2660 -0.00867398529 -0.0242488354 0.0181327236 0 0 0
nt@synapse_cleft 2670 -0.0368211662 -0.0117943587 0.00314982098 0 0 0
nt@synapse_cleft 2674 -0.0179341623 -0.00179601109 0.00086133758 0 0 0
nt@synapse_cleft 2675 -0.00917050894 0.00636507011 0.0136450948 0 0 0
nt@synapse_cleft 2680 -0.0592573496 -0.0260306696 0.0139571838 0 0 0
nt@synapse_cleft 2681 -0.0294314222 -0.0170153996 0.0100108914 0 0 0
nt@synapse_cleft 2688 -0.055717783 0.0550791584 0.00950063662 0 0 0
nt@synapse_cleft 2692 0.0239196489 -0.0165697176 0.0172616999 0 0 0
nt@synapse_cleft 2702 -0.00518382994 -0.010749141 0.0021385762 0 0 0
nt@synapse_cleft 2708 -0.0379670384 0.00311457388 0.00724930196 0 0 0
nt@synapse_cleft 2709 -0.00582608584 0.0042928849 0.0130606171 0 0 0
nt@synapse_cleft 2710 -0.00406103777 -0.0217889284 0.0100551093 0 0 0
nt@synapse_cleft 2713 -0.00137697338 -0.0256626242 0.0112329124 0 0 0
nt@synapse_cleft 2714 0.0385104309 0.0212092351 0.00775636806 0 0 0
nt@synapse_cleft 2720 0.0131372821 0.0159467817 0.00735754522 0 0 0
nt@synapse_cleft 2724 0.00271228757 -0.00752435432 0.0090812569 0 0 0
nt@synapse_cleft 2729 0.0278791205 -0.00853298839 0.0193477999 0 0 0
nt@synapse_cleft 2734 0.0359914629 0.00187088334 0.019475204 0 0 0
nt@synapse_cleft 2739 0.0338682639 -0.0163372747 0.015599751 0 0 0
nt@synapse_cleft 2743 -0.0024116906 -0.03048069 0.0143094732 0 0 0
nt@synapse_cleft 2750 0.0444510807 -0.0271426353 0.00818020372 0 0 0
nt@synapse_cleft 2752 -0.0213018243 -0.0106499745 0.0182718465 0 0 0
nt@synapse_cleft 2756 0.0321120754 -0.0111914194 0.00598237887 0 0 0
nt@synapse_cleft 2758 -0.00384437205 -0.0184595826 0.0103186203 0 0 0
nt@synapse_cleft 2766 -0.0476097812 0.0255039465 0.017799652 0 0 0
nt@synapse_cleft 2775 0.036570378 -0.0160549504 0.0191390973 0 0 0
nt@synapse_cleft 2785 0.00100755064 0.0270075653 0.00932156102 0 0 0
nt@synapse_cleft 2798 -0.0244183475 0.0101974249 0.0162583274 0 0 0
nt@synapse_cleft 2807 -0.0122625064 0.0162467322 0.0119591472 0 0 0
nt@synapse_cleft 2808 0.015951425 0.0448309063 0.00905079858 0 0 0
nt@synapse_cleft 2815 0.00066857357 0.00296120789 0.0149068864 0 0 0
nt@synapse_cleft 2820 0.0100882365 0.0017133329 0.00731405442 0 0 0
nt@synapse_cleft 2828 0.0228491626 -0.0495406055 0.000610639041 0 0 0
nt@synapse_cleft 2837 -0.00993428173 0.0105855357 0.0127960755 0 0 0
nt@synapse_cleft 2848 0.0108822652 0.0137638217 0.000818574166 0 0 0
nt@synapse_cleft 2854 0.0131718475 -0.00849385548 0.00190585618 0 0 0
nt@synapse_cleft 2855 -0.0222543619 -0.0273158456 0.0013266613 0 0 0
nt@synapse_cleft 2857 0.0197738567 -0.0212361723 0.0101190511 0 0 0
nt@synapse_cleft 2861 -0.0270367291 -0.00244269348 0.00654919748 0 0 0
nt@synapse_cleft 2863 -0.0284020792 0.011360271 0.00235306162 0 0 0
nt@synapse_cleft 2868 0.00382499822 0.0178816591 0.00587330654 0 0 0
nt@synapse_cleft 2871 0.00955759653 -0.0495768643 0.0154234906 0 0 0
nt@synapse_cleft 2875 0.00335985703 0.011123281 0.0141254351 0 0 0
nt@synapse_cleft 2876 -0.0243886928 0.00079116354 0.0166084716 0 0 0
nt@synapse_cleft 2880 0.00437212687 0.0171647285 0.0131892363 0 0 0
nt@synapse_cleft 2884 0.0338328009 -0.0101457042 0.0147733743 0 0 0
nt@synapse_cleft 2887 0.00496802947 -0.0248009946 0.0184654488 0 0 0
nt@synapse_cleft 2894 0.0184866711 0.0190623423 0.00934986193 0 0 0
nt@synapse_cleft 2895 0.063582208 -0.0013606827 0.0173477106 0 0 0
nt@synapse_cleft 2897 0.00915526112 -0.0351751188 0.018114445 0 0 0
nt@synapse_cleft 2905 -0.0134561074 0.0249206474 0.0100786832 0 0 0
nt@synapse_cleft 2909 0.0331785725 -0.0106322176 0.0110004939 0 0 0
nt@synapse_cleft 2910 -0.0427899417 0.0165094007 0.0153821131 0 0 0
nt@synapse_cleft 2912 0.0224784456 -0.00858244595 0.0106215994 0 0 0
nt@synapse_cleft 2915 0.0190918246 -0.0282850944 0.0150458477 0 0 0
nt@synapse_cleft 2918 -0.0104145858 -0.0619390195 0.0137964786 0 0 0
nt@synapse_cleft 2920 0.0168114941 -0.0148258535 0.018367868 0 0 0
nt@synapse_cleft 2921 -0.00206334879 0.0415473941 0.00372089997 0 0 0
nt@synapse_cleft 2922 0.0664229706 -0.0169347525 0.0116143786 0 0 0
nt@synapse_cleft 2925 -0.00891482099 0.022263958 0.0157167281 0 0 0
nt@synapse_cleft 2928 -0.00424544312 0.056947002 0.0102340404 0 0 0
nt@synapse_cleft 2933 -0.0105782082 -0.00941816507 0.0112823879 0 0 0
nt@synapse_cleft 2935 -0.0339795752 -0.00254712447 0.0138821528 0 0 0
nt@synapse_cleft 2938 0.0127121284 -0.0311911844 0.00302769451 0 0 0
nt@synapse_cleft 2940 0.00103112239 -0.0247249287 0.00177973872 0 0 0
nt@synapse_cleft 2945 -0.0289000541 -0.0146323397 0.0129327256 0 0 0
nt@synapse_cleft 2946 0.0114766182 -0.00327003276 0.0123529911 0 0 0
nt@synapse_cleft 2955 -0.0268099781 -0.00731858034 0.00607167288 0 0 0
nt@synapse_cleft 2961 0.0698414845 -0.0302338908 0.00693198704 0 0 0
nt@synapse_cleft 2962 0.0152270862 0.0141940229 0.00999164823 0 0 0
nt@synapse_cleft 2967 -0.0210646632 -0.0494171501 0.0110701237 0 0 0
nt@synapse_cleft 2983 0.00804932782 -0.0544157895 0.00156598815 0 0 0
nt@synapse_cleft 2992 -0.0310009344 0.0243859991 0.00484556186 0 0 0
nt@synapse_cleft 2993 0.000438746061 0.0492299214 6.93048287e-05 0 0 0
nt@synapse_cleft 2997 0.0268691874 -0.0204149988 0.00307530568 0 0 0
nt@synapse_cleft 3006 0.0171140283 0.0264092531 0.01248978 0 0 0
nt@synapse_cleft 3008 0.0149112855 0.0559892182 0.0150116265 0 0 0
nt@synapse_cleft 3012 0.0273820779 -0.00280849959 0.0113060328 0 0 0
nt@synapse_cleft 3019 -0.010107414 -4.57295628e-05 0.00907851082 0 0 0
nt@synapse_cleft 3020 -0.0216748201 -0.0247190073 0.0001710537 0 0 0
nt@synapse_cleft 3024 0.010748426 0.0195781022 0.0106672963 0 0 0
nt@synapse_cleft 3026 -0.0160981031 0.00755822603 0.0112223871 0 0 0
nt@synapse_cleft 3042 -0.00613939304 0.0143984157 0.0115398108 0 0 0
nt@synapse_cleft 3047 0.0278189929 0.0439841489 0.00310751075 0 0 0
nt@synapse_cleft 3057 0.0119419503 -0.0134053183 0.0171785221 0 0 0
nt@synapse_cleft 3061 0.00154517467 0.0286821932 0.0013084254 0 0 0
nt@synapse_cleft 3062 0.00144975952 -0.0174368509 0.00465604256 0 0 0
nt@synapse_cleft 3069 0.0451627616 -0.03403993 0.0107481752 0 0 0
nt@synapse_cleft 3073 0.0008635772 0.0378713492 0.0103325291 0 0 0
nt@synapse_cleft 3078 -0.0242858234 -0.0166401159 0.00438582308 0 0 0
nt@synapse_cleft 3082 0.0173709275 0.0228344449 0.0188500638 0 0 0
nt@synapse_cleft 3089 0.00315964705 -0.00861497188 0.00586534503 0 0 0
nt@synapse_cleft 3096 -0.00345105693 0.0334396202 0.00187331403 0 0 0
nt@synapse_cleft 3097 0.0369577518 0.0167306045 0.00737333822 0 0 0
nt@synapse_cleft 3099 -0.0198878822 0.0196681594 0.0113741314 0 0 0
nt@synapse_cleft 3109 -0.0254308525 0.0207262598 0.0122601142 0 0 0
nt@synapse_cleft 3111 -0.00543625182 -0.0127058128 0.00207267903 0 0 0
nt@synapse_cleft 3113 -0.0125179584 0.0235829799 0.0163712741 0 0 0
nt@synapse_cleft 3114 0.020539497 0.0229679202 0.0159940509 0 0 0
nt@synapse_cleft 3122 -0.00888371103 -0.00335301643 0.00269694205 0 0 0
nt@synapse_cleft 3132 -0.0195988057 -0.00299840993 0.00319337014 0 0 0
nt@synapse_cleft 3134 0.00787399537 0.0271221005 0.0182120106 0 0 0
nt@synapse_cleft 3150 0.0258562464 -0.0671528909 0.0174127918 0 0 0
nt@synapse_cleft 3155 -0.00423665214 0.0190082521 0.0176694661 0 0 0
nt@synapse_cleft 3158 -0.0160917529 0.0009494703 0.000575505791 0 0 0
nt@synapse_cleft 3159 -0.0251517199 0.0184607764 0.0158976795 0 0 0
nt@synapse_cleft 3165 0.022730961 -0.00235093016 0.00888533987 0 0 0
nt@synapse_cleft 3167 0.000767578506 0.0195762606 0.00784811781 0 0 0
nt@synapse_cleft 3177 0.0196925577 -0.0385403974 0.00418584019 0 0 0
nt@synapse_cleft 3178 -0.0102398272 -0.022323302 0.000467585253 0 0 0
nt@synapse_cleft 3179 0.0150139706 -0.0055578387 0.00458594918 0 0 0
nt@synapse_cleft 3181 0.0033093824 0.0264731012 0.0122410424 0 0 0
nt@synapse_cleft 3182 -0.00740289427 -0.0100445462 0.0157029611 0 0 0
nt@synapse_cleft 3183 -0.00358538491 -0.0268042904 0.0193912557 0 0 0
nt@synapse_cleft 3184 0.0050300689 0.0108681381 0.00300545196 0 0 0
nt@synapse_cleft 3185 -0.00518391957 -0.0126889005 0.00452206504 0 0 0
nt@synapse_cleft 3187 -0.0232834768 0.00512758868 0.0181581073 0 0 0
nt@synapse_cleft 3190 0.0203985376 -0.00256492635 0.00497112829 0 0 0
nt@synapse_cleft 3199 -0.000680433983 0.0507046999 0.0159317055 0 0 0
nt@synapse_cleft 3202 0.00546165306 0.033591876 0.0112506328 0 0 0
nt@synapse_cleft 3207 -0.0140256792 -0.00935072226 0.0124953783 0 0 0
nt@synapse_cleft 3211 0.0193810059 0.0101907447 0.00190550832 0 0 0
nt@synapse_cleft 3214 0.00111086821 -0.000758104022 0.0143371372 0 0 0
nt@synapse_cleft 3220 0.0026728272 0.00912055393 0.00605136007 0 0 0
nt@synapse_cleft 3222 -0.0494894455 -0.0165736619 0.00336715326 0 0 0
nt@synapse_cleft 3227 0.0042361399 0.0043273698 0.00469851261 0 0 0
nt@synapse_cleft 3230 -0.0722943951 -0.0218882713 0.000898837986 0 0 0
nt@synapse_cleft 3247 0.01067074 -0.0117267907 0.0191954266 0 0 0
nt@synapse_cleft 3248 -0.0195997501 -0.0318814231 0.0153727224 0 0 0
nt@synapse_cleft 3249 -0.0102436958 0.00746168841 0.000646162786 0 0 0
nt@synapse_cleft 3275 -0.00125364061 -0.0067020825 0.00878880736 0 0 0
nt@synapse_cleft 3304 0.0255603083 0.0623052043 0.011195532 0 0 0
nt@synapse_cleft 3308 -0.0191596479 0.032714954 0.00646134381 0 0 0
nt@synapse_cleft 3312 -0.000969574832 -0.00374302149 0.00274420298 0 0 0
nt@synapse_cleft 3313 -0.00231482961 -0.0188981055 0.0119572341 0 0 0
nt@synapse_cleft 3316 0.0159520854 -0.00247510241 0.0131415591 0 0 0
nt@synapse_cleft 3324 -0.00666125702 -0.00627156202 0.00775560646 0 0 0
nt@synapse_cleft 3326 0.00575387773 -0.0155755852 0.00328036716 0 0 0
nt@synapse_cleft 3327 -0.00280618784 -0.0360895683 0.013103095 0 0 0
nt@synapse_cleft 3334 0.0246639124 0.00652061013 0.0150310893 0 0 0
nt@synapse_cleft 3335 0.0328400592 0.00400440543 0.00886881955 0 0 0
nt@synapse_cleft 3338 0.00797850073 -0.0345137457 0.0122457648 0 0 0
nt@synapse_cleft 3341 0.0261828127 0.00711359448 0.00411537489 0 0 0
nt@synapse_cleft 3342 0.00591889899 -0.00672530709 0.0180187742 0 0 0
nt@synapse_cleft 3347 0.0164814316 -0.0445812892 0.00389085351 0 0 0
nt@synapse_cleft 3354 -0.0130982276 -0.0190126244 0.011109465 0 0 0
nt@synapse_cleft 3367 0.0051731558 0.0231690824 0.0158963343 0 0 0
nt@synapse_cleft 3372 -0.0433146215 -0.0190546838 0.011359232 0 0 0
nt@synapse_cleft 3375 0.045057923 0.024915938 0.0181039612 0 0 0
nt@synapse_cleft 3378 0.0155540398 0.0345362246 0.00189183129 0 0 0
nt@synapse_cleft 3394 -0.00461292779 -0.0180190632 0.0147546948 0 0 0
nt@synapse_cleft 3401 0.0409248589 -0.00839429834 0.0159775026 0 0 0
nt@synapse_cleft 3402 -0.00552581134 -0.0179073672 0.00224505038 0 0 0
nt@synapse_cleft 3404 0.0158985225 -0.0187865539 0.00436556472 0 0 0
nt@synapse_cleft 3405 0.0230372404 0.0290010547 0.00619196964 0 0 0
nt@synapse_cleft 3407 0.0106393843 0.0487719743 0.00868824972 0 0 0
nt@synapse_cleft 3413 0.0191168308 0.0161206876 0.00373545823 0 0 0
nt@synapse_cleft 3415 -0.0199915756 0.0173663597 0.0176188425 0 0 0
nt@synapse_cleft 3419 -0.0280886172 0.02361351 0.00380284374 0 0 0
nt@synapse_cleft 3429 0.0402169256 -0.0189355042 0.0149800035 0 0 0
nt@synapse_cleft 3432 0.0432473863 -0.0620319469 0.00369818319 0 0 0
nt@synapse_cleft 3434 0.0016881754 -0.0226720053 0.0038427853 0 0 0
nt@synapse_cleft 3445 0.0103554067 0.016861408 0.0176431206 0 0 0
nt@synapse_cleft 3451 0.019337325 0.0127488524 0.000231243403 0 0 0
nt@synapse_cleft 3455 0.00285568914 -0.0153206277 0.0153325355 0 0 0
nt@synapse_cleft 3467 -0.0660291986 0.00572269244 0.0119124655 0 0 0
nt@synapse_cleft 3470 0.0209769737 -0.0134488501 0.0174543443 0 0 0
nt@synapse_cleft 3472 -0.0208486878 0.0118240975 0.01920377 0 0 0
nt@synapse_cleft 3474 0.0304815328 -0.00451922172 0.00200448773 0 0 0
nt@synapse_cleft 3482 -0.0701804916 -0.0430421558 0.0154953053 0 0 0
nt@synapse_cleft 3484 -0.0111820358 0.0174290979 0.0083379864 0 0 0
nt@synapse_cleft 3496 -0.000248678659 -0.00308057347 0.0148217205 0 0 0
nt@synapse_cleft 3500 0.0178398029 -0.0301707217 0.017094127 0 0 0
nt@synapse_cleft 3502 0.0323204079 0.0344995567 0.000581454607 0 0 0
nt@synapse_cleft 3507 -0.0190524385 -0.00241141229 0.0190251035 0 0 0
nt@synapse_cleft 3511 0.0217165483 -0.0245774411 0.0170524418 0 0 0
nt@synapse_cleft 3514 -0.00964603912 -0.0128760162 0.0161202318 0 0 0
nt@synapse_cleft 3519 0.0380836229 -0.0337446987 0.0135950618 0 0 0
nt@synapse_cleft 3525 -0.00956051284 -0.0113511884 0.00460298884 0 0 0
nt@synapse_cleft 3526 0.0164467932 -0.0471100613 0.00223677868 0 0 0
nt@synapse_cleft 3535 -0.000715823843 -0.00645736357 0.00428392565 0 0 0
nt@synapse_cleft 3536 -0.00740997345 0.00621699278 0.0114672633 0 0 0
nt@synapse_cleft 3538 -0.019848234 0.0132908331 0.00113518281 0 0 0
nt@synapse_cleft 3542 0.00283160348 0.0437128449 0.00547676052 0 0 0
nt@synapse_cleft 3543 -0.019498489 -0.0074476395 0.00825266008 0 0 0
nt@synapse_cleft 3546 0.00423727339 0.00897725265 0.0131118761 0 0 0
nt@synapse_cleft 3561 -0.0118538848 0.0125783353 0.00452982112 0 0 0
nt@synapse_cleft 3562 -0.0609832633 -0.00139637234 0.00479332323 0 0 0
nt@synapse_cleft 3563 0.00843944072 -0.0146688339 0.0138886248 0 0 0
nt@synapse_cleft 3565 0.0273114136 -0.026954197 0.00744551629 0 0 0
nt@synapse_cleft 3566 -0.00267565099 0.0537158073 0.00443015768 0 0 0
nt@synapse_cleft 3567 0.00657280344 0.0038124512 0.0113174565 0 0 0
nt@synapse_cleft 3568 0.0295392486 -0.0381329742 0.0171373752 0 0 0
nt@synapse_cleft 3569 0.0271471517 -0.0113250451 0.0114653241 0 0 0
nt@synapse_cleft 3575 -0.0142360724 0.005872964 0.00028808132 0 0 0
nt@synapse_cleft 3576 0.0401827798 -0.00441469048 0.0124360186 0 0 0
nt@synapse_cleft 3579 -0.0020369186 -0.0272630126 0.00191710464 0 0 0
nt@synapse_cleft 3583 -0.0106871927 0.00574749451 0.0117411583 0 0 0
nt@synapse_cleft 3592 0.0321993679 0.0309832909 0.0192083366 0 0 0
nt@synapse_cleft 3597 0.0113586635 -0.0377240585 0.012707224 0 0 0
nt@synapse_cleft 3602 -0.0407394415 -0.012785575 0.00855002778 0 0 0
nt@synapse_cleft 3603 -0.0122955075 0.0364425245 0.0163912403 0 0 0
nt@synapse_cleft 3606 -0.0136005357 -0.00237876456 0.0106158333 0 0 0
nt@synapse_cleft 3610 -0.0029147393 0.00834387092 0.00623545828 0 0 0
nt@synapse_cleft 3611 0.0223735495 -0.00341812451 0.00714938711 0 0 0
nt@synapse_cleft 3616 -0.0274996608 0.0400591805 0.0177515549 0 0 0
nt@synapse_cleft 3617 0.00124651236 -0.0560545274 0.0106838111 0 0 0
nt@synapse_cleft 3620 0.00634236221 0.0209140129 0.0147795143 0 0 0
nt@synapse_cleft 3625 0.0227395752 0.00735605395 0.0159923936 0 0 0
nt@synapse_cleft 3630 0.0152672096 0.0241628512 0.0150484181 0 0 0
nt@synapse_cleft 3635 -0.0108511729 0.00710596076 0.0032172041 0 0 0
nt@synapse_cleft 3636 -0.0307836867 -0.00356898146 0.0192979915 0 0 0
nt@synapse_cleft 3637 0.0358389347 0.0241910085 0.00434950725 0 0 0
nt@synapse_cleft 3640 -0.014977117 0.00521782302 0.0155608807 0 0 0
nt@synapse_cleft 3642 -0.018514361 0.00665974474 0.0156904 0 0 0
nt@synapse_cleft 3645 -0.00350854603 -0.0193243098 0.000102548279 0 0 0
nt@synapse_cleft 3656 0.0212349804 -0.0140041673 0.00232440924 0 0 0
nt@synapse_cleft 3658 0.015076931 -0.0255486708 0.0143708042 0 0 0
nt@synapse_cleft 3661 0.0234720613 0.00750703164 0.0149875238 0 0 0
nt@synapse_cleft 3664 0.0452850737 -0.026691216 0.0105554687 0 0 0
nt@synapse_cleft 3667 -0.0186919766 0.00469046066 0.0104829182 0 0 0
nt@synapse_cleft 3670 0.0255202549 -0.0303936586 0.0143523291 0 0 0
nt@synapse_cleft 3681 0.0422616253 -0.0124403395 0.0068752733 0 0 0
nt@synapse_cleft 3689 -0.0127166237 -0.012871063 0.0161777357 0 0 0
nt@synapse_cleft 3690 0.0195916327 -0.017374658 0.0184777194 0 0 0
nt@synapse_cleft 3693 -0.0545288822 -0.0358633225 0.00432812753 0 0 0
nt@synapse_cleft 3706 0.0357563606 0.00145183736 0.0193455242 0 0 0
nt@synapse_cleft 3707 -0.0479794083 -0.00709468206 0.0158717585 0 0 0
nt@synapse_cleft 3713 0.0360923307 -0.0224829917 0.0187928855 0 0 0
nt@synapse_cleft 3714 -0.0649793315 -0.00825709286 0.00827450058 0 0 0
nt@synapse_cleft 3726 0.00813925142 -0.0607051627 0.0103457903 0 0 0
nt@synapse_cleft 3728 0.00262382396 0.023404286 0.00483653049 0 0 0
nt@synapse_cleft 3730 0.0193982272 0.026341525 0.015966405 0 0 0
nt@synapse_cleft 3731 0.000614418557 0.00620725134 0.0143656015 0 0 0
nt@synapse_cleft 3737 0.00711706576 0.0144737102 0.00612831794 0 0 0
nt@synapse_cleft 3738 0.00206466736 0.0202871337 0.0197442046 0 0 0
nt@synapse_cleft 3739 0.0113439163 0.048507208 0.00710283523 0 0 0
nt@synapse_cleft 3745 -0.000251108032 0.0232939606 0.00387793092 0 0 0
nt@synapse_cleft 3751 0.00508201571 -0.0125422602 0.00775372256 0 0 0
nt@synapse_cleft 3758 -0.026373523 -0.0292561763 0.00681266335 0 0 0
nt@synapse_cleft 3759 0.000729626066 -0.0209239782 0.00492754921 0 0 0
nt@synapse_cleft 3760 -0.0108499344 0.0406914629 0.00726458115 0 0 0
nt@synapse_cleft 3763 0.0505635254 0.0368678597 0.00690632187 0 0 0
nt@synapse_cleft 3768 0.0064326193 -0.0209663842 0.0176929639 0 0 0
nt@synapse_cleft 3770 0.0112695371 0.00642050491 0.0165455139 0 0 0
nt@synapse_cleft 3771 0.016487905 0.00524444177 0.0181791648 0 0 0
nt@synapse_cleft 3775 0.00439254909 0.00955342606 0.0142625459 0 0 0
nt@synapse_cleft 3783 -0.0194795027 -0.00614281235 0.0193457675 0 0 0
nt@synapse_cleft 3788 -0.0252775597 -0.0118254922 0.00787504965 0 0 0
nt@synapse_cleft 3793 -0.0196208319 -0.0219965085 0.00940616056 0 0 0
nt@synapse_cleft 3800 0.0340840395 0.00221206153 0.00751219986 0 0 0
nt@synapse_cleft 3802 0.0290856228 0.00888738786 0.00574610102 0 0 0
nt@synapse_cleft 3811 -0.0298185023 -0.00684996077 0.0178736689 0 0 0
nt@synapse_cleft 3821 0.0347189167 0.0304707427 0.0089351799 0 0 0
nt@synapse_cleft 3827 0.00913744567 0.0290980166 0.00955851039 0 0 0
nt@synapse_cleft 3831 0.000105764556 -0.040817099 0.00291388602 0 0 0
nt@synapse_cleft 3834 0.0460769975 -0.0160297867 0.0167969802 0 0 0
nt@synapse_cleft 3835 0.0203639996 -0.0431502694 0.0124620613 0 0 0
nt@synapse_cleft 3841 0.014491969 -0.0220562348 0.0108464704 0 0 0
nt@synapse_cleft 3844 -0.0171678315 -0.00376872164 0.00288901221 0 0 0
nt@synapse_cleft 3846 -0.0208006645 0.0168290683 0.0081232071 0 0 0
nt@synapse_cleft 3848 0.027300649 0.0127892129 0.0122653495 0 0 0
nt@synapse_cleft 3850 -0.0254766837 0.0082337948 0.012572203 0 0 0
nt@synapse_cleft 3859 0.0459167269 0.000282643674 0.0151274112 0 0 0
nt@synapse_cleft 3879 0.0201929729 -0.0364292944 0.00281901519 0 0 0
nt@synapse_cleft 3886 0.0178644264 0.0406802597 0.0164380053 0 0 0
nt@synapse_cleft 3891 -0.000517497496 -0.0168047944 0.0124993508 0 0 0
nt@synapse_cleft 3902 -0.00891988223 -0.00354552891 0.00690274664 0 0 0
nt@synapse_cleft 3907 -0.0280855546 -0.0235548569 0.00247227088 0 0 0
nt@synapse_cleft 3909 0.00982657758 0.0375814992 0.0057562779 0 0 0
nt@synapse_cleft 3917 -0.00329743059 -0.0216084305 0.00316261821 0 0 0
nt@synapse_cleft 3918 -0.00602429809 -0.0038233884 0.00234268532 0 0 0
nt@synapse_cleft 3921 0.0238049052 0.0330772027 0.0141431627 0 0 0
nt@synapse_cleft 3927 0.00769285409 0.0250736773 0.00130409488 0 0 0
nt@synapse_cleft 3932 0.0086295157 -0.00529611483 0.00786584371 0 0 0
nt@synapse_cleft 3940 0.000682506425 -0.0275458075 0.00460589589 0 0 0
nt@synapse_cleft 3941 -0.0200535007 0.0144526397 0.00235883617 0 0 0
nt@synapse_cleft 3949 -0.0226635165 0.00120202863 0.00459584325 0 0 0
nt@synapse_cleft 3952 -0.0199515406 0.0086915486 0.00687909981 0 0 0
nt@synapse_cleft 3953 0.00844413793 -0.0146595855 0.0015347476 0 0 0
nt@synapse_cleft 3956 -0.0183980054 -0.0171085419 0.0152014527 0 0 0
nt@synapse_cleft 3957 0.0357443654 -0.000680923183 0.0187692631 0 0 0
nt@synapse_cleft 3958 0.0219908841 0.0154354522 0.0132295389 0 0 0
nt@synapse_cleft 3962 -0.0304117643 0.0200958435 0.00734812518 0 0 0
nt@synapse_cleft 3963 0.0161709192 0.0399018451 0.0199314501 0 0 0
nt@synapse_cleft 3965 -0.0291919753 -0.00241704945 0.00776193318 0 0 0
nt@synapse_cleft 3967 0.0139297263 -0.0173239196 0.00033275289 0 0 0
nt@synapse_cleft 3968 0.0120114395 -0.00572038446 0.0194763672 0 0 0
nt@synapse_cleft 3969 0.0124793211 -0.0258215166 0.0106389361 0 0 0
nt@synapse_cleft 3973 0.020615095 -0.00608962105 0.0142248237 0 0 0
nt@synapse_cleft 3974 -0.0304854131 0.041449503 0.0128146471 0 0 0
nt@synapse_cleft 3977 0.000223048866 0.0260129903 0.00207548404 0 0 0
nt@synapse_cleft 3978 0.0140343853 0.00563549893 0.0149250073 0 0 0
nt@synapse_cleft 3983 -0.0216621571 -0.0346527393 0.00334743733 0 0 0
nt@synapse_cleft 3988 -0.0127807257 -0.020771911 0.0148687301 0 0 0
nt@synapse_cleft 3989 0.0499801718 0.000154174228 0.00993452325 0 0 0
nt@synapse_cleft 3991 0.0700200251 -0.0191858121 4.74620641e-05 0 0 0
nt@synapse_cleft 3992 0.000930266851 0.0072596932 0.014609609 0 0 0
nt@synapse_cleft 3993 -0.0367618313 0.010924345 0.0129083918 0 0 0
nt@synapse_cleft 3997 -0.0584547351 -0.00613924779 0.0124538718 0 0 0
nt@synapse_cleft 3999 -0.0368786553 -0.0112768719 0.01992132 0 0 0
nt@synapse_cleft 4009 -0.000526608091 -0.0239714949 0.00781478609 0 0 0
nt@synapse_cleft 4011 0.0138612843 0.00364381661 0.00368695491 0 0 0
nt@synapse_cleft 4016 -0.00428781505 0.0567485457 0.00232074862 0 0 0
nt@synapse_cleft 4018 0.007476497 0.00404175912 0.00648811934 0 0 0
nt@synapse_cleft 4024 -0.00805954256 0.03289835 0.00883716545 0 0 0
nt@synapse_cleft 4025 -0.0300311704 -0.00137518915 0.00500484709 0 0 0
nt@synapse_cleft 4027 0.00981750221 -0.0192073278 0.00290972325 0 0 0
nt@synapse_cleft 4028 -0.022328723 0.0277620827 0.00812553389 0 0 0
nt@synapse_cleft 4033 -0.0147645605 -0.0215296796 0.00648243328 0 0 0
nt@synapse_cleft 4037 -0.0239647375 0.0288960896 0.013346971 0 0 0
nt@synapse_cleft 4040 0.00608536823 0.0160474043 0.0185856106 0 0 0
nt@synapse_cleft 4047 -0.00586700176 0.0138577343 0.0127243531 0 0 0
nt@synapse_cleft 4049 0.0229775905 0.00351073543 0.0112148606 0 0 0
nt@synapse_cleft 4051 0.0138142361 0.018162745 0.0159382307 0 0 0
nt@synapse_cleft 4064 0.0098259359 0.00760866719 0.00989297783 0 0 0
nt@synapse_cleft 4070 -0.00640142335 0.0177350219 0.0145062954 0 0 0
nt@synapse_cleft 4071 -0.0407381092 -0.0385344836 0.0188981635 0 0 0
nt@synapse_cleft 4087 -0.00729345932 0.0385849078 0.00525860476 0 0 0
nt@synapse_cleft 4094 0.0333618405 -0.0330728752 0.00778885915 0 0 0
nt@synapse_cleft 4095 0.0174838458 0.0138309651 0.0179714779 0 0 0
nt@synapse_cleft 4099 -0.00851930674 0.0229531171 0.0015416085 0 0 0
nt@synapse_cleft 4102 0.0253246036 -0.0236125864 0.0157564693 0 0 0
nt@synapse_cleft 4103 0.0007263959 -0.00177894594 0.00735357537 0 0 0
nt@synapse_cleft 4106 0.0186718377 0.0145118435 0.00577745449 0 0 0
nt@synapse_cleft 4110 -0.0248332813 0.0199618594 0.00593277377 0 0 0
nt@synapse_cleft 4111 0.0479922931 0.00534611583 0.00324892085 0 0 0
nt@synapse_cleft 4115 -0.00232558288 0.0184626081 0.00906698809 0 0 0
nt@synapse_cleft 4116 0.0112080579 -1.91875657e-05 0.00790872554 0 0 0
nt@synapse_cleft 4119 0.0264366321 -0.0354800228 0.0183565074 0 0 0
nt@synapse_cleft 4123 0.00761485859 0.0162234218 0.0148651881 0 0 0
nt@synapse_cleft 4126 0.0246165075 -0.0229970237 0.0165139604 0 0 0
nt@synapse_cleft 4129 -0.0239246966 0.00586134685 0.0047061636 0 0 0
nt@synapse_cleft 4131 -0.0243769078 0.0216512833 0.0170435309 0 0 0
nt@synapse_cleft 4132 0.0202057598 0.0201643538 0.0185767339 0 0 0
nt@synapse_cleft 4135 0.00605680731 -0.0106846817 0.00199424983 0 0 0
nt@synapse_cleft 4144 0.0144368966 -0.00733909689 0.00068089356 0 0 0
nt@synapse_cleft 4150 -0.0393435914 -0.0604353189 0.00789674043 0 0 0
nt@synapse_cleft 4153 -0.003708371 -0.0218593276 0.00667634613 0 0 0
nt@synapse_cleft 4155 0.0146538147 -0.0501198025 0.0193058896 0 0 0
nt@synapse_cleft 4156 0.0327982743 -0.00105784053 0.00925067718 0 0 0
nt@synapse_cleft 4157 0.00691536454 0.0189775923 0.0157717372 0 0 0
nt@synapse_cleft 4158 0.00335618508 -0.00124666215 0.0110884295 0 0 0
nt@synapse_cleft 4162 0.0279456607 -0.0219511827 0.00318478398 0 0 0
nt@synapse_cleft 4163 -0.00524267433 0.0362003719 0.00608804085 0 0 0
nt@synapse_cleft 4170 -0.0564340455 -0.00126691742 0.00988114559 0 0 0
nt@synapse_cleft 4177 -0.0397261217 0.0568431574 0.0078299119 0 0 0
nt@synapse_cleft 4178 -0.015767613 -0.0435599539 0.00475113941 0 0 0
nt@synapse_cleft 4184 0.00704382417 -0.0137404343 0.00518871925 0 0 0
nt@synapse_cleft 4187 -0.0276932675 -0.0107719416 0.0113217876 0 0 0
nt@synapse_cleft 4193 -0.00790294896 -0.0291240156 0.0188857039 0 0 0
nt@synapse_cleft 4196 -0.0260357202 0.0108207046 0.000992191594 0 0 0
nt@synapse_cleft 4210 0.0171204827 0.000652552626 0.0140696461 0 0 0
nt@synapse_cleft 4214 -0.0386065148 0.0031869036 0.0129820155 0 0 0
nt@synapse_cleft 4215 0.0213722046 -0.0488720861 0.0049279148 0 0 0
nt@synapse_cleft 4220 0.00333244604 -0.0221976687 0.016199151 0 0 0
nt@synapse_cleft 4228 0.0335559856 -0.00780049524 0.0105160718 0 0 0
nt@synapse_cleft 4229 -0.0187670323 -0.0180802694 0.0168709195 0 0 0
nt@synapse_cleft 4230 -0.0143130098 0.0297888576 0.0114048569 0 0 0
nt@synapse_cleft 4233 0.0175611388 0.0282336738 0.011268551 0 0 0
nt@synapse_cleft 4234 -0.00589505011 -0.0127063676 0.00134284164 0 0 0
nt@synapse_cleft 4236 -0.0059421479 0.013623022 0.0186586546 0 0 0
nt@synapse_cleft 4237 0.00569044419 -0.0166532967 0.0179087414 0 0 0
nt@synapse_cleft 4238 -0.0202172615 -0.0244982991 0.00223722953 0 0 0
nt@synapse_cleft 4241 -0.037066733 0.00110739494 0.00862448436 0 0 0
nt@synapse_cleft 4242 0.0217315172 -0.00597631748 0.0189612519 0 0 0
nt@synapse_cleft 4243 0.0203879643 0.000907342138 0.0124394174 0 0 0
nt@synapse_cleft 4252 0.0492373895 -0.0146668229 0.00950588583 0 0 0
nt@synapse_cleft 4254 -0.00165142647 0.037086904 0.0114762039 0 0 0
nt@synapse_cleft 4255 -0.0261635448 -0.0376569227 0.0177547738 0 0 0
nt@synapse_cleft 4262 0.0390616145 -0.000677415304 0.00700866652 0 0 0
nt@synapse_cleft 4271 0.0121621455 -0.0150903445 0.0158678519 0 0 0
nt@synapse_cleft 4272 -0.0105537623 0.0271018009 0.0110090791 0 0 0
nt@synapse_cleft 4279 0.00717595949 -0.0322497494 0.017935574 0 0 0
nt@synapse_cleft 4283 -0.0216098129 -0.00372655736 0.00838773797 0 0 0
nt@synapse_cleft 4284 0.0461147213 -0.016371573 0.00592338097 0 0 0
nt@synapse_cleft 4285 -0.028435207 0.0457456795 0.00396258135 0 0 0
nt@synapse_cleft 4288 0.0178893001 -0.024131389 0.0162684095 0 0 0
nt@synapse_cleft 4293 0.000472990494 -0.0205367501 0.00921897487 0 0 0
nt@synapse_cleft 4297 0.0378830714 -0.0180874058 0.0033892703 0 0 0
nt@synapse_cleft 4301 0.0101886221 -0.0127666498 0.00555567213 0 0 0
nt@synapse_cleft 4312 -0.020996617 -0.0249378774 0.0144271544 0 0 0
nt@synapse_cleft 4317 -0.0121011178 0.02832726 0.00776102647 0 0 0
nt@synapse_cleft 4326 0.0243326739 -0.0105100111 0.00769575286 0 0 0
nt@synapse_cleft 4330 -0.0159440293 0.0096292099 0.00751905047 0 0 0
nt@synapse_cleft 4334 0.00363417952 -0.000516472195 0.0018660204 0 0 0
nt@synapse_cleft 4339 -0.00889807036 -0.0151285506 0.00853145708 0 0 0
nt@synapse_cleft 4343 -0.0154138707 -0.0434185264 0.0186394129 0 0 0
nt@synapse_cleft 4346 -0.0056877185 -0.013119802 0.013775533 0 0 0
nt@synapse_cleft 4351 0.0504057082 0.00559012535 0.00396641378 0 0 0
nt@synapse_cleft 4359 0.0228055671 0.0174811816 0.00523496154 0 0 0
nt@synapse_cleft 4360 0.0224119573 0.00349589778 0.0194709468 0 0 0
nt@synapse_cleft 4363 -0.0412036293 0.00343619891 0.00988648777 0 0 0
nt@synapse_cleft 4365 0.0174209911 0.0103497692 0.0145164882 0 0 0
nt@synapse_cleft 4372 -0.00119475966 -0.0143743754 0.00696131495 0 0 0
nt@synapse_cleft 4374 -0.0172333907 -0.0116559831 0.0167947233 0 0 0
nt@synapse_cleft 4376 -0.0249991386 0.00112751343 0.00216311739 0 0 0
nt@synapse_cleft 4381 -0.019599648 -0.0367621385 0.00182738877 0 0 0
nt@synapse_cleft 4386 -0.0180762938 -0.0352738025 0.000525239742 0 0 0
nt@synapse_cleft 4391 0.0126832964 -0.0305440176 0.00650368547 0 0 0
nt@synapse_cleft 4392 -0.0124096557 -0.00142983548 0.00027155402 0 0 0
nt@synapse_cleft 4394 0.0143214724 -0.0164449607 0.00341696411 0 0 0
nt@synapse_cleft 4395 0.0262548404 -0.0287061898 0.0141495246 0 0 0
nt@synapse_cleft 4396 0.0145373523 -0.0411895056 0.0122400905 0 0 0
nt@synapse_cleft 4398 -0.013059938 0.013450839 0.014426337 0 0 0
nt@synapse_cleft 4399 0.034348151 0.0300771373 0.0149536953 0 0 0
nt@synapse_cleft 4403 -0.0205008963 -0.0184577295 0.0112986227 0 0 0
nt@synapse_cleft 4405 -0.0289358482 -0.0184208486 0.0031896468 0 0 0
nt@synapse_cleft 4407 0.0390184568 -0.0428980544 0.0138234875 0 0 0
nt@synapse_cleft 4414 0.0123917355 -0.0236298629 0.00461577549 0 0 0
nt@synapse_cleft 4416 -0.0128200953 0.00900905889 0.0135581189 0 0 0
nt@synapse_cleft 4423 0.0303689915 -0.0108556821 0.0128815153 0 0 0
nt@synapse_cleft 4424 -0.02500916 -0.00935045965 0.00427409665 0 0 0
nt@synapse_cleft 4426 0.0139944548 -0.0165253725 0.014871223 0 0 0
nt@synapse_cleft 4430 -0.0134487331 0.00479081012 0.00989063341 0 0 0
nt@synapse_cleft 4431 0.0118363718 -0.0185724496 0.00506234789 0 0 0
nt@synapse_cleft 4434 0.0269974472 -0.0334049506 0.0170328121 0 0 0
nt@synapse_cleft 4436 0.0276474065 0.0217336579 0.0100585305 0 0 0
nt@synapse_cleft 4446 0.00893878543 0.0427558515 0.0176565049 0 0 0
nt@synapse_cleft 4449 0.0358813969 0.0481313772 0.0185610492 0 0 0
nt@synapse_cleft 4453 -0.03900598 0.0195608447 0.00737695474 0 0 0
nt@synapse_cleft 4464 0.0022652052 -0.0281334311 0.0199322694 0 0 0
nt@synapse_cleft 4470 -0.00801549332 -0.0246699917 0.0185509469 0 0 0
nt@synapse_cleft 4473 -0.00426389007 -0.0118130163 0.000844945586 0 0 0
nt@synapse_cleft 4478 -0.0153668885 0.0307816669 0.0192489839 0 0 0
nt@synapse_cleft 4480 0.00733306258 0.0265620647 0.0126497785 0 0 0
nt@synapse_cleft 4482 -0.0201795647 -0.00120328613 0.00577338097 0 0 0
nt@synapse_cleft 4485 0.0187168373 -0.0107343248 0.0022797028 0 0 0
nt@synapse_cleft 4488 0.0242791612 0.00398207992 0.0176676798 0 0 0
nt@synapse_cleft 4489 0.00899217407 0.000313394764 0.00124275325 0 0 0
nt@synapse_cleft 4491 -0.00124537837 0.0343171275 0.0116298738 0 0 0
nt@synapse_cleft 4496 -0.0574312084 0.0410301766 0.0144560833 0 0 0
nt@synapse_cleft 4499 -0.00457120916 -0.00261424921 0.0121639709 0 0 0
nt@synapse_cleft 4501 0.0068924969 0.00736987235 0.0148809306 0 0 0
nt@synapse_cleft 4514 -0.00337958463 0.0142652477 0.00580203887 0 0 0
nt@synapse_cleft 4517 -0.0383050546 0.0304444501 0.00346194917 0 0 0
nt@synapse_cleft 4524 0.00399551249 -0.0376830093 0.0164567702 0 0 0
nt@synapse_cleft 4527 0.0290499318 -0.0181497723 0.00795325367 0 0 0
nt@synapse_cleft 4533 0.00660864435 -0.0122419882 0.000275621006 0 0 0
nt@synapse_cleft 4538 -0.0387076201 -0.0333160886 0.0112968719 0 0 0
nt@synapse_cleft 4540 0.0253405476 -0.00253013376 0.00726783167 0 0 0
nt@synapse_cleft 4542 -0.000290517581 0.0286523731 0.0026124086 0 0 0
nt@synapse_cleft 4545 -0.0155490399 0.0227130897 0.0160196404 0 0 0
nt@synapse_cleft 4551 -0.0102303862 0.01942031 0.0183403323 0 0 0
nt@synapse_cleft 4553 -0.0329600491 0.00430671626 0.0165575874 0 0 0
nt@synapse_cleft 4559 -0.0146447657 0.028123304 0.0114010329 0 0 0
nt@synapse_cleft 4565 -0.0408330343 -0.0160644876 0.0138223838 0 0 0
nt@synapse_cleft 4572 -0.00276292298 -0.00312281752 0.00810476182 0 0 0
nt@synapse_cleft 4574 0.0311432337 -0.0194637413 0.00422847534 0 0 0
nt@synapse_cleft 4576 -0.0469422335 -0.0250689222 0.00959567983 0 0 0
nt@synapse_cleft 4583 -0.00623585907 -0.00543982791 0.012951815 0 0 0
nt@synapse_cleft 4587 0.0187906996 -0.00158864813 0.0148753967 0 0 0
nt@synapse_cleft 4590 -0.0452717178 -0.022648409 0.0116209781 0 0 0
nt@synapse_cleft 4593 -0.0430747527 0.048082396 0.0127028392 0 0 0
nt@synapse_cleft 4594 0.00578033616 0.00102708494 0.000892106962 0 0 0
nt@synapse_cleft 4595 0.0334424581 -0.0308265716 0.018402102 0 0 0
nt@synapse_cleft 4600 -0.0330658473 0.0035929917 0.00746577258 0 0 0
nt@synapse_cleft 4613 0.0528473065 -0.00886275091 0.00333401222 0 0 0
nt@synapse_cleft 4620 0.00513301631 -0.00817391768 0.0130594143 0 0 0
nt@synapse_cleft 4622 0.0511334697 0.045398706 0.0029289745 0 0 0
nt@synapse_cleft 4624 0.0189383241 -0.0149260621 0.0120443347 0 0 0
nt@synapse_cleft 4626 0.0234113073 -0.00120186761 0.0171661947 0 0 0
nt@synapse_cleft 4628 0.000655801917 0.00785525384 0.0064333983 0 0 0
nt@synapse_cleft 4641 0.0168776321 -0.0040002473 0.000463579161 0 0 0
nt@synapse_cleft 4654 0.00846209944 -0.0371889506 0.0137473075 0 0 0
nt@synapse_cleft 4658 -0.0260987746 0.0273823929 0.0130489341 0 0 0
nt@synapse_cleft 4659 -0.0505359609 0.0204701543 0.0145954078 0 0 0
nt@synapse_cleft 4660 0.0294352686 -0.0291413311 0.00100606214 0 0 0
nt@synapse_cleft 4661 0.0202840227 -0.0356356092 0.00488407032 0 0 0
nt@synapse_cleft 4664 0.010623702 -0.00843927422 0.00401150306 0 0 0
nt@synapse_cleft 4666 0.0592475392 0.0197615404 0.0185735453 0 0 0
nt@synapse_cleft 4671 -0.00723359217 -0.0191031194 0.0064558182 0 0 0
nt@synapse_cleft 4681 0.0086724671 -0.029290653 0.0122843606 0 0 0
nt@synapse_cleft 4687 0.00395475964 -0.00744490173 0.00927120215 0 0 0
nt@synapse_cleft 4699 -0.0355718452 0.0123849247 0.00502593937 0 0 0
nt@synapse_cleft 4700 -0.0358028267 0.0608764033 0.0191495799 0 0 0
nt@synapse_cleft 4701 0.0220602592 0.0184969794 0.0144847248 0 0 0
nt@synapse_cleft 4706 0.00858890905 -0.00867627534 0.00734385081 0 0 0
nt@synapse_cleft 4709 -0.0105823884 0.00924886221 0.00313268445 0 0 0
nt@synapse_cleft 4710 -0.0208327021 -0.0488127574 0.00177163015 0 0 0
nt@synapse_cleft 4718 0.0401338756 0.0104025405 0.00127515263 0 0 0
nt@synapse_cleft 4732 -0.018977922 0.0177040964 0.0137157495 0 0 0
nt@synapse_cleft 4736 0.00374276297 -0.00600533758 0.00214557411 0 0 0
nt@synapse_cleft 4746 -0.0472278331 0.00220192924 0.00543284086 0 0 0
nt@synapse_cleft 4750 0.013523391 -0.0612693182 0.0131180941 0 0 0
nt@synapse_cleft 4753 -0.0125265927 -0.00300642386 0.0107720503 0 0 0
nt@synapse_cleft 4754 -0.0115949624 0.00975553107 0.0107364487 0 0 0
nt@synapse_cleft 4756 -0.0156354774 0.014392484 0.0137999846 0 0 0
nt@synapse_cleft 4758 -0.037726429 0.0099799532 0.013957946 0 0 0
nt@synapse_cleft 4764 0.0100314951 -0.0141489092 0.00451894279 0 0 0
nt@synapse_cleft 4767 0.00886269293 0.0261404555 0.00554190763 0 0 0
nt@synapse_cleft 4779 0.030221574 -0.0296508349 0.00955792066 0 0 0
nt@synapse_cleft 4784 0.0198053521 0.00397552483 0.0137822846 0 0 0
nt@synapse_cleft 4786 -0.0121419052 0.0115389317 0.0100738344 0 0 0
nt@synapse_cleft 4791 0.0341230931 -0.00978799365 0.00486502039 0 0 0
nt@synapse_cleft 4793 -0.028854759 0.0195026852 0.0169389174 0 0 0
nt@synapse_cleft 4800 0.0152963544 -0.00951312557 0.00179359464 0 0 0
nt@synapse_cleft 4801 -0.0227066858 0.00710170311 0.00599169016 0 0 0
nt@synapse_cleft 4807 0.00513230513 -0.0126664402 0.0142200831 0 0 0
nt@synapse_cleft 4809 -0.0343006622 -0.0392071552 0.0136597754 0 0 0
nt@synapse_cleft 4812 -0.0128809839 -0.053392893 0.00633345737 0 0 0
nt@synapse_cleft 4814 -0.0286466247 0.0265143412 0.00617690694 0 0 0
nt@synapse_cleft 4816 -0.0325685979 -0.012565208 0.0145236127 0 0 0
nt@synapse_cleft 4822 -0.000335367732 -0.0215249267 0.00553587385 0 0 0
nt@synapse_cleft 4823 -0.00863598612 0.00803825666 0.0121408372 0 0 0
nt@synapse_cleft 4824 0.00384676626 -0.0272366006 0.00516119059 0 0 0
nt@synapse_cleft 4829 0.0280608818 -0.0612321597 0.0136377476 0 0 0
nt@synapse_cleft 4830 -0.0166391267 0.0159965125 0.0137660402 0 0 0
nt@synapse_cleft 4833 -0.0170281581 -0.0241554252 0.0182351954 0 0 0
nt@synapse_cleft 4838 -0.00568504297 0.0263153989 0.0168381358 0 0 0
nt@synapse_cleft 4839 0.00819386606 0.00106039589 0.0127944182 0 0 0
nt@synapse_cleft 4844 0.0561060328 -0.0156494059 0.0190191272 0 0 0
nt@synapse_cleft 4852 -0.0286002195 -0.00838649655 0.0127170373 0 0 0
nt@synapse_cleft 4855 0.0246318253 0.00869738186 0.0159206626 0 0 0
nt@synapse_cleft 4869 -0.0345029468 0.0133613874 0.0197919421 0 0 0
nt@synapse_cleft 4871 0.0249372616 0.0119163618 0.0028923424 0 0 0
nt@synapse_cleft 4880 -0.0171002661 -0.0127854119 0.0177506035 0 0 0
nt@synapse_cleft 4882 -0.016964322 -0.0296490669 0.00332360242 0 0 0
nt@synapse_cleft 4883 -0.0311802558 0.00871537116 0.0148479996 0 0 0
nt@synapse_cleft 4890 -0.00858530024 0.00294534479 0.0108772264 0 0 0
nt@synapse_cleft 4891 -0.0103832762 -0.0151090708 0.010711637 0 0 0
nt@synapse_cleft 4892 -0.0156637683 0.0195792404 0.0131960623 0 0 0
nt@synapse_cleft 4896 -0.00688613883 -0.0260706769 0.0162750721 0 0 0
nt@synapse_cleft 4897 0.036739884 -0.0223379611 0.000462987504 0 0 0
nt@synapse_cleft 4901 0.0077354621 0.0128853031 0.0024222398 0 0 0
nt@synapse_cleft 4905 -0.0129986065 -0.0128230047 0.0096927387 0 0 0
nt@synapse_cleft 4906 0.00228407987 -0.0246811896 0.00772364696 0 0 0
nt@synapse_cleft 4918 -0.0135943968 0.0149735559 0.00956447642 0 0 0
nt@synapse_cleft 4919 0.0105105014 0.00283228107 0.0101954703 0 0 0
nt@synapse_cleft 4925 0.016926702 0.00381907603 0.0176429391 0 0 0
nt@synapse_cleft 4928 -0.000941693139 0.0553857043 0.00621379864 0 0 0
nt@synapse_cleft 4931 0.014513588 -0.00997150097 0.0105744963 0 0 0
nt@synapse_cleft 4937 -0.05355619 -0.00028096191 0.00307530596 0 0 0
nt@synapse_cleft 4946 -0.0215669647 0.0180587524 0.00626210378 0 0 0
nt@synapse_cleft 4956 0.0110031965 -0.00634308488 0.00528693913 0 0 0
nt@synapse_cleft 4967 -0.00419763896 0.00948777028 0.00364887116 0 0 0
nt@synapse_cleft 4972 0.0267897981 -0.0265358509 0.0176978615 0 0 0
nt@synapse_cleft 4973 0.0019957497 0.0491879986 0.0182571305 0 0 0
nt@synapse_cleft 4979 -0.00483599384 -0.00609628951 0.00373185475 0 0 0
nt@synapse_cleft 4980 0.0100385995 0.00900904329 0.0169280926 0 0 0
nt@synapse_cleft 4981 0.00275734663 -0.0230994032 0.00325428621 0 0 0
nt@synapse_cleft 4982 0.00836823175 -0.0134831813 0.0123788221 0 0 0
nt@synapse_cleft 4983 -0.0224410459 0.0280829492 0.00780052459 0 0 0
nt@synapse_cleft 4988 0.0098728779 -0.0163634829 0.00726763513 0 0 0
nt@synapse_cleft 4989 -0.00743425963 -0.025540667 0.0144238006 0 0 0
nt@synapse_cleft 4991 0.000948142632 -0.0216592548 0.0190828817 0 0 0
nt@synapse_cleft 5004 -0.0157498447 0.0265752908 0.00267169095 0 0 0
nt@synapse_cleft 5006 0.00792356219 -0.0160884341 0.00530463482 0 0 0
nt@synapse_cleft 5009 -0.0296585091 0.012490219 0.00919625781 0 0 0
nt@synapse_cleft 5011 -0.0136623318 -0.0193139628 0.00522809837 0 0 0
nt@synapse_cleft 5015 -0.0216207032 -0.0243167021 0.01424054 0 0 0
nt@synapse_cleft 5024 -0.00074010366 -0.0122564477 0.0082568665 0 0 0
nt@synapse_cleft 5044 -0.036768788 0.00545196304 0.0199827282 0 0 0
nt@synapse_cleft 5045 0.0361594909 0.0156254214 0.00226976926 0 0 0
nt@synapse_cleft 5046 0.00564025046 -0.00805803874 0.00334426474 0 0 0
nt@synapse_cleft 5052 -0.00613116823 -0.0104254897 0.00727245887 0 0 0
nt@synapse_cleft 5055 -0.0159293093 0.00720545721 0.00705439915 0 0 0
nt@synapse_cleft 5059 -0.0334019909 0.0316182124 0.0186802024 0 0 0
nt@synapse_cleft 5061 0.0213665026 -0.0251503446 0.00451094379 0 0 0
nt@synapse_cleft 5063 -0.0235396571 0.0233803947 0.00773353687 0 0 0
nt@synapse_cleft 5065 0.0158792041 -0.0287128671 0.00558859006 0 0 0
nt@synapse_cleft 5077 0.0411613363 -0.0122206661 0.0154198429 0 0 0
nt@synapse_cleft 5081 0.0143660814 0.00772588089 0.00427006293 0 0 0
nt@synapse_cleft 5082 0.00614363876 0.0550598572 0.0106628058 0 0 0
nt@synapse_cleft 5086 0.0251126796 0.033848577 0.0170411997 0 0 0
nt@synapse_cleft 5105 0.00813344136 -0.0200058053 0.0193039153 0 0 0
nt@synapse_cleft 5106 0.000713718498 -0.00762766007 0.00706919418 0 0 0
nt@synapse_cleft 5133 -0.0177067011 0.027177485 0.0193744922 0 0 0
nt@synapse_cleft 5135 -0.0139834207 0.00927534277 0.00533789887 0 0 0
nt@synapse_cleft 5145 0.0148563107 0.0237470237 0.0198576508 0 0 0
nt@synapse_cleft 5154 0.00872020066 0.0303508946 0.0169186358 0 0 0
nt@synapse_cleft 5159 -0.0325843757 -0.0020522494 0.0193260622 0 0 0
nt@synapse_cleft 5160 0.0410967957 -0.00899643836 0.0161479495 0 0 0
nt@synapse_cleft 5163 0.000428693765 0.0217487016 0.012063138 0 0 0
nt@synapse_cleft 5164 0.0005122041 -0.017376033 0.000217499121 0 0 0
nt@synapse_cleft 5173 -0.0410178943 -0.0114204862 0.0188141569 0 0 0
nt@synapse_cleft 5176 -0.0252688866 0.0583463327 0.0193365324 0 0 0
nt@synapse_cleft 5179 0.0344909941 0.00718982441 0.00741815447 0 0 0
nt@synapse_cleft 5182 0.0442154334 0.0113321563 0.00477848661 0 0 0
nt@synapse_cleft 5183 0.0337184619 0.0133485473 0.0105210313 0 0 0
nt@synapse_cleft 5186 0.0189931155 -0.0142249786 0.0144155052 0 0 0
nt@synapse_cleft 5193 0.0218972426 0.0044101661 0.0184449299 0 0 0
nt@synapse_cleft 5196 -0.00642518467 -0.00842294671 0.0125253437 0 0 0
nt@synapse_cleft 5198 0.00149615579 -0.0211277543 0.000641231085 0 0 0
