nt@synapse_cleft 0 0.00631170549 -0.00755715064 0.0175935736 0 0 0
nt@synapse_cleft 2 -0.036546436 0.0107138192 5.31983068e-05 0 0 0
nt@synapse_cleft 7 -1.92909006e-05 -0.00199867202 0.0192628192 0 0 0
nt@synapse_cleft 9 -0.000931457446 -0.0201471269 0.00302827249 0 0 0
nt@synapse_cleft 12 -0.00121811817 0.0269040388 0.0134843012 0 0 0
nt@synapse_cleft 15 -0.0161502466 0.013484969 0.00174802841 0 0 0
nt@synapse_cleft 17 0.00448026708 0.00325656278 0.0090017819 0 0 0
nt@synapse_cleft 23 0.00316320604 -0.0565394553 0.00535004173 0 0 0
nt@synapse_cleft 26 -0.0237326842 0.0027775487 0.0148686662 0 0 0
nt@synapse_cleft 30 0.0158033637 -0.0308180538 0.00451010389 0 0 0
nt@synapse_cleft 35 -0.0156825811 0.00520874688 0.0147972357 0 0 0
nt@synapse_cleft 42 0.0106213962 0.00384085575 0.0197074987 0 0 0
nt@synapse_cleft 45 -0.00480617033 0.01375808 0.0148666311 0 0 0
nt@synapse_cleft 54 -0.000314384576 0.0254427209 0.00756742929 0 0 0
nt@synapse_cleft 56 -0.0191667907 -0.0189185639 0.0152128254 0 0 0
nt@synapse_cleft 59 0.0231634879 0.0206237547 0.0152440876 0 0 0
nt@synapse_cleft 69 0.00829750911 -0.0139471518 0.000436043024 0 0 0
nt@synapse_cleft 72 -0.0157725102 0.0214217492 0.0150548467 0 0 0
nt@synapse_cleft 81 0.0202497362 -0.0323252655 0.00525552633 0 0 0
nt@synapse_cleft 87 -0.0284336093 -0.0115946341 0.0146310317 0 0 0
nt@synapse_cleft 89 0.0210809352 0.00250322795 0.00174911547 0 0 0
nt@synapse_cleft 100 -0.0168119972 -0.0161914961 0.0164169838 0 0 0
nt@synapse_cleft 102 -0.0288037045 0.0165609813 0.00140889408 0 0 0
nt@synapse_cleft 103 0.0175024655 -0.0254478375 0.00408801164 0 0 0
nt@synapse_cleft 111 -0.0392851759 0.0271358528 0.0187190352 0 0 0
nt@synapse_cleft 114 0.0417806265 -0.0280522522 0.0109847019 0 0 0
nt@synapse_cleft 115 -0.00693235301 -0.0488865248 0.00425887051 0 0 0
nt@synapse_cleft 116 -0.0153541569 -0.0265119398 0.0189045345 0 0 0
nt@synapse_cleft 118 0.0147829173 -0.00531747212 0.0187362396 0 0 0
nt@synapse_cleft 127 -0.0188385248 -0.0109895445 0.0181790323 0 0 0
nt@synapse_cleft 131 0.00877004997 -0.0441789286 0.00718309258 0 0 0
nt@synapse_cleft 135 -0.021148376 -0.0136044715 0.0186279171 0 0 0
nt@synapse_cleft 137 -0.0497804502 -0.0290188468 0.0121121097 0 0 0
nt@synapse_cleft 143 0.000156644671 -0.0489785191 0.0167539403 0 0 0
nt@synapse_cleft 148 0.00628702158 0.0536958319 0.00299861392 0 0 0
nt@synapse_cleft 150 -0.0193981701 0.0146400238 0.00218858752 0 0 0
nt@synapse_cleft 156 -0.0253224865 0.00117433433 0.0164530436 0 0 0
nt@synapse_cleft 157 -0.036582949 0.0181231772 0.008006126 0 0 0
nt@synapse_cleft 160 0.011961565 0.00378919686 0.0169376819 0 0 0
nt@synapse_cleft 162 -0.000386223986 -0.0149175376 0.00797843307 0 0 0
nt@synapse_cleft 167 -0.00339562351 -0.0328414048 0.0152799539 0 0 0
nt@synapse_cleft 168 -0.0205158322 -0.0193055607 0.0123993122 0 0 0
nt@synapse_cleft 170 -0.017243753 0.024731021 0.000579016819 0 0 0
nt@synapse_cleft 186 -0.020931945 -0.0171758289 0.0189010682 0 0 0
nt@synapse_cleft 188 -0.0152710758 -0.00741688268 0.00831597679 0 0 0
nt@synapse_cleft 192 -0.0201602744 0.028070352 0.0125639654 0 0 0
nt@synapse_cleft 194 -0.00140638214 -0.0195540088 0.0144678619 0 0 0
nt@synapse_cleft 195 0.0184581968 0.0331113192 0.0062337366 0 0 0
nt@synapse_cleft 197 0.00428207701 0.000114778233 0.00996829113 0 0 0
nt@synapse_cleft 199 0.0377624589 0.0256208508 0.0129114613 0 0 0
nt@synapse_cleft 203 0.0106304585 -0.00748189738 0.00212206647 0 0 0
nt@synapse_cleft 206 -0.00208761698 -0.0170365842 0.0165260543 0 0 0
nt@synapse_cleft 210 -0.0268619198 0.0102234667 0.00697649385 0 0 0
nt@synapse_cleft 219 0.0242856728 0.0491628883 0.00813373729 0 0 0
nt@synapse_cleft 224 -0.0123747703 0.0463140692 0.00680392384 0 0 0
nt@synapse_cleft 227 -0.0209243546 0.0325195752 0.0135547743 0 0 0
nt@synapse_cleft 231 0.00382889554 0.0315398833 0.0190475982 0 0 0
nt@synapse_cleft 235 0.021052267 -0.0363795938 0.0059614284 0 0 0
nt@synapse_cleft 244 -0.0320036125 0.00107268168 0.00583921766 0 0 0
nt@synapse_cleft 246 -0.0282010529 0.0211013252 0.0196862037 0 0 0
nt@synapse_cleft 248 0.015614239 -0.0211022968 0.0167825281 0 0 0
nt@synapse_cleft 256 -0.0431742712 -0.00592290635 0.0049991774 0 0 0
nt@synapse_cleft 263 0.0438700905 0.0217053509 0.0157446986 0 0 0
nt@synapse_cleft 268 -0.012372913 -0.00967204834 0.017004483 0 0 0
nt@synapse_cleft 269 -0.0179113887 -0.00641166535 0.0127459329 0 0 0
nt@synapse_cleft 272 0.00663560014 -0.0352961618 0.0183682571 0 0 0
nt@synapse_cleft 284 -0.0238928616 0.0811363342 0.00716027737 0 0 0
nt@synapse_cleft 289 -0.0382293863 0.0553232686 0.00534156125 0 0 0
nt@synapse_cleft 293 0.0267959487 -0.0064177258 0.017747725 0 0 0
nt@synapse_cleft 297 -0.0180496726 -0.0105752198 0.016929375 0 0 0
nt@synapse_cleft 304 -0.0148238019 0.0096424941 0.0197229175 0 0 0
nt@synapse_cleft 306 0.0181793637 -0.0215972946 0.00567895461 0 0 0
nt@synapse_cleft 307 0.0180097514 0.00895706976 0.0124477968 0 0 0
nt@synapse_cleft 308 0.0204978995 0.026911206 0.0182013723 0 0 0
nt@synapse_cleft 310 0.0267857828 -0.0157624171 0.00944107966 0 0 0
nt@synapse_cleft 315 -0.00302768265 0.0171809473 0.0115809565 0 0 0
nt@synapse_cleft 318 -0.025572109 0.0117530071 0.0170034239 0 0 0
nt@synapse_cleft 319 0.0565853188 0.00482790116 0.0165787157 0 0 0
nt@synapse_cleft 321 0.0467979969 0.0209770706 0.00541391521 0 0 0
nt@synapse_cleft 325 -0.0659695641 0.0597799351 0.00397244688 0 0 0
nt@synapse_cleft 331 0.0365474595 -0.0173934692 0.012508132 0 0 0
nt@synapse_cleft 334 0.0197488786 -0.0112587299 0.01257066 0 0 0
nt@synapse_cleft 335 0.0216678028 0.0165260591 0.00809813038 0 0 0
nt@synapse_cleft 339 -0.0363773292 -0.0311918353 0.00160192421 0 0 0
nt@synapse_cleft 347 0.00944186729 -0.0131397639 0.00917927665 0 0 0
nt@synapse_cleft 348 0.00691178056 -0.00570696102 0.00403849127 0 0 0
nt@synapse_cleft 350 0.0185075002 0.00351628347 0.00152312283 0 0 0
nt@synapse_cleft 352 -0.00814592788 0.00286164319 0.00718346779 0 0 0
nt@synapse_cleft 356 -0.033077461 0.026049869 0.0138978417 0 0 0
nt@synapse_cleft 359 0.0060104206 0.0461034282 0.00265151667 0 0 0
nt@synapse_cleft 360 0.00557465952 0.0329369745 0.0152754672 0 0 0
nt@synapse_cleft 361 -0.0231112785 0.0108096721 0.0184353486 0 0 0
nt@synapse_cleft 364 -0.0130622977 -0.0307879719 0.016260089 0 0 0
nt@synapse_cleft 371 -0.0213063485 0.0371818118 0.00218519802 0 0 0
nt@synapse_cleft 372 -0.00584836065 0.00902672024 0.0166560973 0 0 0
nt@synapse_cleft 376 0.00362975416 0.00272744807 0.0131197344 0 0 0
nt@synapse_cleft 381 -0.0146598264 -0.0139308312 0.00739075498 0 0 0
nt@synapse_cleft 383 -0.00585837905 0.0257499007 0.00902842584 0 0 0
nt@synapse_cleft 385 0.01517643 0.0151981023 0.00912100788 0 0 0
nt@synapse_cleft 388 -0.0103980705 0.00897216021 0.018380498 0 0 0
nt@synapse_cleft 391 0.0312506458 -0.0327799268 0.0089893452 0 0 0
nt@synapse_cleft 392 0.000795670224 0.000863407889 0.0164435823 0 0 0
nt@synapse_cleft 395 0.00278744934 -0.0332656255 0.0153762498 0 0 0
nt@synapse_cleft 397 0.0130976271 0.0217913529 0.0153555501 0 0 0
nt@synapse_cleft 399 -0.0155515694 0.00804350413 0.00178215607 0 0 0
nt@synapse_cleft 402 0.00271399296 0.0506884736 0.00620865426 0 0 0
nt@synapse_cleft 406 -0.0194841644 -0.0272131326 0.00861738253 0 0 0
nt@synapse_cleft 415 0.00210558795 -0.00672986888 0.00301993728 0 0 0
nt@synapse_cleft 421 -0.0381408139 0.0296393436 0.0140963408 0 0 0
nt@synapse_cleft 426 0.0294584056 -0.0186706292 0.00766937873 0 0 0
nt@synapse_cleft 429 -0.0157199387 0.0348172282 0.0157998009 0 0 0
nt@synapse_cleft 430 -0.022826859 -0.0392597568 0.00983653089 0 0 0
nt@synapse_cleft 440 0.0285921407 0.00299245225 0.00844324998 0 0 0
nt@synapse_cleft 444 0.00563552498 0.0269098159 0.0172689313 0 0 0
nt@synapse_cleft 449 0.013169143 -0.0112561469 0.00506924562 0 0 0
nt@synapse_cleft 452 0.0227043457 0.0288479947 0.0102439572 0 0 0
nt@synapse_cleft 453 0.00558647025 0.00235505697 0.0198321542 0 0 0
nt@synapse_cleft 455 0.0130187793 -0.0286831614 0.0136686176 0 0 0
nt@synapse_cleft 461 -0.024517227 -0.00431587075 0.00819914851 0 0 0
nt@synapse_cleft 477 0.00885005712 0.000691504095 0.0127444113 0 0 0
nt@synapse_cleft 479 -0.0154229348 0.00918828269 0.0129687814 0 0 0
nt@synapse_cleft 480 -0.0672889136 0.0288954271 0.00483773145 0 0 0
nt@synapse_cleft 482 -0.0141272378 0.00174769739 0.000446043074 0 0 0
nt@synapse_cleft 483 -0.00440387904 -0.0276551276 0.0146587831 0 0 0
nt@synapse_cleft 484 -0.00732068753 -0.030001698 0.00915398917 0 0 0
nt@synapse_cleft 499 0.021927649 0.0143583062 0.0126526452 0 0 0
nt@synapse_cleft 500 0.00469845544 -0.0270048039 0.00410183235 0 0 0
nt@synapse_cleft 501 0.00856550092 0.0220494794 0.0144703226 0 0 0
nt@synapse_cleft 503 0.0126389772 -0.0192056556 0.0153291509 0 0 0
nt@synapse_cleft 504 0.00273888707 0.0355657432 0.00860901187 0 0 0
nt@synapse_cleft 509 0.00503088301 0.0332764818 0.0102724255 0 0 0
nt@synapse_cleft 510 0.017096258 0.00782705211 0.0114194825 0 0 0
nt@synapse_cleft 514 -0.0193644647 -0.00162129988 0.00625041001 0 0 0
nt@synapse_cleft 522 -0.0352838231 -0.000503204682 0.0122512245 0 0 0
nt@synapse_cleft 524 -0.00736123805 0.015454443 0.00878280748 0 0 0
nt@synapse_cleft 530 0.0245807335 0.00159792148 0.0106482487 0 0 0
nt@synapse_cleft 536 -0.0204848605 -0.0416662191 0.00511761447 0 0 0
nt@synapse_cleft 544 0.0203865172 0.00805776656 0.00688697234 0 0 0
nt@synapse_cleft 546 -0.0416727979 0.0195619397 0.00969454802 0 0 0
nt@synapse_cleft 548 -0.0142915455 0.023862135 0.0191814463 0 0 0
nt@synapse_cleft 549 0.0422790672 -0.0451143451 0.00260521287 0 0 0
nt@synapse_cleft 551 0.01584084 -0.0158761566 0.00409668306 0 0 0
nt@synapse_cleft 552 0.0145748839 -0.00498269066 0.00940476417 0 0 0
nt@synapse_cleft 557 -0.0174443563 0.00556442372 0.0187322916 0 0 0
nt@synapse_cleft 558 -0.016571354 -0.0212130443 0.00488394535 0 0 0
nt@synapse_cleft 563 -0.0146068432 -0.0442874624 0.0158501474 0 0 0
nt@synapse_cleft 568 0.00469880749 0.00358214645 0.007681923 0 0 0
nt@synapse_cleft 571 0.00305055843 0.000965449377 0.0121480495 0 0 0
nt@synapse_cleft 572 -0.0279951866 0.0151493055 0.00798446662 0 0 0
nt@synapse_cleft 574 -0.00571751807 0.000133540845 0.0121160102 0 0 0
nt@synapse_cleft 575 0.00342073523 -0.0103505916 0.0126736539 0 0 0
nt@synapse_cleft 581 0.00316978751 -0.0004496318 0.00636024628 0 0 0
nt@synapse_cleft 583 0.0122672069 0.0359055956 0.00861744626 0 0 0
nt@synapse_cleft 586 0.00548636827 0.00778563608 0.0143268374 0 0 0
nt@synapse_cleft 587 -0.0151934921 -0.013145675 0.00484736149 0 0 0
nt@synapse_cleft 591 -0.0127656572 0.0378553744 0.012439359 0 0 0
nt@synapse_cleft 593 0.000175190158 0.0292138542 0.0139634791 0 0 0
nt@synapse_cleft 594 0.0289228862 0.0300374866 0.00743230025 0 0 0
nt@synapse_cleft 595 -0.000988089929 -0.0352244914 0.0159601057 0 0 0
nt@synapse_cleft 596 -0.0232150603 0.0176125158 0.0186784819 0 0 0
nt@synapse_cleft 598 -0.00987133692 0.0128827772 0.0163362903 0 0 0
nt@synapse_cleft 611 -0.0207985404 0.00399551467 0.0132560136 0 0 0
nt@synapse_cleft 615 0.0365704535 -0.0317076781 0.00464499297 0 0 0
nt@synapse_cleft 616 -0.000464694867 -0.0153710968 0.00856859367 0 0 0
nt@synapse_cleft 618 -0.00885859157 -0.0300275966 0.0097902206 0 0 0
nt@synapse_cleft 620 -0.0108882784 -0.00510491833 0.00688465999 0 0 0
nt@synapse_cleft 624 0.0176387889 -0.00757941625 0.0125765601 0 0 0
nt@synapse_cleft 627 0.00217004527 -0.0193674134 0.0170424046 0 0 0
nt@synapse_cleft 629 0.0134185865 -0.000255185729 0.00571766409 0 0 0
nt@synapse_cleft 630 0.00830431227 0.00104006039 0.0144620657 0 0 0
nt@synapse_cleft 633 -0.00737158905 0.0347008672 0.00347356888 0 0 0
nt@synapse_cleft 634 0.0102912883 -0.0149164495 0.01917995 0 0 0
nt@synapse_cleft 639 -0.0184001406 -0.0502269868 0.00177661123 0 0 0
nt@synapse_cleft 645 -0.00894245113 -0.00350979087 0.00369752881 0 0 0
nt@synapse_cleft 647 0.0160184591 0.0304063807 0.00482932368 0 0 0
nt@synapse_cleft 660 -0.00992352764 -0.0239665423 0.00563705502 0 0 0
nt@synapse_cleft 661 -0.0399689592 -0.00197534254 0.0056655966 0 0 0
nt@synapse_cleft 662 -0.00897602235 -0.000572004938 0.00124388753 0 0 0
nt@synapse_cleft 664 -0.0139542792 0.00294149904 0.012172245 0 0 0
nt@synapse_cleft 674 -0.0161991936 0.00604453361 0.00051250648 0 0 0
nt@synapse_cleft 675 -0.000387144506 0.0115211447 0.0139709346 0 0 0
nt@synapse_cleft 678 0.021177189 -0.00117937564 0.00654559589 0 0 0
nt@synapse_cleft 679 -0.0151433499 -0.0151904869 0.001935994 0 0 0
nt@synapse_cleft 681 -0.00942906006 -0.0223904671 0.0198637302 0 0 0
nt@synapse_cleft 684 -0.0101524889 -0.00747841281 0.0056687923 0 0 0
nt@synapse_cleft 689 0.0158542938 -0.000394235896 0.00853296245 0 0 0
nt@synapse_cleft 691 0.0213725159 -0.00799049906 0.000195021019 0 0 0
nt@synapse_cleft 693 0.020474236 0.030548485 0.0169192254 0 0 0
nt@synapse_cleft 695 -0.0164803847 0.0270117719 0.0144675188 0 0 0
nt@synapse_cleft 698 0.0138422394 0.0102596702 0.00717877297 0 0 0
nt@synapse_cleft 699 -0.0108195744 -0.0611674356 0.00860422871 0 0 0
nt@synapse_cleft 704 -0.0013359429 0.0148435578 0.00399548988 0 0 0
nt@synapse_cleft 710 0.0309179298 -0.00603899059 0.00644861771 0 0 0
nt@synapse_cleft 712 -0.0189737782 -0.013669349 0.00894043896 0 0 0
nt@synapse_cleft 715 0.011706931 0.0226055794 0.0175410502 0 0 0
nt@synapse_cleft 720 0.0418687402 -0.032550117 0.00175189302 0 0 0
nt@synapse_cleft 721 0.0108275119 0.00295261275 0.00612002495 0 0 0
nt@synapse_cleft 726 -0.0259602453 -0.0012424335 0.0076277002 0 0 0
nt@synapse_cleft 727 -0.00547224003 0.022689167 0.0169016663 0 0 0
nt@synapse_cleft 728 -0.00954536027 0.00563137768 0.00156088115 0 0 0
nt@synapse_cleft 732 0.0345299571 0.0482172868 0.00674492778 0 0 0
nt@synapse_cleft 735 -0.0435562846 0.00530775517 0.00556771982 0 0 0
nt@synapse_cleft 737 0.0400189931 -0.000472717097 0.0118657478 0 0 0
nt@synapse_cleft 741 0.00512810038 0.00123676473 0.00730567741 0 0 0
nt@synapse_cleft 744 -0.0107924836 0.0258579406 0.00275008487 0 0 0
nt@synapse_cleft 746 -0.0111258485 0.00576477257 0.0138959249 0 0 0
nt@synapse_cleft 750 0.0178222622 -0.0055652626 0.0182266337 0 0 0
nt@synapse_cleft 754 -0.00952017764 -0.0203219789 0.0172229805 0 0 0
nt@synapse_cleft 755 0.0226300357 0.0122159855 0.00173435525 0 0 0
nt@synapse_cleft 760 -0.00142004009 -0.0579930658 0.00786770155 0 0 0
nt@synapse_cleft 762 0.0125083755 -0.0210100776 0.000728859683 0 0 0
nt@synapse_cleft 765 -0.0252064867 0.0159060487 0.0129532997 0 0 0
nt@synapse_cleft 768 -0.0221384131 -0.0142500493 0.0193356645 0 0 0
nt@synapse_cleft 769 0.00956503235 0.0382109872 0.0105708004 0 0 0
nt@synapse_cleft 774 0.00196537401 0.0273392463 0.0143533059 0 0 0
nt@synapse_cleft 777 0.0420037975 -0.0354576706 0.00931180531 0 0 0
nt@synapse_cleft 779 -0.0176865197 0.0107558466 0.0183123428 0 0 0
nt@synapse_cleft 784 0.0130769641 0.00984259792 0.0162637142 0 0 0
nt@synapse_cleft 797 -0.0127335356 0.0322964241 0.00888998395 0 0 0
nt@synapse_cleft 803 -0.0282745696 -0.0434706859 0.0155322075 0 0 0
nt@synapse_cleft 804 0.00661854525 0.0176500358 8.8055752e-05 0 0 0
nt@synapse_cleft 814 0.0256674589 0.0183184406 0.00394161568 0 0 0
nt@synapse_cleft 816 0.000470345439 -0.0250455432 0.00139326472 0 0 0
nt@synapse_cleft 817 -0.00149906408 -0.0107545001 0.00613429583 0 0 0
nt@synapse_cleft 828 0.00781544781 -0.0325283663 0.018285692 0 0 0
nt@synapse_cleft 831 -0.00594722836 -0.018569779 0.00980469096 0 0 0
nt@synapse_cleft 833 -0.0231244984 -0.00185330675 0.0140682206 0 0 0
nt@synapse_cleft 837 -0.0114594664 -0.0211148344 0.019843188 0 0 0
nt@synapse_cleft 844 -0.00805295319 -0.00294605238 0.00816080879 0 0 0
nt@synapse_cleft 847 0.0209923411 0.000726751908 0.00508600545 0 0 0
nt@synapse_cleft 850 -0.0138406804 0.0238485315 0.0144435637 0 0 0
nt@synapse_cleft 854 -0.000494962803 0.032179255 0.00223367099 0 0 0
nt@synapse_cleft 866 0.000266816181 -0.0198206632 0.0168936595 0 0 0
nt@synapse_cleft 871 -0.0150042746 0.0105899795 0.0164978371 0 0 0
nt@synapse_cleft 872 0.0184330386 -0.0206202137 0.00767891838 0 0 0
nt@synapse_cleft 875 -0.0181003267 -0.0209258529 0.0123832696 0 0 0
nt@synapse_cleft 877 -0.0440917286 0.0119282528 0.00959506576 0 0 0
nt@synapse_cleft 881 -0.0215002516 0.0154269821 0.00865852783 0 0 0
nt@synapse_cleft 884 0.00412010811 0.0182973788 0.0177556967 0 0 0
nt@synapse_cleft 900 0.0163082216 -0.0119235728 0.0136904546 0 0 0
nt@synapse_cleft 904 -0.0278184679 -0.00114585096 0.00242337216 0 0 0
nt@synapse_cleft 906 -0.0323317996 0.00897133392 0.0128503763 0 0 0
nt@synapse_cleft 908 -0.0335229622 -0.00169743871 0.0106349539 0 0 0
nt@synapse_cleft 909 0.0107745566 0.00516781333 0.0196190981 0 0 0
nt@synapse_cleft 913 -0.0150859611 -0.0125138354 0.00731771496 0 0 0
nt@synapse_cleft 918 0.0523637982 -0.00894557006 0.0187394848 0 0 0
nt@synapse_cleft 920 0.0120548521 -0.012432406 0.0169105928 0 0 0
nt@synapse_cleft 924 -0.0312541581 0.0177694043 0.0122874282 0 0 0
nt@synapse_cleft 925 -0.0314445455 0.0533147892 0.0179632849 0 0 0
nt@synapse_cleft 926 -0.0106699037 -0.0507792315 0.015629152 0 0 0
nt@synapse_cleft 932 0.0207206177 -0.0373950949 0.00951245946 0 0 0
nt@synapse_cleft 938 -0.0187100049 0.0173408313 0.0123811794 0 0 0
nt@synapse_cleft 940 -0.0494634489 -0.023785141 0.0154866196 0 0 0
nt@synapse_cleft 941 -0.0269790658 0.0287793305 0.0158732211 0 0 0
nt@synapse_cleft 942 0.0156462578 -0.0286035788 0.00421200093 0 0 0
nt@synapse_cleft 943 0.0176851361 -0.010904563 0.0151036999 0 0 0
nt@synapse_cleft 944 -0.00896659592 -0.0515245714 0.00097207948 0 0 0
nt@synapse_cleft 945 -0.0187213389 0.0165187514 0.000985754281 0 0 0
nt@synapse_cleft 947 -0.0189135815 -0.00556358821 0.00927995762 0 0 0
nt@synapse_cleft 951 0.00274784909 -0.00567363824 0.00535826251 0 0 0
nt@synapse_cleft 953 -0.0409235061 0.0166043668 0.0152241489 0 0 0
nt@synapse_cleft 954 0.00910007088 -0.0171988662 0.00156474072 0 0 0
nt@synapse_cleft 957 0.0526092989 -0.0232274544 0.000810193209 0 0 0
nt@synapse_cleft 960 -0.0174787558 0.043542122 0.0031701591 0 0 0
nt@synapse_cleft 961 -0.031822064 -0.00490891273 0.0176149018 0 0 0
nt@synapse_cleft 967 0.02185705 -0.000620937231 0.0128712348 0 0 0
nt@synapse_cleft 976 -0.0280941734 0.0269018249 0.00371334982 0 0 0
nt@synapse_cleft 978 -0.022811083 -0.0159577479 0.00753250753 0 0 0
nt@synapse_cleft 981 -0.0408539121 0.00578515145 0.0187639041 0 0 0
nt@synapse_cleft 991 0.0296160029 -0.00524150197 0.001861776 0 0 0
nt@synapse_cleft 992 0.0174752639 0.0121703261 0.0196071246 0 0 0
nt@synapse_cleft 993 -0.0376999625 0.0315205956 0.0026199741 0 0 0
nt@synapse_cleft 994 -0.0215424025 -0.00798664587 0.00961573021 0 0 0
nt@synapse_cleft 998 -0.00239097617 0.0196208613 0.0146055935 0 0 0
nt@synapse_cleft 999 0.0329681922 -0.0353452606 0.0153533077 0 0 0
nt@synapse_cleft 1002 0.0194038649 0.0465633704 0.0167409007 0 0 0
nt@synapse_cleft 1004 -0.0139887627 0.00442477378 0.0067341327 0 0 0
nt@synapse_cleft 1011 0.0220829107 0.0101016986 0.01696257 0 0 0
nt@synapse_cleft 1013 -0.0103838905 0.033703866 0.0036623257 0 0 0
nt@synapse_cleft 1016 -0.0363983967 0.0169621811 0.0164552881 0 0 0
nt@synapse_cleft 1018 0.0137817532 -0.0134435753 0.0100326375 0 0 0
nt@synapse_cleft 1024 -0.0363259719 -0.00952394586 0.0090959459 0 0 0
nt@synapse_cleft 1025 -0.01283066 -0.0336364091 0.00490712102 0 0 0
nt@synapse_cleft 1027 0.0138052854 0.0312539299 0.0133942212 0 0 0
nt@synapse_cleft 1035 -0.0193679145 -0.0058209971 0.0169079957 0 0 0
nt@synapse_cleft 1047 -0.00158414698 -0.0293607336 0.00727027997 0 0 0
nt@synapse_cleft 1048 -0.00129091838 -0.0473083157 0.00520661539 0 0 0
nt@synapse_cleft 1050 0.0102873424 -0.0405132821 0.0140105183 0 0 0
nt@synapse_cleft 1056 0.00354472485 0.0315810323 0.00415520997 0 0 0
nt@synapse_cleft 1062 0.0465095101 -0.00418311166 0.0145436893 0 0 0
nt@synapse_cleft 1065 -0.00277619936 0.0187243956 0.0146834292 0 0 0
nt@synapse_cleft 1074 0.0115080511 -0.00862759005 0.00723426888 0 0 0
nt@synapse_cleft 1077 -0.0191907914 -0.0129150116 0.0121054303 0 0 0
nt@synapse_cleft 1080 -0.0215736053 0.0102999968 0.010531291 0 0 0
nt@synapse_cleft 1088 -0.0393442232 -0.0100945489 0.00735768819 0 0 0
nt@synapse_cleft 1092 -0.0190282146 -0.00732626545 0.00907057292 0 0 0
nt@synapse_cleft 1098 -0.0112572674 0.0253852809 0.00386826415 0 0 0
nt@synapse_cleft 1102 -0.00418036523 -0.00745003831 0.0123805732 0 0 0
nt@synapse_cleft 1107 -0.0109257374 0.0137982952 0.000347853992 0 0 0
nt@synapse_cleft 1108 0.0196152459 0.034830658 0.00127953969 0 0 0
nt@synapse_cleft 1110 0.0201529294 0.0103252165 0.00859829988 0 0 0
nt@synapse_cleft 1113 -0.0180435243 -0.00463776685 0.00128906756 0 0 0
nt@synapse_cleft 1114 0.0057530893 -0.0325805189 0.00485722635 0 0 0
nt@synapse_cleft 1121 0.00198515001 0.0464101802 0.00642700433 0 0 0
nt@synapse_cleft 1127 -0.0117069923 0.00295509256 0.00833167002 0 0 0
nt@synapse_cleft 1130 0.0225020505 -0.0156094156 0.0175605263 0 0 0
nt@synapse_cleft 1136 -0.0236329195 -0.0636907087 0.0010962166 0 0 0
nt@synapse_cleft 1138 0.00381419262 0.00437821553 0.0178378858 0 0 0
nt@synapse_cleft 1140 -0.00474688731 -0.0259521616 0.0146098467 0 0 0
nt@synapse_cleft 1144 -0.0164496841 -0.0159373387 0.0163211539 0 0 0
nt@synapse_cleft 1145 0.05798747 -0.0165065621 0.0192336484 0 0 0
nt@synapse_cleft 1149 -0.00820634639 -0.000271212961 0.0194232139 0 0 0
nt@synapse_cleft 1152 0.0282782809 -0.000611885853 0.0126412771 0 0 0
nt@synapse_cleft 1157 0.0308427701 -0.0628951518 0.0182588701 0 0 0
nt@synapse_cleft 1165 0.0202290976 0.0216535859 0.00593349518 0 0 0
nt@synapse_cleft 1166 -0.00160767197 0.0121718931 0.0055911513 0 0 0
nt@synapse_cleft 1167 0.0368969013 0.0230331893 0.000904314296 0 0 0
nt@synapse_cleft 1172 -0.00560796521 0.000445322554 0.0130716115 0 0 0
nt@synapse_cleft 1173 -0.0141338598 0.00286661822 0.0116447555 0 0 0
nt@synapse_cleft 1177 0.00658852409 0.0593177315 0.00304810999 0 0 0
nt@synapse_cleft 1179 0.0092999853 -0.0130832457 0.019757427 0 0 0
nt@synapse_cleft 1186 -0.0466236166 -0.00233019051 0.0155891144 0 0 0
nt@synapse_cleft 1188 0.00414399592 -0.03990233 0.00837369089 0 0 0
nt@synapse_cleft 1192 0.0112045953 -0.0308904224 0.0116044594 0 0 0
nt@synapse_cleft 1193 -0.0237392217 -0.00484941178 0.0140376173 0 0 0
nt@synapse_cleft 1197 0.0470797438 0.0298790399 0.00470183368 0 0 0
nt@synapse_cleft 1200 -0.0342535072 0.0204144005 0.0171953312 0 0 0
nt@synapse_cleft 1203 0.00183550067 0.0153057176 0.00590765089 0 0 0
nt@synapse_cleft 1204 0.00817779187 -0.00210499149 0.0196889118 0 0 0
nt@synapse_cleft 1205 -0.0313975566 -0.0152197905 0.0109955205 0 0 0
nt@synapse_cleft 1206 -0.0349675831 -0.000664549319 0.0162746599 0 0 0
nt@synapse_cleft 1218 -0.000589916125 0.0416314037 0.0145468824 0 0 0
nt@synapse_cleft 1219 0.00737272562 0.00578800993 0.0193052124 0 0 0
nt@synapse_cleft 1231 0.00585232251 0.0112391331 0.00205631739 0 0 0
nt@synapse_cleft 1237 -0.0156594848 -0.0359557759 0.00308672421 0 0 0
nt@synapse_cleft 1238 -0.0532825832 -0.0172301053 0.0176746165 0 0 0
nt@synapse_cleft 1241 0.004413526 -0.00667472536 0.00705587687 0 0 0
nt@synapse_cleft 1243 -0.0235643431 0.015696392 0.0130754472 0 0 0
nt@synapse_cleft 1248 -0.000707371988 0.029693283 0.000289169842 0 0 0
nt@synapse_cleft 1251 -0.0172433658 0.0142192285 0.0195454839 0 0 0
nt@synapse_cleft 1252 -0.0267397499 0.00303316344 0.00156642008 0 0 0
nt@synapse_cleft 1253 -0.0219622547 -0.0196357123 0.0132707057 0 0 0
nt@synapse_cleft 1254 -0.0270638372 0.0284346312 0.0124208027 0 0 0
nt@synapse_cleft 1255 0.0343757355 0.0538476347 0.00513438786 0 0 0
nt@synapse_cleft 1262 0.0153583466 -0.00342914244 0.0173509888 0 0 0
nt@synapse_cleft 1270 0.047432473 0.000960610802 0.00310433809 0 0 0
nt@synapse_cleft 1275 -0.0286267999 0.00497007294 0.0100870138 0 0 0
nt@synapse_cleft 1289 0.023454746 0.004533043 0.000618961928 0 0 0
nt@synapse_cleft 1298 0.0031316884 -0.0229913174 0.00172922893 0 0 0
nt@synapse_cleft 1299 -0.0316837977 -0.00513696191 0.000720900634 0 0 0
nt@synapse_cleft 1302 -0.0316995188 0.024197829 0.00176582659 0 0 0
nt@synapse_cleft 1303 -0.00778217969 0.0236498636 0.00335240452 0 0 0
nt@synapse_cleft 1311 0.0108992658 0.00611739097 0.0189829144 0 0 0
nt@synapse_cleft 1316 -0.0295123275 -0.0264874585 0.0130991086 0 0 0
nt@synapse_cleft 1326 0.0162828054 0.0141881576 0.00528901286 0 0 0
nt@synapse_cleft 1328 0.0221829744 -7.41228505e-05 0.0110916575 0 0 0
nt@synapse_cleft 1330 -0.00825757743 -0.0231605348 0.0114203539 0 0 0
nt@synapse_cleft 1331 -0.00771690179 0.00685361987 0.0198011502 0 0 0
nt@synapse_cleft 1333 -0.0256607087 0.0316169527 0.00151784531 0 0 0
nt@synapse_cleft 1338 -0.0068536238 0.00992013766 0.0151279539 0 0 0
nt@synapse_cleft 1343 0.0210942203 0.00652065098 0.0178162809 0 0 0
nt@synapse_cleft 1347 -0.0371502431 -0.0151473111 0.0161293704 0 0 0
nt@synapse_cleft 1348 0.0386561308 -0.0287069877 0.0162505227 0 0 0
nt@synapse_cleft 1349 -0.00816158722 -0.0155194348 0.0193719472 0 0 0
nt@synapse_cleft 1351 0.0410166612 -0.0206759543 0.00123887289 0 0 0
nt@synapse_cleft 1356 0.0215518058 0.00150283516 0.00875348505 0 0 0
nt@synapse_cleft 1359 -0.0164072057 -0.00972481047 0.0179892159 0 0 0
nt@synapse_cleft 1361 -0.0091554616 -0.0575777595 0.00928554069 0 0 0
nt@synapse_cleft 1366 0.0222465868 -0.000714135212 0.00650142211 0 0 0
nt@synapse_cleft 1368 0.0315686811 -0.00325655842 0.00444334828 0 0 0
nt@synapse_cleft 1372 -0.0376641951 0.0334145087 0.00248375339 0 0 0
nt@synapse_cleft 1380 0.00356754866 0.0165974559 0.0019304305 0 0 0
nt@synapse_cleft 1381 0.0118866198 -0.0567893925 0.0182676829 0 0 0
nt@synapse_cleft 1382 0.00767222354 0.0245694382 0.00442206194 0 0 0
nt@synapse_cleft 1384 -0.044537908 -0.00052752659 0.0172266406 0 0 0
nt@synapse_cleft 1390 0.0401380001 -0.00188614008 0.0108044436 0 0 0
nt@synapse_cleft 1393 -0.0376902239 0.0327949338 0.0145447892 0 0 0
nt@synapse_cleft 1394 0.0233437182 0.0156450621 0.0059839843 0 0 0
nt@synapse_cleft 1397 0.0272239076 0.032211527 0.0163105963 0 0 0
nt@synapse_cleft 1400 -0.0288928744 0.0285312687 0.00322161369 0 0 0
nt@synapse_cleft 1403 0.00734378144 -0.00690485006 0.0113548362 0 0 0
nt@synapse_cleft 1406 0.0526645668 -0.0249265518 0.0104920022 0 0 0
nt@synapse_cleft 1408 -0.0169438208 -0.0144493945 0.00583353609 0 0 0
nt@synapse_cleft 1411 -0.0055846896 0.00755253651 0.0122086951 0 0 0
nt@synapse_cleft 1416 -0.00653569804 0.0391869134 0.0096350023 0 0 0
nt@synapse_cleft 1419 0.0135441558 -0.01318173 0.0161226942 0 0 0
nt@synapse_cleft 1425 -0.00194503697 -0.0430448702 0.00144025364 0 0 0
nt@synapse_cleft 1427 -0.0321053187 -0.00903316466 0.00317966913 0 0 0
nt@synapse_cleft 1434 0.0129974285 0.0320329932 0.000139280477 0 0 0
nt@synapse_cleft 1438 -0.00733562434 -0.0303047277 0.00434624147 0 0 0
nt@synapse_cleft 1440 0.00354512583 0.0138129245 0.00199634973 0 0 0
nt@synapse_cleft 1441 -0.0371420055 0.0169485378 0.00565852211 0 0 0
nt@synapse_cleft 1442 -0.00196782143 0.0222123026 0.00955037996 0 0 0
nt@synapse_cleft 1444 -0.0169775372 -0.00890371264 0.019891257 0 0 0
nt@synapse_cleft 1445 0.00952720451 -0.017331655 0.0135675474 0 0 0
nt@synapse_cleft 1446 -0.0190791872 -0.0236379107 0.0172145265 0 0 0
nt@synapse_cleft 1449 -0.0242957374 -0.0121922665 0.00738710664 0 0 0
nt@synapse_cleft 1452 -0.024993157 -0.0193031964 0.00593517084 0 0 0
nt@synapse_cleft 1454 -0.014440166 0.023040829 0.000438211285 0 0 0
nt@synapse_cleft 1455 -0.0203222346 0.0179290571 0.0151475355 0 0 0
nt@synapse_cleft 1464 -0.0530749956 0.00808624315 0.00120387252 0 0 0
nt@synapse_cleft 1468 0.041936722 0.0285569423 0.012886329 0 0 0
nt@synapse_cleft 1470 -0.0620273108 -0.0246513792 0.014195059 0 0 0
nt@synapse_cleft 1472 -0.0462082335 0.00290854833 0.0152970087 0 0 0
nt@synapse_cleft 1473 0.0207757213 -0.00791793638 0.00292633752 0 0 0
nt@synapse_cleft 1479 -0.0355983798 0.0266114674 0.0156206008 0 0 0
nt@synapse_cleft 1481 0.0177654377 -0.000948836889 0.0188832754 0 0 0
nt@synapse_cleft 1484 -0.00386227908 0.00993204554 0.0168761957 0 0 0
nt@synapse_cleft 1485 -0.0156829027 0.0070694573 0.00512706627 0 0 0
nt@synapse_cleft 1487 -0.0115594452 -0.0298253686 0.00831050541 0 0 0
nt@synapse_cleft 1488 0.0326706006 0.00122701352 0.000876524263 0 0 0
nt@synapse_cleft 1491 -0.014865839 -0.0141582578 0.0137422257 0 0 0
nt@synapse_cleft 1494 0.00656474807 0.0205260238 0.0117553108 0 0 0
nt@synapse_cleft 1496 -0.00657846343 0.0128390822 0.0183345061 0 0 0
nt@synapse_cleft 1503 -0.0224421115 -0.0206961721 0.00784621005 0 0 0
nt@synapse_cleft 1506 0.0197759262 -0.0105590207 0.00145515305 0 0 0
nt@synapse_cleft 1507 0.00488739912 0.00444364081 0.00383967235 0 0 0
nt@synapse_cleft 1508 0.015693532 0.00494622726 0.00742173007 0 0 0
nt@synapse_cleft 1512 -0.0134776902 -0.00987870111 0.000911970359 0 0 0
nt@synapse_cleft 1515 0.00957852796 0.040714612 0.00995585481 0 0 0
nt@synapse_cleft 1519 0.00788064107 -0.0156256113 0.0122943903 0 0 0
nt@synapse_cleft 1522 -0.0206148015 0.00194817478 0.012889266 0 0 0
nt@synapse_cleft 1526 0.0222264704 -0.00980499203 0.0148473167 0 0 0
nt@synapse_cleft 1527 -0.00384882961 0.0353161443 0.0156326844 0 0 0
nt@synapse_cleft 1528 -0.0440808337 0.0101270244 0.0187469625 0 0 0
nt@synapse_cleft 1531 -0.00145994996 0.0300145739 0.0131960473 0 0 0
nt@synapse_cleft 1538 0.00541175511 0.0139273758 0.00782251299 0 0 0
nt@synapse_cleft 1542 -0.0229669198 0.0208241212 0.0118460697 0 0 0
nt@synapse_cleft 1545 -0.00276452721 0.00619636551 0.0130004088 0 0 0
nt@synapse_cleft 1548 -0.022373264 -0.0162953432 0.0113060795 0 0 0
nt@synapse_cleft 1553 0.0518354556 0.0191620362 0.0072325963 0 0 0
nt@synapse_cleft 1554 0.0173050012 0.00806473123 0.00173590976 0 0 0
nt@synapse_cleft 1561 0.00973122431 -0.0597260917 0.00566498006 0 0 0
nt@synapse_cleft 1565 -0.0184986456 0.00277634704 0.018698536 0 0 0
nt@synapse_cleft 1571 -0.0158958948 0.00285923368 0.0117423735 0 0 0
nt@synapse_cleft 1573 0.00800622525 0.0241038376 0.00255154792 0 0 0
nt@synapse_cleft 1583 -0.0175758474 -0.0162301943 0.0103655925 0 0 0
nt@synapse_cleft 1584 -0.00349774264 0.00340865147 0.00819488785 0 0 0
nt@synapse_cleft 1588 0.00684897061 -0.0122890014 0.0128536992 0 0 0
nt@synapse_cleft 1590 -0.032722207 0.037325809 0.00465118381 0 0 0
nt@synapse_cleft 1592 0.00804530388 -0.00950941006 0.0187297117 0 0 0
nt@synapse_cleft 1596 0.00366923652 -0.0195029098 0.0152203405 0 0 0
nt@synapse_cleft 1597 0.0113883566 0.0380483598 0.00396932599 0 0 0
nt@synapse_cleft 1598 -0.0341635182 -0.0106579617 0.0151559951 0 0 0
nt@synapse_cleft 1600 0.0218767079 -0.0328164566 0.00131901407 0 0 0
nt@synapse_cleft 1605 0.0145687024 0.0119197326 0.0079548225 0 0 0
nt@synapse_cleft 1606 -0.0227455883 0.00224150221 0.00857398695 0 0 0
nt@synapse_cleft 1611 -0.00801712379 -0.0287796912 0.00968540083 0 0 0
nt@synapse_cleft 1612 -0.0222474124 0.00148162663 0.000271812401 0 0 0
nt@synapse_cleft 1615 0.0114757982 -0.0568873579 0.00920662714 0 0 0
nt@synapse_cleft 1617 0.00927206551 -0.0278544574 0.0141334971 0 0 0
nt@synapse_cleft 1619 0.0231341694 -0.00408833982 0.0165367431 0 0 0
nt@synapse_cleft 1625 -0.0290953584 0.0110542031 0.0184006888 0 0 0
nt@synapse_cleft 1628 0.0123832577 0.0349140251 0.0169890809 0 0 0
nt@synapse_cleft 1632 0.0399101811 0.0115971705 0.0102239958 0 0 0
nt@synapse_cleft 1635 0.0194448014 -0.0104359412 0.0195963224 0 0 0
nt@synapse_cleft 1641 0.0324948715 0.0122627605 0.00316091804 0 0 0
nt@synapse_cleft 1642 0.0306040487 -0.0137120388 0.00680390964 0 0 0
nt@synapse_cleft 1655 0.00306682067 0.0257100405 0.00460966496 0 0 0
nt@synapse_cleft 1658 0.0224464072 0.0376445488 0.00664089554 0 0 0
nt@synapse_cleft 1660 0.0135016109 0.021713083 0.000109209046 0 0 0
nt@synapse_cleft 1675 -0.0381423607 -0.00766953792 0.0177579958 0 0 0
nt@synapse_cleft 1678 -0.00754915489 -0.0106844725 0.00239459804 0 0 0
nt@synapse_cleft 1681 -0.0156747267 0.00848352885 0.015542292 0 0 0
nt@synapse_cleft 1684 0.00372142529 -0.0375631177 0.00673698332 0 0 0
nt@synapse_cleft 1686 -0.0149668753 0.0156444332 0.0198820339 0 0 0
nt@synapse_cleft 1687 -0.0306703732 -0.0148374238 0.00713983823 0 0 0
nt@synapse_cleft 1689 0.0105117459 0.0263463429 0.0015477616 0 0 0
nt@synapse_cleft 1692 -0.00408759534 0.0233755732 0.00477875377 0 0 0
nt@synapse_cleft 1695 0.0163399201 -0.00422817479 0.0114617436 0 0 0
nt@synapse_cleft 1701 -0.0119962362 0.00855539794 0.0116587469 0 0 0
nt@synapse_cleft 1702 0.0170749309 -0.0166066569 0.0172624055 0 0 0
nt@synapse_cleft 1703 -0.00248418015 0.010504525 0.00422422177 0 0 0
nt@synapse_cleft 1707 -0.02092827 -0.0178068329 0.00769678094 0 0 0
nt@synapse_cleft 1708 -0.0245879504 0.0132826467 0.00701669735 0 0 0
nt@synapse_cleft 1713 -0.0205361704 -0.0090064307 0.00183312069 0 0 0
nt@synapse_cleft 1715 0.00738596583 -0.00352665993 0.0177325689 0 0 0
nt@synapse_cleft 1721 0.0058433159 -0.0343862265 0.00143409572 0 0 0
nt@synapse_cleft 1725 0.0325037514 0.00156189932 0.00833465306 0 0 0
nt@synapse_cleft 1729 -0.00104042311 0.000761467173 0.018453369 0 0 0
nt@synapse_cleft 1736 0.0295503965 0.0109082652 0.00983138169 0 0 0
nt@synapse_cleft 1741 -0.000514197538 -0.0187130426 0.0195915749 0 0 0
nt@synapse_cleft 1742 0.0195272569 -0.0520727755 0.00959362764 0 0 0
nt@synapse_cleft 1743 0.0274829861 0.0442435466 0.0129366707 0 0 0
nt@synapse_cleft 1745 -0.0313465048 0.00875642933 0.000454533444 0 0 0
nt@synapse_cleft 1746 0.00374046796 -0.0117608983 0.0144158577 0 0 0
nt@synapse_cleft 1748 0.0539391085 0.020268094 0.0158903975 0 0 0
nt@synapse_cleft 1749 0.00043317818 -0.0070503389 0.00246376735 0 0 0
nt@synapse_cleft 1751 0.0368699693 0.00258162407 0.0120235981 0 0 0
nt@synapse_cleft 1759 -0.0147401308 -0.003371653 0.0194607733 0 0 0
nt@synapse_cleft 1761 -0.0310902926 0.0116168471 0.00756444769 0 0 0
nt@synapse_cleft 1762 -0.0140636872 -0.0352121755 0.0157249142 0 0 0
nt@synapse_cleft 1763 0.0444349453 -0.0214214591 0.0131811583 0 0 0
nt@synapse_cleft 1768 0.00850567512 -0.0263043993 0.00832172307 0 0 0
nt@synapse_cleft 1769 -0.0219379799 0.00420374144 0.0186517807 0 0 0
nt@synapse_cleft 1775 -0.00327280275 -0.00231030965 0.0102405591 0 0 0
nt@synapse_cleft 1777 -0.00310712715 -0.00718610604 0.0125117375 0 0 0
nt@synapse_cleft 1778 0.0285277403 -0.0484237737 0.00973398983 0 0 0
nt@synapse_cleft 1781 -0.00913283528 0.0273369514 0.00930433945 0 0 0
nt@synapse_cleft 1793 0.0166780705 0.0220344719 0.0150072801 0 0 0
nt@synapse_cleft 1795 0.0177005497 -0.00658096602 0.00621027709 0 0 0
nt@synapse_cleft 1799 -0.0222986818 0.00887238152 0.00775453247 0 0 0
nt@synapse_cleft 1804 0.0163911885 -0.0126939761 0.00896826716 0 0 0
nt@synapse_cleft 1805 -0.0122259552 -0.00348852374 0.00392407242 0 0 0
nt@synapse_cleft 1806 -0.0127386834 0.00433231099 0.00890836913 0 0 0
nt@synapse_cleft 1810 -0.0471432216 -0.043653724 0.018797927 0 0 0
nt@synapse_cleft 1811 -0.00173001347 -0.00155264672 0.0121351196 0 0 0
nt@synapse_cleft 1812 0.00172611486 0.0234473059 0.0152071376 0 0 0
nt@synapse_cleft 1815 -0.00673610667 0.0252214488 0.00598743675 0 0 0
nt@synapse_cleft 1824 -0.00151999087 0.00233851507 0.00412679848 0 0 0
nt@synapse_cleft 1826 0.0259471233 -0.00636830991 0.0171916832 0 0 0
nt@synapse_cleft 1829 0.0408833006 -0.0105115839 0.0199056789 0 0 0
nt@synapse_cleft 1830 -0.0353254976 -0.0091716861 0.00966450778 0 0 0
nt@synapse_cleft 1833 -0.0111159712 0.0139146205 0.0158869401 0 0 0
nt@synapse_cleft 1837 -0.0239018526 -0.00938335111 0.0103676618 0 0 0
nt@synapse_cleft 1838 -0.0138642998 -0.0286727986 0.00664976653 0 0 0
nt@synapse_cleft 1840 -0.0248352862 -0.000248142115 0.00869915394 0 0 0
nt@synapse_cleft 1843 0.0323027416 -0.00904897075 0.0111414228 0 0 0
nt@synapse_cleft 1846 -0.0146015735 -0.000902217754 0.00459974002 0 0 0
nt@synapse_cleft 1849 0.0334777978 0.0016853832 0.0120410919 0 0 0
nt@synapse_cleft 1853 0.0663007687 -0.00776389275 0.0184472364 0 0 0
nt@synapse_cleft 1854 0.00999969437 -0.00964393202 0.00616879099 0 0 0
nt@synapse_cleft 1855 -0.0261298882 0.00638413085 0.00554910282 0 0 0
nt@synapse_cleft 1856 0.0123569199 -0.000980363816 0.00568055043 0 0 0
nt@synapse_cleft 1864 0.00252004338 -0.0277895293 0.0106039603 0 0 0
nt@synapse_cleft 1868 -0.0253920291 0.00982883162 0.0180923763 0 0 0
nt@synapse_cleft 1872 0.00486013023 -0.00343536512 0.0150957782 0 0 0
nt@synapse_cleft 1873 -0.0592068079 0.00179735166 0.00884871546 0 0 0
nt@synapse_cleft 1875 -0.0236258997 0.0183810732 0.00114159492 0 0 0
nt@synapse_cleft 1877 0.00504859646 0.0416886828 0.015764027 0 0 0
nt@synapse_cleft 1879 0.0523742691 -0.0386199448 0.0199581824 0 0 0
nt@synapse_cleft 1880 -0.0374634833 -0.0207595352 0.0138129707 0 0 0
nt@synapse_cleft 1883 0.0134997103 0.0131440603 0.016566661 0 0 0
nt@synapse_cleft 1885 0.00274880403 0.0094975059 0.0149373448 0 0 0
nt@synapse_cleft 1887 -0.0227177183 0.0302071748 0.00234992021 0 0 0
nt@synapse_cleft 1890 -0.0295167838 -0.00179556876 0.00519111738 0 0 0
nt@synapse_cleft 1892 0.00708471057 0.011573208 0.0173831259 0 0 0
nt@synapse_cleft 1894 -0.0157544372 0.0217621237 0.0176597376 0 0 0
nt@synapse_cleft 1896 0.0196593576 -0.00630143013 0.00399411935 0 0 0
nt@synapse_cleft 1900 -0.00294765403 -0.000934116598 0.0133963974 0 0 0
nt@synapse_cleft 1904 -0.0345551442 0.0373765476 0.0180367157 0 0 0
nt@synapse_cleft 1912 0.0255003703 -0.0239555028 0.00446826507 0 0 0
nt@synapse_cleft 1914 0.011900032 0.00642375662 0.00442168486 0 0 0
nt@synapse_cleft 1918 -0.0143307813 0.0457070177 0.0182308732 0 0 0
nt@synapse_cleft 1921 0.000305405622 -0.00156432801 0.0127436081 0 0 0
nt@synapse_cleft 1923 -0.00920230243 0.01928021 0.0117182012 0 0 0
nt@synapse_cleft 1925 0.00883528563 0.0175882996 0.0107567323 0 0 0
nt@synapse_cleft 1926 0.0260049103 0.00629394982 0.00569796035 0 0 0
nt@synapse_cleft 1932 0.0088218203 -0.00882664167 0.00922771307 0 0 0
nt@synapse_cleft 1942 0.0216465583 -0.0341622045 0.00099743614 0 0 0
nt@synapse_cleft 1944 0.00366963243 0.00865114207 0.00335318064 0 0 0
nt@synapse_cleft 1946 -0.00908071823 -0.00641067788 0.00537496047 0 0 0
nt@synapse_cleft 1953 -0.00901474776 -0.0213039989 0.0020109785 0 0 0
nt@synapse_cleft 1959 -0.00414560625 -0.0356215944 0.00950213053 0 0 0
nt@synapse_cleft 1961 0.0303047099 0.00623323016 0.0156769977 0 0 0
nt@synapse_cleft 1964 -0.00920423779 -0.00280230135 0.0138646241 0 0 0
nt@synapse_cleft 1967 0.0115624278 -0.0185094254 0.0110262654 0 0 0
nt@synapse_cleft 1970 -0.0173401301 -0.0305556936 0.00190845549 0 0 0
nt@synapse_cleft 1973 0.0209002393 0.0273266793 0.0129832432 0 0 0
nt@synapse_cleft 1976 -0.0250975725 -0.00937051171 0.00565895344 0 0 0
nt@synapse_cleft 1980 -0.014015644 -0.0218662053 0.00471657075 0 0 0
nt@synapse_cleft 1982 0.00363272429 0.0214164247 0.0193226907 0 0 0
nt@synapse_cleft 1984 -0.0707966636 -0.0176534088 0.000207153104 0 0 0
nt@synapse_cleft 1989 -0.0194679448 0.00527385857 0.0187642906 0 0 0
nt@synapse_cleft 1990 0.0127433513 0.0307085202 0.000903214824 0 0 0
nt@synapse_cleft 1993 0.0031252234 -0.0143890912 0.00795930073 0 0 0
nt@synapse_cleft 1997 -0.00099335294 0.0177994585 0.0135624625 0 0 0
nt@synapse_cleft 2004 -0.0204428909 0.00363554599 0.0184416906 0 0 0
nt@synapse_cleft 2007 0.00930451282 0.0142230138 0.0185539901 0 0 0
nt@synapse_cleft 2008 0.0141116073 0.00380890287 0.0111221686 0 0 0
nt@synapse_cleft 2013 -0.0150369918 -0.0126816375 0.0192521341 0 0 0
nt@synapse_cleft 2014 0.0224831308 0.0260219049 0.0089994348 0 0 0
nt@synapse_cleft 2016 -0.0150351779 -0.00443729271 0.00429095495 0 0 0
nt@synapse_cleft 2019 0.0274603371 -0.0211306264 0.0181685665 0 0 0
nt@synapse_cleft 2026 0.0457574647 -0.0134290051 0.0123028342 0 0 0
nt@synapse_cleft 2027 -0.0111169427 -0.0217582619 0.000723859687 0 0 0
nt@synapse_cleft 2032 -0.0264875369 0.00653914569 0.0046957049 0 0 0
nt@synapse_cleft 2035 0.0383473028 0.0248002971 0.0138704637 0 0 0
nt@synapse_cleft 2036 0.0458896815 -0.00377101923 0.011204663 0 0 0
nt@synapse_cleft 2039 0.0263404801 0.00191673573 0.0193220729 0 0 0
nt@synapse_cleft 2041 0.0241385782 0.00532186677 0.00847010892 0 0 0
nt@synapse_cleft 2044 0.0161646609 -0.0133192411 0.00736698316 0 0 0
nt@synapse_cleft 2052 0.00283143457 -0.00631477767 0.0166152219 0 0 0
nt@synapse_cleft 2056 -0.0122191712 -0.0186288917 0.00080638273 0 0 0
nt@synapse_cleft 2058 -0.0112545076 -0.0395712015 0.0184363332 0 0 0
nt@synapse_cleft 2061 0.00835117689 0.000680260619 0.00080023277 0 0 0
nt@synapse_cleft 2064 0.0292836649 0.02182963 0.00834626251 0 0 0
nt@synapse_cleft 2074 0.00841934988 -0.0471572858 0.0113403751 0 0 0
nt@synapse_cleft 2091 -0.0161909063 0.0291569006 0.0145006702 0 0 0
nt@synapse_cleft 2092 0.00773444097 0.0190010376 0.0145540611 0 0 0
nt@synapse_cleft 2094 -0.010634159 0.00504963173 0.0065266557 0 0 0
nt@synapse_cleft 2095 0.0106051768 0.0166095949 0.0171984795 0 0 0
nt@synapse_cleft 2096 -0.0161271022 -0.0135356874 0.00253473428 0 0 0
nt@synapse_cleft 2101 -0.00400340748 -0.0299559586 0.00379170848 0 0 0
nt@synapse_cleft 2104 0.0245025478 0.00757448326 0.0152600459 0 0 0
nt@synapse_cleft 2112 -0.015510613 -0.0214050547 0.00184613602 0 0 0
nt@synapse_cleft 2115 -0.0288017139 -0.00150369821 0.0192683467 0 0 0
nt@synapse_cleft 2119 -0.0164312992 -0.0123338442 0.00318688698 0 0 0
nt@synapse_cleft 2121 0.0415849783 -0.0104430239 0.0100591488 0 0 0
nt@synapse_cleft 2124 0.00891917955 0.0281857026 0.0057346826 0 0 0
nt@synapse_cleft 2127 0.0216114083 0.0147910818 0.00231527322 0 0 0
nt@synapse_cleft 2133 0.0191417303 -0.0131023683 0.00274964629 0 0 0
nt@synapse_cleft 2136 0.0169180363 0.0206362858 0.000352229466 0 0 0
nt@synapse_cleft 2137 -0.040903274 0.0380085048 0.00200852945 0 0 0
nt@synapse_cleft 2141 0.0248500676 0.0272343393 0.00727080896 0 0 0
nt@synapse_cleft 2148 0.0280267088 -0.0397368575 0.00111002 0 0 0
nt@synapse_cleft 2156 0.0140553703 -0.0295571939 0.00834271601 0 0 0
nt@synapse_cleft 2160 0.014833124 0.00787409842 0.0131002928 0 0 0
nt@synapse_cleft 2162 -0.0284973624 0.0217770962 0.0136099693 0 0 0
nt@synapse_cleft 2163 0.0173127403 -0.00598529555 0.015016502 0 0 0
nt@synapse_cleft 2166 -0.00126673652 0.0213079806 0.0183844997 0 0 0
nt@synapse_cleft 2170 0.0336059356 0.00448501107 0.0111833194 0 0 0
nt@synapse_cleft 2177 -0.0118635527 -0.0165091966 0.00444407561 0 0 0
nt@synapse_cleft 2185 0.000746454269 -0.00242195061 0.00620737814 0 0 0
nt@synapse_cleft 2187 -0.0136503219 0.00669272231 0.00660944128 0 0 0
nt@synapse_cleft 2188 -0.0161031732 0.038054865 0.00595779528 0 0 0
nt@synapse_cleft 2199 0.0133213194 -0.0160244181 0.008239891 0 0 0
nt@synapse_cleft 2204 -0.0413152974 -0.00864664088 0.0182227926 0 0 0
nt@synapse_cleft 2206 -0.0104623848 -0.0197811142 0.0174501046 0 0 0
nt@synapse_cleft 2207 0.0260419684 0.00430307378 0.0151462848 0 0 0
nt@synapse_cleft 2217 0.0213946206 -0.0384147679 0.000946538014 0 0 0
nt@synapse_cleft 2218 0.00732298149 0.0174721843 0.014750986 0 0 0
nt@synapse_cleft 2223 -0.0236687854 0.0168377151 0.0106001792 0 0 0
nt@synapse_cleft 2228 -0.00488789082 0.00584840949 0.00169064061 0 0 0
nt@synapse_cleft 2235 -0.00223305992 -0.00401724794 0.0134733691 0 0 0
nt@synapse_cleft 2236 0.00969227334 0.0300211154 0.0145904261 0 0 0
nt@synapse_cleft 2248 -0.0224758887 -0.00148647308 0.0104510793 0 0 0
nt@synapse_cleft 2251 0.0104965649 -0.00882287327 0.0178911067 0 0 0
nt@synapse_cleft 2254 -0.00131495457 -0.016604235 0.0107231527 0 0 0
nt@synapse_cleft 2256 -0.0346326341 -0.0307984479 0.00298635874 0 0 0
nt@synapse_cleft 2257 0.0100686564 -0.00795093051 0.00668689918 0 0 0
nt@synapse_cleft 2262 -0.0112258655 0.0341985578 0.0130657512 0 0 0
nt@synapse_cleft 2265 0.0273858099 0.0301655128 0.00376114607 0 0 0
nt@synapse_cleft 2269 -0.0374275679 0.00915288853 0.00328254056 0 0 0
nt@synapse_cleft 2271 -0.0682495122 0.017024384 0.00289066909 0 0 0
nt@synapse_cleft 2274 -0.00559982291 0.0398552732 0.00283523908 0 0 0
nt@synapse_cleft 2278 0.0319011371 0.0350324003 0.00788345731 0 0 0
nt@synapse_cleft 2279 -0.00346484142 0.00639068336 0.00861085425 0 0 0
nt@synapse_cleft 2283 0.0312047052 -0.0171993142 0.00996205116 0 0 0
nt@synapse_cleft 2284 0.0251350665 -0.00242473586 0.0145338444 0 0 0
nt@synapse_cleft 2285 -0.0139368569 -0.0102720169 0.0141145244 0 0 0
nt@synapse_cleft 2289 0.00329752281 0.00692822253 0.000548018432 0 0 0
nt@synapse_cleft 2292 -0.0217068379 0.00716520647 0.012980162 0 0 0
nt@synapse_cleft 2298 -0.0369557004 -0.0162361451 0.00652181848 0 0 0
nt@synapse_cleft 2304 -0.017414242 0.0240321007 0.00473151521 0 0 0
nt@synapse_cleft 2306 0.00149997945 -0.0229565852 0.0121398183 0 0 0
nt@synapse_cleft 2308 -0.0158357211 0.00527175605 0.000630365114 0 0 0
nt@synapse_cleft 2309 0.00979972609 -0.00640267793 0.0185844941 0 0 0
nt@synapse_cleft 2314 -0.0105873166 -0.0260755944 0.0151482575 0 0 0
nt@synapse_cleft 2317 0.0354087906 0.0103266883 0.0105047354 0 0 0
nt@synapse_cleft 2320 0.0104743945 -0.0253503987 0.00657820944 0 0 0
nt@synapse_cleft 2321 0.0591196499 -0.000378609203 0.00193430959 0 0 0
nt@synapse_cleft 2326 0.0205903685 0.0147211306 0.00613113248 0 0 0
nt@synapse_cleft 2327 -0.0267162635 -0.0350278312 0.012919123 0 0 0
nt@synapse_cleft 2330 -0.0418103167 0.0208797299 0.00472128052 0 0 0
nt@synapse_cleft 2331 -0.028904097 -0.0353861573 0.00488367655 0 0 0
nt@synapse_cleft 2332 -0.0204541073 -0.00768361576 0.0130711003 0 0 0
nt@synapse_cleft 2336 0.0119308589 -0.013176695 0.00511987691 0 0 0
nt@synapse_cleft 2343 0.0105049769 -0.00810453876 0.00619570187 0 0 0
nt@synapse_cleft 2349 0.0286939162 0.0039780253 0.012698768 0 0 0
nt@synapse_cleft 2366 0.0187476617 0.02169265 0.0175428201 0 0 0
nt@synapse_cleft 2367 -0.0245536458 -0.0189231119 0.0101866912 0 0 0
nt@synapse_cleft 2369 -0.00808865985 0.00444736993 0.0139798405 0 0 0
nt@synapse_cleft 2370 0.014076056 -0.0160358904 0.00219551165 0 0 0
nt@synapse_cleft 2375 0.00176776002 0.00881601808 0.0128514726 0 0 0
nt@synapse_cleft 2383 0.0216413744 -0.0498363292 0.0125730328 0 0 0
nt@synapse_cleft 2386 -0.0057572311 -0.0231372748 0.00220965849 0 0 0
nt@synapse_cleft 2389 -0.0032871501 -0.0137624152 0.00350266735 0 0 0
nt@synapse_cleft 2397 0.00853007915 -0.057377461 0.00460332777 0 0 0
nt@synapse_cleft 2400 -0.0186485384 -0.0343270299 0.0187671245 0 0 0
nt@synapse_cleft 2410 0.0136909536 -0.00353015271 0.0167716021 0 0 0
nt@synapse_cleft 2411 0.0135665347 -0.0417499682 0.010509833 0 0 0
nt@synapse_cleft 2412 0.00910744672 0.00898169031 0.0148963946 0 0 0
nt@synapse_cleft 2417 -0.010790047 0.0119509422 0.014392445 0 0 0
nt@synapse_cleft 2421 -0.00391131454 0.0203802535 0.00566506327 0 0 0
nt@synapse_cleft 2423 0.00983497876 -0.0375538341 0.00853262026 0 0 0
nt@synapse_cleft 2434 0.0119126342 -0.0327251835 0.0124769567 0 0 0
nt@synapse_cleft 2437 0.0233084177 0.0107870545 0.0044291032 0 0 0
nt@synapse_cleft 2438 0.00116426662 -0.0411339157 0.00501087308 0 0 0
nt@synapse_cleft 2440 -0.0182916275 -0.0309676737 0.00663767755 0 0 0
nt@synapse_cleft 2446 -0.0270484569 0.0153309578 0.00877298528 0 0 0
nt@synapse_cleft 2448 0.00132907387 0.000748992703 0.0157994701 0 0 0
nt@synapse_cleft 2456 -0.0210993889 -0.00691040055 0.00813689394 0 0 0
nt@synapse_cleft 2459 0.00663814046 0.0352300749 0.000225619416 0 0 0
nt@synapse_cleft 2462 -0.00895950349 0.0426461242 0.00453156443 0 0 0
nt@synapse_cleft 2463 0.0092099935 -0.0205889291 0.00445300151 0 0 0
nt@synapse_cleft 2466 0.00126613827 -0.0325866643 0.000287584631 0 0 0
nt@synapse_cleft 2467 -0.00992813322 0.0223006196 0.0082724722 0 0 0
nt@synapse_cleft 2468 -0.0487743748 -0.0149578833 0.0122326224 0 0 0
nt@synapse_cleft 2470 0.013005428 0.0102533222 0.00088210266 0 0 0
nt@synapse_cleft 2471 -0.0130667938 -0.00526776174 0.0149603249 0 0 0
nt@synapse_cleft 2472 0.0361856011 -0.0545881732 0.0182929635 0 0 0
nt@synapse_cleft 2480 -0.0120008383 -0.0193782232 0.0175953275 0 0 0
nt@synapse_cleft 2481 -0.0191664822 -0.00607838175 0.00294105662 0 0 0
nt@synapse_cleft 2483 0.0342034987 0.00891131922 0.0159337145 0 0 0
nt@synapse_cleft 2491 0.00154662866 -0.00212573447 0.0143479159 0 0 0
nt@synapse_cleft 2493 0.022315716 -0.0523927894 0.00862153216 0 0 0
nt@synapse_cleft 2495 -0.0212210309 0.00558853663 0.00529157321 0 0 0
nt@synapse_cleft 2498 0.0141720837 -0.00691454165 0.0024779699 0 0 0
nt@synapse_cleft 2501 -0.0036913104 0.0139783351 0.0037571465 0 0 0
nt@synapse_cleft 2502 0.0189357123 -0.02599238 0.0156377465 0 0 0
nt@synapse_cleft 2507 0.0156303843 0.0186692093 0.0116497338 0 0 0
nt@synapse_cleft 2509 0.00549320183 -0.026747621 0.0199221913 0 0 0
nt@synapse_cleft 2510 0.0059294362 -0.0130317065 0.015462967 0 0 0
nt@synapse_cleft 2513 -0.00487259359 0.00130730913 0.00176113506 0 0 0
nt@synapse_cleft 2517 -0.0203512827 -0.0113535188 0.0128640082 0 0 0
nt@synapse_cleft 2520 0.0317426385 0.0271780399 0.00492287747 0 0 0
nt@synapse_cleft 2521 -0.00991069138 0.0187967318 0.0138013321 0 0 0
nt@synapse_cleft 2525 0.0321407001 0.0161920266 0.0102305018 0 0 0
nt@synapse_cleft 2528 -0.020320004 -0.00267876092 0.00988921802 0 0 0
nt@synapse_cleft 2539 -0.0140791812 0.0175576701 0.00879516469 0 0 0
nt@synapse_cleft 2542 0.0294398459 -0.0257678295 0.0115762427 0 0 0
nt@synapse_cleft 2549 -0.0125455221 0.0580817612 0.00776245636 0 0 0
nt@synapse_cleft 2550 0.0263895245 -0.0137728491 0.00201395038 0 0 0
nt@synapse_cleft 2555 0.0474942211 -0.00852119828 0.0114112757 0 0 0
nt@synapse_cleft 2560 -0.0373859526 0.000451784208 0.00591300247 0 0 0
nt@synapse_cleft 2561 0.0151324965 0.0386769592 0.0114658703 0 0 0
nt@synapse_cleft 2563 0.00719073498 0.00600495987 0.0139881311 0 0 0
nt@synapse_cleft 2564 -0.00849765858 0.0474832834 0.00414072221 0 0 0
nt@synapse_cleft 2566 0.00368236959 -0.0161301321 0.00881761763 0 0 0
nt@synapse_cleft 2570 0.0209011605 0.00375723597 0.0056464993 0 0 0
nt@synapse_cleft 2571 0.00816723646 -0.0428191975 0.00671236705 0 0 0
nt@synapse_cleft 2577 0.00575081766 0.0249159588 0.0178814075 0 0 0
nt@synapse_cleft 2586 0.0355205035 -0.00626425593 0.00732968836 0 0 0
nt@synapse_cleft 2591 -0.0036112844 -0.00334416969 0.000935784846 0 0 0
nt@synapse_cleft 2593 0.0488806525 0.0505769401 0.019279623 0 0 0
nt@synapse_cleft 2597 -0.0141587035 0.0175354209 0.000724656664 0 0 0
nt@synapse_cleft 2600 0.0111544711 0.0482383634 0.0196437544 0 0 0
nt@synapse_cleft 2603 0.00806097862 -0.0158778886 0.0109725872 0 0 0
nt@synapse_cleft 2604 0.0364989936 -0.00498179094 0.00425602245 0 0 0
nt@synapse_cleft 2610 0.00238532376 -0.0284502769 0.00440457327 0 0 0
nt@synapse_cleft 2613 -0.0320866655 -0.0258116595 0.0146360032 0 0 0
nt@synapse_cleft 2615 -0.0272525005 -0.0626277919 0.00123743576 0 0 0
nt@synapse_cleft 2617 -0.0181049118 0.0225990544 0.0105159591 0 0 0
nt@synapse_cleft 2620 0.00537889148 -0.0374911917 0.00410541099 0 0 0
nt@synapse_cleft 2623 -0.0139398297 -0.0383456832 0.0126971942 0 0 0
nt@synapse_cleft 2625 -0.032285011 -0.0275474752 0.00736425268 0 0 0
nt@synapse_cleft 2628 0.0333881481 -0.0271323324 0.015307957 0 0 0
nt@synapse_cleft 2631 -0.00652495322 0.0296470988 0.0167894332 0 0 0
nt@synapse_cleft 2639 0.0108431193 -1.9402297e-05 0.000249770309 0 0 0
nt@synapse_cleft 2641 -0.0133962698 -0.0312274089 0.0191597835 0 0 0
nt@synapse_cleft 2642 -0.0394707377 -0.0107149329 0.0141201421 0 0 0
nt@synapse_cleft 2645 0.0110340631 0.0193053454 0.0144648121 0 0 0
nt@synapse_cleft 2646 0.0301748883 0.0169191819 0.0124120251 0 0 0
nt@synapse_cleft 2650 0.0272675389 -0.00930506832 0.015908854 0 0 0
nt@synapse_cleft 2652 -0.0187428152 -0.00180932902 0.0162294233 0 0 0
nt@synapse_cleft 2660 -0.0172070525 -0.0263291649 0.0122851505 0 0 0
nt@synapse_cleft 2661 0.0225239625 -0.0284140829 0.00618277794 0 0 0
nt@synapse_cleft 2670 -0.0309579792 -0.0167638997 0.0176419415 0 0 0
nt@synapse_cleft 2674 -0.0266920491 -0.000147459504 0.000913522053 0 0 0
nt@synapse_cleft 2675 0.00347635745 0.0145779488 0.0117733116 0 0 0
nt@synapse_cleft 2680 -0.0498782992 -0.0286251599 0.00164309158 0 0 0
nt@synapse_cleft 2681 -0.0352987405 -0.0228773015 0.00971106964 0 0 0
nt@synapse_cleft 2688 -0.0571435274 0.055804669 0.00669132466 0 0 0
nt@synapse_cleft 2692 0.0269481587 -0.0170845976 0.0019628184 0 0 0
nt@synapse_cleft 2702 0.00292752681 -0.0151473123 0.000651547497 0 0 0
nt@synapse_cleft 2708 -0.038677564 0.000872341311 0.019393091 0 0 0
nt@synapse_cleft 2709 -0.0113498647 -0.00104123753 0.013999317 0 0 0
nt@synapse_cleft 2710 -0.00230518841 -0.0139646527 0.0115960414 0 0 0
nt@synapse_cleft 2713 0.00616342623 -0.0140569336 0.0176480111 0 0 0
nt@synapse_cleft 2714 0.0359431075 0.0217731717 0.00870220324 0 0 0
nt@synapse_cleft 2720 0.0179816511 0.0201876498 0.00661683163 0 0 0
nt@synapse_cleft 2724 0.00589654884 -0.00681227303 9.90040824e-05 0 0 0
nt@synapse_cleft 2729 0.0252401939 -0.0129204009 0.0170355569 0 0 0
nt@synapse_cleft 2734 0.045309872 0.00474130271 0.0155058011 0 0 0
nt@synapse_cleft 2739 0.0244651996 -0.0175361914 0.0157944223 0 0 0
nt@synapse_cleft 2743 -0.00330668521 -0.0397352684 0.00826169166 0 0 0
nt@synapse_cleft 2745 0.0296118365 -0.0136788209 0.0124042012 0 0 0
nt@synapse_cleft 2750 0.0380955113 -0.0250769572 0.0106523903 0 0 0
nt@synapse_cleft 2752 -0.0338762122 -0.0148704641 0.0118672208 0 0 0
nt@synapse_cleft 2756 0.0271624367 0.000505717923 0.00425408998 0 0 0
nt@synapse_cleft 2758 0.00205339396 -0.020196922 0.0110692066 0 0 0
nt@synapse_cleft 2760 -0.000323303468 -0.0153606615 0.0183596566 0 0 0
nt@synapse_cleft 2766 -0.0435920277 0.0187590289 0.0129554678 0 0 0
nt@synapse_cleft 2775 0.024118889 -0.00399351468 0.0194675784 0 0 0
nt@synapse_cleft 2785 -0.00046702173 0.022950588 0.00219411862 0 0 0
nt@synapse_cleft 2798 -0.0213408709 0.0047381556 0.00118277639 0 0 0
nt@synapse_cleft 2806 0.0302283063 0.0175045199 0.00623340095 0 0 0
nt@synapse_cleft 2807 -0.00971839376 0.00124761115 0.0115359566 0 0 0
nt@synapse_cleft 2808 0.00977856583 0.0468221498 0.00769959158 0 0 0
nt@synapse_cleft 2812 -0.0515816809 -0.036362795 0.00450638915 0 0 0
nt@synapse_cleft 2815 0.00310076118 -0.00274316276 0.0130025591 0 0 0
nt@synapse_cleft 2820 0.0221196067 0.00185164433 0.0100631289 0 0 0
nt@synapse_cleft 2828 0.0175081991 -0.0485042231 0.00911530819 0 0 0
nt@synapse_cleft 2837 -0.00772613334 0.0131051974 0.0195550862 0 0 0
nt@synapse_cleft 2848 0.0203200259 0.0158129606 0.0131243786 0 0 0
nt@synapse_cleft 2854 0.0189039128 0.00327986742 0.00584295253 0 0 0
nt@synapse_cleft 2855 -0.016181884 -0.0245873522 0.000806206687 0 0 0
nt@synapse_cleft 2857 0.0216645344 -0.0186300454 0.0187227024 0 0 0
nt@synapse_cleft 2861 -0.0256499832 0.00058453864 0.00306642537 0 0 0
nt@synapse_cleft 2863 -0.0297334566 0.0200308579 0.0108408755 0 0 0
nt@synapse_cleft 2868 -0.000415811584 0.0156544182 0.000394201679 0 0 0
nt@synapse_cleft 2871 0.00729463617 -0.0530575294 0.00905118895 0 0 0
nt@synapse_cleft 2875 0.00392425763 -5.0192056e-05 0.0185807797 0 0 0
nt@synapse_cleft 2876 -0.0253915772 -0.00339362849 0.0152869962 0 0 0
nt@synapse_cleft 2880 -0.00963147648 0.0177315338 0.0162359362 0 0 0
nt@synapse_cleft 2884 0.0314171283 -0.00597071605 0.00685293509 0 0 0
nt@synapse_cleft 2887 0.00249972329 -0.0204328216 0.0186732344 0 0 0
nt@synapse_cleft 2894 0.0058368602 0.0139208328 0.0043656774 0 0 0
nt@synapse_cleft 2895 0.0580733049 -0.00411658177 0.0180847368 0 0 0
nt@synapse_cleft 2897 0.0114572729 -0.0397327425 0.0182107018 0 0 0
nt@synapse_cleft 2905 -0.0205251232 0.0162311243 0.0127675269 0 0 0
nt@synapse_cleft 2909 0.0279509018 -0.0104643712 0.0117383082 0 0 0
nt@synapse_cleft 2910 -0.0375016682 0.0170200188 0.0144828693 0 0 0
nt@synapse_cleft 2912 0.031262498 -0.0100533082 0.00288937054 0 0 0
nt@synapse_cleft 2915 0.0302933374 -0.028046774 0.0120877136 0 0 0
nt@synapse_cleft 2917 -0.00958164619 0.0229823992 0.00939837986 0 0 0
nt@synapse_cleft 2918 -0.004097793 -0.0499851868 0.0114738965 0 0 0
nt@synapse_cleft 2920 0.0142264556 -0.00887396375 0.0103454025 0 0 0
nt@synapse_cleft 2921 0.00254004456 0.0428362254 0.00963886374 0 0 0
nt@synapse_cleft 2922 0.060031902 -0.0119951353 0.0160346817 0 0 0
nt@synapse_cleft 2925 -0.0179111269 0.0216573798 0.0157647354 0 0 0
nt@synapse_cleft 2928 -0.00586038389 0.0415524073 0.00871661628 0 0 0
nt@synapse_cleft 2933 -0.0209392018 0.000890131732 0.00776849425 0 0 0
nt@synapse_cleft 2935 -0.039913431 -0.00243344882 0.0109560261 0 0 0
nt@synapse_cleft 2938 0.0113145037 -0.0218138819 0.0157520291 0 0 0
nt@synapse_cleft 2940 0.00292874066 -0.0164398391 0.00279732488 0 0 0
nt@synapse_cleft 2945 -0.0212631804 -0.0124091946 0.00851115604 0 0 0
nt@synapse_cleft 2946 0.0053686031 -0.000794285163 0.000874114259 0 0 0
nt@synapse_cleft 2951 -0.0176900566 0.0106812968 0.00577878342 0 0 0
nt@synapse_cleft 2955 -0.0260901952 -0.00685442102 0.0138216766 0 0 0
nt@synapse_cleft 2961 0.0609764582 -0.0360908653 0.00586323147 0 0 0
nt@synapse_cleft 2962 0.0110463359 0.00386072471 0.012463336 0 0 0
nt@synapse_cleft 2967 -0.0289303551 -0.0471302 0.00428708762 0 0 0
nt@synapse_cleft 2982 -0.00751256398 0.00435793258 0.0114450329 0 0 0
nt@synapse_cleft 2983 0.0209603782 -0.0456457034 0.00622091445 0 0 0
nt@synapse_cleft 2992 -0.0404029575 0.0168842848 0.00745534584 0 0 0
nt@synapse_cleft 2993 -0.0153520955 0.0328203238 0.00172978786 0 0 0
nt@synapse_cleft 2997 0.0253814212 -0.0196678516 0.00615402463 0 0 0
nt@synapse_cleft 3006 0.00518075078 0.0399695067 0.0142592119 0 0 0
nt@synapse_cleft 3008 0.013658117 0.0551059313 0.0139181075 0 0 0
nt@synapse_cleft 3012 0.0216262036 -0.000846879899 0.00635261203 0 0 0
nt@synapse_cleft 3019 -0.0105349824 -0.00497456648 0.00565640127 0 0 0
nt@synapse_cleft 3020 -0.019448395 -0.0176938314 0.00975540007 0 0 0
nt@synapse_cleft 3024 0.014516409 0.0181484778 0.000160257662 0 0 0
nt@synapse_cleft 3026 -0.0134531602 0.00171895052 0.00387565253 0 0 0
nt@synapse_cleft 3042 0.00171564289 0.00617164025 0.0162082454 0 0 0
nt@synapse_cleft 3047 0.0306083176 0.0492409567 0.00625312097 0 0 0
nt@synapse_cleft 3057 0.016082102 -0.0189483283 0.0187043713 0 0 0
nt@synapse_cleft 3061 -0.0107203612 0.0283558448 0.0197100314 0 0 0
nt@synapse_cleft 3062 0.00848632395 -0.0266979035 0.0177973466 0 0 0
nt@synapse_cleft 3069 0.0487760795 -0.0389070536 0.00171672763 0 0 0
nt@synapse_cleft 3073 0.0048594329 0.0327031561 0.00420996747 0 0 0
nt@synapse_cleft 3076 -0.0278791273 -0.00162366681 0.0022521751 0 0 0
nt@synapse_cleft 3078 -0.0264965087 -0.0187714951 0.00319371955 0 0 0
nt@synapse_cleft 3082 0.0189879943 0.0257199238 0.0159558433 0 0 0
nt@synapse_cleft 3089 0.0138821605 -0.00979693064 0.00131940323 0 0 0
nt@synapse_cleft 3092 -0.00927517094 0.00844814491 0.0117970945 0 0 0
nt@synapse_cleft 3096 -0.00242854515 0.0222131538 0.00112387663 0 0 0
nt@synapse_cleft 3097 0.0383619452 0.0144108716 0.0100978717 0 0 0
nt@synapse_cleft 3099 -0.0283436818 0.013331589 0.0131126795 0 0 0
nt@synapse_cleft 3109 -0.0262433799 0.0260630515 0.00948890935 0 0 0
nt@synapse_cleft 3111 -0.00631003863 -0.0162353629 0.00115050962 0 0 0
nt@synapse_cleft 3113 -0.0111946863 0.020342733 0.0181189419 0 0 0
nt@synapse_cleft 3114 0.015759677 0.0253840077 0.0142309278 0 0 0
nt@synapse_cleft 3122 -0.00528258339 -0.00547428626 0.00641338237 0 0 0
nt@synapse_cleft 3132 -0.0260133829 -0.0034027605 0.00538029744 0 0 0
nt@synapse_cleft 3134 -0.00640518918 0.0386940882 0.0152418566 0 0 0
nt@synapse_cleft 3144 -0.00391283115 -0.0575382332 0.0167122765 0 0 0
nt@synapse_cleft 3147 -0.00267395428 0.00185467233 0.00790763246 0 0 0
nt@synapse_cleft 3150 0.0276891565 -0.063164003 0.00868953478 0 0 0
nt@synapse_cleft 3155 -0.00276627074 0.0119336465 0.0149064562 0 0 0
nt@synapse_cleft 3158 -0.02456199 0.00551971794 0.00234837149 0 0 0
nt@synapse_cleft 3159 -0.025135621 0.0163466551 0.0115310919 0 0 0
nt@synapse_cleft 3165 0.0284991958 0.00223759936 0.0116332305 0 0 0
nt@synapse_cleft 3167 0.000201546837 0.0121127314 0.0114347431 0 0 0
nt@synapse_cleft 3170 0.0291944608 -0.0134691372 0.0136146338 0 0 0
nt@synapse_cleft 3172 -0.0433469018 0.00924407963 0.00814516101 0 0 0
nt@synapse_cleft 3177 0.0107693537 -0.0276113702 0.00786174137 0 0 0
nt@synapse_cleft 3178 -0.00635906819 -0.0166896913 0.000665864459 0 0 0
nt@synapse_cleft 3179 0.0127598127 -0.00511484373 0.00506028495 0 0 0
nt@synapse_cleft 3181 0.0121429888 0.0157450448 0.0181244695 0 0 0
nt@synapse_cleft 3182 -0.0155247273 -0.0149070888 0.0138615736 0 0 0
nt@synapse_cleft 3183 -0.0106222385 -0.023206581 0.0170199416 0 0 0
nt@synapse_cleft 3184 0.00257858807 0.0169754332 0.0017701678 0 0 0
nt@synapse_cleft 3185 -0.014392965 -0.0123176617 0.00458787733 0 0 0
nt@synapse_cleft 3187 -0.0174318538 0.00205084982 0.00746731172 0 0 0
nt@synapse_cleft 3190 0.0185413886 -0.0103097679 0.00427940361 0 0 0
nt@synapse_cleft 3195 -0.0169414594 0.00329370072 0.00641843166 0 0 0
nt@synapse_cleft 3199 -0.00559379247 0.0419060693 0.0165988383 0 0 0
nt@synapse_cleft 3202 0.00294389834 0.0286903885 0.0180530089 0 0 0
nt@synapse_cleft 3207 -0.0144681311 -0.0023562983 0.0167558881 0 0 0
nt@synapse_cleft 3211 0.0134189691 0.00563085684 0.0111393958 0 0 0
nt@synapse_cleft 3214 0.008674708 -0.00341172902 0.014165388 0 0 0
nt@synapse_cleft 3219 0.00191546836 -0.0573800739 0.00257961381 0 0 0
nt@synapse_cleft 3220 -0.00241034998 0.0156815494 0.0121548403 0 0 0
nt@synapse_cleft 3222 -0.057930082 -0.0173707619 0.00626592116 0 0 0
nt@synapse_cleft 3227 0.0003392716 0.00407178081 0.011437406 0 0 0
nt@synapse_cleft 3230 -0.0579615523 -0.0256454986 0.00261644121 0 0 0
nt@synapse_cleft 3247 0.00562662814 -0.00119608941 0.0122409541 0 0 0
nt@synapse_cleft 3248 -0.0149021779 -0.0221091194 0.0159106282 0 0 0
nt@synapse_cleft 3249 0.00280274827 0.00795238056 0.0102308126 0 0 0
nt@synapse_cleft 3275 0.0014426646 -0.0107033603 0.0149147271 0 0 0
nt@synapse_cleft 3284 0.00805982516 0.00553739314 0.00817401023 0 0 0
nt@synapse_cleft 3302 0.00305614778 -0.0295805259 8.13518e-05 0 0 0
nt@synapse_cleft 3304 0.0216985225 0.0536321172 0.00156746688 0 0 0
nt@synapse_cleft 3308 -0.00878203091 0.0335267619 0.00579058072 0 0 0
nt@synapse_cleft 3311 -0.0325747825 0.0289290022 0.018224189 0 0 0
nt@synapse_cleft 3312 -0.010042985 -0.0192272609 0.00401577871 0 0 0
nt@synapse_cleft 3313 -0.00228480024 -0.014685512 0.0158015975 0 0 0
nt@synapse_cleft 3316 0.0149820088 -0.0117266822 0.00259603263 0 0 0
nt@synapse_cleft 3324 -0.0064042934 -0.00514754328 0.00237331417 0 0 0
nt@synapse_cleft 3326 0.00287464544 -0.013883791 0.0039613125 0 0 0
nt@synapse_cleft 3327 0.00294607528 -0.0380795933 0.0125668599 0 0 0
nt@synapse_cleft 3334 0.0174110718 0.0121985526 0.0121724782 0 0 0
nt@synapse_cleft 3335 0.0325954253 -0.00954746727 0.0169591047 0 0 0
nt@synapse_cleft 3338 -0.000192633704 -0.031494258 0.0110765237 0 0 0
nt@synapse_cleft 3341 0.00580533523 -0.00541041174 0.00631787636 0 0 0
nt@synapse_cleft 3342 -0.00564497208 0.00133011228 0.0182046512 0 0 0
nt@synapse_cleft 3347 0.0294413843 -0.045164388 0.00220585666 0 0 0
nt@synapse_cleft 3354 -0.00506727219 -0.0195553799 0.0113166818 0 0 0
nt@synapse_cleft 3367 0.00138766647 0.0232155661 0.00809588733 0 0 0
nt@synapse_cleft 3372 -0.027952194 -0.0104640853 0.0103833373 0 0 0
nt@synapse_cleft 3375 0.0472770941 0.00971060756 0.0155799368 0 0 0
nt@synapse_cleft 3378 0.0151380841 0.0286577996 0.0102620268 0 0 0
nt@synapse_cleft 3381 0.0122454126 0.0122961803 0.000564685296 0 0 0
nt@synapse_cleft 3394 -0.008082296 -0.0222537359 0.00833096192 0 0 0
nt@synapse_cleft 3401 0.0360489154 0.00176322194 0.0143336565 0 0 0
nt@synapse_cleft 3402 -0.00297862207 -0.000867115332 0.00171220027 0 0 0
nt@synapse_cleft 3404 0.0245609849 -0.0226193274 0.0184088837 0 0 0
nt@synapse_cleft 3405 0.0125287157 0.0228081699 0.000170314218 0 0 0
nt@synapse_cleft 3407 0.00237075687 0.0418537503 0.00585145021 0 0 0
nt@synapse_cleft 3413 0.0177359357 0.00610678439 0.00431771163 0 0 0
nt@synapse_cleft 3415 -0.0196239391 0.0126721868 0.0164311253 0 0 0
nt@synapse_cleft 3416 -0.0138781684 -0.0204664306 0.00313505594 0 0 0
nt@synapse_cleft 3419 -0.0377400577 0.0230038984 0.00933135133 0 0 0
nt@synapse_cleft 3429 0.0372755163 -0.0145692931 0.017605149 0 0 0
nt@synapse_cleft 3432 0.0509439237 -0.0576835422 0.0160373337 0 0 0
nt@synapse_cleft 3434 0.0138159894 -0.0222846738 0.00529683702 0 0 0
nt@synapse_cleft 3445 0.00932922369 0.0140515003 0.0145225837 0 0 0
nt@synapse_cleft 3451 0.0209947727 0.0169095557 0.00271954339 0 0 0
nt@synapse_cleft 3455 0.00773464569 -0.0100391856 0.0199799522 0 0 0
nt@synapse_cleft 3467 -0.0537702328 0.00737104785 0.0102972622 0 0 0
nt@synapse_cleft 3470 0.0347690721 -0.00799141362 0.0176002896 0 0 0
nt@synapse_cleft 3472 -0.0273157124 0.00899481341 0.0174404738 0 0 0
nt@synapse_cleft 3474 0.033750918 -0.00340881213 0.00234951797 0 0 0
nt@synapse_cleft 3482 -0.0506993003 -0.037587707 0.0146451462 0 0 0
nt@synapse_cleft 3484 -0.00934815939 0.0237175048 0.0160461537 0 0 0
nt@synapse_cleft 3496 0.0107976622 -0.00273187151 0.0179832086 0 0 0
nt@synapse_cleft 3500 0.0110018701 -0.0312726782 0.012876003 0 0 0
nt@synapse_cleft 3502 0.0326475461 0.0175900019 0.00942399488 0 0 0
nt@synapse_cleft 3507 -0.0222494012 -0.0123967004 0.00811046727 0 0 0
nt@synapse_cleft 3511 0.0288399198 -0.0175761905 0.0196159101 0 0 0
nt@synapse_cleft 3514 -0.0100328604 -0.0129950282 0.0175211771 0 0 0
nt@synapse_cleft 3519 0.0317666503 -0.0260116261 0.00689653434 0 0 0
nt@synapse_cleft 3525 -0.00078653895 -0.0144265955 0.00433281022 0 0 0
nt@synapse_cleft 3526 0.0170579733 -0.0370869025 0.00333189474 0 0 0
nt@synapse_cleft 3529 -0.037814939 -0.00227547579 0.00767916886 0 0 0
nt@synapse_cleft 3535 0.00535002182 -0.00748500605 0.0199442979 0 0 0
nt@synapse_cleft 3536 -0.0117461758 0.0115826851 0.00285497226 0 0 0
nt@synapse_cleft 3538 -0.0174215005 0.00276307439 0.00898158408 0 0 0
nt@synapse_cleft 3539 -0.0438314425 0.028518661 0.00488120858 0 0 0
nt@synapse_cleft 3542 -0.000639614159 0.0327046522 0.0113793806 0 0 0
nt@synapse_cleft 3543 -0.00723043399 -0.00444207806 0.0126660116 0 0 0
nt@synapse_cleft 3546 -0.0132513795 0.0123930615 0.00703931471 0 0 0
nt@synapse_cleft 3555 -0.0191611646 -0.0102236553 0.00864148842 0 0 0
nt@synapse_cleft 3561 -0.0145767761 0.0147428346 0.00184989936 0 0 0
nt@synapse_cleft 3562 -0.0490962844 -0.00438892062 0.0158889953 0 0 0
nt@synapse_cleft 3563 0.00468675226 -0.0137458818 0.0149132798 0 0 0
nt@synapse_cleft 3565 0.0246044223 -0.0172808788 0.00270704507 0 0 0
nt@synapse_cleft 3566 -0.000424031473 0.0453707119 0.00528406735 0 0 0
nt@synapse_cleft 3567 0.0069298239 0.0143940452 0.0152478136 0 0 0
nt@synapse_cleft 3568 0.0223205418 -0.023913987 0.0161184024 0 0 0
nt@synapse_cleft 3569 0.0210473258 -0.00380457012 0.0188097353 0 0 0
nt@synapse_cleft 3575 -0.0256380275 0.00702990066 0.00616340295 0 0 0
nt@synapse_cleft 3576 0.0276297358 0.00564067881 0.000999978167 0 0 0
nt@synapse_cleft 3579 0.000433460984 -0.0199154056 0.0060631143 0 0 0
nt@synapse_cleft 3583 -0.00322729023 0.00552377885 0.0178532984 0 0 0
nt@synapse_cleft 3585 0.0101517839 0.000421972486 0.016456357 0 0 0
nt@synapse_cleft 3592 0.0323390926 0.0246406742 0.0194072514 0 0 0
nt@synapse_cleft 3595 -0.0183538657 -0.00344530387 0.006985928 0 0 0
nt@synapse_cleft 3597 0.0117251591 -0.0264885544 0.00953072096 0 0 0
nt@synapse_cleft 3599 0.0201504114 -0.0382908929 0.0122462292 0 0 0
nt@synapse_cleft 3602 -0.0351083471 -0.00550424399 0.00469573698 0 0 0
nt@synapse_cleft 3603 -0.00888455386 0.019821307 0.00917625497 0 0 0
nt@synapse_cleft 3606 -0.0101440948 -0.00715730751 0.0102198756 0 0 0
nt@synapse_cleft 3610 -0.00942552792 0.000270446193 0.00250552687 0 0 0
nt@synapse_cleft 3611 0.0144468018 0.00202828848 0.000208645949 0 0 0
nt@synapse_cleft 3616 -0.0283352698 0.0369591828 0.011498751 0 0 0
nt@synapse_cleft 3617 -0.0058728642 -0.0507677601 0.0130535951 0 0 0
nt@synapse_cleft 3620 0.00663989499 0.0304722913 0.0123058383 0 0 0
nt@synapse_cleft 3625 0.014621459 0.00617974441 0.0199988153 0 0 0
nt@synapse_cleft 3630 0.0163001714 0.0202306017 0.00609146413 0 0 0
nt@synapse_cleft 3635 -0.00862559838 0.0050381506 0.00451073648 0 0 0
nt@synapse_cleft 3636 -0.0219257745 -0.0175326281 0.00950989089 0 0 0
nt@synapse_cleft 3637 0.0502163529 0.0237822149 0.00918022739 0 0 0
nt@synapse_cleft 3640 -0.0160925678 0.00291354481 0.0146594535 0 0 0
nt@synapse_cleft 3642 -0.0239528495 0.000663588927 0.0196351985 0 0 0
nt@synapse_cleft 3645 -0.0042440673 -0.0146523806 0.00600866082 0 0 0
nt@synapse_cleft 3654 0.00261769569 0.0509204313 0.00754759152 0 0 0
nt@synapse_cleft 3656 0.00205705973 -0.00727405373 0.011991339 0 0 0
nt@synapse_cleft 3658 0.0201775872 -0.0171018817 0.0147742267 0 0 0
nt@synapse_cleft 3661 0.0226077972 -0.00175989179 0.0111588069 0 0 0
nt@synapse_cleft 3664 0.0393734524 -0.0208806478 0.00862826316 0 0 0
nt@synapse_cleft 3667 -0.0108202474 0.0131465297 0.00784367303 0 0 0
nt@synapse_cleft 3670 0.0256918177 -0.0368071853 0.0145906369 0 0 0
nt@synapse_cleft 3676 -0.0346910881 0.00621988639 0.00708334 0 0 0
nt@synapse_cleft 3680 0.0127870029 -0.00781342791 0.00681073651 0 0 0
nt@synapse_cleft 3681 0.032888499 -0.00189703022 0.00385521608 0 0 0
nt@synapse_cleft 3687 -0.00358051813 0.00642752921 0.0157481953 0 0 0
nt@synapse_cleft 3689 -0.00994345506 -0.00219375322 0.0123770844 0 0 0
nt@synapse_cleft 3690 0.0189205325 -0.0138255836 0.0196192102 0 0 0
nt@synapse_cleft 3693 -0.0566146883 -0.0282183629 0.00222117002 0 0 0
nt@synapse_cleft 3706 0.033100059 0.00388463853 0.0147839346 0 0 0
nt@synapse_cleft 3707 -0.0421250379 0.000419884347 0.00845934361 0 0 0
nt@synapse_cleft 3713 0.0246326469 -0.0284520954 0.0151088256 0 0 0
nt@synapse_cleft 3714 -0.0599351283 -0.00222278945 0.0142188554 0 0 0
nt@synapse_cleft 3726 0.0103302928 -0.0641600388 0.0162724112 0 0 0
nt@synapse_cleft 3728 0.00683726796 0.0120282712 0.00803710548 0 0 0
nt@synapse_cleft 3730 0.0199328552 0.0247902866 0.0181045005 0 0 0
nt@synapse_cleft 3731 -0.00722524835 0.0086666784 0.0181677894 0 0 0
nt@synapse_cleft 3732 0.0043677239 -0.0124494278 0.0169160382 0 0 0
nt@synapse_cleft 3734 0.00777374062 0.00226371717 0.0188683863 0 0 0
nt@synapse_cleft 3737 0.00425933715 0.00641764837 0.0164125812 0 0 0
nt@synapse_cleft 3738 -0.000221520908 0.0236847034 0.0184900351 0 0 0
nt@synapse_cleft 3739 0.00667841449 0.0485933952 0.012221208 0 0 0
nt@synapse_cleft 3745 0.00159786246 0.0202575312 0.00139624743 0 0 0
nt@synapse_cleft 3751 0.01164896 -0.00149146157 0.00383475189 0 0 0
nt@synapse_cleft 3758 -0.0230861304 -0.0196955611 0.00675333518 0 0 0
nt@synapse_cleft 3759 -0.00141228103 -0.0131609267 0.00134032757 0 0 0
nt@synapse_cleft 3760 -0.0144989055 0.0490245928 0.00883850914 0 0 0
nt@synapse_cleft 3763 0.0544591005 0.0265816525 0.0168627906 0 0 0
nt@synapse_cleft 3768 0.00940219855 -0.0198773493 0.00548525139 0 0 0
nt@synapse_cleft 3770 0.00381152758 0.0108724423 0.0105566204 0 0 0
nt@synapse_cleft 3771 0.0180953124 0.0104994247 0.00898233942 0 0 0
nt@synapse_cleft 3775 0.00103026165 0.0108693004 0.00695564326 0 0 0
nt@synapse_cleft 3783 -0.0259183408 0.000846012665 0.019406109 0 0 0
nt@synapse_cleft 3788 -0.0208249001 -0.0190227595 0.0110384893 0 0 0
nt@synapse_cleft 3793 -0.0113291294 -0.0162780722 0.00406212237 0 0 0
nt@synapse_cleft 3800 0.0342513865 -0.0100852371 0.0138993099 0 0 0
nt@synapse_cleft 3801 -0.0186222169 -0.00512501037 0.0186539787 0 0 0
nt@synapse_cleft 3802 0.0294599439 0.008699529 0.00636341161 0 0 0
nt@synapse_cleft 3811 -0.0386965976 -0.00728147738 0.0113855321 0 0 0
nt@synapse_cleft 3820 -0.0359267227 0.000532397995 0.00426677467 0 0 0
nt@synapse_cleft 3821 0.0302477553 0.0300031304 0.010647217 0 0 0
nt@synapse_cleft 3827 0.00742569882 0.0182077722 0.0123956022 0 0 0
nt@synapse_cleft 3831 -0.00548936976 -0.0484650877 0.000540695688 0 0 0
nt@synapse_cleft 3834 0.0445494072 -0.0128899328 0.0113541444 0 0 0
nt@synapse_cleft 3835 0.0230261102 -0.0334382889 0.00575423803 0 0 0
nt@synapse_cleft 3841 0.0176197506 -0.0123792227 0.0184664182 0 0 0
nt@synapse_cleft 3844 -0.0139462137 -0.00607524132 0.0189677348 0 0 0
nt@synapse_cleft 3846 -0.0103853024 0.00782871228 0.0142607321 0 0 0
nt@synapse_cleft 3848 0.0199286429 0.0219830466 0.0188284899 0 0 0
nt@synapse_cleft 3850 -0.0136680338 -0.0122283802 0.0136751451 0 0 0
nt@synapse_cleft 3859 0.0305243133 0.0118398744 0.0106775541 0 0 0
nt@synapse_cleft 3869 0.0159704932 -0.02898907 0.0176809542 0 0 0
nt@synapse_cleft 3879 0.01080601 -0.0367914759 0.0151687046 0 0 0
nt@synapse_cleft 3886 0.00976105143 0.0370645471 0.0168485361 0 0 0
nt@synapse_cleft 3891 -0.00166447384 -0.0170042661 0.0153379823 0 0 0
nt@synapse_cleft 3902 -0.0130431889 0.00113158764 0.0062209158 0 0 0
nt@synapse_cleft 3907 -0.0220457297 -0.0173311112 0.00844588276 0 0 0
nt@synapse_cleft 3908 -0.01503254 0.0315502286 0.00182181312 0 0 0
nt@synapse_cleft 3909 0.0145074893 0.0366976311 0.0021872177 0 0 0
nt@synapse_cleft 3917 -0.00553911579 -0.00872416033 0.00640639737 0 0 0
nt@synapse_cleft 3918 -0.00140118552 -0.00892667154 0.00338748993 0 0 0
nt@synapse_cleft 3921 0.0211215013 0.0301020519 0.0133026216 0 0 0
nt@synapse_cleft 3927 0.0028081698 0.033614436 0.0139742817 0 0 0
nt@synapse_cleft 3932 0.00881108946 -0.0118289284 0.0125976435 0 0 0
nt@synapse_cleft 3936 -0.0317187958 0.0192015985 0.0185902014 0 0 0
nt@synapse_cleft 3940 0.00382382298 -0.0201581208 0.00206531113 0 0 0
nt@synapse_cleft 3941 -0.0176189767 0.00806402018 0.000686067782 0 0 0
nt@synapse_cleft 3949 -0.0142630788 0.00561340275 0.0071539169 0 0 0
nt@synapse_cleft 3952 -0.015313385 -0.000165895928 0.0139137481 0 0 0
nt@synapse_cleft 3953 0.0067356171 -0.006496853 8.51092432e-05 0 0 0
nt@synapse_cleft 3956 -0.00734272215 -0.0197719834 0.0123251436 0 0 0
nt@synapse_cleft 3957 0.0216301929 -0.00177087825 0.0168717235 0 0 0
nt@synapse_cleft 3958 0.0186768685 0.0203317695 0.00816545255 0 0 0
nt@synapse_cleft 3962 -0.0322146715 0.018988548 0.00232490144 0 0 0
nt@synapse_cleft 3963 0.0213767909 0.0325055687 0.00625339714 0 0 0
nt@synapse_cleft 3965 -0.0330709568 -0.000117408985 0.0127358564 0 0 0
nt@synapse_cleft 3967 0.0203711603 -0.0175427228 0.00556913941 0 0 0
nt@synapse_cleft 3968 0.0195277087 -0.00136928187 0.0192686704 0 0 0
nt@synapse_cleft 3969 0.00647188757 -0.0336428775 0.0119231368 0 0 0
nt@synapse_cleft 3971 0.0137076626 -0.0260313469 0.0036327773 0 0 0
nt@synapse_cleft 3973 0.0147804677 -0.00296980027 0.014728681 0 0 0
nt@synapse_cleft 3974 -0.0288530992 0.0273713736 0.0120473929 0 0 0
nt@synapse_cleft 3977 0.00401540461 0.027945418 0.000525260611 0 0 0
nt@synapse_cleft 3978 0.0204065825 0.00214452369 0.0199294013 0 0 0
nt@synapse_cleft 3983 -0.0146606708 -0.0298047048 0.00476799158 0 0 0
nt@synapse_cleft 3988 -0.0121211452 -0.0297367064 0.00880425121 0 0 0
nt@synapse_cleft 3989 0.0482692364 0.0102385207 0.00547110039 0 0 0
nt@synapse_cleft 3991 0.070470709 -0.0159061314 0.0100053882 0 0 0
nt@synapse_cleft 3992 0.00297637556 0.016500956 0.0190523495 0 0 0
nt@synapse_cleft 3993 -0.0291470217 -0.00198837437 0.00288104727 0 0 0
nt@synapse_cleft 3995 -0.0455116667 0.0105425381 0.00400585053 0 0 0
nt@synapse_cleft 3997 -0.0460808166 -0.000603168004 0.0183234561 0 0 0
nt@synapse_cleft 3999 -0.0326566144 -0.00989564 0.0121228834 0 0 0
nt@synapse_cleft 4009 0.0138872689 -0.00777256236 0.009379537 0 0 0
nt@synapse_cleft 4011 0.00558646818 -0.00935098467 8.1281093e-06 0 0 0
nt@synapse_cleft 4016 0.0017534514 0.0576431147 0.00857186803 0 0 0
nt@synapse_cleft 4018 0.00398761526 0.00725199623 0.00152150869 0 0 0
nt@synapse_cleft 4022 -0.0215019137 -0.00929625541 0.00791144196 0 0 0
nt@synapse_cleft 4024 -0.0085270541 0.0371179792 0.00135596898 0 0 0
nt@synapse_cleft 4025 -0.0286871843 0.00137983653 0.0197807432 0 0 0
nt@synapse_cleft 4027 0.0093556661 -0.0161814528 0.00562710421 0 0 0
nt@synapse_cleft 4028 -0.0173765524 0.0204040288 0.00154340596 0 0 0
nt@synapse_cleft 4029 0.0297699737 0.00551276601 0.00743019805 0 0 0
nt@synapse_cleft 4033 -0.0130787722 -0.0184859177 0.00874702328 0 0 0
nt@synapse_cleft 4037 -0.00906630681 0.0292103093 0.0117072049 0 0 0
nt@synapse_cleft 4040 0.00344821017 0.0053690473 0.0142299033 0 0 0
nt@synapse_cleft 4047 -0.0098048998 0.0179877891 0.0186438021 0 0 0
nt@synapse_cleft 4048 0.023731362 0.0232380568 0.0191967019 0 0 0
nt@synapse_cleft 4049 0.0310704933 0.00579954858 0.0160246283 0 0 0
nt@synapse_cleft 4051 0.0141449405 0.00633190179 0.00881130345 0 0 0
nt@synapse_cleft 4064 0.0141831773 0.0013031405 0.0120466139 0 0 0
nt@synapse_cleft 4070 -0.0131142339 0.0209810257 0.0133743137 0 0 0
nt@synapse_cleft 4071 -0.0371860945 -0.0314861772 0.00959817995 0 0 0
nt@synapse_cleft 4087 0.0044036592 0.0374016097 0.00763630148 0 0 0
nt@synapse_cleft 4094 0.0312455017 -0.0381345968 0.0114512904 0 0 0
nt@synapse_cleft 4095 0.0189329123 0.0177161647 0.0172291588 0 0 0
nt@synapse_cleft 4097 -0.00378563992 -0.0215164924 0.00812482051 0 0 0
nt@synapse_cleft 4099 -0.00659550331 0.0249907698 0.00819524694 0 0 0
nt@synapse_cleft 4102 0.0340772078 -0.0212514069 0.0157575373 0 0 0
nt@synapse_cleft 4103 -0.0108100575 -0.00288248686 0.00692178597 0 0 0
nt@synapse_cleft 4106 0.0156796643 0.00884565782 0.00931744101 0 0 0
nt@synapse_cleft 4110 -0.0218696153 0.00938504014 0.00554826146 0 0 0
nt@synapse_cleft 4111 0.0329760714 0.0137169033 0.00360681674 0 0 0
nt@synapse_cleft 4115 0.000351671115 0.012126235 0.0106001245 0 0 0
nt@synapse_cleft 4116 0.000226907657 -0.00300471815 0.00774343338 0 0 0
nt@synapse_cleft 4119 0.0262674511 -0.0411502964 0.0157157038 0 0 0
nt@synapse_cleft 4123 0.0237897899 0.0190621311 0.00277415032 0 0 0
nt@synapse_cleft 4126 0.0324373065 -0.0256923445 0.0108597037 0 0 0
nt@synapse_cleft 4129 -0.0267543723 0.00929171117 0.000500515531 0 0 0
nt@synapse_cleft 4131 -0.0284641447 0.0135343251 0.00442350707 0 0 0
nt@synapse_cleft 4132 0.0274357323 0.0167894694 0.00900975581 0 0 0
nt@synapse_cleft 4135 0.00255201387 -0.0106431875 0.0101013066 0 0 0
nt@synapse_cleft 4143 -0.0293364438 -0.00984789491 0.0180946079 0 0 0
nt@synapse_cleft 4144 0.0044519445 0.00014538151 0.000857143819 0 0 0
nt@synapse_cleft 4150 -0.0355298524 -0.0563684676 0.00963368679 0 0 0
nt@synapse_cleft 4153 -0.0105807352 -0.0172666836 0.00339293095 0 0 0
nt@synapse_cleft 4155 0.0150981269 -0.0396190405 0.0124704939 0 0 0
nt@synapse_cleft 4156 0.0232562055 -0.00521794209 0.000121608431 0 0 0
nt@synapse_cleft 4157 0.00169468097 0.0124338623 0.0102487779 0 0 0
nt@synapse_cleft 4158 -0.00283263802 0.00419426915 0.00352347582 0 0 0
nt@synapse_cleft 4162 0.0273409434 -0.0225203292 0.0144260208 0 0 0
nt@synapse_cleft 4163 -0.00326922482 0.0303732035 0.0186227281 0 0 0
nt@synapse_cleft 4170 -0.054459976 0.00390164271 0.0142075356 0 0 0
nt@synapse_cleft 4172 -0.0314965965 -0.00044582365 0.0149913299 0 0 0
nt@synapse_cleft 4177 -0.0381235537 0.0516548254 0.00465803608 0 0 0
nt@synapse_cleft 4178 -0.0197416645 -0.051817405 0.0114206351 0 0 0
nt@synapse_cleft 4184 0.00858614239 -0.0149317686 0.00333433626 0 0 0
nt@synapse_cleft 4186 -0.00623831584 -0.00570296839 0.0116873704 0 0 0
nt@synapse_cleft 4187 -0.0250044384 -0.0111630234 0.0159251655 0 0 0
nt@synapse_cleft 4193 -0.00884058819 -0.0275501664 0.0122679991 0 0 0
nt@synapse_cleft 4196 -0.0287843866 0.0138594067 0.00818811543 0 0 0
nt@synapse_cleft 4210 0.0171354911 -0.000988753879 0.00979095919 0 0 0
nt@synapse_cleft 4214 -0.0425192397 0.00390997077 0.00989710914 0 0 0
nt@synapse_cleft 4215 0.0155405651 -0.0452413402 0.0139859124 0 0 0
nt@synapse_cleft 4220 -0.0105878043 -0.0179219071 0.00901559708 0 0 0
nt@synapse_cleft 4228 0.0205181225 -0.00849160011 0.011849399 0 0 0
nt@synapse_cleft 4229 -0.0254273322 -0.0214018912 0.0198206031 0 0 0
nt@synapse_cleft 4230 -0.00406313273 0.0249110488 0.00676068572 0 0 0
nt@synapse_cleft 4233 0.00446042411 0.0131324305 0.00769759008 0 0 0
nt@synapse_cleft 4234 -0.00333535209 -0.014871782 0.000798968732 0 0 0
nt@synapse_cleft 4236 -0.00750237848 0.0058465818 0.0199337581 0 0 0
nt@synapse_cleft 4237 0.0061506769 -0.0325393382 0.0103077736 0 0 0
nt@synapse_cleft 4238 -0.0181775682 -0.0367840657 0.0132150888 0 0 0
nt@synapse_cleft 4241 -0.0404369366 -0.000570400254 0.00660710867 0 0 0
nt@synapse_cleft 4242 0.0106293616 -0.00305858505 0.0184174932 0 0 0
nt@synapse_cleft 4243 0.0217842609 -0.00849073731 0.0190296129 0 0 0
nt@synapse_cleft 4252 0.0414938057 -0.0167225406 0.0189025949 0 0 0
nt@synapse_cleft 4254 0.00770073882 0.0139628305 0.00951234083 0 0 0
nt@synapse_cleft 4255 -0.0180536023 -0.0444410019 0.0193980122 0 0 0
nt@synapse_cleft 4262 0.0376101591 -0.0100934217 0.00631704471 0 0 0
nt@synapse_cleft 4271 0.00433659081 -0.0186133039 0.019355401 0 0 0
nt@synapse_cleft 4272 -0.00354742638 0.024423761 0.0110088516 0 0 0
nt@synapse_cleft 4279 0.00540722758 -0.0209506715 0.0156681787 0 0 0
nt@synapse_cleft 4283 -0.0294447989 -0.00357697978 0.0190635204 0 0 0
nt@synapse_cleft 4284 0.0312520847 -0.00664885047 0.00219361254 0 0 0
nt@synapse_cleft 4285 -0.027961459 0.0445195824 0.00196826295 0 0 0
nt@synapse_cleft 4287 0.0487531824 0.00115313964 0.0142187575 0 0 0
nt@synapse_cleft 4288 0.0150319923 -0.0250722862 0.0192268255 0 0 0
nt@synapse_cleft 4293 -0.00307589795 -0.0234811651 0.0073884352 0 0 0
nt@synapse_cleft 4297 0.0356689867 -0.0263837522 0.00121952413 0 0 0
nt@synapse_cleft 4301 0.0138309513 -0.00686253983 0.0117372518 0 0 0
nt@synapse_cleft 4308 0.01117389 0.00253830714 0.0139872416 0 0 0
nt@synapse_cleft 4312 -0.0148660067 -0.0246336031 0.0154221854 0 0 0
nt@synapse_cleft 4317 -0.00234385596 0.0233397566 0.00919217986 0 0 0
nt@synapse_cleft 4318 -0.0186888331 -0.0185316129 0.0107220542 0 0 0
nt@synapse_cleft 4322 0.0129848497 0.0173245915 0.00918738064 0 0 0
nt@synapse_cleft 4326 0.0209183789 -0.010605743 0.00427729997 0 0 0
nt@synapse_cleft 4330 -0.00925806717 0.00976810019 0.00678394825 0 0 0
nt@synapse_cleft 4334 -0.00394551883 -0.00768974868 0.0139824139 0 0 0
nt@synapse_cleft 4339 -0.0206669656 -0.00623132306 0.00618929442 0 0 0
nt@synapse_cleft 4343 -0.0120294529 -0.0351567001 0.0157885662 0 0 0
nt@synapse_cleft 4346 -0.00239126271 -0.0141448843 0.0191956536 0 0 0
nt@synapse_cleft 4351 0.0442396678 0.0107864117 0.00522769106 0 0 0
nt@synapse_cleft 4359 0.0175811861 0.00611858122 0.0118469803 0 0 0
nt@synapse_cleft 4360 0.0188454703 0.0121760658 0.0190815829 0 0 0
nt@synapse_cleft 4363 -0.0424170963 -0.00305358938 0.00813890178 0 0 0
nt@synapse_cleft 4365 0.0194830178 0.00716482028 0.0164918454 0 0 0
nt@synapse_cleft 4372 0.00288704463 -0.00968004181 0.0126831998 0 0 0
nt@synapse_cleft 4374 -0.0198221484 -0.00837073946 0.0152494713 0 0 0
nt@synapse_cleft 4376 -0.0391623762 0.00405621886 0.00522240919 0 0 0
nt@synapse_cleft 4379 0.041776704 -0.0344525376 0.0141972155 0 0 0
nt@synapse_cleft 4381 -0.00298872223 -0.0250605326 0.00527727469 0 0 0
nt@synapse_cleft 4386 -0.00552658471 -0.032243438 0.0169006135 0 0 0
nt@synapse_cleft 4391 0.00936042223 -0.0277729072 0.0116788463 0 0 0
nt@synapse_cleft 4392 -0.00402600323 -7.62471393e-06 0.0127018646 0 0 0
nt@synapse_cleft 4394 0.0187962903 -0.0159281591 0.0122592423 0 0 0
nt@synapse_cleft 4395 0.0105360082 -0.0220876673 0.00162784069 0 0 0
nt@synapse_cleft 4396 0.0103722981 -0.0362158365 0.0138474735 0 0 0
nt@synapse_cleft 4398 -0.0246851651 0.00243721676 0.0141456405 0 0 0
nt@synapse_cleft 4399 0.0326470081 0.0214867397 0.0106915878 0 0 0
nt@synapse_cleft 4403 -0.0101857049 -0.0224269582 0.00888776373 0 0 0
nt@synapse_cleft 4405 -0.0211476635 -0.0150971236 0.00214164454 0 0 0
nt@synapse_cleft 4407 0.0329389459 -0.0440128398 0.00106053297 0 0 0
nt@synapse_cleft 4414 0.00984678563 -0.0134347743 0.0018082209 0 0 0
nt@synapse_cleft 4416 -0.0188937615 0.0109183093 0.00560655471 0 0 0
nt@synapse_cleft 4423 0.0290214127 -0.00946637272 0.00362841245 0 0 0
nt@synapse_cleft 4424 -0.0325538606 -0.0016582861 0.0183683096 0 0 0
nt@synapse_cleft 4426 0.011414789 -0.0108369346 0.00436291637 0 0 0
nt@synapse_cleft 4430 -0.00534217359 -0.00648216585 0.00703926885 0 0 0
nt@synapse_cleft 4431 0.0036651383 -0.00742200259 0.00585674308 0 0 0
nt@synapse_cleft 4434 0.0223644226 -0.0219145423 0.0186047509 0 0 0
nt@synapse_cleft 4436 0.0273740539 0.00699510505 0.00741061723 0 0 0
nt@synapse_cleft 4446 0.00429026093 0.0444857548 0.00866167238 0 0 0
nt@synapse_cleft 4449 0.023762069 0.0462852003 0.00801432281 0 0 0
nt@synapse_cleft 4453 -0.0296979982 0.0108480033 0.00488113795 0 0 0
nt@synapse_cleft 4464 0.0123822058 -0.0345006188 0.0169316484 0 0 0
nt@synapse_cleft 4470 -0.0115801556 -0.0263534531 0.00841726939 0 0 0
nt@synapse_cleft 4473 -0.00288400925 -0.0169911293 0.00469365912 0 0 0
nt@synapse_cleft 4478 -0.00708705486 0.0269987284 0.0154282177 0 0 0
nt@synapse_cleft 4480 0.00827919434 0.0211618649 0.0160646105 0 0 0
nt@synapse_cleft 4482 -0.016727588 0.00505539806 0.0154554456 0 0 0
nt@synapse_cleft 4485 0.0185131879 -0.0118240194 0.00236118204 0 0 0
nt@synapse_cleft 4488 0.0248034645 -0.00256661821 0.0161612432 0 0 0
nt@synapse_cleft 4489 0.0221496479 0.0043061205 0.00794028688 0 0 0
nt@synapse_cleft 4491 -0.0103272295 0.0299776456 0.00376750052 0 0 0
nt@synapse_cleft 4496 -0.0526740479 0.0329641092 0.0113997813 0 0 0
nt@synapse_cleft 4499 -0.00980803508 0.00150321385 0.00168376666 0 0 0
nt@synapse_cleft 4501 0.00916133016 0.00477528353 0.0191346246 0 0 0
nt@synapse_cleft 4514 0.00770141372 0.0114946404 0.00319223347 0 0 0
nt@synapse_cleft 4517 -0.0357353841 0.041070906 0.00342730195 0 0 0
nt@synapse_cleft 4524 0.0031758894 -0.0276048703 0.0106783947 0 0 0
nt@synapse_cleft 4527 0.0279669834 -0.0314789662 0.0140995656 0 0 0
nt@synapse_cleft 4533 0.00545608767 -0.00541286651 0.0026863822 0 0 0
nt@synapse_cleft 4538 -0.0300413909 -0.0355529596 0.0041154018 0 0 0
nt@synapse_cleft 4540 0.0313703761 -0.000344195949 0.000533657614 0 0 0
nt@synapse_cleft 4542 0.00837891154 0.0291096146 0.00263000445 0 0 0
nt@synapse_cleft 4545 -0.00883372197 0.0112381672 0.00984632326 0 0 0
nt@synapse_cleft 4551 -0.00939413575 0.0149910795 0.0181031778 0 0 0
nt@synapse_cleft 4553 -0.028703 0.00766587212 0.00469448547 0 0 0
nt@synapse_cleft 4559 -0.00543466335 0.032966733 0.00967418843 0 0 0
nt@synapse_cleft 4565 -0.037462865 -0.02194794 0.0147313065 0 0 0
nt@synapse_cleft 4572 0.00340316788 0.0155874281 0.00522793148 0 0 0
nt@synapse_cleft 4574 0.0314214692 -0.0156402827 0.00296249763 0 0 0
nt@synapse_cleft 4576 -0.0378771487 -0.0165708875 0.0175777542 0 0 0
nt@synapse_cleft 4583 -0.005894935 -0.00528737338 0.0010501995 0 0 0
nt@synapse_cleft 4587 0.0262688266 0.00282831875 0.0118394079 0 0 0
nt@synapse_cleft 4590 -0.0547909531 -0.0235262962 0.0197454012 0 0 0
nt@synapse_cleft 4593 -0.0287627867 0.0424233018 0.0163711587 0 0 0
nt@synapse_cleft 4594 0.0182965492 0.00317178895 0.00132480064 0 0 0
nt@synapse_cleft 4595 0.0252159885 -0.0244453052 0.0150691611 0 0 0
nt@synapse_cleft 4598 0.0291460396 -0.00189572192 0.00614086718 0 0 0
nt@synapse_cleft 4600 -0.0291896356 0.000572356444 0.00581712861 0 0 0
nt@synapse_cleft 4607 -0.00310098868 0.0446811401 0.0102316893 0 0 0
nt@synapse_cleft 4613 0.045109508 -0.00627026697 0.0140108778 0 0 0
nt@synapse_cleft 4620 0.000870979635 -0.00252256275 0.0124443972 0 0 0
nt@synapse_cleft 4622 0.0497843414 0.0476048271 0.0122092242 0 0 0
nt@synapse_cleft 4624 0.0127531197 -0.0209266623 0.0132596088 0 0 0
nt@synapse_cleft 4626 0.0190987651 0.00327946813 0.0141259396 0 0 0
nt@synapse_cleft 4628 -0.0158337922 -0.00421498771 0.00574091299 0 0 0
nt@synapse_cleft 4641 0.0147023743 -0.0160025989 0.00280974483 0 0 0
nt@synapse_cleft 4654 0.013993082 -0.0278918214 0.0169958214 0 0 0
nt@synapse_cleft 4658 -0.0287201811 0.0292387297 0.0192910397 0 0 0
nt@synapse_cleft 4659 -0.0560215257 0.0212151853 0.0107390383 0 0 0
nt@synapse_cleft 4660 0.0328196509 -0.0267955688 0.016301624 0 0 0
nt@synapse_cleft 4661 0.0210582078 -0.0268640768 0.00332203161 0 0 0
nt@synapse_cleft 4664 0.00509257311 -0.00661621212 0.00799710295 0 0 0
nt@synapse_cleft 4666 0.0508673748 0.0230682577 0.0178407975 0 0 0
nt@synapse_cleft 4667 -0.034238849 0.0390592755 0.0146357503 0 0 0
nt@synapse_cleft 4671 -0.00403490983 -0.0281291924 0.00592146587 0 0 0
nt@synapse_cleft 4681 0.014982831 -0.0172675956 0.0192170948 0 0 0
nt@synapse_cleft 4687 -0.00673550464 -0.00528359041 0.015232736 0 0 0
nt@synapse_cleft 4699 -0.0255485607 0.0158519784 0.00447284338 0 0 0
nt@synapse_cleft 4700 -0.0286472797 0.065509611 0.0150859821 0 0 0
nt@synapse_cleft 4701 0.0168646045 0.0162126109 0.0056112565 0 0 0
nt@synapse_cleft 4706 0.0119297124 -0.021271818 0.00693149913 0 0 0
nt@synapse_cleft 4709 -0.00357795926 0.0156152607 0.00636068577 0 0 0
nt@synapse_cleft 4710 -0.0104364667 -0.0428454109 0.00416203467 0 0 0
nt@synapse_cleft 4718 0.0347316182 0.00969579216 0.00606291842 0 0 0
nt@synapse_cleft 4732 -0.0212103244 0.00258983457 0.00146599978 0 0 0
nt@synapse_cleft 4736 0.00419874046 -0.00732222721 0.0081413226 0 0 0
nt@synapse_cleft 4746 -0.0458408794 -0.00140153972 0.0027685506 0 0 0
nt@synapse_cleft 4750 0.00752334993 -0.0649662466 0.010587777 0 0 0
nt@synapse_cleft 4752 -0.000839586357 -0.00309761434 0.0143795635 0 0 0
nt@synapse_cleft 4753 -0.0202794247 0.0127474934 0.00336057975 0 0 0
nt@synapse_cleft 4754 -0.00437296784 0.0129103642 0.0107470415 0 0 0
nt@synapse_cleft 4756 -0.0136435958 0.018568335 0.00859767343 0 0 0
nt@synapse_cleft 4758 -0.0465250031 0.0149478813 0.015571387 0 0 0
nt@synapse_cleft 4764 0.0172887571 -0.0187174831 0.017735846 0 0 0
nt@synapse_cleft 4767 0.019996718 0.0164816132 0.00197161759 0 0 0
nt@synapse_cleft 4779 0.0321948779 -0.0340784704 0.00013637401 0 0 0
nt@synapse_cleft 4784 0.0126839472 0.0079008702 0.0170900821 0 0 0
nt@synapse_cleft 4786 -0.00310771187 0.000472172671 0.0117183028 0 0 0
nt@synapse_cleft 4791 0.0254261824 -0.0116954864 0.0153497712 0 0 0
nt@synapse_cleft 4793 -0.0331851545 0.0140983044 0.0196942239 0 0 0
nt@synapse_cleft 4797 0.00380606386 -0.0399543571 0.00741166618 0 0 0
nt@synapse_cleft 4800 0.0172095396 -0.00038107799 0.00266282035 0 0 0
nt@synapse_cleft 4801 -0.02570503 0.00594405092 0.00419458415 0 0 0
nt@synapse_cleft 4807 0.0116987294 -0.0116973625 0.0086368808 0 0 0
nt@synapse_cleft 4809 -0.0264968294 -0.0316370765 0.0152519315 0 0 0
nt@synapse_cleft 4812 0.00410644641 -0.0544492972 0.00207839975 0 0 0
nt@synapse_cleft 4813 -0.0385243477 -0.0737675627 0.00635111273 0 0 0
nt@synapse_cleft 4814 -0.0187857467 0.0237379516 0.00551716006 0 0 0
nt@synapse_cleft 4816 -0.0332848988 -0.0206080565 0.00747995897 0 0 0
nt@synapse_cleft 4822 -0.000641057037 -0.0158768856 0.00309657404 0 0 0
nt@synapse_cleft 4823 0.0028488267 0.00956421351 0.0118893757 0 0 0
nt@synapse_cleft 4824 0.00269105374 -0.0187004911 0.00632909541 0 0 0
nt@synapse_cleft 4825 -0.0126464268 0.0276855604 0.00380744719 0 0 0
nt@synapse_cleft 4829 0.0216390356 -0.0633925732 0.0174432537 0 0 0
nt@synapse_cleft 4830 -0.0109573116 0.0135525587 0.00970485917 0 0 0
nt@synapse_cleft 4833 -0.0161915647 -0.0300251749 0.0152581166 0 0 0
nt@synapse_cleft 4838 -0.0117686187 0.0269554492 0.0127768727 0 0 0
nt@synapse_cleft 4839 0.00302438612 0.00684767281 0.0199023033 0 0 0
nt@synapse_cleft 4844 0.0466344784 -0.0218699229 0.00971574471 0 0 0
nt@synapse_cleft 4852 -0.0136686336 -0.0113937145 0.0169309136 0 0 0
nt@synapse_cleft 4854 0.0436702673 -0.0155077095 0.00839604052 0 0 0
nt@synapse_cleft 4855 0.0445311372 0.0102900335 0.0115522475 0 0 0
nt@synapse_cleft 4869 -0.0206637395 0.0152703689 0.0198336615 0 0 0
nt@synapse_cleft 4871 0.0197959962 0.0119593457 0.00378545834 0 0 0
nt@synapse_cleft 4872 -0.034150553 0.0171924398 0.0166510301 0 0 0
nt@synapse_cleft 4880 -0.00838421114 -0.0197361785 0.0101322954 0 0 0
nt@synapse_cleft 4882 -0.0127989107 -0.0295992465 0.00108167678 0 0 0
nt@synapse_cleft 4883 -0.0206243452 0.00906254188 0.0175095354 0 0 0
nt@synapse_cleft 4886 0.0220880393 -0.00777485355 0.0155098255 0 0 0
nt@synapse_cleft 4890 0.00511456816 0.00243539282 0.00676445676 0 0 0
nt@synapse_cleft 4891 -0.00714005775 -0.0191113485 0.00983389108 0 0 0
nt@synapse_cleft 4892 -0.0312436411 0.0226903017 0.00389927516 0 0 0
nt@synapse_cleft 4896 -0.0199616467 -0.0338951969 0.0193341754 0 0 0
nt@synapse_cleft 4897 0.0326644772 -0.0138072534 0.00262816679 0 0 0
nt@synapse_cleft 4901 0.00672879142 0.0240693707 0.00950202891 0 0 0
nt@synapse_cleft 4905 -0.011250697 -0.00720334043 0.00152916586 0 0 0
nt@synapse_cleft 4906 0.00212563833 -0.0273631259 0.0104659952 0 0 0
nt@synapse_cleft 4918 -0.00941082456 0.0133226583 0.00461450655 0 0 0
nt@synapse_cleft 4919 0.01772646 -0.00491340765 0.00345288359 0 0 0
nt@synapse_cleft 4925 0.0208095283 -0.00288692113 0.0192618892 0 0 0
nt@synapse_cleft 4928 0.00513505236 0.0478427972 0.00826253012 0 0 0
nt@synapse_cleft 4931 0.00301845367 -0.00722809277 0.00464731286 0 0 0
nt@synapse_cleft 4937 -0.0620218199 -0.0122415026 0.0120354798 0 0 0
nt@synapse_cleft 4939 -0.0198958511 -0.00735250935 0.0133653485 0 0 0
nt@synapse_cleft 4946 -0.0101774171 0.00580355752 0.00139349874 0 0 0
nt@synapse_cleft 4956 0.0106212633 -0.00135860428 0.00797696393 0 0 0
nt@synapse_cleft 4967 0.000967676171 0.00239454741 0.00204290599 0 0 0
nt@synapse_cleft 4972 0.0306685594 -0.0165431777 0.0151196101 0 0 0
nt@synapse_cleft 4973 0.00111803936 0.0368846249 0.0125231365 0 0 0
nt@synapse_cleft 4979 -0.00660399163 -0.00272303114 0.00149051528 0 0 0
nt@synapse_cleft 4980 0.00271396575 0.00235421611 0.0196971948 0 0 0
nt@synapse_cleft 4981 -0.0122181623 -0.0267084575 0.0110811887 0 0 0
nt@synapse_cleft 4982 0.00831875221 -0.0123611849 0.00480126492 0 0 0
nt@synapse_cleft 4983 -0.0280020942 0.0273254639 0.00902041447 0 0 0
nt@synapse_cleft 4988 0.00741093107 -0.00278417331 0.0157823804 0 0 0
nt@synapse_cleft 4989 -0.0109161641 -0.00849858594 0.0114168448 0 0 0
nt@synapse_cleft 4991 -0.00520268181 -0.0114631742 0.0145684486 0 0 0
nt@synapse_cleft 4994 -0.0341264735 0.0212331521 0.00828758086 0 0 0
nt@synapse_cleft 5004 -0.0217834019 0.024333623 0.001494891 0 0 0
nt@synapse_cleft 5006 0.00847004469 -0.00546481647 0.00829120959 0 0 0
nt@synapse_cleft 5009 -0.0199123307 0.0126151638 0.0146030337 0 0 0
nt@synapse_cleft 5010 0.0235002685 0.0323723062 0.013755267 0 0 0
nt@synapse_cleft 5011 -0.00391725332 -0.0161754381 0.00166040574 0 0 0
nt@synapse_cleft 5015 -0.0288943369 -0.0187545893 0.00370450258 0 0 0
nt@synapse_cleft 5024 -0.00895389903 -0.0151146397 0.0143494916 0 0 0
nt@synapse_cleft 5030 0.00700745696 0.0312293721 0.0151687468 0 0 0
nt@synapse_cleft 5044 -0.0348199838 0.00331699202 0.0161184587 0 0 0
nt@synapse_cleft 5045 0.0273069046 0.0197748284 0.00427302736 0 0 0
nt@synapse_cleft 5046 0.00304081573 -0.00807040791 0.00523982227 0 0 0
nt@synapse_cleft 5052 -0.0163960019 -0.00687544481 0.0167048658 0 0 0
nt@synapse_cleft 5055 -0.0123072683 0.0110069142 0.0110711415 0 0 0
nt@synapse_cleft 5059 -0.0403241419 0.0304417049 0.0167908032 0 0 0
nt@synapse_cleft 5061 0.022415474 -0.027221459 0.00214848966 0 0 0
nt@synapse_cleft 5063 -0.0160723841 0.0130026165 0.00701975935 0 0 0
nt@synapse_cleft 5065 0.018056106 -0.0267379669 0.0156435263 0 0 0
nt@synapse_cleft 5072 0.00255621394 0.00835154443 0.000885549333 0 0 0
nt@synapse_cleft 5077 0.0393642517 -0.01717262 0.0103686959 0 0 0
nt@synapse_cleft 5079 0.00613319476 0.0144177369 0.0188933294 0 0 0
nt@synapse_cleft 5081 0.00981467727 0.0167754785 0.00214525253 0 0 0
nt@synapse_cleft 5082 0.0130252216 0.0506805543 0.0149118777 0 0 0
nt@synapse_cleft 5086 0.0303575118 0.0275322311 0.00880890837 0 0 0
nt@synapse_cleft 5105 0.00673458467 -0.0298064069 0.00926517399 0 0 0
nt@synapse_cleft 5106 0.00289663283 -0.0186471625 0.0162909222 0 0 0
nt@synapse_cleft 5111 -0.018989584 -0.0293454519 0.0130294032 0 0 0
nt@synapse_cleft 5126 -0.0324405211 -0.0116370156 0.009270975 0 0 0
nt@synapse_cleft 5133 -0.0164574722 0.02270013 0.0133735387 0 0 0
nt@synapse_cleft 5135 -0.0149719681 -0.00891821449 0.0129060112 0 0 0
nt@synapse_cleft 5145 0.009266963 0.0168739157 0.0105342855 0 0 0
nt@synapse_cleft 5154 0.0147500363 0.0299153062 0.0192203158 0 0 0
nt@synapse_cleft 5159 -0.0280882928 0.000676314562 0.011859816 0 0 0
nt@synapse_cleft 5160 0.0364721699 -0.0152030408 0.00945476217 0 0 0
nt@synapse_cleft 5163 0.00500965598 0.015564454 0.00643951403 0 0 0
nt@synapse_cleft 5164 0.0105268202 -0.0262214562 0.00317489036 0 0 0
nt@synapse_cleft 5173 -0.0345281956 0.00193805 0.0181566558 0 0 0
nt@synapse_cleft 5175 -0.0300284263 0.00765345011 0.0176421222 0 0 0
nt@synapse_cleft 5176 -0.0293863886 0.0562791033 0.0185515807 0 0 0
nt@synapse_cleft 5179 0.0310782155 0.000856745436 0.00476077982 0 0 0
nt@synapse_cleft 5182 0.0359606289 0.0107235621 0.00156801204 0 0 0
nt@synapse_cleft 5183 0.0237285037 0.0111375723 0.00371281543 0 0 0
nt@synapse_cleft 5186 0.0170458993 -0.0137396332 0.0114037563 0 0 0
nt@synapse_cleft 5188 0.026120337 0.00349116285 0.00369976684 0 0 0
nt@synapse_cleft 5193 0.0170760336 0.00655283935 0.0158368024 0 0 0
nt@synapse_cleft 5196 -0.0139433971 -0.00579232733 0.00694296546 0 0 0
nt@synapse_cleft 5198 -0.00633800234 -0.0220347068 0.00565188981 0 0 0
