nt@synapse_cleft 0 0.012131804 -0.00350732656 0.0126325023 0 0 0
nt@synapse_cleft 2 -0.0440966853 0.0150147172 0.0187099773 0 0 0
nt@synapse_cleft 7 0.0122769245 0.0105738462 0.0114629182 0 0 0
nt@synapse_cleft 9 0.0224952186 -0.0253286046 0.0160731945 0 0 0
nt@synapse_cleft 12 0.00214555877 0.0351353071 0.00786288905 0 0 0
nt@synapse_cleft 15 -0.0134869978 0.0181470078 0.0115624903 0 0 0
nt@synapse_cleft 17 0.0205308565 0.0024162347 0.0023845863 0 0 0
nt@synapse_cleft 23 0.00223419465 -0.0509735097 0.0106613492 0 0 0
nt@synapse_cleft 26 -0.0303346882 0.00241633444 0.0101425302 0 0 0
nt@synapse_cleft 30 0.0119135955 -0.0297329345 0.0059034055 0 0 0
nt@synapse_cleft 35 0.00213574353 0.0278696697 0.0176601763 0 0 0
nt@synapse_cleft 42 0.00316360575 0.00587084749 0.017466227 0 0 0
nt@synapse_cleft 45 -0.00542755516 0.0152302806 0.00937676936 0 0 0
nt@synapse_cleft 54 0.00364213857 0.0324219307 0.014596909 0 0 0
nt@synapse_cleft 56 -0.0245398039 -0.00626835227 0.0180113262 0 0 0
nt@synapse_cleft 59 0.0374931991 0.0195155979 0.0161551193 0 0 0
nt@synapse_cleft 72 -0.0209001765 0.0187317602 0.0120298689 0 0 0
nt@synapse_cleft 81 0.0124992897 -0.0316238063 6.75293414e-05 0 0 0
nt@synapse_cleft 87 -0.00992889867 -0.0239586005 0.0117505978 0 0 0
nt@synapse_cleft 89 0.0355448422 0.0025094793 0.0105664289 0 0 0
nt@synapse_cleft 100 -0.0114077557 -0.0183403195 0.0141763988 0 0 0
nt@synapse_cleft 102 -0.0199527497 0.0235120385 0.00520925662 0 0 0
nt@synapse_cleft 103 0.0289107924 -0.0208585938 0.0122563095 0 0 0
nt@synapse_cleft 111 -0.0334195224 0.0323819425 0.0184516296 0 0 0
nt@synapse_cleft 114 0.0403152472 -0.0145259836 0.0198454239 0 0 0
nt@synapse_cleft 115 -0.00460407144 -0.0289464029 0.0101758926 0 0 0
nt@synapse_cleft 116 -0.0306239513 -0.0166224889 0.00925903633 0 0 0
nt@synapse_cleft 135 -0.0207220234 -0.0252437579 0.00960522962 0 0 0
nt@synapse_cleft 137 -0.0497084115 -0.0423997483 0.0036464693 0 0 0
nt@synapse_cleft 148 -0.00387390859 0.063044751 0.00594752576 0 0 0
nt@synapse_cleft 150 -0.0248913934 0.0161050301 0.00598311287 0 0 0
nt@synapse_cleft 156 -0.02310394 -0.00739693292 0.0161485424 0 0 0
nt@synapse_cleft 157 -0.0285622494 0.00227602871 0.0174219511 0 0 0
nt@synapse_cleft 162 -0.0213981486 -0.032896014 0.0136357651 0 0 0
nt@synapse_cleft 167 -0.00533760957 -0.0381310958 0.00158381501 0 0 0
nt@synapse_cleft 168 -0.0248830822 -0.0264654346 0.0102598984 0 0 0
nt@synapse_cleft 186 -0.0197015579 -0.0017125226 0.0132663846 0 0 0
nt@synapse_cleft 188 -0.0111936469 -0.0095732461 0.00933355765 0 0 0
nt@synapse_cleft 192 -0.0117727032 0.0396808322 0.0164085791 0 0 0
nt@synapse_cleft 194 -0.0120912037 -0.0105221244 0.0146940802 0 0 0
nt@synapse_cleft 195 0.0314547981 0.0469384408 0.00838760206 0 0 0
nt@synapse_cleft 197 0.0100707089 -0.020620621 0.000780375777 0 0 0
nt@synapse_cleft 199 0.0368129787 0.0183492506 0.0110904734 0 0 0
nt@synapse_cleft 203 0.00776502113 -0.00495707878 0.00191740592 0 0 0
nt@synapse_cleft 206 0.000610368714 -0.0159428785 0.0182581466 0 0 0
nt@synapse_cleft 210 -0.0311608883 0.0165571439 2.24813618e-05 0 0 0
nt@synapse_cleft 224 -0.0131160026 0.0520532491 8.09684499e-06 0 0 0
nt@synapse_cleft 231 0.0168974838 0.0414751249 0.0112714064 0 0 0
nt@synapse_cleft 235 0.0231722768 -0.0190984256 0.0165625103 0 0 0
nt@synapse_cleft 244 -0.0169029453 0.00193257731 0.0179828256 0 0 0
nt@synapse_cleft 248 0.0334917113 -0.0242894977 0.00914701831 0 0 0
nt@synapse_cleft 256 -0.0415787795 -0.0148914543 0.0178709711 0 0 0
nt@synapse_cleft 263 0.0510735061 0.0146251008 0.00256119046 0 0 0
nt@synapse_cleft 268 0.00199668457 -0.0106532201 0.00941024433 0 0 0
nt@synapse_cleft 272 0.0103526018 -0.0565750178 0.0159731452 0 0 0
nt@synapse_cleft 284 -0.0365573855 0.0817164144 0.0187888914 0 0 0
nt@synapse_cleft 293 0.0302884821 -0.00358627354 0.0191323353 0 0 0
nt@synapse_cleft 306 0.0159098212 -0.0294531773 0.00106341902 0 0 0
nt@synapse_cleft 307 0.0170512054 0.00418363633 0.012561051 0 0 0
nt@synapse_cleft 308 0.018219867 0.0288261405 0.00885770725 0 0 0
nt@synapse_cleft 310 0.0305088572 0.00409444113 0.00864395279 0 0 0
nt@synapse_cleft 318 -0.0299226825 0.00897614086 0.012469932 0 0 0
nt@synapse_cleft 319 0.0570857676 0.00575587604 0.00829517649 0 0 0
nt@synapse_cleft 321 0.0444966847 0.0115450172 0.000578087572 0 0 0
nt@synapse_cleft 325 -0.052496387 0.0735372982 0.0129256023 0 0 0
nt@synapse_cleft 331 0.0511349299 -0.0158859944 0.0143257535 0 0 0
nt@synapse_cleft 347 0.00829504297 -0.00047591838 0.00498117976 0 0 0
nt@synapse_cleft 348 0.00398233511 -0.0189184591 0.00453986788 0 0 0
nt@synapse_cleft 350 0.0173983442 0.00957767373 0.0130313393 0 0 0
nt@synapse_cleft 352 -0.0104975435 0.0274039921 0.00299272606 0 0 0
nt@synapse_cleft 356 -0.0309338219 0.0137745245 0.00470438343 0 0 0
nt@synapse_cleft 361 -0.02372192 0.00712526229 0.01789827 0 0 0
nt@synapse_cleft 371 -0.0037444219 0.0338525942 0.0119272095 0 0 0
nt@synapse_cleft 372 0.00751316276 0.0303040672 0.00871780282 0 0 0
nt@synapse_cleft 376 -0.0113461176 -0.000816369567 0.0117282753 0 0 0
nt@synapse_cleft 381 -0.0145735183 -0.0209979048 0.00298642212 0 0 0
nt@synapse_cleft 385 0.00684419457 0.0166143433 0.0138428157 0 0 0
nt@synapse_cleft 391 0.0211253734 -0.0320016796 0.0164726078 0 0 0
nt@synapse_cleft 395 -0.00427776659 -0.0132929897 0.0116372959 0 0 0
nt@synapse_cleft 402 -0.00472797121 0.0511650106 0.0149862891 0 0 0
nt@synapse_cleft 406 -0.0333740599 -0.0382985738 0.00715020948 0 0 0
nt@synapse_cleft 421 -0.044610755 0.0235925716 0.0176842321 0 0 0
nt@synapse_cleft 426 0.0367699865 -0.0110764071 0.0183746727 0 0 0
nt@synapse_cleft 429 -0.0210842285 0.034232608 0.0187676366 0 0 0
nt@synapse_cleft 440 0.0357425233 -9.33587101e-05 0.0047690095 0 0 0
nt@synapse_cleft 444 0.00336526428 0.0360933949 0.00751514275 0 0 0
nt@synapse_cleft 449 0.0033160145 -0.0131404247 0.00261115415 0 0 0
nt@synapse_cleft 452 0.0350148767 0.0495434147 0.018858474 0 0 0
nt@synapse_cleft 453 0.00794856597 -0.0110302507 0.00765052819 0 0 0
nt@synapse_cleft 455 0.00314184601 -0.0287190667 0.0155961023 0 0 0
nt@synapse_cleft 477 0.0133626561 0.0104329248 0.013179808 0 0 0
nt@synapse_cleft 479 -0.00822220824 0.0163636031 0.0153485492 0 0 0
nt@synapse_cleft 480 -0.0486864322 0.0214247087 0.00103296557 0 0 0
nt@synapse_cleft 482 0.0101953076 -0.00121878735 0.00403636151 0 0 0
nt@synapse_cleft 483 0.0014698748 -0.023658547 0.00385211199 0 0 0
nt@synapse_cleft 484 -0.0037120922 -0.0411655914 0.00724728951 0 0 0
nt@synapse_cleft 499 0.0234889865 0.0206882791 0.0029892022 0 0 0
nt@synapse_cleft 501 0.00772751166 0.0152438469 0.0065695328 0 0 0
nt@synapse_cleft 503 0.0127243263 -0.0202069804 0.0168299065 0 0 0
nt@synapse_cleft 509 -0.0153319668 0.0510170364 0.00320014775 0 0 0
nt@synapse_cleft 510 0.0175258849 0.00850669461 0.0154622183 0 0 0
nt@synapse_cleft 514 -0.0273422904 0.00407710062 0.0135094249 0 0 0
nt@synapse_cleft 522 -0.0458544391 0.0169275553 0.0126855129 0 0 0
nt@synapse_cleft 524 -0.0138697641 0.0320398736 0.0171153652 0 0 0
nt@synapse_cleft 530 0.0219573257 -0.00762617921 0.0133867397 0 0 0
nt@synapse_cleft 536 -0.0285661628 -0.0366697262 0.00360260708 0 0 0
nt@synapse_cleft 544 0.0332100732 0.0176195581 0.00663427305 0 0 0
nt@synapse_cleft 546 -0.0439892389 0.0163821119 0.00674537797 0 0 0
nt@synapse_cleft 548 -0.0181152577 0.0193475808 0.0139138916 0 0 0
nt@synapse_cleft 549 0.0326220468 -0.0317595321 0.0144469471 0 0 0
nt@synapse_cleft 551 -0.000372023034 -0.00922823224 0.0198822702 0 0 0
nt@synapse_cleft 552 0.0227875462 0.00662713158 0.00542404079 0 0 0
nt@synapse_cleft 557 -0.0271229845 -0.00932605074 0.0151575015 0 0 0
nt@synapse_cleft 558 -0.00805416774 -0.0218804511 0.000239078731 0 0 0
nt@synapse_cleft 563 -0.0124135998 -0.0558058196 0.00812862506 0 0 0
nt@synapse_cleft 568 -0.00140615333 0.0060176386 0.0145209926 0 0 0
nt@synapse_cleft 572 -0.0329013002 0.0122076599 0.00447414754 0 0 0
nt@synapse_cleft 575 0.00483607573 -0.00311819865 0.0110474032 0 0 0
nt@synapse_cleft 581 0.00250556796 -0.00610980708 0.0134431041 0 0 0
nt@synapse_cleft 583 0.01106009 0.0223696993 0.0175925723 0 0 0
nt@synapse_cleft 586 0.00864850378 0.0186504237 0.000815387261 0 0 0
nt@synapse_cleft 591 -0.0200699482 0.0179199321 0.0052695374 0 0 0
nt@synapse_cleft 593 -0.000406700073 0.0357284743 0.0188471221 0 0 0
nt@synapse_cleft 594 0.0330883328 0.018882866 0.0107530509 0 0 0
nt@synapse_cleft 595 -0.00535147992 -0.0313193629 0.00840833527 0 0 0
nt@synapse_cleft 596 -0.0180456756 -0.000215174624 0.0167425009 0 0 0
nt@synapse_cleft 598 0.00145869643 0.00200074247 0.0182982771 0 0 0
nt@synapse_cleft 618 -0.0101713251 -0.0325525822 0.00160335517 0 0 0
nt@synapse_cleft 620 -0.0263242822 0.00169858961 0.0096435459 0 0 0
nt@synapse_cleft 624 0.0169730326 -0.00373858878 0.00437704561 0 0 0
nt@synapse_cleft 627 -0.0113702686 -0.023175294 0.0118466789 0 0 0
nt@synapse_cleft 629 -0.00473827155 0.00779871718 0.00101328935 0 0 0
nt@synapse_cleft 630 0.00425129074 0.0130934483 0.00302962748 0 0 0
nt@synapse_cleft 633 -0.0148643693 0.0242782872 0.00805006245 0 0 0
nt@synapse_cleft 634 0.00981138866 0.00124758672 0.00788477743 0 0 0
nt@synapse_cleft 639 -0.0104780705 -0.0254845607 0.000787847099 0 0 0
nt@synapse_cleft 645 -0.0101563228 -0.0121940505 0.0180675069 0 0 0
nt@synapse_cleft 647 0.0152420378 0.0310562889 0.00330419172 0 0 0
nt@synapse_cleft 661 -0.0196503847 -0.0213027512 0.0163941339 0 0 0
nt@synapse_cleft 662 -0.0133784661 0.00872392627 0.00795512105 0 0 0
nt@synapse_cleft 664 -0.0148619331 0.0124822935 0.0193224516 0 0 0
nt@synapse_cleft 674 -0.0170377556 0.024339885 0.000497332212 0 0 0
nt@synapse_cleft 675 0.0100323877 0.00379851836 0.00874349435 0 0 0
nt@synapse_cleft 678 0.012227445 -0.0196866514 0.00690243476 0 0 0
nt@synapse_cleft 679 -0.0320985882 -0.00106642952 0.0167694977 0 0 0
nt@synapse_cleft 681 -0.000198960888 -0.026075973 0.00462268635 0 0 0
nt@synapse_cleft 684 -0.0179358714 -0.013811416 0.000913596207 0 0 0
nt@synapse_cleft 689 0.0248148033 0.0074228321 0.0192740029 0 0 0
nt@synapse_cleft 691 0.0213045941 0.0119904788 9.86255315e-05 0 0 0
nt@synapse_cleft 693 0.0135998652 0.0171521372 0.00993548262 0 0 0
nt@synapse_cleft 695 -0.01860018 0.0368552802 0.0188185457 0 0 0
nt@synapse_cleft 698 0.0116456109 0.0225228795 0.0180850218 0 0 0
nt@synapse_cleft 699 -0.0275314738 -0.0656025624 0.0164230913 0 0 0
nt@synapse_cleft 704 0.0100327048 0.0300506953 0.00203085971 0 0 0
nt@synapse_cleft 712 -0.0205822587 -0.00464751187 0.00266597032 0 0 0
nt@synapse_cleft 720 0.0269817162 -0.0457970088 0.00166740706 0 0 0
nt@synapse_cleft 721 0.00544080644 -0.0234905673 0.00336641121 0 0 0
nt@synapse_cleft 726 -0.0170684115 -0.0123955155 0.0088007721 0 0 0
nt@synapse_cleft 727 -0.0113176323 0.0202296188 0.0108928137 0 0 0
nt@synapse_cleft 728 0.0105866518 0.0037615992 0.00407588969 0 0 0
nt@synapse_cleft 732 0.0179830231 0.0441766393 0.00712975733 0 0 0
nt@synapse_cleft 735 -0.0495543216 0.0136592604 0.000844473379 0 0 0
nt@synapse_cleft 737 0.0432124255 0.00433590501 0.0156758313 0 0 0
nt@synapse_cleft 741 0.0273140488 -0.000294802106 0.000566247749 0 0 0
nt@synapse_cleft 750 0.0270723441 0.0185706903 0.0177325543 0 0 0
nt@synapse_cleft 754 -0.00492211823 -0.0106298427 0.0169444539 0 0 0
nt@synapse_cleft 755 0.0132768695 0.0162111137 0.004582377 0 0 0
nt@synapse_cleft 760 -0.0114217291 -0.0533662748 0.000529940378 0 0 0
nt@synapse_cleft 762 0.00619087691 -0.022292504 0.0181508742 0 0 0
nt@synapse_cleft 765 -0.0345341537 0.041894978 0.0167590416 0 0 0
nt@synapse_cleft 768 -0.0233533508 -0.000875401513 0.0147021256 0 0 0
nt@synapse_cleft 769 0.00484867886 0.0475289806 0.012150551 0 0 0
nt@synapse_cleft 774 0.00317171219 0.0291788087 0.00379370228 0 0 0
nt@synapse_cleft 779 -0.0178886163 0.0223750926 0.000761394305 0 0 0
nt@synapse_cleft 784 0.0171814191 0.00734537188 0.0156999121 0 0 0
nt@synapse_cleft 797 -0.0094937912 0.0261988202 0.00480329163 0 0 0
nt@synapse_cleft 803 -0.022322493 -0.0420610776 0.0123471657 0 0 0
nt@synapse_cleft 814 0.0402063178 0.0372573486 0.00606165236 0 0 0
nt@synapse_cleft 816 0.00734744068 -0.0181289892 0.00432546082 0 0 0
nt@synapse_cleft 817 0.0202998526 -0.00831913429 0.0165028046 0 0 0
nt@synapse_cleft 828 0.0085258764 -0.0258097964 0.0190202246 0 0 0
nt@synapse_cleft 831 0.00689110295 -0.0206426012 0.000300430621 0 0 0
nt@synapse_cleft 833 -0.0109199245 -0.00395406649 0.0145867498 0 0 0
nt@synapse_cleft 837 -0.0174501626 -0.0139965989 0.0189086723 0 0 0
nt@synapse_cleft 844 -0.0131472727 0.0125623288 0.0199966168 0 0 0
nt@synapse_cleft 847 0.0236006876 -0.0038210829 0.0173951829 0 0 0
nt@synapse_cleft 850 0.00420491036 0.0155859005 0.00560521447 0 0 0
nt@synapse_cleft 854 -0.00172912698 0.0216916545 0.00297689664 0 0 0
nt@synapse_cleft 866 -0.00457438427 -0.0187799072 0.00867205855 0 0 0
nt@synapse_cleft 871 0.0029724796 0.00964377586 0.0186306266 0 0 0
nt@synapse_cleft 872 0.024294355 -0.0260512882 0.0125785761 0 0 0
nt@synapse_cleft 877 -0.0434881798 0.0124005098 0.0104368418 0 0 0
nt@synapse_cleft 884 0.00473224506 0.00585951333 0.0163378874 0 0 0
nt@synapse_cleft 904 -0.0442870383 0.00219220274 0.00382981275 0 0 0
nt@synapse_cleft 908 -0.0431138492 0.00349416712 0.00540758766 0 0 0
nt@synapse_cleft 909 0.0227374313 0.00380679558 0.00234758293 0 0 0
nt@synapse_cleft 913 -0.0225285611 0.0106977694 0.015624659 0 0 0
nt@synapse_cleft 918 0.0666393415 0.000642168044 0.0197950025 0 0 0
nt@synapse_cleft 920 0.0178777881 -0.0133772943 0.0128736298 0 0 0
nt@synapse_cleft 925 -0.0265646664 0.0332931698 0.00956554596 0 0 0
nt@synapse_cleft 932 0.0210840034 -0.0459935883 0.00208012474 0 0 0
nt@synapse_cleft 938 -0.00313695135 0.0112707977 0.0049170501 0 0 0
nt@synapse_cleft 940 -0.0562304876 -0.0292694493 0.00601216935 0 0 0
nt@synapse_cleft 942 0.0146356598 -0.0254444433 0.00535326419 0 0 0
nt@synapse_cleft 943 0.0238320723 -0.00696126785 0.0105741066 0 0 0
nt@synapse_cleft 944 -0.00813368434 -0.0565820288 0.00331993921 0 0 0
nt@synapse_cleft 945 -0.00463095722 0.0307416278 0.00297641509 0 0 0
nt@synapse_cleft 947 -0.0196660756 0.0153904744 0.0135133715 0 0 0
nt@synapse_cleft 953 -0.0367681832 0.0192381976 0.0164260912 0 0 0
nt@synapse_cleft 954 0.0164831514 -0.0145580599 0.00262090635 0 0 0
nt@synapse_cleft 957 0.0458712859 -0.0181632061 0.0106935995 0 0 0
nt@synapse_cleft 961 -0.0285872618 -0.0134177623 0.0120975282 0 0 0
nt@synapse_cleft 967 0.0307552325 -0.00664515095 0.0124912079 0 0 0
nt@synapse_cleft 976 -0.0163608696 0.0281224838 0.0174679691 0 0 0
nt@synapse_cleft 978 -0.0444930854 -0.0151835071 0.012372531 0 0 0
nt@synapse_cleft 991 0.0296726301 -0.00302438311 0.0167977509 0 0 0
nt@synapse_cleft 992 0.0225916952 0.00376827629 0.00703896534 0 0 0
nt@synapse_cleft 994 -0.0351108012 -0.0165464303 0.019096358 0 0 0
nt@synapse_cleft 998 0.00535744515 -0.00181073331 0.00322677405 0 0 0
nt@synapse_cleft 999 0.0498006176 -0.0316542383 0.0037259006 0 0 0
nt@synapse_cleft 1002 0.0177115736 0.0458653244 0.00942447054 0 0 0
nt@synapse_cleft 1004 -0.0143110836 0.00594169924 0.00253373877 0 0 0
nt@synapse_cleft 1011 0.0271108145 0.0262468126 0.00919758468 0 0 0
nt@synapse_cleft 1013 -0.0328795142 0.0459915592 0.0180334908 0 0 0
nt@synapse_cleft 1016 -0.0337343762 0.0131742997 0.0105467153 0 0 0
nt@synapse_cleft 1018 -0.00732084209 -0.0175469383 0.00534246379 0 0 0
nt@synapse_cleft 1024 -0.0362889654 -0.0172729086 0.0134902841 0 0 0
nt@synapse_cleft 1025 -0.00943807519 -0.0273361774 0.00551539879 0 0 0
nt@synapse_cleft 1027 0.021382707 0.0420689686 0.0141737866 0 0 0
nt@synapse_cleft 1035 -0.0282128799 -0.0116496271 0.0133330382 0 0 0
nt@synapse_cleft 1047 0.0246811082 -0.0504211123 0.00244734784 0 0 0
nt@synapse_cleft 1048 -0.00623622328 -0.0525663733 0.00363100091 0 0 0
nt@synapse_cleft 1050 0.0083191063 -0.0479855682 0.0124875995 0 0 0
nt@synapse_cleft 1056 -0.00623211696 0.0605697066 0.00399206239 0 0 0
nt@synapse_cleft 1062 0.0367657171 -0.00971164239 0.00778451136 0 0 0
nt@synapse_cleft 1077 -0.0300772643 -0.00847975928 0.0173930915 0 0 0
nt@synapse_cleft 1080 -0.0328412031 0.0204977348 0.0122675509 0 0 0
nt@synapse_cleft 1092 -0.014274304 -0.0145355826 0.0105535021 0 0 0
nt@synapse_cleft 1102 -0.0157951143 -0.022121146 0.00161512308 0 0 0
nt@synapse_cleft 1107 -0.0112563047 0.00327378777 0.0192497853 0 0 0
nt@synapse_cleft 1108 0.0150309759 0.0235362906 0.00292191916 0 0 0
nt@synapse_cleft 1110 0.0183666273 0.0183735836 0.0116009902 0 0 0
nt@synapse_cleft 1113 -0.019783994 0.0122933443 0.0018528747 0 0 0
nt@synapse_cleft 1114 0.0162601199 -0.0289768998 0.00834860456 0 0 0
nt@synapse_cleft 1121 0.00572540776 0.0473382378 0.00050244304 0 0 0
nt@synapse_cleft 1127 -0.0126338574 0.00851203505 0.00301478235 0 0 0
nt@synapse_cleft 1130 0.0361664323 -0.016672975 0.00981540272 0 0 0
nt@synapse_cleft 1136 -0.00596073793 -0.0580087424 0.00719966035 0 0 0
nt@synapse_cleft 1138 0.0214774969 0.00284629162 0.0179971788 0 0 0
nt@synapse_cleft 1140 0.00803610668 -0.0362439315 0.0198801053 0 0 0
nt@synapse_cleft 1144 -0.0128918131 -0.00956664646 0.0053115344 0 0 0
nt@synapse_cleft 1145 0.061219152 -0.00852955435 0.00715960652 0 0 0
nt@synapse_cleft 1149 -0.0294902226 -0.00204589342 0.00729397415 0 0 0
nt@synapse_cleft 1152 0.0259374561 0.00585127337 0.0182839366 0 0 0
nt@synapse_cleft 1157 0.0237519044 -0.0521706819 0.0130739824 0 0 0
nt@synapse_cleft 1165 0.0225268753 0.0404678539 0.00733752916 0 0 0
nt@synapse_cleft 1166 -0.00622886848 0.00607627672 0.00544189511 0 0 0
nt@synapse_cleft 1167 0.0399888819 0.0251943519 0.00935406943 0 0 0
nt@synapse_cleft 1172 -0.00502348794 -0.00259395577 0.00664801925 0 0 0
nt@synapse_cleft 1177 -0.00334524522 0.080585374 0.00128064001 0 0 0
nt@synapse_cleft 1179 0.00935840394 -0.0206698431 0.0148382616 0 0 0
nt@synapse_cleft 1186 -0.063373105 -0.00287884843 0.00188877721 0 0 0
nt@synapse_cleft 1188 0.0202253349 -0.0522003584 0.00168152864 0 0 0
nt@synapse_cleft 1193 -0.0390462445 -0.00360550134 0.0103201483 0 0 0
nt@synapse_cleft 1200 -0.00850442753 0.0188002297 0.0136203745 0 0 0
nt@synapse_cleft 1203 0.00181507723 0.00697298182 0.00398863632 0 0 0
nt@synapse_cleft 1204 -0.00150606424 0.0160290841 0.0135953168 0 0 0
nt@synapse_cleft 1205 -0.0326568405 -0.020526312 0.0141409233 0 0 0
nt@synapse_cleft 1206 -0.0291912518 0.00381715859 0.0154164152 0 0 0
nt@synapse_cleft 1218 -0.00195468858 0.031627019 0.0193369782 0 0 0
nt@synapse_cleft 1219 -0.00353438816 0.0104151635 0.0166378859 0 0 0
nt@synapse_cleft 1237 -0.0160065979 -0.0359768769 0.00950327402 0 0 0
nt@synapse_cleft 1238 -0.062372433 -0.0348707115 0.0191659445 0 0 0
nt@synapse_cleft 1243 -0.0152302387 0.00171122536 0.0155163686 0 0 0
nt@synapse_cleft 1248 0.0113002126 0.0431223386 0.00900120782 0 0 0
nt@synapse_cleft 1251 -0.0335272947 0.00930723602 0.0154237338 0 0 0
nt@synapse_cleft 1252 -0.0279643669 -0.00169076309 0.00194534658 0 0 0
nt@synapse_cleft 1254 -0.0259991136 0.0355718308 0.0118297276 0 0 0
nt@synapse_cleft 1270 0.042595778 0.0199099223 0.0101821135 0 0 0
nt@synapse_cleft 1275 -0.0142933964 0.019069776 0.0128997101 0 0 0
nt@synapse_cleft 1289 0.0502582589 -0.00479579523 0.00684888368 0 0 0
nt@synapse_cleft 1298 -0.0072733194 -0.0168705952 0.0101063702 0 0 0
nt@synapse_cleft 1302 -0.0116696425 0.0275070282 0.00544647153 0 0 0
nt@synapse_cleft 1311 0.009809918 -0.0182197603 0.00660346807 0 0 0
nt@synapse_cleft 1316 -0.0253213222 -0.023188819 0.0124672744 0 0 0
nt@synapse_cleft 1326 0.0214395844 0.0142257336 0.000777843623 0 0 0
nt@synapse_cleft 1328 0.0205203659 0.00200640476 0.0038890272 0 0 0
nt@synapse_cleft 1333 -0.0196168307 0.0340428909 0.00911223907 0 0 0
nt@synapse_cleft 1338 -0.0110718169 0.0153451484 0.0107608974 0 0 0
nt@synapse_cleft 1343 0.0169450758 0.00414207827 0.0145877868 0 0 0
nt@synapse_cleft 1347 -0.0468020216 -0.0103705548 0.0183909284 0 0 0
nt@synapse_cleft 1349 -0.0043621964 -0.0102133233 0.0147065789 0 0 0
nt@synapse_cleft 1351 0.0353278851 -0.0304173138 0.0076336712 0 0 0
nt@synapse_cleft 1359 -0.016473928 -0.0191249543 0.0108470851 0 0 0
nt@synapse_cleft 1361 -0.00912632626 -0.0557327134 0.00437143836 0 0 0
nt@synapse_cleft 1366 0.0199910352 -0.00873491626 0.00334829946 0 0 0
nt@synapse_cleft 1368 0.0251071887 0.0133834522 0.00372867778 0 0 0
nt@synapse_cleft 1372 -0.0113604574 0.0436087336 0.0108829846 0 0 0
nt@synapse_cleft 1380 -0.0128852632 0.015785411 0.0161800477 0 0 0
nt@synapse_cleft 1382 0.0204910954 0.0214112853 0.00804085365 0 0 0
nt@synapse_cleft 1384 -0.045935785 -0.015778594 0.0129761988 0 0 0
nt@synapse_cleft 1390 0.0473715513 -0.0109409889 0.00578943689 0 0 0
nt@synapse_cleft 1393 -0.0246801884 0.0360645625 0.00560764372 0 0 0
nt@synapse_cleft 1394 0.0161700462 0.020647242 0.00933205688 0 0 0
nt@synapse_cleft 1397 0.0288955279 0.0317045963 0.0178068275 0 0 0
nt@synapse_cleft 1400 -0.0333695058 0.0197357903 0.0115608062 0 0 0
nt@synapse_cleft 1403 0.014223271 0.00162252645 0.015078004 0 0 0
nt@synapse_cleft 1406 0.0578982278 -0.023734702 0.000278522573 0 0 0
nt@synapse_cleft 1408 -0.0206277723 -0.0139845791 0.0116647211 0 0 0
nt@synapse_cleft 1411 0.00975445407 0.00849182679 0.0157684277 0 0 0
nt@synapse_cleft 1416 -0.0115479606 0.0321769924 0.00644003108 0 0 0
nt@synapse_cleft 1419 0.00281808512 -0.0163113178 0.000524778402 0 0 0
nt@synapse_cleft 1425 -0.00213736211 -0.0340639788 0.000417781899 0 0 0
nt@synapse_cleft 1427 -0.0241410192 -0.0112459936 0.0199040892 0 0 0
nt@synapse_cleft 1438 -0.0174859811 -0.0284280395 0.00492944365 0 0 0
nt@synapse_cleft 1440 -0.0104741819 0.0259373921 0.00899962717 0 0 0
nt@synapse_cleft 1441 -0.0308636287 0.031180063 0.000144084868 0 0 0
nt@synapse_cleft 1442 -0.00677793209 0.0337312728 0.0170485197 0 0 0
nt@synapse_cleft 1444 -0.0279120117 -0.00870847102 0.00581687363 0 0 0
nt@synapse_cleft 1446 -0.0237817721 -0.0391053826 0.00548766547 0 0 0
nt@synapse_cleft 1449 -0.0271597787 0.000353303796 0.00555002383 0 0 0
nt@synapse_cleft 1452 -0.0293829036 -0.0247395205 0.000369240518 0 0 0
nt@synapse_cleft 1454 -0.0232665274 0.0138468602 0.00799714975 0 0 0
nt@synapse_cleft 1455 -0.0247754034 0.00619258126 0.0195270261 0 0 0
nt@synapse_cleft 1464 -0.0567634469 0.0158179137 0.00979707199 0 0 0
nt@synapse_cleft 1470 -0.0627982567 -0.0299170789 0.0130219565 0 0 0
nt@synapse_cleft 1472 -0.0556073299 -0.0151786896 0.00870180567 0 0 0
nt@synapse_cleft 1473 0.00849665081 -0.0100378065 0.0176853655 0 0 0
nt@synapse_cleft 1479 -0.011945261 0.0380780189 0.0154951928 0 0 0
nt@synapse_cleft 1481 0.0237509697 0.0171097639 0.0140310481 0 0 0
nt@synapse_cleft 1484 0.00138502611 0.0178182806 0.0112689623 0 0 0
nt@synapse_cleft 1485 -0.0189489254 -0.00626206218 0.01712153 0 0 0
nt@synapse_cleft 1487 -0.00782484973 -0.0352705391 0.00683005801 0 0 0
nt@synapse_cleft 1488 0.0373452286 -0.00413511056 0.00790805676 0 0 0
nt@synapse_cleft 1494 0.011119526 0.003549656 0.011408547 0 0 0
nt@synapse_cleft 1496 0.00632795785 0.0269600476 0.0140283528 0 0 0
nt@synapse_cleft 1506 0.0316499186 0.00894847689 0.0181710672 0 0 0
nt@synapse_cleft 1507 0.00705794621 -0.00297593085 0.0144192679 0 0 0
nt@synapse_cleft 1508 0.0278950545 0.00900701163 0.0136931593 0 0 0
nt@synapse_cleft 1512 0.00464869042 -0.0193000892 0.0174517477 0 0 0
nt@synapse_cleft 1519 -0.00666794442 -0.00656519491 0.0159307092 0 0 0
nt@synapse_cleft 1527 0.0042632219 0.0489188109 0.0124103393 0 0 0
nt@synapse_cleft 1528 -0.0322703945 0.00584412896 0.00161111212 0 0 0
nt@synapse_cleft 1531 0.00534506629 0.0132645841 0.0197149656 0 0 0
nt@synapse_cleft 1538 0.00981024355 0.0147859344 0.0140712491 0 0 0
nt@synapse_cleft 1542 -0.0219076951 0.0192572319 0.00880463207 0 0 0
nt@synapse_cleft 1545 -0.00623019864 0.0143931062 0.0170437677 0 0 0
nt@synapse_cleft 1548 -0.0358127656 -0.0295967062 0.0108291865 0 0 0
nt@synapse_cleft 1553 0.0568743099 0.0130096027 0.00264012987 0 0 0
nt@synapse_cleft 1554 0.0201858734 0.0173656679 0.00294591008 0 0 0
nt@synapse_cleft 1561 -0.00379133892 -0.0535169358 0.0102652884 0 0 0
nt@synapse_cleft 1565 -0.00476092381 0.00457037036 0.017653159 0 0 0
nt@synapse_cleft 1571 -0.0204249562 -0.00441979455 0.00765227359 0 0 0
nt@synapse_cleft 1573 0.018027426 0.0298147421 0.00300826591 0 0 0
nt@synapse_cleft 1588 -0.000332643478 -0.0185861028 0.0174773098 0 0 0
nt@synapse_cleft 1592 0.0205872999 -0.0192887578 0.0020721806 0 0 0
nt@synapse_cleft 1597 0.00652637825 0.0317550025 0.00465641962 0 0 0
nt@synapse_cleft 1600 0.0188852046 -0.0312197058 0.00969810288 0 0 0
nt@synapse_cleft 1605 0.0172295174 -0.00459782564 0.00771471308 0 0 0
nt@synapse_cleft 1606 -0.040693143 0.0147094741 0.0135402339 0 0 0
nt@synapse_cleft 1611 -0.00884661038 -0.0269720876 0.00790429665 0 0 0
nt@synapse_cleft 1612 -0.0157331167 -0.0144076015 0.00654028377 0 0 0
nt@synapse_cleft 1617 0.0100412908 -0.030702948 0.0153717786 0 0 0
nt@synapse_cleft 1619 0.0185302316 0.000295098102 0.0101731126 0 0 0
nt@synapse_cleft 1628 0.0111575478 0.0361095115 0.0149086898 0 0 0
nt@synapse_cleft 1635 0.0145596621 -0.0185831153 0.0031209008 0 0 0
nt@synapse_cleft 1641 0.0332114606 0.0215190932 0.0135747476 0 0 0
nt@synapse_cleft 1642 0.0202182504 -0.0210556155 0.00506615669 0 0 0
nt@synapse_cleft 1655 -0.00245824052 0.0151789782 0.00220081033 0 0 0
nt@synapse_cleft 1658 0.0193409043 0.0417971906 0.0163581815 0 0 0
nt@synapse_cleft 1660 0.0223195708 0.0120747142 0.00936231088 0 0 0
nt@synapse_cleft 1675 -0.0265172988 -0.00328718186 0.0127257039 0 0 0
nt@synapse_cleft 1678 0.00424003011 -0.00773244231 0.0126230911 0 0 0
nt@synapse_cleft 1681 -0.0197165131 0.0058560571 0.0104207715 0 0 0
nt@synapse_cleft 1686 -0.00682585696 0.01581248 0.0179813261 0 0 0
nt@synapse_cleft 1687 -0.0285896963 -0.0277877963 0.000599089827 0 0 0
nt@synapse_cleft 1689 0.00728488136 0.0208783211 0.0046591996 0 0 0
nt@synapse_cleft 1692 -0.0187543982 0.026003798 0.0145564698 0 0 0
nt@synapse_cleft 1695 0.0199414578 -0.0176349942 0.00563722295 0 0 0
nt@synapse_cleft 1701 0.00113175482 0.00730637558 0.0184826925 0 0 0
nt@synapse_cleft 1707 -0.0256006546 -0.0067737814 0.0107395778 0 0 0
nt@synapse_cleft 1708 -0.0371919508 0.0115523963 0.00542822897 0 0 0
nt@synapse_cleft 1715 0.00466303479 -0.00233472807 0.0171020809 0 0 0
nt@synapse_cleft 1721 0.00834426341 -0.0349852176 0.0166815675 0 0 0
nt@synapse_cleft 1725 0.031897645 -0.0130644993 0.00175868746 0 0 0
nt@synapse_cleft 1729 0.00146562404 -0.0110053204 0.00817690295 0 0 0
nt@synapse_cleft 1736 0.018238663 0.00827513452 0.00981897965 0 0 0
nt@synapse_cleft 1741 0.0094531774 -0.0194259399 0.00925753191 0 0 0
nt@synapse_cleft 1742 0.013830522 -0.0436797741 0.00512590201 0 0 0
nt@synapse_cleft 1743 0.0307386735 0.0331740306 0.0194485713 0 0 0
nt@synapse_cleft 1745 -0.032898696 0.0236182076 0.00453656988 0 0 0
nt@synapse_cleft 1746 0.0142134188 -0.0231316283 0.0146924638 0 0 0
nt@synapse_cleft 1748 0.0617186582 0.0104683463 0.00712816177 0 0 0
nt@synapse_cleft 1751 0.0425904813 0.0274741507 0.0102725121 0 0 0
nt@synapse_cleft 1759 -0.00680122761 -0.0103686748 0.0114147117 0 0 0
nt@synapse_cleft 1761 -0.0205972969 0.0077435724 0.00139700973 0 0 0
nt@synapse_cleft 1762 -0.0194211747 -0.0261633885 0.0141427921 0 0 0
nt@synapse_cleft 1768 0.00552856895 -0.0315457999 0.0125975891 0 0 0
nt@synapse_cleft 1775 -0.0149885625 -0.00152055057 0.00738957876 0 0 0
nt@synapse_cleft 1778 0.0487901059 -0.053032705 0.0185195071 0 0 0
nt@synapse_cleft 1781 -0.021261364 0.0356697081 0.00404880671 0 0 0
nt@synapse_cleft 1793 0.00843723447 0.0345840938 0.0109573588 0 0 0
nt@synapse_cleft 1795 0.0310192292 -0.00704940179 0.0170377844 0 0 0
nt@synapse_cleft 1799 -0.0155904942 0.00345513056 0.00129089707 0 0 0
nt@synapse_cleft 1804 0.012404242 0.0101492215 0.0154704155 0 0 0
nt@synapse_cleft 1806 -0.0239300424 0.0112053464 0.0148494636 0 0 0
nt@synapse_cleft 1810 -0.0621860451 -0.049773901 0.0168167352 0 0 0
nt@synapse_cleft 1811 -0.00100414383 0.0166140724 0.0189651565 0 0 0
nt@synapse_cleft 1812 0.00450741736 0.0474820439 0.0147935809 0 0 0
nt@synapse_cleft 1815 -0.00984261003 0.00249364804 0.019100962 0 0 0
nt@synapse_cleft 1824 0.0176533371 0.00537548714 0.0064462064 0 0 0
nt@synapse_cleft 1826 0.0180879211 -0.0124128142 0.0153107409 0 0 0
nt@synapse_cleft 1829 0.0421352231 -0.0174582919 0.00380519048 0 0 0
nt@synapse_cleft 1830 -0.0400706438 -0.0143176697 0.0144583316 0 0 0
nt@synapse_cleft 1837 -0.0412432587 -0.0107108388 0.00947782727 0 0 0
nt@synapse_cleft 1838 -0.0105128085 -0.0323677518 0.00727498542 0 0 0
nt@synapse_cleft 1843 0.03058001 0.00151494863 0.010498498 0 0 0
nt@synapse_cleft 1846 -0.0254401614 0.000751909272 0.00113285899 0 0 0
nt@synapse_cleft 1849 0.0413768149 0.0144187756 0.00829434865 0 0 0
nt@synapse_cleft 1853 0.0696308143 -0.0210960112 6.97431044e-05 0 0 0
nt@synapse_cleft 1854 0.00806678336 -0.00278850644 0.0156968064 0 0 0
nt@synapse_cleft 1856 0.0196346639 -0.0258901287 0.0116756673 0 0 0
nt@synapse_cleft 1868 -0.0256623769 0.00133500505 0.00506488757 0 0 0
nt@synapse_cleft 1872 0.00913632021 -0.00871044013 0.0110921659 0 0 0
nt@synapse_cleft 1877 0.00499581582 0.0309710815 0.0147173805 0 0 0
nt@synapse_cleft 1880 -0.02583879 -0.0186221342 0.0112115979 0 0 0
nt@synapse_cleft 1883 0.018128312 0.0146969125 0.0137487185 0 0 0
nt@synapse_cleft 1885 -0.00588998721 -0.00363973689 0.00444883119 0 0 0
nt@synapse_cleft 1887 -0.00344166481 0.0344609584 0.00215783549 0 0 0
nt@synapse_cleft 1892 -0.00238274438 0.000330486494 0.0050198323 0 0 0
nt@synapse_cleft 1896 0.022946382 -0.0060915567 0.0118946469 0 0 0
nt@synapse_cleft 1900 -0.0134547888 -0.0206145167 0.0110943213 0 0 0
nt@synapse_cleft 1904 -0.0349096929 0.0440108055 0.000131009703 0 0 0
nt@synapse_cleft 1914 0.00824527291 0.0093428708 0.00675247608 0 0 0
nt@synapse_cleft 1918 -0.00943880961 0.0612335935 0.0132376811 0 0 0
nt@synapse_cleft 1921 -0.00125267237 -0.0188412532 0.00981692364 0 0 0
nt@synapse_cleft 1923 -0.0148807869 0.0226007181 0.0114077815 0 0 0
nt@synapse_cleft 1925 0.0087228967 0.0162366938 0.00896925805 0 0 0
nt@synapse_cleft 1926 0.00590095199 -0.0192119575 0.0194096085 0 0 0
nt@synapse_cleft 1932 0.0155280726 -0.0066125446 0.0158590464 0 0 0
nt@synapse_cleft 1942 0.033947466 -0.0311600123 0.003889914 0 0 0
nt@synapse_cleft 1944 -0.00329820337 0.0252876844 0.0144573532 0 0 0
nt@synapse_cleft 1946 -0.017075303 -0.0147705062 0.00490526297 0 0 0
nt@synapse_cleft 1953 -0.0204700136 -0.0101224686 0.00418847781 0 0 0
nt@synapse_cleft 1961 0.0361548404 0.0181844388 0.00693221219 0 0 0
nt@synapse_cleft 1964 0.000427922219 0.000810112297 0.0107992154 0 0 0
nt@synapse_cleft 1967 0.0154296714 -0.031064969 0.0100224557 0 0 0
nt@synapse_cleft 1970 -0.0266160076 -0.0421251658 0.018310791 0 0 0
nt@synapse_cleft 1973 0.027278396 0.0208530375 0.0177853116 0 0 0
nt@synapse_cleft 1976 -0.0360107899 -0.0194966607 0.00735531548 0 0 0
nt@synapse_cleft 1980 -0.0193040891 -0.0248119781 0.00451316593 0 0 0
nt@synapse_cleft 1984 -0.0592729976 -0.0210695567 0.0107856417 0 0 0
nt@synapse_cleft 1989 -0.0110772732 0.0122606434 0.0140584133 0 0 0
nt@synapse_cleft 1990 0.0199409833 0.0211754099 0.0114163046 0 0 0
nt@synapse_cleft 1993 0.0134616645 -0.0159489694 0.0183655387 0 0 0
nt@synapse_cleft 1997 0.0036155807 0.0181337352 0.0157814166 0 0 0
nt@synapse_cleft 2004 -0.0186890877 0.00658419427 0.0184651476 0 0 0
nt@synapse_cleft 2007 -0.00126914532 0.0091634759 0.0152591794 0 0 0
nt@synapse_cleft 2013 -0.0120005222 -0.00341531486 0.00145421178 0 0 0
nt@synapse_cleft 2014 0.0162951276 0.00895875792 0.0156949633 0 0 0
nt@synapse_cleft 2019 0.0139458447 -0.00923949004 0.0117147229 0 0 0
nt@synapse_cleft 2026 0.0474309615 0.00566792458 0.00521902894 0 0 0
nt@synapse_cleft 2027 -0.0089347121 -0.0314134254 0.0104275417 0 0 0
nt@synapse_cleft 2032 -0.0245922472 0.000739658217 0.0112125 0 0 0
nt@synapse_cleft 2035 0.0602325069 0.0233674764 0.00168357912 0 0 0
nt@synapse_cleft 2036 0.0533329604 -0.0393185481 0.0170140254 0 0 0
nt@synapse_cleft 2039 0.0410721047 0.0105292369 0.0198113003 0 0 0
nt@synapse_cleft 2041 0.030280381 -0.0145309228 0.0172862361 0 0 0
nt@synapse_cleft 2044 0.0126794292 -0.0218942586 0.0144357514 0 0 0
nt@synapse_cleft 2052 -0.00204774369 -0.0201373193 0.0172756169 0 0 0
nt@synapse_cleft 2061 0.0198986613 0.0110053818 0.00304925479 0 0 0
nt@synapse_cleft 2064 0.0188201954 0.0233701934 0.00043627959 0 0 0
nt@synapse_cleft 2091 -0.00421375489 0.0261613219 0.0131837603 0 0 0
nt@synapse_cleft 2092 0.0169188805 0.0392485963 0.00540259016 0 0 0
nt@synapse_cleft 2094 -0.0150366779 -0.00632314819 0.0110226712 0 0 0
nt@synapse_cleft 2096 -0.0160420877 -0.0106727948 0.00348635748 0 0 0
nt@synapse_cleft 2101 -0.0086426457 -0.0103943232 0.018984878 0 0 0
nt@synapse_cleft 2104 0.0308062409 -0.00847117685 0.00917447383 0 0 0
nt@synapse_cleft 2112 -0.00326001452 -0.0214298285 0.00399565359 0 0 0
nt@synapse_cleft 2124 0.000741577657 0.0561047789 0.010596444 0 0 0
nt@synapse_cleft 2127 0.0236311434 0.0112654712 0.00309486458 0 0 0
nt@synapse_cleft 2133 0.0142002881 -0.00663603996 0.00933074762 0 0 0
nt@synapse_cleft 2137 -0.0439515332 0.0569188151 0.000374883598 0 0 0
nt@synapse_cleft 2148 0.0323214125 -0.0664532035 0.00260131884 0 0 0
nt@synapse_cleft 2156 0.0345974116 -0.0343962342 0.0171827719 0 0 0
nt@synapse_cleft 2162 -0.0143138359 0.0125542682 0.0191588742 0 0 0
nt@synapse_cleft 2163 0.0105659773 -0.00306009732 0.0192127784 0 0 0
nt@synapse_cleft 2177 -0.0066913531 -0.0310984834 0.000621262395 0 0 0
nt@synapse_cleft 2185 -0.00818091866 -0.0131080448 0.00669994963 0 0 0
nt@synapse_cleft 2187 -0.012607986 0.00506056617 0.0146279104 0 0 0
nt@synapse_cleft 2188 -0.0034149444 0.0316280475 0.0116761082 0 0 0
nt@synapse_cleft 2199 -0.000985658148 -0.0246345605 0.00488449617 0 0 0
nt@synapse_cleft 2204 -0.0329292158 0.0109240457 0.012585938 0 0 0
nt@synapse_cleft 2206 -0.020130569 -0.0181771187 0.0068952991 0 0 0
nt@synapse_cleft 2207 0.0262097783 0.00797050217 0.0129465098 0 0 0
nt@synapse_cleft 2217 0.0220934023 -0.0401768785 0.0116650968 0 0 0
nt@synapse_cleft 2218 0.0221687787 0.0138371337 0.014144239 0 0 0
nt@synapse_cleft 2223 -0.0150067927 0.00951866667 0.0119677544 0 0 0
nt@synapse_cleft 2228 -0.00245923638 0.00852018706 0.00188560486 0 0 0
nt@synapse_cleft 2235 -0.00542744458 -0.011986465 0.0127812381 0 0 0
nt@synapse_cleft 2236 -0.00298554572 0.0116828947 0.0089742046 0 0 0
nt@synapse_cleft 2248 -0.0276266511 -0.00266690499 0.00184978031 0 0 0
nt@synapse_cleft 2251 -0.00787407494 0.00561950903 0.0119903958 0 0 0
nt@synapse_cleft 2254 -0.00530853143 -0.021386338 0.0179465453 0 0 0
nt@synapse_cleft 2257 0.00387275101 -0.000866007031 0.0111150212 0 0 0
nt@synapse_cleft 2262 0.00186674516 0.0209031609 0.0194341848 0 0 0
nt@synapse_cleft 2271 -0.0604954096 0.0172724817 0.00132266143 0 0 0
nt@synapse_cleft 2274 -0.0128177302 0.0406889996 0.00639322116 0 0 0
nt@synapse_cleft 2278 0.0255334547 0.0350448887 0.0127924896 0 0 0
nt@synapse_cleft 2279 -0.0151918478 0.0141993269 0.0168040278 0 0 0
nt@synapse_cleft 2283 0.0376210256 -0.0311933586 0.00854483652 0 0 0
nt@synapse_cleft 2284 0.0203658613 0.0100492518 0.0142086269 0 0 0
nt@synapse_cleft 2285 -0.0174752869 -0.010556771 0.0044414085 0 0 0
nt@synapse_cleft 2289 0.00695941552 -0.00508813881 0.00561604395 0 0 0
nt@synapse_cleft 2292 -0.00543443797 -0.00458195822 0.0193932932 0 0 0
nt@synapse_cleft 2298 -0.0387829345 -0.0208954474 0.0081339912 0 0 0
nt@synapse_cleft 2306 -0.00746781907 -0.0498320176 0.00585386604 0 0 0
nt@synapse_cleft 2308 -0.0397906872 0.0102679345 0.00976093224 0 0 0
nt@synapse_cleft 2309 -0.00254912392 0.00278247658 0.0106884872 0 0 0
nt@synapse_cleft 2314 0.000817117212 -0.0282487137 0.00800860599 0 0 0
nt@synapse_cleft 2317 0.0382681329 0.00450702831 0.00738171853 0 0 0
nt@synapse_cleft 2320 0.0269692844 -0.0268594718 0.00267615537 0 0 0
nt@synapse_cleft 2321 0.0505037744 0.0145831063 0.00444581615 0 0 0
nt@synapse_cleft 2327 -0.0359384783 -0.0288930938 0.0131187036 0 0 0
nt@synapse_cleft 2330 -0.0388012785 0.0101410129 0.0109781855 0 0 0
nt@synapse_cleft 2332 -0.0179287789 -0.00325992071 0.0141200806 0 0 0
nt@synapse_cleft 2349 0.0441286262 0.00180249284 0.00577813229 0 0 0
nt@synapse_cleft 2367 -0.0219241232 -0.0444501748 0.0130776722 0 0 0
nt@synapse_cleft 2369 -0.00672788756 -0.00193896689 0.000866070689 0 0 0
nt@synapse_cleft 2383 0.0132132352 -0.0380288021 0.00732624578 0 0 0
nt@synapse_cleft 2386 -0.0217862323 -0.017851437 0.00341770023 0 0 0
nt@synapse_cleft 2389 0.00154553653 -0.0300366447 0.00496833424 0 0 0
nt@synapse_cleft 2397 0.00195436815 -0.0528396973 0.0106815163 0 0 0
nt@synapse_cleft 2400 -0.0221079032 -0.0392872276 0.0114867874 0 0 0
nt@synapse_cleft 2410 0.021826439 0.00565222583 0.012394253 0 0 0
nt@synapse_cleft 2411 0.0185564285 -0.0494944613 0.00551680657 0 0 0
nt@synapse_cleft 2412 -0.00185159264 0.0242949359 0.0146984496 0 0 0
nt@synapse_cleft 2417 -0.0127929977 0.0119424595 0.0179997937 0 0 0
nt@synapse_cleft 2421 -0.00390585278 0.0195479624 0.00904743866 0 0 0
nt@synapse_cleft 2423 0.0130587787 -0.038279862 0.00719735958 0 0 0
nt@synapse_cleft 2437 0.0376060333 0.0129235438 0.00107567864 0 0 0
nt@synapse_cleft 2438 -0.0019288385 -0.0412221693 0.00416852074 0 0 0
nt@synapse_cleft 2440 -0.0306947792 -0.0267264497 0.0112937168 0 0 0
nt@synapse_cleft 2448 0.0062267092 0.00361090685 0.012386105 0 0 0
nt@synapse_cleft 2456 -0.0269025077 -0.00756809785 0.0186845906 0 0 0
nt@synapse_cleft 2459 0.00909565598 0.0479228394 0.00567358795 0 0 0
nt@synapse_cleft 2462 -0.00467977714 0.0462532674 0.0047134874 0 0 0
nt@synapse_cleft 2468 -0.0486354698 -0.0196795288 0.0136363037 0 0 0
nt@synapse_cleft 2472 0.0554281812 -0.0444642526 0.0188187269 0 0 0
nt@synapse_cleft 2480 -0.00323381341 -0.0226419881 0.00283515878 0 0 0
nt@synapse_cleft 2481 -0.017993147 -0.0154151949 0.00393625214 0 0 0
nt@synapse_cleft 2483 0.0245024598 0.0300302882 0.0175682053 0 0 0
nt@synapse_cleft 2491 0.00936403399 0.00663980321 0.0128000305 0 0 0
nt@synapse_cleft 2493 0.0264873746 -0.0528472182 0.00206659176 0 0 0
nt@synapse_cleft 2498 0.0174014288 -0.0235964513 0.00243762724 0 0 0
nt@synapse_cleft 2501 0.00299117929 0.0185758414 0.00462774805 0 0 0
nt@synapse_cleft 2502 0.012345088 -0.0330371782 0.0139468207 0 0 0
nt@synapse_cleft 2509 -0.00614561413 -0.0177336697 0.0182611636 0 0 0
nt@synapse_cleft 2513 -0.00717530274 0.0113081382 0.00892230947 0 0 0
nt@synapse_cleft 2517 -0.00353904641 -0.00700600574 0.0143140935 0 0 0
nt@synapse_cleft 2520 0.0179766698 0.019228244 0.00320993614 0 0 0
nt@synapse_cleft 2521 0.0012880202 0.0158067665 0.00847989218 0 0 0
nt@synapse_cleft 2528 -0.00284919345 0.00112214287 0.0137288417 0 0 0
nt@synapse_cleft 2539 -0.0113499777 0.0219075925 0.0154986517 0 0 0
nt@synapse_cleft 2542 0.0206148601 -0.0226367284 0.0194434592 0 0 0
nt@synapse_cleft 2549 -0.00598558567 0.0691798285 0.00959317257 0 0 0
nt@synapse_cleft 2550 0.0360672922 -0.00820968447 0.0152977633 0 0 0
nt@synapse_cleft 2555 0.0546837367 -0.0241325984 0.00291679446 0 0 0
nt@synapse_cleft 2560 -0.0304893195 0.0103504929 0.000488956675 0 0 0
nt@synapse_cleft 2561 0.0195724529 0.0553266687 0.000736001098 0 0 0
nt@synapse_cleft 2563 0.0054878336 0.0177945528 0.0148534351 0 0 0
nt@synapse_cleft 2564 -0.0165958993 0.0428680261 0.0118792637 0 0 0
nt@synapse_cleft 2566 -0.00455150172 0.0014180588 0.0172556791 0 0 0
nt@synapse_cleft 2570 0.000515938763 0.00631238343 0.0104858524 0 0 0
nt@synapse_cleft 2571 0.022781677 -0.0393156753 0.0033049456 0 0 0
nt@synapse_cleft 2577 0.00078189826 0.0291434212 0.0121138196 0 0 0
nt@synapse_cleft 2591 -0.00195508685 -0.00867484366 0.0103395158 0 0 0
nt@synapse_cleft 2597 -0.022620769 0.00147952044 0.0143015905 0 0 0
nt@synapse_cleft 2603 0.0257096452 -0.0161172001 0.0168509615 0 0 0
nt@synapse_cleft 2604 0.0346107523 -0.0103074273 0.0134007025 0 0 0
nt@synapse_cleft 2610 0.00789932428 -0.0377424982 0.00511892916 0 0 0
nt@synapse_cleft 2613 -0.0320486408 -0.0200415213 0.0189212076 0 0 0
nt@synapse_cleft 2615 -0.00533335227 -0.0653632157 0.00751305302 0 0 0
nt@synapse_cleft 2617 -0.018306853 0.0212605904 0.0120646113 0 0 0
nt@synapse_cleft 2623 -0.0219084284 -0.0373256907 0.00103480544 0 0 0
nt@synapse_cleft 2625 -0.0584465994 -0.0224679062 0.0042345609 0 0 0
nt@synapse_cleft 2628 0.0355190628 -0.0238441269 0.0152228809 0 0 0
nt@synapse_cleft 2639 0.00847864964 -0.00781658977 0.00520245066 0 0 0
nt@synapse_cleft 2641 -0.0243468681 -0.00549908358 0.00408812647 0 0 0
nt@synapse_cleft 2645 0.0191380894 0.0191347634 0.000443643903 0 0 0
nt@synapse_cleft 2652 -0.00995437343 0.0107710692 0.0075959068 0 0 0
nt@synapse_cleft 2660 -0.00632326942 -0.0208542677 0.0183892359 0 0 0
nt@synapse_cleft 2670 -0.0251446847 0.000421626419 0.00821372081 0 0 0
nt@synapse_cleft 2674 -0.010301105 0.00230899439 0.0114962239 0 0 0
nt@synapse_cleft 2675 -0.016461353 0.00658625404 0.0159215414 0 0 0
nt@synapse_cleft 2680 -0.053473645 -0.0408696933 0.00457861794 0 0 0
nt@synapse_cleft 2681 -0.0361315999 -0.0260665168 0.01556138 0 0 0
nt@synapse_cleft 2688 -0.0442150749 0.0602232174 0.00671665213 0 0 0
nt@synapse_cleft 2702 -0.00185094818 -0.0120981082 0.000463846245 0 0 0
nt@synapse_cleft 2708 -0.0378645431 0.00140741308 0.00106863064 0 0 0
nt@synapse_cleft 2709 0.00660751461 0.00851396377 0.0180421371 0 0 0
nt@synapse_cleft 2710 -0.00864711598 -0.0274792906 0.0119447136 0 0 0
nt@synapse_cleft 2713 0.00265255163 -0.0309133592 0.0120882623 0 0 0
nt@synapse_cleft 2720 0.0141139461 0.0231915503 0.00482810567 0 0 0
nt@synapse_cleft 2724 0.01468922 -0.0101558235 0.00480032319 0 0 0
nt@synapse_cleft 2729 0.0221005421 -0.0239522318 0.0193406998 0 0 0
nt@synapse_cleft 2734 0.0364935613 0.000410149764 0.0129117403 0 0 0
nt@synapse_cleft 2739 0.0272550906 -0.0116167471 0.010335739 0 0 0
nt@synapse_cleft 2743 0.0011432705 -0.0346565706 0.013707819 0 0 0
nt@synapse_cleft 2750 0.0300115016 -0.035345222 0.0156684542 0 0 0
nt@synapse_cleft 2752 -0.0233069243 -0.0204560881 0.0193690415 0 0 0
nt@synapse_cleft 2756 0.0351796256 -0.020550595 0.00077156216 0 0 0
nt@synapse_cleft 2758 0.000596517886 -0.0112303094 0.00904526258 0 0 0
nt@synapse_cleft 2766 -0.039554995 0.0410950074 0.0186673644 0 0 0
nt@synapse_cleft 2775 0.0412771118 -0.0250834731 0.0128106273 0 0 0
nt@synapse_cleft 2785 0.00613887772 0.0238712545 0.000673527309 0 0 0
nt@synapse_cleft 2798 -0.0257311543 0.020715076 0.0083958357 0 0 0
nt@synapse_cleft 2807 -0.0186607143 0.0222345279 0.0132136069 0 0 0
nt@synapse_cleft 2808 0.0104735731 0.0597645318 0.0132312056 0 0 0
nt@synapse_cleft 2815 -0.00658986565 0.0060033609 0.0111895941 0 0 0
nt@synapse_cleft 2820 0.0105874763 0.00150200875 0.0152814085 0 0 0
nt@synapse_cleft 2828 0.00864582578 -0.0550840295 0.000901638819 0 0 0
nt@synapse_cleft 2837 -0.0063168253 0.015688713 0.0112746804 0 0 0
nt@synapse_cleft 2854 0.0179479958 -0.0140705666 0.00960143372 0 0 0
nt@synapse_cleft 2855 -0.0224200094 -0.0304491449 0.00769558834 0 0 0
nt@synapse_cleft 2857 0.0268786768 -0.0272069199 0.0182449575 0 0 0
nt@synapse_cleft 2861 -0.0214543763 0.00773000651 0.00674665235 0 0 0
nt@synapse_cleft 2863 -0.02637511 0.0163792595 0.00234489893 0 0 0
nt@synapse_cleft 2868 -0.00256445794 0.0172885461 0.00291081454 0 0 0
nt@synapse_cleft 2871 0.00757761059 -0.0450741613 0.0177007358 0 0 0
nt@synapse_cleft 2875 0.0136904894 0.0152778407 0.0191097845 0 0 0
nt@synapse_cleft 2876 -0.0175208325 0.00207276672 0.0177109819 0 0 0
nt@synapse_cleft 2880 0.00576131071 0.0101495454 0.00844013352 0 0 0
nt@synapse_cleft 2884 0.0395050445 0.00664952098 0.0199689228 0 0 0
nt@synapse_cleft 2894 0.0191563353 0.0120467284 0.000748937216 0 0 0
nt@synapse_cleft 2895 0.0694353641 -0.0054416424 0.018404315 0 0 0
nt@synapse_cleft 2897 -0.00175563155 -0.0368245677 0.0198703601 0 0 0
nt@synapse_cleft 2905 -0.0139739132 0.0182755149 0.00995965628 0 0 0
nt@synapse_cleft 2909 0.0408173175 -0.0171902794 0.0110980515 0 0 0
nt@synapse_cleft 2910 -0.0425316557 0.00552093121 0.0176144258 0 0 0
nt@synapse_cleft 2912 0.00828583526 -0.0134723843 0.00281786748 0 0 0
nt@synapse_cleft 2915 0.0259628303 -0.0444606547 0.0130514607 0 0 0
nt@synapse_cleft 2918 -0.0150020475 -0.0547633477 0.0158563603 0 0 0
nt@synapse_cleft 2920 0.0167986024 -0.000135124754 0.018032865 0 0 0
nt@synapse_cleft 2921 0.00268604546 0.0511689233 0.00141964542 0 0 0
nt@synapse_cleft 2922 0.0699050307 -0.023946725 0.0145325679 0 0 0
nt@synapse_cleft 2925 -0.0120922404 0.0341374877 0.0133879289 0 0 0
nt@synapse_cleft 2933 -0.00843581317 -0.00920699552 0.0043350319 0 0 0
nt@synapse_cleft 2935 -0.0234621592 0.00296512031 0.0166829082 0 0 0
nt@synapse_cleft 2940 -0.00231438302 -0.0228450405 0.00105785056 0 0 0
nt@synapse_cleft 2945 -0.0250817902 -0.00875139306 0.0157133697 0 0 0
nt@synapse_cleft 2946 0.00152326271 -0.00461431232 0.0172447791 0 0 0
nt@synapse_cleft 2961 0.0669597856 -0.0289493737 0.00628870608 0 0 0
nt@synapse_cleft 2962 0.0130711547 0.0132655565 0.00346171124 0 0 0
nt@synapse_cleft 2967 -0.00755208596 -0.0435062348 0.00899349266 0 0 0
nt@synapse_cleft 2983 0.0166287726 -0.034104936 0.00789501134 0 0 0
nt@synapse_cleft 2992 -0.0213353058 0.0241157267 0.00286954716 0 0 0
nt@synapse_cleft 2993 -0.000777844214 0.0447860216 0.00259166606 0 0 0
nt@synapse_cleft 2997 0.018262214 -0.0144817906 0.00343052072 0 0 0
nt@synapse_cleft 3006 0.0267602484 0.0332088184 0.00482352647 0 0 0
nt@synapse_cleft 3008 0.0209307231 0.0521048654 0.0107636171 0 0 0
nt@synapse_cleft 3012 0.0282827463 -0.00208895595 0.0143398482 0 0 0
nt@synapse_cleft 3019 -0.0139213722 0.0069259881 0.00528584374 0 0 0
nt@synapse_cleft 3020 -0.0186985624 -0.0153576587 0.00189850891 0 0 0
nt@synapse_cleft 3024 0.0237452056 0.0159146146 0.0141747202 0 0 0
nt@synapse_cleft 3026 -0.0115829084 -0.00153569719 0.00212402383 0 0 0
nt@synapse_cleft 3042 -0.00232976232 0.0115722725 0.0163587618 0 0 0
nt@synapse_cleft 3047 0.0299338866 0.0567500446 0.0143652183 0 0 0
nt@synapse_cleft 3057 0.0132851881 -0.0189978292 0.0197797422 0 0 0
nt@synapse_cleft 3061 -0.0103263571 0.0324256888 0.00423510396 0 0 0
nt@synapse_cleft 3062 -0.00336383578 -0.0161706451 0.00214858002 0 0 0
nt@synapse_cleft 3069 0.0574091875 -0.0359417562 0.018896611 0 0 0
nt@synapse_cleft 3073 -0.00833394667 0.0410782921 0.00800802135 0 0 0
nt@synapse_cleft 3082 0.0108291062 0.0191304877 0.0167553811 0 0 0
nt@synapse_cleft 3089 -0.0023318731 -0.0120382815 0.00430920131 0 0 0
nt@synapse_cleft 3096 -0.00600870469 0.0351934685 0.00314413795 0 0 0
nt@synapse_cleft 3097 0.0470264206 0.017339292 0.000677161793 0 0 0
nt@synapse_cleft 3099 -0.0112503917 0.010342818 0.00525797868 0 0 0
nt@synapse_cleft 3111 -0.00642899967 -0.0164396421 0.000781411635 0 0 0
nt@synapse_cleft 3113 -0.0172236776 0.0232091061 0.012973878 0 0 0
nt@synapse_cleft 3114 0.0286452786 0.0303123154 0.0143148438 0 0 0
nt@synapse_cleft 3122 -0.00784639783 -0.0031731669 0.000487766533 0 0 0
nt@synapse_cleft 3132 -0.0206245453 -0.00421306394 0.00265297431 0 0 0
nt@synapse_cleft 3134 0.0128915358 0.0281771516 0.0162772262 0 0 0
nt@synapse_cleft 3150 0.0377986951 -0.0706860087 0.00737840326 0 0 0
nt@synapse_cleft 3155 -0.00618141861 0.0125703689 0.0128807725 0 0 0
nt@synapse_cleft 3158 -0.0186609031 -0.011306544 0.00809554755 0 0 0
nt@synapse_cleft 3159 -0.0150464253 0.0185260887 0.0162317294 0 0 0
nt@synapse_cleft 3165 0.0115418759 -0.00796315262 0.00827654354 0 0 0
nt@synapse_cleft 3167 0.0065899348 0.0182456736 0.0134955374 0 0 0
nt@synapse_cleft 3177 0.0241654618 -0.0436975131 0.0116887276 0 0 0
nt@synapse_cleft 3178 -0.0172480368 -0.0188981089 0.000278351326 0 0 0
nt@synapse_cleft 3179 0.0156315286 -0.00842914295 0.00840995508 0 0 0
nt@synapse_cleft 3181 0.00294058227 0.0141708387 0.00301884008 0 0 0
nt@synapse_cleft 3183 0.00201827451 -0.0272879565 0.0173501922 0 0 0
nt@synapse_cleft 3184 0.00522844346 0.0240048413 0.00057900011 0 0 0
nt@synapse_cleft 3185 -0.00643428914 -0.014603732 0.0046173504 0 0 0
nt@synapse_cleft 3199 -0.00614801492 0.0451007395 0.0154466283 0 0 0
nt@synapse_cleft 3202 -0.000438518247 0.0341339548 0.00951088735 0 0 0
nt@synapse_cleft 3207 -0.0058051179 -0.00141448862 0.00163394164 0 0 0
nt@synapse_cleft 3220 0.00473038815 0.0232198178 0.0170369893 0 0 0
nt@synapse_cleft 3222 -0.049082788 -0.0166878627 0.00622996155 0 0 0
nt@synapse_cleft 3227 0.00670325744 0.0104540798 0.00943568381 0 0 0
nt@synapse_cleft 3247 0.00608518979 -0.00782084388 0.0104205788 0 0 0
nt@synapse_cleft 3248 -0.0200965478 -0.0333576468 0.0194640559 0 0 0
nt@synapse_cleft 3249 -0.0174518973 0.000777725385 0.00704969365 0 0 0
nt@synapse_cleft 3275 -0.00647357071 -0.00747742268 0.00812428157 0 0 0
nt@synapse_cleft 3304 0.0316079089 0.0709610294 0.00764876768 0 0 0
nt@synapse_cleft 3308 -0.0303512529 0.0361340009 0.0112704798 0 0 0
nt@synapse_cleft 3312 -0.00141322019 -0.00711309328 0.000316597358 0 0 0
nt@synapse_cleft 3313 0.000468952439 -0.00589770129 0.0192497946 0 0 0
nt@synapse_cleft 3316 0.0194770396 0.00590701282 0.0132920638 0 0 0
nt@synapse_cleft 3324 -0.0116585827 -0.000666015483 0.00553119144 0 0 0
nt@synapse_cleft 3326 0.0154834498 -0.0166369727 0.00503244733 0 0 0
nt@synapse_cleft 3327 -0.00616953668 -0.0448116973 0.0137246684 0 0 0
nt@synapse_cleft 3334 0.0181023569 0.00217876534 0.00828792325 0 0 0
nt@synapse_cleft 3335 0.0473294769 0.0151623288 0.00718720413 0 0 0
nt@synapse_cleft 3338 -0.00144206898 -0.0409792593 0.0129326549 0 0 0
nt@synapse_cleft 3341 0.0164368835 -0.00691297566 0.00702208264 0 0 0
nt@synapse_cleft 3342 0.0116045269 -0.0114155231 0.0150419689 0 0 0
nt@synapse_cleft 3347 0.0235112099 -0.0493706983 0.0131955406 0 0 0
nt@synapse_cleft 3354 -0.013253889 -0.0184927607 0.00541585745 0 0 0
nt@synapse_cleft 3367 0.00684828147 0.0263970836 0.0103230212 0 0 0
nt@synapse_cleft 3372 -0.046279368 -0.023462646 0.0182270098 0 0 0
nt@synapse_cleft 3375 0.0405376136 0.0223864699 0.0196088999 0 0 0
nt@synapse_cleft 3378 0.0157840636 0.0387862503 0.00200585309 0 0 0
nt@synapse_cleft 3394 -0.00206707803 -0.0165972937 6.50883455e-05 0 0 0
nt@synapse_cleft 3401 0.0406305471 -0.00176717246 0.0166912128 0 0 0
nt@synapse_cleft 3402 -0.00354288098 -0.0144461991 0.00360631102 0 0 0
nt@synapse_cleft 3404 0.0194210749 -0.024717125 0.00196343984 0 0 0
nt@synapse_cleft 3407 0.0132524826 0.0578536755 0.00500646069 0 0 0
nt@synapse_cleft 3413 0.0205215545 0.0157509958 0.00675425465 0 0 0
nt@synapse_cleft 3419 -0.0210177291 0.0281376836 0.002979652 0 0 0
nt@synapse_cleft 3429 0.0475359229 -0.00737506246 0.0153469927 0 0 0
nt@synapse_cleft 3432 0.0586590651 -0.0715662028 0.00984292026 0 0 0
nt@synapse_cleft 3445 0.0198976937 0.0211223528 0.01960269 0 0 0
nt@synapse_cleft 3451 0.0158082862 0.0149774483 0.00480847908 0 0 0
nt@synapse_cleft 3455 -0.00143785534 -0.0151340062 0.0147004646 0 0 0
nt@synapse_cleft 3467 -0.0707700712 0.00696789184 0.00848720443 0 0 0
nt@synapse_cleft 3470 0.0244675363 -0.0212051792 0.00775922454 0 0 0
nt@synapse_cleft 3472 -0.0189536838 0.019753835 0.0177697999 0 0 0
nt@synapse_cleft 3474 0.0418047278 -0.00221748056 0.00106518216 0 0 0
nt@synapse_cleft 3482 -0.0698015517 -0.0408359287 0.0110863323 0 0 0
nt@synapse_cleft 3484 0.00250045318 0.0184137635 0.0137606316 0 0 0
nt@synapse_cleft 3496 0.00763192355 0.00290576541 0.0117056537 0 0 0
nt@synapse_cleft 3500 0.025261536 -0.0371226103 0.0127637191 0 0 0
nt@synapse_cleft 3507 -0.0128163593 -0.00279740265 0.0179670257 0 0 0
nt@synapse_cleft 3511 0.0147673231 -0.0252249949 0.0043931417 0 0 0
nt@synapse_cleft 3514 0.00181375725 0.00342941758 0.0122376933 0 0 0
nt@synapse_cleft 3525 -0.0115522382 -0.0220268523 0.0153525704 0 0 0
nt@synapse_cleft 3526 0.0153449993 -0.0460651615 0.00122342321 0 0 0
nt@synapse_cleft 3535 0.0130605291 0.00496183107 0.00417665393 0 0 0
nt@synapse_cleft 3536 0.00144249853 0.0108023218 0.0187930426 0 0 0
nt@synapse_cleft 3538 -0.023639638 0.0186855449 0.00632815172 0 0 0
nt@synapse_cleft 3542 0.00501330772 0.0442376397 0.00226932003 0 0 0
nt@synapse_cleft 3543 -0.0205516628 -0.0104536475 0.00365584746 0 0 0
nt@synapse_cleft 3546 0.00543966603 0.0207196986 0.013522463 0 0 0
nt@synapse_cleft 3561 -0.00849965876 0.00829553552 0.0106130868 0 0 0
nt@synapse_cleft 3562 -0.0664644795 -0.00576777478 0.00986842366 0 0 0
nt@synapse_cleft 3563 0.0124523886 -0.00659505027 0.0130025564 0 0 0
nt@synapse_cleft 3565 0.0318955494 -0.0268524218 0.00313020662 0 0 0
nt@synapse_cleft 3566 -0.00122603228 0.0545818109 9.11787237e-05 0 0 0
nt@synapse_cleft 3567 0.00877120494 -0.00134823938 0.0147119502 0 0 0
nt@synapse_cleft 3568 0.0290009691 -0.0405107648 0.0158705644 0 0 0
nt@synapse_cleft 3575 -0.0127583916 0.00819424164 0.00329868757 0 0 0
nt@synapse_cleft 3576 0.0472754672 -0.00238685311 0.00207474496 0 0 0
nt@synapse_cleft 3579 -0.00604919201 -0.0161106069 0.00727883516 0 0 0
nt@synapse_cleft 3583 -0.013610679 0.00387740837 0.0124796577 0 0 0
nt@synapse_cleft 3592 0.0302834083 0.0330676643 0.0162143161 0 0 0
nt@synapse_cleft 3602 -0.0333927596 -0.0105377625 0.0156298034 0 0 0
nt@synapse_cleft 3603 -0.0138288675 0.0280168982 0.0136065114 0 0 0
nt@synapse_cleft 3606 -0.0100693792 0.000924955017 0.0124955502 0 0 0
nt@synapse_cleft 3610 -0.00575948007 0.00584619439 0.00526898861 0 0 0
nt@synapse_cleft 3611 0.012503564 -0.00703969485 0.0117923942 0 0 0
nt@synapse_cleft 3616 -0.0246044907 0.0387162373 0.00987615559 0 0 0
nt@synapse_cleft 3617 0.00620838754 -0.0566679969 0.019019649 0 0 0
nt@synapse_cleft 3620 0.00590257743 0.0254997151 0.013538076 0 0 0
nt@synapse_cleft 3625 0.0266745087 0.000436540926 0.00921300998 0 0 0
nt@synapse_cleft 3630 0.021076706 0.0247906144 0.0144336424 0 0 0
nt@synapse_cleft 3635 -0.00744082048 0.0136412298 0.00117858414 0 0 0
nt@synapse_cleft 3636 -0.0181060687 -0.00412196443 0.0130986881 0 0 0
nt@synapse_cleft 3645 0.00896756674 -0.0210244636 0.00217432663 0 0 0
nt@synapse_cleft 3658 0.0163589517 -0.0254200747 0.0109844413 0 0 0
nt@synapse_cleft 3661 0.0288544797 0.0098780495 0.0186956996 0 0 0
nt@synapse_cleft 3664 0.0505616307 -0.031599691 0.00554748548 0 0 0
nt@synapse_cleft 3667 -0.0289928071 0.01051768 0.0151098768 0 0 0
nt@synapse_cleft 3670 0.0232047303 -0.0244866043 0.0197107348 0 0 0
nt@synapse_cleft 3681 0.0372365569 -0.0185455591 0.00667068481 0 0 0
nt@synapse_cleft 3689 -0.00889920643 -0.0202931912 0.0187612895 0 0 0
nt@synapse_cleft 3690 0.0268320844 -0.0151325889 0.0165335276 0 0 0
nt@synapse_cleft 3693 -0.0568698999 -0.0403236373 0.00871773193 0 0 0
nt@synapse_cleft 3706 0.0312440669 -0.000743095022 0.0142680843 0 0 0
nt@synapse_cleft 3707 -0.0433380957 -0.0092850271 0.0141051229 0 0 0
nt@synapse_cleft 3713 0.0239344633 -0.0127021521 0.0105758773 0 0 0
nt@synapse_cleft 3714 -0.0453191794 -0.0115949152 0.015334691 0 0 0
nt@synapse_cleft 3726 -0.000658139115 -0.0654719785 0.0115878155 0 0 0
nt@synapse_cleft 3728 -0.00514074365 0.0374840262 0.00605666128 0 0 0
nt@synapse_cleft 3730 0.025588319 0.0186791416 0.0144363629 0 0 0
nt@synapse_cleft 3731 0.00369726631 0.00228345041 0.0122528302 0 0 0
nt@synapse_cleft 3737 0.011023309 0.014609807 0.0147584665 0 0 0
nt@synapse_cleft 3738 -0.00533737724 0.0262846341 0.0143914843 0 0 0
nt@synapse_cleft 3739 0.0177100463 0.0532932793 0.00710400734 0 0 0
nt@synapse_cleft 3745 -0.00286820952 0.0233124538 0.0147308678 0 0 0
nt@synapse_cleft 3751 0.000483487444 -0.00728636934 0.0106022941 0 0 0
nt@synapse_cleft 3758 -0.0248957726 -0.0302755963 0.00130865817 0 0 0
nt@synapse_cleft 3759 -0.00999499614 -0.0242041087 0.00943482984 0 0 0
nt@synapse_cleft 3763 0.0478207544 0.0421292618 0.0153333476 0 0 0
nt@synapse_cleft 3768 0.00562828229 -0.0301046879 0.0101907631 0 0 0
nt@synapse_cleft 3770 0.0125051563 0.0095356779 0.0164393851 0 0 0
nt@synapse_cleft 3771 0.0139207211 -0.00646266079 0.01827508 0 0 0
nt@synapse_cleft 3775 0.00249606098 0.00816207256 0.0171480584 0 0 0
nt@synapse_cleft 3783 -0.0259686733 -0.0189285679 0.00655903652 0 0 0
nt@synapse_cleft 3788 -0.0210619438 -0.00819745856 0.00703033622 0 0 0
nt@synapse_cleft 3793 -0.0173068927 -0.0169964026 0.00110979547 0 0 0
nt@synapse_cleft 3800 0.0250206147 -0.00434009573 0.00145899621 0 0 0
nt@synapse_cleft 3802 0.0213242171 0.0187319986 0.0104840329 0 0 0
nt@synapse_cleft 3811 -0.02981841 -0.0133732615 0.0177757242 0 0 0
nt@synapse_cleft 3827 -0.000975197301 0.0361040596 0.00328457121 0 0 0
nt@synapse_cleft 3831 -0.00151831022 -0.0342939473 0.00205047042 0 0 0
nt@synapse_cleft 3834 0.0430233737 -0.0316663925 0.0186881984 0 0 0
nt@synapse_cleft 3835 0.0238816951 -0.0327066398 0.0140589908 0 0 0
nt@synapse_cleft 3841 0.0218852507 -0.0284837228 0.00885535877 0 0 0
nt@synapse_cleft 3844 -0.00122565651 -0.00159896639 0.00710205813 0 0 0
nt@synapse_cleft 3846 -0.0167948208 0.0123730047 0.000616597797 0 0 0
nt@synapse_cleft 3848 0.0272687814 0.0194049976 0.015888161 0 0 0
nt@synapse_cleft 3850 -0.0296552307 0.0116826791 0.0119308246 0 0 0
nt@synapse_cleft 3859 0.0588888152 -0.00549959331 0.012563186 0 0 0
nt@synapse_cleft 3879 0.018781025 -0.0410826978 0.00247102781 0 0 0
nt@synapse_cleft 3886 0.0219916297 0.0352927883 0.0180853746 0 0 0
nt@synapse_cleft 3891 0.000836499675 -0.0179504288 0.00135553902 0 0 0
nt@synapse_cleft 3902 -0.0117975065 0.00947283534 0.0182119295 0 0 0
nt@synapse_cleft 3907 -0.0247434216 -0.0224131186 0.00845825954 0 0 0
nt@synapse_cleft 3909 0.0161902044 0.0277069272 0.00435887304 0 0 0
nt@synapse_cleft 3917 -0.00819053808 -0.0262348751 0.00339901703 0 0 0
nt@synapse_cleft 3918 -0.0104454041 -0.00834289338 0.0106719323 0 0 0
nt@synapse_cleft 3921 0.0203753544 0.0390225919 0.0181311711 0 0 0
nt@synapse_cleft 3927 -0.000359159311 0.0364267237 0.00292629923 0 0 0
nt@synapse_cleft 3932 0.0191822544 -0.0185101794 0.0152982677 0 0 0
nt@synapse_cleft 3941 -0.0221215726 0.0171784761 0.0039162656 0 0 0
nt@synapse_cleft 3949 -0.0248573148 0.0126365633 0.00239729467 0 0 0
nt@synapse_cleft 3952 -0.0251755658 0.0135491887 0.0173330149 0 0 0
nt@synapse_cleft 3953 0.0227221443 -0.0111876195 0.000982398156 0 0 0
nt@synapse_cleft 3956 -0.0121669035 -0.0167386738 0.0133493463 0 0 0
nt@synapse_cleft 3957 0.027753797 -0.00781342165 0.0125186014 0 0 0
nt@synapse_cleft 3958 0.0168787467 0.014107973 0.0163482564 0 0 0
nt@synapse_cleft 3962 -0.03558591 0.0137138937 0.00193176 0 0 0
nt@synapse_cleft 3963 0.0221746385 0.0364533819 0.0127873242 0 0 0
nt@synapse_cleft 3965 -0.0285663809 -0.00817746757 0.0164552009 0 0 0
nt@synapse_cleft 3967 0.0112780599 -0.012884003 0.00213829124 0 0 0
nt@synapse_cleft 3968 0.00907186673 -0.00347843823 0.0128988577 0 0 0
nt@synapse_cleft 3973 0.0182696404 -0.0126309392 0.0184024531 0 0 0
nt@synapse_cleft 3974 -0.0258318852 0.0399305459 0.0043766073 0 0 0
nt@synapse_cleft 3977 0.00509351451 0.038721928 0.00285229403 0 0 0
nt@synapse_cleft 3978 0.0177022926 -0.00128995951 0.0125302049 0 0 0
nt@synapse_cleft 3983 -0.0250685619 -0.0329781414 0.00171352365 0 0 0
nt@synapse_cleft 3988 -0.00272062572 -0.0332704115 0.00660705788 0 0 0
nt@synapse_cleft 3989 0.0507880998 -0.0010857276 0.0129459057 0 0 0
nt@synapse_cleft 3991 0.0838203918 -0.0299425916 0.00623621856 0 0 0
nt@synapse_cleft 3993 -0.043398579 -0.000173841686 0.0187940951 0 0 0
nt@synapse_cleft 3997 -0.0588583811 -0.00572902018 0.0128543377 0 0 0
nt@synapse_cleft 3999 -0.0516709725 -0.00501252549 0.0177850022 0 0 0
nt@synapse_cleft 4011 0.0180404889 0.00683859973 0.00317270849 0 0 0
nt@synapse_cleft 4018 0.00533921102 0.00950807065 0.0124000279 0 0 0
nt@synapse_cleft 4024 -0.0158179674 0.0355918075 0.00609066957 0 0 0
nt@synapse_cleft 4025 -0.0360491958 -0.0156292731 0.00857633243 0 0 0
nt@synapse_cleft 4027 0.00869773879 -0.0250300862 0.00612537509 0 0 0
nt@synapse_cleft 4028 -0.0158502899 0.0269102154 0.0164227955 0 0 0
nt@synapse_cleft 4037 -0.0221428432 0.029749209 0.0153908309 0 0 0
nt@synapse_cleft 4040 0.00924297306 0.025180557 0.018606996 0 0 0
nt@synapse_cleft 4049 0.0310534575 -0.0014462182 0.0191436744 0 0 0
nt@synapse_cleft 4051 0.00371361993 0.0155967434 0.00939700354 0 0 0
nt@synapse_cleft 4064 0.0113417259 0.0116878371 0.00777225005 0 0 0
nt@synapse_cleft 4070 -0.0102711618 0.00734892304 0.006402328 0 0 0
nt@synapse_cleft 4071 -0.0324835752 -0.042951769 0.019376633 0 0 0
nt@synapse_cleft 4087 -0.00331606546 0.0304277036 0.0013518788 0 0 0
nt@synapse_cleft 4094 0.0365263551 -0.030715241 0.00233453188 0 0 0
nt@synapse_cleft 4095 0.0326852099 0.0148637514 0.0131284908 0 0 0
nt@synapse_cleft 4099 -0.00501194832 0.0187615709 0.00187146355 0 0 0
nt@synapse_cleft 4102 0.0235581759 -0.0373189145 0.00824138438 0 0 0
nt@synapse_cleft 4103 -0.00924926336 -0.00981489697 0.0034942688 0 0 0
nt@synapse_cleft 4106 0.0239178817 0.0133487355 0.0152980929 0 0 0
nt@synapse_cleft 4111 0.0644212266 0.0111339486 0.00266234629 0 0 0
nt@synapse_cleft 4115 -0.00442926911 0.0189412632 0.0169486323 0 0 0
nt@synapse_cleft 4116 0.0135859648 -0.0041487098 0.000966609714 0 0 0
nt@synapse_cleft 4119 0.0134133715 -0.0327822962 0.00697243746 0 0 0
nt@synapse_cleft 4123 -0.000989350574 0.0160461974 0.0198274945 0 0 0
nt@synapse_cleft 4126 0.0227373966 -0.0243241961 0.0033992353 0 0 0
nt@synapse_cleft 4129 -0.0166124398 0.00709802844 0.0139430686 0 0 0
nt@synapse_cleft 4131 -0.022789972 0.0191475285 0.017094926 0 0 0
nt@synapse_cleft 4132 0.0228500001 0.026331697 0.0140871247 0 0 0
nt@synapse_cleft 4135 0.00194955445 -0.00240393845 0.00495635936 0 0 0
nt@synapse_cleft 4144 0.0316758313 -0.00265692719 0.00790931727 0 0 0
nt@synapse_cleft 4150 -0.0464949978 -0.0559837695 0.00943866106 0 0 0
nt@synapse_cleft 4153 0.00527729574 -0.0102371942 0.00964047237 0 0 0
nt@synapse_cleft 4155 0.0145174438 -0.0558023408 0.014213847 0 0 0
nt@synapse_cleft 4156 0.0325963642 -0.00275334251 0.0127541312 0 0 0
nt@synapse_cleft 4157 0.0160696566 0.0136835677 0.0144157413 0 0 0
nt@synapse_cleft 4158 -0.00674107415 -0.00318464295 0.0148385014 0 0 0
nt@synapse_cleft 4162 0.0374251779 -0.0231752004 0.00309133135 0 0 0
nt@synapse_cleft 4163 -0.0024273149 0.0314401198 0.000845081006 0 0 0
nt@synapse_cleft 4170 -0.0504631477 0.000127099918 0.00597886259 0 0 0
nt@synapse_cleft 4177 -0.0516949969 0.0646487922 0.0182345514 0 0 0
nt@synapse_cleft 4178 -0.00814999836 -0.0369451324 0.00113890263 0 0 0
nt@synapse_cleft 4184 -0.00533316614 -0.0118786537 0.00132368742 0 0 0
nt@synapse_cleft 4187 -0.0301698986 -0.0143043559 0.0170979849 0 0 0
nt@synapse_cleft 4193 -0.0107681818 -0.029099788 0.00992682405 0 0 0
nt@synapse_cleft 4210 0.022094759 0.00141338378 0.0161818392 0 0 0
nt@synapse_cleft 4214 -0.0346162054 -0.0034107196 0.0163807539 0 0 0
nt@synapse_cleft 4215 0.0239163182 -0.0481989738 0.00741277722 0 0 0
nt@synapse_cleft 4220 -0.00015094881 -0.0208487711 0.0111837758 0 0 0
nt@synapse_cleft 4228 0.0294582162 -0.00784092247 0.00781608005 0 0 0
nt@synapse_cleft 4230 -0.0222908407 0.04632543 0.0152024621 0 0 0
nt@synapse_cleft 4233 0.026921465 0.0150628218 0.00824404592 0 0 0
nt@synapse_cleft 4234 0.00331663058 -0.00555861166 0.00690191403 0 0 0
nt@synapse_cleft 4237 0.00262587721 -0.0196393449 0.0162211914 0 0 0
nt@synapse_cleft 4241 -0.0485448016 0.0169658653 0.0149859759 0 0 0
nt@synapse_cleft 4242 0.0207349089 -0.0150433396 0.0120200568 0 0 0
nt@synapse_cleft 4252 0.0449563121 0.0012901132 0.013756867 0 0 0
nt@synapse_cleft 4254 -0.00853684862 0.0328014654 0.00562164757 0 0 0
nt@synapse_cleft 4255 -0.0310519769 -0.0420029101 0.0163435138 0 0 0
nt@synapse_cleft 4271 0.00805634807 -0.0112707546 0.019364458 0 0 0
nt@synapse_cleft 4279 0.00490683493 -0.0393586233 0.0182007144 0 0 0
nt@synapse_cleft 4283 -0.0256770744 -0.00342412428 0.00645728078 0 0 0
nt@synapse_cleft 4284 0.0526081648 -0.0204861998 0.0128171291 0 0 0
nt@synapse_cleft 4285 -0.0396524937 0.0479057056 0.00540207628 0 0 0
nt@synapse_cleft 4288 0.0228045265 -0.0245153491 0.0196435161 0 0 0
nt@synapse_cleft 4293 -0.00282761111 -0.0220896985 0.00945287945 0 0 0
nt@synapse_cleft 4297 0.0310831352 -0.021313165 0.00103426444 0 0 0
nt@synapse_cleft 4301 0.0126194717 -0.00847745822 0.0151813869 0 0 0
nt@synapse_cleft 4312 -0.0238747388 -0.0323770968 0.0153172741 0 0 0
nt@synapse_cleft 4317 -0.0191969164 0.0403899035 0.00615778736 0 0 0
nt@synapse_cleft 4326 0.0244180011 -0.0161957003 0.0145311786 0 0 0
nt@synapse_cleft 4330 -0.0175662676 0.00108306833 0.0150904618 0 0 0
nt@synapse_cleft 4334 0.00193175898 0.00586092177 0.00158657417 0 0 0
nt@synapse_cleft 4339 0.00453331683 -0.0175291655 0.0147263632 0 0 0
nt@synapse_cleft 4343 -0.0251547731 -0.0402218409 0.00811683542 0 0 0
nt@synapse_cleft 4346 0.00511615272 -0.00511659073 0.014123288 0 0 0
nt@synapse_cleft 4351 0.0394489043 0.0159377779 0.00152424166 0 0 0
nt@synapse_cleft 4359 0.0304644672 0.0222735247 0.00672619793 0 0 0
nt@synapse_cleft 4360 0.0258776066 0.0054745621 0.0172430976 0 0 0
nt@synapse_cleft 4363 -0.0427146862 0.0123015146 0.017903863 0 0 0
nt@synapse_cleft 4365 0.0126508637 0.025709911 0.0110675134 0 0 0
nt@synapse_cleft 4372 -0.00456068764 -0.025170741 0.00673808209 0 0 0
nt@synapse_cleft 4374 -0.0183032947 -0.0118374021 0.0151366959 0 0 0
nt@synapse_cleft 4376 -0.0227589878 -0.00179473506 0.00169927392 0 0 0
nt@synapse_cleft 4381 -0.00893266438 -0.0385864469 0.00611283254 0 0 0
nt@synapse_cleft 4386 -0.0154762545 -0.0359316178 0.000508995733 0 0 0
nt@synapse_cleft 4391 0.0252849295 -0.0233982603 0.00712378691 0 0 0
nt@synapse_cleft 4392 -0.0103972023 0.00152000136 0.0138731975 0 0 0
nt@synapse_cleft 4395 0.0300164911 -0.0281732083 0.0162341071 0 0 0
nt@synapse_cleft 4396 0.0102141674 -0.0575146153 0.00443167868 0 0 0
nt@synapse_cleft 4398 -0.00816816423 0.0166577445 0.01718443 0 0 0
nt@synapse_cleft 4399 0.0253402477 0.0405984897 0.0199944162 0 0 0
nt@synapse_cleft 4403 -0.0147572694 -0.0196685746 0.0191482669 0 0 0
nt@synapse_cleft 4405 -0.0413130191 -0.0216951652 0.011561235 0 0 0
nt@synapse_cleft 4414 -0.00444516342 -0.0182236612 0.00459300939 0 0 0
nt@synapse_cleft 4416 -0.00992400332 0.000199544566 0.0191045643 0 0 0
nt@synapse_cleft 4423 0.0270637175 -0.0131123324 0.0123061031 0 0 0
nt@synapse_cleft 4424 -0.03137532 -0.0194330925 0.000709084338 0 0 0
nt@synapse_cleft 4430 -0.00422998329 0.00365397643 0.00337507632 0 0 0
nt@synapse_cleft 4431 0.0270711648 -0.024263311 0.00366927236 0 0 0
nt@synapse_cleft 4434 0.0205497471 -0.0227332869 0.0189658166 0 0 0
nt@synapse_cleft 4436 0.00842533313 0.0185992285 0.0152789242 0 0 0
nt@synapse_cleft 4446 -0.00598089093 0.0458945226 0.0199340233 0 0 0
nt@synapse_cleft 4449 0.0225363406 0.0531543088 0.0143242375 0 0 0
nt@synapse_cleft 4464 0.00799274873 -0.0246593637 0.0150041836 0 0 0
nt@synapse_cleft 4470 -0.0103312635 -0.0337589136 0.0107754856 0 0 0
nt@synapse_cleft 4473 -0.00665600568 -0.00426214927 0.00513219959 0 0 0
nt@synapse_cleft 4478 -0.0131838759 0.0243921428 0.0115191285 0 0 0
nt@synapse_cleft 4480 0.0146334445 0.0314211488 0.017415318 0 0 0
nt@synapse_cleft 4482 -0.0237102177 -0.00568806315 0.00318497723 0 0 0
nt@synapse_cleft 4485 0.0233467668 -0.00975009719 0.0131124495 0 0 0
nt@synapse_cleft 4488 0.025792621 -0.00516320223 0.0153180461 0 0 0
nt@synapse_cleft 4489 0.0078088691 -0.0126208307 0.000155806893 0 0 0
nt@synapse_cleft 4496 -0.0518393735 0.0388435517 0.00224413738 0 0 0
nt@synapse_cleft 4499 -0.0176150283 0.0123479169 0.0145269532 0 0 0
nt@synapse_cleft 4501 0.00657353775 0.00814186283 0.0190263113 0 0 0
nt@synapse_cleft 4514 -0.0013236565 0.0198002898 0.0108739647 0 0 0
nt@synapse_cleft 4517 -0.0358965003 0.0201660955 0.0103074131 0 0 0
nt@synapse_cleft 4524 -0.00447248098 -0.0433784974 0.014865838 0 0 0
nt@synapse_cleft 4527 0.027756725 -0.00970165076 0.0192090981 0 0 0
nt@synapse_cleft 4538 -0.0434138973 -0.0373494783 0.00474727469 0 0 0
nt@synapse_cleft 4542 0.00856400337 0.0279229072 0.00186423605 0 0 0
nt@synapse_cleft 4545 -0.0315700608 0.0325916684 0.0186447593 0 0 0
nt@synapse_cleft 4551 -0.00818100627 0.0220786871 0.0184564567 0 0 0
nt@synapse_cleft 4553 -0.027075689 0.0026827728 0.0141253618 0 0 0
nt@synapse_cleft 4559 -0.0170783599 0.0415764417 0.0134511768 0 0 0
nt@synapse_cleft 4565 -0.0382444482 -0.0152722291 0.0110952715 0 0 0
nt@synapse_cleft 4572 0.00531937431 -0.00970048199 0.00175410056 0 0 0
nt@synapse_cleft 4574 0.0377227765 -0.0194636991 0.00322999779 0 0 0
nt@synapse_cleft 4576 -0.035851966 -0.0228281332 0.00496440857 0 0 0
nt@synapse_cleft 4583 -0.0123375549 -0.00349983577 0.00640143584 0 0 0
nt@synapse_cleft 4587 0.0274812011 0.00462401391 0.00456199936 0 0 0
nt@synapse_cleft 4590 -0.0405697686 -0.021863472 0.0155433638 0 0 0
nt@synapse_cleft 4593 -0.0371841704 0.04616509 0.00717939796 0 0 0
nt@synapse_cleft 4594 0.00202897889 0.00821819564 0.0126472192 0 0 0
nt@synapse_cleft 4595 0.0308926785 -0.02894498 0.012211977 0 0 0
nt@synapse_cleft 4600 -0.0344166187 0.00641289658 0.00299830987 0 0 0
nt@synapse_cleft 4613 0.0588159928 0.00268452622 0.00671807099 0 0 0
nt@synapse_cleft 4620 0.00860600342 -0.00696838772 0.0163685808 0 0 0
nt@synapse_cleft 4624 0.0143553564 -0.026280735 0.0136348559 0 0 0
nt@synapse_cleft 4654 0.0107558786 -0.0265663984 0.00213729269 0 0 0
nt@synapse_cleft 4658 -0.0282492196 0.0254891818 0.00535079353 0 0 0
nt@synapse_cleft 4659 -0.039678672 0.0210045097 0.0180973917 0 0 0
nt@synapse_cleft 4661 -0.00159936265 -0.0408865786 0.0153610784 0 0 0
nt@synapse_cleft 4664 0.00689405944 -0.0110658945 0.00516346037 0 0 0
nt@synapse_cleft 4666 0.0658392246 0.0193557189 0.0186102145 0 0 0
nt@synapse_cleft 4671 -0.00485932547 -0.0189678461 0.00660818395 0 0 0
nt@synapse_cleft 4681 0.0133780164 -0.0255602045 0.00911596049 0 0 0
nt@synapse_cleft 4687 0.00520863224 0.00373712813 0.0166368162 0 0 0
nt@synapse_cleft 4699 -0.0327691444 0.00987739897 0.00483610329 0 0 0
nt@synapse_cleft 4700 -0.0345693057 0.0582885246 0.0191145087 0 0 0
nt@synapse_cleft 4701 0.0254764985 0.0224158413 0.0148923146 0 0 0
nt@synapse_cleft 4706 0.0119286896 -0.00993321611 0.00558521937 0 0 0
nt@synapse_cleft 4709 -0.00332467022 0.00500732148 0.00802295442 0 0 0
nt@synapse_cleft 4710 -0.0216865741 -0.0394649548 0.000437025345 0 0 0
nt@synapse_cleft 4718 0.0548337407 0.0182344746 0.0120074055 0 0 0
nt@synapse_cleft 4732 -0.00772703663 0.0153283805 0.0134097363 0 0 0
nt@synapse_cleft 4736 0.00527011863 -0.00190512129 0.00532913178 0 0 0
nt@synapse_cleft 4746 -0.053619028 -0.0105589781 0.0160656527 0 0 0
nt@synapse_cleft 4750 0.00921650035 -0.0617077279 0.00237946211 0 0 0
nt@synapse_cleft 4753 -0.00928383579 0.0010110122 0.00886595598 0 0 0
nt@synapse_cleft 4754 -0.00957106204 0.00601893595 0.0113846868 0 0 0
nt@synapse_cleft 4756 -0.0158041752 0.0175080492 0.0121371977 0 0 0
nt@synapse_cleft 4758 -0.0390134038 0.0194018211 0.0133327832 0 0 0
nt@synapse_cleft 4764 0.0166362027 -0.00694737372 0.00278156604 0 0 0
nt@synapse_cleft 4767 -0.0077899048 0.0210478424 0.00243710168 0 0 0
nt@synapse_cleft 4779 0.0271045763 -0.023940367 0.00200148097 0 0 0
nt@synapse_cleft 4784 0.0225763489 0.0138981278 0.0193880427 0 0 0
nt@synapse_cleft 4786 -0.00627376678 0.0135545007 0.00437151571 0 0 0
nt@synapse_cleft 4791 0.0460007058 -0.0157870405 0.00947285188 0 0 0
nt@synapse_cleft 4793 -0.0419459499 0.0118177624 0.0182436184 0 0 0
nt@synapse_cleft 4800 0.0173553519 -0.00785276417 5.38164116e-05 0 0 0
nt@synapse_cleft 4801 -0.0192721506 0.00453646115 0.00744490091 0 0 0
nt@synapse_cleft 4809 -0.0364698744 -0.0469825007 0.0134359351 0 0 0
nt@synapse_cleft 4814 -0.0220339446 0.0293271224 0.00617359873 0 0 0
nt@synapse_cleft 4816 -0.035347517 -0.0136089947 0.0110764118 0 0 0
nt@synapse_cleft 4822 -0.00749336856 -0.0195351974 0.0118306025 0 0 0
nt@synapse_cleft 4823 0.000277350171 0.0183040125 0.0183499394 0 0 0
nt@synapse_cleft 4824 0.00340818627 -0.0291662057 0.00180666711 0 0 0
nt@synapse_cleft 4829 0.0257825356 -0.0644462779 0.00219203736 0 0 0
nt@synapse_cleft 4830 -0.0142094802 0.0161358121 0.0119585661 0 0 0
nt@synapse_cleft 4833 -0.0107423856 -0.0325942484 0.00937543519 0 0 0
nt@synapse_cleft 4839 -0.00572182771 -0.00726869074 0.00619529501 0 0 0
nt@synapse_cleft 4844 0.0624429092 -0.00967178474 0.00845183981 0 0 0
nt@synapse_cleft 4852 -0.0248198668 -0.0212650535 0.0103176436 0 0 0
nt@synapse_cleft 4855 0.0261547192 0.0086632322 0.0109232708 0 0 0
nt@synapse_cleft 4869 -0.0323679072 0.0151970281 0.0102509244 0 0 0
nt@synapse_cleft 4871 0.0212123754 0.0135577142 0.00172355825 0 0 0
nt@synapse_cleft 4880 -0.00987313316 -0.0285426968 0.00413134716 0 0 0
nt@synapse_cleft 4882 -0.0100043176 -0.0227419113 0.00208968722 0 0 0
nt@synapse_cleft 4883 -0.0354488425 -0.00518251387 0.00851750293 0 0 0
nt@synapse_cleft 4891 0.00981648046 -0.0118290363 0.00726562985 0 0 0
nt@synapse_cleft 4892 -0.0158960741 0.0108685164 0.0168920916 0 0 0
nt@synapse_cleft 4896 -0.0171033558 -0.0235311048 0.00840921099 0 0 0
nt@synapse_cleft 4897 0.0393301317 -0.0213969565 0.0153196341 0 0 0
nt@synapse_cleft 4901 0.00934583998 0.0104070269 0.00235484084 0 0 0
nt@synapse_cleft 4905 -0.0211066015 -0.0158571226 0.00772878759 0 0 0
nt@synapse_cleft 4906 -0.00055606177 -0.0321040247 0.0103050507 0 0 0
nt@synapse_cleft 4918 -0.00941407914 0.0238331403 0.0141735489 0 0 0
nt@synapse_cleft 4919 0.00821312549 0.010158573 0.0156339358 0 0 0
nt@synapse_cleft 4925 0.00240561183 -0.00169751759 0.0132155002 0 0 0
nt@synapse_cleft 4928 -0.00183362478 0.0690580691 0.00102334221 0 0 0
nt@synapse_cleft 4931 0.0122760488 -0.0159691461 0.0152331367 0 0 0
nt@synapse_cleft 4937 -0.0561076206 0.0037034961 0.00902668726 0 0 0
nt@synapse_cleft 4946 -0.0167726507 0.0255852738 0.0113071544 0 0 0
nt@synapse_cleft 4956 0.0357365765 -0.00389090023 0.00366202912 0 0 0
nt@synapse_cleft 4967 -0.0128200745 0.00888357413 0.00821873769 0 0 0
nt@synapse_cleft 4972 0.0320064873 -0.015265416 0.0116105332 0 0 0
nt@synapse_cleft 4973 -0.0058510296 0.0484758307 0.0199783627 0 0 0
nt@synapse_cleft 4979 0.00334396269 -0.0108398127 0.0112726057 0 0 0
nt@synapse_cleft 4980 0.00543590074 0.00383822819 0.0127899471 0 0 0
nt@synapse_cleft 4981 0.00734618516 -0.0314489623 0.0153777249 0 0 0
nt@synapse_cleft 4982 0.00539594657 -0.0010540271 0.0190417226 0 0 0
nt@synapse_cleft 4983 -0.0265054088 0.024692119 0.00839490246 0 0 0
nt@synapse_cleft 4988 0.0215450736 -0.0240049323 0.00480382464 0 0 0
nt@synapse_cleft 4989 -0.00759891534 -0.0128826511 0.0151720022 0 0 0
nt@synapse_cleft 4991 -0.00617288944 -0.0051661913 0.0112865146 0 0 0
nt@synapse_cleft 5004 -0.0232473374 0.0125590065 0.00120663365 0 0 0
nt@synapse_cleft 5006 0.00197547471 -0.00930199877 0.00126443822 0 0 0
nt@synapse_cleft 5009 -0.0293578761 0.0214393853 0.00179465738 0 0 0
nt@synapse_cleft 5011 -0.016315807 -0.0184787306 0.0079583881 0 0 0
nt@synapse_cleft 5015 -0.0141121398 -0.0144781026 0.0109807395 0 0 0
nt@synapse_cleft 5024 -0.00280075238 -0.0105537726 0.0131756391 0 0 0
nt@synapse_cleft 5044 -0.0304820224 0.00537353678 0.00990900368 0 0 0
nt@synapse_cleft 5045 0.0379165612 0.0368145895 0.0136399759 0 0 0
nt@synapse_cleft 5046 0.00423875304 -0.00698917401 0.00631572413 0 0 0
nt@synapse_cleft 5052 0.00204219887 -0.00265717584 0.00573253533 0 0 0
nt@synapse_cleft 5055 -0.0111386823 0.0171398044 0.00407069052 0 0 0
nt@synapse_cleft 5059 -0.0355759103 0.0318092498 0.0157365663 0 0 0
nt@synapse_cleft 5061 0.0176953185 -0.0266238393 0.00159110876 0 0 0
nt@synapse_cleft 5063 -0.0337869789 0.0265238646 0.0172398005 0 0 0
nt@synapse_cleft 5081 0.011065661 0.0105951377 0.00336155171 0 0 0
nt@synapse_cleft 5082 0.00620546118 0.0444686867 0.000921159586 0 0 0
nt@synapse_cleft 5086 0.0212677427 0.0436877496 0.0102096139 0 0 0
nt@synapse_cleft 5106 0.00384164656 -0.0127409631 0.00109872012 0 0 0
nt@synapse_cleft 5133 -0.0124765715 0.0233036196 0.0153917764 0 0 0
nt@synapse_cleft 5145 0.0203823722 0.0369371369 0.0156335799 0 0 0
nt@synapse_cleft 5154 0.00642558348 0.0183289323 0.0173779568 0 0 0
nt@synapse_cleft 5159 -0.0334340319 -0.0100758744 0.00363937428 0 0 0
nt@synapse_cleft 5163 0.00713899776 0.0148520456 0.0170336956 0 0 0
nt@synapse_cleft 5164 0.0103956585 -0.00335616243 0.0104189433 0 0 0
nt@synapse_cleft 5173 -0.0407538396 -0.00881128807 0.0168394356 0 0 0
nt@synapse_cleft 5176 -0.0296275221 0.0549126684 0.0191937594 0 0 0
nt@synapse_cleft 5179 0.0258484916 0.00732218506 0.00920517119 0 0 0
nt@synapse_cleft 5182 0.0468385147 0.0113049588 0.0016477385 0 0 0
nt@synapse_cleft 5183 0.0377409114 0.00584647151 0.0167875576 0 0 0
nt@synapse_cleft 5193 0.0303317199 0.00288866251 0.0166033601 0 0 0
nt@synapse_cleft 5196 -0.000538025941 -0.0038080697 0.0196323743 0 0 0
nt@synapse_cleft 5198 -0.00525350454 -0.0293503608 0.00586376636 0 0 0
