nt@synapse_cleft 0 0.0309278845 0.00195693158 0.0168857785 0 0 0
nt@synapse_cleft 2 -0.0521741625 0.028604099 0.00798151106 0 0 0
nt@synapse_cleft 7 0.0251819477 0.0188188767 0.00167470256 0 0 0
nt@synapse_cleft 9 0.0338940056 -0.0373999404 0.0129472886 0 0 0
nt@synapse_cleft 12 0.00594715123 0.044647424 0.00285419615 0 0 0
nt@synapse_cleft 15 0.00219770775 0.0219659253 0.0194117325 0 0 0
nt@synapse_cleft 17 0.0320706418 0.00669856039 0.0024499902 0 0 0
nt@synapse_cleft 26 -0.0295712267 0.011413536 0.015110175 0 0 0
nt@synapse_cleft 35 0.0133963667 0.0652339194 0.0113275884 0 0 0
nt@synapse_cleft 42 0.00600623585 0.00765552581 0.0136583528 0 0 0
nt@synapse_cleft 45 -0.0202145403 0.0187952568 0.00597202013 0 0 0
nt@synapse_cleft 54 0.00714118163 0.0231985136 0.0191439036 0 0 0
nt@synapse_cleft 56 -0.0300459986 -0.0332586016 0.00464062357 0 0 0
nt@synapse_cleft 72 -0.0389504635 0.0161299074 0.0153793999 0 0 0
nt@synapse_cleft 81 -0.0019324454 -0.0409217516 0.00661382521 0 0 0
nt@synapse_cleft 87 -0.00499751189 -0.00326612294 0.00398001434 0 0 0
nt@synapse_cleft 89 0.0376527153 -0.0194763666 0.0150855199 0 0 0
nt@synapse_cleft 100 -0.0247510881 -0.0281398605 0.00922110453 0 0 0
nt@synapse_cleft 103 0.0311585269 -0.0152655896 0.0111300632 0 0 0
nt@synapse_cleft 111 -0.0398780945 0.0482968676 0.00170393499 0 0 0
nt@synapse_cleft 114 0.044343605 -0.0238536027 0.00439553249 0 0 0
nt@synapse_cleft 115 -0.000521164348 -0.0169932603 0.00763540985 0 0 0
nt@synapse_cleft 116 -0.0155209789 -0.021266306 0.000266290063 0 0 0
nt@synapse_cleft 135 -0.0350120629 -0.0113910237 0.0175053453 0 0 0
nt@synapse_cleft 137 -0.0533878394 -0.0394592638 0.00256886085 0 0 0
nt@synapse_cleft 148 -0.0131885597 0.0850988386 0.00597849389 0 0 0
nt@synapse_cleft 150 -0.0148455037 0.0211723714 0.0133200545 0 0 0
nt@synapse_cleft 156 -0.0098485298 -0.0172469187 0.00464925577 0 0 0
nt@synapse_cleft 167 -0.00388630252 -0.0333193181 0.00523946488 0 0 0
nt@synapse_cleft 188 -0.0129955271 -0.0186989971 0.0154387048 0 0 0
nt@synapse_cleft 194 -0.0165939131 -0.0233597275 0.0179311666 0 0 0
nt@synapse_cleft 195 0.0337666306 0.0516003004 0.00461196712 0 0 0
nt@synapse_cleft 199 0.0387901196 0.017692248 0.0167251674 0 0 0
nt@synapse_cleft 206 0.00272263523 -0.022837779 0.0118260387 0 0 0
nt@synapse_cleft 210 -0.0254753279 0.00671758976 0.00475045578 0 0 0
nt@synapse_cleft 224 -0.0249919636 0.0476487759 0.0129445429 0 0 0
nt@synapse_cleft 231 0.0224754498 0.0570045332 0.00659569783 0 0 0
nt@synapse_cleft 235 -0.00208607694 -0.0153866636 0.0140900313 0 0 0
nt@synapse_cleft 244 -0.0159877753 0.0198003379 0.010269111 0 0 0
nt@synapse_cleft 248 0.0312307667 -0.0237204606 0.0177180823 0 0 0
nt@synapse_cleft 256 -0.0402768705 -0.000170780936 0.00684367631 0 0 0
nt@synapse_cleft 268 -0.000494685577 -0.0317744555 0.0146631602 0 0 0
nt@synapse_cleft 284 -0.0441132263 0.0853328888 0.0100143085 0 0 0
nt@synapse_cleft 293 0.0237243574 -0.0183965505 0.017050542 0 0 0
nt@synapse_cleft 306 0.021798177 -0.0303681524 0.0104713273 0 0 0
nt@synapse_cleft 307 0.0116118518 -0.0116244087 0.0100266512 0 0 0
nt@synapse_cleft 318 -0.0177708319 -0.00731858973 0.00964565125 0 0 0
nt@synapse_cleft 321 0.0458159849 0.00737493953 0.0156993297 0 0 0
nt@synapse_cleft 325 -0.0587826346 0.0764908509 0.0165535616 0 0 0
nt@synapse_cleft 347 -0.00357828271 0.0126428315 0.010452344 0 0 0
nt@synapse_cleft 348 -0.0106253386 -0.0280798304 0.00142831799 0 0 0
nt@synapse_cleft 350 0.00928427015 -0.00510172023 0.00370893956 0 0 0
nt@synapse_cleft 356 -0.0426184901 0.0152674643 0.00820198485 0 0 0
nt@synapse_cleft 361 -0.037826912 0.00868731089 0.0109153103 0 0 0
nt@synapse_cleft 371 -0.00855279101 0.0412341113 0.00954001075 0 0 0
nt@synapse_cleft 372 0.0109819704 0.032020269 0.0112445395 0 0 0
nt@synapse_cleft 376 -0.0222969679 0.00576237222 0.00408301795 0 0 0
nt@synapse_cleft 385 0.0216357382 0.0224526263 0.00475712533 0 0 0
nt@synapse_cleft 402 0.00913007752 0.0366337984 0.0151034711 0 0 0
nt@synapse_cleft 406 -0.0242299336 -0.0397450063 0.00324412665 0 0 0
nt@synapse_cleft 421 -0.0506588573 0.0203325216 0.00616519368 0 0 0
nt@synapse_cleft 426 0.0546889287 -0.0233150913 0.0184353077 0 0 0
nt@synapse_cleft 429 -0.0206590486 0.0275256338 0.017801427 0 0 0
nt@synapse_cleft 440 0.0349202461 -0.00821234208 0.0165136165 0 0 0
nt@synapse_cleft 444 0.00180448521 0.0568326479 0.0130476196 0 0 0
nt@synapse_cleft 449 -0.00741847484 -0.0173853738 0.000282567225 0 0 0
nt@synapse_cleft 452 0.0433915112 0.0492862005 0.0105446928 0 0 0
nt@synapse_cleft 455 0.0176901147 -0.0297051792 0.011097603 0 0 0
nt@synapse_cleft 477 -0.000488156106 0.00537741288 0.0128115047 0 0 0
nt@synapse_cleft 479 -0.0137477273 0.0110741218 0.0103861552 0 0 0
nt@synapse_cleft 482 0.0157912846 0.000776966553 0.00769675939 0 0 0
nt@synapse_cleft 499 0.0202753962 0.0161650181 0.00265583243 0 0 0
nt@synapse_cleft 501 0.00563604061 0.0143506902 0.0116071183 0 0 0
nt@synapse_cleft 503 0.0140394686 -0.0210154641 0.016275704 0 0 0
nt@synapse_cleft 509 -0.0374980369 0.0393105823 0.00153318076 0 0 0
nt@synapse_cleft 510 0.0189853196 0.00302100776 0.0101093653 0 0 0
nt@synapse_cleft 514 -0.0288144947 0.00447661244 0.00731935607 0 0 0
nt@synapse_cleft 522 -0.0609845576 0.0269186566 0.0150393356 0 0 0
nt@synapse_cleft 524 -0.0214619245 0.0366393925 0.00822300493 0 0 0
nt@synapse_cleft 530 0.0148661336 -0.0111579927 0.00620974427 0 0 0
nt@synapse_cleft 536 -0.0287259972 -0.0427821596 0.0108560447 0 0 0
nt@synapse_cleft 544 0.0229944587 -0.00887683014 0.0101002807 0 0 0
nt@synapse_cleft 546 -0.0666039497 0.0119014728 0.00889257885 0 0 0
nt@synapse_cleft 549 0.0545626731 -0.0207644369 0.00540242215 0 0 0
nt@synapse_cleft 551 0.01905883 -0.0242738501 0.00785332715 0 0 0
nt@synapse_cleft 552 0.0267391446 0.0149344854 0.00550585497 0 0 0
nt@synapse_cleft 557 -0.0409011971 0.00858250036 0.00624380006 0 0 0
nt@synapse_cleft 558 0.0086467632 -0.00469370304 0.0104632207 0 0 0
nt@synapse_cleft 563 -0.0192518796 -0.0638445925 0.00146389623 0 0 0
nt@synapse_cleft 572 -0.0140574869 0.0184446745 0.00711063207 0 0 0
nt@synapse_cleft 575 -0.00929020181 -0.000624688943 0.00488744563 0 0 0
nt@synapse_cleft 591 -0.00979751988 0.0108134303 0.00587680528 0 0 0
nt@synapse_cleft 596 -0.0147528059 0.0147580465 0.0151187253 0 0 0
nt@synapse_cleft 598 0.00326872245 0.0222491714 0.00890238292 0 0 0
nt@synapse_cleft 620 -0.0307284024 -0.0088933974 0.0155721186 0 0 0
nt@synapse_cleft 624 0.022867692 -0.00847147258 0.00233793436 0 0 0
nt@synapse_cleft 627 -0.0195889902 -0.0341093741 0.00380325611 0 0 0
nt@synapse_cleft 629 -0.0106561508 -0.00900232055 0.00877175415 0 0 0
nt@synapse_cleft 633 -0.034730699 0.0319532687 0.0129638406 0 0 0
nt@synapse_cleft 634 0.0201362602 0.0143021592 0.0078765079 0 0 0
nt@synapse_cleft 639 -0.00693731373 -0.0199131188 0.0090993857 0 0 0
nt@synapse_cleft 645 -0.00413132227 0.0113561203 0.0152499581 0 0 0
nt@synapse_cleft 647 0.00248514043 0.0188618363 0.00635480202 0 0 0
nt@synapse_cleft 661 -0.0296891215 -0.0481098633 0.0186703543 0 0 0
nt@synapse_cleft 664 -0.00978943681 0.0176821524 0.00015017553 0 0 0
nt@synapse_cleft 678 0.00848808493 -0.0251531778 0.00763883918 0 0 0
nt@synapse_cleft 681 0.00975317394 -0.0358731564 0.00523648198 0 0 0
nt@synapse_cleft 693 0.0118258954 0.0221204586 0.000349558715 0 0 0
nt@synapse_cleft 698 0.00434101436 0.00913334916 0.0147389814 0 0 0
nt@synapse_cleft 699 -0.019701246 -0.072825482 0.00284789959 0 0 0
nt@synapse_cleft 712 -0.0167154271 -0.00203861065 0.0076630531 0 0 0
nt@synapse_cleft 721 0.0125784 -0.0256997231 0.0010428776 0 0 0
nt@synapse_cleft 726 -0.009597975 -0.00340994617 0.0125900263 0 0 0
nt@synapse_cleft 727 -0.0328176055 0.00507677291 0.00503743926 0 0 0
nt@synapse_cleft 728 0.0152572454 0.0037265052 0.00143693099 0 0 0
nt@synapse_cleft 732 0.0158113782 0.0430526763 0.00063515273 0 0 0
nt@synapse_cleft 735 -0.0607849103 0.00601073267 0.00297285381 0 0 0
nt@synapse_cleft 741 0.0419815069 0.00661734321 0.0140928791 0 0 0
nt@synapse_cleft 750 0.0266117697 0.0242783507 0.0162025322 0 0 0
nt@synapse_cleft 754 -0.0166128356 -0.0169845389 0.0148207722 0 0 0
nt@synapse_cleft 760 -0.0116843804 -0.0553170567 0.0138955018 0 0 0
nt@synapse_cleft 762 0.00377432948 -0.0115181161 0.014990063 0 0 0
nt@synapse_cleft 765 -0.0305879802 0.0477730351 0.0149820759 0 0 0
nt@synapse_cleft 768 -0.00166931716 -0.00526974262 0.0123749684 0 0 0
nt@synapse_cleft 769 -0.00925108487 0.0512049945 0.0196326904 0 0 0
nt@synapse_cleft 779 -0.0244513789 0.0103676586 0.00421295545 0 0 0
nt@synapse_cleft 797 0.00113858135 0.0392393964 0.00198048726 0 0 0
nt@synapse_cleft 803 -0.0270158445 -0.0504912661 0.00845911438 0 0 0
nt@synapse_cleft 816 0.005009775 -0.00451700403 0.00657951432 0 0 0
nt@synapse_cleft 831 0.0229667482 -0.00345885244 0.000409791947 0 0 0
nt@synapse_cleft 833 -0.00655093953 -0.00980962972 0.0171207658 0 0 0
nt@synapse_cleft 837 -0.019340472 -0.0106017053 0.00799211644 0 0 0
nt@synapse_cleft 844 -0.0188166027 0.0146609157 0.0199278842 0 0 0
nt@synapse_cleft 847 0.0126298523 -0.00465749147 0.0160328569 0 0 0
nt@synapse_cleft 850 -0.00623006987 0.0192266089 0.0185736222 0 0 0
nt@synapse_cleft 854 -0.00889196771 0.0380030384 0.000177742659 0 0 0
nt@synapse_cleft 866 -0.0141529503 -0.0205856952 0.00534811134 0 0 0
nt@synapse_cleft 871 0.017514594 0.0249797154 0.00747498028 0 0 0
nt@synapse_cleft 877 -0.0394108602 0.0231972885 0.000711308214 0 0 0
nt@synapse_cleft 884 0.0156997156 -0.00833078908 0.0152429885 0 0 0
nt@synapse_cleft 904 -0.0580701725 0.00655078206 0.0182527209 0 0 0
nt@synapse_cleft 908 -0.0688524558 -0.0148591168 0.00422961766 0 0 0
nt@synapse_cleft 909 0.0307874986 -0.000759815597 0.01189967 0 0 0
nt@synapse_cleft 913 -0.0240849681 0.0195462474 0.0168466733 0 0 0
nt@synapse_cleft 918 0.0731883344 0.012863576 0.0199266419 0 0 0
nt@synapse_cleft 932 0.0267588086 -0.0741555837 0.000200807964 0 0 0
nt@synapse_cleft 938 -0.0147652332 -0.00486646233 0.0179936732 0 0 0
nt@synapse_cleft 940 -0.0513365726 -0.0554343839 0.0127072474 0 0 0
nt@synapse_cleft 942 0.0111843994 -0.0468554309 0.0183484244 0 0 0
nt@synapse_cleft 943 0.026177696 -0.00134175002 0.00385673906 0 0 0
nt@synapse_cleft 944 -0.00983910809 -0.052231692 0.00712359098 0 0 0
nt@synapse_cleft 945 -0.0097313146 0.03046738 0.00887011569 0 0 0
nt@synapse_cleft 947 -0.0294228288 0.0173430985 0.00804795745 0 0 0
nt@synapse_cleft 953 -0.0358022755 0.019480639 0.0079463477 0 0 0
nt@synapse_cleft 957 0.0612673097 -0.0230331182 0.00484551975 0 0 0
nt@synapse_cleft 961 -0.0211513501 -0.00982255866 0.000925858589 0 0 0
nt@synapse_cleft 967 0.0385298029 0.00737433151 0.00690213016 0 0 0
nt@synapse_cleft 976 -0.0107453668 0.0101675219 0.00266257899 0 0 0
nt@synapse_cleft 978 -0.0498043366 -0.0129747478 0.0024897074 0 0 0
nt@synapse_cleft 998 -0.000950034112 -0.0142180178 0.0101379057 0 0 0
nt@synapse_cleft 999 0.0543997315 -0.0312623766 0.00380234053 0 0 0
nt@synapse_cleft 1002 0.00362357244 0.0328387595 0.0194437342 0 0 0
nt@synapse_cleft 1004 -0.0166871652 -0.00264815878 0.00486933749 0 0 0
nt@synapse_cleft 1013 -0.0386509704 0.0441483938 0.0185426873 0 0 0
nt@synapse_cleft 1018 0.000243587232 -0.0110033524 0.00679051163 0 0 0
nt@synapse_cleft 1027 0.0346291373 0.0477717414 0.00157283086 0 0 0
nt@synapse_cleft 1035 -0.0348766083 -0.0252100685 0.00924984812 0 0 0
nt@synapse_cleft 1048 -0.0152113039 -0.0519229715 0.0134668383 0 0 0
nt@synapse_cleft 1050 0.033059797 -0.0489919926 0.000875377164 0 0 0
nt@synapse_cleft 1062 0.0422813999 0.00241891276 0.0141846025 0 0 0
nt@synapse_cleft 1077 -0.0435285829 -0.00163166968 0.0194933215 0 0 0
nt@synapse_cleft 1080 -0.0433641138 0.0189388364 0.0142445953 0 0 0
nt@synapse_cleft 1092 -0.022853532 -0.0111538809 0.00262481063 0 0 0
nt@synapse_cleft 1107 -0.00326690599 0.00475746455 0.00305449615 0 0 0
nt@synapse_cleft 1108 0.00928896388 0.0163583537 0.00372478738 0 0 0
nt@synapse_cleft 1113 -0.0274059295 0.00430952558 0.00202228058 0 0 0
nt@synapse_cleft 1114 0.0121515538 -0.0290239859 0.0114912814 0 0 0
nt@synapse_cleft 1130 0.0202298558 -0.0112686791 0.0140147016 0 0 0
nt@synapse_cleft 1136 -0.0113700653 -0.0380882309 0.000880359772 0 0 0
nt@synapse_cleft 1140 0.00544907163 -0.0461581738 0.0178254496 0 0 0
nt@synapse_cleft 1144 -0.0088335195 -0.0119656367 0.000607396087 0 0 0
nt@synapse_cleft 1145 0.0688159315 -0.00279815076 0.0105821895 0 0 0
nt@synapse_cleft 1149 -0.0252028298 0.0088337133 0.0182580772 0 0 0
nt@synapse_cleft 1152 0.0385544953 0.00720737047 0.00527310293 0 0 0
nt@synapse_cleft 1165 0.0534572287 0.0297640454 0.00984866547 0 0 0
nt@synapse_cleft 1167 0.0380817678 0.0346921751 0.0162259385 0 0 0
nt@synapse_cleft 1172 -0.00688925269 -0.000425016946 0.0145345531 0 0 0
nt@synapse_cleft 1177 -0.0159719436 0.0788490261 0.00522031122 0 0 0
nt@synapse_cleft 1179 0.012543576 -0.0129806401 0.0151478525 0 0 0
nt@synapse_cleft 1186 -0.0662840065 0.0198848283 0.000285508452 0 0 0
nt@synapse_cleft 1188 0.0217336544 -0.0267749284 0.00828183447 0 0 0
nt@synapse_cleft 1193 -0.0201165377 -0.0285577724 0.00861294462 0 0 0
nt@synapse_cleft 1200 -0.00765467966 0.0106635863 0.0130057386 0 0 0
nt@synapse_cleft 1203 -0.0027873405 0.0348049729 0.00696935371 0 0 0
nt@synapse_cleft 1204 0.0158073627 0.0227029455 0.00833461743 0 0 0
nt@synapse_cleft 1205 -0.02618647 -0.0196174139 0.0083890652 0 0 0
nt@synapse_cleft 1206 -0.0176010278 -0.00435117216 0.00552505209 0 0 0
nt@synapse_cleft 1237 -0.0402512973 -0.0259942163 0.0066115724 0 0 0
nt@synapse_cleft 1238 -0.0604893037 -0.0412669678 0.00740762148 0 0 0
nt@synapse_cleft 1243 -0.0126903417 -0.00346301122 0.0155743221 0 0 0
nt@synapse_cleft 1248 0.00780222105 0.0453141721 0.000849579365 0 0 0
nt@synapse_cleft 1251 -0.0327521555 0.0136610528 0.0140114324 0 0 0
nt@synapse_cleft 1252 -0.0274237336 -0.0118398875 0.0133002527 0 0 0
nt@synapse_cleft 1254 -0.0183552898 0.0438393473 0.00801315186 0 0 0
nt@synapse_cleft 1270 0.0548787556 0.0356628917 0.00335862653 0 0 0
nt@synapse_cleft 1275 -0.000428540463 0.0274894029 0.00873933386 0 0 0
nt@synapse_cleft 1289 0.0696560947 0.00568132619 0.00571934215 0 0 0
nt@synapse_cleft 1298 -0.0110409834 -0.0174224697 0.0183033345 0 0 0
nt@synapse_cleft 1302 -0.0247653031 0.0420459459 3.64013013e-05 0 0 0
nt@synapse_cleft 1311 0.00403513256 -0.027404113 0.00347264895 0 0 0
nt@synapse_cleft 1316 -0.0341355462 -0.025067288 0.00199787109 0 0 0
nt@synapse_cleft 1326 0.0171082906 0.0107628124 0.00213012457 0 0 0
nt@synapse_cleft 1328 0.0102458025 0.0131790419 0.0108588563 0 0 0
nt@synapse_cleft 1333 -0.0245988823 0.0411483716 0.00380715973 0 0 0
nt@synapse_cleft 1338 -0.00827295282 0.0180877568 0.0160870313 0 0 0
nt@synapse_cleft 1343 0.0248278384 0.002934966 0.00812035903 0 0 0
nt@synapse_cleft 1347 -0.0427934822 -0.0167496799 0.0126713834 0 0 0
nt@synapse_cleft 1349 0.0282050167 -0.0185793463 0.00844585699 0 0 0
nt@synapse_cleft 1351 0.0327424325 -0.0315310515 0.00371551417 0 0 0
nt@synapse_cleft 1361 0.00122001155 -0.0260515212 0.00374300671 0 0 0
nt@synapse_cleft 1368 0.018852179 -0.000932475799 0.0169477846 0 0 0
nt@synapse_cleft 1372 -0.0149872749 0.0413087553 0.00350807 0 0 0
nt@synapse_cleft 1380 -0.0267820578 0.024106215 0.0197026332 0 0 0
nt@synapse_cleft 1384 -0.0455364101 0.0130640134 0.0122693867 0 0 0
nt@synapse_cleft 1394 0.0136435528 0.0163031159 0.0164209554 0 0 0
nt@synapse_cleft 1400 -0.0364917491 0.0382932476 0.00454702867 0 0 0
nt@synapse_cleft 1403 -0.00355453748 0.0171936133 0.00531286173 0 0 0
nt@synapse_cleft 1408 -0.0215845948 -0.00610418878 0.0194117921 0 0 0
nt@synapse_cleft 1416 0.00850794404 0.0357944105 0.012175386 0 0 0
nt@synapse_cleft 1419 0.00892275224 -0.00902909596 0.016074639 0 0 0
nt@synapse_cleft 1425 -0.00801871216 -0.0340647238 0.00499890231 0 0 0
nt@synapse_cleft 1427 -0.00766233043 -0.0246754305 0.0103336133 0 0 0
nt@synapse_cleft 1438 -0.0284371015 -0.00817991099 0.00255042452 0 0 0
nt@synapse_cleft 1440 -0.0247795093 0.0313090507 0.0145430574 0 0 0
nt@synapse_cleft 1442 -0.00989307963 0.0198911542 0.0113831583 0 0 0
nt@synapse_cleft 1444 -0.0259777744 0.00383458426 0.000357720165 0 0 0
nt@synapse_cleft 1446 -0.0118978252 -0.0362039538 0.0058280443 0 0 0
nt@synapse_cleft 1452 -0.0357295361 -0.0401650261 0.00139199024 0 0 0
nt@synapse_cleft 1455 -0.0203352863 0.00335200722 0.0195803494 0 0 0
nt@synapse_cleft 1470 -0.0880365014 -0.0422603928 0.00464624298 0 0 0
nt@synapse_cleft 1472 -0.0626494868 -0.0089964942 0.00993536251 0 0 0
nt@synapse_cleft 1479 -0.00288304433 0.043318841 0.0130378782 0 0 0
nt@synapse_cleft 1481 0.0151296244 0.00572509491 0.0115558515 0 0 0
nt@synapse_cleft 1484 -0.0105286698 0.0229978301 0.0166564271 0 0 0
nt@synapse_cleft 1485 -0.00691209475 -0.0223396957 0.0160246844 0 0 0
nt@synapse_cleft 1487 -0.00422021237 -0.0390780409 0.0163905505 0 0 0
nt@synapse_cleft 1488 0.0454663737 0.014435346 0.0162215526 0 0 0
nt@synapse_cleft 1496 -0.00704678729 0.0430486575 0.00319471589 0 0 0
nt@synapse_cleft 1506 0.0207616928 0.00655200562 0.0183842265 0 0 0
nt@synapse_cleft 1507 -0.000750199774 0.00466161501 0.00387564923 0 0 0
nt@synapse_cleft 1508 0.0468954086 0.00581561155 0.014945624 0 0 0
nt@synapse_cleft 1512 0.0260177907 -0.00523628318 0.00685842008 0 0 0
nt@synapse_cleft 1519 -0.0224554715 -0.00792002955 0.0149310186 0 0 0
nt@synapse_cleft 1527 -0.00874096019 0.0443254715 0.000257889658 0 0 0
nt@synapse_cleft 1528 -0.0404002592 -0.00165086126 0.00590218049 0 0 0
nt@synapse_cleft 1531 -0.00431720989 0.0154686286 0.000249843404 0 0 0
nt@synapse_cleft 1538 0.00843209166 0.000997270718 0.00593814371 0 0 0
nt@synapse_cleft 1542 -0.0123971952 0.0114203872 0.0146022329 0 0 0
nt@synapse_cleft 1553 0.0551614487 0.00656558451 0.0169140417 0 0 0
nt@synapse_cleft 1561 0.0111500254 -0.0340184885 0.000520198088 0 0 0
nt@synapse_cleft 1565 -0.00619039952 -0.00391288849 0.0165404279 0 0 0
nt@synapse_cleft 1571 -0.031084562 -0.0205271005 0.0135523648 0 0 0
nt@synapse_cleft 1573 0.00518161535 0.0314566831 0.0143898631 0 0 0
nt@synapse_cleft 1588 0.0197286654 -0.0323383652 0.00896838809 0 0 0
nt@synapse_cleft 1592 0.0131444365 -0.0296296435 0.00121604054 0 0 0
nt@synapse_cleft 1597 0.00360277275 0.0401184319 0.00408073046 0 0 0
nt@synapse_cleft 1600 0.0170857568 -0.0373359129 0.0194976231 0 0 0
nt@synapse_cleft 1605 0.0197813765 0.00102189808 0.0171283555 0 0 0
nt@synapse_cleft 1606 -0.0474221977 0.0046941097 0.00628949985 0 0 0
nt@synapse_cleft 1611 0.00897217352 -0.0137693929 0.0183199169 0 0 0
nt@synapse_cleft 1617 -0.0107291972 -0.0389044058 0.00274956787 0 0 0
nt@synapse_cleft 1628 0.00434599428 0.0339481919 0.0070725097 0 0 0
nt@synapse_cleft 1635 0.00963411231 -8.14965698e-06 0.0180893085 0 0 0
nt@synapse_cleft 1641 0.0297298941 0.0348334323 0.018115849 0 0 0
nt@synapse_cleft 1655 0.00593107062 0.0308956657 0.00900990726 0 0 0
nt@synapse_cleft 1658 0.0366108399 0.0496232502 0.00382795817 0 0 0
nt@synapse_cleft 1660 0.0052772531 0.0257484888 0.0188852429 0 0 0
nt@synapse_cleft 1675 -0.0199688523 0.00977881272 0.0172122741 0 0 0
nt@synapse_cleft 1678 0.00363602225 -0.0133454595 0.00766921378 0 0 0
nt@synapse_cleft 1681 -0.00648547259 -0.0121277044 0.0195277456 0 0 0
nt@synapse_cleft 1686 -0.0103842263 0.033475372 0.00666905554 0 0 0
nt@synapse_cleft 1687 -0.0364105998 -0.043474956 0.000537008242 0 0 0
nt@synapse_cleft 1689 0.00496454707 0.0114893845 0.0111862293 0 0 0
nt@synapse_cleft 1692 -0.0189621383 0.0120152388 0.0167137372 0 0 0
nt@synapse_cleft 1695 0.0182911637 -0.0196784441 0.00138840459 0 0 0
nt@synapse_cleft 1701 0.0117956429 -0.00242940317 0.0114837299 0 0 0
nt@synapse_cleft 1707 -0.0248482331 -0.0119452541 0.0166927911 0 0 0
nt@synapse_cleft 1708 -0.029183881 0.0160730334 0.00461253687 0 0 0
nt@synapse_cleft 1715 -0.00075688744 0.0147267127 0.013660824 0 0 0
nt@synapse_cleft 1721 0.0200364661 -0.06399485 0.00450587391 0 0 0
nt@synapse_cleft 1729 -0.00360175563 -0.0186959274 0.00833933463 0 0 0
nt@synapse_cleft 1736 0.0323701329 0.0037164168 0.0131507844 0 0 0
nt@synapse_cleft 1742 0.0238691421 -0.0500022965 0.00368658318 0 0 0
nt@synapse_cleft 1743 0.0297439578 0.0337062737 0.0106488735 0 0 0
nt@synapse_cleft 1745 -0.0332549841 0.0103583314 0.00439517736 0 0 0
nt@synapse_cleft 1746 0.0144940201 -0.0201981361 0.00933244622 0 0 0
nt@synapse_cleft 1748 0.0546466087 0.0165007538 0.0168021062 0 0 0
nt@synapse_cleft 1751 0.0503165692 0.00479067379 0.00880131941 0 0 0
nt@synapse_cleft 1759 -0.00362773021 -0.0178926865 0.0194904633 0 0 0
nt@synapse_cleft 1762 -0.0326157752 -0.0157981253 0.0120058016 0 0 0
nt@synapse_cleft 1768 0.00829084466 -0.0558158934 0.0104443145 0 0 0
nt@synapse_cleft 1775 -0.0133433841 -0.0113742128 0.0123766036 0 0 0
nt@synapse_cleft 1781 -0.0199195217 0.0455561872 0.00494630558 0 0 0
nt@synapse_cleft 1793 0.0104066229 0.0429728061 0.0150251014 0 0 0
nt@synapse_cleft 1795 0.0389720957 -0.0160317458 0.0187743537 0 0 0
nt@synapse_cleft 1804 0.0107092499 0.0260377476 0.0137607892 0 0 0
nt@synapse_cleft 1810 -0.0784435767 -0.0407249888 0.0174662731 0 0 0
nt@synapse_cleft 1815 -0.0279402603 -0.00916337538 0.00244833325 0 0 0
nt@synapse_cleft 1824 0.023554701 -0.00519047594 0.000999066876 0 0 0
nt@synapse_cleft 1829 0.0497698732 -0.0169305811 0.00755475893 0 0 0
nt@synapse_cleft 1830 -0.0421740439 -0.00720551078 0.0191681291 0 0 0
nt@synapse_cleft 1837 -0.045605024 -0.0148745618 0.00985275734 0 0 0
nt@synapse_cleft 1838 0.00589636089 -0.0506774125 0.00840525112 0 0 0
nt@synapse_cleft 1843 0.00484881975 0.0184290949 0.0121986441 0 0 0
nt@synapse_cleft 1846 -0.0157912589 -0.0081538343 0.00516659054 0 0 0
nt@synapse_cleft 1853 0.0555326729 -0.0349990522 0.0126865471 0 0 0
nt@synapse_cleft 1854 0.0215857605 0.00395303225 0.00582359608 0 0 0
nt@synapse_cleft 1856 0.019215063 -0.0210590583 0.0138896001 0 0 0
nt@synapse_cleft 1872 0.00284764675 -0.0117727108 0.0110774013 0 0 0
nt@synapse_cleft 1877 0.0143505355 0.0250636253 0.0181557614 0 0 0
nt@synapse_cleft 1880 -0.0362118129 -0.0181216356 0.00466988466 0 0 0
nt@synapse_cleft 1883 0.02349861 0.0115632859 0.0151906225 0 0 0
nt@synapse_cleft 1885 -0.0172407961 -0.000717854012 0.0108795227 0 0 0
nt@synapse_cleft 1887 0.0091790439 0.0252236601 0.00470208433 0 0 0
nt@synapse_cleft 1892 -0.001516109 -0.00339525567 0.00766079244 0 0 0
nt@synapse_cleft 1896 0.0216803563 0.0146011152 0.00592114557 0 0 0
nt@synapse_cleft 1904 -0.034886421 0.0445492694 0.00427521177 0 0 0
nt@synapse_cleft 1918 -0.0204402204 0.0657648059 0.0130083467 0 0 0
nt@synapse_cleft 1923 -0.0145652846 0.0210100751 0.0195439927 0 0 0
nt@synapse_cleft 1926 0.00683252376 -0.0121860145 0.0141891563 0 0 0
nt@synapse_cleft 1932 0.0211817292 -0.0107968275 0.0167054211 0 0 0
nt@synapse_cleft 1942 0.0453880968 -0.033322677 0.0114053776 0 0 0
nt@synapse_cleft 1944 -0.000477406351 0.0396651727 0.00664698829 0 0 0
nt@synapse_cleft 1946 -0.0237375159 -0.0144314666 0.00878727894 0 0 0
nt@synapse_cleft 1961 0.0413199841 0.0176616542 0.00824832336 0 0 0
nt@synapse_cleft 1967 -0.00413287381 -0.041219031 0.00737343762 0 0 0
nt@synapse_cleft 1970 -0.021611261 -0.0349376328 0.0105256374 0 0 0
nt@synapse_cleft 1973 0.0241554633 0.0229719358 0.0137771207 0 0 0
nt@synapse_cleft 1976 -0.0486056072 -0.0110758055 0.00123420335 0 0 0
nt@synapse_cleft 1980 -0.00456631616 -0.0146107035 0.00859384163 0 0 0
nt@synapse_cleft 1984 -0.0379474091 -0.0275136626 0.00148202646 0 0 0
nt@synapse_cleft 1990 0.0255919137 0.0235643802 0.00217574072 0 0 0
nt@synapse_cleft 1997 -0.0127220451 0.0261433471 0.0185397496 0 0 0
nt@synapse_cleft 2004 -0.0175509199 0.0094494814 0.0165922917 0 0 0
nt@synapse_cleft 2013 -0.00639223516 -0.0079542065 0.0140622339 0 0 0
nt@synapse_cleft 2014 0.0128992272 -0.000325489634 0.00768881108 0 0 0
nt@synapse_cleft 2019 0.0244313766 -0.0122396319 0.0182672284 0 0 0
nt@synapse_cleft 2032 -0.0226192055 0.012988684 0.00989020265 0 0 0
nt@synapse_cleft 2036 0.0632499857 -0.0398745574 0.0117283429 0 0 0
nt@synapse_cleft 2061 0.0134331231 0.00396238056 0.00649819455 0 0 0
nt@synapse_cleft 2064 0.0247482634 0.0170707737 0.0139828395 0 0 0
nt@synapse_cleft 2091 -0.00827141666 0.0413008645 0.013929703 0 0 0
nt@synapse_cleft 2092 0.0173956069 0.0220435319 0.0104339965 0 0 0
nt@synapse_cleft 2094 -0.0048525748 -0.00355343449 0.0157997176 0 0 0
nt@synapse_cleft 2096 -0.0136516156 -0.0124645289 0.00663226283 0 0 0
nt@synapse_cleft 2104 0.0481685294 -0.021261855 0.0140820893 0 0 0
nt@synapse_cleft 2112 -0.00562823069 -0.027213821 0.000801632014 0 0 0
nt@synapse_cleft 2124 -0.00576472933 0.0655496991 0.0108252192 0 0 0
nt@synapse_cleft 2127 0.0304079094 -0.0127355589 0.00643785558 0 0 0
nt@synapse_cleft 2137 -0.0623792723 0.0527517762 0.00970823946 0 0 0
nt@synapse_cleft 2148 0.0357478302 -0.0796280182 0.0067495253 0 0 0
nt@synapse_cleft 2156 0.0418193399 -0.0390066101 0.0163990221 0 0 0
nt@synapse_cleft 2162 -0.00492361124 0.00733177047 0.018016376 0 0 0
nt@synapse_cleft 2163 0.0141637207 -0.00395195794 0.00308587709 0 0 0
nt@synapse_cleft 2185 -0.0293841885 -0.00270132817 0.0188320919 0 0 0
nt@synapse_cleft 2187 -0.0173543597 0.0059371298 0.000890235093 0 0 0
nt@synapse_cleft 2199 -0.0062337101 -0.0172989668 0.00364813546 0 0 0
nt@synapse_cleft 2204 -0.0239862511 0.0239533199 0.00227786252 0 0 0
nt@synapse_cleft 2218 0.00458515513 -0.0107030802 0.00315464065 0 0 0
nt@synapse_cleft 2223 -0.0207572103 -0.0134450443 0.0166007105 0 0 0
nt@synapse_cleft 2228 -0.00222914599 0.0230274249 0.0165445129 0 0 0
nt@synapse_cleft 2236 -4.1595946e-05 0.00455028961 0.0185880806 0 0 0
nt@synapse_cleft 2251 -0.000688963248 0.0046005026 0.00487931246 0 0 0
nt@synapse_cleft 2254 -0.00689947065 -0.0287597177 0.00970646776 0 0 0
nt@synapse_cleft 2257 0.0191635488 -0.00319576038 0.0143784107 0 0 0
nt@synapse_cleft 2262 -0.0231543411 0.00155460183 0.0153907851 0 0 0
nt@synapse_cleft 2271 -0.0497603198 0.0137104256 0.0134403648 0 0 0
nt@synapse_cleft 2274 -0.00694278578 0.0370826277 0.000660209456 0 0 0
nt@synapse_cleft 2278 0.0256265531 0.0325329625 0.00135082578 0 0 0
nt@synapse_cleft 2279 -0.0207480491 0.00681839236 0.0145137341 0 0 0
nt@synapse_cleft 2283 0.0386752217 -0.0206198147 0.018178648 0 0 0
nt@synapse_cleft 2284 0.0286959227 -0.000792236631 0.00157472925 0 0 0
nt@synapse_cleft 2285 -0.0017101159 -0.00875933681 0.0132822604 0 0 0
nt@synapse_cleft 2289 0.0123533027 -0.000657675737 0.00762240316 0 0 0
nt@synapse_cleft 2298 -0.0558270414 -0.0355351835 0.0113798579 0 0 0
nt@synapse_cleft 2306 -0.0126005045 -0.0611693186 0.00323746204 0 0 0
nt@synapse_cleft 2308 -0.0474180646 0.0341147551 0.00294829072 0 0 0
nt@synapse_cleft 2309 0.00704102825 0.0100868096 0.0134962563 0 0 0
nt@synapse_cleft 2314 -0.00395472466 -0.0224047475 0.00255587996 0 0 0
nt@synapse_cleft 2317 0.0426966352 0.00724287967 0.00388989635 0 0 0
nt@synapse_cleft 2320 0.014524937 -0.0322498778 0.00452145929 0 0 0
nt@synapse_cleft 2321 0.0483904796 0.00735859738 0.00613173873 0 0 0
nt@synapse_cleft 2327 -0.0313677659 -0.0201742591 0.0154828338 0 0 0
nt@synapse_cleft 2330 -0.0311916559 0.0137338769 0.0166390337 0 0 0
nt@synapse_cleft 2349 0.0519850603 0.0229745035 0.00424683968 0 0 0
nt@synapse_cleft 2367 -0.0290689974 -0.0516299213 0.000418507816 0 0 0
nt@synapse_cleft 2369 -0.0288660453 0.00650486286 0.00164867109 0 0 0
nt@synapse_cleft 2383 -0.000566704741 -0.0697515988 0.00795245344 0 0 0
nt@synapse_cleft 2389 0.00308522543 -0.0185536302 0.0180793882 0 0 0
nt@synapse_cleft 2400 -0.020569612 -0.0218001692 0.0148401796 0 0 0
nt@synapse_cleft 2411 0.0175905597 -0.0424527816 0.0124316377 0 0 0
nt@synapse_cleft 2412 -0.000306386104 0.00611865172 0.0175759467 0 0 0
nt@synapse_cleft 2417 -0.0150995631 0.0055100303 0.0179121413 0 0 0
nt@synapse_cleft 2421 -0.00393293908 0.0215106866 0.000873134373 0 0 0
nt@synapse_cleft 2423 0.00636263638 -0.0509223533 0.00733395556 0 0 0
nt@synapse_cleft 2437 0.0466378627 -0.00644853073 0.015193398 0 0 0
nt@synapse_cleft 2438 0.0113125666 -0.0288595557 0.00518806415 0 0 0
nt@synapse_cleft 2448 0.00243363425 0.0122943 0.00116280189 0 0 0
nt@synapse_cleft 2456 -0.0168251464 -0.00896460597 0.00173960988 0 0 0
nt@synapse_cleft 2462 -0.011554831 0.0283388086 0.00687284765 0 0 0
nt@synapse_cleft 2468 -0.0493286397 -0.0170464424 0.0171683507 0 0 0
nt@synapse_cleft 2472 0.0598285947 -0.0338325694 0.0178284863 0 0 0
nt@synapse_cleft 2480 -0.0102587682 -0.035889579 0.00764897602 0 0 0
nt@synapse_cleft 2481 -0.0132457516 -0.020168935 0.0136879653 0 0 0
nt@synapse_cleft 2483 0.0276328848 0.0215239398 0.00953579944 0 0 0
nt@synapse_cleft 2491 0.0028703849 0.0205165661 0.0117183473 0 0 0
nt@synapse_cleft 2493 0.0276916036 -0.0363230126 0.0109193155 0 0 0
nt@synapse_cleft 2498 0.0163567482 -0.0250327305 0.000115190767 0 0 0
nt@synapse_cleft 2502 0.0225140705 -0.0297459649 0.00932740057 0 0 0
nt@synapse_cleft 2509 -0.00469019386 -0.0190719022 0.00572104076 0 0 0
nt@synapse_cleft 2513 -0.00856147463 0.019124533 0.010436557 0 0 0
nt@synapse_cleft 2517 -0.00912951406 0.00107893968 0.0142879341 0 0 0
nt@synapse_cleft 2520 0.0175443556 0.0253245107 0.00139530837 0 0 0
nt@synapse_cleft 2528 0.0122197824 0.00409266361 0.0145318392 0 0 0
nt@synapse_cleft 2539 -0.00109571412 0.0281291805 0.00413735751 0 0 0
nt@synapse_cleft 2542 0.0237397685 -0.0329568022 0.00808879967 0 0 0
nt@synapse_cleft 2549 -0.0101730926 0.068463968 0.0154407351 0 0 0
nt@synapse_cleft 2550 0.0455576648 0.0082104133 0.00889702201 0 0 0
nt@synapse_cleft 2555 0.0554306556 -0.0287880378 0.00570910273 0 0 0
nt@synapse_cleft 2560 -0.0321141714 -0.008430276 0.000273692431 0 0 0
nt@synapse_cleft 2561 0.0224530967 0.0487207913 0.00898142503 0 0 0
nt@synapse_cleft 2563 0.00501299831 0.00361596617 0.0070888396 0 0 0
nt@synapse_cleft 2564 -0.0105893491 0.0507014618 0.00877653659 0 0 0
nt@synapse_cleft 2566 -0.00456335293 0.00222858891 0.0113467189 0 0 0
nt@synapse_cleft 2570 0.00228013078 0.00631442393 0.00393318471 0 0 0
nt@synapse_cleft 2577 -0.0118664967 0.0292668537 0.0166691995 0 0 0
nt@synapse_cleft 2597 -0.0152329791 0.00257548017 0.000778008082 0 0 0
nt@synapse_cleft 2603 0.0365706204 -0.0255126845 0.017361369 0 0 0
nt@synapse_cleft 2604 0.0524960088 -0.0207624082 0.0147091974 0 0 0
nt@synapse_cleft 2610 0.0100897102 -0.0287413285 0.0143686703 0 0 0
nt@synapse_cleft 2615 0.00401056207 -0.0703936243 0.0166947675 0 0 0
nt@synapse_cleft 2625 -0.0512674541 -0.0265862658 0.00254200262 0 0 0
nt@synapse_cleft 2628 0.0133370743 -0.0353678337 0.00647925447 0 0 0
nt@synapse_cleft 2639 0.0123190708 -0.0231273042 0.00843041177 0 0 0
nt@synapse_cleft 2641 -0.0135977964 -0.0117330683 0.00684665684 0 0 0
nt@synapse_cleft 2652 -0.0120509768 0.0036974851 0.0164496841 0 0 0
nt@synapse_cleft 2660 -0.021287077 -0.0228012993 0.0039105634 0 0 0
nt@synapse_cleft 2670 -0.00284450176 -0.0123853013 0.0122083453 0 0 0
nt@synapse_cleft 2680 -0.059781405 -0.0403702765 0.00627389225 0 0 0
nt@synapse_cleft 2681 -0.0352600835 -0.029857457 0.0180695737 0 0 0
nt@synapse_cleft 2688 -0.0447648364 0.0680146983 0.00243544117 0 0 0
nt@synapse_cleft 2702 -0.015744724 -0.0114783643 0.00165481886 0 0 0
nt@synapse_cleft 2708 -0.0402403513 0.0176431272 0.00316230247 0 0 0
nt@synapse_cleft 2709 0.0149136135 -0.00363749007 0.00739497105 0 0 0
nt@synapse_cleft 2713 -0.0137924035 -0.0265751353 0.000165940958 0 0 0
nt@synapse_cleft 2720 0.0156915499 0.0205337739 0.0176497608 0 0 0
nt@synapse_cleft 2724 0.00222120631 -0.00952579984 0.0117673265 0 0 0
nt@synapse_cleft 2729 0.00146407669 -0.0360226406 0.0124442702 0 0 0
nt@synapse_cleft 2743 -0.00123923125 -0.0466751512 0.0181569439 0 0 0
nt@synapse_cleft 2750 0.0140683704 -0.044111707 0.0187189787 0 0 0
nt@synapse_cleft 2752 -0.0269339316 -0.0295766804 0.00495256834 0 0 0
nt@synapse_cleft 2756 0.0385363745 -0.0222086312 0.00925572146 0 0 0
nt@synapse_cleft 2766 -0.0319738193 0.0264283482 0.00117344719 0 0 0
nt@synapse_cleft 2775 0.032086366 -0.02297419 0.0105857665 0 0 0
nt@synapse_cleft 2785 0.00861947619 0.0459031262 0.0186287134 0 0 0
nt@synapse_cleft 2798 -0.0364556289 0.011185295 0.0100212434 0 0 0
nt@synapse_cleft 2807 -0.0204618201 0.0138922249 0.00827344388 0 0 0
nt@synapse_cleft 2808 0.0288344754 0.0579993271 0.016587286 0 0 0
nt@synapse_cleft 2820 0.0101133895 -0.00489117874 0.0131275634 0 0 0
nt@synapse_cleft 2828 0.00254971769 -0.037027747 0.00297194449 0 0 0
nt@synapse_cleft 2837 -0.0111985875 0.0256365557 0.0171613568 0 0 0
nt@synapse_cleft 2857 0.013759169 -0.0224839868 0.0109379083 0 0 0
nt@synapse_cleft 2861 -0.00958431073 0.019723874 0.00516958128 0 0 0
nt@synapse_cleft 2863 -0.0472307769 -0.0063057745 0.00360157213 0 0 0
nt@synapse_cleft 2875 0.0200021396 0.0110157582 0.0144321971 0 0 0
nt@synapse_cleft 2876 -0.00311727905 -0.000351182567 0.0162569644 0 0 0
nt@synapse_cleft 2880 0.0228265849 -0.00654321425 0.0018058384 0 0 0
nt@synapse_cleft 2884 0.0254525341 0.0111136621 0.0131627539 0 0 0
nt@synapse_cleft 2894 0.0178916678 0.00814651474 0.0034693188 0 0 0
nt@synapse_cleft 2895 0.0693586678 -0.00836021153 0.01078503 0 0 0
nt@synapse_cleft 2905 -0.00496142604 0.00390983118 0.013419891 0 0 0
nt@synapse_cleft 2909 0.0463368581 -0.00180692562 0.00975958852 0 0 0
nt@synapse_cleft 2910 -0.0690481607 0.0129139976 0.01790958 0 0 0
nt@synapse_cleft 2912 0.00365846452 -0.0212732452 0.0138072899 0 0 0
nt@synapse_cleft 2915 0.0307495073 -0.0506257285 0.0104658261 0 0 0
nt@synapse_cleft 2920 0.00209047369 0.0012092888 0.0193052779 0 0 0
nt@synapse_cleft 2933 -0.00563704383 -0.0179241056 0.00532466337 0 0 0
nt@synapse_cleft 2935 -0.0378486939 0.00928722494 0.0129279237 0 0 0
nt@synapse_cleft 2940 -0.000452136317 -0.0204915454 0.00129457235 0 0 0
nt@synapse_cleft 2945 -0.0438434172 -0.0194433185 0.0115224786 0 0 0
nt@synapse_cleft 2962 0.0224676653 -0.00604812503 0.0133640076 0 0 0
nt@synapse_cleft 2967 0.0103782397 -0.0423299604 0.00961515119 0 0 0
nt@synapse_cleft 2983 0.00837075979 -0.0387033945 0.0113903164 0 0 0
nt@synapse_cleft 2993 -0.0268093194 0.0509899963 0.0191360507 0 0 0
nt@synapse_cleft 3006 0.0340681028 0.0576797674 0.00174178958 0 0 0
nt@synapse_cleft 3008 0.0211098847 0.054109408 0.0138768232 0 0 0
nt@synapse_cleft 3012 0.0213951421 -0.00528893046 0.011180009 0 0 0
nt@synapse_cleft 3019 -0.026577889 -0.00124408089 0.00450542279 0 0 0
nt@synapse_cleft 3020 -0.009932344 -0.0225100701 0.00242530364 0 0 0
nt@synapse_cleft 3024 0.0358994018 -0.00275595217 0.00858266566 0 0 0
nt@synapse_cleft 3026 -0.0254843131 0.0179119848 0.011719952 0 0 0
nt@synapse_cleft 3042 -0.00582627046 0.00764022632 0.0176863522 0 0 0
nt@synapse_cleft 3047 0.0248155927 0.0589931717 0.0158077172 0 0 0
nt@synapse_cleft 3057 0.0294076808 -0.0045365198 0.0128684343 0 0 0
nt@synapse_cleft 3061 -0.013557297 0.0328762845 0.00570748041 0 0 0
nt@synapse_cleft 3062 0.0174492245 -0.0141412673 0.00490758443 0 0 0
nt@synapse_cleft 3069 0.0557201401 -0.0332363638 0.0185959755 0 0 0
nt@synapse_cleft 3073 0.0121450025 0.0341966038 0.000329672004 0 0 0
nt@synapse_cleft 3082 0.0318683701 0.0266841227 0.00304225601 0 0 0
nt@synapse_cleft 3089 -0.00937281587 -0.0238170356 0.000201797236 0 0 0
nt@synapse_cleft 3096 -0.00555065931 0.0284946547 0.00500106657 0 0 0
nt@synapse_cleft 3099 -0.0348469019 0.00953459951 0.0174879583 0 0 0
nt@synapse_cleft 3114 0.0369454709 0.0260863058 0.0125181419 0 0 0
nt@synapse_cleft 3132 -0.0102067087 -0.00514126855 0.00758639338 0 0 0
nt@synapse_cleft 3134 0.0138884803 0.0329942268 0.0164818428 0 0 0
nt@synapse_cleft 3150 0.0406858005 -0.0721018998 0.00137022677 0 0 0
nt@synapse_cleft 3155 -0.0118078879 0.00295547511 0.0110735686 0 0 0
nt@synapse_cleft 3159 -0.0164089196 0.0148651131 0.0195505801 0 0 0
nt@synapse_cleft 3177 0.040133547 -0.0276263057 0.00637143991 0 0 0
nt@synapse_cleft 3178 -0.0162187683 -0.0156680229 0.0125527569 0 0 0
nt@synapse_cleft 3179 0.0147340062 -0.00414659742 0.012659366 0 0 0
nt@synapse_cleft 3181 0.00654210022 -0.00643239472 0.0187558368 0 0 0
nt@synapse_cleft 3183 0.00590958994 -0.0289860878 0.00799405385 0 0 0
nt@synapse_cleft 3184 0.0233623346 0.0263848657 0.0100440741 0 0 0
nt@synapse_cleft 3185 0.0175927556 0.00956168352 0.00944815086 0 0 0
nt@synapse_cleft 3199 0.00960784847 0.0227130476 0.0183026178 0 0 0
nt@synapse_cleft 3202 0.00871134025 0.0462157732 0.0120025997 0 0 0
nt@synapse_cleft 3207 -0.0195481519 -0.00638082451 0.00301649008 0 0 0
nt@synapse_cleft 3220 0.00495377297 0.0372425995 0.00722217136 0 0 0
nt@synapse_cleft 3222 -0.0614318951 -0.0178690918 0.00856447597 0 0 0
nt@synapse_cleft 3227 0.0141689615 0.00622182057 0.00700154582 0 0 0
nt@synapse_cleft 3247 0.00652579605 -0.00232893309 0.0123700949 0 0 0
nt@synapse_cleft 3249 -0.0211248021 -0.011476253 0.0133012005 0 0 0
nt@synapse_cleft 3275 0.00813631123 -0.018412363 0.0131123376 0 0 0
nt@synapse_cleft 3304 0.0196147066 0.0716295286 0.00992912814 0 0 0
nt@synapse_cleft 3308 -0.0231223976 0.0467318945 0.00849891602 0 0 0
nt@synapse_cleft 3313 -0.00514956027 -0.00929869932 0.00205661803 0 0 0
nt@synapse_cleft 3326 0.0149868947 -0.00582187254 0.00265068102 0 0 0
nt@synapse_cleft 3334 0.00640456018 0.0100658142 0.0140512091 0 0 0
nt@synapse_cleft 3338 0.00260660573 -0.0547298788 0.018529476 0 0 0
nt@synapse_cleft 3341 0.0242599652 -0.00347057213 0.0107047057 0 0 0
nt@synapse_cleft 3347 0.0181068371 -0.0369681012 0.0137737638 0 0 0
nt@synapse_cleft 3367 0.0104269954 0.0157589345 0.00549496279 0 0 0
nt@synapse_cleft 3375 0.0423932762 0.0290548952 0.0190330864 0 0 0
nt@synapse_cleft 3378 0.0117545608 0.0300120537 0.00143508156 0 0 0
nt@synapse_cleft 3394 -0.00377654493 -0.036326881 0.00408455519 0 0 0
nt@synapse_cleft 3401 0.0427482678 -0.00494699298 0.00524698265 0 0 0
nt@synapse_cleft 3402 -0.00963726983 -0.0195894749 0.00212004382 0 0 0
nt@synapse_cleft 3404 0.0168984874 -0.0309241912 0.00478929061 0 0 0
nt@synapse_cleft 3407 -0.000421795139 0.0649896675 0.0134948256 0 0 0
nt@synapse_cleft 3413 0.0186520259 0.021283253 0.0124387668 0 0 0
nt@synapse_cleft 3419 -0.0281181887 0.015751856 0.00527019181 0 0 0
nt@synapse_cleft 3429 0.0573012863 -0.0184212178 0.0140701107 0 0 0
nt@synapse_cleft 3432 0.0529027606 -0.0533165417 0.000913517338 0 0 0
nt@synapse_cleft 3445 0.0249062292 0.0335680498 0.0156300391 0 0 0
nt@synapse_cleft 3451 0.0109557503 0.0162110022 0.01677692 0 0 0
nt@synapse_cleft 3467 -0.0769219763 -6.42512813e-05 0.00146100555 0 0 0
nt@synapse_cleft 3474 0.0482494366 -0.00361430593 0.00752734814 0 0 0
nt@synapse_cleft 3482 -0.0700637818 -0.0429359676 0.0137211074 0 0 0
nt@synapse_cleft 3484 -0.00684832006 0.021044656 0.015189555 0 0 0
nt@synapse_cleft 3500 0.0207729884 -0.0278495279 0.0180422129 0 0 0
nt@synapse_cleft 3507 -0.0284101446 -0.00169197037 0.0185628403 0 0 0
nt@synapse_cleft 3511 0.0238992952 -0.0314556027 0.00400650656 0 0 0
nt@synapse_cleft 3514 0.00125416917 -0.00835641506 0.0127732448 0 0 0
nt@synapse_cleft 3526 0.0194410015 -0.0397496155 0.0153107618 0 0 0
nt@synapse_cleft 3535 0.00830501579 0.0131255333 0.00153076476 0 0 0
nt@synapse_cleft 3536 0.00811505433 0.011208154 0.0077867736 0 0 0
nt@synapse_cleft 3538 -0.0362682609 0.0136199551 0.0037594999 0 0 0
nt@synapse_cleft 3542 -0.00705457445 0.0315291946 0.00232269509 0 0 0
nt@synapse_cleft 3543 -0.0343478014 -0.0190489665 0.00821349042 0 0 0
nt@synapse_cleft 3546 0.0176027519 0.0346192679 0.0130235654 0 0 0
nt@synapse_cleft 3561 -0.0185506385 -0.0115879147 0.000314032529 0 0 0
nt@synapse_cleft 3562 -0.0569113715 -0.00191423904 0.0107666591 0 0 0
nt@synapse_cleft 3563 0.0244394933 -0.0184877014 0.0190269537 0 0 0
nt@synapse_cleft 3565 0.036068486 -0.0255409904 0.002925954 0 0 0
nt@synapse_cleft 3566 -0.00965589994 0.0682726542 0.0193434325 0 0 0
nt@synapse_cleft 3568 0.0146975472 -0.0419180351 0.0128529537 0 0 0
nt@synapse_cleft 3575 -0.0144756262 0.00749593565 0.0190363426 0 0 0
nt@synapse_cleft 3576 0.0479965811 0.00309316322 0.0108863943 0 0 0
nt@synapse_cleft 3592 0.0154735175 0.043221827 0.00712979245 0 0 0
nt@synapse_cleft 3602 -0.0363036996 -0.00835032831 0.0089810732 0 0 0
nt@synapse_cleft 3603 -0.0197526132 0.0228015912 0.0184463246 0 0 0
nt@synapse_cleft 3606 0.00225845119 0.00333323486 0.00607923583 0 0 0
nt@synapse_cleft 3610 -0.00148203492 0.0124110246 0.00570896189 0 0 0
nt@synapse_cleft 3611 0.0208427048 0.00272624507 0.0153699823 0 0 0
nt@synapse_cleft 3616 -0.0398458407 0.0338701084 0.0186783603 0 0 0
nt@synapse_cleft 3617 -0.0115686799 -0.0670899704 0.0198168832 0 0 0
nt@synapse_cleft 3620 0.0116431014 0.0272320145 0.00546317246 0 0 0
nt@synapse_cleft 3625 0.0240473955 0.0173791033 0.0176114671 0 0 0
nt@synapse_cleft 3635 -0.0093210992 0.0180752464 0.00803533581 0 0 0
nt@synapse_cleft 3636 0.00816521202 -0.00444847097 0.0122132419 0 0 0
nt@synapse_cleft 3645 -0.00311570069 -0.0286631895 0.00395455612 0 0 0
nt@synapse_cleft 3658 0.0195923748 -0.022076498 0.0158539048 0 0 0
nt@synapse_cleft 3661 0.0281661714 -0.00100983466 0.0173046496 0 0 0
nt@synapse_cleft 3664 0.0304879341 -0.049358216 0.00848746284 0 0 0
nt@synapse_cleft 3667 -0.0323182581 -0.00185549077 0.00904021052 0 0 0
nt@synapse_cleft 3681 0.032812062 -0.0268399732 0.00310669644 0 0 0
nt@synapse_cleft 3690 0.0424580377 -0.0192497323 0.0192214392 0 0 0
nt@synapse_cleft 3693 -0.0636029237 -0.0176459895 0.0140923317 0 0 0
nt@synapse_cleft 3706 0.0325172879 -0.0267121581 0.00859211419 0 0 0
nt@synapse_cleft 3707 -0.0658335189 -0.0111949052 0.0150747664 0 0 0
nt@synapse_cleft 3714 -0.0612059189 -0.00344636134 0.0171187691 0 0 0
nt@synapse_cleft 3730 0.0148545024 0.00844806058 0.00130727193 0 0 0
nt@synapse_cleft 3731 -0.00245712784 0.00325406399 0.0108087512 0 0 0
nt@synapse_cleft 3737 0.0129329916 0.0246851019 0.0089645672 0 0 0
nt@synapse_cleft 3739 0.0270470064 0.0591712831 0.010432328 0 0 0
nt@synapse_cleft 3745 0.00243859835 0.0237059393 0.0115774607 0 0 0
nt@synapse_cleft 3751 -0.00388349422 0.0047886345 0.0138651091 0 0 0
nt@synapse_cleft 3758 -0.0125934205 -0.038435937 0.00314233444 0 0 0
nt@synapse_cleft 3759 -0.0200846103 -0.0161198276 0.00954113628 0 0 0
nt@synapse_cleft 3763 0.0377448283 0.0359642313 0.00988771459 0 0 0
nt@synapse_cleft 3768 0.0214444797 -0.0042830115 0.0119356918 0 0 0
nt@synapse_cleft 3771 0.0220051845 -0.0273136969 0.00911883431 0 0 0
nt@synapse_cleft 3775 0.00574524368 -0.00589139321 0.0171940085 0 0 0
nt@synapse_cleft 3783 -0.0230737898 -0.021804649 0.00525132625 0 0 0
nt@synapse_cleft 3788 -0.00860988157 -0.0163255804 0.0189257698 0 0 0
nt@synapse_cleft 3793 -0.0205343716 -0.00936001222 0.00936195403 0 0 0
nt@synapse_cleft 3800 0.0130664193 -0.00887113235 0.0102359594 0 0 0
nt@synapse_cleft 3802 0.00649189848 0.0210130076 0.00544340693 0 0 0
nt@synapse_cleft 3811 -0.0125676126 -0.0320752976 0.00424508059 0 0 0
nt@synapse_cleft 3827 0.012151289 0.0626668145 0.012644683 0 0 0
nt@synapse_cleft 3831 0.00268976259 -0.0454237878 0.00519598512 0 0 0
nt@synapse_cleft 3834 0.0370525628 -0.0318504971 0.0143345869 0 0 0
nt@synapse_cleft 3835 0.0169084634 -0.0485106467 0.0135942447 0 0 0
nt@synapse_cleft 3841 0.0413297842 -0.0290749976 0.00714365418 0 0 0
nt@synapse_cleft 3844 -0.00432360961 -0.0106779016 0.0133608457 0 0 0
nt@synapse_cleft 3846 -0.0233283658 0.00209618044 0.0184564408 0 0 0
nt@synapse_cleft 3848 0.0250745399 0.0416800735 0.0176703109 0 0 0
nt@synapse_cleft 3850 -0.0314526744 -0.01498377 0.0148906463 0 0 0
nt@synapse_cleft 3859 0.0544251273 0.00330947568 0.00118217008 0 0 0
nt@synapse_cleft 3879 0.0440219286 -0.0643751805 0.0166297995 0 0 0
nt@synapse_cleft 3886 0.0399125104 0.0445089754 0.005049573 0 0 0
nt@synapse_cleft 3891 0.00827962105 -0.016842048 0.00446146923 0 0 0
nt@synapse_cleft 3902 -0.0347661771 0.0059564467 0.00582157964 0 0 0
nt@synapse_cleft 3907 -0.0254181451 -0.0210471187 0.0147873547 0 0 0
nt@synapse_cleft 3918 -0.00667826047 -0.0036773404 0.0101444667 0 0 0
nt@synapse_cleft 3921 0.028797627 0.0572268171 0.00768457664 0 0 0
nt@synapse_cleft 3927 0.00488465724 0.0448308559 0.0170819695 0 0 0
nt@synapse_cleft 3932 0.0205792223 -0.012338957 0.0177607874 0 0 0
nt@synapse_cleft 3952 -0.0403757403 0.0223505169 0.00906282186 0 0 0
nt@synapse_cleft 3953 0.0290497937 -0.0333545739 0.00120027891 0 0 0
nt@synapse_cleft 3957 0.0259381744 0.0154355742 0.015531786 0 0 0
nt@synapse_cleft 3958 0.0111104649 0.0124234492 0.0102385606 0 0 0
nt@synapse_cleft 3962 -0.0302943364 -0.00130862141 0.00629700479 0 0 0
nt@synapse_cleft 3963 0.0253713196 0.0194248047 0.00937196819 0 0 0
nt@synapse_cleft 3965 -0.0413291159 0.00226304612 0.00207620108 0 0 0
nt@synapse_cleft 3967 0.0154799636 -0.0228928012 0.0168811113 0 0 0
nt@synapse_cleft 3968 0.0170710714 -0.00671137417 0.00372734814 0 0 0
nt@synapse_cleft 3973 -0.00805909219 0.000834563463 0.0129231473 0 0 0
nt@synapse_cleft 3974 -0.0281654792 0.059386903 0.00154487587 0 0 0
nt@synapse_cleft 3978 0.0232864735 0.00134990889 0.0198565103 0 0 0
nt@synapse_cleft 3983 -0.0373583452 -0.0313659671 0.000733176283 0 0 0
nt@synapse_cleft 3988 -0.00500607134 -0.034362436 0.00608090691 0 0 0
nt@synapse_cleft 3991 0.0735854404 -0.0281446288 0.00504599541 0 0 0
nt@synapse_cleft 3993 -0.0518374594 0.000437533117 0.0088360542 0 0 0
nt@synapse_cleft 3997 -0.051101363 0.00643257503 0.0155312058 0 0 0
nt@synapse_cleft 3999 -0.0382232644 -0.0135323984 0.00907878998 0 0 0
nt@synapse_cleft 4011 0.0286658763 0.0336673092 0.00702014606 0 0 0
nt@synapse_cleft 4018 0.0216293572 0.00622929927 0.0153504475 0 0 0
nt@synapse_cleft 4037 -0.0143721733 0.0352508069 0.0188605743 0 0 0
nt@synapse_cleft 4040 0.00544544781 0.00542475275 0.0165226948 0 0 0
nt@synapse_cleft 4049 0.027959236 0.0139433136 0.0137053126 0 0 0
nt@synapse_cleft 4051 0.0148852622 -0.00183341042 0.00580599336 0 0 0
nt@synapse_cleft 4064 0.00127367559 0.0199644159 0.00918230534 0 0 0
nt@synapse_cleft 4070 -0.0204945573 -0.00334976054 0.0181949057 0 0 0
nt@synapse_cleft 4071 -0.0139185523 -0.0511614433 0.0133609915 0 0 0
nt@synapse_cleft 4103 -0.00822592797 0.0101795791 0.0113529157 0 0 0
nt@synapse_cleft 4106 0.0225817124 0.0187201749 0.0188854686 0 0 0
nt@synapse_cleft 4111 0.0588650783 0.0220367656 0.000395795431 0 0 0
nt@synapse_cleft 4115 0.00247206061 0.0135730255 0.011586384 0 0 0
nt@synapse_cleft 4119 0.0130452692 -0.0256944396 0.0130198018 0 0 0
nt@synapse_cleft 4123 -0.00774161994 0.0142320266 0.0139644103 0 0 0
nt@synapse_cleft 4126 0.0328537761 -0.0284296744 0.00116007594 0 0 0
nt@synapse_cleft 4129 -0.0106401877 0.00866055466 0.0116591765 0 0 0
nt@synapse_cleft 4132 0.0351731988 0.0296740154 0.0162761899 0 0 0
nt@synapse_cleft 4135 0.0142782321 -0.00285775104 0.0180006082 0 0 0
nt@synapse_cleft 4144 0.035177433 0.00682894597 0.0163541835 0 0 0
nt@synapse_cleft 4150 -0.0412586079 -0.0517663944 0.0145110433 0 0 0
nt@synapse_cleft 4155 0.0194396574 -0.0623692973 0.00165345318 0 0 0
nt@synapse_cleft 4156 0.0550873498 -0.00632442804 0.00629097701 0 0 0
nt@synapse_cleft 4162 0.0389176756 -0.0102169909 0.00765212088 0 0 0
nt@synapse_cleft 4163 -0.00183649449 0.0507905274 0.00356883745 0 0 0
nt@synapse_cleft 4177 -0.0594725719 0.0694968713 0.0172097011 0 0 0
nt@synapse_cleft 4187 -0.0254529958 -0.0217239786 0.0154103311 0 0 0
nt@synapse_cleft 4193 0.00457431478 -0.0430692381 0.0128540965 0 0 0
nt@synapse_cleft 4214 -0.0416894263 -0.0179480369 0.0185376797 0 0 0
nt@synapse_cleft 4215 0.0305077738 -0.0654964452 0.0168998886 0 0 0
nt@synapse_cleft 4220 -0.0106056386 -0.0110810276 0.0131053932 0 0 0
nt@synapse_cleft 4228 0.0305096952 -0.0134021317 0.0192235766 0 0 0
nt@synapse_cleft 4230 -0.0187324845 0.0511828656 0.00437007106 0 0 0
nt@synapse_cleft 4233 0.0148852462 0.0229569468 0.00464662413 0 0 0
nt@synapse_cleft 4237 0.0147506345 -0.012518813 0.0183555198 0 0 0
nt@synapse_cleft 4242 0.0304203055 -0.0365695637 0.0190804225 0 0 0
nt@synapse_cleft 4252 0.0399646425 0.00063309139 0.0192256298 0 0 0
nt@synapse_cleft 4254 -0.00647659476 0.0398007038 0.00643131122 0 0 0
nt@synapse_cleft 4255 -0.028259385 -0.0348471317 0.0154895851 0 0 0
nt@synapse_cleft 4279 0.0214995564 -0.0444609004 0.0116085036 0 0 0
nt@synapse_cleft 4285 -0.0421761741 0.0387370031 0.0022976058 0 0 0
nt@synapse_cleft 4288 0.0234999092 -0.0133112104 0.0151000279 0 0 0
nt@synapse_cleft 4293 -0.0172092884 -0.0178971982 0.0033887366 0 0 0
nt@synapse_cleft 4297 0.0422779994 -0.0264225769 0.00655316105 0 0 0
nt@synapse_cleft 4301 0.0343751045 0.000886052132 0.0132817495 0 0 0
nt@synapse_cleft 4312 -0.00890130918 -0.0267371819 0.00787465759 0 0 0
nt@synapse_cleft 4317 -0.00978546419 0.0473315649 0.00921370583 0 0 0
nt@synapse_cleft 4326 0.0257387672 -0.015629242 0.0171669019 0 0 0
nt@synapse_cleft 4330 -0.0250202316 0.00606998079 0.0124823561 0 0 0
nt@synapse_cleft 4334 0.0143666241 0.000268844659 0.00877384311 0 0 0
nt@synapse_cleft 4339 0.00979931508 -0.0265068233 0.00571516888 0 0 0
nt@synapse_cleft 4343 -0.02155512 -0.0593235359 0.000828915556 0 0 0
nt@synapse_cleft 4346 0.0214961623 0.00588912996 0.0101931654 0 0 0
nt@synapse_cleft 4351 0.046112899 0.0153416935 0.0123296438 0 0 0
nt@synapse_cleft 4360 0.0118921091 0.00451298425 0.0125856848 0 0 0
nt@synapse_cleft 4365 0.00322191482 0.0374780135 0.0110815804 0 0 0
nt@synapse_cleft 4374 -0.0124982911 -0.0175672358 0.00674812012 0 0 0
nt@synapse_cleft 4376 -0.0156328838 -0.0139282356 0.00861593837 0 0 0
nt@synapse_cleft 4381 -0.0221257852 -0.0334343831 0.014437332 0 0 0
nt@synapse_cleft 4386 -0.00697630901 0.00394393523 0.0084092488 0 0 0
nt@synapse_cleft 4392 -0.0104211156 0.0154209225 0.010566909 0 0 0
nt@synapse_cleft 4395 0.0151995519 -0.038975154 0.0154434613 0 0 0
nt@synapse_cleft 4396 0.0153456444 -0.0580865729 0.00363489913 0 0 0
nt@synapse_cleft 4398 -0.0208323695 0.0192032673 0.00533127668 0 0 0
nt@synapse_cleft 4399 0.0103898811 0.034755805 0.00262533 0 0 0
nt@synapse_cleft 4403 -0.0223423003 -0.00251613661 0.0148876577 0 0 0
nt@synapse_cleft 4414 -0.00339298192 -0.0263551075 0.0102881731 0 0 0
nt@synapse_cleft 4416 -0.0218375987 -0.00837595054 0.00766373068 0 0 0
nt@synapse_cleft 4423 0.00877507539 -0.0017703103 0.0142049786 0 0 0
nt@synapse_cleft 4424 -0.031354652 -0.00226426716 0.0054476247 0 0 0
nt@synapse_cleft 4430 -0.00688383381 -0.0117114173 0.00601572885 0 0 0
nt@synapse_cleft 4431 0.0142321209 -0.0290759722 0.00948577508 0 0 0
nt@synapse_cleft 4434 0.0122248819 -0.00526911171 0.00220142282 0 0 0
nt@synapse_cleft 4446 -0.0141831062 0.0232074484 0.0159599422 0 0 0
nt@synapse_cleft 4464 0.0242710595 -0.0129079356 0.0176314736 0 0 0
nt@synapse_cleft 4473 -0.011799517 -0.00597528802 0.00725224248 0 0 0
nt@synapse_cleft 4478 -0.0196689672 0.0370139685 0.0158199047 0 0 0
nt@synapse_cleft 4480 0.0122742556 0.0410094874 0.0105376647 0 0 0
nt@synapse_cleft 4482 -0.0318976879 -0.0285733173 0.0160707642 0 0 0
nt@synapse_cleft 4485 0.0109951589 0.0195957985 0.00743038679 0 0 0
nt@synapse_cleft 4488 0.0240751211 7.18286302e-05 0.0120059976 0 0 0
nt@synapse_cleft 4489 -0.0066244413 -0.00805640757 0.000518497691 0 0 0
nt@synapse_cleft 4496 -0.0452941211 0.0518845985 0.00355612695 0 0 0
nt@synapse_cleft 4499 -0.00263372317 0.013292214 0.00178717248 0 0 0
nt@synapse_cleft 4501 0.0192296378 0.00730119586 0.0138470162 0 0 0
nt@synapse_cleft 4517 -0.0454065748 0.0153650332 0.00891835103 0 0 0
nt@synapse_cleft 4527 0.0136046373 -0.00416225517 0.0192025881 0 0 0
nt@synapse_cleft 4538 -0.0411571634 -0.0445106574 0.00758541492 0 0 0
nt@synapse_cleft 4542 0.0102246705 0.0490996688 0.000480235554 0 0 0
nt@synapse_cleft 4545 -0.0273399444 0.0385246158 0.015848479 0 0 0
nt@synapse_cleft 4551 -0.0129634222 0.0378075024 0.0189010056 0 0 0
nt@synapse_cleft 4553 -0.0323002858 -0.0137405853 0.0183834422 0 0 0
nt@synapse_cleft 4559 -0.0318296983 0.0330912694 0.0118256227 0 0 0
nt@synapse_cleft 4565 -0.0596829218 -0.00259199637 0.00692402242 0 0 0
nt@synapse_cleft 4574 0.0480274992 -0.0260042623 0.00852271888 0 0 0
nt@synapse_cleft 4576 -0.0325218148 -0.0266967041 0.0156520394 0 0 0
nt@synapse_cleft 4583 0.00733137761 0.00207633487 0.000805801322 0 0 0
nt@synapse_cleft 4590 -0.0541215093 0.00197817713 0.0155659878 0 0 0
nt@synapse_cleft 4593 -0.0430963524 0.0524502218 0.00263255669 0 0 0
nt@synapse_cleft 4594 0.0105172341 0.0228359823 0.0010279644 0 0 0
nt@synapse_cleft 4595 0.0294337451 -0.0515280696 0.00400821773 0 0 0
nt@synapse_cleft 4613 0.0542811919 0.00490968444 0.0111988708 0 0 0
nt@synapse_cleft 4620 0.00803791636 0.00126347232 0.00996602098 0 0 0
nt@synapse_cleft 4654 0.0039160698 -0.033257609 0.0076079448 0 0 0
nt@synapse_cleft 4659 -0.0313125016 0.0370036032 0.0108729919 0 0 0
nt@synapse_cleft 4661 -0.00578789141 -0.0476711506 0.0169982871 0 0 0
nt@synapse_cleft 4681 0.00875732826 -0.0101058912 0.00504961656 0 0 0
nt@synapse_cleft 4700 -0.0308591062 0.0632624231 0.00330327529 0 0 0
nt@synapse_cleft 4701 0.0246253008 0.0202006381 0.0114290052 0 0 0
nt@synapse_cleft 4709 -0.0103164319 0.00258306893 0.00134050717 0 0 0
nt@synapse_cleft 4710 -0.0128351641 -0.0162341456 0.000935672939 0 0 0
nt@synapse_cleft 4718 0.0491797909 0.0151018085 0.0109313738 0 0 0
nt@synapse_cleft 4736 -0.00338758849 0.0166383173 0.0145427506 0 0 0
nt@synapse_cleft 4750 0.00109831734 -0.0659037063 0.00498302696 0 0 0
nt@synapse_cleft 4753 -0.0245139379 0.00417376237 0.00220802343 0 0 0
nt@synapse_cleft 4754 -0.0121930254 -0.00875035727 0.00474358133 0 0 0
nt@synapse_cleft 4756 -0.0114544496 -0.00431239555 0.0189049525 0 0 0
nt@synapse_cleft 4758 -0.0349319967 0.00179283522 0.0193565636 0 0 0
nt@synapse_cleft 4764 0.0268791897 -0.00984052939 0.000819494324 0 0 0
nt@synapse_cleft 4779 0.025174174 -0.0240089778 0.0115127901 0 0 0
nt@synapse_cleft 4784 0.0267919033 0.00995985688 0.000520104723 0 0 0
nt@synapse_cleft 4786 -0.026606721 0.0191162868 0.0175769671 0 0 0
nt@synapse_cleft 4791 0.0446841158 -0.00244297861 0.0161203532 0 0 0
nt@synapse_cleft 4793 -0.0254122565 -0.00184898179 0.0161970154 0 0 0
nt@synapse_cleft 4800 0.0258623195 -0.00379279804 0.014161425 0 0 0
nt@synapse_cleft 4801 -0.0166998397 0.0196782592 0.018172388 0 0 0
nt@synapse_cleft 4816 -0.0357606954 -0.018061311 0.0195802091 0 0 0
nt@synapse_cleft 4822 -0.0114010814 -0.0169466053 0.00292423607 0 0 0
nt@synapse_cleft 4823 -0.000937669344 0.0200662156 0.0131487268 0 0 0
nt@synapse_cleft 4829 0.0127356814 -0.0655749583 0.00198749923 0 0 0
nt@synapse_cleft 4830 -0.0330540318 -0.0018772887 0.0134412165 0 0 0
nt@synapse_cleft 4839 -0.00803509176 -0.00768546637 0.00442617909 0 0 0
nt@synapse_cleft 4844 0.0644140086 -0.0227239782 0.0133247813 0 0 0
nt@synapse_cleft 4852 -0.0221384752 -0.030190975 0.00754821597 0 0 0
nt@synapse_cleft 4871 0.0126895578 0.00769985959 0.00712487038 0 0 0
nt@synapse_cleft 4880 0.0017176021 -0.0309851198 0.0193976779 0 0 0
nt@synapse_cleft 4883 -0.0511389555 0.00145381675 0.0157245646 0 0 0
nt@synapse_cleft 4892 -0.0260577752 0.0320864482 0.0181196358 0 0 0
nt@synapse_cleft 4897 0.0159819846 -0.0170196678 0.00659736504 0 0 0
nt@synapse_cleft 4901 0.023658885 0.0158521616 0.00172224184 0 0 0
nt@synapse_cleft 4905 -0.0357882875 0.00019333619 0.0109892108 0 0 0
nt@synapse_cleft 4906 -0.0174656719 -0.0353713413 0.00944505949 0 0 0
nt@synapse_cleft 4919 -0.0131299538 0.00626187578 0.000126823813 0 0 0
nt@synapse_cleft 4925 -0.00611570432 -0.000641974621 0.000398667826 0 0 0
nt@synapse_cleft 4937 -0.0707161853 0.00772124582 0.0124713851 0 0 0
nt@synapse_cleft 4946 -0.00372965981 0.00114283891 0.00283542379 0 0 0
nt@synapse_cleft 4967 -0.0138177523 0.0085801338 0.0131998555 0 0 0
nt@synapse_cleft 4973 -0.00451622766 0.0549884867 0.0191507267 0 0 0
nt@synapse_cleft 4979 0.0103324498 -0.00396838208 0.0036797117 0 0 0
nt@synapse_cleft 4981 0.00202690676 -0.0583904465 0.00297382772 0 0 0
nt@synapse_cleft 4982 -0.00221735794 0.0124094874 0.000152117499 0 0 0
nt@synapse_cleft 4983 -0.0387022809 0.0049801948 0.00483305044 0 0 0
nt@synapse_cleft 4991 -0.0196487405 -0.00828568307 0.00804658029 0 0 0
nt@synapse_cleft 5004 -0.0163562062 -0.01551819 0.000184965148 0 0 0
nt@synapse_cleft 5006 0.0185213702 -0.0164753475 0.00128343546 0 0 0
nt@synapse_cleft 5009 -0.0302254127 -0.000514523325 0.00515418579 0 0 0
nt@synapse_cleft 5015 -0.0258039657 -0.02712386 0.0162142981 0 0 0
nt@synapse_cleft 5044 -0.035868602 0.0210995817 0.00580038017 0 0 0
nt@synapse_cleft 5046 -0.00899729497 -0.0332992367 0.000104174377 0 0 0
nt@synapse_cleft 5052 0.0250414437 -0.00822689861 0.00938621588 0 0 0
nt@synapse_cleft 5055 -0.0093405741 0.0207365473 0.0150984111 0 0 0
nt@synapse_cleft 5061 0.00592589897 -0.0406394298 0.00758679819 0 0 0
nt@synapse_cleft 5063 -0.0321172328 0.0345934334 0.0143329127 0 0 0
nt@synapse_cleft 5081 0.0195161986 -0.00752905945 0.0013818215 0 0 0
nt@synapse_cleft 5082 -0.00257317057 0.0390670053 0.012158645 0 0 0
nt@synapse_cleft 5086 0.0267075264 0.0430438482 0.00784771316 0 0 0
nt@synapse_cleft 5133 -0.018897997 0.0257576688 0.00965604271 0 0 0
nt@synapse_cleft 5145 0.0178912831 0.0328893278 0.0098344641 0 0 0
nt@synapse_cleft 5154 0.0084788652 0.0162258879 0.0181659512 0 0 0
nt@synapse_cleft 5159 -0.0300836971 -0.0143088557 0.0169234095 0 0 0
nt@synapse_cleft 5164 0.0126986416 -0.00794182749 0.00117348355 0 0 0
nt@synapse_cleft 5173 -0.0234867953 -0.000986886573 0.01011675 0 0 0
nt@synapse_cleft 5176 -0.0304033855 0.0702137801 0.00758749874 0 0 0
nt@synapse_cleft 5179 0.0174445431 0.00682520934 0.00672165938 0 0 0
nt@synapse_cleft 5182 0.0535059096 0.0031714317 0.000577875172 0 0 0
nt@synapse_cleft 5183 0.0563146317 -0.00207204309 0.00442716535 0 0 0
