nt@synapse_cleft 0 0.0115507346 -0.00122411381 0.0145604426 0 0 0
nt@synapse_cleft 2 -0.0461227874 0.0173689172 0.0176871012 0 0 0
nt@synapse_cleft 7 0.00539543848 0.00446707533 0.00980824009 0 0 0
nt@synapse_cleft 9 0.0175529354 -0.0216486967 0.0142877481 0 0 0
nt@synapse_cleft 12 0.0127138328 0.0304041514 0.00449709526 0 0 0
nt@synapse_cleft 15 -0.0124412802 0.0216871492 0.0145067468 0 0 0
nt@synapse_cleft 17 0.0186508662 0.0015128535 0.0026923604 0 0 0
nt@synapse_cleft 23 0.00279497269 -0.0437172366 0.0110645996 0 0 0
nt@synapse_cleft 26 -0.0286149944 0.0074819289 0.00778161863 0 0 0
nt@synapse_cleft 30 0.0153307238 -0.0354673252 0.00622307578 0 0 0
nt@synapse_cleft 35 -0.00021615123 0.0264348851 0.0177525701 0 0 0
nt@synapse_cleft 42 0.00363609262 0.00881421905 0.0174514219 0 0 0
nt@synapse_cleft 45 -0.00782760154 0.0132267376 0.00867580922 0 0 0
nt@synapse_cleft 54 0.0017526575 0.0281557434 0.0145553077 0 0 0
nt@synapse_cleft 56 -0.0250422165 -0.00327557034 0.0147314126 0 0 0
nt@synapse_cleft 59 0.0324441835 0.0181189249 0.0169768259 0 0 0
nt@synapse_cleft 72 -0.0236373048 0.0184685082 0.0147069493 0 0 0
nt@synapse_cleft 81 0.0123749283 -0.0315018186 0.00447997166 0 0 0
nt@synapse_cleft 87 -0.00940676868 -0.0202019028 0.013371001 0 0 0
nt@synapse_cleft 89 0.0321429037 0.000484822902 0.0121757815 0 0 0
nt@synapse_cleft 100 -0.0159510448 -0.0181472093 0.0082689839 0 0 0
nt@synapse_cleft 102 -0.0272258988 0.0266070856 0.00179798222 0 0 0
nt@synapse_cleft 103 0.0259203238 -0.0170748077 0.0103556801 0 0 0
nt@synapse_cleft 111 -0.0302979909 0.0342184185 0.0148171678 0 0 0
nt@synapse_cleft 114 0.0408505988 -0.0135080639 0.0187394631 0 0 0
nt@synapse_cleft 115 -0.00619133092 -0.0345255857 0.00685413829 0 0 0
nt@synapse_cleft 116 -0.0327970697 -0.017070513 0.010067012 0 0 0
nt@synapse_cleft 135 -0.0200026978 -0.027410508 0.0102901563 0 0 0
nt@synapse_cleft 137 -0.0480000085 -0.0414423446 0.0079813092 0 0 0
nt@synapse_cleft 148 -0.00176725221 0.0619749463 0.00877552956 0 0 0
nt@synapse_cleft 150 -0.0284563861 0.0159507048 0.0136754193 0 0 0
nt@synapse_cleft 156 -0.0224469562 -0.00254226907 0.0145180385 0 0 0
nt@synapse_cleft 157 -0.0230697462 0.00331856958 0.014941034 0 0 0
nt@synapse_cleft 162 -0.0189783391 -0.0295646394 0.0094726419 0 0 0
nt@synapse_cleft 167 -0.00660940391 -0.0427290703 0.00175946305 0 0 0
nt@synapse_cleft 168 -0.0264650776 -0.0254825733 0.0120695373 0 0 0
nt@synapse_cleft 186 -0.0203677724 -0.00915654749 0.0194225848 0 0 0
nt@synapse_cleft 188 -0.0122919835 -0.00137661125 0.00956867527 0 0 0
nt@synapse_cleft 192 -0.00587951622 0.0396308144 0.0188627217 0 0 0
nt@synapse_cleft 194 -0.0100102581 -0.00941125093 0.0150866524 0 0 0
nt@synapse_cleft 195 0.0277614704 0.0504798005 0.00396767034 0 0 0
nt@synapse_cleft 197 0.012016793 -0.0190946287 0.00410137316 0 0 0
nt@synapse_cleft 199 0.036272152 0.0152663204 0.00175602207 0 0 0
nt@synapse_cleft 203 0.0052812257 -0.00579729632 0.000299499073 0 0 0
nt@synapse_cleft 206 0.00169499223 -0.012211698 0.0159568843 0 0 0
nt@synapse_cleft 210 -0.0326671934 0.0162389733 4.70787065e-05 0 0 0
nt@synapse_cleft 224 -0.0169264155 0.0519689603 0.000171204727 0 0 0
nt@synapse_cleft 231 0.016873767 0.0369905317 0.0142485051 0 0 0
nt@synapse_cleft 235 0.0212884784 -0.020525644 0.0128600897 0 0 0
nt@synapse_cleft 244 -0.0194814169 0.00216889314 0.0196913992 0 0 0
nt@synapse_cleft 248 0.0334677448 -0.0280574988 0.00812287248 0 0 0
nt@synapse_cleft 256 -0.0443485024 -0.0126258087 0.0169654361 0 0 0
nt@synapse_cleft 263 0.0503557229 0.0175835758 0.00771115924 0 0 0
nt@synapse_cleft 268 -0.000439169964 -0.00949264762 0.0110478034 0 0 0
nt@synapse_cleft 272 0.0125476094 -0.0514507423 0.019880465 0 0 0
nt@synapse_cleft 284 -0.0313170125 0.0847319514 0.0185031471 0 0 0
nt@synapse_cleft 289 -0.0426771018 0.057581116 0.000695436486 0 0 0
nt@synapse_cleft 293 0.0329316874 -0.00388637677 0.0144423955 0 0 0
nt@synapse_cleft 306 0.0184874462 -0.0321183235 0.00937408826 0 0 0
nt@synapse_cleft 307 0.0148406281 0.00523857362 0.0139624636 0 0 0
nt@synapse_cleft 308 0.017231745 0.0274226436 0.00244462184 0 0 0
nt@synapse_cleft 310 0.0279493476 0.00345596602 0.00750134663 0 0 0
nt@synapse_cleft 318 -0.035185115 0.0122316674 0.0159308292 0 0 0
nt@synapse_cleft 319 0.055314113 0.000694567831 0.00830442163 0 0 0
nt@synapse_cleft 321 0.0422312841 0.0102007596 0.00189170488 0 0 0
nt@synapse_cleft 325 -0.0564740415 0.0746577214 0.0162143048 0 0 0
nt@synapse_cleft 331 0.0487651076 -0.019203851 0.0167426166 0 0 0
nt@synapse_cleft 347 0.00174503765 -0.00256901116 0.0010773176 0 0 0
nt@synapse_cleft 348 0.000625254409 -0.0131995878 0.00500885251 0 0 0
nt@synapse_cleft 350 0.0202223009 0.00704329328 0.0115544894 0 0 0
nt@synapse_cleft 352 -0.00654883792 0.027911232 0.00176012642 0 0 0
nt@synapse_cleft 356 -0.0334358035 0.0182158591 0.00472099288 0 0 0
nt@synapse_cleft 361 -0.026506282 0.00919819288 0.0187108703 0 0 0
nt@synapse_cleft 371 -0.00535413834 0.0343929493 0.0111575787 0 0 0
nt@synapse_cleft 372 0.00571478169 0.0277988232 0.00479462963 0 0 0
nt@synapse_cleft 376 -0.011361054 0.00239455232 0.0191201723 0 0 0
nt@synapse_cleft 381 -0.0120228396 -0.0156786433 0.00396533218 0 0 0
nt@synapse_cleft 385 0.00557857962 0.0135769807 0.0139696907 0 0 0
nt@synapse_cleft 391 0.0257695352 -0.0388805579 0.0140135336 0 0 0
nt@synapse_cleft 395 -0.00107340935 -0.0209196455 0.0139241476 0 0 0
nt@synapse_cleft 397 0.0146346676 0.02784444 0.0159981966 0 0 0
nt@synapse_cleft 402 0.00170728622 0.0471818502 0.00846336204 0 0 0
nt@synapse_cleft 406 -0.0258122806 -0.0457383125 0.00908286786 0 0 0
nt@synapse_cleft 421 -0.0455149744 0.0223388696 0.0195845806 0 0 0
nt@synapse_cleft 426 0.0365875198 -0.0133104142 0.0171483045 0 0 0
nt@synapse_cleft 429 -0.0220992717 0.0271339995 0.0114627751 0 0 0
nt@synapse_cleft 440 0.037579549 0.00212014271 0.00584020485 0 0 0
nt@synapse_cleft 444 0.000808863601 0.0339183975 0.00980221276 0 0 0
nt@synapse_cleft 449 0.00540853827 -0.0101571322 0.0098021685 0 0 0
nt@synapse_cleft 452 0.0360007247 0.0497629283 0.0189680803 0 0 0
nt@synapse_cleft 453 0.0073556672 -0.00991392097 0.0103640421 0 0 0
nt@synapse_cleft 455 -2.02959518e-05 -0.0234768052 0.0193491422 0 0 0
nt@synapse_cleft 477 0.0178888354 0.00878632596 0.0130744247 0 0 0
nt@synapse_cleft 479 -0.00766003167 0.0205482823 0.0155219283 0 0 0
nt@synapse_cleft 480 -0.0549140691 0.0182210331 0.00155222496 0 0 0
nt@synapse_cleft 482 0.00809571286 0.00246222977 0.0047451359 0 0 0
nt@synapse_cleft 483 -0.00221596628 -0.0247536448 0.00321586069 0 0 0
nt@synapse_cleft 484 -0.000492207665 -0.0410508515 0.00325132718 0 0 0
nt@synapse_cleft 499 0.0226583725 0.0192206203 0.00639815383 0 0 0
nt@synapse_cleft 500 -0.00611379596 -0.0127076436 0.0064429536 0 0 0
nt@synapse_cleft 501 0.00512163609 0.0170897887 0.00980236846 0 0 0
nt@synapse_cleft 503 0.0120022733 -0.0193838732 0.013435391 0 0 0
nt@synapse_cleft 509 -0.0134749976 0.0571381004 0.00307914494 0 0 0
nt@synapse_cleft 510 0.0189045677 0.0042872532 0.0117359473 0 0 0
nt@synapse_cleft 514 -0.0241989053 0.00891606716 0.017749788 0 0 0
nt@synapse_cleft 522 -0.0432383861 0.0212918538 0.0143550251 0 0 0
nt@synapse_cleft 524 -0.0130312049 0.0296464338 0.0172389164 0 0 0
nt@synapse_cleft 530 0.0244736408 -0.00846221516 0.0120493094 0 0 0
nt@synapse_cleft 536 -0.0289900336 -0.0398812438 0.00481030256 0 0 0
nt@synapse_cleft 544 0.0322597738 0.0198546036 0.011852734 0 0 0
nt@synapse_cleft 546 -0.0470227425 0.0127344614 0.00912566271 0 0 0
nt@synapse_cleft 548 -0.0197427598 0.0237043869 0.0127936395 0 0 0
nt@synapse_cleft 549 0.0294436534 -0.0335466845 0.0132150899 0 0 0
nt@synapse_cleft 551 -0.00339008717 -0.0102006206 0.019069346 0 0 0
nt@synapse_cleft 552 0.0238729218 0.00455458981 0.00821218027 0 0 0
nt@synapse_cleft 557 -0.0302076971 -0.00541269497 0.0138263754 0 0 0
nt@synapse_cleft 558 -0.012522084 -0.0222434571 0.00147082993 0 0 0
nt@synapse_cleft 563 -0.0106598455 -0.0532070411 0.00709204131 0 0 0
nt@synapse_cleft 568 -0.00596834702 0.00425926937 0.0176914176 0 0 0
nt@synapse_cleft 572 -0.0316266273 0.0160521329 0.00503464903 0 0 0
nt@synapse_cleft 575 0.0080796391 -0.0110249646 0.0121024003 0 0 0
nt@synapse_cleft 581 0.00394169452 -0.0085817648 0.0156915234 0 0 0
nt@synapse_cleft 583 0.00958046017 0.0178500629 0.0123290535 0 0 0
nt@synapse_cleft 586 0.010801653 0.0178934734 0.00649777501 0 0 0
nt@synapse_cleft 591 -0.0163828578 0.0198222344 0.0130182913 0 0 0
nt@synapse_cleft 593 -0.00331486421 0.036047468 0.0119499968 0 0 0
nt@synapse_cleft 594 0.0333959826 0.0201095665 0.01385858 0 0 0
nt@synapse_cleft 595 -0.00454807162 -0.0385913685 0.000896119484 0 0 0
nt@synapse_cleft 596 -0.020425953 -0.000221830799 0.0197967521 0 0 0
nt@synapse_cleft 598 -0.000608637155 0.00202280286 0.0189961756 0 0 0
nt@synapse_cleft 618 -0.00649925928 -0.0353291506 0.0026395811 0 0 0
nt@synapse_cleft 620 -0.0262219612 0.00137041707 0.0122937787 0 0 0
nt@synapse_cleft 624 0.0154240992 -0.00254782792 0.0095387085 0 0 0
nt@synapse_cleft 627 -0.00892013335 -0.0203599506 0.0127448603 0 0 0
nt@synapse_cleft 629 -0.00067497857 0.00545470387 0.000633744293 0 0 0
nt@synapse_cleft 630 0.00246645785 0.0139886739 0.0041514147 0 0 0
nt@synapse_cleft 633 -0.0145134675 0.0263475432 0.0103022274 0 0 0
nt@synapse_cleft 634 0.00917349702 -0.00219091443 0.00590942705 0 0 0
nt@synapse_cleft 639 -0.0196690371 -0.0302496974 0.00116740386 0 0 0
nt@synapse_cleft 645 -0.0121655485 -0.0104632261 0.015664798 0 0 0
nt@synapse_cleft 647 0.0126409766 0.0302696368 0.00616887065 0 0 0
nt@synapse_cleft 661 -0.0233026322 -0.0171724763 0.0182220869 0 0 0
nt@synapse_cleft 662 -0.0102956546 0.00815398941 0.0129948542 0 0 0
nt@synapse_cleft 664 -0.0124374816 0.0145544278 0.0148894229 0 0 0
nt@synapse_cleft 674 -0.0158743834 0.0194090736 0.00301692155 0 0 0
nt@synapse_cleft 675 0.0168047408 0.00781098066 0.00874257013 0 0 0
nt@synapse_cleft 678 0.0110137961 -0.0183913998 0.00706521588 0 0 0
nt@synapse_cleft 679 -0.0287232261 0.00193166774 0.0166954802 0 0 0
nt@synapse_cleft 681 -0.00533075418 -0.0262801872 0.00849165102 0 0 0
nt@synapse_cleft 684 -0.020724397 -0.010805444 0.00928991204 0 0 0
nt@synapse_cleft 689 0.0211084041 0.00422487005 0.0129690743 0 0 0
nt@synapse_cleft 691 0.0213072194 0.00917253504 0.00420353177 0 0 0
nt@synapse_cleft 693 0.0128301286 0.0158646283 0.0122629599 0 0 0
nt@synapse_cleft 695 -0.0172244068 0.0305018892 0.0182491792 0 0 0
nt@synapse_cleft 698 0.0114862317 0.0161473551 0.0161504 0 0 0
nt@synapse_cleft 699 -0.0245832322 -0.0645981452 0.0132557837 0 0 0
nt@synapse_cleft 704 0.0123014887 0.0303540697 2.4431227e-05 0 0 0
nt@synapse_cleft 712 -0.0280929442 -0.0106685792 0.000886041669 0 0 0
nt@synapse_cleft 715 0.0269114222 0.0234289188 0.0108386138 0 0 0
nt@synapse_cleft 720 0.0263646898 -0.0456834444 0.00138868363 0 0 0
nt@synapse_cleft 721 0.00447029645 -0.0191248203 0.0017133227 0 0 0
nt@synapse_cleft 726 -0.0247020968 -0.00962105933 0.0119328422 0 0 0
nt@synapse_cleft 727 -0.00674016015 0.0197685812 0.00734082275 0 0 0
nt@synapse_cleft 728 0.0051023414 0.0006730489 0.00218906189 0 0 0
nt@synapse_cleft 732 0.0200507419 0.0436248519 0.00257363269 0 0 0
nt@synapse_cleft 735 -0.0496591712 0.00926608241 0.00338710225 0 0 0
nt@synapse_cleft 737 0.0467927945 0.00265812441 0.00958493972 0 0 0
nt@synapse_cleft 741 0.028017421 0.00402649516 0.00285960743 0 0 0
nt@synapse_cleft 750 0.0256764547 0.0167819107 0.0160732054 0 0 0
nt@synapse_cleft 754 -0.00546162686 -0.014753627 0.0186422844 0 0 0
nt@synapse_cleft 755 0.00665404087 0.0150079015 0.00765618997 0 0 0
nt@synapse_cleft 760 -0.0076648841 -0.0494430062 0.00586461392 0 0 0
nt@synapse_cleft 762 0.00581466131 -0.0218310343 0.0194239559 0 0 0
nt@synapse_cleft 765 -0.0352085089 0.0440467147 0.0175835402 0 0 0
nt@synapse_cleft 768 -0.0225009876 0.00314681829 0.0135796844 0 0 0
nt@synapse_cleft 769 0.000982959649 0.0420811639 0.0159548261 0 0 0
nt@synapse_cleft 774 0.00169082332 0.0269949216 0.0019019771 0 0 0
nt@synapse_cleft 779 -0.0202957479 0.0164829646 0.00608013506 0 0 0
nt@synapse_cleft 784 0.0213242994 0.00517997811 0.0178628526 0 0 0
nt@synapse_cleft 797 -0.00994955047 0.0273078629 0.00541860396 0 0 0
nt@synapse_cleft 803 -0.0265695719 -0.0407776628 0.0100226204 0 0 0
nt@synapse_cleft 814 0.0416261618 0.0386352908 0.00109606752 0 0 0
nt@synapse_cleft 816 0.00246864917 -0.0221127329 0.000535088498 0 0 0
nt@synapse_cleft 817 0.0209193706 -0.00643274272 0.0131213336 0 0 0
nt@synapse_cleft 828 0.0102126411 -0.0263366768 0.0188327796 0 0 0
nt@synapse_cleft 831 -8.1835014e-05 -0.0215713378 0.000378714337 0 0 0
nt@synapse_cleft 833 -0.0114166626 -0.00425244933 0.0157710358 0 0 0
nt@synapse_cleft 837 -0.0221395242 -0.0140082844 0.0158023764 0 0 0
nt@synapse_cleft 844 -0.011709016 0.00960808671 0.0163909134 0 0 0
nt@synapse_cleft 847 0.0273437563 -0.000429716037 0.0189268417 0 0 0
nt@synapse_cleft 850 0.00808889441 0.0213707167 0.00567232321 0 0 0
nt@synapse_cleft 854 0.00261559432 0.0265358612 0.00800411048 0 0 0
nt@synapse_cleft 866 -0.0028839475 -0.0208609009 0.00624726555 0 0 0
nt@synapse_cleft 871 -0.00180525215 0.0121778732 0.0182668701 0 0 0
nt@synapse_cleft 872 0.0263615846 -0.0191515441 0.0124288096 0 0 0
nt@synapse_cleft 877 -0.0403226933 0.0102533885 0.0144386193 0 0 0
nt@synapse_cleft 884 -0.00159308104 0.0061948661 0.018622253 0 0 0
nt@synapse_cleft 904 -0.0423768939 0.00309297932 0.0029602736 0 0 0
nt@synapse_cleft 908 -0.037563786 -0.00038288627 0.00323654823 0 0 0
nt@synapse_cleft 909 0.0263807019 0.00190433553 0.00669711048 0 0 0
nt@synapse_cleft 913 -0.0263115441 0.00535966351 0.0173638248 0 0 0
nt@synapse_cleft 918 0.0666935014 -0.00183065588 0.0195614996 0 0 0
nt@synapse_cleft 920 0.0188396569 -0.0146634992 0.010514776 0 0 0
nt@synapse_cleft 924 -0.0362419471 0.00174437185 0.00763646333 0 0 0
nt@synapse_cleft 925 -0.0245700306 0.0371833074 0.0112947784 0 0 0
nt@synapse_cleft 932 0.022904194 -0.0467691939 0.00437453364 0 0 0
nt@synapse_cleft 938 -0.00520823945 0.0105190993 0.0017938625 0 0 0
nt@synapse_cleft 940 -0.0570156901 -0.027480469 0.0119995227 0 0 0
nt@synapse_cleft 941 -0.0387193125 0.0465689136 0.0181698847 0 0 0
nt@synapse_cleft 942 0.0151099521 -0.0253465274 0.00881904426 0 0 0
nt@synapse_cleft 943 0.0229101391 -0.0108167205 0.00737421211 0 0 0
nt@synapse_cleft 944 -0.0084322318 -0.0562322851 0.00344295302 0 0 0
nt@synapse_cleft 945 0.000317663972 0.0302457922 0.000587004253 0 0 0
nt@synapse_cleft 947 -0.0175857242 0.0161080183 0.0191084683 0 0 0
nt@synapse_cleft 953 -0.0443740523 0.0148143232 0.0157881626 0 0 0
nt@synapse_cleft 954 0.0177299549 -0.00994237243 0.00382014676 0 0 0
nt@synapse_cleft 957 0.0445390789 -0.0218149852 0.0143341023 0 0 0
nt@synapse_cleft 961 -0.0298135982 -0.0132193556 0.00885860154 0 0 0
nt@synapse_cleft 967 0.0348314205 -0.00731040475 0.0163121981 0 0 0
nt@synapse_cleft 976 -0.0208059808 0.0279559925 0.0191077791 0 0 0
nt@synapse_cleft 978 -0.0440455972 -0.0132263225 0.0124269419 0 0 0
nt@synapse_cleft 991 0.0303387884 -0.00183059151 0.0161798365 0 0 0
nt@synapse_cleft 992 0.0226874212 0.00684602235 0.0108786102 0 0 0
nt@synapse_cleft 994 -0.0320206159 -0.0178607444 0.0157673918 0 0 0
nt@synapse_cleft 998 -0.000104356034 0.000532638818 0.000640394017 0 0 0
nt@synapse_cleft 999 0.0475626323 -0.0372048692 0.0008744448 0 0 0
nt@synapse_cleft 1002 0.0176933747 0.0465152894 0.00825634992 0 0 0
nt@synapse_cleft 1004 -0.0171505693 0.00301105925 0.00373033665 0 0 0
nt@synapse_cleft 1011 0.0303788564 0.0243951803 0.0121225802 0 0 0
nt@synapse_cleft 1013 -0.0351236192 0.0450637925 0.0163037886 0 0 0
nt@synapse_cleft 1016 -0.035595008 0.0125466841 0.0148129478 0 0 0
nt@synapse_cleft 1018 -0.00419552089 -0.0189422973 0.00603154311 0 0 0
nt@synapse_cleft 1024 -0.0396400095 -0.0156658861 0.0120809591 0 0 0
nt@synapse_cleft 1025 -0.00657235447 -0.0281285977 0.00436928668 0 0 0
nt@synapse_cleft 1027 0.0152633486 0.0377718417 0.0167007175 0 0 0
nt@synapse_cleft 1035 -0.0312647405 -0.0162608126 0.0121024196 0 0 0
nt@synapse_cleft 1047 0.0254350633 -0.0457250838 0.00125473556 0 0 0
nt@synapse_cleft 1048 -0.00286236879 -0.0505390889 0.00501624425 0 0 0
nt@synapse_cleft 1050 0.00484980538 -0.0499890339 0.0177518749 0 0 0
nt@synapse_cleft 1056 -0.0034170364 0.0633609403 0.0024404936 0 0 0
nt@synapse_cleft 1062 0.035778702 -0.0120710706 0.0103146506 0 0 0
nt@synapse_cleft 1077 -0.0304699298 -0.012264495 0.0190840509 0 0 0
nt@synapse_cleft 1080 -0.0339099484 0.0217916729 0.0122869502 0 0 0
nt@synapse_cleft 1092 -0.0110593583 -0.00816408175 0.00231556988 0 0 0
nt@synapse_cleft 1102 -0.0154394392 -0.0180049778 0.00625409216 0 0 0
nt@synapse_cleft 1107 -0.0135846087 0.00503643085 0.0176901108 0 0 0
nt@synapse_cleft 1108 0.0144367402 0.0241903192 0.000602177265 0 0 0
nt@synapse_cleft 1110 0.0166609945 0.0189611226 0.014766225 0 0 0
nt@synapse_cleft 1113 -0.0183491794 0.0130075699 0.00334850562 0 0 0
nt@synapse_cleft 1114 0.0148871125 -0.0253960861 0.00920007732 0 0 0
nt@synapse_cleft 1121 0.00409306133 0.0428290407 0.00161473341 0 0 0
nt@synapse_cleft 1127 -0.0086920231 0.00722678688 0.00452485996 0 0 0
nt@synapse_cleft 1130 0.0338295901 -0.0207884269 0.0102821382 0 0 0
nt@synapse_cleft 1136 -0.00643113716 -0.0589542286 0.00658714046 0 0 0
nt@synapse_cleft 1138 0.021535092 0.00389040703 0.016453374 0 0 0
nt@synapse_cleft 1140 0.0139835206 -0.0322498846 0.0136929283 0 0 0
nt@synapse_cleft 1144 -0.0146963462 -0.00891173371 0.00895590945 0 0 0
nt@synapse_cleft 1145 0.0644649565 -0.0124207176 0.0121365171 0 0 0
nt@synapse_cleft 1149 -0.0292964563 -0.00344807849 0.0140906543 0 0 0
nt@synapse_cleft 1152 0.023607272 0.00373889249 0.0181551478 0 0 0
nt@synapse_cleft 1157 0.0298329389 -0.0486702196 0.015165579 0 0 0
nt@synapse_cleft 1165 0.0182965663 0.0361478693 0.0075186819 0 0 0
nt@synapse_cleft 1166 -0.00984433233 0.00200046309 0.00766416613 0 0 0
nt@synapse_cleft 1167 0.0393995882 0.0268253426 0.0109573325 0 0 0
nt@synapse_cleft 1172 -0.00732491949 -0.00151731757 0.0084556891 0 0 0
nt@synapse_cleft 1177 -0.00646295057 0.0784638208 0.00157357965 0 0 0
nt@synapse_cleft 1179 0.00894165242 -0.0199002609 0.00721574766 0 0 0
nt@synapse_cleft 1186 -0.0599690652 0.00147574856 0.00367005534 0 0 0
nt@synapse_cleft 1188 0.0178687756 -0.0506156974 0.0057666337 0 0 0
nt@synapse_cleft 1193 -0.0361094393 -0.00498964638 0.0100318057 0 0 0
nt@synapse_cleft 1200 -0.00872284697 0.0163349054 0.0164398163 0 0 0
nt@synapse_cleft 1203 -0.0019735787 0.00580553068 0.00708297605 0 0 0
nt@synapse_cleft 1204 0.000214499734 0.00836993805 0.0075710381 0 0 0
nt@synapse_cleft 1205 -0.0295037261 -0.0163809581 0.0122794783 0 0 0
nt@synapse_cleft 1206 -0.0318623883 0.00589958865 0.0162386943 0 0 0
nt@synapse_cleft 1218 -0.00936281884 0.0276357946 0.0191358799 0 0 0
nt@synapse_cleft 1219 -0.00139762196 0.00938543071 0.0145356911 0 0 0
nt@synapse_cleft 1237 -0.0175346027 -0.0369440785 0.00726859453 0 0 0
nt@synapse_cleft 1238 -0.0635714066 -0.0312731291 0.0190466915 0 0 0
nt@synapse_cleft 1243 -0.0210078116 0.000207574094 0.0153551988 0 0 0
nt@synapse_cleft 1248 0.0121025864 0.0427721645 0.00731932592 0 0 0
nt@synapse_cleft 1251 -0.0363552322 0.0109298684 0.0191485041 0 0 0
nt@synapse_cleft 1252 -0.0267468667 0.00388056566 0.000154775458 0 0 0
nt@synapse_cleft 1254 -0.0309936233 0.0321691765 0.00887283748 0 0 0
nt@synapse_cleft 1270 0.0382014975 0.0143313913 0.00982381927 0 0 0
nt@synapse_cleft 1275 -0.0187054683 0.0179075293 0.009994739 0 0 0
nt@synapse_cleft 1289 0.0429070017 -0.00551780971 0.00589242963 0 0 0
nt@synapse_cleft 1298 -0.00952572884 -0.0160194402 0.00875229187 0 0 0
nt@synapse_cleft 1302 -0.011512529 0.0319149104 0.00293610533 0 0 0
nt@synapse_cleft 1311 0.0101420551 -0.0218879163 0.00580551002 0 0 0
nt@synapse_cleft 1316 -0.0282308026 -0.0304794004 0.0128615694 0 0 0
nt@synapse_cleft 1326 0.0179798975 0.0124017553 0.00295807202 0 0 0
nt@synapse_cleft 1328 0.0179314818 0.00689937158 0.000365776543 0 0 0
nt@synapse_cleft 1333 -0.0201117713 0.0327521151 0.00803722488 0 0 0
nt@synapse_cleft 1338 -0.0187306834 0.017753672 0.00922589239 0 0 0
nt@synapse_cleft 1343 0.0129698098 0.00388340299 0.0131515508 0 0 0
nt@synapse_cleft 1347 -0.0449229092 -0.0108257196 0.0151570146 0 0 0
nt@synapse_cleft 1348 0.045773011 -0.0404878531 0.0154362377 0 0 0
nt@synapse_cleft 1349 -0.0103318389 -0.00868855166 0.0126763475 0 0 0
nt@synapse_cleft 1351 0.0378539599 -0.0310209804 0.00156430199 0 0 0
nt@synapse_cleft 1359 -0.0201963164 -0.0129475893 0.0082271879 0 0 0
nt@synapse_cleft 1361 -0.00468885552 -0.0553464517 0.00443626844 0 0 0
nt@synapse_cleft 1366 0.0200795285 -0.00917263791 0.00637215702 0 0 0
nt@synapse_cleft 1368 0.0293093542 0.0129886799 0.00480828843 0 0 0
nt@synapse_cleft 1372 -0.0172003186 0.041841808 0.00676992211 0 0 0
nt@synapse_cleft 1380 -0.00854380275 0.013457153 0.0100621969 0 0 0
nt@synapse_cleft 1382 0.0189594305 0.0201354531 0.00880361884 0 0 0
nt@synapse_cleft 1384 -0.0459846464 -0.0188148397 0.00946623194 0 0 0
nt@synapse_cleft 1390 0.0463262184 -0.0109329799 0.00175667449 0 0 0
nt@synapse_cleft 1393 -0.0277359984 0.0382265752 0.00652081409 0 0 0
nt@synapse_cleft 1394 0.019659811 0.0279242603 0.0153796632 0 0 0
nt@synapse_cleft 1397 0.0291946648 0.0339197148 0.0153769618 0 0 0
nt@synapse_cleft 1400 -0.0331861515 0.0147818228 0.0129327711 0 0 0
nt@synapse_cleft 1403 0.00860198469 0.00221232243 0.0177526606 0 0 0
nt@synapse_cleft 1406 0.0579292345 -0.0262182603 0.00120834745 0 0 0
nt@synapse_cleft 1408 -0.0185291981 -0.0104242525 0.0100378357 0 0 0
nt@synapse_cleft 1411 0.0127198651 0.0108758302 0.0192266473 0 0 0
nt@synapse_cleft 1416 -0.0116373189 0.0310947706 0.00739493261 0 0 0
nt@synapse_cleft 1419 0.00350114263 -0.0238624447 0.00288669715 0 0 0
nt@synapse_cleft 1425 -0.001791095 -0.0320840697 0.00641306745 0 0 0
nt@synapse_cleft 1427 -0.0246148398 -0.00983204812 0.0197116066 0 0 0
nt@synapse_cleft 1434 0.0145707199 0.0252310472 0.0106476668 0 0 0
nt@synapse_cleft 1438 -0.0110110279 -0.0296343381 0.00297632464 0 0 0
nt@synapse_cleft 1440 -0.0087292816 0.0269379415 0.0023172512 0 0 0
nt@synapse_cleft 1441 -0.0349545325 0.0185220476 0.00143967985 0 0 0
nt@synapse_cleft 1442 0.00214341466 0.0337106566 0.0186373027 0 0 0
nt@synapse_cleft 1444 -0.0269588936 -0.00873141981 0.00688778411 0 0 0
nt@synapse_cleft 1446 -0.0199891813 -0.0359027304 0.00466611793 0 0 0
nt@synapse_cleft 1449 -0.0302409441 -0.000128987325 0.000873234117 0 0 0
nt@synapse_cleft 1452 -0.0290801241 -0.0294289405 0.000974964491 0 0 0
nt@synapse_cleft 1454 -0.0203520369 0.0121854624 0.0073519553 0 0 0
nt@synapse_cleft 1455 -0.0275464357 0.0081421022 0.0165942468 0 0 0
nt@synapse_cleft 1464 -0.0582321106 0.0154394326 0.0135371936 0 0 0
nt@synapse_cleft 1470 -0.0644952712 -0.0306164928 0.0148046712 0 0 0
nt@synapse_cleft 1472 -0.0512359083 -0.0118520528 0.00806365905 0 0 0
nt@synapse_cleft 1473 0.0077408251 -0.00934297574 0.0188672707 0 0 0
nt@synapse_cleft 1479 -0.011013099 0.0312011236 0.0190687054 0 0 0
nt@synapse_cleft 1481 0.0217694994 0.0125030382 0.0172095501 0 0 0
nt@synapse_cleft 1484 0.000553265218 0.0153755855 0.0107579757 0 0 0
nt@synapse_cleft 1485 -0.0190699342 -0.00543410172 0.0177164462 0 0 0
nt@synapse_cleft 1487 -0.0140495658 -0.0286191687 0.00473767956 0 0 0
nt@synapse_cleft 1488 0.0367160989 -0.000637210133 0.00793806683 0 0 0
nt@synapse_cleft 1494 0.0103281123 0.0108783135 0.0190322269 0 0 0
nt@synapse_cleft 1496 0.00247511931 0.0239661269 0.0144816914 0 0 0
nt@synapse_cleft 1506 0.0330029533 0.00412007457 0.0188719845 0 0 0
nt@synapse_cleft 1507 0.00995824691 -0.0043805154 0.00910618486 0 0 0
nt@synapse_cleft 1508 0.0239588217 0.0119337609 0.0116027521 0 0 0
nt@synapse_cleft 1512 0.00805392173 -0.016812447 0.0190728269 0 0 0
nt@synapse_cleft 1519 -0.00650967226 -0.00446881421 0.0165597227 0 0 0
nt@synapse_cleft 1527 0.0020461897 0.0414447795 0.0103739945 0 0 0
nt@synapse_cleft 1528 -0.0331542642 0.00510366737 0.00796598003 0 0 0
nt@synapse_cleft 1531 0.00479161283 0.0192800722 0.017577154 0 0 0
nt@synapse_cleft 1538 0.00699428978 0.0153589597 0.0162618361 0 0 0
nt@synapse_cleft 1542 -0.0153489175 0.0200233071 0.00758251992 0 0 0
nt@synapse_cleft 1545 -0.00361012329 0.00727965278 0.0102142041 0 0 0
nt@synapse_cleft 1548 -0.0341695323 -0.0250288024 0.00690656745 0 0 0
nt@synapse_cleft 1553 0.0588783707 0.0132260043 0.00221201545 0 0 0
nt@synapse_cleft 1554 0.0239217307 0.011513672 0.00534832626 0 0 0
nt@synapse_cleft 1561 -0.0023603813 -0.0502410658 0.00699693961 0 0 0
nt@synapse_cleft 1565 -0.00586308856 0.00315668567 0.0191606533 0 0 0
nt@synapse_cleft 1571 -0.0211568854 -0.00874826251 0.0106343447 0 0 0
nt@synapse_cleft 1573 0.020513471 0.0266024549 0.00602652374 0 0 0
nt@synapse_cleft 1588 0.000222541936 -0.017234723 0.0178994144 0 0 0
nt@synapse_cleft 1592 0.0125982651 -0.0217402181 0.000975420633 0 0 0
nt@synapse_cleft 1597 0.00273740543 0.0315204979 0.00596031395 0 0 0
nt@synapse_cleft 1600 0.0193482587 -0.0291618688 0.00481663145 0 0 0
nt@synapse_cleft 1605 0.0157737477 -0.0063083975 0.0069745147 0 0 0
nt@synapse_cleft 1606 -0.0364991646 0.014091758 0.0116956339 0 0 0
nt@synapse_cleft 1611 -0.008841327 -0.0243892121 0.00630341533 0 0 0
nt@synapse_cleft 1612 -0.0189875928 -0.0144412145 0.00806769695 0 0 0
nt@synapse_cleft 1617 0.0152013509 -0.0270730229 0.0133479638 0 0 0
nt@synapse_cleft 1619 0.0205355356 -0.00462708392 0.0134805958 0 0 0
nt@synapse_cleft 1628 0.01353036 0.0369537543 0.0128409057 0 0 0
nt@synapse_cleft 1635 0.0152809003 -0.0163756092 0.00494084358 0 0 0
nt@synapse_cleft 1641 0.0329235139 0.017113761 0.0080511406 0 0 0
nt@synapse_cleft 1642 0.0224512293 -0.0313957416 0.00566089482 0 0 0
nt@synapse_cleft 1655 -0.00675611919 0.0173702147 0.000883867645 0 0 0
nt@synapse_cleft 1658 0.0149887287 0.0415297187 0.014625545 0 0 0
nt@synapse_cleft 1660 0.0176190722 0.00883765093 0.00661776005 0 0 0
nt@synapse_cleft 1675 -0.0244208655 -0.0035005477 0.0181764367 0 0 0
nt@synapse_cleft 1678 0.00647964617 -0.0126419617 0.0108882992 0 0 0
nt@synapse_cleft 1681 -0.0220006573 0.00697777151 0.00783577372 0 0 0
nt@synapse_cleft 1684 0.00307431051 -0.0397287496 0.00749556006 0 0 0
nt@synapse_cleft 1686 -0.00637882038 0.0150802371 0.0138813115 0 0 0
nt@synapse_cleft 1687 -0.0300249375 -0.0282598116 0.00387381379 0 0 0
nt@synapse_cleft 1689 0.00787264613 0.0213836468 0.00635664607 0 0 0
nt@synapse_cleft 1692 -0.017748908 0.0295308168 0.0112695846 0 0 0
nt@synapse_cleft 1695 0.0174928055 -0.0160776082 0.00721746728 0 0 0
nt@synapse_cleft 1701 0.00154457303 0.00721835696 0.0178694151 0 0 0
nt@synapse_cleft 1707 -0.0258220886 -0.00776610391 0.0106772778 0 0 0
nt@synapse_cleft 1708 -0.0398395102 0.00887587165 0.00336339766 0 0 0
nt@synapse_cleft 1715 0.0053412869 -0.00261773112 0.013342029 0 0 0
nt@synapse_cleft 1721 0.00335199775 -0.0303492198 0.0120715507 0 0 0
nt@synapse_cleft 1725 0.0282776188 -0.00749293141 0.00211340909 0 0 0
nt@synapse_cleft 1729 0.00390140933 -0.00652930841 0.0104771671 0 0 0
nt@synapse_cleft 1736 0.0199362392 0.0098457608 0.0137706047 0 0 0
nt@synapse_cleft 1741 0.0111122844 -0.0156088368 0.00934696169 0 0 0
nt@synapse_cleft 1742 0.0111966478 -0.0462612973 0.0017366402 0 0 0
nt@synapse_cleft 1743 0.0333673068 0.0336559615 0.0193298743 0 0 0
nt@synapse_cleft 1745 -0.0375304731 0.031229075 0.00372514713 0 0 0
nt@synapse_cleft 1746 0.0106570232 -0.0242396895 0.0199861827 0 0 0
nt@synapse_cleft 1748 0.0604041059 0.0121102983 0.00541127804 0 0 0
nt@synapse_cleft 1751 0.0389724654 0.0296328439 0.0107923359 0 0 0
nt@synapse_cleft 1759 -0.0108472972 -0.0118591054 0.0124584867 0 0 0
nt@synapse_cleft 1761 -0.0181973298 0.00624490971 0.00800834448 0 0 0
nt@synapse_cleft 1762 -0.0222768015 -0.0272794916 0.0156375078 0 0 0
nt@synapse_cleft 1768 0.00361784652 -0.0241201292 0.015391008 0 0 0
nt@synapse_cleft 1775 -0.0115707213 0.00299103679 0.00155840358 0 0 0
nt@synapse_cleft 1778 0.0471663725 -0.0514271949 0.0198221466 0 0 0
nt@synapse_cleft 1781 -0.0147589626 0.0393432511 0.00306824282 0 0 0
nt@synapse_cleft 1793 0.00777254198 0.0377092109 0.0152793936 0 0 0
nt@synapse_cleft 1795 0.0308450015 -0.00929196624 0.0156076868 0 0 0
nt@synapse_cleft 1799 -0.0202291369 0.000202415514 0.00185388561 0 0 0
nt@synapse_cleft 1804 0.00741364431 0.00484643902 0.0167043458 0 0 0
nt@synapse_cleft 1805 -0.00802827987 0.00134508117 0.0161990877 0 0 0
nt@synapse_cleft 1806 -0.0201987804 0.0110168008 0.0152354355 0 0 0
nt@synapse_cleft 1810 -0.055499054 -0.0462401843 0.0125123308 0 0 0
nt@synapse_cleft 1811 -0.00270090456 0.0164680836 0.0134281093 0 0 0
nt@synapse_cleft 1812 -8.14971611e-05 0.0446936979 0.0194418203 0 0 0
nt@synapse_cleft 1815 -0.00666483215 0.00513458572 0.0166109513 0 0 0
nt@synapse_cleft 1824 0.0143345218 -9.55963913e-05 0.0059619306 0 0 0
nt@synapse_cleft 1826 0.0216399338 -0.00921955187 0.0170243198 0 0 0
nt@synapse_cleft 1829 0.0435846624 -0.0167219578 0.00452594849 0 0 0
nt@synapse_cleft 1830 -0.0402824738 -0.0139063522 0.0167749486 0 0 0
nt@synapse_cleft 1837 -0.0365493893 -0.0139279356 0.011624814 0 0 0
nt@synapse_cleft 1838 -0.00705013082 -0.0301141651 0.0102982698 0 0 0
nt@synapse_cleft 1843 0.0399022008 -0.00572354263 0.00725146611 0 0 0
nt@synapse_cleft 1846 -0.0239745545 0.0044689318 0.00524907409 0 0 0
nt@synapse_cleft 1849 0.0462054404 0.00671186065 0.00567240139 0 0 0
nt@synapse_cleft 1853 0.0676080248 -0.0180391752 0.000905065454 0 0 0
nt@synapse_cleft 1854 0.000648230814 -0.00295625351 0.0169497572 0 0 0
nt@synapse_cleft 1856 0.0210942467 -0.018252015 0.0108851514 0 0 0
nt@synapse_cleft 1868 -0.0255827798 -0.000245247585 0.00220474255 0 0 0
nt@synapse_cleft 1872 0.0102795182 -0.00656985021 0.0136061271 0 0 0
nt@synapse_cleft 1875 -0.0301969574 0.0172057931 0.00703562334 0 0 0
nt@synapse_cleft 1877 0.000740579644 0.029341703 0.0151722945 0 0 0
nt@synapse_cleft 1880 -0.0221240959 -0.0180598244 0.00694926304 0 0 0
nt@synapse_cleft 1883 0.0170125185 0.0148683122 0.0160326012 0 0 0
nt@synapse_cleft 1885 -0.011941002 -0.0022293254 0.00497269315 0 0 0
nt@synapse_cleft 1887 -0.00553933789 0.0348956857 0.00561495131 0 0 0
nt@synapse_cleft 1892 -0.00540372897 0.00640923746 0.00854624779 0 0 0
nt@synapse_cleft 1896 0.0287390976 -0.00652366525 0.00862768194 0 0 0
nt@synapse_cleft 1900 -0.0037437542 -0.0185540158 0.0108684986 0 0 0
nt@synapse_cleft 1904 -0.039229424 0.0403974767 0.00038088019 0 0 0
nt@synapse_cleft 1914 0.0128391255 0.0146567587 0.00407864241 0 0 0
nt@synapse_cleft 1918 -0.0124333479 0.0587512586 0.0135565696 0 0 0
nt@synapse_cleft 1921 -0.00452850497 -0.0186340815 0.0112182479 0 0 0
nt@synapse_cleft 1923 -0.0121243932 0.0222168678 0.0107256066 0 0 0
nt@synapse_cleft 1925 0.00623947808 0.018839088 0.00747541854 0 0 0
nt@synapse_cleft 1926 0.008653982 -0.0170787709 0.0191890013 0 0 0
nt@synapse_cleft 1932 0.0126120931 -0.00752905526 0.0185485854 0 0 0
nt@synapse_cleft 1942 0.0257802676 -0.032779369 0.00168994613 0 0 0
nt@synapse_cleft 1944 -0.00404593245 0.0254193552 0.0122893733 0 0 0
nt@synapse_cleft 1946 -0.0174480118 -0.00984377533 0.00241834342 0 0 0
nt@synapse_cleft 1953 -0.0263639517 -0.0172004713 0.00668508358 0 0 0
nt@synapse_cleft 1961 0.0370511707 0.0157425179 0.008913347 0 0 0
nt@synapse_cleft 1964 -0.00494931942 -0.00591269058 0.0116973924 0 0 0
nt@synapse_cleft 1967 0.0183964054 -0.0315457033 0.0101164961 0 0 0
nt@synapse_cleft 1970 -0.0201355822 -0.0417724628 0.0178953575 0 0 0
nt@synapse_cleft 1973 0.0273239263 0.0266803289 0.0183296289 0 0 0
nt@synapse_cleft 1976 -0.0302953359 -0.0167735802 0.0074594233 0 0 0
nt@synapse_cleft 1980 -0.0184471524 -0.0249307949 0.00495433338 0 0 0
nt@synapse_cleft 1984 -0.0557512718 -0.0126580454 0.0116712 0 0 0
nt@synapse_cleft 1989 -0.0126118707 0.0134771103 0.0158008192 0 0 0
nt@synapse_cleft 1990 0.0213101821 0.0232270297 0.00418082115 0 0 0
nt@synapse_cleft 1993 0.00566684168 -0.0184372967 0.0171335375 0 0 0
nt@synapse_cleft 1997 0.00522620748 0.0160832932 0.0142933995 0 0 0
nt@synapse_cleft 2004 -0.0154752039 0.00794853742 0.0168962021 0 0 0
nt@synapse_cleft 2007 -0.00104480401 0.0103415601 0.0127358076 0 0 0
nt@synapse_cleft 2008 0.0343844993 0.00870697565 0.0125304517 0 0 0
nt@synapse_cleft 2013 -0.00874795088 -0.00521466045 0.000589606202 0 0 0
nt@synapse_cleft 2014 0.0172066613 0.0168917457 0.0122193717 0 0 0
nt@synapse_cleft 2019 0.0130051774 -0.00960649808 0.0138668876 0 0 0
nt@synapse_cleft 2026 0.0495612706 0.00492739959 0.00392999931 0 0 0
nt@synapse_cleft 2027 -0.0123750433 -0.0285650511 0.01134382 0 0 0
nt@synapse_cleft 2032 -0.0226451562 -6.0854002e-05 0.0144977437 0 0 0
nt@synapse_cleft 2035 0.0586947342 0.022973327 0.00134769154 0 0 0
nt@synapse_cleft 2036 0.052049944 -0.0372375051 0.01303074 0 0 0
nt@synapse_cleft 2039 0.0367960136 0.0142728907 0.0193646831 0 0 0
nt@synapse_cleft 2041 0.0316970582 -0.0113958224 0.0112123582 0 0 0
nt@synapse_cleft 2044 0.0135256816 -0.0219615078 0.0105367117 0 0 0
nt@synapse_cleft 2052 -0.00492209981 -0.0208544871 0.0138487314 0 0 0
nt@synapse_cleft 2061 0.018325975 0.00816768788 0.00406654671 0 0 0
nt@synapse_cleft 2064 0.0169738557 0.021750779 0.00177488199 0 0 0
nt@synapse_cleft 2091 -0.00471720983 0.0281102642 0.0160171215 0 0 0
nt@synapse_cleft 2092 0.0177067396 0.0328817395 0.0111181093 0 0 0
nt@synapse_cleft 2094 -0.0128464587 -0.00501652316 0.011909082 0 0 0
nt@synapse_cleft 2096 -0.0174156442 -0.00709786878 0.00308576667 0 0 0
nt@synapse_cleft 2101 -0.008378237 -0.0119068727 0.0180311468 0 0 0
nt@synapse_cleft 2104 0.026363338 -0.00210752188 0.00817817614 0 0 0
nt@synapse_cleft 2112 -0.00408029336 -0.0270937671 0.000523415522 0 0 0
nt@synapse_cleft 2115 -0.0303528731 0.0121316668 0.0104465389 0 0 0
nt@synapse_cleft 2124 0.00130459298 0.0526052172 0.00900534427 0 0 0
nt@synapse_cleft 2127 0.0197812292 0.0162532718 0.00288172803 0 0 0
nt@synapse_cleft 2133 0.0136293703 -0.00588426315 0.00633114712 0 0 0
nt@synapse_cleft 2137 -0.0387310971 0.0538122031 0.0031893604 0 0 0
nt@synapse_cleft 2148 0.0310317558 -0.0645911672 0.000967964749 0 0 0
nt@synapse_cleft 2156 0.0353668285 -0.0346246286 0.0149305208 0 0 0
nt@synapse_cleft 2162 -0.0139955259 0.00933179291 0.0144144595 0 0 0
nt@synapse_cleft 2163 0.0130289385 -0.000601343995 0.0171037776 0 0 0
nt@synapse_cleft 2177 -0.0116348044 -0.0314207014 0.00185416193 0 0 0
nt@synapse_cleft 2185 -0.0130331145 -0.0110475393 0.010449393 0 0 0
nt@synapse_cleft 2187 -0.0114160565 0.00467350265 0.0148782851 0 0 0
nt@synapse_cleft 2188 -0.00361306445 0.0312489684 0.0127360233 0 0 0
nt@synapse_cleft 2199 0.002698595 -0.0238498702 0.00482951721 0 0 0
nt@synapse_cleft 2204 -0.0383712874 0.00737026819 0.0150134975 0 0 0
nt@synapse_cleft 2206 -0.0186363041 -0.0227100478 0.0151135256 0 0 0
nt@synapse_cleft 2207 0.0263670355 0.00718834681 0.0166200656 0 0 0
nt@synapse_cleft 2217 0.0185948996 -0.036434653 0.00652271739 0 0 0
nt@synapse_cleft 2218 0.0154421399 0.012754317 0.0159227513 0 0 0
nt@synapse_cleft 2223 -0.0166708854 0.0169354176 0.00409593137 0 0 0
nt@synapse_cleft 2228 -0.00066101589 0.0135490919 0.0087081102 0 0 0
nt@synapse_cleft 2235 -0.00772747128 -0.0135035411 0.00796369603 0 0 0
nt@synapse_cleft 2236 -0.000359082895 0.0173537922 0.0130888172 0 0 0
nt@synapse_cleft 2248 -0.0342146759 -0.00244037602 0.000614466363 0 0 0
nt@synapse_cleft 2251 -0.0038543822 0.00785531826 0.0164533953 0 0 0
nt@synapse_cleft 2254 -0.00539494138 -0.0199267895 0.0185642639 0 0 0
nt@synapse_cleft 2257 0.00216801276 -0.00389497502 0.0112599439 0 0 0
nt@synapse_cleft 2262 -0.00238108345 0.025789118 0.017924759 0 0 0
nt@synapse_cleft 2265 0.0341019043 0.027755275 0.00498354111 0 0 0
nt@synapse_cleft 2271 -0.0597519418 0.0224878629 0.00388401725 0 0 0
nt@synapse_cleft 2274 -0.00957928456 0.0413847988 0.0041541512 0 0 0
nt@synapse_cleft 2278 0.0207285446 0.0333561029 0.0113145503 0 0 0
nt@synapse_cleft 2279 -0.0125462121 0.0101235613 0.0140407888 0 0 0
nt@synapse_cleft 2283 0.0353158382 -0.0320513833 0.00874922514 0 0 0
nt@synapse_cleft 2284 0.0243052578 0.00834321614 0.0172097802 0 0 0
nt@synapse_cleft 2285 -0.0179891233 -0.00903704191 0.00679459357 0 0 0
nt@synapse_cleft 2289 0.00909918286 -0.00574974149 0.00336805518 0 0 0
nt@synapse_cleft 2292 -0.00753425247 0.00124554306 0.0190844165 0 0 0
nt@synapse_cleft 2298 -0.040290111 -0.0190400263 0.0148942039 0 0 0
nt@synapse_cleft 2306 -0.0025424941 -0.0472127074 0.00669970839 0 0 0
nt@synapse_cleft 2308 -0.0391762907 0.00810712292 0.0132491673 0 0 0
nt@synapse_cleft 2309 -0.00251490355 0.0036431041 0.00905848745 0 0 0
nt@synapse_cleft 2314 0.00260147347 -0.031281775 0.00747975248 0 0 0
nt@synapse_cleft 2317 0.0353931617 0.00568924417 0.00594368609 0 0 0
nt@synapse_cleft 2320 0.0267355706 -0.0294467369 0.00248947642 0 0 0
nt@synapse_cleft 2321 0.0490228279 0.00813621959 0.00582508542 0 0 0
nt@synapse_cleft 2326 0.0176508117 0.0245666777 0.00155293871 0 0 0
nt@synapse_cleft 2327 -0.0321366503 -0.0346107737 0.0171416985 0 0 0
nt@synapse_cleft 2330 -0.0380878657 0.0123445601 0.00889424121 0 0 0
nt@synapse_cleft 2332 -0.0186862473 -0.00551710549 0.0181900622 0 0 0
nt@synapse_cleft 2349 0.0388092192 -0.000413614244 0.0080322833 0 0 0
nt@synapse_cleft 2367 -0.0227128719 -0.0439502894 0.0127666066 0 0 0
nt@synapse_cleft 2369 -0.00962795749 -0.00349697374 0.00194115983 0 0 0
nt@synapse_cleft 2383 0.0136575887 -0.0385356168 0.0128095277 0 0 0
nt@synapse_cleft 2386 -0.0212558002 -0.016484671 0.00133179888 0 0 0
nt@synapse_cleft 2389 -0.00177909084 -0.0267283097 0.00713039165 0 0 0
nt@synapse_cleft 2397 0.00556218957 -0.0507851676 0.0113875956 0 0 0
nt@synapse_cleft 2400 -0.0225057586 -0.0372740753 0.00879643017 0 0 0
nt@synapse_cleft 2410 0.0243804422 0.00705463775 0.0151135098 0 0 0
nt@synapse_cleft 2411 0.0167858495 -0.0481242859 0.000209471903 0 0 0
nt@synapse_cleft 2412 -0.00547061347 0.0236870156 0.0145026233 0 0 0
nt@synapse_cleft 2417 -0.0102249199 0.00785958942 0.013969722 0 0 0
nt@synapse_cleft 2421 -0.00184673463 0.0202064733 0.00497851057 0 0 0
nt@synapse_cleft 2423 0.0160845971 -0.0379309448 0.00453445393 0 0 0
nt@synapse_cleft 2437 0.0296217894 0.0141218685 0.0045435433 0 0 0
nt@synapse_cleft 2438 -0.000650115786 -0.0450891111 0.00366419638 0 0 0
nt@synapse_cleft 2440 -0.0289788262 -0.02524429 0.00929989772 0 0 0
nt@synapse_cleft 2448 0.00413747219 -0.00159949204 0.0113299058 0 0 0
nt@synapse_cleft 2456 -0.0250781147 -0.00612185639 0.0192067783 0 0 0
nt@synapse_cleft 2459 0.00890437354 0.051781215 0.00548689775 0 0 0
nt@synapse_cleft 2462 -0.00964898633 0.0428737634 0.00605214851 0 0 0
nt@synapse_cleft 2468 -0.04999721 -0.017005218 0.0130956807 0 0 0
nt@synapse_cleft 2472 0.0506681348 -0.0483689001 0.0162731039 0 0 0
nt@synapse_cleft 2480 -0.0101017719 -0.022656148 0.00597015658 0 0 0
nt@synapse_cleft 2481 -0.0198096516 -0.0158492647 0.000105584202 0 0 0
nt@synapse_cleft 2483 0.0308405539 0.0272526824 0.016323005 0 0 0
nt@synapse_cleft 2491 0.00842718535 0.00883317789 0.0121509253 0 0 0
nt@synapse_cleft 2493 0.0253871069 -0.0505093596 0.000647114667 0 0 0
nt@synapse_cleft 2498 0.0154398299 -0.0217314919 0.00214643439 0 0 0
nt@synapse_cleft 2501 0.00237431164 0.0149033596 0.000655821949 0 0 0
nt@synapse_cleft 2502 0.0154186052 -0.0349923651 0.0153013739 0 0 0
nt@synapse_cleft 2509 -0.00258174078 -0.023039386 0.0177258913 0 0 0
nt@synapse_cleft 2513 -0.00148664835 0.0110427315 0.0109356527 0 0 0
nt@synapse_cleft 2517 -0.00151297188 -0.00562400059 0.0159356062 0 0 0
nt@synapse_cleft 2520 0.0189765858 0.0200830978 0.00791109447 0 0 0
nt@synapse_cleft 2521 0.00218499607 0.0159689636 0.00857466291 0 0 0
nt@synapse_cleft 2525 0.0369801896 0.0201699923 0.0145384387 0 0 0
nt@synapse_cleft 2528 -0.0104729029 -0.000345692225 0.0119329858 0 0 0
nt@synapse_cleft 2539 -0.00813733953 0.0203981753 0.0170411759 0 0 0
nt@synapse_cleft 2542 0.0213558203 -0.0256612282 0.0177724826 0 0 0
nt@synapse_cleft 2549 -0.00618089553 0.069436052 0.0114873086 0 0 0
nt@synapse_cleft 2550 0.0344613592 -0.00817556815 0.0181580311 0 0 0
nt@synapse_cleft 2555 0.0552493653 -0.024894159 0.00435758699 0 0 0
nt@synapse_cleft 2560 -0.0321546798 0.0133403994 0.00112101436 0 0 0
nt@synapse_cleft 2561 0.0184868145 0.0508371697 0.000873707692 0 0 0
nt@synapse_cleft 2563 0.00369960428 0.020094354 0.00840168835 0 0 0
nt@synapse_cleft 2564 -0.0176841074 0.0431868825 0.0082768216 0 0 0
nt@synapse_cleft 2566 -0.00174677134 0.000464598687 0.0106241242 0 0 0
nt@synapse_cleft 2570 0.00773600431 0.00431912748 0.0174419621 0 0 0
nt@synapse_cleft 2571 0.0201410391 -0.0434940401 0.000863578737 0 0 0
nt@synapse_cleft 2577 -0.00135021266 0.0291394283 0.0126725863 0 0 0
nt@synapse_cleft 2586 0.0377965838 -0.0136928134 0.0109803171 0 0 0
nt@synapse_cleft 2591 0.00315549375 -0.000917809845 0.00598962062 0 0 0
nt@synapse_cleft 2597 -0.0220905916 0.000743485791 0.0137696289 0 0 0
nt@synapse_cleft 2603 0.0155010367 -0.016696957 0.0146602399 0 0 0
nt@synapse_cleft 2604 0.0328743343 -0.00746937513 0.0125968115 0 0 0
nt@synapse_cleft 2610 0.00983997214 -0.0346370194 0.0032833489 0 0 0
nt@synapse_cleft 2613 -0.0363612108 -0.019746279 0.018510693 0 0 0
nt@synapse_cleft 2615 -0.00446990604 -0.0687323788 0.00661546487 0 0 0
nt@synapse_cleft 2617 -0.0160867317 0.0156431983 0.0158010033 0 0 0
nt@synapse_cleft 2623 -0.0183458542 -0.0324022117 0.000253120299 0 0 0
nt@synapse_cleft 2625 -0.0556698734 -0.0215649108 0.00253179301 0 0 0
nt@synapse_cleft 2628 0.034903341 -0.0247752554 0.0145319149 0 0 0
nt@synapse_cleft 2639 0.0101158933 -0.00481261773 0.00213816373 0 0 0
nt@synapse_cleft 2641 -0.02539394 -0.0173310201 0.00318611285 0 0 0
nt@synapse_cleft 2645 0.0134020039 0.0262909428 0.000607669302 0 0 0
nt@synapse_cleft 2650 0.0317137328 -0.0133614919 0.00866440644 0 0 0
nt@synapse_cleft 2652 -0.0123439201 0.0079638477 0.00963809299 0 0 0
nt@synapse_cleft 2660 -0.0111571538 -0.024671218 0.0155779023 0 0 0
nt@synapse_cleft 2670 -0.0284850365 -0.00600702499 0.00691601464 0 0 0
nt@synapse_cleft 2674 -0.0135328018 0.00350073511 0.00875301516 0 0 0
nt@synapse_cleft 2675 -0.0150810224 0.00934320818 0.0163616877 0 0 0
nt@synapse_cleft 2680 -0.0520414103 -0.0329847064 0.00413785083 0 0 0
nt@synapse_cleft 2681 -0.0376092074 -0.0225538056 0.0198528421 0 0 0
nt@synapse_cleft 2688 -0.0461951502 0.0534674526 0.0106947971 0 0 0
nt@synapse_cleft 2702 -0.000862523534 -0.0137441539 0.000778680525 0 0 0
nt@synapse_cleft 2708 -0.0434488211 0.00153432774 0.00110327515 0 0 0
nt@synapse_cleft 2709 0.00610417618 0.0082111478 0.017106929 0 0 0
nt@synapse_cleft 2710 -0.0100268983 -0.0267317786 0.00997503736 0 0 0
nt@synapse_cleft 2713 0.000363620372 -0.029017368 0.0127531754 0 0 0
nt@synapse_cleft 2714 0.0440856568 0.0242987445 0.01072153 0 0 0
nt@synapse_cleft 2720 0.00775924137 0.02244038 0.00651369431 0 0 0
nt@synapse_cleft 2724 0.0147346125 -0.0123778856 0.00732161142 0 0 0
nt@synapse_cleft 2729 0.0211753864 -0.0153215841 0.0184857693 0 0 0
nt@synapse_cleft 2734 0.0311702121 0.00257995778 0.0110630669 0 0 0
nt@synapse_cleft 2739 0.0277369179 -0.0168272315 0.0101466122 0 0 0
nt@synapse_cleft 2743 0.000265607304 -0.0392283441 0.0122842752 0 0 0
nt@synapse_cleft 2750 0.0319744187 -0.0332344735 0.0152197737 0 0 0
nt@synapse_cleft 2752 -0.0201978306 -0.0214159896 0.0191777433 0 0 0
nt@synapse_cleft 2756 0.0304981203 -0.0210577633 0.00711710862 0 0 0
nt@synapse_cleft 2758 0.00367229238 -0.0110384345 0.012968771 0 0 0
nt@synapse_cleft 2766 -0.0439464767 0.0369704303 0.0185723384 0 0 0
nt@synapse_cleft 2775 0.0406913443 -0.020228522 0.0121977638 0 0 0
nt@synapse_cleft 2785 0.00363739975 0.025383226 0.00304229591 0 0 0
nt@synapse_cleft 2798 -0.0241596803 0.0240410974 0.00855869052 0 0 0
nt@synapse_cleft 2807 -0.0171536458 0.0197106959 0.00876056835 0 0 0
nt@synapse_cleft 2808 0.0166579103 0.0544348339 0.0154964126 0 0 0
nt@synapse_cleft 2815 -0.00817452547 0.00898856538 0.0110087453 0 0 0
nt@synapse_cleft 2820 0.0160065285 -0.00270315193 0.0146654059 0 0 0
nt@synapse_cleft 2828 0.0125676522 -0.0511561304 0.00441278617 0 0 0
nt@synapse_cleft 2837 -0.00590730058 0.0108106341 0.0154776282 0 0 0
nt@synapse_cleft 2848 0.0142268608 0.00738492209 0.00480512813 0 0 0
nt@synapse_cleft 2854 0.0155480913 -0.01271567 0.0105063784 0 0 0
nt@synapse_cleft 2855 -0.0238324835 -0.0276584584 0.000811887482 0 0 0
nt@synapse_cleft 2857 0.0261850923 -0.0264083971 0.0166457095 0 0 0
nt@synapse_cleft 2861 -0.0182351234 0.00700245171 0.0077985465 0 0 0
nt@synapse_cleft 2863 -0.0225671496 0.0206802009 0.0017515794 0 0 0
nt@synapse_cleft 2868 0.00390132604 0.0172453375 0.00171441541 0 0 0
nt@synapse_cleft 2871 0.0130986377 -0.047817835 0.0199188242 0 0 0
nt@synapse_cleft 2875 0.0153411613 0.0192235019 0.0197394753 0 0 0
nt@synapse_cleft 2876 -0.0151876014 -0.00291671503 0.0165440531 0 0 0
nt@synapse_cleft 2880 0.00139121244 0.0149252154 0.00499042316 0 0 0
nt@synapse_cleft 2884 0.0404186501 0.000723753123 0.0186557878 0 0 0
nt@synapse_cleft 2887 0.00241284007 -0.0244374699 0.0198541355 0 0 0
nt@synapse_cleft 2894 0.0134859017 0.0147381329 0.00263454704 0 0 0
nt@synapse_cleft 2895 0.0649495991 -0.00593055322 0.0183512193 0 0 0
nt@synapse_cleft 2897 0.000288888208 -0.0357380974 0.0161701351 0 0 0
nt@synapse_cleft 2905 -0.0186909836 0.0198804991 0.0118175212 0 0 0
nt@synapse_cleft 2909 0.0420653959 -0.0175375115 0.0183492593 0 0 0
nt@synapse_cleft 2910 -0.0430654307 0.00974192998 0.0186814759 0 0 0
nt@synapse_cleft 2912 0.0164948146 -0.0133534993 3.06229468e-05 0 0 0
nt@synapse_cleft 2915 0.0163712574 -0.0421065792 0.0184142746 0 0 0
nt@synapse_cleft 2918 -0.0147452257 -0.0544534812 0.0140049943 0 0 0
nt@synapse_cleft 2920 0.0160482215 -0.00430398783 0.0164561816 0 0 0
nt@synapse_cleft 2921 0.00468894647 0.0501208833 0.000516212566 0 0 0
nt@synapse_cleft 2922 0.0659430743 -0.0221165285 0.0185883239 0 0 0
nt@synapse_cleft 2925 -0.0110880735 0.0319242617 0.0163217948 0 0 0
nt@synapse_cleft 2933 -0.013343426 -0.0100580192 0.00455508984 0 0 0
nt@synapse_cleft 2935 -0.0244786131 -0.00177071824 0.0184095956 0 0 0
nt@synapse_cleft 2940 0.000852338736 -0.0225363481 0.000442088042 0 0 0
nt@synapse_cleft 2945 -0.0217456003 -0.0138840579 0.00726253108 0 0 0
nt@synapse_cleft 2946 0.00281803686 -0.00365153802 0.018867901 0 0 0
nt@synapse_cleft 2961 0.0697348588 -0.0288756853 0.00444225184 0 0 0
nt@synapse_cleft 2962 0.0158655052 0.0152898923 0.00469942962 0 0 0
nt@synapse_cleft 2967 -0.0132757361 -0.0473578402 0.0132722159 0 0 0
nt@synapse_cleft 2983 0.0148142497 -0.0390812083 0.00181770512 0 0 0
nt@synapse_cleft 2992 -0.0224801091 0.0245265447 0.00408496186 0 0 0
nt@synapse_cleft 2993 -0.00160448578 0.0470001597 0.000992152357 0 0 0
nt@synapse_cleft 2997 0.0256311716 -0.0148219567 0.00193235307 0 0 0
nt@synapse_cleft 3006 0.0235865818 0.0290258182 0.00658292436 0 0 0
nt@synapse_cleft 3008 0.0176912676 0.0581670401 0.0123212653 0 0 0
nt@synapse_cleft 3012 0.0287288971 -0.00195610589 0.00768345912 0 0 0
nt@synapse_cleft 3019 -0.0144944595 0.00693029028 0.00532727893 0 0 0
nt@synapse_cleft 3020 -0.0169193516 -0.0133212654 0.00261939215 0 0 0
nt@synapse_cleft 3024 0.0199334307 0.013740563 0.0151008212 0 0 0
nt@synapse_cleft 3026 -0.0126858106 0.00069057376 0.00532082737 0 0 0
nt@synapse_cleft 3042 0.00308593036 0.0108885151 0.0133107929 0 0 0
nt@synapse_cleft 3047 0.0302205621 0.0527458778 0.00337326792 0 0 0
nt@synapse_cleft 3057 0.0114845086 -0.0156615187 0.0183386746 0 0 0
nt@synapse_cleft 3061 -0.00721757527 0.0367830534 0.00633492189 0 0 0
nt@synapse_cleft 3062 -0.00192556701 -0.0141187356 0.00294839812 0 0 0
nt@synapse_cleft 3069 0.0521390067 -0.0345060387 0.0150014652 0 0 0
nt@synapse_cleft 3073 -0.00342602382 0.0443285223 0.00608498774 0 0 0
nt@synapse_cleft 3082 0.0117306688 0.0259028589 0.0171369342 0 0 0
nt@synapse_cleft 3089 -0.000228153941 -0.00953755217 0.00280761548 0 0 0
nt@synapse_cleft 3096 -0.00213452151 0.0364918844 0.00151551718 0 0 0
nt@synapse_cleft 3097 0.0460540991 0.0150099191 0.00284800808 0 0 0
nt@synapse_cleft 3099 -0.014109833 0.0115097959 0.00711637687 0 0 0
nt@synapse_cleft 3111 -0.0128969662 -0.0191132072 0.000666654149 0 0 0
nt@synapse_cleft 3113 -0.0205190066 0.0215066532 0.0185578835 0 0 0
nt@synapse_cleft 3114 0.0268805036 0.0285113755 0.0192892494 0 0 0
nt@synapse_cleft 3122 -0.0102666858 -0.00250548731 0.00552249347 0 0 0
nt@synapse_cleft 3132 -0.0242798324 -0.00416019475 0.0017834531 0 0 0
nt@synapse_cleft 3134 0.0113005785 0.0300762122 0.0168443797 0 0 0
nt@synapse_cleft 3150 0.0343827089 -0.0732683407 0.00739360643 0 0 0
nt@synapse_cleft 3155 -0.00180907435 0.0114672618 0.0161408854 0 0 0
nt@synapse_cleft 3158 -0.0143338703 -0.0126508622 0.00480529757 0 0 0
nt@synapse_cleft 3159 -0.0214877004 0.0144658783 0.0153011759 0 0 0
nt@synapse_cleft 3165 0.0188989457 -0.00647883204 0.0107600955 0 0 0
nt@synapse_cleft 3167 0.00422220692 0.0220353351 0.0101787831 0 0 0
nt@synapse_cleft 3177 0.0231978042 -0.0427067118 0.00776787818 0 0 0
nt@synapse_cleft 3178 -0.0150033773 -0.0163189911 0.00335301497 0 0 0
nt@synapse_cleft 3179 0.0170859248 -0.00731556829 0.00795346529 0 0 0
nt@synapse_cleft 3181 0.0083777086 0.0215052031 0.00147053936 0 0 0
nt@synapse_cleft 3183 0.00394354336 -0.0231689367 0.0168567385 0 0 0
nt@synapse_cleft 3184 0.00420327155 0.0252710894 0.000760437531 0 0 0
nt@synapse_cleft 3185 -0.00724021925 -0.0146111392 0.00232144572 0 0 0
nt@synapse_cleft 3190 0.0182148696 -0.00218332186 0.00360119463 0 0 0
nt@synapse_cleft 3199 -0.0080086243 0.0440268248 0.0159477285 0 0 0
nt@synapse_cleft 3202 -0.000943087605 0.0385400123 0.010805941 0 0 0
nt@synapse_cleft 3207 -0.00746722211 -0.00221512452 0.000740502507 0 0 0
nt@synapse_cleft 3214 -0.00733271781 -0.00166966158 0.0148031281 0 0 0
nt@synapse_cleft 3220 0.00507999845 0.0203850572 0.00896797466 0 0 0
nt@synapse_cleft 3222 -0.0479958211 -0.0144789014 0.00838031668 0 0 0
nt@synapse_cleft 3227 0.00169225648 0.00718508784 0.0112011894 0 0 0
nt@synapse_cleft 3247 0.00823214054 -0.0112263681 0.0141250422 0 0 0
nt@synapse_cleft 3248 -0.0199392088 -0.0299813844 0.0170697472 0 0 0
nt@synapse_cleft 3249 -0.0174397395 0.00045186979 0.00268418498 0 0 0
nt@synapse_cleft 3275 -0.00799911541 -0.0066942531 0.0110687356 0 0 0
nt@synapse_cleft 3304 0.0254498185 0.0776018791 0.00592503711 0 0 0
nt@synapse_cleft 3308 -0.0260683009 0.0346809874 0.00725603578 0 0 0
nt@synapse_cleft 3312 -0.00229302782 -0.010488235 0.000470576907 0 0 0
nt@synapse_cleft 3313 -0.000970845568 -0.0118747805 0.0197642806 0 0 0
nt@synapse_cleft 3316 0.0196907171 0.00140619806 0.0149143254 0 0 0
nt@synapse_cleft 3324 -0.010077255 8.9934319e-05 0.00118398995 0 0 0
nt@synapse_cleft 3326 0.0218158143 -0.0151895016 0.00424996132 0 0 0
nt@synapse_cleft 3327 -0.00341684608 -0.0382795544 0.0130231061 0 0 0
nt@synapse_cleft 3334 0.0192990868 0.000982147373 0.00940020331 0 0 0
nt@synapse_cleft 3335 0.0441896897 0.0126078245 0.00458875211 0 0 0
nt@synapse_cleft 3338 0.00584140118 -0.0363793103 0.0127568155 0 0 0
nt@synapse_cleft 3341 0.0184397557 -0.00767145895 0.00680600688 0 0 0
nt@synapse_cleft 3342 0.0123532715 -0.011089448 0.0114492331 0 0 0
nt@synapse_cleft 3347 0.0200849249 -0.0447102643 0.00787967985 0 0 0
nt@synapse_cleft 3354 -0.010980928 -0.0171369948 0.0101154257 0 0 0
nt@synapse_cleft 3367 0.00965304804 0.0190083388 0.015155432 0 0 0
nt@synapse_cleft 3372 -0.0478407927 -0.0194221825 0.0192417332 0 0 0
nt@synapse_cleft 3375 0.0367760396 0.0238782788 0.0182990743 0 0 0
nt@synapse_cleft 3378 0.0117169888 0.0374989407 0.000114949891 0 0 0
nt@synapse_cleft 3394 -0.00384024856 -0.011813069 0.004359258 0 0 0
nt@synapse_cleft 3401 0.0423254241 -0.000883223419 0.0189021796 0 0 0
nt@synapse_cleft 3402 -0.00482561166 -0.0148593441 0.000137144182 0 0 0
nt@synapse_cleft 3404 0.0221698513 -0.0253633985 0.00406567898 0 0 0
nt@synapse_cleft 3407 0.0151260266 0.0506347164 0.00630227462 0 0 0
nt@synapse_cleft 3413 0.0240452162 0.020733826 0.00130373035 0 0 0
nt@synapse_cleft 3419 -0.0231639051 0.0245415183 0.00175234724 0 0 0
nt@synapse_cleft 3429 0.0454019705 -0.0151056245 0.0189746574 0 0 0
nt@synapse_cleft 3432 0.0570564173 -0.0697375336 0.00360182721 0 0 0
nt@synapse_cleft 3445 0.0136303397 0.0195724651 0.0133786218 0 0 0
nt@synapse_cleft 3451 0.0144018859 0.01167818 0.00522119116 0 0 0
nt@synapse_cleft 3455 0.00171308341 -0.00800027134 0.0141671344 0 0 0
nt@synapse_cleft 3467 -0.0667659367 0.0083430112 0.0103362954 0 0 0
nt@synapse_cleft 3470 0.0203529828 -0.0172015265 0.0155258383 0 0 0
nt@synapse_cleft 3472 -0.013704428 0.0210020353 0.0142389402 0 0 0
nt@synapse_cleft 3474 0.0366005083 -0.000912773368 0.00163234353 0 0 0
nt@synapse_cleft 3482 -0.0640062289 -0.0420297253 0.0130962942 0 0 0
nt@synapse_cleft 3484 -0.00273779199 0.0191092112 0.0110445264 0 0 0
nt@synapse_cleft 3496 0.00308049254 -0.000342031963 0.0136274678 0 0 0
nt@synapse_cleft 3500 0.0214633427 -0.0375753671 0.0121270736 0 0 0
nt@synapse_cleft 3507 -0.0122205993 -0.0035828875 0.01636034 0 0 0
nt@synapse_cleft 3511 0.0176447093 -0.0200625286 0.00679370762 0 0 0
nt@synapse_cleft 3514 -0.001367056 -0.00711957314 0.0108528821 0 0 0
nt@synapse_cleft 3519 0.0404073315 -0.0338746456 0.012983745 0 0 0
nt@synapse_cleft 3525 -0.00755104998 -0.0218119934 0.0128437357 0 0 0
nt@synapse_cleft 3526 0.0171808855 -0.0465765687 0.00330621027 0 0 0
nt@synapse_cleft 3535 0.00823144157 0.00263387849 0.00324804118 0 0 0
nt@synapse_cleft 3536 -0.00118353738 0.00977195174 0.0152978855 0 0 0
nt@synapse_cleft 3538 -0.0269668648 0.0149830125 0.00563282304 0 0 0
nt@synapse_cleft 3542 0.00255092379 0.0421873736 0.00853959047 0 0 0
nt@synapse_cleft 3543 -0.0171740826 -0.0111457428 0.00261331085 0 0 0
nt@synapse_cleft 3546 0.00282284225 0.0168262636 0.0112311703 0 0 0
nt@synapse_cleft 3561 -0.0156887759 0.00926089346 0.0105953579 0 0 0
nt@synapse_cleft 3562 -0.0656121516 -0.00591264551 0.00802722534 0 0 0
nt@synapse_cleft 3563 0.0122189373 -0.0108567146 0.0149445351 0 0 0
nt@synapse_cleft 3565 0.0289768361 -0.0293384344 0.00271292405 0 0 0
nt@synapse_cleft 3566 0.000469511536 0.0539004536 0.000689761852 0 0 0
nt@synapse_cleft 3567 0.0059119342 0.00319748622 0.0115415697 0 0 0
nt@synapse_cleft 3568 0.0324562384 -0.0385752954 0.0108974088 0 0 0
nt@synapse_cleft 3575 -0.0160843442 0.00585304902 0.00136104707 0 0 0
nt@synapse_cleft 3576 0.0491898375 -0.0039514062 0.00248918611 0 0 0
nt@synapse_cleft 3579 -0.00232817491 -0.0163596553 0.00703479732 0 0 0
nt@synapse_cleft 3583 -0.0120148858 0.00562390051 0.00959779267 0 0 0
nt@synapse_cleft 3592 0.034868624 0.0384816281 0.0190640126 0 0 0
nt@synapse_cleft 3602 -0.0315398153 -0.0114358119 0.011491343 0 0 0
nt@synapse_cleft 3603 -0.0124190084 0.0268245798 0.0116709368 0 0 0
nt@synapse_cleft 3606 -0.0122676121 -0.00294899954 0.0118309653 0 0 0
nt@synapse_cleft 3610 -0.00505855151 0.00589817954 0.0033501793 0 0 0
nt@synapse_cleft 3611 0.00895271267 -0.00374481474 0.0113526716 0 0 0
nt@synapse_cleft 3616 -0.031881357 0.0404702399 0.0168165808 0 0 0
nt@synapse_cleft 3617 0.00513781436 -0.0543835236 0.017912259 0 0 0
nt@synapse_cleft 3620 0.00572680294 0.0242890016 0.0143620467 0 0 0
nt@synapse_cleft 3625 0.025987223 -0.00125098445 0.0107861941 0 0 0
nt@synapse_cleft 3630 0.0177971977 0.0205777062 0.0122819583 0 0 0
nt@synapse_cleft 3635 -0.00417609142 0.0138030106 0.00598766808 0 0 0
nt@synapse_cleft 3636 -0.0224756763 -0.00154409525 0.0151907381 0 0 0
nt@synapse_cleft 3645 0.00474359857 -0.0253933892 0.000516360757 0 0 0
nt@synapse_cleft 3658 0.0158890727 -0.0220280448 0.00857277704 0 0 0
nt@synapse_cleft 3661 0.0294313521 0.0125887615 0.0191216192 0 0 0
nt@synapse_cleft 3664 0.0512198313 -0.0261914597 0.00385896062 0 0 0
nt@synapse_cleft 3667 -0.0284084442 0.00641091244 0.010635602 0 0 0
nt@synapse_cleft 3670 0.0251302159 -0.020216298 0.0181893772 0 0 0
nt@synapse_cleft 3681 0.0361339541 -0.0166239124 0.00874717567 0 0 0
nt@synapse_cleft 3689 -0.00438695223 -0.0172332948 0.0172719327 0 0 0
nt@synapse_cleft 3690 0.0246841995 -0.0158566431 0.0197977707 0 0 0
nt@synapse_cleft 3693 -0.0619009037 -0.0435880953 0.00965475078 0 0 0
nt@synapse_cleft 3706 0.0274554351 -0.000929141611 0.0130321924 0 0 0
nt@synapse_cleft 3707 -0.0408235012 -0.00964407185 0.0134838368 0 0 0
nt@synapse_cleft 3713 0.0217257688 -0.0153571919 0.0142521969 0 0 0
nt@synapse_cleft 3714 -0.0513666258 -0.0064127845 0.0102651063 0 0 0
nt@synapse_cleft 3726 0.0023253705 -0.0680659291 0.00997602417 0 0 0
nt@synapse_cleft 3728 -0.00196783291 0.0371003519 0.00471576276 0 0 0
nt@synapse_cleft 3730 0.0281202654 0.025869119 0.0149723037 0 0 0
nt@synapse_cleft 3731 0.000818594073 0.00493863443 0.0178964446 0 0 0
nt@synapse_cleft 3737 0.00623897324 0.016605684 0.0148029834 0 0 0
nt@synapse_cleft 3738 -0.00882206432 0.0269490154 0.0119915392 0 0 0
nt@synapse_cleft 3739 0.0176899297 0.0546717423 0.00834889979 0 0 0
nt@synapse_cleft 3745 -0.000866725851 0.0158704571 0.0116053736 0 0 0
nt@synapse_cleft 3751 -0.00107985086 0.00147265043 0.00985197595 0 0 0
nt@synapse_cleft 3758 -0.0269825648 -0.0326160716 0.00387223118 0 0 0
nt@synapse_cleft 3759 -0.0088243971 -0.02297459 0.0062920828 0 0 0
nt@synapse_cleft 3760 -0.0154840507 0.0345261989 0.00323903624 0 0 0
nt@synapse_cleft 3763 0.0462951684 0.0430277523 0.0152165006 0 0 0
nt@synapse_cleft 3768 0.00852487755 -0.0239866026 0.00915111434 0 0 0
nt@synapse_cleft 3770 0.0150147395 0.00776228674 0.016306497 0 0 0
nt@synapse_cleft 3771 0.0117541632 -0.0065070479 0.0196161546 0 0 0
nt@synapse_cleft 3775 0.00646708568 0.00354968392 0.0189866363 0 0 0
nt@synapse_cleft 3783 -0.0188704621 -0.0181639408 0.0130481469 0 0 0
nt@synapse_cleft 3788 -0.0289673329 -0.00996190926 0.00434719679 0 0 0
nt@synapse_cleft 3793 -0.0161053636 -0.0143706457 0.00330858508 0 0 0
nt@synapse_cleft 3800 0.0286877329 -0.00342414943 0.00190309815 0 0 0
nt@synapse_cleft 3802 0.0229137701 0.0139167938 0.0093488756 0 0 0
nt@synapse_cleft 3811 -0.0311498323 -0.00636389798 0.0165377764 0 0 0
nt@synapse_cleft 3827 0.00407823273 0.0325030834 0.00379076173 0 0 0
nt@synapse_cleft 3831 -0.00228119689 -0.0320418793 0.000680607678 0 0 0
nt@synapse_cleft 3834 0.0423801617 -0.0321825464 0.0178957585 0 0 0
nt@synapse_cleft 3835 0.0232423275 -0.0353011413 0.00987436055 0 0 0
nt@synapse_cleft 3841 0.0188863586 -0.0272680786 0.0115586843 0 0 0
nt@synapse_cleft 3844 -0.00252218689 -0.00511704448 0.0063259496 0 0 0
nt@synapse_cleft 3846 -0.0164579982 0.0162293823 0.000327985628 0 0 0
nt@synapse_cleft 3848 0.024281258 0.0174115486 0.0164093757 0 0 0
nt@synapse_cleft 3850 -0.0345887387 0.0100839029 0.00751250661 0 0 0
nt@synapse_cleft 3859 0.057260761 -0.00130655461 0.0149653419 0 0 0
nt@synapse_cleft 3879 0.022679243 -0.0395693853 0.00362755871 0 0 0
nt@synapse_cleft 3886 0.0173344777 0.0409461778 0.0157863457 0 0 0
nt@synapse_cleft 3891 0.00127335575 -0.019305932 0.00806189974 0 0 0
nt@synapse_cleft 3902 -0.0154448445 0.00561974655 0.016482866 0 0 0
nt@synapse_cleft 3907 -0.0239771245 -0.0196058071 0.00976276172 0 0 0
nt@synapse_cleft 3909 0.00935836633 0.0331789331 0.00534822208 0 0 0
nt@synapse_cleft 3917 -0.007833547 -0.023041307 0.0089783269 0 0 0
nt@synapse_cleft 3918 -0.00756859142 -0.00998063329 0.0107348702 0 0 0
nt@synapse_cleft 3921 0.0192825617 0.0357015709 0.0121022061 0 0 0
nt@synapse_cleft 3927 0.000463767498 0.0349900084 0.0026639011 0 0 0
nt@synapse_cleft 3932 0.0191561557 -0.0165164731 0.0118873055 0 0 0
nt@synapse_cleft 3941 -0.0239152171 0.015753978 0.00732558802 0 0 0
nt@synapse_cleft 3949 -0.0285787676 0.0110118447 0.00455808075 0 0 0
nt@synapse_cleft 3952 -0.0264584652 0.00735384863 0.0117046754 0 0 0
nt@synapse_cleft 3953 0.015347407 -0.0144477009 0.00613788348 0 0 0
nt@synapse_cleft 3956 -0.0183131423 -0.0189403365 0.0098174252 0 0 0
nt@synapse_cleft 3957 0.0310865769 -0.00857167544 0.0173688346 0 0 0
nt@synapse_cleft 3958 0.0210680784 0.0142747931 0.0109101651 0 0 0
nt@synapse_cleft 3962 -0.033440192 0.0182217942 0.00596899902 0 0 0
nt@synapse_cleft 3963 0.021153514 0.0380593489 0.0185086234 0 0 0
nt@synapse_cleft 3965 -0.0271010892 -0.00748041131 0.0132016913 0 0 0
nt@synapse_cleft 3967 0.016485343 -0.0186049862 0.00132119263 0 0 0
nt@synapse_cleft 3968 0.00932358993 -0.00646888943 0.0170072896 0 0 0
nt@synapse_cleft 3973 0.0176209841 -0.0186165479 0.0192927297 0 0 0
nt@synapse_cleft 3974 -0.0265890691 0.0415356834 0.00370459595 0 0 0
nt@synapse_cleft 3977 -0.00339468768 0.028691721 0.00502276039 0 0 0
nt@synapse_cleft 3978 0.0198565396 -0.000362634524 0.00825043258 0 0 0
nt@synapse_cleft 3983 -0.0232645635 -0.0328347193 0.00206557459 0 0 0
nt@synapse_cleft 3988 -0.00083155753 -0.0295121098 0.0077349666 0 0 0
nt@synapse_cleft 3989 0.0488269593 -0.0019534535 0.00841597803 0 0 0
nt@synapse_cleft 3991 0.0827817385 -0.0313545533 0.00205086157 0 0 0
nt@synapse_cleft 3993 -0.0417538342 0.00984092155 0.0149458988 0 0 0
nt@synapse_cleft 3997 -0.0624560274 -0.00298844776 0.0123055434 0 0 0
nt@synapse_cleft 3999 -0.0506578027 -0.00404679004 0.0193058044 0 0 0
nt@synapse_cleft 4011 0.0144086338 0.0138689014 0.00257806305 0 0 0
nt@synapse_cleft 4018 0.00531448115 0.0125467883 0.0131351595 0 0 0
nt@synapse_cleft 4024 -0.0140644441 0.0386189258 0.00118774143 0 0 0
nt@synapse_cleft 4025 -0.0367448698 -0.0133493685 0.00250958752 0 0 0
nt@synapse_cleft 4027 0.0100295139 -0.0218803621 0.00744066714 0 0 0
nt@synapse_cleft 4028 -0.0184559136 0.027530845 0.0179276357 0 0 0
nt@synapse_cleft 4037 -0.0230404568 0.0288130874 0.0123162173 0 0 0
nt@synapse_cleft 4040 0.00763279376 0.0232187938 0.0173321311 0 0 0
nt@synapse_cleft 4047 -0.00686389749 0.0148997423 0.00758378503 0 0 0
nt@synapse_cleft 4049 0.0324055866 0.000556766778 0.0187436598 0 0 0
nt@synapse_cleft 4051 0.0104820938 0.0174299428 0.0164405718 0 0 0
nt@synapse_cleft 4064 0.00976382403 0.00960377977 0.00968110175 0 0 0
nt@synapse_cleft 4070 -0.00667926713 0.0126146446 0.00542018469 0 0 0
nt@synapse_cleft 4071 -0.0354036311 -0.0420509268 0.0158021512 0 0 0
nt@synapse_cleft 4087 -0.0033494922 0.0317091504 0.00380522722 0 0 0
nt@synapse_cleft 4094 0.0365825368 -0.0314902915 0.00284973752 0 0 0
nt@synapse_cleft 4095 0.0303796765 0.0125529913 0.012157682 0 0 0
nt@synapse_cleft 4099 -0.00659484866 0.0240972515 0.00065448393 0 0 0
nt@synapse_cleft 4102 0.0262758948 -0.0336100566 0.0108532455 0 0 0
nt@synapse_cleft 4103 -0.010480795 -0.00710707931 0.000778674252 0 0 0
nt@synapse_cleft 4106 0.0238462054 0.0119468272 0.00992011944 0 0 0
nt@synapse_cleft 4111 0.0584887845 0.00655193723 0.00504066458 0 0 0
nt@synapse_cleft 4115 -0.00591970585 0.019919669 0.0157589749 0 0 0
nt@synapse_cleft 4116 0.0120728286 0.00345812727 0.0100946933 0 0 0
nt@synapse_cleft 4119 0.0165265116 -0.0258550704 0.0136681783 0 0 0
nt@synapse_cleft 4123 -0.00520623869 0.0159052559 0.0165354015 0 0 0
nt@synapse_cleft 4126 0.0195380882 -0.0238317946 0.00631144164 0 0 0
nt@synapse_cleft 4129 -0.0147887596 0.00124624359 0.0169057786 0 0 0
nt@synapse_cleft 4131 -0.0242525068 0.0239277056 0.0177987536 0 0 0
nt@synapse_cleft 4132 0.0197992424 0.0239704016 0.0165862008 0 0 0
nt@synapse_cleft 4135 -0.00355260607 -0.00822417133 0.00229524923 0 0 0
nt@synapse_cleft 4144 0.0262463913 -0.00798193359 0.0109008478 0 0 0
nt@synapse_cleft 4150 -0.0478978748 -0.059437408 0.00891319349 0 0 0
nt@synapse_cleft 4153 0.00502028519 -0.0124472564 0.0067780152 0 0 0
nt@synapse_cleft 4155 0.0161184644 -0.0531706187 0.0144662127 0 0 0
nt@synapse_cleft 4156 0.0277216018 -0.00369909817 0.0110235176 0 0 0
nt@synapse_cleft 4157 0.0152890127 0.0153808257 0.0185475028 0 0 0
nt@synapse_cleft 4158 -0.00027945807 -0.00476720422 0.0120539745 0 0 0
nt@synapse_cleft 4162 0.029686477 -0.0212875097 0.00446281939 0 0 0
nt@synapse_cleft 4163 -0.00522598247 0.0314626882 0.0020458992 0 0 0
nt@synapse_cleft 4170 -0.0525377653 0.00251938117 0.011889229 0 0 0
nt@synapse_cleft 4177 -0.0488103338 0.065552083 0.0154180721 0 0 0
nt@synapse_cleft 4178 -0.012249828 -0.0360340684 0.000930924892 0 0 0
nt@synapse_cleft 4184 -0.00543178025 -0.0107450518 0.00786013726 0 0 0
nt@synapse_cleft 4187 -0.0286760223 -0.0116266542 0.0193105894 0 0 0
nt@synapse_cleft 4193 -0.0120517732 -0.035912022 0.0113676813 0 0 0
nt@synapse_cleft 4196 -0.0219100929 -0.00234923702 0.00263299797 0 0 0
nt@synapse_cleft 4210 0.0200816212 0.000344436885 0.0137578891 0 0 0
nt@synapse_cleft 4214 -0.0364094527 0.000824629784 0.0171389393 0 0 0
nt@synapse_cleft 4215 0.025589324 -0.0558472275 0.00737301016 0 0 0
nt@synapse_cleft 4220 0.000126964784 -0.0233993638 0.0165513675 0 0 0
nt@synapse_cleft 4228 0.0338642477 -0.0100036611 0.0105481241 0 0 0
nt@synapse_cleft 4230 -0.0192135737 0.0401673776 0.00989191178 0 0 0
nt@synapse_cleft 4233 0.0258050922 0.0142592097 0.00792446623 0 0 0
nt@synapse_cleft 4234 -7.93315773e-05 -0.0135765986 0.00468540281 0 0 0
nt@synapse_cleft 4236 0.00177109702 0.0224709686 0.0182514274 0 0 0
nt@synapse_cleft 4237 0.00635842154 -0.0183476367 0.0153997619 0 0 0
nt@synapse_cleft 4241 -0.0457048035 0.0141139045 0.0114150637 0 0 0
nt@synapse_cleft 4242 0.0224799767 -0.0165140206 0.0144672946 0 0 0
nt@synapse_cleft 4252 0.0428968327 -0.00202025538 0.0128768418 0 0 0
nt@synapse_cleft 4254 -0.0121412497 0.0344739028 0.00242503877 0 0 0
nt@synapse_cleft 4255 -0.0260568914 -0.0418051275 0.0177257712 0 0 0
nt@synapse_cleft 4271 0.010208158 -0.0142128265 0.0183250648 0 0 0
nt@synapse_cleft 4279 0.0081634076 -0.0363010159 0.0186905192 0 0 0
nt@synapse_cleft 4283 -0.0247167946 -0.00528429226 0.0077254412 0 0 0
nt@synapse_cleft 4284 0.0486852888 -0.0180579529 0.0161133309 0 0 0
nt@synapse_cleft 4285 -0.0350496705 0.048497177 0.00724516416 0 0 0
nt@synapse_cleft 4288 0.0243463389 -0.026356049 0.0189692549 0 0 0
nt@synapse_cleft 4293 -0.00247360679 -0.0191278329 0.0119933172 0 0 0
nt@synapse_cleft 4297 0.0311687565 -0.0157170001 4.59954152e-05 0 0 0
nt@synapse_cleft 4301 0.00979545929 -0.00813362424 0.0071723802 0 0 0
nt@synapse_cleft 4312 -0.0216864617 -0.032649367 0.019976516 0 0 0
nt@synapse_cleft 4317 -0.0124314146 0.0390562153 0.00422183415 0 0 0
nt@synapse_cleft 4326 0.0255372606 -0.0107900538 0.0132455072 0 0 0
nt@synapse_cleft 4330 -0.0190647091 0.00453807391 0.0152914983 0 0 0
nt@synapse_cleft 4334 0.00607505669 0.00610452008 0.00173948965 0 0 0
nt@synapse_cleft 4339 0.00107071914 -0.012968926 0.0101933527 0 0 0
nt@synapse_cleft 4343 -0.0227451531 -0.037502024 0.00743004953 0 0 0
nt@synapse_cleft 4346 0.0034740287 -0.00407081351 0.0167945507 0 0 0
nt@synapse_cleft 4351 0.0426377566 0.00916194138 0.00270226969 0 0 0
nt@synapse_cleft 4359 0.0241882534 0.0216393705 0.00699973793 0 0 0
nt@synapse_cleft 4360 0.0257597766 0.00874481185 0.0195613628 0 0 0
nt@synapse_cleft 4363 -0.0440387517 0.012350654 0.0131145877 0 0 0
nt@synapse_cleft 4365 0.0141625742 0.0252730156 0.00842795566 0 0 0
nt@synapse_cleft 4372 -0.00286558872 -0.0236065363 0.00317551854 0 0 0
nt@synapse_cleft 4374 -0.0210271293 -0.0151968618 0.0160505643 0 0 0
nt@synapse_cleft 4376 -0.0200057454 -0.000820350979 0.00172460156 0 0 0
nt@synapse_cleft 4381 -0.00951773245 -0.0353334607 0.00400194668 0 0 0
nt@synapse_cleft 4386 -0.0178586464 -0.034080913 0.00290121556 0 0 0
nt@synapse_cleft 4391 0.0280953974 -0.0302775737 0.00917266863 0 0 0
nt@synapse_cleft 4392 -0.00625240627 -0.00241339594 0.00959060262 0 0 0
nt@synapse_cleft 4394 0.0120431055 -0.003890697 0.00457110878 0 0 0
nt@synapse_cleft 4395 0.0310983351 -0.0338004054 0.0166166024 0 0 0
nt@synapse_cleft 4396 0.00899030929 -0.049637395 0.00383803416 0 0 0
nt@synapse_cleft 4398 -0.00768591662 0.0117857044 0.0176615822 0 0 0
nt@synapse_cleft 4399 0.0271218424 0.0393885029 0.0157915127 0 0 0
nt@synapse_cleft 4403 -0.0180121975 -0.014026763 0.0172414699 0 0 0
nt@synapse_cleft 4405 -0.0344521454 -0.0183013442 0.00852942565 0 0 0
nt@synapse_cleft 4414 0.00180937566 -0.023135096 0.000494726248 0 0 0
nt@synapse_cleft 4416 -0.00895421165 3.75876832e-05 0.019156964 0 0 0
nt@synapse_cleft 4423 0.028145523 -0.0105717723 0.0179607051 0 0 0
nt@synapse_cleft 4424 -0.0286376906 -0.0154392225 0.00206807517 0 0 0
nt@synapse_cleft 4430 -0.00435184368 0.0089291907 0.00214508765 0 0 0
nt@synapse_cleft 4431 0.0275041063 -0.0222063127 0.00328483196 0 0 0
nt@synapse_cleft 4434 0.0221398548 -0.0287271645 0.0190495585 0 0 0
nt@synapse_cleft 4436 0.0158214585 0.0221125447 0.0117579849 0 0 0
nt@synapse_cleft 4446 0.00313178489 0.0427554625 0.0199952099 0 0 0
nt@synapse_cleft 4449 0.0244082798 0.0547369234 0.016717832 0 0 0
nt@synapse_cleft 4464 0.00479005034 -0.0240183254 0.0199960702 0 0 0
nt@synapse_cleft 4470 -0.00642084422 -0.0331485815 0.014430017 0 0 0
nt@synapse_cleft 4473 -0.00612122925 -0.00593026443 0.00769572696 0 0 0
nt@synapse_cleft 4478 -0.0137371779 0.0225993216 0.0198816937 0 0 0
nt@synapse_cleft 4480 0.011184665 0.0344137341 0.0163930888 0 0 0
nt@synapse_cleft 4482 -0.0286388093 -3.63203061e-06 1.07573831e-05 0 0 0
nt@synapse_cleft 4485 0.0209815093 -0.00664110198 0.00987023109 0 0 0
nt@synapse_cleft 4488 0.0243542187 -0.00296432799 0.016452207 0 0 0
nt@synapse_cleft 4489 0.0107235621 -0.0093060384 0.00243478568 0 0 0
nt@synapse_cleft 4496 -0.0513991417 0.0405398889 3.10868944e-05 0 0 0
nt@synapse_cleft 4499 -0.0143431526 0.0192503876 0.0177138661 0 0 0
nt@synapse_cleft 4501 0.0069748828 0.00918891947 0.0161481511 0 0 0
nt@synapse_cleft 4514 -0.00228954339 0.0187242919 0.013502417 0 0 0
nt@synapse_cleft 4517 -0.0398720455 0.0196857527 0.0112844534 0 0 0
nt@synapse_cleft 4524 -0.00353263214 -0.038989978 0.0192425507 0 0 0
nt@synapse_cleft 4527 0.0267358114 -0.0165778315 0.0190749275 0 0 0
nt@synapse_cleft 4538 -0.0391798407 -0.0359779743 0.00981042559 0 0 0
nt@synapse_cleft 4542 0.0126544518 0.0299954902 0.000489031946 0 0 0
nt@synapse_cleft 4545 -0.0298524015 0.0299268033 0.019127381 0 0 0
nt@synapse_cleft 4551 -0.00880503129 0.0221398235 0.0163338149 0 0 0
nt@synapse_cleft 4553 -0.0278682146 0.00545554763 0.0116600508 0 0 0
nt@synapse_cleft 4559 -0.0205034487 0.0397556327 0.0183912424 0 0 0
nt@synapse_cleft 4565 -0.039375082 -0.0136146133 0.010981952 0 0 0
nt@synapse_cleft 4572 0.000697038704 -0.00304950788 0.00395395318 0 0 0
nt@synapse_cleft 4574 0.035896898 -0.0214256348 0.00355646142 0 0 0
nt@synapse_cleft 4576 -0.0396187688 -0.0268227944 0.00595033605 0 0 0
nt@synapse_cleft 4583 -0.0112128813 -0.0055417899 0.00325095173 0 0 0
nt@synapse_cleft 4587 0.0270372723 0.00370858886 0.0104448673 0 0 0
nt@synapse_cleft 4590 -0.0404015964 -0.0219717643 0.0167788153 0 0 0
nt@synapse_cleft 4593 -0.040622315 0.0482109587 0.0102829401 0 0 0
nt@synapse_cleft 4594 0.00314565552 0.00467596914 0.0122313396 0 0 0
nt@synapse_cleft 4595 0.0317757803 -0.0320662799 0.0119267577 0 0 0
nt@synapse_cleft 4600 -0.0326935273 0.00730222892 0.0016314348 0 0 0
nt@synapse_cleft 4613 0.0601524324 0.00396135403 0.00574759645 0 0 0
nt@synapse_cleft 4620 0.00433501576 -0.0079561245 0.017600146 0 0 0
nt@synapse_cleft 4622 0.0522279226 0.0411046655 0.00671283229 0 0 0
nt@synapse_cleft 4624 0.0141864613 -0.022510799 0.0122154325 0 0 0
nt@synapse_cleft 4626 0.0226853554 0.0015325735 0.0187112132 0 0 0
nt@synapse_cleft 4628 0.00301947351 0.00909448484 0.0107059692 0 0 0
nt@synapse_cleft 4654 0.0108784402 -0.0270300506 0.0101418489 0 0 0
nt@synapse_cleft 4658 -0.0290023236 0.0257971015 0.00015405475 0 0 0
nt@synapse_cleft 4659 -0.0442533281 0.0217262271 0.0184715192 0 0 0
nt@synapse_cleft 4660 0.0350840197 -0.0283042961 0.00505506827 0 0 0
nt@synapse_cleft 4661 0.00470926 -0.0385507339 0.0114832138 0 0 0
nt@synapse_cleft 4664 0.00310888733 -0.0108490605 0.0036260505 0 0 0
nt@synapse_cleft 4666 0.0665361277 0.0198005475 0.0167385882 0 0 0
nt@synapse_cleft 4671 -0.0024501309 -0.0166930759 0.00278555166 0 0 0
nt@synapse_cleft 4681 0.00535942276 -0.0247670701 0.00837695018 0 0 0
nt@synapse_cleft 4687 0.00183181488 -4.68126619e-05 0.012879968 0 0 0
nt@synapse_cleft 4699 -0.0323564766 0.0125387691 0.00181762839 0 0 0
nt@synapse_cleft 4700 -0.0358360642 0.060150715 0.013440633 0 0 0
nt@synapse_cleft 4701 0.0225683023 0.0201666303 0.0130274861 0 0 0
nt@synapse_cleft 4706 0.0129112827 -0.00999285465 0.000371423052 0 0 0
nt@synapse_cleft 4709 -0.00184293314 0.00381005757 0.0053916591 0 0 0
nt@synapse_cleft 4710 -0.0194264108 -0.0458672337 0.00284914707 0 0 0
nt@synapse_cleft 4718 0.0523445885 0.0136976592 0.00689860928 0 0 0
nt@synapse_cleft 4732 -0.00716593826 0.0191345214 0.0134030828 0 0 0
nt@synapse_cleft 4736 0.0107479747 0.00268804724 0.00126536519 0 0 0
nt@synapse_cleft 4746 -0.0440096453 -0.0124445327 0.0166282842 0 0 0
nt@synapse_cleft 4750 0.00744821727 -0.0652296761 0.00269165124 0 0 0
nt@synapse_cleft 4753 -0.0109672633 0.00291895945 0.0106692857 0 0 0
nt@synapse_cleft 4754 -0.00894047679 0.00555360114 0.0102910386 0 0 0
nt@synapse_cleft 4756 -0.0185470182 0.0166889009 0.0124853218 0 0 0
nt@synapse_cleft 4758 -0.0459696423 0.0169035344 0.0157084691 0 0 0
nt@synapse_cleft 4764 0.0141076096 -0.00893663563 0.000198975925 0 0 0
nt@synapse_cleft 4767 -0.00599608305 0.0247532055 0.000208104506 0 0 0
nt@synapse_cleft 4779 0.0293441997 -0.0256581021 0.00384207524 0 0 0
nt@synapse_cleft 4784 0.0233642507 0.013233276 0.0185169389 0 0 0
nt@synapse_cleft 4786 -0.015366904 0.00932152783 0.00328840633 0 0 0
nt@synapse_cleft 4791 0.0459682457 -0.0126253828 0.00925220987 0 0 0
nt@synapse_cleft 4793 -0.0379541986 0.0146307656 0.0186542303 0 0 0
nt@synapse_cleft 4800 0.0161098638 -0.0064914143 0.00126636962 0 0 0
nt@synapse_cleft 4801 -0.0213534454 0.00686170186 0.0107494714 0 0 0
nt@synapse_cleft 4809 -0.0375778906 -0.0445553996 0.0197832236 0 0 0
nt@synapse_cleft 4814 -0.027597687 0.0292489299 0.0104621049 0 0 0
nt@synapse_cleft 4816 -0.0348725101 -0.0172137028 0.0131437949 0 0 0
nt@synapse_cleft 4822 -0.00908126678 -0.0226766729 0.0152372675 0 0 0
nt@synapse_cleft 4823 -0.00373152227 0.0207558435 0.0194383943 0 0 0
nt@synapse_cleft 4824 0.000392774018 -0.0300875798 0.00155781152 0 0 0
nt@synapse_cleft 4829 0.0260426745 -0.0658965928 0.00606983787 0 0 0
nt@synapse_cleft 4830 -0.0143814077 0.0110198397 0.0161205418 0 0 0
nt@synapse_cleft 4833 -0.00926557596 -0.0268750685 0.0141473389 0 0 0
nt@synapse_cleft 4839 0.00213091689 -0.00607756438 0.00800409189 0 0 0
nt@synapse_cleft 4844 0.0617829882 -0.0116450472 0.0134431019 0 0 0
nt@synapse_cleft 4852 -0.0275686521 -0.0162334636 0.00678040551 0 0 0
nt@synapse_cleft 4855 0.0243086917 0.00693588468 0.0139748272 0 0 0
nt@synapse_cleft 4869 -0.0387191353 0.0132116726 0.00918238999 0 0 0
nt@synapse_cleft 4871 0.0218170136 0.012626577 0.00277641472 0 0 0
nt@synapse_cleft 4880 -0.0137928027 -0.0230775423 0.00513938719 0 0 0
nt@synapse_cleft 4882 -0.0120269096 -0.025880571 0.00222025217 0 0 0
nt@synapse_cleft 4883 -0.0350522936 0.001760135 0.0104340986 0 0 0
nt@synapse_cleft 4891 0.0078820556 -0.0133457729 0.00411210219 0 0 0
nt@synapse_cleft 4892 -0.0208831054 0.0188645486 0.0191915462 0 0 0
nt@synapse_cleft 4896 -0.0209195614 -0.0209944809 0.0102889871 0 0 0
nt@synapse_cleft 4897 0.0347104654 -0.0210287477 0.0144229184 0 0 0
nt@synapse_cleft 4901 0.00848861856 0.00799250076 0.00257523555 0 0 0
nt@synapse_cleft 4905 -0.0176648394 -0.0133640425 0.00925451625 0 0 0
nt@synapse_cleft 4906 5.20838871e-05 -0.0269960255 0.00636748757 0 0 0
nt@synapse_cleft 4918 -0.00950011995 0.0224672695 0.0181262801 0 0 0
nt@synapse_cleft 4919 0.0134502985 0.00833368459 0.0117903067 0 0 0
nt@synapse_cleft 4925 0.00405579811 0.00150438616 0.010109451 0 0 0
nt@synapse_cleft 4928 0.000119147673 0.0600633675 0.00334214081 0 0 0
nt@synapse_cleft 4931 0.0131631529 -0.0113217296 0.0185330296 0 0 0
nt@synapse_cleft 4937 -0.0507171488 0.00427405834 0.000333887898 0 0 0
nt@synapse_cleft 4946 -0.0169946356 0.0274852346 0.0116879377 0 0 0
nt@synapse_cleft 4956 0.0278211159 -0.00259842597 0.00560811014 0 0 0
nt@synapse_cleft 4967 -0.0125364318 0.00527223186 0.0061537973 0 0 0
nt@synapse_cleft 4972 0.0310257583 -0.0134742247 0.0102072582 0 0 0
nt@synapse_cleft 4973 -0.00151650522 0.0482729214 0.0195801079 0 0 0
nt@synapse_cleft 4979 0.00147748946 -0.0108389329 0.00945460001 0 0 0
nt@synapse_cleft 4980 0.00536614153 0.00356303687 0.015285539 0 0 0
nt@synapse_cleft 4981 0.00899412144 -0.0307037603 0.0112226856 0 0 0
nt@synapse_cleft 4982 0.00919727918 -0.00748275783 0.0166337249 0 0 0
nt@synapse_cleft 4983 -0.0220056845 0.0270745749 0.00128437553 0 0 0
nt@synapse_cleft 4988 0.0182400866 -0.0208601511 0.00334315267 0 0 0
nt@synapse_cleft 4989 -0.00750887027 -0.0161380456 0.0160042784 0 0 0
nt@synapse_cleft 4991 -0.0041709858 -0.0108157897 0.0116740756 0 0 0
nt@synapse_cleft 5004 -0.0224287806 0.0161055511 0.00232399883 0 0 0
nt@synapse_cleft 5006 0.0013944034 -0.00849509921 0.0011822372 0 0 0
nt@synapse_cleft 5009 -0.0300811202 0.0216249429 0.0014518741 0 0 0
nt@synapse_cleft 5011 -0.0173475748 -0.0155221969 0.00820817668 0 0 0
nt@synapse_cleft 5015 -0.0169534333 -0.0179667006 0.0113115324 0 0 0
nt@synapse_cleft 5024 -0.00658359164 -0.00514279836 0.01136051 0 0 0
nt@synapse_cleft 5044 -0.0321756695 0.00227461255 0.0118241702 0 0 0
nt@synapse_cleft 5045 0.0343238139 0.0340394223 0.0135669055 0 0 0
nt@synapse_cleft 5046 7.91996725e-05 -0.00987498932 0.0062985217 0 0 0
nt@synapse_cleft 5052 -0.00428011997 -0.00773788678 0.007515747 0 0 0
nt@synapse_cleft 5055 -0.0103513594 0.0182783653 0.00680376364 0 0 0
nt@synapse_cleft 5059 -0.0377245615 0.0315135711 0.0198754581 0 0 0
nt@synapse_cleft 5061 0.0205104888 -0.02507054 0.00572196086 0 0 0
nt@synapse_cleft 5063 -0.0313105756 0.0248014744 0.0161426732 0 0 0
nt@synapse_cleft 5077 0.0489408156 -0.013549449 0.0109434846 0 0 0
nt@synapse_cleft 5081 0.00736944287 0.0167000446 0.0026213519 0 0 0
nt@synapse_cleft 5082 0.00258806995 0.052670861 0.000884859582 0 0 0
nt@synapse_cleft 5086 0.0198912327 0.0384573593 0.00502779513 0 0 0
nt@synapse_cleft 5106 0.00212403049 -0.0165193342 0.00528134153 0 0 0
nt@synapse_cleft 5133 -0.0140963142 0.027746638 0.0139028577 0 0 0
nt@synapse_cleft 5145 0.0269456331 0.0351323845 0.0157462222 0 0 0
nt@synapse_cleft 5154 0.0067893334 0.0239747083 0.0194976585 0 0 0
nt@synapse_cleft 5159 -0.0335079049 -0.0105286842 0.00853788828 0 0 0
nt@synapse_cleft 5163 0.00700216772 0.0125141972 0.0175459179 0 0 0
nt@synapse_cleft 5164 0.0102516046 -0.00215684184 0.00879223495 0 0 0
nt@synapse_cleft 5173 -0.0398007345 -0.00677248472 0.016490694 0 0 0
nt@synapse_cleft 5176 -0.0257991512 0.0579442829 0.0197597466 0 0 0
nt@synapse_cleft 5179 0.0289956553 0.0105173202 0.00521615485 0 0 0
nt@synapse_cleft 5182 0.0476468763 0.00936430523 0.00841663003 0 0 0
nt@synapse_cleft 5183 0.0406613985 0.00758922268 0.0175810494 0 0 0
nt@synapse_cleft 5193 0.0273421588 0.00692558538 0.0194270348 0 0 0
nt@synapse_cleft 5196 0.000215906206 -0.00581681052 0.0174453341 0 0 0
nt@synapse_cleft 5198 -0.00571496789 -0.0291206989 0.00576972697 0 0 0
