nt@synapse_cleft 0 0.00734772626 -0.00982612826 0.0161299558 0 0 0
nt@synapse_cleft 2 -0.03494748 0.0146390408 0.00298569117 0 0 0
nt@synapse_cleft 7 0.000943069578 -0.00333344454 0.0198066989 0 0 0
nt@synapse_cleft 9 0.00366004031 -0.0202246295 0.0106689072 0 0 0
nt@synapse_cleft 12 -0.00311007815 0.0240467479 0.0146921116 0 0 0
nt@synapse_cleft 15 -0.0145463691 0.0132032008 0.00270326825 0 0 0
nt@synapse_cleft 17 0.00410364575 -0.00115307389 0.0047037135 0 0 0
nt@synapse_cleft 23 0.00078236219 -0.0589418798 0.00816833496 0 0 0
nt@synapse_cleft 26 -0.0217827033 0.00209601923 0.0157143074 0 0 0
nt@synapse_cleft 30 0.0198500504 -0.0327308392 0.00797498233 0 0 0
nt@synapse_cleft 35 -0.018417259 0.00927548382 0.0134945819 0 0 0
nt@synapse_cleft 42 0.00570919705 0.00698277005 0.0178893445 0 0 0
nt@synapse_cleft 45 -0.0065486609 0.0177254716 0.0164914212 0 0 0
nt@synapse_cleft 54 -0.0021698477 0.0270743159 0.0143890027 0 0 0
nt@synapse_cleft 56 -0.0185927661 -0.0163842505 0.0168084431 0 0 0
nt@synapse_cleft 59 0.0245578221 0.0215032554 0.0123623323 0 0 0
nt@synapse_cleft 69 0.0102460789 -0.010824874 0.00338510029 0 0 0
nt@synapse_cleft 72 -0.0183037523 0.0213791113 0.0134200266 0 0 0
nt@synapse_cleft 81 0.0217030998 -0.0299242335 0.0029210516 0 0 0
nt@synapse_cleft 87 -0.0279225104 -0.0103527263 0.0146054394 0 0 0
nt@synapse_cleft 89 0.0251261385 0.00669860452 0.00535564398 0 0 0
nt@synapse_cleft 100 -0.0166259543 -0.0177677546 0.0159458093 0 0 0
nt@synapse_cleft 102 -0.0268280189 0.0159672097 0.00412556905 0 0 0
nt@synapse_cleft 103 0.0159693333 -0.0220251331 0.003730345 0 0 0
nt@synapse_cleft 111 -0.0352787936 0.0255163598 0.0185762298 0 0 0
nt@synapse_cleft 114 0.0412655572 -0.0344569288 0.00966158566 0 0 0
nt@synapse_cleft 115 -0.00396625911 -0.0501153586 0.00146949261 0 0 0
nt@synapse_cleft 116 -0.0140554694 -0.0232872273 0.0168554802 0 0 0
nt@synapse_cleft 118 0.0157332302 -0.00337986419 0.0186082356 0 0 0
nt@synapse_cleft 127 -0.0215554477 -0.00823135024 0.0189486094 0 0 0
nt@synapse_cleft 131 0.0108691703 -0.0449943393 0.00914064472 0 0 0
nt@synapse_cleft 135 -0.0254814516 -0.0160506091 0.0190121363 0 0 0
nt@synapse_cleft 137 -0.0517276202 -0.0295875884 0.0108724312 0 0 0
nt@synapse_cleft 143 0.00113076076 -0.0473067589 0.0156591362 0 0 0
nt@synapse_cleft 148 0.00742677558 0.0530849081 0.00447935371 0 0 0
nt@synapse_cleft 150 -0.0218546687 0.0142990448 0.000382186994 0 0 0
nt@synapse_cleft 156 -0.0291224944 0.000773700113 0.0168585924 0 0 0
nt@synapse_cleft 157 -0.0417091047 0.0171190681 0.00553304598 0 0 0
nt@synapse_cleft 160 0.00927155779 0.00424505507 0.016510928 0 0 0
nt@synapse_cleft 162 -0.000246567392 -0.0139339051 0.00824450542 0 0 0
nt@synapse_cleft 167 -0.00280817872 -0.0347573031 0.0149796789 0 0 0
nt@synapse_cleft 168 -0.0210320545 -0.0202065726 0.0150398671 0 0 0
nt@synapse_cleft 170 -0.0213537172 0.0256103036 0.00128930899 0 0 0
nt@synapse_cleft 186 -0.0240924169 -0.0168032949 0.018000033 0 0 0
nt@synapse_cleft 188 -0.0172565415 -0.00656390767 0.00914609487 0 0 0
nt@synapse_cleft 192 -0.0186469149 0.0281764618 0.0127023388 0 0 0
nt@synapse_cleft 194 -0.00380671963 -0.0207644934 0.0169777824 0 0 0
nt@synapse_cleft 195 0.0177250054 0.0337099356 0.00546746611 0 0 0
nt@synapse_cleft 197 0.00290522609 0.00281834015 0.0136351633 0 0 0
nt@synapse_cleft 199 0.0397919053 0.0199178889 0.00743698289 0 0 0
nt@synapse_cleft 203 0.0123329593 -0.00727472274 2.53310719e-05 0 0 0
nt@synapse_cleft 206 0.00177264483 -0.0197703806 0.0176605437 0 0 0
nt@synapse_cleft 210 -0.0281206473 0.00452538922 0.0062420958 0 0 0
nt@synapse_cleft 219 0.0223650602 0.0503651621 0.0104682708 0 0 0
nt@synapse_cleft 224 -0.0139455558 0.0455682637 0.00560597884 0 0 0
nt@synapse_cleft 227 -0.022399259 0.0338834849 0.0122092714 0 0 0
nt@synapse_cleft 231 0.00555739999 0.0331478233 0.0176121219 0 0 0
nt@synapse_cleft 235 0.0231735741 -0.03290264 0.00563230928 0 0 0
nt@synapse_cleft 244 -0.0261007097 0.00147798159 0.00493929432 0 0 0
nt@synapse_cleft 246 -0.0261367879 0.0230864836 0.0199123672 0 0 0
nt@synapse_cleft 248 0.0132572402 -0.024304572 0.0131456182 0 0 0
nt@synapse_cleft 256 -0.0424180163 -0.00676462671 0.00897402492 0 0 0
nt@synapse_cleft 263 0.0428055577 0.0228918111 0.0196886303 0 0 0
nt@synapse_cleft 268 -0.0147777435 -0.0100911432 0.019066055 0 0 0
nt@synapse_cleft 269 -0.0171667553 -0.002729488 0.0142093952 0 0 0
nt@synapse_cleft 272 0.00879681799 -0.0330120175 0.0171638175 0 0 0
nt@synapse_cleft 284 -0.0279785259 0.0789815691 0.0082367333 0 0 0
nt@synapse_cleft 289 -0.0416590158 0.0511347745 0.00555225821 0 0 0
nt@synapse_cleft 293 0.0292199651 -0.00414863001 0.016299442 0 0 0
nt@synapse_cleft 297 -0.0149661202 -0.0093282145 0.0198474055 0 0 0
nt@synapse_cleft 304 -0.0123919371 0.0155786499 0.0188555809 0 0 0
nt@synapse_cleft 306 0.0127046992 -0.0207585422 0.00808413163 0 0 0
nt@synapse_cleft 307 0.0141374751 0.0103890391 0.0185699689 0 0 0
nt@synapse_cleft 308 0.0250085024 0.0279667614 0.0169717775 0 0 0
nt@synapse_cleft 310 0.0235710851 -0.0182969904 0.00875676029 0 0 0
nt@synapse_cleft 315 -0.00200934757 0.0224675316 0.0115847138 0 0 0
nt@synapse_cleft 318 -0.0260171071 0.0115122968 0.0164293574 0 0 0
nt@synapse_cleft 319 0.0621228848 0.0083358589 0.0161064535 0 0 0
nt@synapse_cleft 321 0.046297249 0.0237052639 0.0032910545 0 0 0
nt@synapse_cleft 325 -0.0627442663 0.056214537 0.00334394402 0 0 0
nt@synapse_cleft 331 0.038339064 -0.0142100715 0.0129045139 0 0 0
nt@synapse_cleft 334 0.0199897239 -0.00531314286 0.0111567366 0 0 0
nt@synapse_cleft 335 0.0213461035 0.0144091752 0.00633652207 0 0 0
nt@synapse_cleft 339 -0.035139981 -0.0320837517 0.000948527023 0 0 0
nt@synapse_cleft 347 0.0114042431 -0.0117667674 0.010754112 0 0 0
nt@synapse_cleft 348 0.00837601196 -0.00665215201 0.00538834848 0 0 0
nt@synapse_cleft 350 0.0198619074 0.00369170922 0.00194922083 0 0 0
nt@synapse_cleft 352 -0.00912100104 0.00413001631 0.0107304788 0 0 0
nt@synapse_cleft 356 -0.0350540102 0.0255076569 0.0102285592 0 0 0
nt@synapse_cleft 359 0.00761514921 0.0461848021 0.00480332818 0 0 0
nt@synapse_cleft 360 0.00634069268 0.0293995882 0.0153629724 0 0 0
nt@synapse_cleft 361 -0.0227782704 0.0136792639 0.0179241094 0 0 0
nt@synapse_cleft 364 -0.00815555731 -0.0313064089 0.0192603585 0 0 0
nt@synapse_cleft 367 -0.0258243282 -0.0070935292 0.0146943628 0 0 0
nt@synapse_cleft 371 -0.0168899072 0.0354222771 0.00096582708 0 0 0
nt@synapse_cleft 372 -0.00174746538 0.008238619 0.0161778779 0 0 0
nt@synapse_cleft 376 -0.000440724667 0.00886525686 0.0155541792 0 0 0
nt@synapse_cleft 381 -0.0131241527 -0.0145556506 0.00475533251 0 0 0
nt@synapse_cleft 383 -0.00603642161 0.0224345351 0.00347221807 0 0 0
nt@synapse_cleft 385 0.0175267785 0.0149564262 0.0112779887 0 0 0
nt@synapse_cleft 388 -0.00490837948 0.00879132875 0.0145635353 0 0 0
nt@synapse_cleft 391 0.0318987034 -0.0340149214 0.0102233133 0 0 0
nt@synapse_cleft 392 0.00309968604 0.00337749707 0.0168884559 0 0 0
nt@synapse_cleft 395 0.00374960348 -0.0328552574 0.013618503 0 0 0
nt@synapse_cleft 397 0.00741785312 0.0225976149 0.0165772306 0 0 0
nt@synapse_cleft 399 -0.0146538908 0.00879682712 0.00150309174 0 0 0
nt@synapse_cleft 402 0.00296393491 0.0513673288 0.0055607703 0 0 0
nt@synapse_cleft 406 -0.0208621048 -0.0242662709 0.00702654826 0 0 0
nt@synapse_cleft 411 0.0199362453 -0.0266092959 0.0174982665 0 0 0
nt@synapse_cleft 415 0.00243792647 -0.0061734004 0.00296941864 0 0 0
nt@synapse_cleft 421 -0.0338882843 0.0318911719 0.0132294806 0 0 0
nt@synapse_cleft 426 0.0296870786 -0.0184198118 0.0109210935 0 0 0
nt@synapse_cleft 429 -0.0155438966 0.0361781046 0.0175018655 0 0 0
nt@synapse_cleft 430 -0.0223950436 -0.0411797347 0.0140752325 0 0 0
nt@synapse_cleft 440 0.0301163786 0.00470247205 0.00778782417 0 0 0
nt@synapse_cleft 444 0.00688288306 0.0246844193 0.0193500453 0 0 0
nt@synapse_cleft 449 0.0153838895 -0.0099691079 0.0086943744 0 0 0
nt@synapse_cleft 452 0.0215923787 0.026953916 0.00950008467 0 0 0
nt@synapse_cleft 453 0.00567549032 0.00258170503 0.0195012684 0 0 0
nt@synapse_cleft 455 0.0120629687 -0.0290230255 0.0140612242 0 0 0
nt@synapse_cleft 461 -0.0231279257 -0.00354569915 0.00784909491 0 0 0
nt@synapse_cleft 477 0.00628631014 0.000312067761 0.0120455126 0 0 0
nt@synapse_cleft 479 -0.0163917542 0.00997632714 0.008832371 0 0 0
nt@synapse_cleft 480 -0.0687205159 0.0320871533 0.00522996443 0 0 0
nt@synapse_cleft 482 -0.013394995 0.00142496952 0.00309898262 0 0 0
nt@synapse_cleft 483 -0.00853342638 -0.0263387166 0.011829646 0 0 0
nt@synapse_cleft 484 -0.0080219837 -0.03265327 0.00684663513 0 0 0
nt@synapse_cleft 499 0.0176300652 0.0147962892 0.0145097725 0 0 0
nt@synapse_cleft 500 0.00632149451 -0.0251193527 0.00593184707 0 0 0
nt@synapse_cleft 501 0.0109164959 0.0224352476 0.0131921291 0 0 0
nt@synapse_cleft 503 0.00959171078 -0.01877052 0.0194499009 0 0 0
nt@synapse_cleft 504 0.00313626193 0.0391918048 0.0079909155 0 0 0
nt@synapse_cleft 509 0.00498554132 0.0321849869 0.00925660586 0 0 0
nt@synapse_cleft 510 0.0181484236 0.00731247756 0.0128374535 0 0 0
nt@synapse_cleft 514 -0.018963217 8.13090644e-05 0.00518862375 0 0 0
nt@synapse_cleft 522 -0.0327167119 -0.000865944438 0.0120219254 0 0 0
nt@synapse_cleft 524 -0.0117257802 0.0203007076 0.00480990052 0 0 0
nt@synapse_cleft 530 0.0262763097 0.00224306921 0.0113750387 0 0 0
nt@synapse_cleft 536 -0.0221893268 -0.0401511838 0.00613192863 0 0 0
nt@synapse_cleft 544 0.0187073892 0.0100260459 0.00784784378 0 0 0
nt@synapse_cleft 546 -0.0422000308 0.0211151291 0.0113784371 0 0 0
nt@synapse_cleft 548 -0.015622362 0.0274533984 0.0139105678 0 0 0
nt@synapse_cleft 549 0.0438669904 -0.042414827 0.00204553458 0 0 0
nt@synapse_cleft 551 0.0120233162 -0.019299457 0.00222086474 0 0 0
nt@synapse_cleft 552 0.0153709997 -0.00617049451 0.0085348798 0 0 0
nt@synapse_cleft 557 -0.0232269186 0.00538688618 0.0178872981 0 0 0
nt@synapse_cleft 558 -0.0181729759 -0.0216962554 0.00421391385 0 0 0
nt@synapse_cleft 563 -0.0130279262 -0.0419917708 0.0168156935 0 0 0
nt@synapse_cleft 568 0.00488227665 0.00464302705 0.00667591542 0 0 0
nt@synapse_cleft 571 0.00558448574 3.55669897e-05 0.00838191414 0 0 0
nt@synapse_cleft 572 -0.033540667 0.012252505 0.00820208489 0 0 0
nt@synapse_cleft 574 -0.00597869149 0.00301083073 0.00967145405 0 0 0
nt@synapse_cleft 575 0.00541509503 -0.0121594946 0.00867775829 0 0 0
nt@synapse_cleft 581 0.00505909043 -0.000118127025 0.00872333467 0 0 0
nt@synapse_cleft 583 0.0135593234 0.0340232872 0.0067099737 0 0 0
nt@synapse_cleft 586 0.00392908925 0.0108408528 0.0114573426 0 0 0
nt@synapse_cleft 587 -0.0139282426 -0.0107979536 0.000590489878 0 0 0
nt@synapse_cleft 591 -0.0138155406 0.036891441 0.0117727025 0 0 0
nt@synapse_cleft 593 0.00250508949 0.031893328 0.0173814107 0 0 0
nt@synapse_cleft 594 0.0249143435 0.031169113 0.0105658721 0 0 0
nt@synapse_cleft 595 -0.00169170747 -0.0354357024 0.0187611755 0 0 0
nt@synapse_cleft 596 -0.0208964181 0.0176921695 0.0193093283 0 0 0
nt@synapse_cleft 598 -0.00751901387 0.0173329512 0.016962397 0 0 0
nt@synapse_cleft 611 -0.0224202942 0.00173381979 0.0110926197 0 0 0
nt@synapse_cleft 615 0.0361775754 -0.0364982682 0.0080271163 0 0 0
nt@synapse_cleft 616 -0.000599140758 -0.0118708641 0.0129407845 0 0 0
nt@synapse_cleft 618 -0.0121382202 -0.0294064478 0.00970083664 0 0 0
nt@synapse_cleft 620 -0.00800540093 -0.00245939909 0.00453917169 0 0 0
nt@synapse_cleft 624 0.0187532949 -0.00394529519 0.01336804 0 0 0
nt@synapse_cleft 627 0.00607987343 -0.0213875179 0.0180853437 0 0 0
nt@synapse_cleft 629 0.0149454526 -0.00121375447 0.00561713821 0 0 0
nt@synapse_cleft 630 0.00877152427 0.000689191611 0.017886268 0 0 0
nt@synapse_cleft 633 -0.0130438836 0.0394423238 0.00435170392 0 0 0
nt@synapse_cleft 634 0.0116998489 -0.0151092952 0.0194537683 0 0 0
nt@synapse_cleft 639 -0.01915287 -0.0486351651 0.000789917647 0 0 0
nt@synapse_cleft 645 -0.00802893162 0.00338253698 0.00423995363 0 0 0
nt@synapse_cleft 647 0.0150772678 0.0291193313 0.00654686063 0 0 0
nt@synapse_cleft 660 -0.00435407314 -0.0220368912 0.00897476416 0 0 0
nt@synapse_cleft 661 -0.0407778671 -0.00487512379 0.002460175 0 0 0
nt@synapse_cleft 662 -0.0115843064 -0.00257425606 0.00127883452 0 0 0
nt@synapse_cleft 664 -0.0175862725 0.00329324732 0.0114886045 0 0 0
nt@synapse_cleft 674 -0.0149855617 0.0028181937 0.000917889064 0 0 0
nt@synapse_cleft 675 0.00197979112 0.00858049271 0.0128277976 0 0 0
nt@synapse_cleft 678 0.0200450601 0.00435720686 0.00404941614 0 0 0
nt@synapse_cleft 679 -0.0107548698 -0.0188248028 0.00299530213 0 0 0
nt@synapse_cleft 681 -0.00774237928 -0.0199519592 0.0179411954 0 0 0
nt@synapse_cleft 684 -0.0104267446 -0.0103283813 0.00446142037 0 0 0
nt@synapse_cleft 689 0.0179222174 -0.00153451168 0.0106558012 0 0 0
nt@synapse_cleft 691 0.0233809479 -0.00782754399 0.00106862231 0 0 0
nt@synapse_cleft 693 0.0181324429 0.0284141333 0.0159319071 0 0 0
nt@synapse_cleft 695 -0.0189312719 0.0277164016 0.0150912493 0 0 0
nt@synapse_cleft 698 0.0163930182 0.0095585965 0.00722327434 0 0 0
nt@synapse_cleft 699 -0.0147888716 -0.0615796318 0.00885271652 0 0 0
nt@synapse_cleft 704 0.000535078065 0.0169742678 0.00845350302 0 0 0
nt@synapse_cleft 710 0.0351402709 -0.004993536 0.000240078215 0 0 0
nt@synapse_cleft 712 -0.017478622 -0.0177995438 0.010031705 0 0 0
nt@synapse_cleft 715 0.00995850072 0.0226720931 0.019366919 0 0 0
nt@synapse_cleft 720 0.0439994025 -0.0326826986 0.00251040564 0 0 0
nt@synapse_cleft 721 0.0124379503 -0.00174216112 0.00764528382 0 0 0
nt@synapse_cleft 726 -0.027592157 -8.26262912e-05 0.00584094945 0 0 0
nt@synapse_cleft 727 -0.00315595377 0.0211314767 0.0153005479 0 0 0
nt@synapse_cleft 728 -0.0117417854 0.00682315822 0.000663205787 0 0 0
nt@synapse_cleft 732 0.0338002598 0.0471998824 0.00487082191 0 0 0
nt@synapse_cleft 735 -0.0433676019 0.00345239264 0.00320341122 0 0 0
nt@synapse_cleft 737 0.036229332 0.00387340351 0.0120077367 0 0 0
nt@synapse_cleft 741 0.00372465634 -0.00198866811 0.00408563891 0 0 0
nt@synapse_cleft 744 -0.0116005052 0.0242520866 0.000578813079 0 0 0
nt@synapse_cleft 746 -0.0123737605 0.00481899549 0.0120942475 0 0 0
nt@synapse_cleft 750 0.0194089032 -0.00959097607 0.0171043073 0 0 0
nt@synapse_cleft 754 -0.00814161771 -0.0220159683 0.0173081454 0 0 0
nt@synapse_cleft 755 0.0228016576 0.0140310534 9.8013953e-05 0 0 0
nt@synapse_cleft 760 -0.00591182682 -0.0535527826 0.00365326037 0 0 0
nt@synapse_cleft 762 0.0156173095 -0.0223518377 0.00143287546 0 0 0
nt@synapse_cleft 765 -0.0254192559 0.0155428614 0.0142420832 0 0 0
nt@synapse_cleft 768 -0.0229862926 -0.0171029673 0.0195137426 0 0 0
nt@synapse_cleft 769 0.0123208071 0.0358568642 0.00805662805 0 0 0
nt@synapse_cleft 774 3.08890455e-05 0.0323353313 0.0174107339 0 0 0
nt@synapse_cleft 777 0.038610572 -0.0324299908 0.0068694671 0 0 0
nt@synapse_cleft 779 -0.0219396447 0.0103363043 0.0165589246 0 0 0
nt@synapse_cleft 784 0.0108395836 0.00588469547 0.0121051083 0 0 0
nt@synapse_cleft 797 -0.0106870755 0.0312029301 0.00644420046 0 0 0
nt@synapse_cleft 798 -0.00448368937 0.0180759706 0.0170758025 0 0 0
nt@synapse_cleft 803 -0.0275040062 -0.0402168012 0.01665771 0 0 0
nt@synapse_cleft 804 0.0104011946 0.0161284271 0.00339281159 0 0 0
nt@synapse_cleft 814 0.0289286857 0.0161532008 0.00163544704 0 0 0
nt@synapse_cleft 816 -0.000138282974 -0.0248442089 0.00453286722 0 0 0
nt@synapse_cleft 817 -0.00082802839 -0.00668455675 0.00456010389 0 0 0
nt@synapse_cleft 828 0.00690152123 -0.0349527351 0.0199375436 0 0 0
nt@synapse_cleft 831 -0.0093657061 -0.0218586449 0.00807282131 0 0 0
nt@synapse_cleft 833 -0.0195067299 0.000354039644 0.0121072285 0 0 0
nt@synapse_cleft 837 -0.0114280498 -0.0215437891 0.0183138192 0 0 0
nt@synapse_cleft 844 -0.00297351864 -0.00316015671 0.00592321891 0 0 0
nt@synapse_cleft 847 0.0198410851 -0.00146498586 0.00446413147 0 0 0
nt@synapse_cleft 850 -0.0148396405 0.0240303163 0.0150827609 0 0 0
nt@synapse_cleft 854 -0.000581714647 0.0383883678 0.00627500702 0 0 0
nt@synapse_cleft 861 -0.00403257154 -0.0256818124 0.00228111262 0 0 0
nt@synapse_cleft 866 -0.000433387002 -0.0199170708 0.0173291824 0 0 0
nt@synapse_cleft 871 -0.0176986346 0.0123832255 0.0168517835 0 0 0
nt@synapse_cleft 872 0.0240896286 -0.0203676365 0.00795423208 0 0 0
nt@synapse_cleft 875 -0.0154210675 -0.0208346858 0.011765075 0 0 0
nt@synapse_cleft 877 -0.0435216418 0.00963376596 0.0124674088 0 0 0
nt@synapse_cleft 881 -0.0232986964 0.0127411386 0.00952184086 0 0 0
nt@synapse_cleft 884 0.000904900841 0.0170894914 0.0188863505 0 0 0
nt@synapse_cleft 900 0.0165826181 -0.0102868065 0.014077057 0 0 0
nt@synapse_cleft 904 -0.0268415713 -0.0015626697 0.0036063082 0 0 0
nt@synapse_cleft 906 -0.0301467091 0.0123903293 0.0138429321 0 0 0
nt@synapse_cleft 908 -0.0333532854 -0.00239337421 0.010458043 0 0 0
nt@synapse_cleft 909 0.0127155228 0.00448125646 0.0189751478 0 0 0
nt@synapse_cleft 913 -0.0133601958 -0.0127251418 0.010783455 0 0 0
nt@synapse_cleft 918 0.0520977223 -0.00950765923 0.0196363726 0 0 0
nt@synapse_cleft 920 0.0136361107 -0.0108501508 0.0155097746 0 0 0
nt@synapse_cleft 924 -0.0325444185 0.0179942691 0.015427375 0 0 0
nt@synapse_cleft 925 -0.0299909797 0.0514641218 0.0183745897 0 0 0
nt@synapse_cleft 926 -0.00988274787 -0.0496283173 0.017952571 0 0 0
nt@synapse_cleft 932 0.0235120755 -0.0348026023 0.00765745455 0 0 0
nt@synapse_cleft 938 -0.0173551177 0.0139871214 0.0122203621 0 0 0
nt@synapse_cleft 940 -0.0482368051 -0.0229856563 0.0137873407 0 0 0
nt@synapse_cleft 941 -0.0270714117 0.0266767947 0.0162351755 0 0 0
nt@synapse_cleft 942 0.0155357073 -0.0295043542 0.00404295061 0 0 0
nt@synapse_cleft 943 0.0179364692 -0.011952275 0.0162760898 0 0 0
nt@synapse_cleft 944 -0.00838401673 -0.053850375 0.00188504128 0 0 0
nt@synapse_cleft 945 -0.015432027 0.0175151938 0.00134334308 0 0 0
nt@synapse_cleft 947 -0.0190451989 -0.00329715744 0.0108894213 0 0 0
nt@synapse_cleft 951 0.00490576782 -0.00664476531 0.0036103984 0 0 0
nt@synapse_cleft 953 -0.0447756592 0.0173830169 0.0176359018 0 0 0
nt@synapse_cleft 954 0.00989617139 -0.0144208216 0.00163288874 0 0 0
nt@synapse_cleft 957 0.052175699 -0.0232961305 0.0016783747 0 0 0
nt@synapse_cleft 960 -0.014219969 0.0414143269 0.00682740669 0 0 0
nt@synapse_cleft 961 -0.0302610817 -0.00387263492 0.0166203966 0 0 0
nt@synapse_cleft 967 0.0191973431 0.00100454776 0.0107154263 0 0 0
nt@synapse_cleft 973 -0.0181677161 0.00270306035 0.0188247586 0 0 0
nt@synapse_cleft 976 -0.0283643888 0.0236814543 0.00661264382 0 0 0
nt@synapse_cleft 978 -0.0256730808 -0.0138297297 0.00725838501 0 0 0
nt@synapse_cleft 981 -0.0415145895 0.00419684892 0.0149990492 0 0 0
nt@synapse_cleft 991 0.0271019002 -0.00208672597 0.00160696422 0 0 0
nt@synapse_cleft 992 0.016659101 0.0158269674 0.015476911 0 0 0
nt@synapse_cleft 993 -0.0368861387 0.0352390064 0.00536976932 0 0 0
nt@synapse_cleft 994 -0.0217810037 -0.0108971786 0.0103748009 0 0 0
nt@synapse_cleft 998 -0.00214094589 0.0170604543 0.0125895126 0 0 0
nt@synapse_cleft 999 0.0351655877 -0.0362417476 0.0138756785 0 0 0
nt@synapse_cleft 1002 0.0211290491 0.0471340054 0.0161863854 0 0 0
nt@synapse_cleft 1004 -0.0127739402 0.00637746433 0.00901094098 0 0 0
nt@synapse_cleft 1011 0.0212802143 0.0131315757 0.0184610344 0 0 0
nt@synapse_cleft 1013 -0.00861440574 0.0309999048 0.00705031981 0 0 0
nt@synapse_cleft 1016 -0.0379920977 0.0173408247 0.0169285837 0 0 0
nt@synapse_cleft 1018 0.0132142632 -0.014777394 0.00920145414 0 0 0
nt@synapse_cleft 1024 -0.0349069029 -0.00894013129 0.0124512041 0 0 0
nt@synapse_cleft 1025 -0.0138951335 -0.0303037647 0.00398640608 0 0 0
nt@synapse_cleft 1027 0.0154835692 0.0352991614 0.0180948315 0 0 0
nt@synapse_cleft 1035 -0.0209103413 -0.00467985395 0.0192677809 0 0 0
nt@synapse_cleft 1047 -0.00271613333 -0.0279513169 0.00855325151 0 0 0
nt@synapse_cleft 1048 -0.00143020615 -0.043227743 0.00534355118 0 0 0
nt@synapse_cleft 1050 0.0104425592 -0.0363050387 0.0152245948 0 0 0
nt@synapse_cleft 1056 0.00656141533 0.0342335789 0.0024321348 0 0 0
nt@synapse_cleft 1062 0.0472198488 -0.00333061258 0.0151728319 0 0 0
nt@synapse_cleft 1065 -0.00286367953 0.0184465133 0.0119778182 0 0 0
nt@synapse_cleft 1074 0.0111441419 -0.00961639925 0.00497048705 0 0 0
nt@synapse_cleft 1077 -0.0195963869 -0.00878659301 0.0142938616 0 0 0
nt@synapse_cleft 1080 -0.02394443 0.00836388677 0.0142798308 0 0 0
nt@synapse_cleft 1088 -0.0327364566 -0.0091762267 0.00489466831 0 0 0
nt@synapse_cleft 1092 -0.0134343064 -0.0120217658 0.0106932432 0 0 0
nt@synapse_cleft 1098 -0.0113899391 0.0219824048 0.00274960992 0 0 0
nt@synapse_cleft 1102 0.00147785 -0.00311789673 0.0106316221 0 0 0
nt@synapse_cleft 1105 -0.059173679 -0.0322274918 0.0087711579 0 0 0
nt@synapse_cleft 1107 -0.00927449252 0.0128740428 0.00122652502 0 0 0
nt@synapse_cleft 1108 0.0218268034 0.0340886676 0.000906686931 0 0 0
nt@synapse_cleft 1110 0.0239125945 0.0104873407 0.008580959 0 0 0
nt@synapse_cleft 1113 -0.0173511943 -0.00452854627 0.000999300828 0 0 0
nt@synapse_cleft 1114 0.00800957166 -0.0331909366 0.00535101397 0 0 0
nt@synapse_cleft 1121 0.00218265667 0.0440482215 0.00825745472 0 0 0
nt@synapse_cleft 1127 -0.0148399079 0.00372360838 0.00932875334 0 0 0
nt@synapse_cleft 1130 0.0196542488 -0.0171377115 0.0186884066 0 0 0
nt@synapse_cleft 1134 -0.0195379363 0.0271267266 0.00452478202 0 0 0
nt@synapse_cleft 1136 -0.0230659911 -0.0589237945 0.00107946903 0 0 0
nt@synapse_cleft 1138 0.00532498588 0.00681398311 0.0157995848 0 0 0
nt@synapse_cleft 1140 -0.00385087434 -0.0242594919 0.0152389803 0 0 0
nt@synapse_cleft 1144 -0.015395383 -0.0157051693 0.0127730791 0 0 0
nt@synapse_cleft 1145 0.0592693445 -0.0168788708 0.0145071989 0 0 0
nt@synapse_cleft 1149 -0.0101057737 0.00226240666 0.0181937212 0 0 0
nt@synapse_cleft 1152 0.0256523057 -0.00272885119 0.0114341063 0 0 0
nt@synapse_cleft 1157 0.0331970985 -0.0641682123 0.0183159377 0 0 0
nt@synapse_cleft 1165 0.0191605271 0.0226158688 0.00836214473 0 0 0
nt@synapse_cleft 1166 -0.00091259154 0.0110424916 0.00921127022 0 0 0
nt@synapse_cleft 1167 0.0405533778 0.0214372602 0.00468553859 0 0 0
nt@synapse_cleft 1172 -0.00551312033 -0.00046200297 0.0121295047 0 0 0
nt@synapse_cleft 1173 -0.0153977638 0.00350171702 0.0122821882 0 0 0
nt@synapse_cleft 1177 0.0072350229 0.0581612716 0.00252579841 0 0 0
nt@synapse_cleft 1179 0.011107332 -0.00973224479 0.0198064321 0 0 0
nt@synapse_cleft 1186 -0.0450572771 -0.00373131417 0.0176829264 0 0 0
nt@synapse_cleft 1188 0.0033393367 -0.0398153317 0.00864404907 0 0 0
nt@synapse_cleft 1192 0.010789775 -0.0326525945 0.0117952214 0 0 0
nt@synapse_cleft 1193 -0.0254894802 -0.00168195773 0.0146875588 0 0 0
nt@synapse_cleft 1197 0.0411781075 0.0295772967 0.00562277459 0 0 0
nt@synapse_cleft 1200 -0.0300168837 0.0240332405 0.015398411 0 0 0
nt@synapse_cleft 1203 7.22906979e-06 0.0161770295 0.00953717127 0 0 0
nt@synapse_cleft 1204 0.014903489 -0.000988629828 0.0152353113 0 0 0
nt@synapse_cleft 1205 -0.031124501 -0.0142512695 0.00907508369 0 0 0
nt@synapse_cleft 1206 -0.0351337978 0.000296006726 0.0117868522 0 0 0
nt@synapse_cleft 1218 -0.00211766286 0.0403814646 0.0175761286 0 0 0
nt@synapse_cleft 1219 0.00954623686 0.00227307895 0.0185371551 0 0 0
nt@synapse_cleft 1231 0.0105666825 0.0112169709 0.000662001664 0 0 0
nt@synapse_cleft 1237 -0.0171013026 -0.0350844734 0.00121588324 0 0 0
nt@synapse_cleft 1238 -0.0563980537 -0.0178458827 0.0156520028 0 0 0
nt@synapse_cleft 1241 0.00342172856 -0.0104629719 0.00822205716 0 0 0
nt@synapse_cleft 1243 -0.0217439269 0.0145115312 0.0136324395 0 0 0
nt@synapse_cleft 1248 0.00578566251 0.027388828 0.00495292157 0 0 0
nt@synapse_cleft 1251 -0.0158343087 0.0130819649 0.0185579394 0 0 0
nt@synapse_cleft 1252 -0.0263999867 0.00630077265 0.000928899218 0 0 0
nt@synapse_cleft 1253 -0.0213051667 -0.0192037911 0.0123054985 0 0 0
nt@synapse_cleft 1254 -0.0292659449 0.0272881208 0.014718388 0 0 0
nt@synapse_cleft 1255 0.030964927 0.0512309325 0.00331250298 0 0 0
nt@synapse_cleft 1262 0.0143943719 -0.00204666081 0.0191392053 0 0 0
nt@synapse_cleft 1270 0.0501960014 -0.000416345186 0.00457965863 0 0 0
nt@synapse_cleft 1275 -0.0305519179 0.00307086682 0.00737981366 0 0 0
nt@synapse_cleft 1289 0.0275574634 0.00538896062 0.00758708036 0 0 0
nt@synapse_cleft 1298 0.00336472387 -0.0231630808 0.00398296138 0 0 0
nt@synapse_cleft 1299 -0.0266537954 -0.0102877713 0.00444627896 0 0 0
nt@synapse_cleft 1302 -0.0366081679 0.0235481215 0.00221881348 0 0 0
nt@synapse_cleft 1303 -0.00936764944 0.0211462561 0.00302176172 0 0 0
nt@synapse_cleft 1311 0.0113848152 0.00366451387 0.019182821 0 0 0
nt@synapse_cleft 1316 -0.0320459274 -0.0213264966 0.00929424554 0 0 0
nt@synapse_cleft 1326 0.0194583058 0.0109672796 0.00485443055 0 0 0
nt@synapse_cleft 1328 0.0237778078 -0.00119670038 0.0119845576 0 0 0
nt@synapse_cleft 1330 -0.00983925919 -0.023761128 0.0100813538 0 0 0
nt@synapse_cleft 1331 -0.00885075739 0.0105699187 0.0192866457 0 0 0
nt@synapse_cleft 1333 -0.0290560298 0.0317473193 3.57327157e-05 0 0 0
nt@synapse_cleft 1338 -0.00217068979 0.00978914726 0.0188294497 0 0 0
nt@synapse_cleft 1343 0.0256177285 0.00828270125 0.0189010467 0 0 0
nt@synapse_cleft 1347 -0.0376000258 -0.015507756 0.0146474223 0 0 0
nt@synapse_cleft 1348 0.0372756969 -0.0311572566 0.0143689317 0 0 0
nt@synapse_cleft 1349 -0.00933552028 -0.0122920015 0.0177213427 0 0 0
nt@synapse_cleft 1351 0.0432686612 -0.0185790186 0.000983782718 0 0 0
nt@synapse_cleft 1356 0.0196605593 0.00129567241 0.0103434988 0 0 0
nt@synapse_cleft 1359 -0.0153485879 -0.0103901993 0.0171380236 0 0 0
nt@synapse_cleft 1361 -0.0133141465 -0.0625719223 0.0102752195 0 0 0
nt@synapse_cleft 1366 0.0218107633 0.00204136044 0.00664598202 0 0 0
nt@synapse_cleft 1368 0.0348496395 -0.00110010968 0.0041346556 0 0 0
nt@synapse_cleft 1372 -0.0384351195 0.0337427605 0.00335211017 0 0 0
nt@synapse_cleft 1380 -0.00130615981 0.0151088098 0.0026217157 0 0 0
nt@synapse_cleft 1381 0.00980652537 -0.0557359149 0.0178103961 0 0 0
nt@synapse_cleft 1382 0.00761213667 0.0292815728 0.00795249168 0 0 0
nt@synapse_cleft 1384 -0.0427312438 0.00366593534 0.0196501998 0 0 0
nt@synapse_cleft 1390 0.0408197273 -0.00253998005 0.00997765979 0 0 0
nt@synapse_cleft 1393 -0.0376370931 0.0355514046 0.0118426688 0 0 0
nt@synapse_cleft 1394 0.0231298222 0.0141592901 0.00409037612 0 0 0
nt@synapse_cleft 1397 0.0276390512 0.0311258381 0.0158823446 0 0 0
nt@synapse_cleft 1400 -0.0255329636 0.0288638893 0.0032915607 0 0 0
nt@synapse_cleft 1403 0.00450246038 -0.00588691717 0.0126211909 0 0 0
nt@synapse_cleft 1406 0.0550883955 -0.0259944919 0.0126738847 0 0 0
nt@synapse_cleft 1408 -0.020259626 -0.0147363684 0.00658193659 0 0 0
nt@synapse_cleft 1411 -0.00308487451 0.00804254414 0.0156338924 0 0 0
nt@synapse_cleft 1416 -0.00756355112 0.0374506447 0.0102550929 0 0 0
nt@synapse_cleft 1419 0.0146821307 -0.00932741391 0.0135731277 0 0 0
nt@synapse_cleft 1425 -0.00251868334 -0.0455213411 0.000221493668 0 0 0
nt@synapse_cleft 1427 -0.0288187727 -0.00925615102 0.00101112894 0 0 0
nt@synapse_cleft 1434 0.0101278585 0.0352869077 0.00255267145 0 0 0
nt@synapse_cleft 1438 -0.00270933273 -0.0341676767 0.00641152911 0 0 0
nt@synapse_cleft 1440 -0.000114880461 0.0123923352 0.002711022 0 0 0
nt@synapse_cleft 1441 -0.0377484225 0.0165993071 0.00587435516 0 0 0
nt@synapse_cleft 1442 -0.00269836937 0.024434356 0.00949659045 0 0 0
nt@synapse_cleft 1444 -0.0175685664 -0.0112838102 0.0178197088 0 0 0
nt@synapse_cleft 1445 0.0107117577 -0.0178301116 0.00807667949 0 0 0
nt@synapse_cleft 1446 -0.0217124424 -0.0230138985 0.0151346237 0 0 0
nt@synapse_cleft 1449 -0.0220836674 -0.0141251877 0.0107080492 0 0 0
nt@synapse_cleft 1452 -0.022300235 -0.0193135844 0.00578629602 0 0 0
nt@synapse_cleft 1454 -0.0120146552 0.0226094951 0.000916823632 0 0 0
nt@synapse_cleft 1455 -0.0217312116 0.0164504529 0.0177594 0 0 0
nt@synapse_cleft 1464 -0.0517605916 0.00933268443 0.00329488426 0 0 0
nt@synapse_cleft 1468 0.0459927924 0.0270977706 0.0157611013 0 0 0
nt@synapse_cleft 1470 -0.0627027914 -0.0244617264 0.0139863609 0 0 0
nt@synapse_cleft 1472 -0.0421707396 -0.00038800774 0.013199541 0 0 0
nt@synapse_cleft 1473 0.0182711933 -0.00738170646 0.00319116271 0 0 0
nt@synapse_cleft 1479 -0.0362776101 0.0219517092 0.0187070229 0 0 0
nt@synapse_cleft 1481 0.0174939513 0.00338811181 0.0152238012 0 0 0
nt@synapse_cleft 1484 0.000885918272 0.00852822247 0.0116503885 0 0 0
nt@synapse_cleft 1485 -0.0144230254 0.00897382485 0.00502615911 0 0 0
nt@synapse_cleft 1487 -0.0113096778 -0.0283248464 0.00490240016 0 0 0
nt@synapse_cleft 1488 0.0314323724 0.001220841 0.00141732921 0 0 0
nt@synapse_cleft 1491 -0.013888718 -0.0170548349 0.0136004749 0 0 0
nt@synapse_cleft 1494 0.00792176807 0.0193034546 0.0119600874 0 0 0
nt@synapse_cleft 1496 -0.00631758215 0.00732991084 0.0187137543 0 0 0
nt@synapse_cleft 1503 -0.0255542819 -0.0204388174 0.0086487971 0 0 0
nt@synapse_cleft 1506 0.0189969466 -0.0119133571 0.00173365126 0 0 0
nt@synapse_cleft 1507 0.00743659284 0.00340901406 0.00501441238 0 0 0
nt@synapse_cleft 1508 0.0178361145 0.00451521726 0.00764555039 0 0 0
nt@synapse_cleft 1512 -0.0080864087 -0.0105743927 0.00227488502 0 0 0
nt@synapse_cleft 1515 0.00751362608 0.0394406665 0.0063783062 0 0 0
nt@synapse_cleft 1519 0.00788365202 -0.0149625679 0.0148564471 0 0 0
nt@synapse_cleft 1522 -0.02347709 0.00540131996 0.0157119432 0 0 0
nt@synapse_cleft 1526 0.0231423523 -0.0122524138 0.0175881241 0 0 0
nt@synapse_cleft 1527 -0.00461540412 0.032975555 0.0131949371 0 0 0
nt@synapse_cleft 1528 -0.0436131171 0.00766015816 0.0161066541 0 0 0
nt@synapse_cleft 1531 -0.00412035373 0.033459904 0.0113835016 0 0 0
nt@synapse_cleft 1538 0.00157361271 0.0140492852 0.00940042349 0 0 0
nt@synapse_cleft 1542 -0.0222931223 0.019732919 0.0129090642 0 0 0
nt@synapse_cleft 1545 -0.00761940766 0.00523808312 0.0130530279 0 0 0
nt@synapse_cleft 1548 -0.0233430235 -0.0121642146 0.0106105188 0 0 0
nt@synapse_cleft 1553 0.0524746787 0.0188828419 0.00687940183 0 0 0
nt@synapse_cleft 1554 0.0156650609 0.00624549296 0.00204872899 0 0 0
nt@synapse_cleft 1561 0.0126857597 -0.0617390017 0.00309439618 0 0 0
nt@synapse_cleft 1565 -0.0186566563 0.00505418445 0.0194315996 0 0 0
nt@synapse_cleft 1571 -0.0175144281 0.00358800673 0.0113948272 0 0 0
nt@synapse_cleft 1573 0.00706826307 0.0205165433 0.0043582506 0 0 0
nt@synapse_cleft 1583 -0.0163007512 -0.0187691783 0.00948938089 0 0 0
nt@synapse_cleft 1584 0.000376611944 0.00425808801 0.00659777438 0 0 0
nt@synapse_cleft 1588 0.00676181146 -0.010357341 0.00915877382 0 0 0
nt@synapse_cleft 1590 -0.03167839 0.0382542158 0.000249796798 0 0 0
nt@synapse_cleft 1592 0.00745759247 -0.0130560355 0.0156903701 0 0 0
nt@synapse_cleft 1596 0.00556744447 -0.0146318048 0.0132577997 0 0 0
nt@synapse_cleft 1597 0.0142124785 0.0379672351 0.000841821496 0 0 0
nt@synapse_cleft 1598 -0.0298075607 -0.00949593519 0.0167402091 0 0 0
nt@synapse_cleft 1600 0.0191377464 -0.0337669348 8.85604468e-05 0 0 0
nt@synapse_cleft 1605 0.0148857392 0.0131858215 0.00818850969 0 0 0
nt@synapse_cleft 1606 -0.0206436361 0.00253446054 0.0107772235 0 0 0
nt@synapse_cleft 1611 -0.0058409027 -0.0290176783 0.0108243794 0 0 0
nt@synapse_cleft 1612 -0.0177893208 0.000722932304 0.00125571641 0 0 0
nt@synapse_cleft 1615 0.0101011338 -0.0587531181 0.0116399561 0 0 0
nt@synapse_cleft 1617 0.0130408292 -0.0288904435 0.0144411846 0 0 0
nt@synapse_cleft 1619 0.0260287927 -0.00492695534 0.0198448762 0 0 0
nt@synapse_cleft 1625 -0.0301470772 0.00979787217 0.016676797 0 0 0
nt@synapse_cleft 1628 0.0115904351 0.0326333618 0.0180391323 0 0 0
nt@synapse_cleft 1632 0.037462508 0.0140364049 0.0100465892 0 0 0
nt@synapse_cleft 1635 0.0156941506 -0.0127193776 0.0197319441 0 0 0
nt@synapse_cleft 1641 0.0315921155 0.0157279738 0.0038599052 0 0 0
nt@synapse_cleft 1642 0.0296753824 -0.0157422391 0.0103635511 0 0 0
nt@synapse_cleft 1655 0.00135253128 0.0267038955 0.0040593049 0 0 0
nt@synapse_cleft 1658 0.0206142801 0.0394008345 0.00717112741 0 0 0
nt@synapse_cleft 1660 0.0108631986 0.0206781 0.00053173095 0 0 0
nt@synapse_cleft 1675 -0.0345980109 -0.00358131377 0.0194886151 0 0 0
nt@synapse_cleft 1678 -0.00716667305 -0.0100924361 0.0024050359 0 0 0
nt@synapse_cleft 1681 -0.0115617477 0.00834790433 0.0164885844 0 0 0
nt@synapse_cleft 1684 0.00631950677 -0.0368056961 0.00627549333 0 0 0
nt@synapse_cleft 1686 -0.0162406822 0.0120843768 0.0174377166 0 0 0
nt@synapse_cleft 1687 -0.0300670539 -0.0160269238 0.00737013145 0 0 0
nt@synapse_cleft 1689 0.010520052 0.0297059825 0.0021005136 0 0 0
nt@synapse_cleft 1692 -0.00408724266 0.0239191312 0.00232154313 0 0 0
nt@synapse_cleft 1695 0.0118482691 -0.000237296018 0.0097961661 0 0 0
nt@synapse_cleft 1701 -0.00610542312 0.00883179718 0.0107745737 0 0 0
nt@synapse_cleft 1702 0.0158883789 -0.0152448982 0.0174158658 0 0 0
nt@synapse_cleft 1703 -0.0042487256 0.01176094 0.00445112654 0 0 0
nt@synapse_cleft 1707 -0.0198937737 -0.0205345401 0.0115280906 0 0 0
nt@synapse_cleft 1708 -0.0210059207 0.0152189729 0.00979690653 0 0 0
nt@synapse_cleft 1713 -0.0199903425 -0.00632806492 0.00189435465 0 0 0
nt@synapse_cleft 1715 0.00908092651 -0.0042368217 0.0178793278 0 0 0
nt@synapse_cleft 1721 0.0058493133 -0.0307663075 0.00503762782 0 0 0
nt@synapse_cleft 1725 0.0341123697 0.00256828921 0.00697953672 0 0 0
nt@synapse_cleft 1729 -0.000516299458 0.00261044483 0.0194737332 0 0 0
nt@synapse_cleft 1736 0.0265142474 0.00886463038 0.0136970508 0 0 0
nt@synapse_cleft 1741 -0.00495849642 -0.0218557723 0.0193526091 0 0 0
nt@synapse_cleft 1742 0.0216009946 -0.0512190594 0.00706229563 0 0 0
nt@synapse_cleft 1743 0.0288923347 0.0447705406 0.0139434986 0 0 0
nt@synapse_cleft 1745 -0.0305300724 0.00920523179 0.00197681338 0 0 0
nt@synapse_cleft 1746 0.00316705154 -0.00797660852 0.0144857114 0 0 0
nt@synapse_cleft 1748 0.0524416379 0.0213404715 0.0190790415 0 0 0
nt@synapse_cleft 1749 0.0049650649 -0.00764953384 0.00509203212 0 0 0
nt@synapse_cleft 1751 0.0370564874 0.00611432161 0.0109682708 0 0 0
nt@synapse_cleft 1759 -0.0116489258 -0.000893548202 0.0171648534 0 0 0
nt@synapse_cleft 1761 -0.0325933333 0.00794343658 0.00932881913 0 0 0
nt@synapse_cleft 1762 -0.0110875054 -0.0347471652 0.0129810998 0 0 0
nt@synapse_cleft 1763 0.0375327824 -0.0225685982 0.0157408994 0 0 0
nt@synapse_cleft 1768 0.0096053988 -0.0272761184 0.00800526277 0 0 0
nt@synapse_cleft 1769 -0.027678794 0.00309839849 0.0187927471 0 0 0
nt@synapse_cleft 1775 -0.00195677207 -0.00468000543 0.00938226216 0 0 0
nt@synapse_cleft 1777 0.00230601574 -0.00461036178 0.00952441619 0 0 0
nt@synapse_cleft 1778 0.0281569639 -0.0478368474 0.011231548 0 0 0
nt@synapse_cleft 1781 -0.0113533304 0.0236415478 0.0121583661 0 0 0
nt@synapse_cleft 1793 0.0167017655 0.0194281608 0.016683601 0 0 0
nt@synapse_cleft 1795 0.0164941066 -0.00934387483 0.00649023604 0 0 0
nt@synapse_cleft 1799 -0.0227136487 0.00750947121 0.00529322594 0 0 0
nt@synapse_cleft 1804 0.0169174658 -0.0142141382 0.00574825843 0 0 0
nt@synapse_cleft 1805 -0.0130487882 -0.00434695613 0.00258863923 0 0 0
nt@synapse_cleft 1806 -0.0130547455 0.00533530885 0.00331989776 0 0 0
nt@synapse_cleft 1810 -0.050409632 -0.0413301108 0.0170111189 0 0 0
nt@synapse_cleft 1811 -0.00296389842 -0.00437811649 0.0135550095 0 0 0
nt@synapse_cleft 1812 -0.00277123459 0.0227780566 0.00957684557 0 0 0
nt@synapse_cleft 1815 -0.0026168908 0.0267541194 0.00723650321 0 0 0
nt@synapse_cleft 1824 -0.00254623452 -0.00114143889 0.00228665973 0 0 0
nt@synapse_cleft 1826 0.025437314 -0.00599159577 0.0189839048 0 0 0
nt@synapse_cleft 1829 0.0387572598 -0.00885917673 0.0197526358 0 0 0
nt@synapse_cleft 1830 -0.0366921732 -0.00960972015 0.00313625634 0 0 0
nt@synapse_cleft 1833 -0.00918018744 0.0157228508 0.0192017161 0 0 0
nt@synapse_cleft 1837 -0.0223938161 -0.00642936201 0.0140264453 0 0 0
nt@synapse_cleft 1838 -0.00761317292 -0.0304529657 0.00918049097 0 0 0
nt@synapse_cleft 1840 -0.0232626909 -0.000369541651 0.0111469407 0 0 0
nt@synapse_cleft 1843 0.0363732792 -0.00955580135 0.0126414452 0 0 0
nt@synapse_cleft 1846 -0.0124980572 -0.00462005672 0.00442344503 0 0 0
nt@synapse_cleft 1849 0.0348791132 -0.00371268324 0.00903458363 0 0 0
nt@synapse_cleft 1853 0.0678012888 -0.0084105505 0.0190640583 0 0 0
nt@synapse_cleft 1854 0.00831739931 -0.00969967002 0.0073145986 0 0 0
nt@synapse_cleft 1855 -0.0235305196 0.00465246092 0.00443119079 0 0 0
nt@synapse_cleft 1856 0.017427215 -0.000378211764 0.0129224496 0 0 0
nt@synapse_cleft 1859 0.0409633529 0.023486965 0.0145967538 0 0 0
nt@synapse_cleft 1864 0.00184554752 -0.0290186159 0.0086216683 0 0 0
nt@synapse_cleft 1868 -0.0253956978 0.0108766745 0.0175429195 0 0 0
nt@synapse_cleft 1872 0.00577197214 -0.00403616219 0.0129684225 0 0 0
nt@synapse_cleft 1873 -0.0560692593 0.00288172581 0.00906898207 0 0 0
nt@synapse_cleft 1875 -0.0201122403 0.0159039034 0.00316861047 0 0 0
nt@synapse_cleft 1877 0.00443194715 0.0431867037 0.0173142866 0 0 0
nt@synapse_cleft 1879 0.0492449145 -0.0393894301 0.0198605406 0 0 0
nt@synapse_cleft 1880 -0.0343777645 -0.0225497987 0.0142809289 0 0 0
nt@synapse_cleft 1883 0.0139902094 0.0091040446 0.0166534487 0 0 0
nt@synapse_cleft 1885 0.00364597673 0.0131836235 0.0149419613 0 0 0
nt@synapse_cleft 1887 -0.0219485054 0.0271164252 0.00256991392 0 0 0
nt@synapse_cleft 1890 -0.0292249937 -0.00313021278 0.00364368526 0 0 0
nt@synapse_cleft 1892 0.00632413369 0.00978172934 0.0163617069 0 0 0
nt@synapse_cleft 1894 -0.0191450057 0.0189369976 0.0171773806 0 0 0
nt@synapse_cleft 1896 0.0202859841 -0.0056456848 0.00468847552 0 0 0
nt@synapse_cleft 1900 -0.00169227603 -0.00132103765 0.012184251 0 0 0
nt@synapse_cleft 1904 -0.0339513406 0.0399875855 0.0189493058 0 0 0
nt@synapse_cleft 1912 0.0212244426 -0.0255574813 0.00775544916 0 0 0
nt@synapse_cleft 1914 0.0133643541 0.00341355538 0.00624224319 0 0 0
nt@synapse_cleft 1918 -0.0166388773 0.0463735371 0.0141112813 0 0 0
nt@synapse_cleft 1921 0.00175001844 -0.00592686775 0.0163014313 0 0 0
nt@synapse_cleft 1923 -0.0140500294 0.0186199934 0.00823464317 0 0 0
nt@synapse_cleft 1925 0.00961619551 0.0151828787 0.0104927138 0 0 0
nt@synapse_cleft 1926 0.025819696 0.00631045837 0.00708839455 0 0 0
nt@synapse_cleft 1932 0.0101473619 -0.0102686723 0.0120305287 0 0 0
nt@synapse_cleft 1942 0.0236410174 -0.0307889617 0.000316039829 0 0 0
nt@synapse_cleft 1944 -0.00156176114 0.00989019402 0.00350898938 0 0 0
nt@synapse_cleft 1946 -0.0126472943 -0.00419697874 0.00178970005 0 0 0
nt@synapse_cleft 1953 -0.00818966895 -0.0230488674 0.00166696449 0 0 0
nt@synapse_cleft 1959 -0.00443840433 -0.0375675905 0.0135134597 0 0 0
nt@synapse_cleft 1961 0.0353697117 0.00589671486 0.0149840808 0 0 0
nt@synapse_cleft 1964 -0.0105075202 -0.00689681883 0.0135987397 0 0 0
nt@synapse_cleft 1967 0.00879472195 -0.0171288693 0.0125895379 0 0 0
nt@synapse_cleft 1970 -0.0182761702 -0.0289773431 0.00260223067 0 0 0
nt@synapse_cleft 1973 0.0224252327 0.0324711809 0.0117354354 0 0 0
nt@synapse_cleft 1976 -0.0294103886 -0.00891822383 0.0107204486 0 0 0
nt@synapse_cleft 1980 -0.0138773459 -0.0232647898 0.00180216859 0 0 0
nt@synapse_cleft 1982 0.00490608463 0.019270955 0.0159828939 0 0 0
nt@synapse_cleft 1984 -0.0695870169 -0.0190668458 0.000279273091 0 0 0
nt@synapse_cleft 1989 -0.0213611513 0.00787059371 0.0184990038 0 0 0
nt@synapse_cleft 1990 0.0126319745 0.0303468414 0.00541116784 0 0 0
nt@synapse_cleft 1993 0.00320713504 -0.017172224 0.0118079724 0 0 0
nt@synapse_cleft 1997 -0.000888893901 0.0175938801 0.0121564988 0 0 0
nt@synapse_cleft 2004 -0.0176047696 0.00326309497 0.0199612515 0 0 0
nt@synapse_cleft 2007 0.00982073651 0.0156724442 0.0161219303 0 0 0
nt@synapse_cleft 2008 0.0146082282 0.00263137031 0.0143996775 0 0 0
nt@synapse_cleft 2013 -0.0168494806 -0.0109009301 0.0184940578 0 0 0
nt@synapse_cleft 2014 0.0179279298 0.0297593529 0.00726455506 0 0 0
nt@synapse_cleft 2016 -0.0169133105 -0.00651691016 0.0016785711 0 0 0
nt@synapse_cleft 2019 0.0279099602 -0.0220957673 0.0194455069 0 0 0
nt@synapse_cleft 2026 0.0457477573 -0.00976473213 0.0118475993 0 0 0
nt@synapse_cleft 2027 -0.0075151392 -0.0205242418 0.000631965454 0 0 0
nt@synapse_cleft 2032 -0.022829832 0.00358027231 0.00367229603 0 0 0
nt@synapse_cleft 2035 0.0341315526 0.0190947999 0.0144887931 0 0 0
nt@synapse_cleft 2036 0.0503921784 -0.00380230816 0.0118204223 0 0 0
nt@synapse_cleft 2039 0.0252257222 0.00412570458 0.0152015058 0 0 0
nt@synapse_cleft 2041 0.0301971309 0.00229809882 0.0118543969 0 0 0
nt@synapse_cleft 2044 0.0175397967 -0.0144895317 0.00931554578 0 0 0
nt@synapse_cleft 2052 0.00072288523 -0.00455045255 0.0143704293 0 0 0
nt@synapse_cleft 2056 -0.0121661004 -0.0162823108 0.0014718349 0 0 0
nt@synapse_cleft 2058 -0.00747431665 -0.0381883652 0.0147204524 0 0 0
nt@synapse_cleft 2061 0.00941080205 0.00239226776 0.00176980231 0 0 0
nt@synapse_cleft 2064 0.0321527532 0.022153053 0.00863734348 0 0 0
nt@synapse_cleft 2074 0.00903444153 -0.0446368112 0.0100890954 0 0 0
nt@synapse_cleft 2091 -0.0170139912 0.0249160223 0.0132817844 0 0 0
nt@synapse_cleft 2092 0.00961180224 0.021804612 0.0118385497 0 0 0
nt@synapse_cleft 2094 -0.00960299346 0.00218094204 0.0061740626 0 0 0
nt@synapse_cleft 2095 0.0127045216 0.0191413278 0.0154690533 0 0 0
nt@synapse_cleft 2096 -0.0139282668 -0.0150671745 0.00682461218 0 0 0
nt@synapse_cleft 2101 -0.00882769426 -0.0287654395 0.00134204345 0 0 0
nt@synapse_cleft 2104 0.0211849256 0.00922019343 0.0163420623 0 0 0
nt@synapse_cleft 2112 -0.014430538 -0.0166663756 0.00737882892 0 0 0
nt@synapse_cleft 2115 -0.0248489616 0.000221538919 0.0193978465 0 0 0
nt@synapse_cleft 2119 -0.0201969962 -0.0133575804 0.00532897087 0 0 0
nt@synapse_cleft 2121 0.040681811 -0.010778035 0.00819114018 0 0 0
nt@synapse_cleft 2124 0.00858844381 0.0281670063 0.00389230935 0 0 0
nt@synapse_cleft 2127 0.0207441711 0.0115071675 0.00535665859 0 0 0
nt@synapse_cleft 2133 0.0183644903 -0.0110797617 0.00626104624 0 0 0
nt@synapse_cleft 2136 0.0216028078 0.0247175467 0.00182697801 0 0 0
nt@synapse_cleft 2137 -0.0409352402 0.0338792347 0.00136125377 0 0 0
nt@synapse_cleft 2141 0.0252026404 0.0250109703 0.00895536618 0 0 0
nt@synapse_cleft 2148 0.0285979285 -0.0377156455 0.00259535842 0 0 0
nt@synapse_cleft 2156 0.0129993382 -0.030460237 0.00581684014 0 0 0
nt@synapse_cleft 2160 0.0122185687 0.00715539819 0.0114736964 0 0 0
nt@synapse_cleft 2161 0.00126344691 -0.0544342426 0.0129862875 0 0 0
nt@synapse_cleft 2162 -0.0274689387 0.0215970176 0.00920600912 0 0 0
nt@synapse_cleft 2163 0.0200482245 -0.00550214961 0.0117011328 0 0 0
nt@synapse_cleft 2166 -0.00186520228 0.0243818756 0.013249484 0 0 0
nt@synapse_cleft 2170 0.0360103724 0.000214036519 0.0153791203 0 0 0
nt@synapse_cleft 2177 -0.00901017322 -0.0166536206 0.00649577137 0 0 0
nt@synapse_cleft 2185 -0.00155716614 -0.00613286333 0.00904066388 0 0 0
nt@synapse_cleft 2187 -0.00790187523 0.0109792297 0.00362475444 0 0 0
nt@synapse_cleft 2188 -0.0150211644 0.0402179712 0.00171464493 0 0 0
nt@synapse_cleft 2199 0.0119844136 -0.0152312593 0.0104374671 0 0 0
nt@synapse_cleft 2204 -0.0427027112 -0.00749674788 0.0175932198 0 0 0
nt@synapse_cleft 2206 -0.0123660229 -0.0168285671 0.0142781213 0 0 0
nt@synapse_cleft 2207 0.0282479339 0.00397929443 0.0157556523 0 0 0
nt@synapse_cleft 2217 0.0186046508 -0.0378779325 0.00324897305 0 0 0
nt@synapse_cleft 2218 0.00789706529 0.0164051285 0.0122440875 0 0 0
nt@synapse_cleft 2223 -0.0267530805 0.0158493319 0.00914356555 0 0 0
nt@synapse_cleft 2228 -0.00751244413 0.0070540418 0.00170908846 0 0 0
nt@synapse_cleft 2235 -0.00200088029 -0.00403358759 0.0104583778 0 0 0
nt@synapse_cleft 2236 0.00799590465 0.0301837525 0.0126876412 0 0 0
nt@synapse_cleft 2248 -0.0247502245 -0.00257094764 0.00961788415 0 0 0
nt@synapse_cleft 2251 0.0131606561 -0.00419582927 0.0167083517 0 0 0
nt@synapse_cleft 2254 0.000902661079 -0.0176655356 0.0101969071 0 0 0
nt@synapse_cleft 2256 -0.0367273255 -0.0296122625 0.00191779328 0 0 0
nt@synapse_cleft 2257 0.00863416579 -0.0042305413 0.00844077027 0 0 0
nt@synapse_cleft 2262 -0.00949110899 0.0341539809 0.0119492132 0 0 0
nt@synapse_cleft 2265 0.0236399173 0.0281923914 0.00650188329 0 0 0
nt@synapse_cleft 2269 -0.0381541029 0.00592939957 9.58389218e-05 0 0 0
nt@synapse_cleft 2271 -0.0658814973 0.0160540722 0.00436829401 0 0 0
nt@synapse_cleft 2274 -0.00287388114 0.0361578774 0.000279344746 0 0 0
nt@synapse_cleft 2278 0.0335754935 0.0325093804 0.00914490275 0 0 0
nt@synapse_cleft 2279 -0.00222255811 0.00819369431 0.00738190127 0 0 0
nt@synapse_cleft 2283 0.0281145314 -0.0162021523 0.0105557046 0 0 0
nt@synapse_cleft 2284 0.0256075929 -0.00376984346 0.0172204198 0 0 0
nt@synapse_cleft 2285 -0.0158238526 -0.00672157169 0.0138056285 0 0 0
nt@synapse_cleft 2289 0.0028212811 0.00630977487 0.00319390542 0 0 0
nt@synapse_cleft 2292 -0.0219234021 0.00839122362 0.0170198151 0 0 0
nt@synapse_cleft 2298 -0.0376613079 -0.0169495104 0.00546213065 0 0 0
nt@synapse_cleft 2304 -0.0164085473 0.0257505696 0.00354301227 0 0 0
nt@synapse_cleft 2306 0.00260807346 -0.0238386581 0.0119513774 0 0 0
nt@synapse_cleft 2308 -0.0139484115 0.00161671873 0.00152854468 0 0 0
nt@synapse_cleft 2309 0.00938010418 -0.00635317118 0.0199973282 0 0 0
nt@synapse_cleft 2314 -0.00549379863 -0.0233645049 0.012631842 0 0 0
nt@synapse_cleft 2317 0.0358126807 0.0112284362 0.0110875116 0 0 0
nt@synapse_cleft 2320 0.00674518765 -0.0249731569 0.00617994815 0 0 0
nt@synapse_cleft 2321 0.0597333935 -0.00238244942 0.00120433399 0 0 0
nt@synapse_cleft 2326 0.0229653156 0.0163305706 0.00382790444 0 0 0
nt@synapse_cleft 2327 -0.0240401959 -0.0367176106 0.0136132384 0 0 0
nt@synapse_cleft 2330 -0.0428408461 0.0198415897 0.00683675397 0 0 0
nt@synapse_cleft 2331 -0.0324633389 -0.0368165277 0.00110075302 0 0 0
nt@synapse_cleft 2332 -0.0200642446 -0.00514541221 0.014486427 0 0 0
nt@synapse_cleft 2336 0.00980317801 -0.0147108126 0.0074077853 0 0 0
nt@synapse_cleft 2343 0.0128337489 -0.00821389314 0.0103695247 0 0 0
nt@synapse_cleft 2349 0.028322306 0.00590814108 0.0131255435 0 0 0
nt@synapse_cleft 2366 0.017712452 0.0228908893 0.0167003605 0 0 0
nt@synapse_cleft 2367 -0.0224762211 -0.0205399151 0.0113308022 0 0 0
nt@synapse_cleft 2369 -0.0055786486 0.00534355858 0.0159444169 0 0 0
nt@synapse_cleft 2370 0.0125764165 -0.014977621 0.00315910608 0 0 0
nt@synapse_cleft 2375 0.00088654942 0.0041559255 0.0175486753 0 0 0
nt@synapse_cleft 2383 0.0170868056 -0.0521858716 0.00799440964 0 0 0
nt@synapse_cleft 2386 -0.00287289419 -0.0263060826 0.00411566257 0 0 0
nt@synapse_cleft 2389 -0.00616449245 -0.00912906525 0.00575754766 0 0 0
nt@synapse_cleft 2397 0.0115542836 -0.0610775306 0.00705559387 0 0 0
nt@synapse_cleft 2400 -0.0182775338 -0.0360892625 0.0183484675 0 0 0
nt@synapse_cleft 2410 0.0127520564 -0.00178201394 0.0178005284 0 0 0
nt@synapse_cleft 2411 0.0149701122 -0.0419943324 0.00750824938 0 0 0
nt@synapse_cleft 2412 0.00752553668 0.00756101595 0.0145885462 0 0 0
nt@synapse_cleft 2417 -0.00621379716 0.0111685683 0.0177684438 0 0 0
nt@synapse_cleft 2421 -0.00206157267 0.0216854842 0.00414269696 0 0 0
nt@synapse_cleft 2423 0.00795072432 -0.0366818749 0.00587614295 0 0 0
nt@synapse_cleft 2434 0.00924655648 -0.0308301904 0.0131918273 0 0 0
nt@synapse_cleft 2437 0.0239699101 0.00958039235 0.00785176159 0 0 0
nt@synapse_cleft 2438 0.000242833326 -0.041906333 0.00509571106 0 0 0
nt@synapse_cleft 2440 -0.0167320696 -0.0326644588 0.00921352525 0 0 0
nt@synapse_cleft 2446 -0.0224948206 0.0162249236 0.00830644147 0 0 0
nt@synapse_cleft 2448 0.000264777213 0.000582846032 0.0135231239 0 0 0
nt@synapse_cleft 2456 -0.0236981858 -0.00714882275 0.00713782891 0 0 0
nt@synapse_cleft 2459 0.00587337436 0.0360994684 5.54065153e-05 0 0 0
nt@synapse_cleft 2462 -0.0118878495 0.0426266605 0.006101821 0 0 0
nt@synapse_cleft 2463 0.0106456217 -0.0201666412 0.00924628384 0 0 0
nt@synapse_cleft 2466 0.000827362519 -0.0303780167 0.00312448928 0 0 0
nt@synapse_cleft 2467 -0.00725282466 0.024717291 0.00989764115 0 0 0
nt@synapse_cleft 2468 -0.0466866596 -0.0165130813 0.0128868483 0 0 0
nt@synapse_cleft 2470 0.0128222116 0.0122902415 0.00301638253 0 0 0
nt@synapse_cleft 2471 -0.0125813995 -0.0055334064 0.0155378645 0 0 0
nt@synapse_cleft 2472 0.0363214938 -0.0551353021 0.0198343834 0 0 0
nt@synapse_cleft 2480 -0.0108464765 -0.0118430549 0.0131317113 0 0 0
nt@synapse_cleft 2481 -0.019183641 -0.00791876279 0.00215236958 0 0 0
nt@synapse_cleft 2483 0.0359597384 0.0132494773 0.0198483293 0 0 0
nt@synapse_cleft 2491 0.000448285467 -0.00170210378 0.0143465416 0 0 0
nt@synapse_cleft 2493 0.0213021439 -0.0486401615 0.0102519717 0 0 0
nt@synapse_cleft 2495 -0.0221317325 0.00703275592 0.00401509191 0 0 0
nt@synapse_cleft 2498 0.0115424074 -0.00444955209 0.00187304873 0 0 0
nt@synapse_cleft 2501 -0.00772092214 0.00976267376 0.000449779178 0 0 0
nt@synapse_cleft 2502 0.0134916681 -0.0251753178 0.0187686119 0 0 0
nt@synapse_cleft 2507 0.0214138826 0.0209595626 0.0118677672 0 0 0
nt@synapse_cleft 2509 0.00467218193 -0.0269404228 0.0198185598 0 0 0
nt@synapse_cleft 2510 0.00891208164 -0.0161373073 0.0166126464 0 0 0
nt@synapse_cleft 2513 -0.00931186595 0.00272952605 0.00354210354 0 0 0
nt@synapse_cleft 2517 -0.0198923923 -0.0101381647 0.00863783633 0 0 0
nt@synapse_cleft 2520 0.026392898 0.0250978781 0.00478705863 0 0 0
nt@synapse_cleft 2521 -0.0106215874 0.0206126532 0.0133722087 0 0 0
nt@synapse_cleft 2525 0.0327693269 0.0185082768 0.0127544655 0 0 0
nt@synapse_cleft 2528 -0.0201871699 -0.00734167772 0.0107841946 0 0 0
nt@synapse_cleft 2539 -0.0161500158 0.0202977601 0.00783285418 0 0 0
nt@synapse_cleft 2542 0.0309781205 -0.0235558375 0.0136873262 0 0 0
nt@synapse_cleft 2549 -0.00901584683 0.056666824 0.00945652928 0 0 0
nt@synapse_cleft 2550 0.0237272502 -0.0156649352 3.43518391e-05 0 0 0
nt@synapse_cleft 2555 0.0488665002 -0.0104008338 0.0090173974 0 0 0
nt@synapse_cleft 2560 -0.0314188313 -0.000927974118 0.00225859646 0 0 0
nt@synapse_cleft 2561 0.0139303458 0.0391215376 0.0146505035 0 0 0
nt@synapse_cleft 2563 0.00580799833 0.00391827844 0.016887964 0 0 0
nt@synapse_cleft 2564 -0.0102814522 0.0474592707 0.00559735504 0 0 0
nt@synapse_cleft 2566 0.00504184877 -0.0151449068 0.00941495321 0 0 0
nt@synapse_cleft 2570 0.021738208 0.00225149812 0.00455820811 0 0 0
nt@synapse_cleft 2571 0.0100731653 -0.0425986039 0.00821077362 0 0 0
nt@synapse_cleft 2577 0.00748744539 0.0230528424 0.0194503861 0 0 0
nt@synapse_cleft 2586 0.0355096758 -0.00161151932 0.0123851208 0 0 0
nt@synapse_cleft 2591 -0.0044972807 -0.00532394517 0.00189141142 0 0 0
nt@synapse_cleft 2593 0.0484716911 0.0476545726 0.0192002363 0 0 0
nt@synapse_cleft 2597 -0.0152691967 0.0194504576 0.00608429261 0 0 0
nt@synapse_cleft 2600 0.014805882 0.048619292 0.018431257 0 0 0
nt@synapse_cleft 2603 0.00577634971 -0.0163213557 0.0101293188 0 0 0
nt@synapse_cleft 2604 0.0406135027 -0.00918673684 0.00211718388 0 0 0
nt@synapse_cleft 2610 0.00438619382 -0.0319146216 0.00246497138 0 0 0
nt@synapse_cleft 2613 -0.0303630427 -0.0278244617 0.0159529268 0 0 0
nt@synapse_cleft 2615 -0.0250324171 -0.0599656868 0.00149806366 0 0 0
nt@synapse_cleft 2617 -0.0162095001 0.0215657385 0.0107931189 0 0 0
nt@synapse_cleft 2620 0.00351879204 -0.0378947482 0.00677016665 0 0 0
nt@synapse_cleft 2623 -0.0159119757 -0.0395969306 0.0129692583 0 0 0
nt@synapse_cleft 2625 -0.0331928508 -0.0250206726 0.00877940756 0 0 0
nt@synapse_cleft 2628 0.0295097256 -0.0316694407 0.0150211794 0 0 0
nt@synapse_cleft 2631 -0.00692140127 0.0290265974 0.0162668494 0 0 0
nt@synapse_cleft 2639 0.0128433071 0.00412205088 0.00191257319 0 0 0
nt@synapse_cleft 2641 -0.0113629607 -0.0306178354 0.0182049514 0 0 0
nt@synapse_cleft 2642 -0.0398761491 -0.00865822966 0.0135345911 0 0 0
nt@synapse_cleft 2645 0.0101740217 0.0177913073 0.0185564168 0 0 0
nt@synapse_cleft 2646 0.0318693171 0.0158574385 0.0132160103 0 0 0
nt@synapse_cleft 2650 0.0304264547 -0.0108377525 0.0197352503 0 0 0
nt@synapse_cleft 2652 -0.0168663403 0.00487936758 0.0166453569 0 0 0
nt@synapse_cleft 2660 -0.0197925093 -0.0255620493 0.0145737742 0 0 0
nt@synapse_cleft 2661 0.0229850328 -0.0253026681 0.00727496877 0 0 0
nt@synapse_cleft 2670 -0.0342489112 -0.0170330364 0.0148702006 0 0 0
nt@synapse_cleft 2674 -0.0270726737 0.0015866302 0.00443108256 0 0 0
nt@synapse_cleft 2675 0.00429638063 0.0144605312 0.0159971695 0 0 0
nt@synapse_cleft 2680 -0.0457191459 -0.0272350919 0.00118871442 0 0 0
nt@synapse_cleft 2681 -0.0359534242 -0.0246558665 0.00815370581 0 0 0
nt@synapse_cleft 2688 -0.0540869938 0.0597729749 0.00603233246 0 0 0
nt@synapse_cleft 2692 0.0272409304 -0.0158278184 0.00212324626 0 0 0
nt@synapse_cleft 2702 0.00162050744 -0.0151457938 0.00218128742 0 0 0
nt@synapse_cleft 2708 -0.0371128905 -0.00128021087 0.0191739569 0 0 0
nt@synapse_cleft 2709 -0.00795265203 -0.000987376439 0.0151748534 0 0 0
nt@synapse_cleft 2710 -0.0043468324 -0.0115424664 0.0112434625 0 0 0
nt@synapse_cleft 2713 0.00431811134 -0.0114914215 0.0172373512 0 0 0
nt@synapse_cleft 2714 0.0292373132 0.025141842 0.00907708492 0 0 0
nt@synapse_cleft 2720 0.0161985032 0.0180785982 0.0054284923 0 0 0
nt@synapse_cleft 2724 0.00739305678 -0.00926117428 0.00182055403 0 0 0
nt@synapse_cleft 2729 0.0228443287 -0.0118809287 0.0165353391 0 0 0
nt@synapse_cleft 2734 0.0452398227 0.00355067379 0.0187993246 0 0 0
nt@synapse_cleft 2739 0.0207302527 -0.0154987153 0.0178423934 0 0 0
nt@synapse_cleft 2743 -0.000384646054 -0.0434873575 0.00772547338 0 0 0
nt@synapse_cleft 2745 0.0244794168 -0.0123217999 0.0138504568 0 0 0
nt@synapse_cleft 2750 0.0349723424 -0.0249247967 0.0124125625 0 0 0
nt@synapse_cleft 2752 -0.0351298279 -0.0142845399 0.00941255831 0 0 0
nt@synapse_cleft 2756 0.0258033792 1.33093777e-05 0.00997003021 0 0 0
nt@synapse_cleft 2758 -0.000554788061 -0.0230971391 0.0117018842 0 0 0
nt@synapse_cleft 2760 -0.000532379493 -0.0161875691 0.016296652 0 0 0
nt@synapse_cleft 2766 -0.041501532 0.0205512097 0.013406629 0 0 0
nt@synapse_cleft 2775 0.0260298461 -0.000933223112 0.0191120305 0 0 0
nt@synapse_cleft 2785 -0.00250283551 0.0249335345 0.00526701272 0 0 0
nt@synapse_cleft 2798 -0.0234980522 0.0110070475 0.00168778022 0 0 0
nt@synapse_cleft 2806 0.0305820323 0.01691004 0.00453223535 0 0 0
nt@synapse_cleft 2807 -0.00673360917 0.00388759419 0.00893822447 0 0 0
nt@synapse_cleft 2808 0.00813631988 0.0480145366 0.00662030859 0 0 0
nt@synapse_cleft 2812 -0.0531726436 -0.0410927048 0.0030249623 0 0 0
nt@synapse_cleft 2815 0.00368849282 -0.00395053308 0.0145846044 0 0 0
nt@synapse_cleft 2820 0.0221517555 -0.000854615598 0.0145359829 0 0 0
nt@synapse_cleft 2828 0.0162578412 -0.0455355063 0.00495735284 0 0 0
nt@synapse_cleft 2837 -0.00747559501 0.013355976 0.019651213 0 0 0
nt@synapse_cleft 2848 0.0210328265 0.0177703941 0.0132689533 0 0 0
nt@synapse_cleft 2854 0.0195670234 0.00285752872 0.00728793741 0 0 0
nt@synapse_cleft 2855 -0.016811811 -0.0247139486 0.00393622194 0 0 0
nt@synapse_cleft 2857 0.0184914364 -0.0166903794 0.016424038 0 0 0
nt@synapse_cleft 2861 -0.0274790609 -0.000225943861 0.00161756266 0 0 0
nt@synapse_cleft 2863 -0.0272339303 0.02231808 0.00996998642 0 0 0
nt@synapse_cleft 2868 -0.00133132315 0.0173708061 0.000436150944 0 0 0
nt@synapse_cleft 2871 0.00442340375 -0.0530925812 0.0102656241 0 0 0
nt@synapse_cleft 2875 0.00490610931 -0.0015115194 0.0190538752 0 0 0
nt@synapse_cleft 2876 -0.0251202372 -0.00383314532 0.0193021912 0 0 0
nt@synapse_cleft 2880 -0.0149965502 0.0187579708 0.015465305 0 0 0
nt@synapse_cleft 2884 0.0339496675 -0.00913688821 0.00654296113 0 0 0
nt@synapse_cleft 2887 0.00262333211 -0.014966169 0.0182547068 0 0 0
nt@synapse_cleft 2894 0.00683557249 0.0166360563 0.000167473352 0 0 0
nt@synapse_cleft 2895 0.0613858479 -0.00433347437 0.0165450324 0 0 0
nt@synapse_cleft 2897 0.0120479667 -0.0389732087 0.01461398 0 0 0
nt@synapse_cleft 2905 -0.0222007066 0.0177417096 0.0113250161 0 0 0
nt@synapse_cleft 2909 0.028687561 -0.00956785987 0.0109769346 0 0 0
nt@synapse_cleft 2910 -0.0331734159 0.0185482433 0.0123518906 0 0 0
nt@synapse_cleft 2912 0.0324105044 -0.00995534246 0.000406067782 0 0 0
nt@synapse_cleft 2915 0.0328886997 -0.0249965602 0.00999483841 0 0 0
nt@synapse_cleft 2917 -0.00789512062 0.024364777 0.00832148117 0 0 0
nt@synapse_cleft 2918 -0.00168926726 -0.046721167 0.0114503909 0 0 0
nt@synapse_cleft 2920 0.0123960168 -0.00390459408 0.0120493116 0 0 0
nt@synapse_cleft 2921 0.000357181877 0.0407857605 0.0120754777 0 0 0
nt@synapse_cleft 2922 0.0595370403 -0.00847870843 0.0150587711 0 0 0
nt@synapse_cleft 2925 -0.0175088374 0.0195325925 0.015493022 0 0 0
nt@synapse_cleft 2928 -0.006449692 0.0415299959 0.00459041245 0 0 0
nt@synapse_cleft 2933 -0.020431277 0.000684074756 0.00998113247 0 0 0
nt@synapse_cleft 2935 -0.0401415088 -0.00419096286 0.00874170592 0 0 0
nt@synapse_cleft 2938 0.0123447563 -0.0211374241 0.0158899602 0 0 0
nt@synapse_cleft 2940 0.00402598684 -0.0204341014 0.00408681419 0 0 0
nt@synapse_cleft 2945 -0.0193946047 -0.0125788553 0.00776476834 0 0 0
nt@synapse_cleft 2946 0.00364867887 0.000972051636 0.00189059307 0 0 0
nt@synapse_cleft 2951 -0.0199518473 0.00716432946 0.00201628647 0 0 0
nt@synapse_cleft 2955 -0.0229185811 -0.00132900723 0.010396483 0 0 0
nt@synapse_cleft 2961 0.0614326532 -0.0353163638 0.00704917983 0 0 0
nt@synapse_cleft 2962 0.00974231539 0.00248174799 0.0154726197 0 0 0
nt@synapse_cleft 2967 -0.0282649868 -0.0498917202 0.000813076096 0 0 0
nt@synapse_cleft 2982 -0.0106981922 0.00276804025 0.00744155906 0 0 0
nt@synapse_cleft 2983 0.0228834969 -0.0447947352 0.00496704863 0 0 0
nt@synapse_cleft 2992 -0.039691093 0.015372411 0.00518329423 0 0 0
nt@synapse_cleft 2993 -0.0143429974 0.0326912254 0.00195535878 0 0 0
nt@synapse_cleft 2997 0.0264178895 -0.0171436427 0.00462409573 0 0 0
nt@synapse_cleft 3006 0.00057973634 0.0342686871 0.00833854603 0 0 0
nt@synapse_cleft 3008 0.0149285437 0.0531086002 0.0170651749 0 0 0
nt@synapse_cleft 3012 0.0237946987 -0.000958217532 0.00676581462 0 0 0
nt@synapse_cleft 3019 -0.0107423052 -0.00489000593 0.0016176194 0 0 0
nt@synapse_cleft 3020 -0.0169415248 -0.0191722579 0.00918082874 0 0 0
nt@synapse_cleft 3024 0.0155673476 0.0205935121 0.000331824315 0 0 0
nt@synapse_cleft 3026 -0.0129211848 -0.00372402082 0.00042951265 0 0 0
nt@synapse_cleft 3042 -0.00195098801 0.00384296647 0.0173756335 0 0 0
nt@synapse_cleft 3047 0.0297433892 0.0504180033 0.00611634363 0 0 0
nt@synapse_cleft 3057 0.0183620934 -0.0162244629 0.0184805625 0 0 0
nt@synapse_cleft 3061 -0.012969597 0.0286152173 0.0192306537 0 0 0
nt@synapse_cleft 3062 0.00878010736 -0.0262135896 0.0164230423 0 0 0
nt@synapse_cleft 3069 0.047364963 -0.0359629267 0.00242826289 0 0 0
nt@synapse_cleft 3073 0.00454921994 0.0333118086 0.00529836436 0 0 0
nt@synapse_cleft 3076 -0.0285927483 -0.00200114895 0.000545269455 0 0 0
nt@synapse_cleft 3078 -0.025788449 -0.0193128062 0.0114407585 0 0 0
nt@synapse_cleft 3082 0.0175294553 0.0225400943 0.014521385 0 0 0
nt@synapse_cleft 3089 0.0120989787 -0.0116979737 0.00123195675 0 0 0
nt@synapse_cleft 3092 -0.00823418461 0.0116354452 0.00842762591 0 0 0
nt@synapse_cleft 3096 -0.00118473221 0.021587991 0.000928568754 0 0 0
nt@synapse_cleft 3097 0.0395966003 0.0114789473 0.00772524337 0 0 0
nt@synapse_cleft 3099 -0.0251457084 0.0139702751 0.0152841563 0 0 0
nt@synapse_cleft 3109 -0.0289847453 0.024874812 0.0114651184 0 0 0
nt@synapse_cleft 3111 -0.00666793155 -0.0118618193 0.00398401499 0 0 0
nt@synapse_cleft 3113 -0.0105404648 0.0210168941 0.0172352856 0 0 0
nt@synapse_cleft 3114 0.0135360267 0.0287473321 0.0161609037 0 0 0
nt@synapse_cleft 3122 -0.00513623229 -0.00558256119 0.00560356178 0 0 0
nt@synapse_cleft 3132 -0.0258858077 -0.00375138403 0.00346305464 0 0 0
nt@synapse_cleft 3134 -0.0025906686 0.0356574747 0.0188099443 0 0 0
nt@synapse_cleft 3144 -0.00694276682 -0.0549513163 0.0178315595 0 0 0
nt@synapse_cleft 3147 -0.00236508637 0.000143482052 0.0083498772 0 0 0
nt@synapse_cleft 3148 -0.0168252797 -0.00618561979 0.00793035789 0 0 0
nt@synapse_cleft 3150 0.0261232296 -0.0620231098 0.0083252827 0 0 0
nt@synapse_cleft 3155 -0.00412338177 0.0119853744 0.0141868286 0 0 0
nt@synapse_cleft 3158 -0.0218839939 0.000540179642 0.00574739072 0 0 0
nt@synapse_cleft 3159 -0.0205941811 0.0155125106 0.00998352747 0 0 0
nt@synapse_cleft 3165 0.0293714872 0.00436004204 0.0131363859 0 0 0
nt@synapse_cleft 3167 0.00172209682 0.00830065846 0.012677518 0 0 0
nt@synapse_cleft 3170 0.0256626622 -0.0143146693 0.0156475597 0 0 0
nt@synapse_cleft 3172 -0.0435682312 0.00377619521 0.0100722826 0 0 0
nt@synapse_cleft 3177 0.0100588833 -0.0285714723 0.00802845222 0 0 0
nt@synapse_cleft 3178 -0.00999090037 -0.0108083833 0.00134823042 0 0 0
nt@synapse_cleft 3179 0.0143829745 -0.00588224128 0.00349013795 0 0 0
nt@synapse_cleft 3181 0.015007243 0.0165348295 0.0184897114 0 0 0
nt@synapse_cleft 3182 -0.0142613569 -0.0164552727 0.0127384482 0 0 0
nt@synapse_cleft 3183 -0.0105030434 -0.0226568542 0.0162135095 0 0 0
nt@synapse_cleft 3184 0.0062720753 0.0177400331 0.00404963603 0 0 0
nt@synapse_cleft 3185 -0.0152747531 -0.0141018198 0.00183588207 0 0 0
nt@synapse_cleft 3187 -0.0215517768 0.00259771194 0.00685512192 0 0 0
nt@synapse_cleft 3190 0.0207177353 -0.00866693771 0.0039779759 0 0 0
nt@synapse_cleft 3195 -0.0151114432 -0.000404782294 0.007987132 0 0 0
nt@synapse_cleft 3199 -0.00686179139 0.0418167495 0.0122582712 0 0 0
nt@synapse_cleft 3202 0.00332848991 0.0283980127 0.0161701828 0 0 0
nt@synapse_cleft 3207 -0.0123753746 0.0001018742 0.0168735735 0 0 0
nt@synapse_cleft 3211 0.0138797025 0.0107735518 0.0131371346 0 0 0
nt@synapse_cleft 3214 0.0084334911 -0.00446848743 0.0141625624 0 0 0
nt@synapse_cleft 3219 0.00185703017 -0.0550636011 0.00148841625 0 0 0
nt@synapse_cleft 3220 -0.00470057367 0.0158279189 0.0115152959 0 0 0
nt@synapse_cleft 3222 -0.0588224282 -0.0160414649 0.00844161573 0 0 0
nt@synapse_cleft 3227 -0.00106767048 0.00362413268 0.0105866103 0 0 0
nt@synapse_cleft 3230 -0.0591086947 -0.0202660902 0.00267097448 0 0 0
nt@synapse_cleft 3247 0.00962681366 -2.30413149e-05 0.0135305541 0 0 0
nt@synapse_cleft 3248 -0.0137922013 -0.0191517398 0.0150855515 0 0 0
nt@synapse_cleft 3249 0.00228677341 0.00713600249 0.0108277012 0 0 0
nt@synapse_cleft 3275 0.0019201459 -0.013439494 0.0186622637 0 0 0
nt@synapse_cleft 3284 0.00861049628 0.00683421954 0.00259962056 0 0 0
nt@synapse_cleft 3302 0.00615469487 -0.0290644369 0.0011699145 0 0 0
nt@synapse_cleft 3304 0.0238697801 0.053140139 0.00284449046 0 0 0
nt@synapse_cleft 3308 -0.00783016564 0.0336767799 0.00774244073 0 0 0
nt@synapse_cleft 3311 -0.030847711 0.0275780308 0.0158451591 0 0 0
nt@synapse_cleft 3312 -0.0108573513 -0.017744664 0.000456040856 0 0 0
nt@synapse_cleft 3313 -4.56047515e-05 -0.0119843166 0.0129391173 0 0 0
nt@synapse_cleft 3316 0.0188261268 -0.00624145022 0.00103492181 0 0 0
nt@synapse_cleft 3324 -0.00426800324 -0.00380942788 0.00346686335 0 0 0
nt@synapse_cleft 3326 0.00499091369 -0.0139399097 0.00603061831 0 0 0
nt@synapse_cleft 3327 0.000824522633 -0.0370903294 0.0157222806 0 0 0
nt@synapse_cleft 3334 0.0189842525 0.0117106749 0.0138012693 0 0 0
nt@synapse_cleft 3335 0.0342963375 -0.00639127287 0.0198774542 0 0 0
nt@synapse_cleft 3338 0.00109118326 -0.0317689999 0.00708426427 0 0 0
nt@synapse_cleft 3341 0.0064903698 -0.00401425665 0.00324396568 0 0 0
nt@synapse_cleft 3342 -0.00688910262 0.00066186458 0.0198684576 0 0 0
nt@synapse_cleft 3347 0.0301216052 -0.0428958325 0.00314766329 0 0 0
nt@synapse_cleft 3354 -0.0082187001 -0.020979728 0.0093820324 0 0 0
nt@synapse_cleft 3367 0.00159776656 0.0246228783 0.00994302277 0 0 0
nt@synapse_cleft 3372 -0.0240210296 -0.00920348476 0.0107626519 0 0 0
nt@synapse_cleft 3375 0.0483940765 0.00852027347 0.0128978419 0 0 0
nt@synapse_cleft 3378 0.0178118192 0.0282736119 0.0121578933 0 0 0
nt@synapse_cleft 3381 0.0122024185 0.0142785543 0.000703636749 0 0 0
nt@synapse_cleft 3394 -0.00656717233 -0.0199453691 0.0134154786 0 0 0
nt@synapse_cleft 3401 0.0336170214 -0.000331005534 0.0168245108 0 0 0
nt@synapse_cleft 3402 -0.00273363871 0.000594147198 0.00334597527 0 0 0
nt@synapse_cleft 3404 0.0263787429 -0.0241306137 0.0162666611 0 0 0
nt@synapse_cleft 3405 0.0166816568 0.0245865136 0.00135712 0 0 0
nt@synapse_cleft 3407 0.000764460928 0.0408932306 0.0105318619 0 0 0
nt@synapse_cleft 3413 0.0155565595 0.00510335241 0.00502185904 0 0 0
nt@synapse_cleft 3415 -0.0203647151 0.0110733961 0.0177598358 0 0 0
nt@synapse_cleft 3416 -0.0173731626 -0.0240701691 0.000524836784 0 0 0
nt@synapse_cleft 3419 -0.0366558302 0.0306922239 0.00974792647 0 0 0
nt@synapse_cleft 3429 0.0392642674 -0.0182235271 0.0187217956 0 0 0
nt@synapse_cleft 3432 0.050642518 -0.0587975401 0.0189321941 0 0 0
nt@synapse_cleft 3434 0.0156674705 -0.0232504475 0.00664886912 0 0 0
nt@synapse_cleft 3445 0.00603966711 0.0142711827 0.015309146 0 0 0
nt@synapse_cleft 3451 0.0181359965 0.0137249578 0.00353642976 0 0 0
nt@synapse_cleft 3455 0.00957680366 -0.0119030147 0.0196632346 0 0 0
nt@synapse_cleft 3467 -0.0561777631 0.00787154828 0.00860728275 0 0 0
nt@synapse_cleft 3470 0.0336135926 -0.0074020852 0.0177182062 0 0 0
nt@synapse_cleft 3472 -0.029070089 0.00632584554 0.0197131549 0 0 0
nt@synapse_cleft 3474 0.0344883216 -0.00183493303 0.00590966655 0 0 0
nt@synapse_cleft 3482 -0.0526696684 -0.0402301159 0.0152824146 0 0 0
nt@synapse_cleft 3484 -0.0100414982 0.0267337638 0.0190842985 0 0 0
nt@synapse_cleft 3490 0.0441305551 0.0394114828 0.0176424733 0 0 0
nt@synapse_cleft 3496 0.00927741931 -0.00034823024 0.0195855286 0 0 0
nt@synapse_cleft 3500 0.00758586583 -0.0350000823 0.0132102073 0 0 0
nt@synapse_cleft 3502 0.0305808293 0.0171885497 0.00666094299 0 0 0
nt@synapse_cleft 3507 -0.0205152088 -0.0128408768 0.00963089989 0 0 0
nt@synapse_cleft 3511 0.0303955284 -0.0172074889 0.0173883991 0 0 0
nt@synapse_cleft 3514 -0.00974771054 -0.00678747591 0.0193489763 0 0 0
nt@synapse_cleft 3519 0.0335343048 -0.027225497 0.0075213502 0 0 0
nt@synapse_cleft 3525 0.00413378582 -0.00950958184 0.00314081471 0 0 0
nt@synapse_cleft 3526 0.0174328973 -0.0401334847 0.00401772709 0 0 0
nt@synapse_cleft 3529 -0.0392416027 -0.000852057981 0.00945092746 0 0 0
nt@synapse_cleft 3535 0.00551580934 -0.00763995588 0.0182174204 0 0 0
nt@synapse_cleft 3536 -0.0127569552 0.0165007347 0.00126731036 0 0 0
nt@synapse_cleft 3538 -0.0143763222 0.00286457302 0.007499739 0 0 0
nt@synapse_cleft 3539 -0.0468862006 0.0267273549 0.00749590422 0 0 0
nt@synapse_cleft 3542 0.000913087789 0.033543595 0.0105021139 0 0 0
nt@synapse_cleft 3543 -0.00785015656 -0.00554553812 0.0118501171 0 0 0
nt@synapse_cleft 3546 -0.0162088657 0.0106214089 0.00925312462 0 0 0
nt@synapse_cleft 3555 -0.0178099406 -0.00664509151 0.00649330285 0 0 0
nt@synapse_cleft 3561 -0.0153142925 0.0113862238 0.000988941128 0 0 0
nt@synapse_cleft 3562 -0.0497962759 -0.00293264222 0.0168673557 0 0 0
nt@synapse_cleft 3563 0.00515594049 -0.00837663798 0.0121639984 0 0 0
nt@synapse_cleft 3565 0.0251164063 -0.0168412509 0.00308198485 0 0 0
nt@synapse_cleft 3566 -0.00137911865 0.046914272 0.00865123108 0 0 0
nt@synapse_cleft 3567 0.0061827321 0.0139192771 0.0197828838 0 0 0
nt@synapse_cleft 3568 0.0233936155 -0.0224327706 0.0160334223 0 0 0
nt@synapse_cleft 3569 0.0187376082 -0.00403418187 0.0187140507 0 0 0
nt@synapse_cleft 3575 -0.0263424263 0.0110028103 9.53536935e-05 0 0 0
nt@synapse_cleft 3576 0.0283054042 -0.000312814235 0.00488348303 0 0 0
nt@synapse_cleft 3579 0.00240924728 -0.0192219531 0.00409156475 0 0 0
nt@synapse_cleft 3583 -0.00544703684 0.00507787751 0.0167559074 0 0 0
nt@synapse_cleft 3585 0.0124092368 0.00155836491 0.0155390504 0 0 0
nt@synapse_cleft 3592 0.0324455475 0.0198532417 0.018392197 0 0 0
nt@synapse_cleft 3595 -0.0165104014 0.00034567423 0.00582063056 0 0 0
nt@synapse_cleft 3597 0.0111571191 -0.0276585423 0.0113557949 0 0 0
nt@synapse_cleft 3599 0.0212167883 -0.037953191 0.00849719274 0 0 0
nt@synapse_cleft 3602 -0.0324634408 -0.00523765683 0.00225103699 0 0 0
nt@synapse_cleft 3603 -0.00701659564 0.0206321399 0.0091735398 0 0 0
nt@synapse_cleft 3606 -0.00974617722 -0.0102517452 0.013562923 0 0 0
nt@synapse_cleft 3610 -0.00839610878 6.68710504e-05 0.00260261276 0 0 0
nt@synapse_cleft 3611 0.0168008306 0.0013405966 0.00230189215 0 0 0
nt@synapse_cleft 3616 -0.0320309465 0.031664791 0.0135097142 0 0 0
nt@synapse_cleft 3617 -0.0087048795 -0.0511178317 0.0120583817 0 0 0
nt@synapse_cleft 3620 0.00570220238 0.0315765586 0.0145450674 0 0 0
nt@synapse_cleft 3625 0.0141581365 0.00719581383 0.0179495606 0 0 0
nt@synapse_cleft 3630 0.0209351684 0.0214690878 0.00605594221 0 0 0
nt@synapse_cleft 3635 -0.00429292621 0.00756860584 0.00677305489 0 0 0
nt@synapse_cleft 3636 -0.0234347643 -0.016153329 0.00799854051 0 0 0
nt@synapse_cleft 3637 0.0496802478 0.0242186845 0.00794691636 0 0 0
nt@synapse_cleft 3640 -0.0168950466 0.00332016696 0.0158398441 0 0 0
nt@synapse_cleft 3642 -0.0264515847 0.00400618404 0.0183036399 0 0 0
nt@synapse_cleft 3645 -0.00320878023 -0.0175448385 0.00820825034 0 0 0
nt@synapse_cleft 3654 0.00363037397 0.0478945662 0.0122507168 0 0 0
nt@synapse_cleft 3656 0.00235793819 -0.00792635196 0.0161758694 0 0 0
nt@synapse_cleft 3658 0.0182974868 -0.015941237 0.0170542503 0 0 0
nt@synapse_cleft 3661 0.0181289948 0.00148931048 0.0143154797 0 0 0
nt@synapse_cleft 3664 0.0381009089 -0.0230784839 0.00568427134 0 0 0
nt@synapse_cleft 3667 -0.0112289836 0.0145709082 0.00818468618 0 0 0
nt@synapse_cleft 3670 0.0257824201 -0.0354901044 0.0156380337 0 0 0
nt@synapse_cleft 3676 -0.0385262242 0.00815581327 0.00955451241 0 0 0
nt@synapse_cleft 3680 0.0116095848 -0.00775644416 0.00652389764 0 0 0
nt@synapse_cleft 3681 0.0309764208 -0.00335270623 0.000945598896 0 0 0
nt@synapse_cleft 3687 -0.00270781227 0.00885114057 0.0179984862 0 0 0
nt@synapse_cleft 3689 -0.00892464253 -0.00282118293 0.0100583038 0 0 0
nt@synapse_cleft 3690 0.0242875048 -0.0107661161 0.0178874424 0 0 0
nt@synapse_cleft 3693 -0.0575687128 -0.0325574063 0.000408423303 0 0 0
nt@synapse_cleft 3706 0.031632698 -0.000626494222 0.0187416097 0 0 0
nt@synapse_cleft 3707 -0.0389690955 -0.0028320804 0.0105706705 0 0 0
nt@synapse_cleft 3713 0.0228791332 -0.0318115989 0.0119391491 0 0 0
nt@synapse_cleft 3714 -0.0592818018 -0.00152719475 0.0142042297 0 0 0
nt@synapse_cleft 3726 0.0132054815 -0.0649859202 0.0197102612 0 0 0
nt@synapse_cleft 3728 0.00209892187 0.0159643797 0.00908291617 0 0 0
nt@synapse_cleft 3730 0.0192625648 0.0257976066 0.0199668599 0 0 0
nt@synapse_cleft 3731 -0.00584512157 0.00678052539 0.0194330018 0 0 0
nt@synapse_cleft 3732 0.00177212919 -0.0131105359 0.0159723982 0 0 0
nt@synapse_cleft 3734 0.00483115072 -0.000300097911 0.0167785309 0 0 0
nt@synapse_cleft 3737 0.00447975113 0.00381613464 0.0178618228 0 0 0
nt@synapse_cleft 3738 -0.002898215 0.0254182748 0.0181616258 0 0 0
nt@synapse_cleft 3739 0.00519457847 0.0468654001 0.0110183921 0 0 0
nt@synapse_cleft 3745 -0.000507027471 0.0194025615 0.00316576307 0 0 0
nt@synapse_cleft 3751 0.00583020881 -0.00327588401 0.0021724901 0 0 0
nt@synapse_cleft 3758 -0.0245783931 -0.0206375922 0.00867283851 0 0 0
nt@synapse_cleft 3759 -0.00118981281 -0.0170288895 0.00167089255 0 0 0
nt@synapse_cleft 3760 -0.016933299 0.0492227164 0.00855365839 0 0 0
nt@synapse_cleft 3763 0.054228289 0.0283108026 0.0195214237 0 0 0
nt@synapse_cleft 3768 0.00848904255 -0.0213710293 0.00656462899 0 0 0
nt@synapse_cleft 3770 0.00171029635 0.0111410535 0.00829165512 0 0 0
nt@synapse_cleft 3771 0.0151595644 0.0028448122 0.00939898378 0 0 0
nt@synapse_cleft 3775 0.00360040111 0.0138109946 0.00621507659 0 0 0
nt@synapse_cleft 3783 -0.0257269848 0.000850317935 0.0159339249 0 0 0
nt@synapse_cleft 3788 -0.0188475902 -0.0168280985 0.0106741434 0 0 0
nt@synapse_cleft 3793 -0.00878594268 -0.0127690523 0.00512937733 0 0 0
nt@synapse_cleft 3800 0.0335270069 -0.010862525 0.0134484397 0 0 0
nt@synapse_cleft 3801 -0.0150199519 -0.00221663864 0.0177918132 0 0 0
nt@synapse_cleft 3802 0.031555667 0.00941875042 0.00303429745 0 0 0
nt@synapse_cleft 3811 -0.0401017688 -0.0110023102 0.0133010313 0 0 0
nt@synapse_cleft 3820 -0.0393123099 0.000300526829 0.00528557685 0 0 0
nt@synapse_cleft 3821 0.0287453017 0.0280716652 0.0094433574 0 0 0
nt@synapse_cleft 3827 0.00872313541 0.013890261 0.0122743042 0 0 0
nt@synapse_cleft 3831 -0.00492565329 -0.0459310448 0.00288085569 0 0 0
nt@synapse_cleft 3834 0.0488575014 -0.0132507253 0.0114514186 0 0 0
nt@synapse_cleft 3835 0.0241295697 -0.0314303797 0.00502038527 0 0 0
nt@synapse_cleft 3841 0.0202007537 -0.0133002258 0.0170596716 0 0 0
nt@synapse_cleft 3844 -0.0127407314 -0.00677036489 0.0195010313 0 0 0
nt@synapse_cleft 3846 -0.00979648874 0.00769982217 0.0144303061 0 0 0
nt@synapse_cleft 3848 0.0173293699 0.0208155541 0.0175921053 0 0 0
nt@synapse_cleft 3850 -0.013291549 -0.0114048365 0.0107607304 0 0 0
nt@synapse_cleft 3859 0.0277879982 0.0105998309 0.013692271 0 0 0
nt@synapse_cleft 3869 0.0133601298 -0.0278229686 0.017947938 0 0 0
nt@synapse_cleft 3879 0.00998399886 -0.0383221749 0.0152963347 0 0 0
nt@synapse_cleft 3886 0.00821870262 0.0415370433 0.018615458 0 0 0
nt@synapse_cleft 3891 -0.00625184587 -0.0170866344 0.0152373457 0 0 0
nt@synapse_cleft 3902 -0.0152590493 0.00397519835 0.00774603965 0 0 0
nt@synapse_cleft 3907 -0.0229552 -0.0167210564 0.00828586333 0 0 0
nt@synapse_cleft 3908 -0.0140742649 0.0304631975 8.47108456e-05 0 0 0
nt@synapse_cleft 3909 0.0141418804 0.0321862129 0.00213607028 0 0 0
nt@synapse_cleft 3917 -0.0048351789 -0.00851189048 0.00735577419 0 0 0
nt@synapse_cleft 3918 0.00104040987 -0.00805838442 0.00509646705 0 0 0
nt@synapse_cleft 3921 0.019600782 0.0269403479 0.0127102532 0 0 0
nt@synapse_cleft 3927 0.00681840303 0.0312472477 0.0139068393 0 0 0
nt@synapse_cleft 3932 0.0130611848 -0.0150148035 0.015248662 0 0 0
nt@synapse_cleft 3936 -0.0324801024 0.0212706232 0.0196357679 0 0 0
nt@synapse_cleft 3940 0.00565838743 -0.018791954 0.0013379935 0 0 0
nt@synapse_cleft 3941 -0.016863931 0.0052226575 0.00315936293 0 0 0
nt@synapse_cleft 3949 -0.0128229092 0.00511510735 0.00489320904 0 0 0
nt@synapse_cleft 3952 -0.0183228507 -0.000107074969 0.0164727681 0 0 0
nt@synapse_cleft 3953 0.0026470538 -0.00737539505 0.00119117673 0 0 0
nt@synapse_cleft 3956 -0.00956915658 -0.0154103063 0.0113368038 0 0 0
nt@synapse_cleft 3957 0.0187156619 -0.00179319267 0.0154482563 0 0 0
nt@synapse_cleft 3958 0.0177800397 0.023838668 0.00615588497 0 0 0
nt@synapse_cleft 3962 -0.0295638669 0.0196095878 0.00477363237 0 0 0
nt@synapse_cleft 3963 0.0215943883 0.0345688271 0.00511835679 0 0 0
nt@synapse_cleft 3965 -0.0325850633 -8.42085252e-05 0.0121230802 0 0 0
nt@synapse_cleft 3967 0.015798748 -0.0197170997 0.00802211656 0 0 0
nt@synapse_cleft 3968 0.0183910496 -0.00186584417 0.0195267946 0 0 0
nt@synapse_cleft 3969 0.00584755619 -0.0317315942 0.00934873093 0 0 0
nt@synapse_cleft 3971 0.0166864956 -0.0250403086 0.0101496988 0 0 0
nt@synapse_cleft 3973 0.0173336583 -0.00387381211 0.0136775786 0 0 0
nt@synapse_cleft 3974 -0.0320931438 0.0283968435 0.00989190571 0 0 0
nt@synapse_cleft 3977 0.00591687774 0.0236196527 0.00105297157 0 0 0
nt@synapse_cleft 3978 0.0172651172 0.00172337693 0.0191325751 0 0 0
nt@synapse_cleft 3983 -0.0115628769 -0.030945801 0.00867211091 0 0 0
nt@synapse_cleft 3988 -0.0143251354 -0.0309447672 0.00838905612 0 0 0
nt@synapse_cleft 3989 0.0449403934 0.00649119606 0.00846657319 0 0 0
nt@synapse_cleft 3991 0.0681914034 -0.0176633141 0.00846722083 0 0 0
nt@synapse_cleft 3992 0.00174713565 0.0172063302 0.0187868793 0 0 0
nt@synapse_cleft 3993 -0.0268545122 0.00114014695 0.00381323369 0 0 0
nt@synapse_cleft 3995 -0.0422028623 0.00972752383 0.00439248359 0 0 0
nt@synapse_cleft 3997 -0.0438544605 -4.13735885e-05 0.0187131433 0 0 0
nt@synapse_cleft 3999 -0.031576191 -0.011485187 0.0103915995 0 0 0
nt@synapse_cleft 4009 0.0108251811 -0.00677990716 0.00536633045 0 0 0
nt@synapse_cleft 4011 0.00474284029 -0.0109051152 0.00233898656 0 0 0
nt@synapse_cleft 4016 0.000549981644 0.0577144436 0.010391086 0 0 0
nt@synapse_cleft 4018 0.00488625926 0.00463565146 0.00252933219 0 0 0
nt@synapse_cleft 4022 -0.0208667329 -0.00874935868 0.00556227219 0 0 0
nt@synapse_cleft 4024 -0.00679286907 0.0361276371 0.00331687742 0 0 0
nt@synapse_cleft 4025 -0.0280557008 0.00414609572 0.0155665356 0 0 0
nt@synapse_cleft 4027 0.00474191598 -0.0174177161 0.00867764109 0 0 0
nt@synapse_cleft 4028 -0.0177959796 0.019347599 0.00500321758 0 0 0
nt@synapse_cleft 4029 0.0292358215 0.00185356932 0.00695449402 0 0 0
nt@synapse_cleft 4033 -0.0134456447 -0.0183060482 0.0110461942 0 0 0
nt@synapse_cleft 4037 -0.00574932359 0.0250985915 0.0128817704 0 0 0
nt@synapse_cleft 4040 0.00109808149 0.00513729053 0.0160688273 0 0 0
nt@synapse_cleft 4047 -0.0105323902 0.0169586719 0.0186071353 0 0 0
nt@synapse_cleft 4048 0.0217534939 0.0214552482 0.0165073918 0 0 0
nt@synapse_cleft 4049 0.0322954026 0.00431045316 0.0145281046 0 0 0
nt@synapse_cleft 4051 0.0143641022 0.00952088571 0.0117225551 0 0 0
nt@synapse_cleft 4064 0.0168622721 0.00196877447 0.010038424 0 0 0
nt@synapse_cleft 4070 -0.0136020809 0.0208809702 0.0095142354 0 0 0
nt@synapse_cleft 4071 -0.0393248161 -0.0296178047 0.0137379418 0 0 0
nt@synapse_cleft 4087 0.00437415959 0.0422781235 0.00214671064 0 0 0
nt@synapse_cleft 4094 0.0294476182 -0.0390151243 0.0131775826 0 0 0
nt@synapse_cleft 4095 0.020237088 0.0199116397 0.0148934409 0 0 0
nt@synapse_cleft 4097 -0.00762069669 -0.0172330336 0.0120513176 0 0 0
nt@synapse_cleft 4099 -0.00639371578 0.0245787171 0.00746110431 0 0 0
nt@synapse_cleft 4102 0.0380452396 -0.0196932112 0.013900374 0 0 0
nt@synapse_cleft 4103 -0.0119352839 -0.00605465624 0.00784417473 0 0 0
nt@synapse_cleft 4106 0.0130649753 0.00400301972 0.00668595176 0 0 0
nt@synapse_cleft 4107 0.0360728736 -0.00314625764 0.0095532481 0 0 0
nt@synapse_cleft 4110 -0.0200810211 0.00707559671 0.00247276918 0 0 0
nt@synapse_cleft 4111 0.0331698254 0.0168834455 0.00574775621 0 0 0
nt@synapse_cleft 4115 0.00131164468 0.0120249783 0.00873112079 0 0 0
nt@synapse_cleft 4116 -0.00500201744 -0.0016219371 0.00941483944 0 0 0
nt@synapse_cleft 4119 0.0244339153 -0.0428346275 0.0148963489 0 0 0
nt@synapse_cleft 4123 0.0240810357 0.0249092434 0.00043551468 0 0 0
nt@synapse_cleft 4126 0.03074195 -0.0238068834 0.00723979585 0 0 0
nt@synapse_cleft 4129 -0.0259888915 0.0110653718 0.000994874422 0 0 0
nt@synapse_cleft 4131 -0.0274589237 0.0128471457 0.00739720716 0 0 0
nt@synapse_cleft 4132 0.0279902156 0.0145416571 0.0121909099 0 0 0
nt@synapse_cleft 4135 0.00417625568 -0.0105762823 0.00639734741 0 0 0
nt@synapse_cleft 4143 -0.0224407782 -0.0132754277 0.0163657813 0 0 0
nt@synapse_cleft 4144 0.00473538992 0.000554080674 0.00367953546 0 0 0
nt@synapse_cleft 4150 -0.0374586407 -0.0582152534 0.0131741631 0 0 0
nt@synapse_cleft 4153 -0.00824668466 -0.0132684729 0.00143406536 0 0 0
nt@synapse_cleft 4155 0.0167383578 -0.0383019101 0.00858143557 0 0 0
nt@synapse_cleft 4156 0.0198298313 -0.0102038779 0.00097857602 0 0 0
nt@synapse_cleft 4157 0.00110603289 0.0126312634 0.00689301179 0 0 0
nt@synapse_cleft 4158 -0.00329348187 0.00559653316 0.00163257714 0 0 0
nt@synapse_cleft 4162 0.022464501 -0.0225893306 0.0150380409 0 0 0
nt@synapse_cleft 4163 -0.0030567542 0.0259180896 0.0183845434 0 0 0
nt@synapse_cleft 4170 -0.0548816577 0.00320541266 0.0167059229 0 0 0
nt@synapse_cleft 4172 -0.0303313992 -0.0029867882 0.0123281118 0 0 0
nt@synapse_cleft 4177 -0.0384471747 0.0477282935 0.00655860602 0 0 0
nt@synapse_cleft 4178 -0.0213171413 -0.0499157796 0.0149549938 0 0 0
nt@synapse_cleft 4184 0.00768734709 -0.0154293369 0.00319827265 0 0 0
nt@synapse_cleft 4186 -0.00724254064 -0.00163868175 0.0116208093 0 0 0
nt@synapse_cleft 4187 -0.0235514128 -0.0132960519 0.00881094408 0 0 0
nt@synapse_cleft 4193 -0.0141928671 -0.0263029065 0.00688136359 0 0 0
nt@synapse_cleft 4196 -0.0317591797 0.0121449617 0.00925183476 0 0 0
nt@synapse_cleft 4205 0.0383518521 -0.00246915635 0.0125766985 0 0 0
nt@synapse_cleft 4210 0.0197925436 -0.00213531137 0.00763377341 0 0 0
nt@synapse_cleft 4214 -0.0435402839 0.00610203122 0.0118554683 0 0 0
nt@synapse_cleft 4215 0.0171618326 -0.0463894164 0.0151681174 0 0 0
nt@synapse_cleft 4220 -0.00719504959 -0.0141766282 0.00898990003 0 0 0
nt@synapse_cleft 4228 0.021450877 -0.00796187203 0.0140278406 0 0 0
nt@synapse_cleft 4229 -0.0242634274 -0.0201542621 0.01569734 0 0 0
nt@synapse_cleft 4230 -0.00739804428 0.0205054037 0.00819175553 0 0 0
nt@synapse_cleft 4233 0.00221534275 0.0130958846 0.0073379801 0 0 0
nt@synapse_cleft 4234 -0.00474122762 -0.0167485867 0.000110499658 0 0 0
nt@synapse_cleft 4236 -0.00468201154 0.00551794915 0.0187464026 0 0 0
nt@synapse_cleft 4237 0.00265701052 -0.0274578266 0.00881368805 0 0 0
nt@synapse_cleft 4238 -0.0157970818 -0.0323447545 0.012638275 0 0 0
nt@synapse_cleft 4241 -0.0411834827 -0.00217575933 0.00952002226 0 0 0
nt@synapse_cleft 4242 0.00976569322 -0.0046992627 0.0187789622 0 0 0
nt@synapse_cleft 4243 0.022948892 -0.00920944559 0.0196009123 0 0 0
nt@synapse_cleft 4252 0.0366664915 -0.0174164437 0.0193186851 0 0 0
nt@synapse_cleft 4254 0.00672756456 0.0109108958 0.00904346871 0 0 0
nt@synapse_cleft 4255 -0.0199169739 -0.0428620737 0.0179068113 0 0 0
nt@synapse_cleft 4262 0.0380146762 -0.010557094 0.00276494414 0 0 0
nt@synapse_cleft 4271 0.00754435234 -0.0151148624 0.0164260562 0 0 0
nt@synapse_cleft 4272 -0.00532566459 0.0232131503 0.0160576635 0 0 0
nt@synapse_cleft 4279 0.00542912558 -0.0249942363 0.0171985859 0 0 0
nt@synapse_cleft 4283 -0.033749255 -0.00486500526 0.0190902954 0 0 0
nt@synapse_cleft 4284 0.030076421 -0.0059583827 0.000218097579 0 0 0
nt@synapse_cleft 4285 -0.0235100587 0.0439302016 0.003706113 0 0 0
nt@synapse_cleft 4287 0.0460751705 0.00468179485 0.0117083835 0 0 0
nt@synapse_cleft 4288 0.0176696621 -0.0256792704 0.0180716816 0 0 0
nt@synapse_cleft 4293 -0.00481508354 -0.0254526108 0.00503061636 0 0 0
nt@synapse_cleft 4297 0.0316448703 -0.0276419587 0.000800170983 0 0 0
nt@synapse_cleft 4301 0.0181302777 -0.00537450461 0.010915671 0 0 0
nt@synapse_cleft 4308 0.00731224491 0.00341567739 0.0164408469 0 0 0
nt@synapse_cleft 4312 -0.0174606269 -0.0248293579 0.0164346781 0 0 0
nt@synapse_cleft 4317 -0.00530654403 0.0242549632 0.0122952092 0 0 0
nt@synapse_cleft 4318 -0.0155589618 -0.0180878552 0.00956895344 0 0 0
nt@synapse_cleft 4322 0.0139874785 0.016766657 0.00786697965 0 0 0
nt@synapse_cleft 4326 0.0228962616 -0.0121720044 0.0043428526 0 0 0
nt@synapse_cleft 4330 -0.00904515579 0.00686114136 0.00798889242 0 0 0
nt@synapse_cleft 4334 -0.00445085969 -0.00947997298 0.0117851351 0 0 0
nt@synapse_cleft 4335 -0.0106250858 0.0337070805 0.00147279134 0 0 0
nt@synapse_cleft 4339 -0.0198509709 -0.00591406263 0.00412223689 0 0 0
nt@synapse_cleft 4343 -0.0120054796 -0.0338955746 0.0128852848 0 0 0
nt@synapse_cleft 4346 -0.00153022713 -0.0136920004 0.0199480576 0 0 0
nt@synapse_cleft 4351 0.0407103898 0.0117510686 0.00550841084 0 0 0
nt@synapse_cleft 4359 0.0194516814 0.00619974892 0.0109415678 0 0 0
nt@synapse_cleft 4360 0.0179258869 0.0128883281 0.0163435262 0 0 0
nt@synapse_cleft 4363 -0.0450412942 -0.003788597 0.00963946833 0 0 0
nt@synapse_cleft 4365 0.021128437 0.00818964422 0.0144026714 0 0 0
nt@synapse_cleft 4372 0.00314006281 -0.012110045 0.0128699881 0 0 0
nt@synapse_cleft 4374 -0.0203934351 -0.00774371566 0.0151001317 0 0 0
nt@synapse_cleft 4376 -0.0354189391 0.00498609914 0.0016280389 0 0 0
nt@synapse_cleft 4379 0.0421684021 -0.0323128806 0.0143770312 0 0 0
nt@synapse_cleft 4381 -0.00110005764 -0.0217300749 0.00218077399 0 0 0
nt@synapse_cleft 4386 -0.00889600015 -0.0289667743 0.0151021962 0 0 0
nt@synapse_cleft 4391 0.0104084115 -0.0292317267 0.0140350328 0 0 0
nt@synapse_cleft 4392 0.000158295082 -0.00235976958 0.0123063196 0 0 0
nt@synapse_cleft 4394 0.0174969606 -0.0164536774 0.0109522747 0 0 0
nt@synapse_cleft 4395 0.0147124754 -0.0238915217 0.00263129854 0 0 0
nt@synapse_cleft 4396 0.00978122803 -0.0324274369 0.0150113974 0 0 0
nt@synapse_cleft 4398 -0.0267706631 0.0018110604 0.0144618946 0 0 0
nt@synapse_cleft 4399 0.032071438 0.0221288254 0.0157295934 0 0 0
nt@synapse_cleft 4403 -0.0149619837 -0.0242343654 0.00505589249 0 0 0
nt@synapse_cleft 4405 -0.0225058261 -0.0149762817 0.00359568918 0 0 0
nt@synapse_cleft 4407 0.0318447554 -0.0403839926 0.0012387626 0 0 0
nt@synapse_cleft 4414 0.00605729746 -0.00934268486 0.00274324013 0 0 0
nt@synapse_cleft 4416 -0.0166063416 0.0104509475 0.00917520997 0 0 0
nt@synapse_cleft 4423 0.0291502106 -0.0109404461 0.000887765273 0 0 0
nt@synapse_cleft 4424 -0.0282421083 -0.00428870297 0.0174976623 0 0 0
nt@synapse_cleft 4426 0.00704183126 -0.0104429753 0.00164512681 0 0 0
nt@synapse_cleft 4430 -0.00413415336 -0.00377641893 0.00834215138 0 0 0
nt@synapse_cleft 4431 0.00493192606 -0.00841631689 0.00445152983 0 0 0
nt@synapse_cleft 4434 0.0263724336 -0.0226387865 0.0191886996 0 0 0
nt@synapse_cleft 4436 0.0253500029 0.00703063544 0.0121792957 0 0 0
nt@synapse_cleft 4446 0.00602253825 0.0411606065 0.00855866238 0 0 0
nt@synapse_cleft 4449 0.0249785559 0.0465701138 0.0088649993 0 0 0
nt@synapse_cleft 4453 -0.0281649382 0.00809061694 0.00431394276 0 0 0
nt@synapse_cleft 4464 0.015401859 -0.0336042985 0.0144922065 0 0 0
nt@synapse_cleft 4470 -0.00838753228 -0.0254584794 0.0069165314 0 0 0
nt@synapse_cleft 4473 0.00274654522 -0.0147693185 0.00445745964 0 0 0
nt@synapse_cleft 4478 -0.00819204612 0.0255201012 0.0181634957 0 0 0
nt@synapse_cleft 4480 0.00787271807 0.02071349 0.0188055441 0 0 0
nt@synapse_cleft 4482 -0.012163729 0.00717035233 0.0134377339 0 0 0
nt@synapse_cleft 4484 0.0128622017 -0.0195064124 0.00327711043 0 0 0
nt@synapse_cleft 4485 0.0165098408 -0.0105680675 0.00216966068 0 0 0
nt@synapse_cleft 4488 0.0269027004 -0.00285839134 0.0166698146 0 0 0
nt@synapse_cleft 4489 0.0220243726 0.00578403156 0.0096952195 0 0 0
nt@synapse_cleft 4491 -0.00523739976 0.0278296566 0.00368013413 0 0 0
nt@synapse_cleft 4496 -0.0529747103 0.0269245226 0.0125958264 0 0 0
nt@synapse_cleft 4499 -0.0103858328 0.00436178841 0.00155542763 0 0 0
nt@synapse_cleft 4501 0.00881037437 0.00257734998 0.0175250796 0 0 0
nt@synapse_cleft 4514 0.00745715073 0.0137133598 0.00329262956 0 0 0
nt@synapse_cleft 4517 -0.0361969115 0.0380179191 0.00510191557 0 0 0
nt@synapse_cleft 4524 0.0023917957 -0.0273260482 0.00886454755 0 0 0
nt@synapse_cleft 4527 0.0265277872 -0.0280460862 0.0188828751 0 0 0
nt@synapse_cleft 4533 0.00433493546 -0.00460118528 0.00345799818 0 0 0
nt@synapse_cleft 4538 -0.0249642215 -0.0352034537 0.00595158215 0 0 0
nt@synapse_cleft 4540 0.0300962714 -0.00191573291 0.000175509611 0 0 0
nt@synapse_cleft 4542 0.00925200447 0.0242001974 0.00334902335 0 0 0
nt@synapse_cleft 4545 -0.011091777 0.016405489 0.0100193105 0 0 0
nt@synapse_cleft 4551 -0.00795403031 0.0187756631 0.0186139016 0 0 0
nt@synapse_cleft 4553 -0.030639983 0.00574263412 0.000304826928 0 0 0
nt@synapse_cleft 4559 -0.00512831152 0.0329171659 0.00965468523 0 0 0
nt@synapse_cleft 4565 -0.0374717781 -0.0220187946 0.0151838312 0 0 0
nt@synapse_cleft 4572 0.00490195641 0.00971522421 0.0109123824 0 0 0
nt@synapse_cleft 4574 0.0320893189 -0.012342722 0.00387977089 0 0 0
nt@synapse_cleft 4576 -0.040289089 -0.0105052803 0.0159650088 0 0 0
nt@synapse_cleft 4583 -0.00383050824 -0.00604100984 0.00279783962 0 0 0
nt@synapse_cleft 4587 0.0294141311 0.00485550863 0.0127345161 0 0 0
nt@synapse_cleft 4590 -0.0537274016 -0.0248129714 0.018142469 0 0 0
nt@synapse_cleft 4593 -0.0245190986 0.0398969301 0.0189287678 0 0 0
nt@synapse_cleft 4594 0.0186495114 0.00570804743 0.000416855975 0 0 0
nt@synapse_cleft 4595 0.0254801389 -0.0272639422 0.0165063447 0 0 0
nt@synapse_cleft 4598 0.0289928195 3.62574329e-05 0.00940660498 0 0 0
nt@synapse_cleft 4600 -0.0287040645 0.00299845992 0.00585298274 0 0 0
nt@synapse_cleft 4607 -0.00238876915 0.0454402552 0.0094826209 0 0 0
nt@synapse_cleft 4613 0.0458221596 -0.00272065974 0.0168738542 0 0 0
nt@synapse_cleft 4620 0.00393065449 0.00494491771 0.011659928 0 0 0
nt@synapse_cleft 4622 0.0475866958 0.0475806222 0.0127664318 0 0 0
nt@synapse_cleft 4624 0.0132213741 -0.0184084263 0.0130792122 0 0 0
nt@synapse_cleft 4626 0.0206368937 0.00318862558 0.017241327 0 0 0
nt@synapse_cleft 4628 -0.0166932909 -0.00767267843 0.00624531712 0 0 0
nt@synapse_cleft 4641 0.0110002775 -0.0142660244 0.00271159585 0 0 0
nt@synapse_cleft 4654 0.0131333594 -0.0264066819 0.0181387721 0 0 0
nt@synapse_cleft 4658 -0.0290949007 0.0278358996 0.0187982198 0 0 0
nt@synapse_cleft 4659 -0.0569350037 0.0199681998 0.0101418392 0 0 0
nt@synapse_cleft 4660 0.0314129365 -0.0278196471 0.0128194918 0 0 0
nt@synapse_cleft 4661 0.0212699693 -0.0243563649 0.00595711888 0 0 0
nt@synapse_cleft 4664 0.00795598106 -0.0049123678 0.00754487695 0 0 0
nt@synapse_cleft 4666 0.0513062077 0.0202258937 0.0159764082 0 0 0
nt@synapse_cleft 4667 -0.0322889084 0.0355716404 0.0145806857 0 0 0
nt@synapse_cleft 4671 -0.000465993748 -0.0257067304 0.00242766827 0 0 0
nt@synapse_cleft 4681 0.0153835116 -0.0191269625 0.0152879268 0 0 0
nt@synapse_cleft 4687 -0.00679023626 -0.00436736549 0.0173322031 0 0 0
nt@synapse_cleft 4699 -0.0263127693 0.0166674458 0.00496869387 0 0 0
nt@synapse_cleft 4700 -0.0308127835 0.063710846 0.0122403616 0 0 0
nt@synapse_cleft 4701 0.0173024192 0.0181536085 0.0050643514 0 0 0
nt@synapse_cleft 4706 0.00983849507 -0.019390458 0.00390295991 0 0 0
nt@synapse_cleft 4709 -0.00388900631 0.0165948391 0.0037178178 0 0 0
nt@synapse_cleft 4710 -0.0127562294 -0.040132271 0.00178177385 0 0 0
nt@synapse_cleft 4718 0.0335717572 0.00360236917 0.00419237215 0 0 0
nt@synapse_cleft 4732 -0.0179704674 0.00423839788 0.00413485079 0 0 0
nt@synapse_cleft 4736 0.00753020201 -0.00217838406 0.00140513948 0 0 0
nt@synapse_cleft 4746 -0.0432727442 -0.00266079879 0.00467124963 0 0 0
nt@synapse_cleft 4750 0.00886220371 -0.0627597412 0.0116110016 0 0 0
nt@synapse_cleft 4752 0.00231917874 -0.000749077406 0.0185680315 0 0 0
nt@synapse_cleft 4753 -0.0186824098 0.0167064628 0.00424196574 0 0 0
nt@synapse_cleft 4754 -0.00326696304 0.0119316751 0.0146014879 0 0 0
nt@synapse_cleft 4756 -0.0145150021 0.0202876925 0.00642623308 0 0 0
nt@synapse_cleft 4758 -0.0443813804 0.0122460258 0.0179297456 0 0 0
nt@synapse_cleft 4764 0.0150360342 -0.0189086429 0.0146513493 0 0 0
nt@synapse_cleft 4767 0.0179032458 0.014489618 0.00942769725 0 0 0
nt@synapse_cleft 4779 0.0344356056 -0.0347025239 0.000753128326 0 0 0
nt@synapse_cleft 4784 0.0113824047 0.00972357534 0.0178029561 0 0 0
nt@synapse_cleft 4786 -0.00368999211 0.00326590133 0.00932578484 0 0 0
nt@synapse_cleft 4791 0.0259658145 -0.0127928829 0.0159778209 0 0 0
nt@synapse_cleft 4793 -0.0337289973 0.0152135735 0.0190778869 0 0 0
nt@synapse_cleft 4797 0.00447443687 -0.0406951875 0.0109806155 0 0 0
nt@synapse_cleft 4800 0.0173462619 -0.00318714338 0.000424963489 0 0 0
nt@synapse_cleft 4801 -0.0270519967 0.00515698137 0.00311611484 0 0 0
nt@synapse_cleft 4807 0.00932888711 -0.0101871493 0.00548648234 0 0 0
nt@synapse_cleft 4809 -0.0273473095 -0.0298266232 0.0102151562 0 0 0
nt@synapse_cleft 4812 0.00242333568 -0.0554494558 0.000327236979 0 0 0
nt@synapse_cleft 4813 -0.0355756925 -0.0733159254 0.00672903581 0 0 0
nt@synapse_cleft 4814 -0.0202030847 0.0217441277 0.00910419984 0 0 0
nt@synapse_cleft 4816 -0.0336341552 -0.0181696162 0.00899305634 0 0 0
nt@synapse_cleft 4822 0.00210713684 -0.0145810759 0.00337922945 0 0 0
nt@synapse_cleft 4823 0.00139217768 0.0102940375 0.00982004877 0 0 0
nt@synapse_cleft 4824 0.00246589303 -0.0164731231 0.00538509985 0 0 0
nt@synapse_cleft 4825 -0.0169225727 0.0268142006 0.00820389197 0 0 0
nt@synapse_cleft 4829 0.0234156671 -0.0647777438 0.018632905 0 0 0
nt@synapse_cleft 4830 -0.0103527167 0.00934340014 0.00492880399 0 0 0
nt@synapse_cleft 4833 -0.0189207894 -0.0318745298 0.0170548205 0 0 0
nt@synapse_cleft 4838 -0.0112294389 0.0300323502 0.0130315115 0 0 0
nt@synapse_cleft 4839 -0.00127392461 0.00408697199 0.0183840926 0 0 0
nt@synapse_cleft 4844 0.0497596579 -0.0238091158 0.00799948549 0 0 0
nt@synapse_cleft 4852 -0.0175085948 -0.00707095027 0.0166794156 0 0 0
nt@synapse_cleft 4854 0.0443252664 -0.0159140157 0.00337062548 0 0 0
nt@synapse_cleft 4855 0.045916469 0.0117743063 0.0104108344 0 0 0
nt@synapse_cleft 4862 -0.0069388405 -0.0298465876 0.0140161638 0 0 0
nt@synapse_cleft 4869 -0.0228802917 0.0121370734 0.0190840051 0 0 0
nt@synapse_cleft 4871 0.0175004837 0.0128297165 0.000128110328 0 0 0
nt@synapse_cleft 4872 -0.0366846445 0.0184390116 0.0140753196 0 0 0
nt@synapse_cleft 4880 -0.0113507386 -0.0223742543 0.00948397099 0 0 0
nt@synapse_cleft 4882 -0.00998179747 -0.028765196 0.00132153269 0 0 0
nt@synapse_cleft 4883 -0.0200094912 0.00524680968 0.0153109583 0 0 0
nt@synapse_cleft 4886 0.0175696533 -0.00836427976 0.0156191483 0 0 0
nt@synapse_cleft 4890 0.00723369429 0.00284305949 0.00773678866 0 0 0
nt@synapse_cleft 4891 -0.0120729101 -0.0148397735 0.0115658071 0 0 0
nt@synapse_cleft 4892 -0.0287096929 0.0174406238 0.0021791952 0 0 0
nt@synapse_cleft 4896 -0.0184474151 -0.0346086819 0.0184107445 0 0 0
nt@synapse_cleft 4897 0.0300353341 -0.0152092363 0.00136622299 0 0 0
nt@synapse_cleft 4901 0.00291627423 0.022923096 0.0089472651 0 0 0
nt@synapse_cleft 4905 -0.00887572288 -0.00908088591 0.00167112014 0 0 0
nt@synapse_cleft 4906 0.00681079744 -0.0292759049 0.0123317946 0 0 0
nt@synapse_cleft 4918 -0.0128380572 0.00889821083 0.00819372204 0 0 0
nt@synapse_cleft 4919 0.0140793895 -0.00731199151 0.00350300326 0 0 0
nt@synapse_cleft 4925 0.0210785636 -0.00212998441 0.0187035244 0 0 0
nt@synapse_cleft 4928 0.00387174202 0.0500398275 0.0102049029 0 0 0
nt@synapse_cleft 4931 0.00603257401 -0.00558990851 0.00521412112 0 0 0
nt@synapse_cleft 4937 -0.0635166255 -0.010800404 0.0122371471 0 0 0
nt@synapse_cleft 4939 -0.0191273538 -0.00472265294 0.0106412317 0 0 0
nt@synapse_cleft 4946 -0.0108323924 0.00603757377 0.00099163409 0 0 0
nt@synapse_cleft 4956 0.011175519 -0.00191471931 0.00964681315 0 0 0
nt@synapse_cleft 4967 0.00107237196 0.00619328522 5.03990926e-05 0 0 0
nt@synapse_cleft 4972 0.0306788392 -0.0206627137 0.0167507418 0 0 0
nt@synapse_cleft 4973 -0.000282225361 0.0352479943 0.0141373149 0 0 0
nt@synapse_cleft 4979 -0.00969095555 -0.0034226993 0.00299433753 0 0 0
nt@synapse_cleft 4980 0.00044897986 0.00559649537 0.0187320035 0 0 0
nt@synapse_cleft 4981 -0.00932270456 -0.0270944699 0.00984690612 0 0 0
nt@synapse_cleft 4982 0.007570806 -0.0110878449 0.00405120973 0 0 0
nt@synapse_cleft 4983 -0.0288252756 0.0282391449 0.0123422218 0 0 0
nt@synapse_cleft 4988 0.00815845586 -0.00282710562 0.0142001493 0 0 0
nt@synapse_cleft 4989 -0.0123902831 -0.00516203859 0.0111714037 0 0 0
nt@synapse_cleft 4991 -0.00836663853 -0.0111440516 0.0143136014 0 0 0
nt@synapse_cleft 4994 -0.0355085223 0.0219174516 0.00614623565 0 0 0
nt@synapse_cleft 5004 -0.0263244829 0.0230244867 0.00526967249 0 0 0
nt@synapse_cleft 5006 0.0120480542 -0.0059356039 0.00295119366 0 0 0
nt@synapse_cleft 5009 -0.017738124 0.0112275538 0.0161783551 0 0 0
nt@synapse_cleft 5010 0.0166568038 0.0255364812 0.00868359039 0 0 0
nt@synapse_cleft 5011 -0.00338272445 -0.0167572687 0.00111857538 0 0 0
nt@synapse_cleft 5015 -0.0305432424 -0.0167256423 0.00514676364 0 0 0
nt@synapse_cleft 5024 -0.00881212582 -0.0195814433 0.0162514831 0 0 0
nt@synapse_cleft 5030 0.00580858975 0.0327096901 0.0142909718 0 0 0
nt@synapse_cleft 5044 -0.0362673144 0.000730655917 0.0155390587 0 0 0
nt@synapse_cleft 5045 0.0315783993 0.0201945718 0.00518704621 0 0 0
nt@synapse_cleft 5046 0.00568176192 -0.00810197224 0.0055233237 0 0 0
nt@synapse_cleft 5052 -0.0194718202 -0.00977199987 0.0186011123 0 0 0
nt@synapse_cleft 5055 -0.00891837069 0.0105797683 0.0108401502 0 0 0
nt@synapse_cleft 5059 -0.0375400056 0.0256666762 0.0174872725 0 0 0
nt@synapse_cleft 5061 0.0206690469 -0.0281328816 0.00421224511 0 0 0
nt@synapse_cleft 5063 -0.0166999625 0.0117563585 0.00674302584 0 0 0
nt@synapse_cleft 5065 0.0199533774 -0.0292696917 0.0150752537 0 0 0
nt@synapse_cleft 5072 0.00413735737 0.0116004921 0.00297588449 0 0 0
nt@synapse_cleft 5077 0.038939791 -0.0133711701 0.0103135293 0 0 0
nt@synapse_cleft 5079 0.0035684338 0.0134426119 0.0186982629 0 0 0
nt@synapse_cleft 5081 0.00961482653 0.0174201313 0.00243735824 0 0 0
nt@synapse_cleft 5082 0.0161706199 0.0512096756 0.0145966207 0 0 0
nt@synapse_cleft 5086 0.0278604252 0.028080515 0.0102704795 0 0 0
nt@synapse_cleft 5105 0.00443813813 -0.0293639736 0.00945833698 0 0 0
nt@synapse_cleft 5106 0.0033163347 -0.0176590133 0.00820231368 0 0 0
nt@synapse_cleft 5111 -0.0209454186 -0.0293601915 0.0106193443 0 0 0
nt@synapse_cleft 5126 -0.0309356669 -0.0120940013 0.0124009384 0 0 0
nt@synapse_cleft 5133 -0.0166339276 0.0196206139 0.013281091 0 0 0
nt@synapse_cleft 5135 -0.0150625542 -0.00769817368 0.00892651973 0 0 0
nt@synapse_cleft 5145 0.00924595792 0.0161664809 0.00899094765 0 0 0
nt@synapse_cleft 5149 0.0297632805 -0.0283687771 0.00434114381 0 0 0
nt@synapse_cleft 5154 0.0180532549 0.0307586581 0.0193632909 0 0 0
nt@synapse_cleft 5159 -0.0265386061 -0.00208342226 0.00993555222 0 0 0
nt@synapse_cleft 5160 0.0339636001 -0.0105911667 0.0126145295 0 0 0
nt@synapse_cleft 5163 0.00512566423 0.0150022223 0.00431647026 0 0 0
nt@synapse_cleft 5164 0.00974065135 -0.0286132859 0.00408609806 0 0 0
nt@synapse_cleft 5173 -0.0326966351 0.0103954402 0.0189665573 0 0 0
nt@synapse_cleft 5175 -0.0314086743 0.00708062193 0.0164461066 0 0 0
nt@synapse_cleft 5176 -0.0305700645 0.0569929301 0.0156355241 0 0 0
nt@synapse_cleft 5179 0.0352823112 -0.000471397558 0.00685267731 0 0 0
nt@synapse_cleft 5182 0.032742583 0.0117543603 0.00524067821 0 0 0
nt@synapse_cleft 5183 0.0211063157 0.00685183694 0.00485151408 0 0 0
nt@synapse_cleft 5186 0.0175366784 -0.0093371901 0.0145414589 0 0 0
nt@synapse_cleft 5188 0.0272763489 0.00228151006 0.00169792798 0 0 0
nt@synapse_cleft 5193 0.0175780427 0.00956166116 0.015984132 0 0 0
nt@synapse_cleft 5196 -0.0174482538 -0.00503253104 0.00605227916 0 0 0
nt@synapse_cleft 5198 -0.00560933287 -0.0251316849 0.0076504674 0 0 0
