nt@synapse_cleft 0 0.00217180486 -0.00218331356 0.0189358516 0 0 0
nt@synapse_cleft 2 -0.0379820403 0.0139694442 0.000159779483 0 0 0
nt@synapse_cleft 7 -0.00257695473 0.00256980103 0.0191440241 0 0 0
nt@synapse_cleft 9 0.0046070067 -0.0145489953 0.0047423796 0 0 0
nt@synapse_cleft 12 0.00535330329 0.0258363334 0.010822277 0 0 0
nt@synapse_cleft 15 -0.019931176 0.0143890793 0.00768225381 0 0 0
nt@synapse_cleft 17 0.00948245585 0.00464825923 0.00709547413 0 0 0
nt@synapse_cleft 23 0.00730859323 -0.0514528153 0.00548406889 0 0 0
nt@synapse_cleft 26 -0.0229461965 0.00173990056 0.0136294254 0 0 0
nt@synapse_cleft 30 0.0191471533 -0.0313437973 0.00135290479 0 0 0
nt@synapse_cleft 35 -0.0168358984 0.00501824404 0.0170063578 0 0 0
nt@synapse_cleft 42 0.0101061055 0.00304645936 0.0159010755 0 0 0
nt@synapse_cleft 45 -0.00706601094 0.0179897307 0.0151446974 0 0 0
nt@synapse_cleft 54 0.0063615519 0.0255867688 0.0111334732 0 0 0
nt@synapse_cleft 56 -0.0201833069 -0.0175671987 0.0177851662 0 0 0
nt@synapse_cleft 59 0.0211450436 0.0172896813 0.015092343 0 0 0
nt@synapse_cleft 69 0.0157861173 -0.00945750828 0.000607416908 0 0 0
nt@synapse_cleft 72 -0.0153300682 0.014550736 0.0178972058 0 0 0
nt@synapse_cleft 81 0.0139123733 -0.0280472936 0.00195417055 0 0 0
nt@synapse_cleft 87 -0.0281212217 -0.0137111632 0.0148685408 0 0 0
nt@synapse_cleft 89 0.0231972812 -0.000194664812 0.00824086135 0 0 0
nt@synapse_cleft 100 -0.021145188 -0.0167395107 0.0199406759 0 0 0
nt@synapse_cleft 102 -0.03001338 0.0197877048 0.00152845569 0 0 0
nt@synapse_cleft 103 0.0182436678 -0.0269881257 0.00426740136 0 0 0
nt@synapse_cleft 111 -0.0379982458 0.0320211962 0.0143693833 0 0 0
nt@synapse_cleft 114 0.0378946901 -0.0303595512 0.0132718052 0 0 0
nt@synapse_cleft 115 -0.00317990879 -0.0506419284 0.000848749896 0 0 0
nt@synapse_cleft 116 -0.0154677106 -0.0202657141 0.0116346605 0 0 0
nt@synapse_cleft 118 0.0186833501 -0.0061405513 0.016449647 0 0 0
nt@synapse_cleft 127 -0.0197338509 -0.0203831739 0.0187848162 0 0 0
nt@synapse_cleft 135 -0.0204230344 -0.018892656 0.0190038181 0 0 0
nt@synapse_cleft 137 -0.0492944552 -0.0282318233 0.00933289828 0 0 0
nt@synapse_cleft 143 -0.00432125135 -0.0495809826 0.0134353732 0 0 0
nt@synapse_cleft 148 0.00243622356 0.0529847341 0.00100913724 0 0 0
nt@synapse_cleft 150 -0.0264270542 0.0168612496 0.00147102161 0 0 0
nt@synapse_cleft 156 -0.0210868905 0.00656915101 0.0137913972 0 0 0
nt@synapse_cleft 157 -0.0340845963 0.0203122816 0.00895121584 0 0 0
nt@synapse_cleft 160 0.0149285479 0.0043665417 0.0128001422 0 0 0
nt@synapse_cleft 162 -0.00963782981 -0.023792974 0.00856022329 0 0 0
nt@synapse_cleft 167 -0.00406214654 -0.0354798216 0.00996798937 0 0 0
nt@synapse_cleft 168 -0.0224276768 -0.021314226 0.019609169 0 0 0
nt@synapse_cleft 170 -0.0220620976 0.026892126 0.00593687723 0 0 0
nt@synapse_cleft 186 -0.0205467479 -0.022692919 0.0183223475 0 0 0
nt@synapse_cleft 188 -0.0168759955 -0.00323618686 0.0128531275 0 0 0
nt@synapse_cleft 192 -0.0159536459 0.0281002529 0.00602393571 0 0 0
nt@synapse_cleft 194 -0.00160701937 -0.0165940151 0.0185383757 0 0 0
nt@synapse_cleft 195 0.0147422698 0.0366366637 0.00610336762 0 0 0
nt@synapse_cleft 197 0.0106386124 -0.00655197477 0.0114263374 0 0 0
nt@synapse_cleft 199 0.0341095595 0.0237196394 0.0144925623 0 0 0
nt@synapse_cleft 203 0.00617013808 -0.00974274988 0.00152218754 0 0 0
nt@synapse_cleft 206 -0.00354813305 -0.0133352302 0.0181392605 0 0 0
nt@synapse_cleft 210 -0.0332136272 0.00424325689 0.00629955072 0 0 0
nt@synapse_cleft 219 0.0251297926 0.0476794635 0.0154686419 0 0 0
nt@synapse_cleft 224 -0.00951529538 0.0515926958 0.00575793052 0 0 0
nt@synapse_cleft 227 -0.0226382647 0.0289695661 0.0149689355 0 0 0
nt@synapse_cleft 231 0.00795449546 0.0399545333 0.0187039809 0 0 0
nt@synapse_cleft 235 0.0200565753 -0.0381583089 0.00600866929 0 0 0
nt@synapse_cleft 244 -0.0317939606 0.00671174594 0.00738811153 0 0 0
nt@synapse_cleft 246 -0.0284519444 0.02029986 0.014207469 0 0 0
nt@synapse_cleft 248 0.0182452345 -0.0239248777 0.0186819621 0 0 0
nt@synapse_cleft 256 -0.0435025711 -0.00541030833 0.000515317931 0 0 0
nt@synapse_cleft 263 0.0430815474 0.0198738611 0.00923094775 0 0 0
nt@synapse_cleft 268 -0.0102731746 -0.00529637229 0.0133959174 0 0 0
nt@synapse_cleft 272 0.00857650186 -0.0316160622 0.0176345659 0 0 0
nt@synapse_cleft 284 -0.0276283455 0.0862723402 0.0165953945 0 0 0
nt@synapse_cleft 289 -0.0416774335 0.0518870502 0.000457097318 0 0 0
nt@synapse_cleft 293 0.0310053469 -0.00229518399 0.011686633 0 0 0
nt@synapse_cleft 297 -0.013481394 -0.0143167756 0.0106823248 0 0 0
nt@synapse_cleft 304 -0.0137330333 0.0169216096 0.0196562249 0 0 0
nt@synapse_cleft 306 0.0158455601 -0.029324377 0.00666048328 0 0 0
nt@synapse_cleft 307 0.0217722694 0.0123114384 0.0153516889 0 0 0
nt@synapse_cleft 308 0.0171844634 0.0240029767 0.0142928068 0 0 0
nt@synapse_cleft 310 0.0278034893 -0.0122079868 0.000671587912 0 0 0
nt@synapse_cleft 315 0.00588726717 0.0125261523 0.0107407318 0 0 0
nt@synapse_cleft 318 -0.0267896506 0.0023515853 0.0186425246 0 0 0
nt@synapse_cleft 319 0.0584524518 0.00563216314 0.0185349913 0 0 0
nt@synapse_cleft 321 0.0437449524 0.0165156416 0.00353060652 0 0 0
nt@synapse_cleft 325 -0.0650038937 0.0617757526 0.00258189243 0 0 0
nt@synapse_cleft 331 0.0412756142 -0.018392914 0.019710255 0 0 0
nt@synapse_cleft 334 0.0222557916 -0.0100697523 0.013311647 0 0 0
nt@synapse_cleft 335 0.0215849956 0.0169309961 0.0146583693 0 0 0
nt@synapse_cleft 339 -0.0416525983 -0.0379630161 2.91578152e-05 0 0 0
nt@synapse_cleft 347 0.0123822451 -0.0102542554 0.00756154267 0 0 0
nt@synapse_cleft 348 0.0113331577 -0.00689392817 0.00969900795 0 0 0
nt@synapse_cleft 350 0.0154800046 0.00372430931 0.0026838729 0 0 0
nt@synapse_cleft 352 -0.014545747 0.00065582876 0.00533140072 0 0 0
nt@synapse_cleft 356 -0.0346517678 0.0188127388 0.00752052383 0 0 0
nt@synapse_cleft 360 0.00869777354 0.0327343009 0.0174820973 0 0 0
nt@synapse_cleft 361 -0.0271287044 0.012227207 0.0180123011 0 0 0
nt@synapse_cleft 364 -0.00968557782 -0.0370653954 0.0155095538 0 0 0
nt@synapse_cleft 371 -0.0212151961 0.0440030387 0.00416011911 0 0 0
nt@synapse_cleft 372 -0.00782638678 0.016846267 0.015299566 0 0 0
nt@synapse_cleft 376 -0.0026032149 0.0065246073 0.0160681377 0 0 0
nt@synapse_cleft 381 -0.0205517574 -0.016330756 0.00935765808 0 0 0
nt@synapse_cleft 383 -0.00489752886 0.0291858722 0.012592404 0 0 0
nt@synapse_cleft 385 0.0180723116 0.0204890907 0.0131387601 0 0 0
nt@synapse_cleft 388 -0.0111450279 0.00940267472 0.0195367224 0 0 0
nt@synapse_cleft 391 0.0291925092 -0.0381079908 0.00668718502 0 0 0
nt@synapse_cleft 392 0.000781793032 0.00137567363 0.0172325678 0 0 0
nt@synapse_cleft 395 -0.00342013932 -0.0281283952 0.00801146246 0 0 0
nt@synapse_cleft 397 0.0102903796 0.0219018213 0.0128665612 0 0 0
nt@synapse_cleft 399 -0.01619045 0.0124707666 0.000713478108 0 0 0
nt@synapse_cleft 402 0.00634809912 0.0441250231 0.00303569902 0 0 0
nt@synapse_cleft 406 -0.0183402214 -0.0354402153 0.0103981763 0 0 0
nt@synapse_cleft 415 0.0018572065 -0.0146031705 0.000711643839 0 0 0
nt@synapse_cleft 421 -0.0387708219 0.0319583679 0.00878014465 0 0 0
nt@synapse_cleft 426 0.0323129349 -0.0173304354 0.00448935512 0 0 0
nt@synapse_cleft 429 -0.015168571 0.0329673603 0.0103284284 0 0 0
nt@synapse_cleft 430 -0.0210418379 -0.0328808906 0.0085675286 0 0 0
nt@synapse_cleft 440 0.0243975873 0.0050300254 0.00391715642 0 0 0
nt@synapse_cleft 444 0.00348486903 0.0307285624 0.0138140275 0 0 0
nt@synapse_cleft 449 0.0141107553 -0.0177301876 0.00148183611 0 0 0
nt@synapse_cleft 452 0.0189954258 0.034389782 0.00914038959 0 0 0
nt@synapse_cleft 453 0.00457699037 -0.00230190844 0.0169129086 0 0 0
nt@synapse_cleft 455 0.00509627497 -0.0329782641 0.019276217 0 0 0
nt@synapse_cleft 461 -0.0214200988 -0.00614062718 0.0112620094 0 0 0
nt@synapse_cleft 477 0.00871797101 0.00476877943 0.0118740852 0 0 0
nt@synapse_cleft 479 -0.0107294132 0.00681188614 0.0150896707 0 0 0
nt@synapse_cleft 480 -0.0540116907 0.0254010579 0.00110651698 0 0 0
nt@synapse_cleft 482 -0.000335977342 0.00460961108 0.00420182692 0 0 0
nt@synapse_cleft 483 -0.0013462483 -0.0275886858 0.0177704688 0 0 0
nt@synapse_cleft 484 -0.0156073926 -0.0332651607 0.00536143011 0 0 0
nt@synapse_cleft 499 0.0191848106 0.0189731413 0.00977499721 0 0 0
nt@synapse_cleft 500 -0.00210269039 -0.0182334188 0.00860792281 0 0 0
nt@synapse_cleft 501 0.000400461596 0.0212490234 0.0140125807 0 0 0
nt@synapse_cleft 503 0.013614532 -0.0175308794 0.00864537515 0 0 0
nt@synapse_cleft 504 0.0101916284 0.0322827434 0.0100326211 0 0 0
nt@synapse_cleft 509 -0.0002330933 0.0416252783 4.43857791e-05 0 0 0
nt@synapse_cleft 510 0.0134495758 0.00770730182 0.0167188926 0 0 0
nt@synapse_cleft 514 -0.0205159207 0.00114586959 0.0105542418 0 0 0
nt@synapse_cleft 522 -0.0317117558 0.0109690579 0.0135963042 0 0 0
nt@synapse_cleft 524 -0.00508187825 0.0167951803 0.0148290652 0 0 0
nt@synapse_cleft 530 0.025723745 -0.00830897529 0.00770042285 0 0 0
nt@synapse_cleft 536 -0.0271879495 -0.0394195405 0.00309769419 0 0 0
nt@synapse_cleft 544 0.0256183693 0.0185149775 0.00511073249 0 0 0
nt@synapse_cleft 546 -0.0472160766 0.0284374357 0.00963494276 0 0 0
nt@synapse_cleft 548 -0.013067549 0.0205882651 0.0183169349 0 0 0
nt@synapse_cleft 549 0.041617782 -0.0418528273 0.0108945664 0 0 0
nt@synapse_cleft 551 0.00894388443 -0.0161801111 0.00545823948 0 0 0
nt@synapse_cleft 552 0.0161084039 -0.00514045707 0.0138068332 0 0 0
nt@synapse_cleft 557 -0.0248336519 0.00890399973 0.0185577913 0 0 0
nt@synapse_cleft 558 -0.0194058399 -0.0232858314 0.00261218457 0 0 0
nt@synapse_cleft 563 -0.0139936571 -0.0540816086 0.0178387074 0 0 0
nt@synapse_cleft 568 0.000290448454 0.0073836321 0.0129253365 0 0 0
nt@synapse_cleft 572 -0.0314934001 0.0146664927 0.00872121528 0 0 0
nt@synapse_cleft 575 0.00281667497 -0.0100729763 0.00945070175 0 0 0
nt@synapse_cleft 581 0.00622756622 0.00438831129 0.0034752359 0 0 0
nt@synapse_cleft 583 0.00878293183 0.0246815163 0.0111513463 0 0 0
nt@synapse_cleft 586 0.0049272207 0.0128034472 0.00955120704 0 0 0
nt@synapse_cleft 591 -0.00664109372 0.0395359597 0.0137695186 0 0 0
nt@synapse_cleft 593 0.0074367182 0.0350277838 0.019146063 0 0 0
nt@synapse_cleft 594 0.0355865595 0.026953049 0.00906993924 0 0 0
nt@synapse_cleft 595 -0.000267704064 -0.039740724 0.0132562682 0 0 0
nt@synapse_cleft 596 -0.0234533541 0.0113059483 0.0167155834 0 0 0
nt@synapse_cleft 598 -0.00625867774 0.00909263926 0.0179772464 0 0 0
nt@synapse_cleft 611 -0.0210979743 0.00679737535 0.0164793204 0 0 0
nt@synapse_cleft 616 -0.00034601675 -0.0105829049 0.00779798797 0 0 0
nt@synapse_cleft 618 -0.0178950535 -0.0337623555 0.00826632873 0 0 0
nt@synapse_cleft 620 -0.0115696389 -0.000928484766 0.00261561296 0 0 0
nt@synapse_cleft 624 0.0212369903 -0.00778432528 0.0123976109 0 0 0
nt@synapse_cleft 627 -0.000233590592 -0.0154143378 0.0136756199 0 0 0
nt@synapse_cleft 629 0.0151967462 -0.00320962664 0.00386863932 0 0 0
nt@synapse_cleft 630 0.00859408964 0.00602982121 0.00692713539 0 0 0
nt@synapse_cleft 633 -0.0123438599 0.0340415352 0.00362954948 0 0 0
nt@synapse_cleft 634 0.00874788409 -0.0119341501 0.0174708585 0 0 0
nt@synapse_cleft 639 -0.0260906076 -0.0457876562 0.00779947605 0 0 0
nt@synapse_cleft 645 -0.0102626071 -0.0102761388 0.0105476455 0 0 0
nt@synapse_cleft 647 0.00892244843 0.0310382395 0.00077104511 0 0 0
nt@synapse_cleft 660 -0.0131772037 -0.0232707451 0.00135308446 0 0 0
nt@synapse_cleft 661 -0.0401471346 -0.0133478225 0.000210477077 0 0 0
nt@synapse_cleft 662 -0.00583449031 0.00386445722 0.00592321086 0 0 0
nt@synapse_cleft 664 -0.0160896925 0.00456932973 0.00854921991 0 0 0
nt@synapse_cleft 674 -0.015977308 0.00898836101 0.00360400112 0 0 0
nt@synapse_cleft 675 0.00416503127 0.0164561725 0.0164405395 0 0 0
nt@synapse_cleft 678 0.0228818905 -0.00250850714 0.00857961124 0 0 0
nt@synapse_cleft 679 -0.0148014061 -0.0124653769 0.00712124283 0 0 0
nt@synapse_cleft 681 -0.00598238224 -0.0213712248 0.0183071472 0 0 0
nt@synapse_cleft 684 -0.0195303024 -0.0103545738 0.00683261195 0 0 0
nt@synapse_cleft 689 0.0142703008 -0.000775190261 0.0128729912 0 0 0
nt@synapse_cleft 691 0.0236640314 -0.00380945039 0.00550619037 0 0 0
nt@synapse_cleft 693 0.0203449817 0.0288877472 0.0166343345 0 0 0
nt@synapse_cleft 695 -0.0191614571 0.0267980515 0.0171886663 0 0 0
nt@synapse_cleft 698 0.00626734957 0.0131668855 0.0128251816 0 0 0
nt@synapse_cleft 699 -0.0139310132 -0.0644080325 0.00453300047 0 0 0
nt@synapse_cleft 704 0.0065395851 0.0133951166 0.00695674781 0 0 0
nt@synapse_cleft 710 0.033593755 -0.0115532454 0.00868834023 0 0 0
nt@synapse_cleft 712 -0.0178814 -0.0116236799 0.0120419179 0 0 0
nt@synapse_cleft 715 0.0130049103 0.0159418913 0.0184430926 0 0 0
nt@synapse_cleft 720 0.0370882938 -0.0356271258 0.00103961095 0 0 0
nt@synapse_cleft 721 0.00578721151 -0.00266273014 0.00479334405 0 0 0
nt@synapse_cleft 726 -0.0299052041 -0.00186442397 0.0046139268 0 0 0
nt@synapse_cleft 727 0.00131092407 0.0218289575 0.017360388 0 0 0
nt@synapse_cleft 728 -0.00584367225 0.00768902434 0.000818206089 0 0 0
nt@synapse_cleft 732 0.0339567775 0.0478119641 0.00346829799 0 0 0
nt@synapse_cleft 735 -0.0439289064 0.00888930612 0.00741041551 0 0 0
nt@synapse_cleft 737 0.0376355647 -0.0018157227 0.0134779019 0 0 0
nt@synapse_cleft 741 0.00814020985 0.00402722953 0.00379881337 0 0 0
nt@synapse_cleft 744 -0.0111518136 0.0239255862 0.00315451293 0 0 0
nt@synapse_cleft 746 -0.00914695647 0.0128229895 0.00746085605 0 0 0
nt@synapse_cleft 750 0.0244132902 0.00534029735 0.0137707169 0 0 0
nt@synapse_cleft 754 -0.00771928406 -0.021424874 0.0195227499 0 0 0
nt@synapse_cleft 755 0.0228277903 0.0174243077 0.00108069865 0 0 0
nt@synapse_cleft 760 -0.00746954296 -0.0595346465 0.00907036977 0 0 0
nt@synapse_cleft 762 0.00762963021 -0.0203343233 0.00963931094 0 0 0
nt@synapse_cleft 765 -0.029188048 0.0154534694 0.0172825159 0 0 0
nt@synapse_cleft 768 -0.0228119362 -0.00938520476 0.0187702039 0 0 0
nt@synapse_cleft 769 0.0104742939 0.0333706258 0.0120327763 0 0 0
nt@synapse_cleft 774 0.00675043107 0.0246560716 0.015203137 0 0 0
nt@synapse_cleft 777 0.0477046295 -0.0373635697 0.00576406495 0 0 0
nt@synapse_cleft 779 -0.0159992678 0.012172162 0.0145626614 0 0 0
nt@synapse_cleft 784 0.0101552462 0.00424176139 0.0196802283 0 0 0
nt@synapse_cleft 797 -0.00573778256 0.034515214 0.00553488885 0 0 0
nt@synapse_cleft 803 -0.0279766849 -0.0451638351 0.0140762117 0 0 0
nt@synapse_cleft 804 0.0089357277 0.0267426918 0.00351220812 0 0 0
nt@synapse_cleft 814 0.0261714041 0.0254569539 0.00432140943 0 0 0
nt@synapse_cleft 816 -0.00695869733 -0.020492755 0.00444131014 0 0 0
nt@synapse_cleft 817 0.00613141266 -0.0135728552 0.00120592403 0 0 0
nt@synapse_cleft 828 0.0176268394 -0.0281211885 0.0195804466 0 0 0
nt@synapse_cleft 831 -0.00273912194 -0.0220658306 0.00392359706 0 0 0
nt@synapse_cleft 833 -0.0225032165 0.00223231056 0.0175629529 0 0 0
nt@synapse_cleft 837 -0.0190510444 -0.0204175023 0.0177855675 0 0 0
nt@synapse_cleft 844 -0.007947022 0.000430442668 0.0151380496 0 0 0
nt@synapse_cleft 847 0.0179330455 -0.00562030875 0.0011344773 0 0 0
nt@synapse_cleft 850 -0.0116350432 0.0277871859 0.013140194 0 0 0
nt@synapse_cleft 854 0.00357866593 0.0298673365 0.00278498029 0 0 0
nt@synapse_cleft 866 -0.00332096655 -0.0215492759 0.0148811481 0 0 0
nt@synapse_cleft 871 -0.00999217853 0.00918715401 0.0135962899 0 0 0
nt@synapse_cleft 872 0.0171931321 -0.0203019506 0.00911647192 0 0 0
nt@synapse_cleft 875 -0.0162643412 -0.0276445212 0.0110087751 0 0 0
nt@synapse_cleft 877 -0.0436248699 0.0129403333 0.0102992866 0 0 0
nt@synapse_cleft 881 -0.0185143663 0.0152661765 0.010683581 0 0 0
nt@synapse_cleft 884 0.00279964375 0.0132761308 0.0177486961 0 0 0
nt@synapse_cleft 900 0.0199825587 -0.0119491383 0.019866801 0 0 0
nt@synapse_cleft 904 -0.0337588588 0.00539316951 0.00282097396 0 0 0
nt@synapse_cleft 906 -0.0318304255 0.00794183112 0.00865239662 0 0 0
nt@synapse_cleft 908 -0.0361657302 -0.00746133145 0.00438952571 0 0 0
nt@synapse_cleft 909 0.016084998 0.00667996587 0.0194540353 0 0 0
nt@synapse_cleft 913 -0.0141802615 -0.00298151247 0.0037408434 0 0 0
nt@synapse_cleft 918 0.0466723749 -0.00414116467 0.0183194868 0 0 0
nt@synapse_cleft 920 0.0176102238 -0.00918666725 0.01761456 0 0 0
nt@synapse_cleft 924 -0.0278180859 0.0175492416 0.0176830759 0 0 0
nt@synapse_cleft 925 -0.0298757102 0.0523819098 0.0199925297 0 0 0
nt@synapse_cleft 926 -0.0116392002 -0.0517638026 0.0167437499 0 0 0
nt@synapse_cleft 932 0.0194704235 -0.0353631167 0.00815145283 0 0 0
nt@synapse_cleft 938 -0.0184277081 0.0174605795 0.0137443705 0 0 0
nt@synapse_cleft 940 -0.0582081058 -0.02958394 0.0180261103 0 0 0
nt@synapse_cleft 941 -0.0249553729 0.0411826134 0.0144102426 0 0 0
nt@synapse_cleft 942 0.0194124022 -0.0282999585 0.00355230044 0 0 0
nt@synapse_cleft 943 0.0198329365 -0.0134899701 0.0167762908 0 0 0
nt@synapse_cleft 944 -0.00945456476 -0.0506690918 0.0060074679 0 0 0
nt@synapse_cleft 945 -0.0147389541 0.0183815148 0.00319678314 0 0 0
nt@synapse_cleft 947 -0.0185325857 0.00374264546 0.0132483393 0 0 0
nt@synapse_cleft 951 -0.00214522925 -0.0108983432 0.00223174362 0 0 0
nt@synapse_cleft 953 -0.0443410406 0.0221673739 0.0182415746 0 0 0
nt@synapse_cleft 954 0.00867103628 -0.0138762197 0.00928523024 0 0 0
nt@synapse_cleft 957 0.0497163205 -0.0262932546 0.00195162625 0 0 0
nt@synapse_cleft 960 -0.0188125699 0.0420519189 0.00433777377 0 0 0
nt@synapse_cleft 961 -0.0311768706 -0.00301629799 0.0124363239 0 0 0
nt@synapse_cleft 967 0.0231611417 -0.000740632764 0.0078136922 0 0 0
nt@synapse_cleft 976 -0.0308177289 0.0233292375 0.00685368481 0 0 0
nt@synapse_cleft 978 -0.0222499002 -0.010491088 0.0113808106 0 0 0
nt@synapse_cleft 981 -0.0348091683 0.00599925919 0.015459091 0 0 0
nt@synapse_cleft 991 0.0304559755 -0.00171792431 0.0107152692 0 0 0
nt@synapse_cleft 992 0.0196991896 0.0174928815 0.0132985127 0 0 0
nt@synapse_cleft 993 -0.038740439 0.0408864093 0.00062187696 0 0 0
nt@synapse_cleft 994 -0.022930439 -0.00882455123 0.000214618965 0 0 0
nt@synapse_cleft 998 3.81582801e-05 0.0146454154 0.0158561428 0 0 0
nt@synapse_cleft 999 0.0363625852 -0.0297607906 0.00823551402 0 0 0
nt@synapse_cleft 1002 0.0244378186 0.047565043 0.0192490094 0 0 0
nt@synapse_cleft 1004 -0.00893343589 0.00845484842 3.66098376e-05 0 0 0
nt@synapse_cleft 1011 0.0185523767 0.0156139102 0.0162451704 0 0 0
nt@synapse_cleft 1013 -0.0157078402 0.0310862389 0.00363358686 0 0 0
nt@synapse_cleft 1016 -0.0328585568 0.0169615647 0.0153945487 0 0 0
nt@synapse_cleft 1018 0.0109265976 -0.0125999844 0.0107822809 0 0 0
nt@synapse_cleft 1024 -0.031126789 -0.00293755635 0.0113171368 0 0 0
nt@synapse_cleft 1025 -0.0132579828 -0.0306362596 0.00644039098 0 0 0
nt@synapse_cleft 1027 0.00919595504 0.0318131493 0.0154405252 0 0 0
nt@synapse_cleft 1035 -0.0183641615 -0.00282993333 0.0194552634 0 0 0
nt@synapse_cleft 1047 0.00539191765 -0.0364328397 0.00916025065 0 0 0
nt@synapse_cleft 1048 -0.00171131703 -0.043297986 0.00269863987 0 0 0
nt@synapse_cleft 1050 0.0110603143 -0.0418162512 0.012764652 0 0 0
nt@synapse_cleft 1056 -0.000220906745 0.0365347802 0.000553609006 0 0 0
nt@synapse_cleft 1062 0.0450977245 -0.00329424468 0.016576063 0 0 0
nt@synapse_cleft 1065 -0.00509372195 0.0184830132 0.0183447367 0 0 0
nt@synapse_cleft 1074 0.00887825081 -0.00836279779 0.0140783211 0 0 0
nt@synapse_cleft 1077 -0.0217430847 -0.0165975144 0.0113578988 0 0 0
nt@synapse_cleft 1080 -0.0202549348 0.0169796649 0.0132127595 0 0 0
nt@synapse_cleft 1088 -0.0372314736 -0.0161947029 0.0133938972 0 0 0
nt@synapse_cleft 1092 -0.0206270657 -0.0113096194 0.00914892474 0 0 0
nt@synapse_cleft 1098 -0.0129079976 0.0243443603 0.00317211265 0 0 0
nt@synapse_cleft 1102 -0.0144321693 -0.00712776567 0.0156642934 0 0 0
nt@synapse_cleft 1107 -0.0138766231 0.0137252654 0.00361674118 0 0 0
nt@synapse_cleft 1108 0.0180998624 0.0325427712 0.00165812105 0 0 0
nt@synapse_cleft 1110 0.0252296465 0.0145149375 0.0195110466 0 0 0
nt@synapse_cleft 1113 -0.0151444775 -0.00433330997 0.00380477305 0 0 0
nt@synapse_cleft 1114 0.0119331885 -0.0306132761 0.00682294732 0 0 0
nt@synapse_cleft 1121 -0.00186265114 0.0516578214 0.0120815514 0 0 0
nt@synapse_cleft 1127 -0.00858935924 -0.00321529866 0.0015235647 0 0 0
nt@synapse_cleft 1130 0.0231803545 -0.00879630607 0.018864738 0 0 0
nt@synapse_cleft 1136 -0.0199783101 -0.063817283 0.00497526503 0 0 0
nt@synapse_cleft 1138 0.00508590592 0.00768633524 0.0100103338 0 0 0
nt@synapse_cleft 1140 -0.00342520346 -0.0318325204 0.0185244283 0 0 0
nt@synapse_cleft 1144 -0.0176532597 -0.0210091006 0.0084290087 0 0 0
nt@synapse_cleft 1145 0.065846384 -0.0192565595 0.01678919 0 0 0
nt@synapse_cleft 1149 -0.0138365285 -0.002387644 0.0195387435 0 0 0
nt@synapse_cleft 1152 0.0271044603 -0.00226394699 0.0153484212 0 0 0
nt@synapse_cleft 1157 0.0337502897 -0.063162188 0.0172596962 0 0 0
nt@synapse_cleft 1165 0.0229529211 0.0263616639 0.0020939951 0 0 0
nt@synapse_cleft 1166 -0.00285992412 0.00659722823 0.00695380353 0 0 0
nt@synapse_cleft 1167 0.041939577 0.025996597 0.00101242803 0 0 0
nt@synapse_cleft 1172 -0.00811915836 -0.00213576827 0.0140420583 0 0 0
nt@synapse_cleft 1173 -0.0117679084 0.00426475375 0.0101703892 0 0 0
nt@synapse_cleft 1177 0.00968695983 0.0608588116 0.00168015532 0 0 0
nt@synapse_cleft 1179 0.00570226364 -0.01543932 0.0199839157 0 0 0
nt@synapse_cleft 1186 -0.0491931052 -0.00323727681 0.0182715871 0 0 0
nt@synapse_cleft 1188 0.0133649696 -0.0415731693 0.00363107722 0 0 0
nt@synapse_cleft 1192 0.0108049791 -0.0286927968 0.0108875318 0 0 0
nt@synapse_cleft 1193 -0.0295607573 -0.00735881472 0.0153598344 0 0 0
nt@synapse_cleft 1200 -0.0267221288 0.0270090363 0.0188173145 0 0 0
nt@synapse_cleft 1203 0.00477094552 0.00947157351 0.00453844685 0 0 0
nt@synapse_cleft 1204 0.0116474232 0.00138705326 0.0195924018 0 0 0
nt@synapse_cleft 1205 -0.0356387217 -0.0146049019 0.0113781178 0 0 0
nt@synapse_cleft 1206 -0.0313012996 -0.00863015515 0.0161828182 0 0 0
nt@synapse_cleft 1218 -0.00899098004 0.0336611827 0.0121597086 0 0 0
nt@synapse_cleft 1219 0.00634608676 0.0139483779 0.0166764233 0 0 0
nt@synapse_cleft 1231 0.00893057378 0.0129339959 0.0031324946 0 0 0
nt@synapse_cleft 1237 -0.0164993407 -0.0322073753 0.00470031594 0 0 0
nt@synapse_cleft 1238 -0.0540914078 -0.0165561769 0.0178994177 0 0 0
nt@synapse_cleft 1243 -0.0249107891 0.0071592269 0.0113929564 0 0 0
nt@synapse_cleft 1248 -0.00289544047 0.0308067129 0.00640501427 0 0 0
nt@synapse_cleft 1251 -0.0167625094 0.0155367004 0.0165200826 0 0 0
nt@synapse_cleft 1252 -0.0288531599 0.0132021019 0.00296383802 0 0 0
nt@synapse_cleft 1253 -0.0176295494 -0.0215602992 0.00840283315 0 0 0
nt@synapse_cleft 1254 -0.0196141223 0.0316619206 0.0198588599 0 0 0
nt@synapse_cleft 1262 0.0134163801 0.00840436092 0.0180805296 0 0 0
nt@synapse_cleft 1270 0.0453761171 0.000451043889 0.0042622288 0 0 0
nt@synapse_cleft 1275 -0.0286635424 0.00539351368 0.00853109537 0 0 0
nt@synapse_cleft 1289 0.0307844849 0.00416081779 0.00458472312 0 0 0
nt@synapse_cleft 1298 -0.000738619583 -0.0211921779 0.00487671427 0 0 0
nt@synapse_cleft 1299 -0.0252140067 -0.00771851519 0.00328208893 0 0 0
nt@synapse_cleft 1302 -0.0275956686 0.0283629244 0.00572312048 0 0 0
nt@synapse_cleft 1303 0.000967776069 0.0255383331 0.00414959654 0 0 0
nt@synapse_cleft 1311 0.00998639058 0.000589119836 0.0183844163 0 0 0
nt@synapse_cleft 1316 -0.0343001182 -0.0303912615 0.0143478992 0 0 0
nt@synapse_cleft 1326 0.014816947 0.0173962769 0.00615727814 0 0 0
nt@synapse_cleft 1328 0.0101810413 0.00251113121 0.0132354897 0 0 0
nt@synapse_cleft 1330 -0.0025961826 -0.023930411 0.00944252958 0 0 0
nt@synapse_cleft 1331 -0.0085102527 0.00277955764 0.0177171809 0 0 0
nt@synapse_cleft 1333 -0.0273579167 0.0288624062 0.00580826786 0 0 0
nt@synapse_cleft 1338 -0.0143514485 0.0104554399 0.0097350361 0 0 0
nt@synapse_cleft 1343 0.0270198537 0.00857332525 0.0176034526 0 0 0
nt@synapse_cleft 1347 -0.0362055663 -0.0141419691 0.0188821146 0 0 0
nt@synapse_cleft 1348 0.0371841675 -0.0289318004 0.018977642 0 0 0
nt@synapse_cleft 1349 -0.00479089263 -0.0142667096 0.0135829362 0 0 0
nt@synapse_cleft 1351 0.0423138885 -0.023241887 0.000583050352 0 0 0
nt@synapse_cleft 1356 0.0148770845 0.00266822453 0.0021517505 0 0 0
nt@synapse_cleft 1359 -0.0221699767 -0.00725884077 0.0179910819 0 0 0
nt@synapse_cleft 1361 -0.0128668998 -0.0584351293 0.00314099667 0 0 0
nt@synapse_cleft 1366 0.0238344025 -0.00548173318 0.00462546238 0 0 0
nt@synapse_cleft 1368 0.0377048007 -0.00172641425 0.0024069412 0 0 0
nt@synapse_cleft 1372 -0.0399608942 0.0426505894 0.000505323768 0 0 0
nt@synapse_cleft 1380 -0.00220523284 0.0204730825 0.00023649554 0 0 0
nt@synapse_cleft 1381 0.0184391831 -0.0587774491 0.0149790085 0 0 0
nt@synapse_cleft 1382 0.0095287895 0.0256321194 0.00363918408 0 0 0
nt@synapse_cleft 1384 -0.0439943168 -0.0041561918 0.0199675555 0 0 0
nt@synapse_cleft 1390 0.048594958 7.98240784e-05 0.00954170412 0 0 0
nt@synapse_cleft 1393 -0.0347019357 0.0344172199 0.0149538313 0 0 0
nt@synapse_cleft 1394 0.0188939059 0.0207536545 0.0137483227 0 0 0
nt@synapse_cleft 1397 0.0240295049 0.0305454997 0.0167246166 0 0 0
nt@synapse_cleft 1400 -0.0364810764 0.0280460724 0.00133552421 0 0 0
nt@synapse_cleft 1403 0.00823949483 -0.00269390127 0.0177773289 0 0 0
nt@synapse_cleft 1406 0.0547559026 -0.0225996163 0.00637327965 0 0 0
nt@synapse_cleft 1408 -0.0127787696 -0.00915922411 0.0144073356 0 0 0
nt@synapse_cleft 1411 -0.00327331367 0.0153597501 0.0175534149 0 0 0
nt@synapse_cleft 1416 -0.00210859848 0.0346560545 0.014975734 0 0 0
nt@synapse_cleft 1419 0.0162151491 -0.0118068299 0.0144670161 0 0 0
nt@synapse_cleft 1425 0.00114056832 -0.0429574544 0.00906511124 0 0 0
nt@synapse_cleft 1427 -0.0335806684 -0.0106101162 0.00393939195 0 0 0
nt@synapse_cleft 1434 0.0123859333 0.027271254 0.00338652726 0 0 0
nt@synapse_cleft 1438 -0.00413643907 -0.0325226639 0.00327598288 0 0 0
nt@synapse_cleft 1440 -2.84001983e-05 0.0146523563 0.00202414736 0 0 0
nt@synapse_cleft 1441 -0.0381686323 0.0208401686 0.00415020189 0 0 0
nt@synapse_cleft 1442 0.00394207275 0.0256166887 0.012860286 0 0 0
nt@synapse_cleft 1444 -0.0204671707 -0.00274753187 0.0141233243 0 0 0
nt@synapse_cleft 1446 -0.0210479064 -0.0248579703 0.0116971825 0 0 0
nt@synapse_cleft 1449 -0.0220414253 -0.013328563 0.0109120827 0 0 0
nt@synapse_cleft 1452 -0.0241692902 -0.0246277448 0.00283356914 0 0 0
nt@synapse_cleft 1454 -0.0172021651 0.0222675139 0.0042595711 0 0 0
nt@synapse_cleft 1455 -0.0157579618 0.0182414663 0.00426092057 0 0 0
nt@synapse_cleft 1464 -0.0503227588 0.0103600684 0.00668705131 0 0 0
nt@synapse_cleft 1468 0.0440439451 0.0214343941 0.00668028626 0 0 0
nt@synapse_cleft 1470 -0.0600830723 -0.0253225663 0.0175995681 0 0 0
nt@synapse_cleft 1472 -0.0459818494 -0.000600843183 0.0197625357 0 0 0
nt@synapse_cleft 1473 0.0204083742 -0.00756185022 0.000975635176 0 0 0
nt@synapse_cleft 1479 -0.028121127 0.0288523239 0.0129693601 0 0 0
nt@synapse_cleft 1481 0.0179545684 0.00272130587 0.0183023886 0 0 0
nt@synapse_cleft 1484 -0.00966859962 0.0105555318 0.019634713 0 0 0
nt@synapse_cleft 1485 -0.0209475962 -0.00323767208 0.00173420397 0 0 0
nt@synapse_cleft 1487 -0.013862549 -0.0284113954 0.0115266166 0 0 0
nt@synapse_cleft 1488 0.0266960817 0.00664522242 0.00242350834 0 0 0
nt@synapse_cleft 1491 -0.0151728777 -0.0194700517 0.00823934298 0 0 0
nt@synapse_cleft 1494 0.000515564352 0.0147687175 0.0145846408 0 0 0
nt@synapse_cleft 1496 -0.00295474554 0.019155043 0.0173138005 0 0 0
nt@synapse_cleft 1503 -0.0234843879 -0.0157972046 0.014429606 0 0 0
nt@synapse_cleft 1506 0.0229493535 -0.00770817721 0.00748673265 0 0 0
nt@synapse_cleft 1507 0.00519120498 0.001839711 0.00566834468 0 0 0
nt@synapse_cleft 1508 0.0130982434 0.00557980812 0.0140287791 0 0 0
nt@synapse_cleft 1512 -0.00536967429 -0.0135251536 0.0106161138 0 0 0
nt@synapse_cleft 1515 0.0143045608 0.0473009462 0.0108650643 0 0 0
nt@synapse_cleft 1519 0.00434899191 -0.0162318066 0.0123844844 0 0 0
nt@synapse_cleft 1526 0.0162875728 -0.0166295941 0.0166618087 0 0 0
nt@synapse_cleft 1527 8.11965621e-06 0.0384777191 0.0154636787 0 0 0
nt@synapse_cleft 1528 -0.0475556793 0.00198416697 0.017386237 0 0 0
nt@synapse_cleft 1531 0.0013614658 0.0251271833 0.0192313833 0 0 0
nt@synapse_cleft 1538 0.00194526587 0.0165255538 0.00517175484 0 0 0
nt@synapse_cleft 1542 -0.0166776033 0.019184951 0.0111187123 0 0 0
nt@synapse_cleft 1545 0.000799818772 0.00116677889 0.0143783194 0 0 0
nt@synapse_cleft 1548 -0.0247628108 -0.0201791678 0.00469560374 0 0 0
nt@synapse_cleft 1553 0.0535393441 0.0228468085 0.00742483487 0 0 0
nt@synapse_cleft 1554 0.0188183282 0.00328871627 0.00128022376 0 0 0
nt@synapse_cleft 1561 0.0123191203 -0.0610412986 0.00566174508 0 0 0
nt@synapse_cleft 1565 -0.022561896 0.00420671441 0.0134619379 0 0 0
nt@synapse_cleft 1571 -0.0184259874 0.00797285071 0.0138188772 0 0 0
nt@synapse_cleft 1573 0.0116432885 0.0235497812 2.88165597e-05 0 0 0
nt@synapse_cleft 1583 -0.0208347627 -0.0166246348 0.0102001751 0 0 0
nt@synapse_cleft 1584 -0.00736270312 0.00378249205 0.00932060951 0 0 0
nt@synapse_cleft 1588 0.0113274622 -0.00908928382 0.0136671451 0 0 0
nt@synapse_cleft 1590 -0.0386105752 0.0448375159 0.00873203488 0 0 0
nt@synapse_cleft 1592 0.00981021052 -0.0147213943 0.0168422772 0 0 0
nt@synapse_cleft 1596 -0.00253603363 -0.018652892 0.00873360845 0 0 0
nt@synapse_cleft 1597 0.00795404683 0.0394837164 0.0091039495 0 0 0
nt@synapse_cleft 1598 -0.0331660988 -0.00843725563 0.0134308031 0 0 0
nt@synapse_cleft 1600 0.0228939536 -0.0216104149 0.00449474328 0 0 0
nt@synapse_cleft 1605 0.0156109175 0.0100251565 0.0159398765 0 0 0
nt@synapse_cleft 1606 -0.0334093153 -0.00156854685 0.00350146324 0 0 0
nt@synapse_cleft 1611 -0.00483784519 -0.0248969447 0.00342408098 0 0 0
nt@synapse_cleft 1612 -0.0234876084 -0.0050829902 0.00526031192 0 0 0
nt@synapse_cleft 1615 0.0125100575 -0.060392565 0.00644046283 0 0 0
nt@synapse_cleft 1617 0.00377275186 -0.0265778529 0.0126752217 0 0 0
nt@synapse_cleft 1619 0.0257799319 -0.00162196313 0.0174716774 0 0 0
nt@synapse_cleft 1625 -0.0250153387 0.0142373515 0.0144437848 0 0 0
nt@synapse_cleft 1628 0.0168698622 0.0296943469 0.0131474416 0 0 0
nt@synapse_cleft 1632 0.0425130226 0.0168358242 0.00438185376 0 0 0
nt@synapse_cleft 1635 0.0157604838 -0.0109084012 0.0173978553 0 0 0
nt@synapse_cleft 1641 0.0298194014 0.014365569 0.00341342823 0 0 0
nt@synapse_cleft 1642 0.024881077 -0.0129408045 0.0109387208 0 0 0
nt@synapse_cleft 1655 8.21576848e-05 0.0226653978 0.00684587004 0 0 0
nt@synapse_cleft 1658 0.0228212602 0.035930909 0.0115155696 0 0 0
nt@synapse_cleft 1660 0.0130832862 0.014096969 0.0014959452 0 0 0
nt@synapse_cleft 1675 -0.0322296582 -0.00772400703 0.0155629439 0 0 0
nt@synapse_cleft 1678 -0.00513689177 -0.0109497185 0.000882445612 0 0 0
nt@synapse_cleft 1681 -0.0199215451 0.0136216895 0.0178797469 0 0 0
nt@synapse_cleft 1684 -0.00284463982 -0.0302286019 0.00867399173 0 0 0
nt@synapse_cleft 1686 -0.0143802055 0.0143345771 0.019121207 0 0 0
nt@synapse_cleft 1687 -0.0209821537 -0.0135394088 0.00460929487 0 0 0
nt@synapse_cleft 1689 0.013834915 0.0259171541 0.00218161076 0 0 0
nt@synapse_cleft 1692 -0.009888541 0.0168435785 0.00996015626 0 0 0
nt@synapse_cleft 1695 0.0160070886 -0.0115715149 0.00944253143 0 0 0
nt@synapse_cleft 1701 -0.0139888335 0.0126145198 0.010584901 0 0 0
nt@synapse_cleft 1702 0.0149898745 -0.0188394771 0.0194216181 0 0 0
nt@synapse_cleft 1703 -0.00176411942 0.0107799451 0.00757953905 0 0 0
nt@synapse_cleft 1707 -0.0218528808 -0.0148176292 0.00711375129 0 0 0
nt@synapse_cleft 1708 -0.0265311383 0.0166969728 0.00187782711 0 0 0
nt@synapse_cleft 1715 0.00322367467 -0.00274256207 0.0152304853 0 0 0
nt@synapse_cleft 1721 0.00359093628 -0.0287125723 0.00411068041 0 0 0
nt@synapse_cleft 1725 0.0284007137 0.00234180252 0.000836910111 0 0 0
nt@synapse_cleft 1729 0.0011766668 0.0010361169 0.0136544588 0 0 0
nt@synapse_cleft 1736 0.0278523721 0.00633937118 0.0164507787 0 0 0
nt@synapse_cleft 1741 -8.12046883e-06 -0.0195632647 0.0196775725 0 0 0
nt@synapse_cleft 1742 0.0126826754 -0.0529444773 0.010109891 0 0 0
nt@synapse_cleft 1743 0.034592694 0.0445396355 0.00918754966 0 0 0
nt@synapse_cleft 1745 -0.0311441371 0.016495202 0.00225234003 0 0 0
nt@synapse_cleft 1746 0.00794027486 -0.00954702012 0.0137553896 0 0 0
nt@synapse_cleft 1748 0.0598218632 0.0179072676 0.019545726 0 0 0
nt@synapse_cleft 1749 -0.00588261463 -0.00536623265 0.00365555587 0 0 0
nt@synapse_cleft 1751 0.0401391326 0.000961979756 0.00964931746 0 0 0
nt@synapse_cleft 1759 -0.0111471052 -0.0017640862 0.0183533573 0 0 0
nt@synapse_cleft 1761 -0.0288261342 0.00598276958 0.0136723581 0 0 0
nt@synapse_cleft 1762 -0.0169514573 -0.0315068995 0.0131644043 0 0 0
nt@synapse_cleft 1763 0.0393009526 -0.0263122366 0.016613977 0 0 0
nt@synapse_cleft 1768 0.0120066154 -0.0287339467 0.0104353934 0 0 0
nt@synapse_cleft 1769 -0.0229145782 0.0101349028 0.0154683578 0 0 0
nt@synapse_cleft 1775 -0.00166861232 -0.00112578574 0.00687567227 0 0 0
nt@synapse_cleft 1777 -0.00180408416 0.00354878949 0.0175055934 0 0 0
nt@synapse_cleft 1778 0.0359259452 -0.0548804113 0.00305819222 0 0 0
nt@synapse_cleft 1781 -0.0104646375 0.0328858915 0.012024701 0 0 0
nt@synapse_cleft 1793 0.0120123999 0.026962893 0.0160989222 0 0 0
nt@synapse_cleft 1795 0.0237333138 -0.0106508091 0.00502219716 0 0 0
nt@synapse_cleft 1799 -0.025927506 0.00672189867 0.00367933684 0 0 0
nt@synapse_cleft 1804 0.00864835452 -0.0165157036 0.00613330592 0 0 0
nt@synapse_cleft 1805 -0.0128220564 0.00170828387 0.00560142618 0 0 0
nt@synapse_cleft 1806 -0.0103550236 0.00387708704 0.0133331686 0 0 0
nt@synapse_cleft 1810 -0.0493107015 -0.0416033926 0.0189628492 0 0 0
nt@synapse_cleft 1811 -0.010670405 -0.00445400547 0.0083475605 0 0 0
nt@synapse_cleft 1812 -0.00389526072 0.0266479301 0.0196989392 0 0 0
nt@synapse_cleft 1815 0.000732284897 0.0208985543 0.00376876487 0 0 0
nt@synapse_cleft 1824 0.00263124639 0.000944353617 0.00252308125 0 0 0
nt@synapse_cleft 1826 0.0294428382 -0.00870747943 0.0194565903 0 0 0
nt@synapse_cleft 1829 0.034585103 -0.0193310329 0.0160481643 0 0 0
nt@synapse_cleft 1830 -0.0380921397 -0.00366984264 0.0168332113 0 0 0
nt@synapse_cleft 1837 -0.0296230401 -0.0109019485 0.012039043 0 0 0
nt@synapse_cleft 1838 -0.0131284058 -0.0314221681 0.0068060695 0 0 0
nt@synapse_cleft 1840 -0.0212359804 0.00260663405 0.00928793011 0 0 0
nt@synapse_cleft 1843 0.0283290709 -0.00556230174 0.0142513506 0 0 0
nt@synapse_cleft 1846 -0.0148510225 0.00320389745 0.00347518953 0 0 0
nt@synapse_cleft 1849 0.0423935818 0.00482040302 0.00871614353 0 0 0
nt@synapse_cleft 1853 0.059934531 -0.0155249582 0.0138780104 0 0 0
nt@synapse_cleft 1854 0.00916432611 -0.00827730086 0.00308124555 0 0 0
nt@synapse_cleft 1855 -0.0251488871 0.00820878873 0.0069036913 0 0 0
nt@synapse_cleft 1856 0.0112806033 -0.000104962526 0.00990922871 0 0 0
nt@synapse_cleft 1864 0.0054578776 -0.0251032429 0.0105662591 0 0 0
nt@synapse_cleft 1868 -0.028543192 0.00423030787 0.0156594019 0 0 0
nt@synapse_cleft 1872 -0.00161457043 -0.00372910381 0.00739525319 0 0 0
nt@synapse_cleft 1873 -0.0596746881 -0.00190363427 0.00629190664 0 0 0
nt@synapse_cleft 1875 -0.0247343478 0.0150361017 0.00134383587 0 0 0
nt@synapse_cleft 1877 0.000908160677 0.0368116061 0.0170057688 0 0 0
nt@synapse_cleft 1879 0.0544318346 -0.0447327785 0.0143556512 0 0 0
nt@synapse_cleft 1880 -0.0336743351 -0.0172062601 0.00984006676 0 0 0
nt@synapse_cleft 1883 0.00853718368 0.0126432089 0.0127469038 0 0 0
nt@synapse_cleft 1885 -0.00505237032 0.00686525039 0.0197541411 0 0 0
nt@synapse_cleft 1887 -0.0175286706 0.0313858797 0.0025075082 0 0 0
nt@synapse_cleft 1890 -0.0283709846 -0.0010468373 0.00882586051 0 0 0
nt@synapse_cleft 1892 -0.00354776688 0.00489001579 0.0129974452 0 0 0
nt@synapse_cleft 1894 -0.0130242765 0.0206908468 0.0198208501 0 0 0
nt@synapse_cleft 1896 0.0200675968 -0.00946996581 0.00632397636 0 0 0
nt@synapse_cleft 1900 -0.00373414993 -0.00904783233 0.00995275259 0 0 0
nt@synapse_cleft 1904 -0.0345924789 0.0366227005 0.0110033179 0 0 0
nt@synapse_cleft 1914 0.00579656043 0.0106018314 0.0051303839 0 0 0
nt@synapse_cleft 1918 -0.0188254727 0.0533423064 0.0180887915 0 0 0
nt@synapse_cleft 1921 -0.000171963831 -0.00666335737 0.00469207193 0 0 0
nt@synapse_cleft 1923 -0.0092823067 0.0287855603 0.0119394132 0 0 0
nt@synapse_cleft 1925 0.00404521517 0.0211538339 0.0139084257 0 0 0
nt@synapse_cleft 1926 0.0215943355 0.00243741807 0.000849751774 0 0 0
nt@synapse_cleft 1932 0.0112958238 -0.0164541975 0.0100211157 0 0 0
nt@synapse_cleft 1942 0.0213129531 -0.0341755907 0.0041120979 0 0 0
nt@synapse_cleft 1944 0.00403690859 0.0101173443 0.00639222636 0 0 0
nt@synapse_cleft 1946 -0.0156726217 0.000185232055 0.0106865123 0 0 0
nt@synapse_cleft 1953 -0.0155385417 -0.0208598583 0.00221867115 0 0 0
nt@synapse_cleft 1959 -0.00954377396 -0.0336219611 0.00520509559 0 0 0
nt@synapse_cleft 1961 0.0275017244 0.00967348343 0.0181325912 0 0 0
nt@synapse_cleft 1964 -0.0144528001 -0.000634453338 0.0112488921 0 0 0
nt@synapse_cleft 1967 0.012389277 -0.0232472872 0.0115420119 0 0 0
nt@synapse_cleft 1970 -0.0176257427 -0.0228915587 0.00438692831 0 0 0
nt@synapse_cleft 1973 0.0216767475 0.0335473298 0.014879694 0 0 0
nt@synapse_cleft 1976 -0.0288222923 -0.0169319238 0.00466916941 0 0 0
nt@synapse_cleft 1980 -0.0150361925 -0.0211608822 0.00518948562 0 0 0
nt@synapse_cleft 1982 0.00117213171 0.0165776715 0.0152215716 0 0 0
nt@synapse_cleft 1984 -0.0649476097 -0.015615055 0.00121620875 0 0 0
nt@synapse_cleft 1989 -0.0182321423 0.00847976145 0.0184047895 0 0 0
nt@synapse_cleft 1990 0.0120980352 0.0318804276 0.00272222498 0 0 0
nt@synapse_cleft 1993 0.00338583782 -0.022456936 0.0134758501 0 0 0
nt@synapse_cleft 1997 0.00136058952 0.0181215332 0.0156485368 0 0 0
nt@synapse_cleft 2004 -0.0202843106 0.00115563987 0.0126463456 0 0 0
nt@synapse_cleft 2007 0.00251398701 0.00737249873 0.0178993018 0 0 0
nt@synapse_cleft 2008 0.0160052375 0.00568924416 0.0186694801 0 0 0
nt@synapse_cleft 2013 -0.0143887087 -0.0115897219 0.0197194396 0 0 0
nt@synapse_cleft 2014 0.0160374093 0.0231083695 0.00353182355 0 0 0
nt@synapse_cleft 2016 -0.0142171715 -0.0018098826 0.0037487039 0 0 0
nt@synapse_cleft 2019 0.0244087526 -0.0251711233 0.0178318387 0 0 0
nt@synapse_cleft 2026 0.0444973441 -0.00896960613 0.00906182226 0 0 0
nt@synapse_cleft 2027 -0.0156108565 -0.0164135218 0.00329779734 0 0 0
nt@synapse_cleft 2032 -0.0296628212 0.0044990551 0.00288156968 0 0 0
nt@synapse_cleft 2035 0.0416141892 0.022176772 0.0127708258 0 0 0
nt@synapse_cleft 2036 0.050138646 -0.0058141585 0.015820119 0 0 0
nt@synapse_cleft 2039 0.0263245765 0.0103252159 0.0179043246 0 0 0
nt@synapse_cleft 2041 0.0216667792 0.00535857745 0.0163778353 0 0 0
nt@synapse_cleft 2044 0.0199642931 -0.0170075109 0.00860610428 0 0 0
nt@synapse_cleft 2052 0.00175470261 -0.00877909404 0.0155715586 0 0 0
nt@synapse_cleft 2058 -0.00827652505 -0.0378569863 0.01971036 0 0 0
nt@synapse_cleft 2061 0.0118716738 -0.00526478728 0.002532056 0 0 0
nt@synapse_cleft 2064 0.032378219 0.0257656897 0.00502467677 0 0 0
nt@synapse_cleft 2074 0.00802591893 -0.0515065938 0.0172940133 0 0 0
nt@synapse_cleft 2091 -0.0168021339 0.0270329557 0.0195717559 0 0 0
nt@synapse_cleft 2092 0.00952180977 0.0192826447 0.0141319216 0 0 0
nt@synapse_cleft 2094 -0.00997110553 0.00611820477 0.00823885882 0 0 0
nt@synapse_cleft 2095 0.0134564872 0.0136426688 0.0171909105 0 0 0
nt@synapse_cleft 2096 -0.00741675219 -0.0061702901 0.00952128974 0 0 0
nt@synapse_cleft 2101 -0.00454227012 -0.0215512359 0.000393027473 0 0 0
nt@synapse_cleft 2104 0.0281701977 0.00146552565 0.0154930138 0 0 0
nt@synapse_cleft 2112 -0.0155177173 -0.0202314869 0.00393764025 0 0 0
nt@synapse_cleft 2115 -0.029559403 -0.000580238987 0.016844104 0 0 0
nt@synapse_cleft 2121 0.04164393 -0.00788025667 0.0045263764 0 0 0
nt@synapse_cleft 2124 0.00786875399 0.0382954837 0.0120013813 0 0 0
nt@synapse_cleft 2127 0.0190175762 0.00915472206 0.000243241433 0 0 0
nt@synapse_cleft 2133 0.0149804063 -0.00687402328 0.00244084438 0 0 0
nt@synapse_cleft 2137 -0.0387418919 0.0386929112 0.00814220505 0 0 0
nt@synapse_cleft 2148 0.0258077329 -0.0442174007 0.00559877521 0 0 0
nt@synapse_cleft 2156 0.0183509178 -0.0290612382 0.0125800708 0 0 0
nt@synapse_cleft 2160 0.0173766373 0.00690738185 0.0123830596 0 0 0
nt@synapse_cleft 2162 -0.0256195537 0.0228889312 0.0100968817 0 0 0
nt@synapse_cleft 2163 0.0205676597 -0.0097716047 0.0159631892 0 0 0
nt@synapse_cleft 2170 0.0328369222 0.00479715101 0.0175890329 0 0 0
nt@synapse_cleft 2177 -0.0128261216 -0.0192886261 0.00270765248 0 0 0
nt@synapse_cleft 2185 -0.00905598027 -0.0026228609 0.000578117712 0 0 0
nt@synapse_cleft 2187 -0.0200205405 0.00876054891 0.00839774889 0 0 0
nt@synapse_cleft 2188 -0.0105315562 0.0404498552 0.00341514367 0 0 0
nt@synapse_cleft 2199 0.00763796329 -0.0193429531 0.011066739 0 0 0
nt@synapse_cleft 2204 -0.035139747 -0.00110738107 0.0197451139 0 0 0
nt@synapse_cleft 2206 -0.0197711087 -0.0168570431 0.0171430699 0 0 0
nt@synapse_cleft 2207 0.0224150765 0.00180952688 0.0161752966 0 0 0
nt@synapse_cleft 2217 0.0241734892 -0.0362513658 0.00669235852 0 0 0
nt@synapse_cleft 2218 0.00696779883 0.0146740521 0.0184147047 0 0 0
nt@synapse_cleft 2223 -0.0224467824 0.018932674 0.0115766312 0 0 0
nt@synapse_cleft 2228 -0.00973575682 -0.000569817569 0.00155540173 0 0 0
nt@synapse_cleft 2235 -0.00551339731 -0.0100919841 0.0120668708 0 0 0
nt@synapse_cleft 2236 0.0066119347 0.0251321649 0.0183347595 0 0 0
nt@synapse_cleft 2248 -0.0241146762 -0.0054233623 0.00506828148 0 0 0
nt@synapse_cleft 2251 0.00822192736 -0.00249283285 0.0186801666 0 0 0
nt@synapse_cleft 2254 -0.00520957206 -0.0149926141 0.0133820632 0 0 0
nt@synapse_cleft 2256 -0.0335584453 -0.0322260786 0.000619433912 0 0 0
nt@synapse_cleft 2257 0.00660242291 -0.00841065874 0.00529850901 0 0 0
nt@synapse_cleft 2262 -0.00932617687 0.0327119491 0.0150866198 0 0 0
nt@synapse_cleft 2265 0.0275963419 0.0246245213 0.0129609046 0 0 0
nt@synapse_cleft 2269 -0.0410113167 0.015760973 0.00295593607 0 0 0
nt@synapse_cleft 2271 -0.073178678 0.0187891309 0.00221117467 0 0 0
nt@synapse_cleft 2274 -0.00472344573 0.0406316226 0.00292124985 0 0 0
nt@synapse_cleft 2278 0.0321747552 0.0351482479 0.0115435403 0 0 0
nt@synapse_cleft 2279 -0.00563581693 0.00934246067 0.00648817383 0 0 0
nt@synapse_cleft 2283 0.0325806869 -0.0218666326 0.0142106072 0 0 0
nt@synapse_cleft 2284 0.0223593393 -0.00611555062 0.0193824785 0 0 0
nt@synapse_cleft 2285 -0.00877323076 -0.00569507515 0.0183573722 0 0 0
nt@synapse_cleft 2289 0.00101000696 0.00225476889 8.18654243e-05 0 0 0
nt@synapse_cleft 2292 -0.01696172 0.00827001049 0.00747063677 0 0 0
nt@synapse_cleft 2298 -0.0364337383 -0.0191859695 0.0124178431 0 0 0
nt@synapse_cleft 2304 -0.0171115026 0.0283863309 0.00224048919 0 0 0
nt@synapse_cleft 2306 0.00399098523 -0.032759455 0.0032959425 0 0 0
nt@synapse_cleft 2308 -0.0166498052 0.0137032778 0.000520974268 0 0 0
nt@synapse_cleft 2309 0.0048468297 -0.0141971204 0.0196988464 0 0 0
nt@synapse_cleft 2314 -0.0112664676 -0.0259735513 0.0184336477 0 0 0
nt@synapse_cleft 2317 0.0371208953 0.00721786587 0.00657762896 0 0 0
nt@synapse_cleft 2320 0.0144915937 -0.0336171847 0.0103805085 0 0 0
nt@synapse_cleft 2321 0.05296647 -0.00122495378 0.00443171465 0 0 0
nt@synapse_cleft 2326 0.0205598064 0.0160252075 0.00205350149 0 0 0
nt@synapse_cleft 2327 -0.0325915947 -0.0345252794 0.0138605367 0 0 0
nt@synapse_cleft 2330 -0.0440683109 0.0250024228 0.00369435769 0 0 0
nt@synapse_cleft 2332 -0.0176336962 -0.00733844976 0.00900616314 0 0 0
nt@synapse_cleft 2343 0.013492797 -0.00713120485 0.00825165646 0 0 0
nt@synapse_cleft 2349 0.0306823754 0.00786765104 0.0134473496 0 0 0
nt@synapse_cleft 2366 0.0220522213 0.025920561 0.0113872454 0 0 0
nt@synapse_cleft 2367 -0.0237211968 -0.0211268153 0.0151348973 0 0 0
nt@synapse_cleft 2369 -0.0109688935 0.00374241743 0.0115088483 0 0 0
nt@synapse_cleft 2370 0.0144539207 -0.0211286198 0.00575625696 0 0 0
nt@synapse_cleft 2375 0.00698791112 0.0064122787 0.00973947354 0 0 0
nt@synapse_cleft 2383 0.0233295758 -0.0458731253 0.0149386635 0 0 0
nt@synapse_cleft 2386 -0.0107258388 -0.0166550192 0.00102487513 0 0 0
nt@synapse_cleft 2389 -0.00462754008 -0.0142892003 0.00283289203 0 0 0
nt@synapse_cleft 2397 0.00753067455 -0.0606713236 0.00797872747 0 0 0
nt@synapse_cleft 2400 -0.0215728093 -0.0358443821 0.0171018523 0 0 0
nt@synapse_cleft 2410 0.00774980622 0.000106288861 0.0159148156 0 0 0
nt@synapse_cleft 2411 0.0131292411 -0.0414337755 0.00138034189 0 0 0
nt@synapse_cleft 2412 0.00254137054 0.00985550084 0.0100662207 0 0 0
nt@synapse_cleft 2417 -0.0119396383 0.00917681365 0.0100414881 0 0 0
nt@synapse_cleft 2421 -0.005298524 0.0190605876 0.00650659227 0 0 0
nt@synapse_cleft 2423 0.00754101885 -0.0371816783 0.00405995939 0 0 0
nt@synapse_cleft 2434 0.0087217522 -0.0257124233 0.0153337373 0 0 0
nt@synapse_cleft 2437 0.0257950467 0.0126974986 0.00208847952 0 0 0
nt@synapse_cleft 2438 0.00361934877 -0.0420363076 0.00264978489 0 0 0
nt@synapse_cleft 2440 -0.0186228632 -0.0288275511 0.0113914109 0 0 0
nt@synapse_cleft 2446 -0.024570511 0.018928292 0.00998875329 0 0 0
nt@synapse_cleft 2448 -0.00251457782 0.00602726869 0.0145852367 0 0 0
nt@synapse_cleft 2456 -0.0226713793 -0.00703860188 0.0163651931 0 0 0
nt@synapse_cleft 2459 0.00177549865 0.0411228168 0.00517167972 0 0 0
nt@synapse_cleft 2462 -0.0141648661 0.0439582434 0.00112840219 0 0 0
nt@synapse_cleft 2463 0.00994333148 -0.0278826885 0.0133303813 0 0 0
nt@synapse_cleft 2466 0.00220659581 -0.0317899623 0.00394110102 0 0 0
nt@synapse_cleft 2467 -0.0101794822 0.0261078465 0.00578047499 0 0 0
nt@synapse_cleft 2468 -0.0493854994 -0.0174298041 0.00591095788 0 0 0
nt@synapse_cleft 2470 0.0112502313 0.0177242151 0.00177141986 0 0 0
nt@synapse_cleft 2472 0.0369322853 -0.0523586449 0.0178429717 0 0 0
nt@synapse_cleft 2480 -0.0143462404 -0.0153416936 0.014496268 0 0 0
nt@synapse_cleft 2481 -0.0215493644 -0.00680157852 0.00638074482 0 0 0
nt@synapse_cleft 2483 0.0322880003 0.00955301184 0.0106325538 0 0 0
nt@synapse_cleft 2491 0.00415836684 -0.0021557713 0.0186797548 0 0 0
nt@synapse_cleft 2493 0.021243071 -0.0512120314 0.0184966463 0 0 0
nt@synapse_cleft 2495 -0.0196238174 0.0109905525 0.00807732707 0 0 0
nt@synapse_cleft 2498 0.019424242 -0.00682194225 0.00930651466 0 0 0
nt@synapse_cleft 2501 -0.00443091957 0.0112019833 0.00523399507 0 0 0
nt@synapse_cleft 2502 0.017795336 -0.0342295727 0.0182229477 0 0 0
nt@synapse_cleft 2509 -0.00221985038 -0.0280709008 0.0162672049 0 0 0
nt@synapse_cleft 2510 -0.000205589158 -0.0021451134 0.0161010832 0 0 0
nt@synapse_cleft 2513 -0.00446181632 0.0118211848 0.0011918719 0 0 0
nt@synapse_cleft 2517 -0.01403788 -0.00886748485 0.0188036158 0 0 0
nt@synapse_cleft 2520 0.0259357782 0.0260342408 0.00152907366 0 0 0
nt@synapse_cleft 2521 -0.00784201954 0.019436574 0.00929732758 0 0 0
nt@synapse_cleft 2525 0.0283512267 0.00904495835 0.0135949924 0 0 0
nt@synapse_cleft 2528 -0.0124886051 0.000375452528 0.0105360901 0 0 0
nt@synapse_cleft 2539 -0.016961283 0.0194972766 0.0191690887 0 0 0
nt@synapse_cleft 2542 0.0273464659 -0.0262443434 0.0150081137 0 0 0
nt@synapse_cleft 2549 -0.0179885539 0.0495568496 0.0113768554 0 0 0
nt@synapse_cleft 2550 0.0253280004 -0.0107666658 0.003489482 0 0 0
nt@synapse_cleft 2555 0.0432200334 -0.0149027183 0.00048131238 0 0 0
nt@synapse_cleft 2560 -0.0345030577 0.00294915837 0.00568770745 0 0 0
nt@synapse_cleft 2561 0.0231816049 0.0445796717 0.0116835398 0 0 0
nt@synapse_cleft 2563 0.00388770621 0.00708471894 0.0185032605 0 0 0
nt@synapse_cleft 2564 -0.00417043614 0.039550896 0.00386546689 0 0 0
nt@synapse_cleft 2566 -0.00664841496 -0.0126493944 0.00881455933 0 0 0
nt@synapse_cleft 2570 0.0173718133 0.00451896097 0.00833172241 0 0 0
nt@synapse_cleft 2571 0.00994090763 -0.0407081041 0.00555870662 0 0 0
nt@synapse_cleft 2577 0.00761780529 0.0226048859 0.014504282 0 0 0
nt@synapse_cleft 2586 0.0386962053 -0.000568460139 0.0108023334 0 0 0
nt@synapse_cleft 2591 -0.00598956537 -0.00445538547 0.00356182309 0 0 0
nt@synapse_cleft 2593 0.0611939494 0.0450443495 0.0177814984 0 0 0
nt@synapse_cleft 2597 -0.0129566873 0.0174094318 0.00484087661 0 0 0
nt@synapse_cleft 2600 0.0129719438 0.0458629457 0.0129672714 0 0 0
nt@synapse_cleft 2603 0.0101152307 -0.0115202127 0.0133345373 0 0 0
nt@synapse_cleft 2604 0.0363270192 -0.00569446429 0.00276579703 0 0 0
nt@synapse_cleft 2610 0.00803740347 -0.0382042038 0.00126252195 0 0 0
nt@synapse_cleft 2613 -0.0345509909 -0.0258642086 0.0178877364 0 0 0
nt@synapse_cleft 2615 -0.0221726557 -0.0612213799 0.00393200155 0 0 0
nt@synapse_cleft 2617 -0.0207078634 0.0237078123 0.00748866482 0 0 0
nt@synapse_cleft 2620 0.0024346381 -0.0375420713 0.00128890842 0 0 0
nt@synapse_cleft 2623 -0.0192306848 -0.0341567021 0.0149901537 0 0 0
nt@synapse_cleft 2625 -0.0354879362 -0.0246990756 0.0105276179 0 0 0
nt@synapse_cleft 2628 0.0284054 -0.0222905256 0.018003125 0 0 0
nt@synapse_cleft 2631 -0.00477321623 0.02530657 0.0146563777 0 0 0
nt@synapse_cleft 2639 0.0134207427 0.0023381077 0.00235453567 0 0 0
nt@synapse_cleft 2641 -0.0118701028 -0.0234094884 0.0160267406 0 0 0
nt@synapse_cleft 2642 -0.0409768144 -0.00725293804 0.0118906627 0 0 0
nt@synapse_cleft 2645 0.0084773841 0.0266869384 0.00102659346 0 0 0
nt@synapse_cleft 2650 0.0270333803 -0.0103352401 0.0119741903 0 0 0
nt@synapse_cleft 2652 -0.0164453937 -0.000291088367 0.0179097967 0 0 0
nt@synapse_cleft 2660 -0.0198023711 -0.0270629337 0.0107953489 0 0 0
nt@synapse_cleft 2661 0.031683392 -0.0274087899 0.00455724256 0 0 0
nt@synapse_cleft 2670 -0.0315899951 -0.0155321908 0.0155333873 0 0 0
nt@synapse_cleft 2674 -0.0220998156 -0.00652371924 0.00200579802 0 0 0
nt@synapse_cleft 2675 -0.00754443724 0.0106990102 0.00540511846 0 0 0
nt@synapse_cleft 2680 -0.0591894346 -0.019400185 0.00615211672 0 0 0
nt@synapse_cleft 2681 -0.0328672795 -0.0201014487 0.00756748811 0 0 0
nt@synapse_cleft 2688 -0.0599449164 0.0573883572 0.00147606263 0 0 0
nt@synapse_cleft 2692 0.0273729012 -0.0150082582 0.00655462148 0 0 0
nt@synapse_cleft 2702 -0.00292863132 -0.0173898196 0.000900049592 0 0 0
nt@synapse_cleft 2708 -0.0367727077 0.00650549695 0.012907892 0 0 0
nt@synapse_cleft 2709 -0.00786944747 -0.0010091295 0.0181131335 0 0 0
nt@synapse_cleft 2710 -0.00552693153 -0.011454938 0.0102740806 0 0 0
nt@synapse_cleft 2713 0.00401881069 -0.0240519876 0.0172102708 0 0 0
nt@synapse_cleft 2714 0.0387206861 0.0225829079 0.00481792484 0 0 0
nt@synapse_cleft 2720 0.0127857008 0.0202190497 0.00150911826 0 0 0
nt@synapse_cleft 2724 0.00756985384 -0.00334673279 0.000511603872 0 0 0
nt@synapse_cleft 2729 0.021770393 -0.00917690362 0.0135161386 0 0 0
nt@synapse_cleft 2734 0.0490423733 -0.000366274529 0.0172181481 0 0 0
nt@synapse_cleft 2739 0.03099162 -0.013754611 0.0132578609 0 0 0
nt@synapse_cleft 2743 -0.003286294 -0.0401613798 0.015894702 0 0 0
nt@synapse_cleft 2750 0.041393664 -0.0312806335 0.0105614187 0 0 0
nt@synapse_cleft 2752 -0.0286407909 -0.0121170609 0.0162049369 0 0 0
nt@synapse_cleft 2756 0.0297576621 -0.00308259733 0.00703397644 0 0 0
nt@synapse_cleft 2758 0.00187797518 -0.0231554767 0.00931807668 0 0 0
nt@synapse_cleft 2760 0.00213397162 -0.0176505399 0.0190630626 0 0 0
nt@synapse_cleft 2766 -0.0465220133 0.02185445 0.0187352155 0 0 0
nt@synapse_cleft 2775 0.0342556303 -0.00972856798 0.0188104609 0 0 0
nt@synapse_cleft 2785 -0.00086228484 0.0224297548 0.00632129483 0 0 0
nt@synapse_cleft 2798 -0.0225193372 0.0131832745 0.00960276018 0 0 0
nt@synapse_cleft 2807 -0.0124980528 0.00324877532 0.00978138404 0 0 0
nt@synapse_cleft 2808 0.0184908359 0.0440148793 0.00219584891 0 0 0
nt@synapse_cleft 2812 -0.0518001529 -0.0334080004 8.6838453e-05 0 0 0
nt@synapse_cleft 2815 0.00137870731 2.31206528e-05 0.00747508172 0 0 0
nt@synapse_cleft 2820 0.0179147235 0.0025730807 0.0140185192 0 0 0
nt@synapse_cleft 2828 0.0145028864 -0.0468855499 0.00843766285 0 0 0
nt@synapse_cleft 2837 -0.0106936208 0.00440068738 0.0183086326 0 0 0
nt@synapse_cleft 2848 0.0193814839 0.0176623976 0.0120729458 0 0 0
nt@synapse_cleft 2854 0.0233554923 0.00237807957 0.00266328828 0 0 0
nt@synapse_cleft 2855 -0.0205276803 -0.0240866829 0.00122500289 0 0 0
nt@synapse_cleft 2857 0.0179088182 -0.0163091508 0.0172619813 0 0 0
nt@synapse_cleft 2861 -0.0273729836 0.000279391973 0.00220556022 0 0 0
nt@synapse_cleft 2863 -0.0295208122 0.0148358304 0.00933522271 0 0 0
nt@synapse_cleft 2868 0.00562047108 0.0117108734 0.00541597586 0 0 0
nt@synapse_cleft 2871 0.0128800087 -0.0574830298 0.00950204784 0 0 0
nt@synapse_cleft 2875 -0.000240500944 0.00560115206 0.0193643988 0 0 0
nt@synapse_cleft 2876 -0.0254046969 -2.60821937e-05 0.0150486161 0 0 0
nt@synapse_cleft 2880 -0.00504250715 0.0251448727 0.0134666919 0 0 0
nt@synapse_cleft 2884 0.0323420993 -0.00858093555 0.0086543396 0 0 0
nt@synapse_cleft 2887 0.00203025443 -0.0264458226 0.019318792 0 0 0
nt@synapse_cleft 2894 0.00804057715 0.0100012165 0.00708201238 0 0 0
nt@synapse_cleft 2895 0.0558588364 0.000461220485 0.00835366664 0 0 0
nt@synapse_cleft 2897 0.0083269005 -0.042115857 0.0170748019 0 0 0
nt@synapse_cleft 2905 -0.0150066409 0.0176821911 0.00888873012 0 0 0
nt@synapse_cleft 2909 0.0367087828 -0.00886798699 0.0101583149 0 0 0
nt@synapse_cleft 2910 -0.0387607227 0.0139849831 0.011485634 0 0 0
nt@synapse_cleft 2912 0.0292266929 -0.00822000512 0.00555676096 0 0 0
nt@synapse_cleft 2915 0.0257542318 -0.0270774409 0.00843029629 0 0 0
nt@synapse_cleft 2918 -0.00750442503 -0.0508896274 0.01656438 0 0 0
nt@synapse_cleft 2920 0.0186823704 -0.00920862156 0.0184878776 0 0 0
nt@synapse_cleft 2921 -0.00259205737 0.0397585797 0.0048191634 0 0 0
nt@synapse_cleft 2922 0.0572955234 -0.0114899157 0.0179207904 0 0 0
nt@synapse_cleft 2925 -0.0202790633 0.0148222045 0.0180583558 0 0 0
nt@synapse_cleft 2928 -0.00173438032 0.045590221 0.00861023047 0 0 0
nt@synapse_cleft 2933 -0.0154971005 -0.0025712755 0.00895514948 0 0 0
nt@synapse_cleft 2935 -0.0363488626 0.00366954809 0.0147339213 0 0 0
nt@synapse_cleft 2938 0.00929327087 -0.0284587704 0.00633731889 0 0 0
nt@synapse_cleft 2940 3.86629572e-05 -0.0171293482 0.00549359465 0 0 0
nt@synapse_cleft 2945 -0.0292663736 -0.00822927025 0.00868496187 0 0 0
nt@synapse_cleft 2946 0.00746972504 -0.00073897894 0.00215851186 0 0 0
nt@synapse_cleft 2951 -0.0181287751 0.00576708942 0.00739457137 0 0 0
nt@synapse_cleft 2955 -0.0257611653 -0.0115271635 0.0103214773 0 0 0
nt@synapse_cleft 2961 0.0591812533 -0.0343132666 0.00806092201 0 0 0
nt@synapse_cleft 2962 0.0166077725 0.0116580668 0.0159202098 0 0 0
nt@synapse_cleft 2967 -0.0262602298 -0.0526868768 0.00765882042 0 0 0
nt@synapse_cleft 2982 -0.0105227721 0.00610060537 0.0144456284 0 0 0
nt@synapse_cleft 2983 0.0168058959 -0.0480755449 0.00803269966 0 0 0
nt@synapse_cleft 2992 -0.0429067756 0.022239763 0.00711835367 0 0 0
nt@synapse_cleft 2993 -0.0100583328 0.0382520031 0.00466839346 0 0 0
nt@synapse_cleft 2997 0.0215974743 -0.0218292405 0.00168295647 0 0 0
nt@synapse_cleft 3006 0.0110974263 0.0366234756 0.0164150422 0 0 0
nt@synapse_cleft 3008 0.0134721276 0.0587143465 0.0135737749 0 0 0
nt@synapse_cleft 3012 0.0206887 -0.00181155919 0.00549021626 0 0 0
nt@synapse_cleft 3019 -0.00766390115 -0.00322759819 0.0010764806 0 0 0
nt@synapse_cleft 3020 -0.0188268547 -0.0189966307 0.00439740036 0 0 0
nt@synapse_cleft 3024 0.0155440486 0.0208257554 0.00500149768 0 0 0
nt@synapse_cleft 3026 -0.00865523937 0.00513939785 0.0129944599 0 0 0
nt@synapse_cleft 3042 -0.00656097783 0.00829231335 0.016201449 0 0 0
nt@synapse_cleft 3047 0.0323490334 0.0403458419 0.00281257149 0 0 0
nt@synapse_cleft 3057 0.0100493356 -0.020700229 0.0183776732 0 0 0
nt@synapse_cleft 3061 -0.0101280105 0.0271586891 0.00959209979 0 0 0
nt@synapse_cleft 3062 0.00209073287 -0.0234361373 0.0143917553 0 0 0
nt@synapse_cleft 3069 0.0504508607 -0.0343620993 0.000738430955 0 0 0
nt@synapse_cleft 3073 0.00504266435 0.031468504 0.00477692622 0 0 0
nt@synapse_cleft 3076 -0.0256697626 -0.00956117925 0.00589794038 0 0 0
nt@synapse_cleft 3078 -0.0280377661 -0.0224347083 0.000822445946 0 0 0
nt@synapse_cleft 3082 0.00579120772 0.0208414797 0.0190593926 0 0 0
nt@synapse_cleft 3089 0.00934602725 -0.00783258203 0.0045221228 0 0 0
nt@synapse_cleft 3092 -0.0160742426 0.00970056528 0.0182787473 0 0 0
nt@synapse_cleft 3096 -0.00486779509 0.0244285538 0.00476387424 0 0 0
nt@synapse_cleft 3097 0.0373932181 0.0140263103 0.0056560554 0 0 0
nt@synapse_cleft 3099 -0.020735322 0.016022951 0.0136533493 0 0 0
nt@synapse_cleft 3109 -0.0212964939 0.0247247513 0.0119004396 0 0 0
nt@synapse_cleft 3111 -0.00723804246 -0.0172152982 0.000206859576 0 0 0
nt@synapse_cleft 3113 -0.0148531951 0.0182498307 0.0109249967 0 0 0
nt@synapse_cleft 3114 0.0195828962 0.0244792414 0.0171527478 0 0 0
nt@synapse_cleft 3122 -0.00498278888 -0.00340293654 0.00149046763 0 0 0
nt@synapse_cleft 3132 -0.0265135116 -0.00314781446 0.00741788262 0 0 0
nt@synapse_cleft 3134 0.00159305727 0.0313633332 0.015802022 0 0 0
nt@synapse_cleft 3144 -0.0036493166 -0.0548717538 0.0191080879 0 0 0
nt@synapse_cleft 3147 -0.00304944648 0.00828114738 0.00715520793 0 0 0
nt@synapse_cleft 3150 0.0324059986 -0.0634299142 0.00993670719 0 0 0
nt@synapse_cleft 3155 -0.0057768969 0.0163744834 0.0148820418 0 0 0
nt@synapse_cleft 3158 -0.0195824703 0.00402716743 0.00262044057 0 0 0
nt@synapse_cleft 3159 -0.0218302189 0.0207985828 0.016134711 0 0 0
nt@synapse_cleft 3165 0.0292554474 3.84610272e-05 0.0107681296 0 0 0
nt@synapse_cleft 3167 0.00479407677 0.0120484333 0.0121720188 0 0 0
nt@synapse_cleft 3172 -0.0435089654 0.017376114 0.0106920369 0 0 0
nt@synapse_cleft 3177 0.0115217616 -0.0355149057 0.00617139958 0 0 0
nt@synapse_cleft 3178 -0.00803740271 -0.0180082102 0.00787864296 0 0 0
nt@synapse_cleft 3179 0.0139791539 -0.00162266375 0.00807171112 0 0 0
nt@synapse_cleft 3181 0.00351694145 0.0210568885 0.0152142608 0 0 0
nt@synapse_cleft 3182 -0.00865119245 -0.00920612844 0.0144453057 0 0 0
nt@synapse_cleft 3183 -0.007524587 -0.0195608277 0.0179625667 0 0 0
nt@synapse_cleft 3184 -0.000509435684 0.0129647284 2.08106436e-05 0 0 0
nt@synapse_cleft 3185 -0.0116871554 -0.0128897906 0.000326279482 0 0 0
nt@synapse_cleft 3187 -0.0193377839 0.00361000136 0.0117247925 0 0 0
nt@synapse_cleft 3190 0.0226181639 -0.0103391958 0.00753193668 0 0 0
nt@synapse_cleft 3195 -0.012636062 0.00206655815 0.00292011157 0 0 0
nt@synapse_cleft 3199 -0.00199218219 0.0387104109 0.0182655195 0 0 0
nt@synapse_cleft 3202 0.00457410715 0.0270361975 0.0183357358 0 0 0
nt@synapse_cleft 3207 -0.0185994549 -0.00244582323 0.0192572975 0 0 0
nt@synapse_cleft 3211 0.00987539768 0.00533352018 0.0098635891 0 0 0
nt@synapse_cleft 3214 0.00824833167 -0.00790677944 0.0143832411 0 0 0
nt@synapse_cleft 3220 -0.00640926786 0.0152751446 0.0126826003 0 0 0
nt@synapse_cleft 3222 -0.0559633281 -0.0127503671 0.00344929032 0 0 0
nt@synapse_cleft 3227 -0.00232907201 0.00169061545 0.0131415745 0 0 0
nt@synapse_cleft 3230 -0.0646428296 -0.019883754 0.00348545903 0 0 0
nt@synapse_cleft 3247 0.0101522072 -0.0022212735 0.01563488 0 0 0
nt@synapse_cleft 3248 -0.0155488643 -0.0248070722 0.0188589292 0 0 0
nt@synapse_cleft 3249 -0.00770615402 0.00792468719 0.0068929352 0 0 0
nt@synapse_cleft 3275 0.00477455828 -0.0139783613 0.0162955437 0 0 0
nt@synapse_cleft 3284 0.00998881948 0.00317503884 0.00770057752 0 0 0
nt@synapse_cleft 3302 0.0040933426 -0.0334329765 0.00152877806 0 0 0
nt@synapse_cleft 3304 0.0247356199 0.0640626867 0.00157413099 0 0 0
nt@synapse_cleft 3308 -0.0141863788 0.0335186993 0.00315207149 0 0 0
nt@synapse_cleft 3311 -0.029289685 0.0211386046 0.0164662942 0 0 0
nt@synapse_cleft 3312 -0.00683940557 -0.013510829 0.00538551798 0 0 0
nt@synapse_cleft 3313 0.00268070861 -0.0180010457 0.0152433408 0 0 0
nt@synapse_cleft 3316 0.0115558232 -0.00813857745 0.00408498764 0 0 0
nt@synapse_cleft 3324 -0.00590375599 -0.00341197355 0.00215065288 0 0 0
nt@synapse_cleft 3326 -0.000126071512 -0.00928017502 0.00268026685 0 0 0
nt@synapse_cleft 3327 0.0048993981 -0.0424054533 0.018301509 0 0 0
nt@synapse_cleft 3334 0.0241674922 0.0106002334 0.0135754294 0 0 0
nt@synapse_cleft 3335 0.0302069734 -0.000294466871 0.0133516635 0 0 0
nt@synapse_cleft 3338 0.00380151235 -0.0298931147 0.00644417651 0 0 0
nt@synapse_cleft 3341 0.0120687128 0.00739034398 0.00637039716 0 0 0
nt@synapse_cleft 3342 0.00117529546 -0.000510925368 0.0156086473 0 0 0
nt@synapse_cleft 3347 0.0275084182 -0.0447522731 0.0083150625 0 0 0
nt@synapse_cleft 3354 -0.0123942827 -0.0263666703 0.00756563569 0 0 0
nt@synapse_cleft 3367 -0.0056548769 0.0223267983 0.00844436234 0 0 0
nt@synapse_cleft 3372 -0.0344994325 -0.0169990597 0.00881777241 0 0 0
nt@synapse_cleft 3375 0.0510856029 0.0180986785 0.018616379 0 0 0
nt@synapse_cleft 3378 0.014699514 0.0323970747 0.00988451499 0 0 0
nt@synapse_cleft 3394 -0.0127381676 -0.0278584686 0.00704454718 0 0 0
nt@synapse_cleft 3401 0.0344781542 -0.00485377607 0.0186863037 0 0 0
nt@synapse_cleft 3402 -0.00872810132 2.54062496e-05 0.00356975294 0 0 0
nt@synapse_cleft 3404 0.022681532 -0.0250394254 0.0154055242 0 0 0
nt@synapse_cleft 3405 0.0209126897 0.0269773639 0.00259284276 0 0 0
nt@synapse_cleft 3407 0.00457967253 0.0467289388 0.00751963516 0 0 0
nt@synapse_cleft 3413 0.0128662651 0.0106635768 0.00486863889 0 0 0
nt@synapse_cleft 3415 -0.0190529758 0.0169183314 0.0183122786 0 0 0
nt@synapse_cleft 3419 -0.0321496448 0.021210919 0.0148073684 0 0 0
nt@synapse_cleft 3429 0.0339162203 -0.0140646724 0.0143405909 0 0 0
nt@synapse_cleft 3432 0.0518685611 -0.0682504809 0.00946471765 0 0 0
nt@synapse_cleft 3434 0.00421544188 -0.025610806 0.00364664132 0 0 0
nt@synapse_cleft 3445 0.00863846681 0.0106120155 0.0163872443 0 0 0
nt@synapse_cleft 3451 0.0191307727 0.0184935573 0.00279587162 0 0 0
nt@synapse_cleft 3455 -0.00272869463 -0.0088341171 0.0194701144 0 0 0
nt@synapse_cleft 3467 -0.0544050956 0.0130764891 0.00824432963 0 0 0
nt@synapse_cleft 3470 0.0299188554 -0.0133671191 0.0199769981 0 0 0
nt@synapse_cleft 3472 -0.024107146 0.00868619523 0.0198518625 0 0 0
nt@synapse_cleft 3474 0.0342687775 -0.00291513438 0.00572699108 0 0 0
nt@synapse_cleft 3482 -0.0533994109 -0.0422270129 0.016845984 0 0 0
nt@synapse_cleft 3484 -0.00585775978 0.0201544366 0.0178174542 0 0 0
nt@synapse_cleft 3496 0.00320436835 -0.00828701913 0.0191234012 0 0 0
nt@synapse_cleft 3500 0.0129282135 -0.0221209771 0.0104456456 0 0 0
nt@synapse_cleft 3502 0.0328924409 0.0270829516 0.00810870612 0 0 0
nt@synapse_cleft 3507 -0.0214372009 -0.0132590525 0.0111941624 0 0 0
nt@synapse_cleft 3511 0.029169897 -0.0204545263 0.0193333514 0 0 0
nt@synapse_cleft 3514 -0.00339597301 -0.0182556086 0.0146149224 0 0 0
nt@synapse_cleft 3519 0.0341720059 -0.0274227942 0.00524452243 0 0 0
nt@synapse_cleft 3525 -0.00871766471 -0.0199698608 0.00186493374 0 0 0
nt@synapse_cleft 3526 0.0194271835 -0.0354302344 0.00399967592 0 0 0
nt@synapse_cleft 3529 -0.0374590396 0.00419612153 0.00862571319 0 0 0
nt@synapse_cleft 3535 0.00484796771 -0.00593727039 0.010254176 0 0 0
nt@synapse_cleft 3536 -0.0117069613 0.00959620388 0.00289730539 0 0 0
nt@synapse_cleft 3538 -0.0192379766 0.00559913167 0.000284316253 0 0 0
nt@synapse_cleft 3539 -0.0422293232 0.0238531822 0.00341323752 0 0 0
nt@synapse_cleft 3542 0.00513446189 0.0395971027 0.0122051423 0 0 0
nt@synapse_cleft 3543 -0.0135059535 -0.00305408654 0.0168959175 0 0 0
nt@synapse_cleft 3546 -0.00949952562 0.0108232754 0.00894398208 0 0 0
nt@synapse_cleft 3561 -0.0220033546 0.0168878885 0.00353094966 0 0 0
nt@synapse_cleft 3562 -0.0565720001 -0.00265009746 0.0165226658 0 0 0
nt@synapse_cleft 3563 0.00722524862 -0.00987968861 0.0184454043 0 0 0
nt@synapse_cleft 3565 0.0297563298 -0.0163985348 0.0070072605 0 0 0
nt@synapse_cleft 3566 0.00104515298 0.0463191063 0.00433282529 0 0 0
nt@synapse_cleft 3567 0.0063646722 0.0181853286 0.0190674237 0 0 0
nt@synapse_cleft 3568 0.0275514364 -0.0354052769 0.0196788871 0 0 0
nt@synapse_cleft 3569 0.023337185 -0.00258252103 0.0174567115 0 0 0
nt@synapse_cleft 3575 -0.0222198674 0.0102015135 0.000711231904 0 0 0
nt@synapse_cleft 3576 0.0285035177 0.00189858559 0.0080234913 0 0 0
nt@synapse_cleft 3579 0.00233705793 -0.0202926712 0.000153633643 0 0 0
nt@synapse_cleft 3583 -0.00655452545 0.00670427038 0.0167116554 0 0 0
nt@synapse_cleft 3585 0.013755233 -0.000514449852 0.0159098044 0 0 0
nt@synapse_cleft 3592 0.0333232893 0.0254480369 0.0172232745 0 0 0
nt@synapse_cleft 3595 -0.0200261012 -0.00678202748 0.00308291849 0 0 0
nt@synapse_cleft 3597 0.0120868583 -0.0299212984 0.0145836866 0 0 0
nt@synapse_cleft 3599 0.0196692263 -0.0385512549 0.0157137232 0 0 0
nt@synapse_cleft 3602 -0.0365788962 -0.0109835126 0.00468215753 0 0 0
nt@synapse_cleft 3603 -0.0011922888 0.0280238404 0.0151022929 0 0 0
nt@synapse_cleft 3606 -0.00999393163 -0.00776518538 0.012615426 0 0 0
nt@synapse_cleft 3610 -0.0107458683 0.00283934884 0.00727703067 0 0 0
nt@synapse_cleft 3611 0.0215432179 0.000451830932 0.00129487753 0 0 0
nt@synapse_cleft 3616 -0.0291058567 0.0424389237 0.0163314192 0 0 0
nt@synapse_cleft 3617 -0.000368914356 -0.0536862432 0.0169546146 0 0 0
nt@synapse_cleft 3620 0.0105024261 0.0230972054 0.00726719228 0 0 0
nt@synapse_cleft 3625 0.0172380535 0.00971692717 0.0152458694 0 0 0
nt@synapse_cleft 3630 0.0155715043 0.0220357393 0.0148510393 0 0 0
nt@synapse_cleft 3635 -0.0124309454 0.00371378888 0.00212154761 0 0 0
nt@synapse_cleft 3636 -0.0232660541 -0.013575619 0.010962114 0 0 0
nt@synapse_cleft 3637 0.0401979969 0.0143972656 0.00688158329 0 0 0
nt@synapse_cleft 3640 -0.0140121457 0.00690111761 0.00839799615 0 0 0
nt@synapse_cleft 3642 -0.018116954 0.00129728467 0.0137811533 0 0 0
nt@synapse_cleft 3645 -0.00866118803 -0.0161330071 0.00339933049 0 0 0
nt@synapse_cleft 3654 0.00482049864 0.0495345745 0.00284458454 0 0 0
nt@synapse_cleft 3656 0.011336271 -0.017907024 0.00930381296 0 0 0
nt@synapse_cleft 3658 0.0202766679 -0.0303158086 0.0199387915 0 0 0
nt@synapse_cleft 3661 0.0257992217 0.00113792653 0.0167431647 0 0 0
nt@synapse_cleft 3664 0.0377300079 -0.0215380749 0.0125934316 0 0 0
nt@synapse_cleft 3667 -0.0135070157 0.00884228039 0.00326572679 0 0 0
nt@synapse_cleft 3670 0.0245123036 -0.036802848 0.0196447804 0 0 0
nt@synapse_cleft 3676 -0.0369449355 -0.00551239296 0.00614299859 0 0 0
nt@synapse_cleft 3681 0.0358719433 -0.0102897087 0.000443225483 0 0 0
nt@synapse_cleft 3687 -0.00805248875 6.78277889e-05 0.0135117903 0 0 0
nt@synapse_cleft 3689 -0.00827341517 -0.00640803107 0.011129907 0 0 0
nt@synapse_cleft 3690 0.0217834791 -0.0182539933 0.0197576369 0 0 0
nt@synapse_cleft 3693 -0.0570597338 -0.0320817367 0.00171246419 0 0 0
nt@synapse_cleft 3706 0.0329437128 0.00503063299 0.0173939631 0 0 0
nt@synapse_cleft 3707 -0.0387318683 0.000500238236 0.0159166316 0 0 0
nt@synapse_cleft 3713 0.0355350432 -0.0263063667 0.0138734406 0 0 0
nt@synapse_cleft 3714 -0.0599358193 -0.00524231181 0.00938253937 0 0 0
nt@synapse_cleft 3726 0.0126148438 -0.0585461964 0.00882433664 0 0 0
nt@synapse_cleft 3728 0.0124213335 0.0234425176 0.00778595854 0 0 0
nt@synapse_cleft 3730 0.0140827111 0.0302921873 0.0180874354 0 0 0
nt@synapse_cleft 3731 -0.00608611714 0.00861805911 0.0189210649 0 0 0
nt@synapse_cleft 3732 0.00138140651 -0.0081565553 0.0165771692 0 0 0
nt@synapse_cleft 3734 0.00958468863 0.00509222286 0.0132976333 0 0 0
nt@synapse_cleft 3737 -5.72958546e-05 0.00307261995 0.0132973243 0 0 0
nt@synapse_cleft 3738 0.00240293458 0.0259341154 0.0172408051 0 0 0
nt@synapse_cleft 3739 0.0086221724 0.0510122407 0.00614298821 0 0 0
nt@synapse_cleft 3745 0.00112400448 0.0209643193 0.00129046269 0 0 0
nt@synapse_cleft 3751 0.0121193616 -0.00213481535 0.00419669511 0 0 0
nt@synapse_cleft 3758 -0.0192362376 -0.0289917048 0.0063746584 0 0 0
nt@synapse_cleft 3759 0.00252764657 -0.0111011136 0.000305117578 0 0 0
nt@synapse_cleft 3760 -0.0134340138 0.048747624 0.00339637567 0 0 0
nt@synapse_cleft 3763 0.051026804 0.032487797 0.0156646197 0 0 0
nt@synapse_cleft 3768 0.00947523313 -0.0238463315 0.00223228889 0 0 0
nt@synapse_cleft 3770 0.00801582461 0.00138697111 0.0104973698 0 0 0
nt@synapse_cleft 3771 0.0150486834 0.0122680269 0.0150505968 0 0 0
nt@synapse_cleft 3775 0.00465678592 0.0070402561 0.00877771968 0 0 0
nt@synapse_cleft 3783 -0.032688721 0.00370326024 0.0170836862 0 0 0
nt@synapse_cleft 3788 -0.0245671007 -0.0123598108 0.00710100949 0 0 0
nt@synapse_cleft 3793 -0.0214745659 -0.0168580504 0.00891740573 0 0 0
nt@synapse_cleft 3800 0.0349992806 -0.0100017902 0.0152725523 0 0 0
nt@synapse_cleft 3802 0.0258632875 0.00736034429 0.0098390233 0 0 0
nt@synapse_cleft 3811 -0.033087004 -0.0139078662 0.0145587658 0 0 0
nt@synapse_cleft 3821 0.0339815135 0.0291707485 0.00988674961 0 0 0
nt@synapse_cleft 3827 0.00807432666 0.0211071424 0.0101769729 0 0 0
nt@synapse_cleft 3831 -0.00705475657 -0.0461892213 0.000459907451 0 0 0
nt@synapse_cleft 3834 0.0468441994 -0.00808419559 0.0063962461 0 0 0
nt@synapse_cleft 3835 0.0187343997 -0.0321159735 0.0111316929 0 0 0
nt@synapse_cleft 3841 0.0152802478 -0.0197037203 0.0158318481 0 0 0
nt@synapse_cleft 3844 -0.0149283305 -0.00482559221 0.017567991 0 0 0
nt@synapse_cleft 3846 -0.0110058929 0.00887114746 0.0139307782 0 0 0
nt@synapse_cleft 3848 0.0216591247 0.0138353063 0.0173828928 0 0 0
nt@synapse_cleft 3850 -0.0163050718 -0.00488873332 0.0151081783 0 0 0
nt@synapse_cleft 3859 0.0366141396 0.0119222759 0.0136447573 0 0 0
nt@synapse_cleft 3869 0.0185496194 -0.029520876 0.0194306682 0 0 0
nt@synapse_cleft 3879 0.0121008297 -0.0399772242 0.00314986971 0 0 0
nt@synapse_cleft 3886 0.0190183256 0.0418952844 0.0130595908 0 0 0
nt@synapse_cleft 3891 -0.00153072865 -0.0204865061 0.0139385304 0 0 0
nt@synapse_cleft 3902 -0.0140260636 0.0043524249 0.00648729898 0 0 0
nt@synapse_cleft 3907 -0.0233102693 -0.0218513179 0.00802756313 0 0 0
nt@synapse_cleft 3908 -0.0162554749 0.0381998764 0.00106026588 0 0 0
nt@synapse_cleft 3909 0.00932132406 0.0375884258 0.000564211606 0 0 0
nt@synapse_cleft 3917 -0.00273155035 -0.0129367906 0.00417262735 0 0 0
nt@synapse_cleft 3918 -0.00247269523 -0.00995462083 0.0051256105 0 0 0
nt@synapse_cleft 3921 0.022290028 0.0319525158 0.0170610893 0 0 0
nt@synapse_cleft 3927 0.00660202162 0.0254353548 0.0187702486 0 0 0
nt@synapse_cleft 3932 0.0125696438 -0.00882360199 0.0114604293 0 0 0
nt@synapse_cleft 3936 -0.0257857799 0.0184910378 0.0158569673 0 0 0
nt@synapse_cleft 3940 0.00161045298 -0.0180468457 0.00252468726 0 0 0
nt@synapse_cleft 3941 -0.0196866887 0.0058605552 0.00576512356 0 0 0
nt@synapse_cleft 3949 -0.0208717094 0.00446563955 0.0120923426 0 0 0
nt@synapse_cleft 3952 -0.0173239996 0.00288312106 0.0101839365 0 0 0
nt@synapse_cleft 3953 0.0141919534 -0.015278696 0.00182431167 0 0 0
nt@synapse_cleft 3956 -0.0101961184 -0.0177195104 0.0118209052 0 0 0
nt@synapse_cleft 3957 0.0267665603 -0.00129895617 0.0136967199 0 0 0
nt@synapse_cleft 3958 0.0158091899 0.0227895464 0.0152568237 0 0 0
nt@synapse_cleft 3962 -0.0323098078 0.0207328873 0.00735230472 0 0 0
nt@synapse_cleft 3963 0.0205056855 0.0387810276 0.0054671193 0 0 0
nt@synapse_cleft 3965 -0.0313547254 0.00391102571 0.0110070489 0 0 0
nt@synapse_cleft 3967 0.0206404925 -0.0172927397 0.00268392251 0 0 0
nt@synapse_cleft 3968 0.020227359 -0.00116923483 0.0181735461 0 0 0
nt@synapse_cleft 3969 0.00412366549 -0.0347583492 0.00742902958 0 0 0
nt@synapse_cleft 3973 0.0186594253 0.00114374577 0.0166771314 0 0 0
nt@synapse_cleft 3974 -0.0338051251 0.0303367337 0.0171781454 0 0 0
nt@synapse_cleft 3977 0.00331360775 0.0314998409 0.000163501529 0 0 0
nt@synapse_cleft 3978 0.0220434142 0.00520570464 0.0155468505 0 0 0
nt@synapse_cleft 3983 -0.0171505277 -0.0267929346 0.00676290312 0 0 0
nt@synapse_cleft 3988 -0.0110107526 -0.0275785071 0.00975577516 0 0 0
nt@synapse_cleft 3989 0.0462994276 0.00495891253 0.00539991993 0 0 0
nt@synapse_cleft 3991 0.0685140939 -0.0156449736 0.00545895059 0 0 0
nt@synapse_cleft 3992 0.00652363894 0.0130701521 0.0190730584 0 0 0
nt@synapse_cleft 3993 -0.0264973032 -0.00630362369 0.00556637454 0 0 0
nt@synapse_cleft 3995 -0.0437974301 0.017903878 0.000859396345 0 0 0
nt@synapse_cleft 3997 -0.0512022427 -0.00251459571 0.0156618893 0 0 0
nt@synapse_cleft 3999 -0.0363282868 -0.0105421226 0.0116424269 0 0 0
nt@synapse_cleft 4009 0.0103823445 -0.011275751 0.00226315248 0 0 0
nt@synapse_cleft 4011 0.0120565398 -0.000223175871 0.000961224523 0 0 0
nt@synapse_cleft 4016 0.00211966185 0.0593269852 0.00589836111 0 0 0
nt@synapse_cleft 4018 0.0156229824 0.00845604252 0.00240698373 0 0 0
nt@synapse_cleft 4022 -0.0201651691 -0.0108901835 0.00826667763 0 0 0
nt@synapse_cleft 4024 -0.00819110182 0.0367849623 0.00592541991 0 0 0
nt@synapse_cleft 4025 -0.0301342574 -0.0028246691 0.0126968202 0 0 0
nt@synapse_cleft 4027 0.012055561 -0.0163126087 0.00569793292 0 0 0
nt@synapse_cleft 4028 -0.0215900213 0.0247380306 0.000366877465 0 0 0
nt@synapse_cleft 4033 -0.0115737723 -0.0171701009 0.00686809379 0 0 0
nt@synapse_cleft 4037 -0.0112166425 0.032382541 0.0127193881 0 0 0
nt@synapse_cleft 4040 -0.00143822127 0.010016153 0.0198670636 0 0 0
nt@synapse_cleft 4047 -0.0101828534 0.0194745209 0.0122784483 0 0 0
nt@synapse_cleft 4048 0.0245928994 0.0244101185 0.0164617264 0 0 0
nt@synapse_cleft 4049 0.0247577124 0.00133851325 0.0102644321 0 0 0
nt@synapse_cleft 4051 0.0111347968 0.00882451359 0.00764152143 0 0 0
nt@synapse_cleft 4064 0.00883993169 0.00220581267 0.0159048483 0 0 0
nt@synapse_cleft 4070 -0.0116859665 0.0192104223 0.0154185693 0 0 0
nt@synapse_cleft 4071 -0.0356929747 -0.0320644557 0.0139248179 0 0 0
nt@synapse_cleft 4087 0.00263228661 0.0388649037 0.00778883225 0 0 0
nt@synapse_cleft 4094 0.0363461436 -0.0405349877 0.0109403756 0 0 0
nt@synapse_cleft 4095 0.0166249958 0.017893895 0.0140298657 0 0 0
nt@synapse_cleft 4099 -0.00890768481 0.0325217656 0.00666039409 0 0 0
nt@synapse_cleft 4102 0.0307240076 -0.017390015 0.0198941327 0 0 0
nt@synapse_cleft 4103 -0.00860492945 -0.000737571846 0.000428358682 0 0 0
nt@synapse_cleft 4106 0.0171735182 0.0151189853 0.013280542 0 0 0
nt@synapse_cleft 4110 -0.0204034275 0.0165290451 0.00481553025 0 0 0
nt@synapse_cleft 4111 0.0431874634 0.00708640779 0.00130106087 0 0 0
nt@synapse_cleft 4115 -0.00415041842 0.0111381281 0.0122947732 0 0 0
nt@synapse_cleft 4116 0.00560014739 -0.00535477985 0.0161873682 0 0 0
nt@synapse_cleft 4119 0.0240667204 -0.0454638754 0.0193825109 0 0 0
nt@synapse_cleft 4123 0.0226981252 0.0208581861 0.00747273361 0 0 0
nt@synapse_cleft 4126 0.0276480336 -0.0204555484 0.0152616244 0 0 0
nt@synapse_cleft 4129 -0.0221605041 0.00597785781 0.000954702216 0 0 0
nt@synapse_cleft 4131 -0.0297139206 0.0144042793 0.0101893166 0 0 0
nt@synapse_cleft 4132 0.0204815829 0.0190951856 0.0112856089 0 0 0
nt@synapse_cleft 4135 0.00151269699 -0.0113009874 0.00716389598 0 0 0
nt@synapse_cleft 4144 0.00279998951 0.000657493221 0.00354420031 0 0 0
nt@synapse_cleft 4150 -0.0385061203 -0.0603281206 0.0103256613 0 0 0
nt@synapse_cleft 4153 -0.00746061452 -0.0186635095 0.00167634217 0 0 0
nt@synapse_cleft 4155 0.0214388582 -0.0436224209 0.0130957069 0 0 0
nt@synapse_cleft 4156 0.0257698486 -0.00685634802 0.00266306665 0 0 0
nt@synapse_cleft 4157 0.00810037312 0.015054873 0.0150532734 0 0 0
nt@synapse_cleft 4158 -0.00116963892 0.00056251201 0.000215571446 0 0 0
nt@synapse_cleft 4162 0.0290090335 -0.026795632 0.00730788341 0 0 0
nt@synapse_cleft 4163 -0.00822314821 0.0287639205 0.00658446886 0 0 0
nt@synapse_cleft 4170 -0.0529082943 0.00238677867 0.0106032645 0 0 0
nt@synapse_cleft 4172 -0.0297350674 0.00134143073 0.0179214437 0 0 0
nt@synapse_cleft 4177 -0.0393169653 0.0589322281 0.00420868582 0 0 0
nt@synapse_cleft 4178 -0.0154733118 -0.0452155755 0.0112357022 0 0 0
nt@synapse_cleft 4184 0.00379028076 -0.0187959445 0.000468700869 0 0 0
nt@synapse_cleft 4187 -0.0253503752 -0.0119267084 0.0164652378 0 0 0
nt@synapse_cleft 4193 -0.0102650554 -0.0294253002 0.0141029631 0 0 0
nt@synapse_cleft 4196 -0.0266397543 0.0130786762 0.0045976941 0 0 0
nt@synapse_cleft 4210 0.0154233045 -0.00278261885 0.0107104812 0 0 0
nt@synapse_cleft 4214 -0.0439741072 0.00784551554 0.00956345663 0 0 0
nt@synapse_cleft 4215 0.0198358399 -0.0467017281 0.0101572007 0 0 0
nt@synapse_cleft 4220 -0.0113777589 -0.0164014488 0.0143076005 0 0 0
nt@synapse_cleft 4228 0.0146185103 -0.0143459221 0.0132445963 0 0 0
nt@synapse_cleft 4229 -0.0255973831 -0.0165982771 0.019483214 0 0 0
nt@synapse_cleft 4230 -0.00530145886 0.0270846236 0.00487401254 0 0 0
nt@synapse_cleft 4233 0.0092434511 0.0144604005 0.00321423202 0 0 0
nt@synapse_cleft 4234 -0.00489054722 -0.0115008906 0.00603261146 0 0 0
nt@synapse_cleft 4236 -0.00844364833 0.00589682135 0.0194447988 0 0 0
nt@synapse_cleft 4237 0.00655496521 -0.0277436652 0.0153584232 0 0 0
nt@synapse_cleft 4238 -0.0145148326 -0.032660996 0.00832969583 0 0 0
nt@synapse_cleft 4241 -0.0434660692 0.00776105647 0.00508474849 0 0 0
nt@synapse_cleft 4242 0.00928674413 -0.00336946086 0.0199699098 0 0 0
nt@synapse_cleft 4243 0.0175963347 0.000121310645 0.0163894773 0 0 0
nt@synapse_cleft 4252 0.043840911 -0.0176910613 0.0151547316 0 0 0
nt@synapse_cleft 4254 0.00550760939 0.0216909863 0.00765703359 0 0 0
nt@synapse_cleft 4255 -0.0237407527 -0.0485674155 0.015803465 0 0 0
nt@synapse_cleft 4262 0.0352868441 -0.00552313184 0.00541270625 0 0 0
nt@synapse_cleft 4271 0.00235032604 -0.0221079242 0.0138109875 0 0 0
nt@synapse_cleft 4272 -0.00976534625 0.0266830201 0.0120770181 0 0 0
nt@synapse_cleft 4279 0.00765775929 -0.0219200647 0.0136481707 0 0 0
nt@synapse_cleft 4283 -0.0295610607 0.00226085252 0.0170222595 0 0 0
nt@synapse_cleft 4284 0.03788124 -0.0143360854 0.00358348653 0 0 0
nt@synapse_cleft 4285 -0.022033311 0.0461140032 0.00273865693 0 0 0
nt@synapse_cleft 4287 0.0507143681 0.00424087158 0.0149373357 0 0 0
nt@synapse_cleft 4288 0.019219101 -0.0237511596 0.017220992 0 0 0
nt@synapse_cleft 4293 -0.00711580047 -0.0217497483 0.00509205974 0 0 0
nt@synapse_cleft 4297 0.0385116685 -0.0231832299 0.00178916089 0 0 0
nt@synapse_cleft 4301 0.0113515372 -0.00796474451 0.00801510057 0 0 0
nt@synapse_cleft 4308 0.00749018529 0.00033007395 0.0189068853 0 0 0
nt@synapse_cleft 4312 -0.0165648931 -0.0263312984 0.0161520955 0 0 0
nt@synapse_cleft 4317 -0.00601145425 0.0237307498 0.010153877 0 0 0
nt@synapse_cleft 4318 -0.0201786955 -0.0190103826 0.011980276 0 0 0
nt@synapse_cleft 4322 0.011694391 0.0192833503 0.0144225628 0 0 0
nt@synapse_cleft 4326 0.0181836348 -0.0095192082 0.00414140556 0 0 0
nt@synapse_cleft 4330 -0.0107033118 0.0041484535 0.00475684221 0 0 0
nt@synapse_cleft 4334 -0.00163146953 -0.00187500997 0.00811600404 0 0 0
nt@synapse_cleft 4339 -0.0105690861 -0.00655629755 0.00335801787 0 0 0
nt@synapse_cleft 4343 -0.0115346923 -0.0328526838 0.0191829301 0 0 0
nt@synapse_cleft 4346 -0.00155674031 -0.0162372672 0.0195585834 0 0 0
nt@synapse_cleft 4351 0.0442616634 0.00837202785 0.000668245697 0 0 0
nt@synapse_cleft 4359 0.0146761583 0.0114071511 0.012209471 0 0 0
nt@synapse_cleft 4360 0.0167302154 0.00917854271 0.0164837182 0 0 0
nt@synapse_cleft 4363 -0.0402663322 -0.0045725236 0.00856770538 0 0 0
nt@synapse_cleft 4365 0.0201429405 0.00566133001 0.019094417 0 0 0
nt@synapse_cleft 4372 -0.00251184435 -0.00534959143 0.0110994755 0 0 0
nt@synapse_cleft 4374 -0.02008276 -0.00561725979 0.0194316166 0 0 0
nt@synapse_cleft 4376 -0.0291412667 -0.00208141636 0.00157840347 0 0 0
nt@synapse_cleft 4379 0.0419491087 -0.0314322497 0.0178067806 0 0 0
nt@synapse_cleft 4381 -0.00630741124 -0.0314599002 0.000393703323 0 0 0
nt@synapse_cleft 4386 -0.00557793394 -0.0297763956 0.00755643191 0 0 0
nt@synapse_cleft 4391 0.0117293891 -0.0307914702 0.00701436965 0 0 0
nt@synapse_cleft 4392 -0.00551280512 0.000778653939 0.00156202192 0 0 0
nt@synapse_cleft 4394 0.0132508715 -0.0175130894 0.00830216201 0 0 0
nt@synapse_cleft 4395 0.0105810597 -0.025086457 0.00743976715 0 0 0
nt@synapse_cleft 4396 0.00893400605 -0.0370223304 0.0157000053 0 0 0
nt@synapse_cleft 4398 -0.0185189507 0.00570100745 0.0126994033 0 0 0
nt@synapse_cleft 4399 0.0253247138 0.0302543839 0.0190092934 0 0 0
nt@synapse_cleft 4403 -0.00837405066 -0.0294250131 0.00977320875 0 0 0
nt@synapse_cleft 4405 -0.0175589136 -0.011135561 0.00123092431 0 0 0
nt@synapse_cleft 4407 0.0384469648 -0.0358253865 0.00427753835 0 0 0
nt@synapse_cleft 4414 0.0147310144 -0.0136849346 0.00157917671 0 0 0
nt@synapse_cleft 4416 -0.0161180663 0.0060974791 0.00854625503 0 0 0
nt@synapse_cleft 4423 0.0256122641 -0.00863857516 0.00237086199 0 0 0
nt@synapse_cleft 4424 -0.0269011126 -0.00528558279 0.0141066537 0 0 0
nt@synapse_cleft 4426 0.0135916924 -0.00872748932 0.000305763945 0 0 0
nt@synapse_cleft 4430 -0.00686250424 -0.00369361034 0.0135071667 0 0 0
nt@synapse_cleft 4431 0.00595774282 -0.0130584464 0.00521825103 0 0 0
nt@synapse_cleft 4434 0.0191709719 -0.0291302493 0.0160633576 0 0 0
nt@synapse_cleft 4436 0.0201597711 0.0153582183 0.00706863437 0 0 0
nt@synapse_cleft 4446 0.00606564867 0.0473239564 0.0136530959 0 0 0
nt@synapse_cleft 4449 0.031910015 0.0452181258 0.011964409 0 0 0
nt@synapse_cleft 4453 -0.034284928 0.0154583503 0.00313657301 0 0 0
nt@synapse_cleft 4464 0.00668885981 -0.0346222068 0.0151271013 0 0 0
nt@synapse_cleft 4470 -0.00678284626 -0.0242211005 0.011655455 0 0 0
nt@synapse_cleft 4473 -0.0103934817 -0.021580605 0.00354639625 0 0 0
nt@synapse_cleft 4478 -0.00761915831 0.028330034 0.0127689636 0 0 0
nt@synapse_cleft 4480 0.00222156448 0.0162588173 0.0196937423 0 0 0
nt@synapse_cleft 4482 -0.0132140413 0.00475865684 0.00981830102 0 0 0
nt@synapse_cleft 4485 0.0235297373 -0.00808074934 0.00108439737 0 0 0
nt@synapse_cleft 4488 0.027679124 0.00112586329 0.0191280803 0 0 0
nt@synapse_cleft 4489 0.0214488212 -0.00188153434 0.00112496995 0 0 0
nt@synapse_cleft 4491 -0.0100160112 0.033656952 0.0090761007 0 0 0
nt@synapse_cleft 4496 -0.0518166089 0.0375282355 0.0138705573 0 0 0
nt@synapse_cleft 4499 -0.0071472806 -0.00183324446 0.00102466953 0 0 0
nt@synapse_cleft 4501 0.0120173757 0.00409839505 0.0136845314 0 0 0
nt@synapse_cleft 4514 0.00610468613 0.00734277243 0.00245316445 0 0 0
nt@synapse_cleft 4517 -0.0415807042 0.0459136723 0.00283813298 0 0 0
nt@synapse_cleft 4524 0.00750971476 -0.0342360973 0.0174216786 0 0 0
nt@synapse_cleft 4527 0.0314458828 -0.0235032119 0.0105313138 0 0 0
nt@synapse_cleft 4533 0.0081300196 -0.00670789845 0.00394561792 0 0 0
nt@synapse_cleft 4538 -0.0291324254 -0.0350305877 0.00278977163 0 0 0
nt@synapse_cleft 4540 0.0319914031 -0.00235812279 0.00395000238 0 0 0
nt@synapse_cleft 4542 0.00586421136 0.0279390135 0.000363925852 0 0 0
nt@synapse_cleft 4545 -0.0147223967 0.0176281267 0.0132812886 0 0 0
nt@synapse_cleft 4551 -0.00742035113 0.0171316029 0.0163075001 0 0 0
nt@synapse_cleft 4553 -0.0283172011 0.000157240431 0.00854465006 0 0 0
nt@synapse_cleft 4559 -0.011090808 0.0318365672 0.0106692828 0 0 0
nt@synapse_cleft 4565 -0.0391048199 -0.020149084 0.0154491233 0 0 0
nt@synapse_cleft 4572 -0.000919037828 0.00762919346 0.00915583574 0 0 0
nt@synapse_cleft 4574 0.0351682613 -0.0170754989 0.00272753543 0 0 0
nt@synapse_cleft 4576 -0.0433118696 -0.0191731131 0.0157469902 0 0 0
nt@synapse_cleft 4583 -0.0103697712 -0.00396295056 0.00589457621 0 0 0
nt@synapse_cleft 4587 0.0243911468 0.00112357414 0.0153693237 0 0 0
nt@synapse_cleft 4590 -0.0474978233 -0.0266310257 0.0127535099 0 0 0
nt@synapse_cleft 4593 -0.0333560564 0.0456004506 0.0118237962 0 0 0
nt@synapse_cleft 4594 0.0124500305 0.00427915634 0.00151441684 0 0 0
nt@synapse_cleft 4595 0.0314410488 -0.024706778 0.0175806739 0 0 0
nt@synapse_cleft 4598 0.0320859919 0.00704280761 0.00595218369 0 0 0
nt@synapse_cleft 4600 -0.0248122853 0.00240757022 0.00815390533 0 0 0
nt@synapse_cleft 4607 -0.00262549418 0.0433111901 0.0125047893 0 0 0
nt@synapse_cleft 4613 0.0437834555 -0.0144590344 0.00443631368 0 0 0
nt@synapse_cleft 4620 0.0021503806 0.00229691433 0.0110117692 0 0 0
nt@synapse_cleft 4622 0.05745657 0.0480384554 0.00776912954 0 0 0
nt@synapse_cleft 4624 0.0141621782 -0.0148884455 0.0160703652 0 0 0
nt@synapse_cleft 4626 0.02073202 0.00369483195 0.0139916339 0 0 0
nt@synapse_cleft 4628 -0.00812395931 0.00257524457 0.00559765019 0 0 0
nt@synapse_cleft 4641 0.0194210945 -0.0156793429 0.00330312432 0 0 0
nt@synapse_cleft 4654 0.010728814 -0.0375847968 0.0171394592 0 0 0
nt@synapse_cleft 4658 -0.0255548695 0.0276342281 0.0170385393 0 0 0
nt@synapse_cleft 4659 -0.0548836281 0.0233687718 0.00831867507 0 0 0
nt@synapse_cleft 4660 0.0280013095 -0.0248113429 0.0130544434 0 0 0
nt@synapse_cleft 4661 0.0189775445 -0.0327258632 0.00393867821 0 0 0
nt@synapse_cleft 4664 0.00984210295 -0.00772460535 0.00742805266 0 0 0
nt@synapse_cleft 4666 0.0511718397 0.023768664 0.0195390539 0 0 0
nt@synapse_cleft 4671 -0.00335879588 -0.023792549 0.00542908264 0 0 0
nt@synapse_cleft 4681 0.0175009303 -0.0242852756 0.0179673083 0 0 0
nt@synapse_cleft 4687 -0.00599314808 -0.00695678578 0.0113440419 0 0 0
nt@synapse_cleft 4699 -0.0371659081 0.0158229313 0.00165549908 0 0 0
nt@synapse_cleft 4700 -0.0316244032 0.0605595089 0.0193853734 0 0 0
nt@synapse_cleft 4701 0.0179312725 0.012683196 0.00740618991 0 0 0
nt@synapse_cleft 4706 0.00974163712 -0.0168367163 0.00721935944 0 0 0
nt@synapse_cleft 4709 -0.00822397502 0.0154226004 0.00866336985 0 0 0
nt@synapse_cleft 4710 -0.0130210043 -0.0503395408 0.0010736204 0 0 0
nt@synapse_cleft 4718 0.0353080253 0.0096172796 0.00694871926 0 0 0
nt@synapse_cleft 4732 -0.0179138806 0.0074769746 0.00427533934 0 0 0
nt@synapse_cleft 4736 -0.000237642176 -0.00286768147 0.00565084577 0 0 0
nt@synapse_cleft 4746 -0.0534814496 -0.000435567806 0.000465130921 0 0 0
nt@synapse_cleft 4750 0.00991798122 -0.0636546918 0.0116122424 0 0 0
nt@synapse_cleft 4752 -0.00277392297 -0.00292840056 0.0183788904 0 0 0
nt@synapse_cleft 4753 -0.0202314085 0.00147616587 0.00743419747 0 0 0
nt@synapse_cleft 4754 -0.0120325747 0.0135431833 0.0176704388 0 0 0
nt@synapse_cleft 4756 -0.0137316824 0.0175560311 0.00964349954 0 0 0
nt@synapse_cleft 4758 -0.0439131751 0.0154430609 0.0146717344 0 0 0
nt@synapse_cleft 4764 0.0148541476 -0.0140565494 0.0140945632 0 0 0
nt@synapse_cleft 4767 0.0159610144 0.0216133817 0.001512209 0 0 0
nt@synapse_cleft 4779 0.0310933591 -0.026538179 0.00467837539 0 0 0
nt@synapse_cleft 4784 0.0185648266 0.0101119889 0.0125581268 0 0 0
nt@synapse_cleft 4786 -0.00386241969 0.0056820642 0.0162909716 0 0 0
nt@synapse_cleft 4791 0.0270469881 -0.0111832608 0.00769817653 0 0 0
nt@synapse_cleft 4793 -0.0331602408 0.0157742242 0.017752515 0 0 0
nt@synapse_cleft 4800 0.0101605567 -0.00509799944 0.000663583649 0 0 0
nt@synapse_cleft 4801 -0.0237671775 0.000125500278 0.00179765882 0 0 0
nt@synapse_cleft 4807 0.0062926659 -0.0126727186 0.00967567976 0 0 0
nt@synapse_cleft 4809 -0.0346399221 -0.0374364561 0.0182004638 0 0 0
nt@synapse_cleft 4812 0.00112090624 -0.0550008202 0.00830272147 0 0 0
nt@synapse_cleft 4813 -0.0379634497 -0.0757231827 0.0131045077 0 0 0
nt@synapse_cleft 4814 -0.0270054112 0.0218078063 0.000743026773 0 0 0
nt@synapse_cleft 4816 -0.0317530311 -0.0178096282 0.0153938585 0 0 0
nt@synapse_cleft 4822 0.0036652097 -0.0149137344 0.00293742426 0 0 0
nt@synapse_cleft 4823 -0.00151118319 0.0155293509 0.0182768018 0 0 0
nt@synapse_cleft 4824 0.00473664048 -0.0175758516 0.00391920721 0 0 0
nt@synapse_cleft 4829 0.0289892469 -0.0625394245 0.0171357474 0 0 0
nt@synapse_cleft 4830 -0.010896671 0.0128785046 0.00689670781 0 0 0
nt@synapse_cleft 4833 -0.0157853883 -0.028909868 0.0176832721 0 0 0
nt@synapse_cleft 4838 -0.0110520305 0.0236374687 0.012678905 0 0 0
nt@synapse_cleft 4839 0.00614540604 -0.0017249888 0.0199468006 0 0 0
nt@synapse_cleft 4844 0.0493597275 -0.0156158863 0.0116608205 0 0 0
nt@synapse_cleft 4852 -0.0147640116 -0.0066064601 0.0115805941 0 0 0
nt@synapse_cleft 4854 0.0458019491 -0.00981393715 0.000413738795 0 0 0
nt@synapse_cleft 4855 0.03614444 0.00762911016 0.0133816486 0 0 0
nt@synapse_cleft 4869 -0.0224716874 0.0146729179 0.0168938446 0 0 0
nt@synapse_cleft 4871 0.0219440615 0.0225029136 0.00891273692 0 0 0
nt@synapse_cleft 4872 -0.0349440715 0.0214698812 0.0118570574 0 0 0
nt@synapse_cleft 4880 -0.00743051466 -0.0164199854 0.0134116024 0 0 0
nt@synapse_cleft 4882 -0.0195036233 -0.0342183834 0.000979818072 0 0 0
nt@synapse_cleft 4883 -0.0208384158 0.00971863772 0.0153551601 0 0 0
nt@synapse_cleft 4886 0.0204463485 -0.000965985828 0.0122313268 0 0 0
nt@synapse_cleft 4890 -0.00329706026 0.00453817436 0.00675281217 0 0 0
nt@synapse_cleft 4891 -0.00287274963 -0.0170045704 0.0099821957 0 0 0
nt@synapse_cleft 4892 -0.0236080044 0.0210813512 0.00535587583 0 0 0
nt@synapse_cleft 4896 -0.0208849421 -0.0317721679 0.0191984393 0 0 0
nt@synapse_cleft 4897 0.0333543213 -0.0156580036 0.00227620738 0 0 0
nt@synapse_cleft 4901 0.00406668774 0.0160053961 0.00478630143 0 0 0
nt@synapse_cleft 4905 -0.015370792 -0.00726619227 0.00864284006 0 0 0
nt@synapse_cleft 4906 0.00278941723 -0.0301451618 0.00941364254 0 0 0
nt@synapse_cleft 4918 -0.00599476749 0.0157382696 0.00909255936 0 0 0
nt@synapse_cleft 4919 0.0162839834 -0.00436376101 0.00906850068 0 0 0
nt@synapse_cleft 4925 0.0183383477 -0.00295352895 0.0190413293 0 0 0
nt@synapse_cleft 4928 0.00401891165 0.0529995421 0.00934351333 0 0 0
nt@synapse_cleft 4931 0.0148100004 -0.0111835571 0.00794015524 0 0 0
nt@synapse_cleft 4937 -0.0599172728 -0.00697080054 0.00479689899 0 0 0
nt@synapse_cleft 4939 -0.0193829127 -0.00759702869 0.0118848437 0 0 0
nt@synapse_cleft 4946 -0.0150564006 0.0066251179 0.00187693966 0 0 0
nt@synapse_cleft 4956 0.0124117087 -0.00169307176 0.0101732175 0 0 0
nt@synapse_cleft 4967 -0.000945773118 -0.000496340331 0.0045163321 0 0 0
nt@synapse_cleft 4972 0.0326296001 -0.0167794582 0.016710668 0 0 0
nt@synapse_cleft 4973 0.00216810921 0.0417926857 0.0187514605 0 0 0
nt@synapse_cleft 4979 -0.00932349095 -0.00805296429 0.00304540046 0 0 0
nt@synapse_cleft 4980 0.00577131892 0.00615339154 0.0172287538 0 0 0
nt@synapse_cleft 4981 -0.0123142252 -0.023375754 0.0124381823 0 0 0
nt@synapse_cleft 4982 0.00846597815 -0.0172292098 0.00932262979 0 0 0
nt@synapse_cleft 4983 -0.0239679092 0.0255723033 0.0055907346 0 0 0
nt@synapse_cleft 4988 0.00862523934 -0.00961980441 0.0128775213 0 0 0
nt@synapse_cleft 4989 -0.0083254474 -0.0158291388 0.0106861562 0 0 0
nt@synapse_cleft 4991 7.50757846e-05 -0.0196335778 0.0175154165 0 0 0
nt@synapse_cleft 4994 -0.0351145975 0.0175743614 0.00871718953 0 0 0
nt@synapse_cleft 5004 -0.0238900228 0.0275398471 0.00173241671 0 0 0
nt@synapse_cleft 5006 0.0101695864 -0.00932356235 0.00282944393 0 0 0
nt@synapse_cleft 5009 -0.0242562212 0.0140429095 0.00396467793 0 0 0
nt@synapse_cleft 5011 -0.00438159877 -0.0154855079 0.00051559749 0 0 0
nt@synapse_cleft 5015 -0.033161547 -0.0247445066 0.0102209231 0 0 0
nt@synapse_cleft 5024 -0.00415548622 -0.0128661103 0.00955501394 0 0 0
nt@synapse_cleft 5030 0.00488684034 0.0332578705 0.00939036595 0 0 0
nt@synapse_cleft 5044 -0.03520369 0.00718259041 0.0187064844 0 0 0
nt@synapse_cleft 5045 0.0301669585 0.0177723903 0.00277218462 0 0 0
nt@synapse_cleft 5046 0.00275160468 -0.0112820655 0.00572293563 0 0 0
nt@synapse_cleft 5052 -0.0135401256 -0.00934461027 0.01303569 0 0 0
nt@synapse_cleft 5055 -0.0168442284 0.0185061778 0.00720612716 0 0 0
nt@synapse_cleft 5059 -0.033334615 0.0264370918 0.0167697025 0 0 0
nt@synapse_cleft 5061 0.0256429491 -0.0260500823 0.00814963977 0 0 0
nt@synapse_cleft 5063 -0.0210857907 0.0125255464 0.00713316908 0 0 0
nt@synapse_cleft 5065 0.0197076934 -0.0287625704 0.0160733108 0 0 0
nt@synapse_cleft 5072 0.00087888985 0.00964253278 0.000766595322 0 0 0
nt@synapse_cleft 5077 0.0411149902 -0.00596998847 0.0140305561 0 0 0
nt@synapse_cleft 5081 0.0133960825 0.0182795495 0.0015839063 0 0 0
nt@synapse_cleft 5082 0.0148414986 0.0554142198 0.0155183031 0 0 0
nt@synapse_cleft 5086 0.0331204689 0.0294100832 0.00738937615 0 0 0
nt@synapse_cleft 5105 -0.00230085506 -0.0217242538 0.0140885834 0 0 0
nt@synapse_cleft 5106 -0.0032221509 -0.0175325438 0.0137529179 0 0 0
nt@synapse_cleft 5111 -0.0247076452 -0.0377432252 0.0114809472 0 0 0
nt@synapse_cleft 5126 -0.0315832461 -0.0116836608 0.0101393494 0 0 0
nt@synapse_cleft 5133 -0.0169677248 0.0276026122 0.0182845448 0 0 0
nt@synapse_cleft 5135 -0.0162157628 0.00554018711 0.00813911763 0 0 0
nt@synapse_cleft 5145 0.0162837877 0.0224351594 0.0140376988 0 0 0
nt@synapse_cleft 5154 0.0133657763 0.0307334961 0.0176415299 0 0 0
nt@synapse_cleft 5159 -0.0330992233 0.000457070589 0.019130331 0 0 0
nt@synapse_cleft 5160 0.0361381579 -0.0137638822 0.0133698364 0 0 0
nt@synapse_cleft 5163 0.00341443684 0.0206512904 0.0136649527 0 0 0
nt@synapse_cleft 5164 0.00243955899 -0.0265304528 0.00147251498 0 0 0
nt@synapse_cleft 5173 -0.0347695328 -0.00500753389 0.0179275761 0 0 0
nt@synapse_cleft 5175 -0.0300117035 0.00993601063 0.0130800653 0 0 0
nt@synapse_cleft 5176 -0.025222172 0.0599767859 0.0154477116 0 0 0
nt@synapse_cleft 5179 0.0327629669 0.00396007262 0.00703694904 0 0 0
nt@synapse_cleft 5182 0.044122364 0.0113451331 0.00326706752 0 0 0
nt@synapse_cleft 5183 0.022959909 0.00876937559 0.00666254683 0 0 0
nt@synapse_cleft 5186 0.0178082918 -0.0170811587 0.012575063 0 0 0
nt@synapse_cleft 5193 0.0169429563 0.00521453225 0.0187522608 0 0 0
nt@synapse_cleft 5196 -0.0155046709 -0.00770757062 0.0151743788 0 0 0
nt@synapse_cleft 5198 -0.00513503027 -0.0177505517 0.00129142745 0 0 0
