nt@synapse_cleft 0 0.00972236403 -0.000488520861 0.0175316994 0 0 0
nt@synapse_cleft 2 -0.0429375328 0.0141927956 0.0187182045 0 0 0
nt@synapse_cleft 7 0.00190757388 0.01114438 0.0113974115 0 0 0
nt@synapse_cleft 9 0.0113490839 -0.0175228729 0.0085850999 0 0 0
nt@synapse_cleft 12 0.00951603837 0.0345651689 0.0150854613 0 0 0
nt@synapse_cleft 15 -0.0138028135 0.0199930914 0.00728467926 0 0 0
nt@synapse_cleft 17 0.0142040622 0.00783940516 0.0064368338 0 0 0
nt@synapse_cleft 23 0.00349216783 -0.0483587871 0.00873366492 0 0 0
nt@synapse_cleft 26 -0.0238799061 0.00761395901 0.00924660627 0 0 0
nt@synapse_cleft 30 0.0224514351 -0.0352753681 0.00778847973 0 0 0
nt@synapse_cleft 35 -0.0103923955 0.016623231 0.0172964169 0 0 0
nt@synapse_cleft 42 0.00429554742 0.00657042533 0.0153082093 0 0 0
nt@synapse_cleft 45 -0.00565957331 0.0176089633 0.00808993076 0 0 0
nt@synapse_cleft 54 0.00347431698 0.0218070546 0.0155310677 0 0 0
nt@synapse_cleft 56 -0.0174141108 -0.00691349501 0.0126151602 0 0 0
nt@synapse_cleft 59 0.0270346958 0.016409341 0.0123934902 0 0 0
nt@synapse_cleft 72 -0.0265483981 0.00618953524 0.0100994266 0 0 0
nt@synapse_cleft 81 0.0115236877 -0.0278509579 0.0058367954 0 0 0
nt@synapse_cleft 87 -0.0191550528 -0.0203993185 0.0168866515 0 0 0
nt@synapse_cleft 89 0.0257125421 0.00262387491 0.0129825048 0 0 0
nt@synapse_cleft 100 -0.0173522976 -0.0213306604 0.0122857735 0 0 0
nt@synapse_cleft 102 -0.026920834 0.0174533937 0.000207984205 0 0 0
nt@synapse_cleft 103 0.0216153855 -0.0211294757 0.0163642235 0 0 0
nt@synapse_cleft 111 -0.0352377898 0.0434655637 0.0149011362 0 0 0
nt@synapse_cleft 114 0.040548965 -0.0190701627 0.0161347434 0 0 0
nt@synapse_cleft 115 -0.0050263059 -0.0374747491 0.00700521481 0 0 0
nt@synapse_cleft 116 -0.0261239228 -0.0199644309 0.0160010485 0 0 0
nt@synapse_cleft 118 0.0177267038 -0.00322674777 0.015738931 0 0 0
nt@synapse_cleft 135 -0.0191715865 -0.0263015427 0.013715779 0 0 0
nt@synapse_cleft 137 -0.0477418344 -0.0325025551 0.00547375862 0 0 0
nt@synapse_cleft 143 -0.014874128 -0.045261415 0.00619824236 0 0 0
nt@synapse_cleft 148 0.00159910251 0.0491761448 0.00968758207 0 0 0
nt@synapse_cleft 150 -0.0263414177 0.0179696 0.00139518286 0 0 0
nt@synapse_cleft 156 -0.0260016049 -0.00296148804 0.0185782499 0 0 0
nt@synapse_cleft 157 -0.0286674159 0.0123976214 0.0120406018 0 0 0
nt@synapse_cleft 162 -0.0125632839 -0.0224392537 0.013005255 0 0 0
nt@synapse_cleft 167 -0.00519629569 -0.0399455696 0.00523591356 0 0 0
nt@synapse_cleft 168 -0.0229822985 -0.0201716512 0.0146782945 0 0 0
nt@synapse_cleft 186 -0.0227151674 -0.0114754764 0.0171349539 0 0 0
nt@synapse_cleft 188 -0.0205218896 0.00175825735 0.0074568037 0 0 0
nt@synapse_cleft 192 -0.00700124146 0.0386091003 0.0147972226 0 0 0
nt@synapse_cleft 194 -0.00544290663 -0.00704320227 0.0168847111 0 0 0
nt@synapse_cleft 195 0.0206458238 0.0410380125 0.00396848533 0 0 0
nt@synapse_cleft 197 0.00912748728 -0.01897041 0.00813686135 0 0 0
nt@synapse_cleft 199 0.0395880945 0.0131628158 0.0174824384 0 0 0
nt@synapse_cleft 203 0.00861339322 -0.00483914153 0.00651575008 0 0 0
nt@synapse_cleft 206 -0.000907722337 -0.0134410299 0.0189194248 0 0 0
nt@synapse_cleft 210 -0.0332873476 0.0163604896 0.00919594334 0 0 0
nt@synapse_cleft 219 0.0245078513 0.0576881652 0.0185482211 0 0 0
nt@synapse_cleft 224 -0.0183872698 0.0637764089 0.00201255475 0 0 0
nt@synapse_cleft 227 -0.019614819 0.038771901 0.0195309276 0 0 0
nt@synapse_cleft 231 0.0192593001 0.0404363381 0.0189731981 0 0 0
nt@synapse_cleft 235 0.0194007566 -0.0244255943 0.00826917152 0 0 0
nt@synapse_cleft 244 -0.0211896726 0.00258029541 0.0183908363 0 0 0
nt@synapse_cleft 248 0.0341238436 -0.0311121444 0.00558406676 0 0 0
nt@synapse_cleft 256 -0.0410117951 -0.0116972575 0.00645425181 0 0 0
nt@synapse_cleft 263 0.0411421729 0.0204707122 0.0149723636 0 0 0
nt@synapse_cleft 268 -0.00160709058 -0.0120476325 0.0160881936 0 0 0
nt@synapse_cleft 272 0.00403410275 -0.0452129635 0.0153273249 0 0 0
nt@synapse_cleft 284 -0.0278590354 0.0815687685 0.00935024949 0 0 0
nt@synapse_cleft 289 -0.036191184 0.0619564128 0.0071700004 0 0 0
nt@synapse_cleft 293 0.0279458997 -0.00455225521 0.0152035805 0 0 0
nt@synapse_cleft 306 0.0127744407 -0.026593332 0.0119865124 0 0 0
nt@synapse_cleft 307 0.0157658715 0.00641002729 0.0146184218 0 0 0
nt@synapse_cleft 308 0.0195654186 0.0269091904 0.0125602198 0 0 0
nt@synapse_cleft 310 0.0279338506 -0.0034148973 0.00402557832 0 0 0
nt@synapse_cleft 318 -0.0364656546 0.00833846388 0.0163886482 0 0 0
nt@synapse_cleft 319 0.0606434806 0.00309276473 0.0162749325 0 0 0
nt@synapse_cleft 321 0.0408066662 0.0181773156 0.0104551258 0 0 0
nt@synapse_cleft 325 -0.0556681393 0.0703524006 0.0166044184 0 0 0
nt@synapse_cleft 331 0.0477242965 -0.0210498482 0.0132331814 0 0 0
nt@synapse_cleft 347 0.00506354274 -0.00957765062 0.00428283098 0 0 0
nt@synapse_cleft 348 0.00738476689 -0.000563701629 0.0155480628 0 0 0
nt@synapse_cleft 350 0.0156926592 0.00736921311 0.00142253863 0 0 0
nt@synapse_cleft 352 -0.0167334403 0.0173182754 0.000220761297 0 0 0
nt@synapse_cleft 356 -0.033491351 0.0226547385 0.00717783572 0 0 0
nt@synapse_cleft 361 -0.028304522 0.0166218246 0.0181218657 0 0 0
nt@synapse_cleft 371 -0.0106676164 0.0346089375 0.000877512257 0 0 0
nt@synapse_cleft 372 0.000794244525 0.0225664437 0.00790544435 0 0 0
nt@synapse_cleft 376 -0.00696597741 -0.000766222921 0.0179252274 0 0 0
nt@synapse_cleft 381 -0.0154684875 -0.0146487734 0.00592566509 0 0 0
nt@synapse_cleft 385 0.0117027934 0.0107711824 0.0160378807 0 0 0
nt@synapse_cleft 391 0.0257215382 -0.0435309589 0.0196679445 0 0 0
nt@synapse_cleft 395 -0.00496561781 -0.0279966306 0.01394993 0 0 0
nt@synapse_cleft 397 0.0195705667 0.0261708765 0.018392723 0 0 0
nt@synapse_cleft 402 0.00588938448 0.0415450774 0.00466815342 0 0 0
nt@synapse_cleft 406 -0.0245391755 -0.0430377406 0.0113336949 0 0 0
nt@synapse_cleft 421 -0.0321885674 0.0285594539 0.0188108502 0 0 0
nt@synapse_cleft 426 0.0386270288 -0.0211399678 0.0176490097 0 0 0
nt@synapse_cleft 429 -0.0205642582 0.0243738237 0.0117228543 0 0 0
nt@synapse_cleft 440 0.033026297 0.00662556068 0.00362274691 0 0 0
nt@synapse_cleft 444 0.000624811136 0.0313742707 0.00764667435 0 0 0
nt@synapse_cleft 449 0.00588652215 -0.0226851618 0.00619389269 0 0 0
nt@synapse_cleft 452 0.0268599927 0.0405097429 0.00970122706 0 0 0
nt@synapse_cleft 453 0.00960245446 -0.0104386234 0.0156752452 0 0 0
nt@synapse_cleft 455 0.000605529009 -0.0284715192 0.0197076059 0 0 0
nt@synapse_cleft 477 0.0169246962 0.00624988846 0.0177265671 0 0 0
nt@synapse_cleft 479 -0.0101961752 0.0199692337 0.0162584556 0 0 0
nt@synapse_cleft 480 -0.0549428399 0.0116290053 0.00239181786 0 0 0
nt@synapse_cleft 482 0.0109606041 0.00429617908 0.00111615123 0 0 0
nt@synapse_cleft 483 -0.00865870996 -0.0280451653 0.0104255443 0 0 0
nt@synapse_cleft 484 -0.0118244484 -0.0339077505 0.000135388979 0 0 0
nt@synapse_cleft 499 0.0206214316 0.0173991393 0.0117267817 0 0 0
nt@synapse_cleft 500 -0.0130599842 -0.0127239694 0.0133195214 0 0 0
nt@synapse_cleft 501 0.00621187942 0.0155832907 0.000654587938 0 0 0
nt@synapse_cleft 503 0.00352791096 -0.0212506596 0.00773442156 0 0 0
nt@synapse_cleft 509 -0.0125715589 0.0533207252 0.000760039627 0 0 0
nt@synapse_cleft 510 0.0184576443 0.0115891653 0.01130805 0 0 0
nt@synapse_cleft 514 -0.0216185855 0.00904257153 0.0147176332 0 0 0
nt@synapse_cleft 522 -0.0396769093 0.0196972603 0.0119961209 0 0 0
nt@synapse_cleft 524 -0.0128635063 0.0218374791 0.0187695386 0 0 0
nt@synapse_cleft 530 0.0231625963 -0.00192673837 0.00864697316 0 0 0
nt@synapse_cleft 536 -0.0361345027 -0.0358517071 0.000245853779 0 0 0
nt@synapse_cleft 544 0.0326998333 0.0154978216 0.0138058926 0 0 0
nt@synapse_cleft 546 -0.0483574343 0.0187123117 0.0115082127 0 0 0
nt@synapse_cleft 548 -0.021546123 0.0219367788 0.0193767816 0 0 0
nt@synapse_cleft 549 0.0340261229 -0.0360261658 0.0174333576 0 0 0
nt@synapse_cleft 551 0.00924571379 -0.0177392094 0.0139244767 0 0 0
nt@synapse_cleft 552 0.0200004411 -0.00275507378 0.0148754642 0 0 0
nt@synapse_cleft 557 -0.0349292536 -0.00186352383 0.0131274859 0 0 0
nt@synapse_cleft 558 -0.012433725 -0.0208528901 0.00565752688 0 0 0
nt@synapse_cleft 563 -0.0121919816 -0.0567159959 0.0191815047 0 0 0
nt@synapse_cleft 568 -0.00552879887 0.00619322126 0.0199756589 0 0 0
nt@synapse_cleft 572 -0.0295505467 0.0244712213 0.00505169718 0 0 0
nt@synapse_cleft 575 -0.00170106998 -0.0126264167 0.00813818696 0 0 0
nt@synapse_cleft 581 0.00301350944 0.000294457662 0.00884250509 0 0 0
nt@synapse_cleft 583 0.0121945364 0.0174992776 0.0138310187 0 0 0
nt@synapse_cleft 586 0.00959161713 0.0140335086 0.0140145629 0 0 0
nt@synapse_cleft 591 -0.00982962714 0.0277920782 0.00950516295 0 0 0
nt@synapse_cleft 593 0.00230559487 0.0357098636 0.0129313292 0 0 0
nt@synapse_cleft 594 0.0371640478 0.0204883054 0.0144680358 0 0 0
nt@synapse_cleft 595 -0.0031547404 -0.0381855305 0.00449083978 0 0 0
nt@synapse_cleft 596 -0.0209171539 0.00608196619 0.0154638615 0 0 0
nt@synapse_cleft 598 0.000971493043 0.0017074499 0.0153082958 0 0 0
nt@synapse_cleft 616 -0.00927672916 -0.0158067212 0.0110712389 0 0 0
nt@synapse_cleft 618 -0.0131469683 -0.0287824493 0.00648205266 0 0 0
nt@synapse_cleft 620 -0.024723446 -0.00409923438 0.00845824932 0 0 0
nt@synapse_cleft 624 0.015435762 -0.00583785453 0.00710064536 0 0 0
nt@synapse_cleft 627 -0.00847619481 -0.0197858856 0.0187012692 0 0 0
nt@synapse_cleft 629 0.00487215865 0.000556446672 0.00526341552 0 0 0
nt@synapse_cleft 630 0.00209294387 0.0105366944 0.0018325865 0 0 0
nt@synapse_cleft 633 -0.0182648317 0.0209471401 0.0018037781 0 0 0
nt@synapse_cleft 634 0.0132967633 -0.00402453547 0.012452749 0 0 0
nt@synapse_cleft 639 -0.0232801683 -0.0303545678 0.000422286928 0 0 0
nt@synapse_cleft 645 -0.00934564229 -0.0130281664 0.0198449467 0 0 0
nt@synapse_cleft 647 0.00534025101 0.0301267214 0.00451783763 0 0 0
nt@synapse_cleft 661 -0.0300591849 -0.016711936 0.015707616 0 0 0
nt@synapse_cleft 662 -0.0103972981 0.00467175141 0.00788926154 0 0 0
nt@synapse_cleft 664 -0.00955715261 0.0118139258 0.0106826045 0 0 0
nt@synapse_cleft 674 -0.0216110067 0.0144336818 0.00254573472 0 0 0
nt@synapse_cleft 675 0.0141081414 0.0129625266 0.0107838546 0 0 0
nt@synapse_cleft 678 0.0196013032 -0.0135128304 0.00941007789 0 0 0
nt@synapse_cleft 679 -0.0257218439 -0.00458591872 0.0132175295 0 0 0
nt@synapse_cleft 681 -0.00691550688 -0.0224473229 0.0164083952 0 0 0
nt@synapse_cleft 684 -0.0232334762 -0.0145779301 0.011002272 0 0 0
nt@synapse_cleft 689 0.017138425 0.0072334011 0.0169318157 0 0 0
nt@synapse_cleft 691 0.0220332032 0.00800371296 0.00834892141 0 0 0
nt@synapse_cleft 693 0.0161654863 0.0162190677 0.0154958438 0 0 0
nt@synapse_cleft 695 -0.0237378497 0.0256389117 0.0177819508 0 0 0
nt@synapse_cleft 698 0.00609179687 0.0181533261 0.0180701546 0 0 0
nt@synapse_cleft 699 -0.0227550844 -0.0646894371 0.00341696088 0 0 0
nt@synapse_cleft 704 0.0121695762 0.0164873022 0.00108458918 0 0 0
nt@synapse_cleft 710 0.036578485 -0.00345880153 0.017727323 0 0 0
nt@synapse_cleft 712 -0.0260676838 -0.00937088047 0.00470061953 0 0 0
nt@synapse_cleft 715 0.0236188289 0.0238809439 0.00822117016 0 0 0
nt@synapse_cleft 720 0.0314579526 -0.0358589903 0.00121764416 0 0 0
nt@synapse_cleft 721 0.00397353478 -0.0133751689 0.000153413453 0 0 0
nt@synapse_cleft 726 -0.0317587411 -0.00832404389 0.008085558 0 0 0
nt@synapse_cleft 727 -0.0107524306 0.0126681462 0.00601206673 0 0 0
nt@synapse_cleft 728 0.00050652185 0.00372859382 0.00403877178 0 0 0
nt@synapse_cleft 732 0.02968641 0.0528581922 0.00116475138 0 0 0
nt@synapse_cleft 735 -0.0445805335 0.00938098761 0.00182037296 0 0 0
nt@synapse_cleft 737 0.0420032705 0.00503132325 0.00806536463 0 0 0
nt@synapse_cleft 741 0.0164524672 0.000843453657 0.000942201042 0 0 0
nt@synapse_cleft 744 -0.0191303496 0.0301290207 0.00952996034 0 0 0
nt@synapse_cleft 746 0.00105236759 0.0175931609 0.00640011656 0 0 0
nt@synapse_cleft 750 0.0302287122 0.0162120684 0.0157822131 0 0 0
nt@synapse_cleft 754 -0.00549072965 -0.0161892942 0.0163475748 0 0 0
nt@synapse_cleft 755 0.0189787647 0.0220163114 0.00372502916 0 0 0
nt@synapse_cleft 760 -0.00634896568 -0.0545165689 0.000254287025 0 0 0
nt@synapse_cleft 762 0.0110533654 -0.0158957261 0.0106841226 0 0 0
nt@synapse_cleft 765 -0.0275484581 0.030268637 0.0192596676 0 0 0
nt@synapse_cleft 768 -0.0236630262 -0.00435198727 0.0109702963 0 0 0
nt@synapse_cleft 769 0.00469785305 0.0407091692 0.0125687873 0 0 0
nt@synapse_cleft 774 0.00576999981 0.0244734878 0.0109760001 0 0 0
nt@synapse_cleft 777 0.0423023379 -0.0426835731 0.00731802824 0 0 0
nt@synapse_cleft 779 -0.0153465536 0.0134430316 0.00851349727 0 0 0
nt@synapse_cleft 784 0.0123297383 0.0055939862 0.0163303591 0 0 0
nt@synapse_cleft 797 -0.00730296943 0.0360627086 0.00502999323 0 0 0
nt@synapse_cleft 803 -0.0266245668 -0.0399775797 0.0139168001 0 0 0
nt@synapse_cleft 804 0.00775156328 0.024385632 0.00391346233 0 0 0
nt@synapse_cleft 814 0.0377110877 0.0335286274 0.00377485053 0 0 0
nt@synapse_cleft 816 -0.00129944217 -0.0232164445 0.0100625412 0 0 0
nt@synapse_cleft 817 0.0198989084 -0.016149187 0.0111225956 0 0 0
nt@synapse_cleft 828 0.0113668581 -0.0261727087 0.016922926 0 0 0
nt@synapse_cleft 831 -0.00587937737 -0.0266910827 0.00165772527 0 0 0
nt@synapse_cleft 833 -0.0141746001 0.000707141229 0.00625913332 0 0 0
nt@synapse_cleft 837 -0.0211291965 -0.0095640861 0.0104584828 0 0 0
nt@synapse_cleft 844 -0.0142703176 0.00681521528 0.0144622629 0 0 0
nt@synapse_cleft 847 0.0197931514 -0.00275382643 0.00938049918 0 0 0
nt@synapse_cleft 850 -0.000716919158 0.0240610577 0.00170720566 0 0 0
nt@synapse_cleft 854 0.0130924632 0.0386317989 0.00239394932 0 0 0
nt@synapse_cleft 866 0.0041063982 -0.0147673964 0.011100954 0 0 0
nt@synapse_cleft 871 -0.00722501919 0.0145250536 0.0154865068 0 0 0
nt@synapse_cleft 872 0.0227038305 -0.0234351897 0.0178166254 0 0 0
nt@synapse_cleft 877 -0.0437219829 0.0115155721 0.0145226098 0 0 0
nt@synapse_cleft 884 0.000210144485 0.00898056216 0.0192841632 0 0 0
nt@synapse_cleft 900 0.0163853032 -0.025141343 0.0188345167 0 0 0
nt@synapse_cleft 904 -0.0372068978 0.0122103671 0.00216887866 0 0 0
nt@synapse_cleft 906 -0.0152361771 0.00459414275 0.0143035013 0 0 0
nt@synapse_cleft 908 -0.0407388736 0.00852068999 0.00361559016 0 0 0
nt@synapse_cleft 909 0.0272923055 0.0108453344 0.0075531944 0 0 0
nt@synapse_cleft 913 -0.0202974184 0.00190193167 0.0136887649 0 0 0
nt@synapse_cleft 918 0.0649767728 -0.00563045559 0.0158354943 0 0 0
nt@synapse_cleft 920 0.016798185 -0.0148185614 0.018743355 0 0 0
nt@synapse_cleft 924 -0.0352703282 0.00383252534 0.0112220013 0 0 0
nt@synapse_cleft 925 -0.030598836 0.0427994539 0.0133746418 0 0 0
nt@synapse_cleft 926 -0.0148564987 -0.0542719813 0.0165405051 0 0 0
nt@synapse_cleft 932 0.0134396547 -0.0428249558 0.00189638086 0 0 0
nt@synapse_cleft 938 -0.0115300399 0.0176783026 0.00671438825 0 0 0
nt@synapse_cleft 940 -0.0513387873 -0.0263536309 0.00884167143 0 0 0
nt@synapse_cleft 941 -0.0304980887 0.0462667965 0.0187868156 0 0 0
nt@synapse_cleft 942 0.0222919107 -0.0243639459 0.00239825833 0 0 0
nt@synapse_cleft 943 0.0251908295 -0.00967955234 0.00995756926 0 0 0
nt@synapse_cleft 944 -0.00351438936 -0.0511707183 0.000893866948 0 0 0
nt@synapse_cleft 945 -0.0085890582 0.0253014413 6.28440703e-05 0 0 0
nt@synapse_cleft 947 -0.0190109062 0.00780210078 0.010118502 0 0 0
nt@synapse_cleft 953 -0.042909767 0.0131077784 0.0193100491 0 0 0
nt@synapse_cleft 954 0.0115945804 -0.0140388323 0.00483705498 0 0 0
nt@synapse_cleft 957 0.047814323 -0.0245813729 0.00594974592 0 0 0
nt@synapse_cleft 960 -0.0240625521 0.0309249127 0.00564763205 0 0 0
nt@synapse_cleft 961 -0.0276738972 -0.0017759327 0.0182034464 0 0 0
nt@synapse_cleft 967 0.0316096211 -0.00340570189 0.0128165856 0 0 0
nt@synapse_cleft 976 -0.0252746827 0.0200776566 0.0156923933 0 0 0
nt@synapse_cleft 978 -0.0405674088 -0.016559817 0.0129613918 0 0 0
nt@synapse_cleft 991 0.0277318734 -0.00455025799 0.0130238233 0 0 0
nt@synapse_cleft 992 0.0249833068 0.00783614501 0.0017153947 0 0 0
nt@synapse_cleft 994 -0.0349075245 -0.00762150926 0.0089610324 0 0 0
nt@synapse_cleft 998 -0.000614351864 0.00573611812 0.00318107264 0 0 0
nt@synapse_cleft 999 0.039854407 -0.0352978181 0.0017694974 0 0 0
nt@synapse_cleft 1002 0.0153047379 0.050199997 0.00813501679 0 0 0
nt@synapse_cleft 1004 -0.0115529911 0.00873975606 0.00363705282 0 0 0
nt@synapse_cleft 1011 0.0261053123 0.0193052625 0.0138354963 0 0 0
nt@synapse_cleft 1013 -0.0304555824 0.0390948021 0.0114500178 0 0 0
nt@synapse_cleft 1016 -0.030852678 0.014965339 0.0157299455 0 0 0
nt@synapse_cleft 1018 0.00146410744 -0.0231846109 0.0073962016 0 0 0
nt@synapse_cleft 1024 -0.0368735995 -0.0098026873 0.019676564 0 0 0
nt@synapse_cleft 1025 -0.00269591325 -0.0349576474 0.00448047375 0 0 0
nt@synapse_cleft 1027 0.0136158429 0.0307139997 0.0127821128 0 0 0
nt@synapse_cleft 1035 -0.0257589197 -0.0155320767 0.0132044323 0 0 0
nt@synapse_cleft 1047 0.0230823629 -0.0483141271 0.00175773978 0 0 0
nt@synapse_cleft 1048 -0.00189930186 -0.0453727557 0.0044875923 0 0 0
nt@synapse_cleft 1050 0.00209874725 -0.0428840003 0.0132750271 0 0 0
nt@synapse_cleft 1056 -0.00407889859 0.0578263319 0.00289333449 0 0 0
nt@synapse_cleft 1062 0.0438974811 -0.0109226841 0.0141761254 0 0 0
nt@synapse_cleft 1077 -0.0289844392 -0.0137883668 0.0156568287 0 0 0
nt@synapse_cleft 1080 -0.0273502135 0.0134997885 0.00828614765 0 0 0
nt@synapse_cleft 1088 -0.0419465445 -0.00990547438 0.0183396227 0 0 0
nt@synapse_cleft 1092 -0.0140862381 -0.0070975093 0.00728395718 0 0 0
nt@synapse_cleft 1102 -0.0168553765 -0.0193874764 0.0169417063 0 0 0
nt@synapse_cleft 1107 -0.00570311694 0.00779787102 0.00887530618 0 0 0
nt@synapse_cleft 1108 0.0163821061 0.0339009926 0.0049493705 0 0 0
nt@synapse_cleft 1110 0.0229167817 0.0155974354 0.0123638666 0 0 0
nt@synapse_cleft 1113 -0.0118870358 0.0124867827 0.000923243506 0 0 0
nt@synapse_cleft 1114 0.0112521117 -0.0250627039 0.000533251554 0 0 0
nt@synapse_cleft 1121 0.00393540018 0.0489314666 0.00228789496 0 0 0
nt@synapse_cleft 1127 -0.0139676152 0.00284731211 0.00100457163 0 0 0
nt@synapse_cleft 1130 0.0243197728 -0.0150068253 0.00853707915 0 0 0
nt@synapse_cleft 1136 -0.0121388776 -0.061923735 0.00560909865 0 0 0
nt@synapse_cleft 1138 0.0131793517 0.00600541907 0.0162588809 0 0 0
nt@synapse_cleft 1140 0.00060254671 -0.0317448899 0.0174045357 0 0 0
nt@synapse_cleft 1144 -0.0168351247 -0.0108603658 0.00726220894 0 0 0
nt@synapse_cleft 1145 0.063102753 -0.0193041304 0.0194395242 0 0 0
nt@synapse_cleft 1149 -0.0234252094 0.000204174645 0.0169194512 0 0 0
nt@synapse_cleft 1152 0.0229751742 -0.00483982085 0.0152409013 0 0 0
nt@synapse_cleft 1157 0.0310018254 -0.0572435723 0.0192387939 0 0 0
nt@synapse_cleft 1165 0.0210665302 0.0314612634 0.00040347428 0 0 0
nt@synapse_cleft 1166 -0.00844721623 -0.00011694147 0.0098383383 0 0 0
nt@synapse_cleft 1167 0.0427081921 0.0355093649 0.00438764949 0 0 0
nt@synapse_cleft 1172 -0.00863104832 0.00318505233 0.00822846057 0 0 0
nt@synapse_cleft 1177 -0.00654454643 0.0702863833 0.00208721283 0 0 0
nt@synapse_cleft 1179 0.00388043752 -0.0173744442 0.00301192174 0 0 0
nt@synapse_cleft 1186 -0.0632536642 0.000277159853 0.0146993108 0 0 0
nt@synapse_cleft 1188 0.0219143393 -0.0438686484 0.00166666752 0 0 0
nt@synapse_cleft 1192 0.0154405714 -0.0109319326 0.0182503882 0 0 0
nt@synapse_cleft 1193 -0.0274859634 -0.0105791199 0.0112391444 0 0 0
nt@synapse_cleft 1200 -0.0160544346 0.018426029 0.0186984249 0 0 0
nt@synapse_cleft 1203 0.00148025979 0.00601085383 0.00629312293 0 0 0
nt@synapse_cleft 1204 0.010291182 0.00263439111 0.016023464 0 0 0
nt@synapse_cleft 1205 -0.0311019923 -0.024717125 0.0120799996 0 0 0
nt@synapse_cleft 1206 -0.0285628958 -0.00266511162 0.0143311672 0 0 0
nt@synapse_cleft 1218 -0.0121357422 0.0303651312 0.0177027297 0 0 0
nt@synapse_cleft 1219 0.00268967665 0.0128378278 0.0156497465 0 0 0
nt@synapse_cleft 1237 -0.0181360288 -0.0310581685 0.00833962846 0 0 0
nt@synapse_cleft 1238 -0.059114496 -0.0253275379 0.0167451407 0 0 0
nt@synapse_cleft 1243 -0.0174911079 -0.00120333738 0.00970613056 0 0 0
nt@synapse_cleft 1248 0.00715876198 0.0456713334 0.0123392095 0 0 0
nt@synapse_cleft 1251 -0.0268758043 0.00770691979 0.0177745566 0 0 0
nt@synapse_cleft 1252 -0.0366428969 0.00426340969 0.00269458587 0 0 0
nt@synapse_cleft 1254 -0.022697951 0.0226907532 0.0102171325 0 0 0
nt@synapse_cleft 1270 0.0416590115 0.00674107163 0.00434835684 0 0 0
nt@synapse_cleft 1275 -0.0138904681 0.0135772442 0.011703783 0 0 0
nt@synapse_cleft 1289 0.0428926333 -0.00701458974 0.000544933917 0 0 0
nt@synapse_cleft 1298 -0.0020331815 -0.0141816197 0.00197723886 0 0 0
nt@synapse_cleft 1302 -0.0168975577 0.0281538832 0.000730596755 0 0 0
nt@synapse_cleft 1311 0.0104234749 -0.00998605566 0.0157849813 0 0 0
nt@synapse_cleft 1316 -0.0276903684 -0.0293212479 0.0108028756 0 0 0
nt@synapse_cleft 1326 0.0208456852 0.0111105638 0.000193045462 0 0 0
nt@synapse_cleft 1328 0.0143197352 0.0107352337 0.00666120671 0 0 0
nt@synapse_cleft 1333 -0.0246649157 0.0290738948 0.0046791144 0 0 0
nt@synapse_cleft 1338 -0.013023779 0.00839021398 0.00705053144 0 0 0
nt@synapse_cleft 1343 0.0153956309 0.00742233922 0.0182185104 0 0 0
nt@synapse_cleft 1347 -0.0416528743 -0.013902076 0.0193410895 0 0 0
nt@synapse_cleft 1348 0.0351580516 -0.0393368379 0.0180205991 0 0 0
nt@synapse_cleft 1349 -0.0157514856 -0.00823447193 0.0145246547 0 0 0
nt@synapse_cleft 1351 0.0399454131 -0.0337859619 0.000959945737 0 0 0
nt@synapse_cleft 1359 -0.0214307553 -0.0153070481 0.0163716197 0 0 0
nt@synapse_cleft 1361 -0.0112798596 -0.0539551385 0.003737686 0 0 0
nt@synapse_cleft 1366 0.0232647141 -0.00434062232 0.0101450801 0 0 0
nt@synapse_cleft 1368 0.0265805696 0.00601560773 0.00047267117 0 0 0
nt@synapse_cleft 1372 -0.0242410526 0.0518193608 0.00612845628 0 0 0
nt@synapse_cleft 1380 -0.0034018912 0.0124208407 0.00853108907 0 0 0
nt@synapse_cleft 1381 0.0251023273 -0.0521175156 0.0154943706 0 0 0
nt@synapse_cleft 1382 0.0171503146 0.0172226425 0.00095005623 0 0 0
nt@synapse_cleft 1384 -0.0469868994 -0.0135409579 0.00985037192 0 0 0
nt@synapse_cleft 1390 0.04153356 -0.00228309994 0.00248583252 0 0 0
nt@synapse_cleft 1393 -0.0343667757 0.0327098134 0.00187767283 0 0 0
nt@synapse_cleft 1394 0.0156030831 0.0243365493 0.011065371 0 0 0
nt@synapse_cleft 1397 0.0285231518 0.0280936837 0.0177898373 0 0 0
nt@synapse_cleft 1400 -0.0332531805 0.0139057037 0.0104344779 0 0 0
nt@synapse_cleft 1403 0.00483222517 0.00163967251 0.0129699099 0 0 0
nt@synapse_cleft 1406 0.0594901853 -0.0277894413 0.00832482852 0 0 0
nt@synapse_cleft 1408 -0.0105541018 -0.0160843747 0.00931462112 0 0 0
nt@synapse_cleft 1411 0.00568484755 0.00988850815 0.0187118873 0 0 0
nt@synapse_cleft 1416 -0.0106876888 0.0224705506 0.00615022113 0 0 0
nt@synapse_cleft 1419 0.0105792901 -0.0205070748 0.00877933212 0 0 0
nt@synapse_cleft 1425 0.0031366212 -0.0431535193 0.0102800542 0 0 0
nt@synapse_cleft 1427 -0.0296147703 -0.00561484756 0.0183284958 0 0 0
nt@synapse_cleft 1434 0.012065909 0.0198394501 0.00906911589 0 0 0
nt@synapse_cleft 1438 -0.0064330838 -0.0289990383 0.000310549747 0 0 0
nt@synapse_cleft 1440 0.00754365901 0.023400595 0.000332955032 0 0 0
nt@synapse_cleft 1441 -0.030670496 0.0134177412 0.00587651106 0 0 0
nt@synapse_cleft 1442 -0.000218563909 0.0259397589 0.019141645 0 0 0
nt@synapse_cleft 1444 -0.0241941692 -0.0113265267 0.0133391771 0 0 0
nt@synapse_cleft 1446 -0.0158447144 -0.0267023003 0.00564835294 0 0 0
nt@synapse_cleft 1449 -0.0286958219 -0.00425089034 0.00895677092 0 0 0
nt@synapse_cleft 1452 -0.028454952 -0.0289589267 0.00190117393 0 0 0
nt@synapse_cleft 1454 -0.0161747504 0.00734884878 0.0108469473 0 0 0
nt@synapse_cleft 1455 -0.0229829607 0.0122628177 0.0149181592 0 0 0
nt@synapse_cleft 1464 -0.0567452296 0.0115757339 0.00875569498 0 0 0
nt@synapse_cleft 1470 -0.0678604399 -0.0307479534 0.0191642007 0 0 0
nt@synapse_cleft 1472 -0.046748774 -0.00698197648 0.00815835364 0 0 0
nt@synapse_cleft 1473 0.0052337126 -0.00484218789 0.0144259458 0 0 0
nt@synapse_cleft 1479 -0.0133831136 0.028846752 0.0197883535 0 0 0
nt@synapse_cleft 1481 0.0189206632 -0.000123231532 0.0162509795 0 0 0
nt@synapse_cleft 1484 -0.0120480467 0.0154153997 0.0149925942 0 0 0
nt@synapse_cleft 1485 -0.0164531685 -0.0051430287 0.00899276062 0 0 0
nt@synapse_cleft 1487 -0.0211565349 -0.0398064059 0.00178759002 0 0 0
nt@synapse_cleft 1488 0.0314705695 -0.00466765005 0.00214958504 0 0 0
nt@synapse_cleft 1491 -0.0132799535 -0.0218237967 0.000991024682 0 0 0
nt@synapse_cleft 1494 0.00591253327 0.012664946 0.017035949 0 0 0
nt@synapse_cleft 1496 -0.00128412866 0.0267072191 0.0189506057 0 0 0
nt@synapse_cleft 1506 0.0211446139 0.00198768431 0.0124586465 0 0 0
nt@synapse_cleft 1507 0.00389659376 0.00321932584 0.00470843776 0 0 0
nt@synapse_cleft 1508 0.0217729899 0.00884161541 0.00326134334 0 0 0
nt@synapse_cleft 1512 0.00431504572 -0.00878033119 0.0104671519 0 0 0
nt@synapse_cleft 1519 0.00102637881 -0.00742573378 0.014900331 0 0 0
nt@synapse_cleft 1527 -0.0101372016 0.0422949529 0.00907098418 0 0 0
nt@synapse_cleft 1528 -0.0427630722 -0.0036378762 0.0142318642 0 0 0
nt@synapse_cleft 1531 0.00159757378 0.028893337 0.0190266066 0 0 0
nt@synapse_cleft 1538 0.00762512051 0.018428606 0.0166112205 0 0 0
nt@synapse_cleft 1542 -0.0166539789 0.0254338198 0.00959869069 0 0 0
nt@synapse_cleft 1545 0.00365980928 -0.00176784232 0.0115668633 0 0 0
nt@synapse_cleft 1548 -0.0332995043 -0.0222473777 0.00618285343 0 0 0
nt@synapse_cleft 1553 0.0604384259 0.0191062171 0.00505945425 0 0 0
nt@synapse_cleft 1554 0.0265285419 0.00687371413 0.00135004576 0 0 0
nt@synapse_cleft 1561 0.00238341262 -0.0555449411 0.00481082062 0 0 0
nt@synapse_cleft 1565 -0.0047285219 0.000970868216 0.0146516346 0 0 0
nt@synapse_cleft 1571 -0.0120982214 0.00273199763 0.0108195071 0 0 0
nt@synapse_cleft 1573 0.0167888451 0.0281262679 0.00261673356 0 0 0
nt@synapse_cleft 1588 0.00356764185 -0.0170359881 0.019831335 0 0 0
nt@synapse_cleft 1592 0.00752887443 -0.023004469 0.00761520456 0 0 0
nt@synapse_cleft 1597 0.00295395022 0.0336449763 0.00953934129 0 0 0
nt@synapse_cleft 1600 0.0214522534 -0.0322759484 0.00614369632 0 0 0
nt@synapse_cleft 1605 0.019779072 1.05909099e-05 0.00908019377 0 0 0
nt@synapse_cleft 1606 -0.0335479852 0.00614630401 0.00582178601 0 0 0
nt@synapse_cleft 1611 -0.00921945877 -0.0304986301 0.00177583511 0 0 0
nt@synapse_cleft 1612 -0.0196504416 -0.0154535286 0.00876106863 0 0 0
nt@synapse_cleft 1617 0.0100478829 -0.0306267563 0.00613520435 0 0 0
nt@synapse_cleft 1619 0.0178163091 -0.00395738215 0.018765101 0 0 0
nt@synapse_cleft 1628 0.0173800733 0.0377488721 0.0121307749 0 0 0
nt@synapse_cleft 1635 0.0163460266 -0.0107890732 0.00889389105 0 0 0
nt@synapse_cleft 1641 0.030305423 0.0124183372 0.0089944932 0 0 0
nt@synapse_cleft 1642 0.0209851703 -0.0251864266 0.0120888036 0 0 0
nt@synapse_cleft 1655 0.00445960371 0.014006131 0.000969514119 0 0 0
nt@synapse_cleft 1658 0.0209404387 0.0367083451 0.0109063827 0 0 0
nt@synapse_cleft 1660 0.0190243142 0.0193500053 0.00589826285 0 0 0
nt@synapse_cleft 1675 -0.0330364088 -0.0122199547 0.0158322421 0 0 0
nt@synapse_cleft 1678 0.00187176169 -0.0122329923 0.00314731655 0 0 0
nt@synapse_cleft 1681 -0.0242284221 0.00917368931 0.00641319704 0 0 0
nt@synapse_cleft 1684 0.00517402521 -0.0334548763 0.00228918409 0 0 0
nt@synapse_cleft 1686 -0.00748615798 0.00618989353 0.0164295475 0 0 0
nt@synapse_cleft 1687 -0.0331710935 -0.0225277547 0.00376097144 0 0 0
nt@synapse_cleft 1689 0.00888289875 0.0194459996 0.00727005452 0 0 0
nt@synapse_cleft 1692 -0.0147870106 0.0162138432 0.0125093501 0 0 0
nt@synapse_cleft 1695 0.0185004742 -0.0119088443 0.000844598965 0 0 0
nt@synapse_cleft 1701 -0.00103709503 0.0106263108 0.0163054752 0 0 0
nt@synapse_cleft 1707 -0.0238772577 -0.0138070448 0.0092198257 0 0 0
nt@synapse_cleft 1708 -0.0317236846 0.013363123 0.00450902175 0 0 0
nt@synapse_cleft 1715 0.00607912585 0.00233465561 0.0178449485 0 0 0
nt@synapse_cleft 1721 0.000914426316 -0.0309258294 0.0131351814 0 0 0
nt@synapse_cleft 1725 0.0323702499 -0.00282890517 0.00532602863 0 0 0
nt@synapse_cleft 1729 0.0103198625 -0.00902959264 0.013335262 0 0 0
nt@synapse_cleft 1736 0.0256820126 0.0110272595 0.0145201125 0 0 0
nt@synapse_cleft 1741 0.00509651119 -0.0216658514 0.013234595 0 0 0
nt@synapse_cleft 1742 0.0100110056 -0.0491156698 0.00620272209 0 0 0
nt@synapse_cleft 1743 0.0425024603 0.0417610465 0.0121722141 0 0 0
nt@synapse_cleft 1745 -0.0372475284 0.0265440803 0.00115721585 0 0 0
nt@synapse_cleft 1746 0.0118344036 -0.0110036585 0.0196590583 0 0 0
nt@synapse_cleft 1748 0.058742964 0.0155208291 0.00955316756 0 0 0
nt@synapse_cleft 1749 0.00384175129 0.00238805923 0.000504189391 0 0 0
nt@synapse_cleft 1751 0.042527123 0.0113959587 0.0175505834 0 0 0
nt@synapse_cleft 1759 -0.010059021 -0.0109796385 0.019209905 0 0 0
nt@synapse_cleft 1761 -0.0298795322 0.00790325002 0.0151493454 0 0 0
nt@synapse_cleft 1762 -0.0241785778 -0.0274389739 0.0184518668 0 0 0
nt@synapse_cleft 1763 0.0439756736 -0.0256979988 0.0135595097 0 0 0
nt@synapse_cleft 1768 0.00696313428 -0.0245582127 0.0145775496 0 0 0
nt@synapse_cleft 1775 -0.00696335345 -0.00331650411 0.00337053834 0 0 0
nt@synapse_cleft 1778 0.0472100908 -0.0535489951 0.0127911664 0 0 0
nt@synapse_cleft 1781 -0.019485684 0.0363051824 0.00570501262 0 0 0
nt@synapse_cleft 1793 0.0167971527 0.0339058219 0.0173540778 0 0 0
nt@synapse_cleft 1795 0.0322549711 -0.0072609796 0.0124895068 0 0 0
nt@synapse_cleft 1799 -0.0279780659 0.0066183162 0.00709186103 0 0 0
nt@synapse_cleft 1804 0.0102269159 0.00216008878 0.00947507429 0 0 0
nt@synapse_cleft 1805 -0.0121621635 0.00101263138 0.0170017627 0 0 0
nt@synapse_cleft 1806 -0.0119872885 0.00585164259 0.00948457155 0 0 0
nt@synapse_cleft 1810 -0.0541324136 -0.0432601145 0.0173075779 0 0 0
nt@synapse_cleft 1811 -0.00566653464 0.00672918466 0.00307765322 0 0 0
nt@synapse_cleft 1812 -0.0036564377 0.0435117599 0.0113636944 0 0 0
nt@synapse_cleft 1815 -0.00884006978 0.0129223226 0.0117435925 0 0 0
nt@synapse_cleft 1824 0.0162526871 0.00353009648 0.00427660021 0 0 0
nt@synapse_cleft 1826 0.0249420434 -0.0130828227 0.0142573478 0 0 0
nt@synapse_cleft 1829 0.0461062708 -0.015760893 0.014100199 0 0 0
nt@synapse_cleft 1830 -0.0379881852 -0.0132725566 0.0121866009 0 0 0
nt@synapse_cleft 1837 -0.0378260842 -0.00821261671 0.00792218108 0 0 0
nt@synapse_cleft 1838 -0.0125744657 -0.0384522941 0.00716073091 0 0 0
nt@synapse_cleft 1840 -0.0183192175 -0.00308720528 0.0102628301 0 0 0
nt@synapse_cleft 1843 0.0318274461 -0.00530753838 0.0114996756 0 0 0
nt@synapse_cleft 1846 -0.0206159555 0.00487987961 0.00835196324 0 0 0
nt@synapse_cleft 1849 0.0442898858 6.28953134e-05 0.0108998382 0 0 0
nt@synapse_cleft 1853 0.0625209603 -0.0185282014 0.00954082138 0 0 0
nt@synapse_cleft 1854 0.00685926921 -0.0125841414 0.00309662314 0 0 0
nt@synapse_cleft 1855 -0.0237896299 0.00919066338 0.00982474458 0 0 0
nt@synapse_cleft 1856 0.0169219141 -0.0129470374 0.0121463658 0 0 0
nt@synapse_cleft 1864 -0.000512205524 -0.0202257777 0.00931431922 0 0 0
nt@synapse_cleft 1868 -0.0273030526 0.00236149531 0.00874205956 0 0 0
nt@synapse_cleft 1872 -0.00439366509 -0.00832134919 0.0114811723 0 0 0
nt@synapse_cleft 1873 -0.0617989014 -0.00552514983 0.00782700387 0 0 0
nt@synapse_cleft 1875 -0.0262031818 0.0128997523 0.000110176628 0 0 0
nt@synapse_cleft 1877 0.00530544066 0.0235440692 0.0109538524 0 0 0
nt@synapse_cleft 1879 0.0570188233 -0.0521691916 0.014202797 0 0 0
nt@synapse_cleft 1880 -0.0251420745 -0.023492346 0.00638142606 0 0 0
nt@synapse_cleft 1883 0.0104656902 0.0155050122 0.0169132824 0 0 0
nt@synapse_cleft 1885 -0.00978699209 0.00582767807 0.0063164414 0 0 0
nt@synapse_cleft 1887 -0.00707824464 0.0327451761 0.00354647108 0 0 0
nt@synapse_cleft 1892 -0.00126667022 0.00959131308 0.00918448529 0 0 0
nt@synapse_cleft 1894 -0.0110781867 0.0172477079 0.0168608324 0 0 0
nt@synapse_cleft 1896 0.022214947 -0.0104864313 0.00689902701 0 0 0
nt@synapse_cleft 1900 -0.00628339599 -0.0156042539 0.000126448267 0 0 0
nt@synapse_cleft 1904 -0.0376963243 0.0351671772 0.00426553976 0 0 0
nt@synapse_cleft 1914 0.0049748623 0.0133400959 0.00294405924 0 0 0
nt@synapse_cleft 1918 -0.0173244731 0.0567210072 0.014175457 0 0 0
nt@synapse_cleft 1921 0.00195627354 -0.0183993936 0.00941476361 0 0 0
nt@synapse_cleft 1923 -0.01026224 0.0264131817 0.0183661904 0 0 0
nt@synapse_cleft 1925 0.00241040089 0.026860137 0.0128744247 0 0 0
nt@synapse_cleft 1926 0.0149655808 -0.00543852373 0.0143336748 0 0 0
nt@synapse_cleft 1932 0.0132066171 -0.0155866783 0.0171475368 0 0 0
nt@synapse_cleft 1942 0.0270780611 -0.0307219834 0.000314947289 0 0 0
nt@synapse_cleft 1944 0.00305737775 0.0198527297 0.0148036576 0 0 0
nt@synapse_cleft 1946 -0.020245865 -0.00723411775 0.00567705638 0 0 0
nt@synapse_cleft 1953 -0.0212212162 -0.0186394144 0.0020896415 0 0 0
nt@synapse_cleft 1961 0.0322638291 0.0190551374 0.0104202244 0 0 0
nt@synapse_cleft 1964 -0.0110878754 -0.0050215484 0.0104256616 0 0 0
nt@synapse_cleft 1967 0.0188979483 -0.0262599701 0.0135844963 0 0 0
nt@synapse_cleft 1970 -0.0167199045 -0.0359105924 0.00453646889 0 0 0
nt@synapse_cleft 1973 0.0262362852 0.0359955801 0.0176933818 0 0 0
nt@synapse_cleft 1976 -0.0325138652 -0.0171625459 0.000812540239 0 0 0
nt@synapse_cleft 1980 -0.0172709273 -0.0207061806 0.00782009219 0 0 0
nt@synapse_cleft 1984 -0.0517849957 -0.017207525 0.000592757458 0 0 0
nt@synapse_cleft 1989 -0.0180617389 0.0112396786 0.0155625691 0 0 0
nt@synapse_cleft 1990 0.0213127165 0.024187208 0.00188775227 0 0 0
nt@synapse_cleft 1993 -0.000922092368 -0.0195219588 0.0190994468 0 0 0
nt@synapse_cleft 1997 -9.38724652e-06 0.018069924 0.0112952592 0 0 0
nt@synapse_cleft 2004 -0.0191118033 0.00839586227 0.0164988439 0 0 0
nt@synapse_cleft 2007 0.00429364888 0.00753893019 0.0165982679 0 0 0
nt@synapse_cleft 2008 0.0243125339 0.00835458353 0.0148739617 0 0 0
nt@synapse_cleft 2013 -0.0135109677 -0.00618204493 0.00618197848 0 0 0
nt@synapse_cleft 2014 0.0176716364 0.0176149949 0.0170567964 0 0 0
nt@synapse_cleft 2019 0.0205747568 -0.0144940248 0.0189152492 0 0 0
nt@synapse_cleft 2026 0.0574123435 0.00166807879 0.00778698273 0 0 0
nt@synapse_cleft 2027 -0.00521254548 -0.0272226769 0.00103691573 0 0 0
nt@synapse_cleft 2032 -0.0244772389 -0.00731519881 0.0172950649 0 0 0
nt@synapse_cleft 2035 0.0516360829 0.019067007 0.000274859312 0 0 0
nt@synapse_cleft 2036 0.0501261647 -0.0271918721 0.016901891 0 0 0
nt@synapse_cleft 2039 0.0343218859 0.00878804682 0.0156219504 0 0 0
nt@synapse_cleft 2041 0.035166865 0.00461553413 0.0142895576 0 0 0
nt@synapse_cleft 2044 0.0140100533 -0.0232454619 0.00659026136 0 0 0
nt@synapse_cleft 2052 0.00300115474 -0.0139527306 0.0156401684 0 0 0
nt@synapse_cleft 2058 -0.00820549434 -0.0354045253 0.0133822278 0 0 0
nt@synapse_cleft 2061 0.0127213116 -0.00193373425 0.00434773796 0 0 0
nt@synapse_cleft 2064 0.0211901884 0.0266702605 0.00293670582 0 0 0
nt@synapse_cleft 2091 -0.014700732 0.0210612865 0.01339279 0 0 0
nt@synapse_cleft 2092 0.020676645 0.0243668121 0.0124751575 0 0 0
nt@synapse_cleft 2094 -0.00937659833 -0.000232405799 0.0124897992 0 0 0
nt@synapse_cleft 2096 -0.0122923908 -0.00294062425 0.00251139233 0 0 0
nt@synapse_cleft 2101 -0.0113487499 -0.0156257847 0.0115845583 0 0 0
nt@synapse_cleft 2104 0.021310823 0.00635154422 0.0122299504 0 0 0
nt@synapse_cleft 2112 -0.0153511465 -0.0211815979 0.00322457218 0 0 0
nt@synapse_cleft 2115 -0.024138187 0.00718147322 0.0133702956 0 0 0
nt@synapse_cleft 2124 -0.000888223035 0.0409333351 0.0093265836 0 0 0
nt@synapse_cleft 2127 0.0166239899 0.0104511505 0.00740540862 0 0 0
nt@synapse_cleft 2133 0.00844358681 -0.00775667447 0.00489874784 0 0 0
nt@synapse_cleft 2137 -0.038116994 0.0467575824 0.00522304847 0 0 0
nt@synapse_cleft 2148 0.0293085701 -0.0520797384 0.00457455583 0 0 0
nt@synapse_cleft 2156 0.0341141724 -0.0285189728 0.0171471279 0 0 0
nt@synapse_cleft 2162 -0.0113311762 0.0177526353 0.0109881546 0 0 0
nt@synapse_cleft 2163 0.0150796883 0.000870044833 0.0151572259 0 0 0
nt@synapse_cleft 2170 0.0204802204 0.00283560756 0.0139920349 0 0 0
nt@synapse_cleft 2177 -0.0108775813 -0.0291514228 0.0010929422 0 0 0
nt@synapse_cleft 2185 -0.00571506648 -0.00744160486 0.0105880149 0 0 0
nt@synapse_cleft 2187 -0.0107416732 0.00635229169 0.00886090511 0 0 0
nt@synapse_cleft 2188 -0.00164153105 0.038159163 0.00435529567 0 0 0
nt@synapse_cleft 2199 0.00394379809 -0.025346434 0.00557230741 0 0 0
nt@synapse_cleft 2204 -0.0329226387 -0.00400547053 0.0161543752 0 0 0
nt@synapse_cleft 2206 -0.0194462695 -0.0143559873 0.012336983 0 0 0
nt@synapse_cleft 2207 0.0298822922 0.00880910661 0.0137125465 0 0 0
nt@synapse_cleft 2217 0.0246531783 -0.0345483197 0.0106391599 0 0 0
nt@synapse_cleft 2218 0.00935848373 0.0147111443 0.0183160265 0 0 0
nt@synapse_cleft 2223 -0.0208769326 0.0179381021 0.00199000923 0 0 0
nt@synapse_cleft 2228 -0.0122199335 0.00910653634 0.00635901493 0 0 0
nt@synapse_cleft 2235 -0.00545432586 -0.0168692715 0.00984540887 0 0 0
nt@synapse_cleft 2236 -0.00121843853 0.0200246962 0.0130238883 0 0 0
nt@synapse_cleft 2248 -0.0343169538 -0.000545222144 0.00713689216 0 0 0
nt@synapse_cleft 2251 -0.005251536 -0.00454465613 0.0181732976 0 0 0
nt@synapse_cleft 2254 -0.00445365562 -0.0167285954 0.0164738976 0 0 0
nt@synapse_cleft 2257 -0.00166826261 -0.000598677326 0.00329413894 0 0 0
nt@synapse_cleft 2262 -0.00220158202 0.0320506929 0.0127132363 0 0 0
nt@synapse_cleft 2265 0.0319258897 0.0248577283 0.0036825192 0 0 0
nt@synapse_cleft 2269 -0.034773263 0.0215299206 0.0057228061 0 0 0
nt@synapse_cleft 2271 -0.0661660111 0.0235354386 0.00914622443 0 0 0
nt@synapse_cleft 2274 -0.00907481319 0.0435113161 0.00385660784 0 0 0
nt@synapse_cleft 2278 0.0286341848 0.0338581354 0.005259825 0 0 0
nt@synapse_cleft 2279 -0.010052746 0.0118755482 0.00505932838 0 0 0
nt@synapse_cleft 2283 0.0261343397 -0.0252937118 0.00817366562 0 0 0
nt@synapse_cleft 2284 0.0290819174 -0.00174235046 0.0125409711 0 0 0
nt@synapse_cleft 2285 -0.0174663818 -0.009987172 0.0192214573 0 0 0
nt@synapse_cleft 2289 0.00794680373 -0.00468825174 0.00996121883 0 0 0
nt@synapse_cleft 2292 -0.0142966409 0.00233551625 0.0194075017 0 0 0
nt@synapse_cleft 2298 -0.03812323 -0.0242006541 0.0169923805 0 0 0
nt@synapse_cleft 2306 -0.00135366626 -0.0490437639 0.00995274909 0 0 0
nt@synapse_cleft 2308 -0.0318503041 0.013364496 0.00827043083 0 0 0
nt@synapse_cleft 2309 -0.00177176767 -0.00765211175 0.0134385346 0 0 0
nt@synapse_cleft 2314 -0.00899894935 -0.0332581394 0.0111434848 0 0 0
nt@synapse_cleft 2317 0.037749518 0.00719393899 0.00724633551 0 0 0
nt@synapse_cleft 2320 0.0207018775 -0.0301463546 3.63833674e-05 0 0 0
nt@synapse_cleft 2321 0.0480345579 0.00661855011 0.00126572174 0 0 0
nt@synapse_cleft 2326 0.024314255 0.0228119141 0.00153769484 0 0 0
nt@synapse_cleft 2327 -0.0320285405 -0.0407302227 0.0148197097 0 0 0
nt@synapse_cleft 2330 -0.0401240779 0.0163956293 0.0137369259 0 0 0
nt@synapse_cleft 2332 -0.020895416 -0.00396388049 0.017890603 0 0 0
nt@synapse_cleft 2343 0.00858624013 0.00203820544 0.0069516237 0 0 0
nt@synapse_cleft 2349 0.0335768199 -0.00119834678 0.0128145936 0 0 0
nt@synapse_cleft 2367 -0.0194090651 -0.0380439169 0.0126768024 0 0 0
nt@synapse_cleft 2369 -0.0163422631 -0.00189299261 0.00511434967 0 0 0
nt@synapse_cleft 2383 0.0165447241 -0.039795842 0.0138037689 0 0 0
nt@synapse_cleft 2386 -0.0125346698 -0.0164897131 0.00338676968 0 0 0
nt@synapse_cleft 2389 -0.000997926067 -0.0238676864 0.00655720689 0 0 0
nt@synapse_cleft 2397 0.0103204852 -0.0570867082 0.0135560859 0 0 0
nt@synapse_cleft 2400 -0.0254187891 -0.0423772669 0.016538058 0 0 0
nt@synapse_cleft 2410 0.0200315637 0.000880586259 0.014427833 0 0 0
nt@synapse_cleft 2411 0.017845686 -0.0441003011 0.00263888452 0 0 0
nt@synapse_cleft 2412 0.00352855491 0.016375194 0.0175353832 0 0 0
nt@synapse_cleft 2417 -0.0123755154 0.00910726273 0.00862955017 0 0 0
nt@synapse_cleft 2421 -0.00704188365 0.0214265204 0.00181939741 0 0 0
nt@synapse_cleft 2423 0.0129939511 -0.0410752509 0.00186649389 0 0 0
nt@synapse_cleft 2437 0.0252774162 0.0137739665 0.00786960834 0 0 0
nt@synapse_cleft 2438 0.00698025779 -0.0412829397 0.00269354174 0 0 0
nt@synapse_cleft 2440 -0.0290845066 -0.0222615452 0.0117206341 0 0 0
nt@synapse_cleft 2448 0.00764933108 -0.00245371196 0.0134855962 0 0 0
nt@synapse_cleft 2456 -0.0235161454 -0.00629663535 0.0176613128 0 0 0
nt@synapse_cleft 2459 -0.00189677556 0.0430561994 0.00246990955 0 0 0
nt@synapse_cleft 2462 -0.00819993472 0.0439150209 0.000609848581 0 0 0
nt@synapse_cleft 2468 -0.0540625346 -0.0134128488 0.0125245777 0 0 0
nt@synapse_cleft 2472 0.0479615501 -0.0472681261 0.0187025054 0 0 0
nt@synapse_cleft 2480 -0.0111616915 -0.0174834143 0.00540840146 0 0 0
nt@synapse_cleft 2481 -0.0267792932 -0.0160335495 0.00269325964 0 0 0
nt@synapse_cleft 2483 0.0359047405 0.0233504387 0.0178248311 0 0 0
nt@synapse_cleft 2491 0.00972865648 0.000615150329 0.0166243054 0 0 0
nt@synapse_cleft 2493 0.0242447492 -0.0442869093 0.00510107296 0 0 0
nt@synapse_cleft 2498 0.013468696 -0.0150171693 0.00269663871 0 0 0
nt@synapse_cleft 2501 0.000222291418 0.0111069319 0.00066286122 0 0 0
nt@synapse_cleft 2502 0.0117811457 -0.0384773756 0.0196901313 0 0 0
nt@synapse_cleft 2509 -0.00638774009 -0.0201574038 0.0195156842 0 0 0
nt@synapse_cleft 2510 -0.00375890462 0.00212499284 0.0137816675 0 0 0
nt@synapse_cleft 2513 0.00384509408 0.00675043899 0.00461886141 0 0 0
nt@synapse_cleft 2517 -0.00487997519 -0.00405000333 0.01885335 0 0 0
nt@synapse_cleft 2520 0.0279665098 0.0223823139 0.00628041457 0 0 0
nt@synapse_cleft 2521 0.00422038537 0.0161321911 0.00506138089 0 0 0
nt@synapse_cleft 2525 0.0267921161 0.0133819819 0.00527651718 0 0 0
nt@synapse_cleft 2528 -0.0115919467 -0.000404299435 0.0133415774 0 0 0
nt@synapse_cleft 2539 -0.00695782709 0.0178541963 0.0130377014 0 0 0
nt@synapse_cleft 2542 0.0177000446 -0.0213412371 0.0189412166 0 0 0
nt@synapse_cleft 2549 -0.00691263447 0.0651403499 0.0160671176 0 0 0
nt@synapse_cleft 2550 0.0380328879 -0.0106211648 0.00488690347 0 0 0
nt@synapse_cleft 2555 0.053624053 -0.0197153055 0.000496480492 0 0 0
nt@synapse_cleft 2560 -0.0321953053 0.0169890124 0.0021816992 0 0 0
nt@synapse_cleft 2561 0.0227468041 0.0497153343 0.00697467505 0 0 0
nt@synapse_cleft 2563 0.00611079625 0.0171206664 0.0127518843 0 0 0
nt@synapse_cleft 2564 -0.0184502899 0.0457436315 0.00694245605 0 0 0
nt@synapse_cleft 2566 -0.00209264768 0.00179648333 0.00390682968 0 0 0
nt@synapse_cleft 2570 0.0113821735 0.00406888748 0.00760697252 0 0 0
nt@synapse_cleft 2571 0.0130447306 -0.0465045782 0.00873563446 0 0 0
nt@synapse_cleft 2577 0.00512711077 0.0272795658 0.0130824526 0 0 0
nt@synapse_cleft 2586 0.0481150614 -0.00735468815 0.0174424499 0 0 0
nt@synapse_cleft 2591 -0.00480021314 -0.00675014038 3.33264587e-05 0 0 0
nt@synapse_cleft 2593 0.0497036445 0.0515247955 0.0176539708 0 0 0
nt@synapse_cleft 2597 -0.0207064665 0.0082622651 0.00439903939 0 0 0
nt@synapse_cleft 2600 0.0146963446 0.0495829275 0.0121635893 0 0 0
nt@synapse_cleft 2603 0.0140026326 -0.0110692129 0.0150201222 0 0 0
nt@synapse_cleft 2604 0.0312078228 -0.00692990558 0.0062269121 0 0 0
nt@synapse_cleft 2610 0.00329760715 -0.0325988071 0.00211847941 0 0 0
nt@synapse_cleft 2613 -0.0350141037 -0.0270895834 0.0168975559 0 0 0
nt@synapse_cleft 2615 -0.00973667383 -0.0718242259 0.00989324648 0 0 0
nt@synapse_cleft 2617 -0.0149590037 0.0201739749 0.0162680468 0 0 0
nt@synapse_cleft 2623 -0.0169598668 -0.0284953581 0.00812062028 0 0 0
nt@synapse_cleft 2625 -0.0512710005 -0.0220546721 0.00217655603 0 0 0
nt@synapse_cleft 2628 0.0308092239 -0.0223814511 0.019011996 0 0 0
nt@synapse_cleft 2631 -0.00327494503 0.024172476 0.0132019011 0 0 0
nt@synapse_cleft 2639 0.0139871861 -0.0089350992 0.00360496998 0 0 0
nt@synapse_cleft 2641 -0.0236248845 -0.019474983 0.000873683124 0 0 0
nt@synapse_cleft 2645 0.00787465424 0.0270036829 0.000414726218 0 0 0
nt@synapse_cleft 2650 0.028278053 -0.00993132598 0.00613003291 0 0 0
nt@synapse_cleft 2652 -0.0136574242 0.00642522542 0.0107361397 0 0 0
nt@synapse_cleft 2660 -0.00906863007 -0.024274845 0.0173769472 0 0 0
nt@synapse_cleft 2670 -0.0326463904 -0.011325717 0.005445151 0 0 0
nt@synapse_cleft 2674 -0.0182766244 0.00220881575 0.00293017514 0 0 0
nt@synapse_cleft 2675 -0.0106774106 0.009307726 0.0123035601 0 0 0
nt@synapse_cleft 2680 -0.0581442717 -0.0247745804 0.0114631895 0 0 0
nt@synapse_cleft 2681 -0.0325938381 -0.0222962576 0.0129230334 0 0 0
nt@synapse_cleft 2688 -0.0557789109 0.0605277817 0.012241182 0 0 0
nt@synapse_cleft 2702 -0.00118030671 -0.00989629961 0.000471196611 0 0 0
nt@synapse_cleft 2708 -0.0388073127 -0.0011459873 0.00477141127 0 0 0
nt@synapse_cleft 2709 0.00147404973 0.00335297105 0.0132532634 0 0 0
nt@synapse_cleft 2710 -0.00518069609 -0.0187906045 0.0114337787 0 0 0
nt@synapse_cleft 2713 -0.00141993127 -0.0257017067 0.0126893652 0 0 0
nt@synapse_cleft 2714 0.0422146568 0.0239153946 0.0105807282 0 0 0
nt@synapse_cleft 2720 0.011444001 0.0143325484 0.00901924952 0 0 0
nt@synapse_cleft 2724 0.0064029091 -0.00978268122 0.00829136675 0 0 0
nt@synapse_cleft 2729 0.0302336948 -0.0120949576 0.0187718727 0 0 0
nt@synapse_cleft 2734 0.0351553403 0.00137134108 0.0156631259 0 0 0
nt@synapse_cleft 2739 0.0307603149 -0.0133652213 0.0114247605 0 0 0
nt@synapse_cleft 2743 -0.00357787592 -0.027494559 0.0184568793 0 0 0
nt@synapse_cleft 2750 0.0410452947 -0.0332069994 0.00729235933 0 0 0
nt@synapse_cleft 2752 -0.0190312739 -0.0115328103 0.0125374352 0 0 0
nt@synapse_cleft 2756 0.031158096 -0.0124493197 0.00522125703 0 0 0
nt@synapse_cleft 2758 -0.00317968524 -0.0135650697 0.016731796 0 0 0
nt@synapse_cleft 2766 -0.0440603486 0.0272052975 0.0191290374 0 0 0
nt@synapse_cleft 2775 0.0394038834 -0.019233323 0.0175508902 0 0 0
nt@synapse_cleft 2785 0.00430265178 0.0276284028 0.0105039056 0 0 0
nt@synapse_cleft 2798 -0.0267676435 0.0163410994 0.00984771853 0 0 0
nt@synapse_cleft 2807 -0.0158658021 0.0191361957 0.0109582537 0 0 0
nt@synapse_cleft 2808 0.0151380926 0.046797731 0.0106684715 0 0 0
nt@synapse_cleft 2815 -0.00219742334 0.00538470566 0.0195160519 0 0 0
nt@synapse_cleft 2820 0.0138978604 0.00129027486 0.0130413817 0 0 0
nt@synapse_cleft 2828 0.0243648628 -0.0500689238 0.000960531103 0 0 0
nt@synapse_cleft 2837 -0.00833240106 0.0083781654 0.0166176095 0 0 0
nt@synapse_cleft 2848 0.00968521788 0.0134264478 0.000438073527 0 0 0
nt@synapse_cleft 2854 0.0149970274 -0.00697044446 0.00348741896 0 0 0
nt@synapse_cleft 2855 -0.0223866881 -0.0229124608 0.00185998887 0 0 0
nt@synapse_cleft 2857 0.0209501591 -0.0281032735 0.0137638545 0 0 0
nt@synapse_cleft 2861 -0.027175007 -0.00291891675 0.00277995074 0 0 0
nt@synapse_cleft 2863 -0.0308935664 0.00993969455 0.0034475602 0 0 0
nt@synapse_cleft 2868 0.0054792332 0.0162094557 0.00332900362 0 0 0
nt@synapse_cleft 2871 0.00781562344 -0.0498752253 0.0165217304 0 0 0
nt@synapse_cleft 2875 0.00984943842 0.0125738789 0.0185314068 0 0 0
nt@synapse_cleft 2876 -0.0227102468 0.00131582586 0.0142536865 0 0 0
nt@synapse_cleft 2880 0.00549127535 0.0133042088 0.014078817 0 0 0
nt@synapse_cleft 2884 0.0392250778 -0.00634143946 0.017474564 0 0 0
nt@synapse_cleft 2887 0.00419291734 -0.0193474781 0.0187430026 0 0 0
nt@synapse_cleft 2894 0.0143753098 0.0159523235 0.00259358352 0 0 0
nt@synapse_cleft 2895 0.0669493641 -0.00292620938 0.0118632682 0 0 0
nt@synapse_cleft 2897 0.00565001835 -0.0322735891 0.0171217094 0 0 0
nt@synapse_cleft 2905 -0.0148625732 0.0260571018 0.0104443086 0 0 0
nt@synapse_cleft 2909 0.0321271446 -0.00681767801 0.0118863933 0 0 0
nt@synapse_cleft 2910 -0.0454712554 0.0159295657 0.0194732089 0 0 0
nt@synapse_cleft 2912 0.0203120828 -0.0117371838 0.00966052936 0 0 0
nt@synapse_cleft 2915 0.0149422716 -0.0291043263 0.0159149943 0 0 0
nt@synapse_cleft 2918 -0.00970488323 -0.061038511 0.0117003537 0 0 0
nt@synapse_cleft 2920 0.0151731624 -0.00823678026 0.0188274607 0 0 0
nt@synapse_cleft 2921 0.00132331137 0.040312194 0.0013209265 0 0 0
nt@synapse_cleft 2922 0.0704300005 -0.0214433347 0.0159723035 0 0 0
nt@synapse_cleft 2925 -0.0142472985 0.0195063307 0.0163438045 0 0 0
nt@synapse_cleft 2928 -0.00452716405 0.0561712028 0.00816590727 0 0 0
nt@synapse_cleft 2933 -0.0129120412 -0.00954074288 0.00753901513 0 0 0
nt@synapse_cleft 2935 -0.0287544073 -0.00507528792 0.015631717 0 0 0
nt@synapse_cleft 2940 0.00492897166 -0.0250447228 0.000983737402 0 0 0
nt@synapse_cleft 2945 -0.0265853008 -0.0156891038 0.012850105 0 0 0
nt@synapse_cleft 2946 0.0124620282 -0.00547502401 0.0112295957 0 0 0
nt@synapse_cleft 2955 -0.0269086905 -0.00876697714 0.0101869464 0 0 0
nt@synapse_cleft 2961 0.0752440176 -0.0301171991 0.00538733091 0 0 0
nt@synapse_cleft 2962 0.0169822854 0.0134929705 0.00952482754 0 0 0
nt@synapse_cleft 2967 -0.0169409116 -0.0525778004 0.00994563435 0 0 0
nt@synapse_cleft 2983 0.00969287192 -0.0492950558 0.00264334432 0 0 0
nt@synapse_cleft 2992 -0.0263081759 0.0212510844 0.00758966508 0 0 0
nt@synapse_cleft 2993 -0.00242332945 0.0439957608 0.00065980832 0 0 0
nt@synapse_cleft 2997 0.0267633913 -0.0164078508 0.00628085822 0 0 0
nt@synapse_cleft 3006 0.0205850722 0.0268904811 0.0080994899 0 0 0
nt@synapse_cleft 3008 0.0182487643 0.0567330548 0.0139520993 0 0 0
nt@synapse_cleft 3012 0.0245462219 -0.00622393734 0.0101319123 0 0 0
nt@synapse_cleft 3019 -0.0123512808 0.00208309481 0.0106175803 0 0 0
nt@synapse_cleft 3020 -0.0208261194 -0.0179154293 0.00308043535 0 0 0
nt@synapse_cleft 3024 0.0162285737 0.0192104914 0.00853831513 0 0 0
nt@synapse_cleft 3026 -0.0148164081 0.00685989489 0.0140245219 0 0 0
nt@synapse_cleft 3042 -0.0048864517 0.0127002456 0.014068969 0 0 0
nt@synapse_cleft 3047 0.0299586362 0.0469101753 0.003725289 0 0 0
nt@synapse_cleft 3057 0.0112937306 -0.0113384922 0.0161914702 0 0 0
nt@synapse_cleft 3061 0.00360633318 0.0319551888 0.0017718462 0 0 0
nt@synapse_cleft 3062 -0.00285477091 -0.0201759371 0.00394774194 0 0 0
nt@synapse_cleft 3069 0.0458487643 -0.0341033339 0.0125941925 0 0 0
nt@synapse_cleft 3073 0.00238080607 0.0335954105 0.00594686142 0 0 0
nt@synapse_cleft 3078 -0.0282244307 -0.0169336165 0.00517477115 0 0 0
nt@synapse_cleft 3082 0.017693889 0.0202222664 0.0184936496 0 0 0
nt@synapse_cleft 3089 -0.000144546922 -0.0110232491 0.00968511993 0 0 0
nt@synapse_cleft 3096 -0.00349568073 0.0361714823 0.000769050599 0 0 0
nt@synapse_cleft 3097 0.0391436671 0.0186060169 0.00529153212 0 0 0
nt@synapse_cleft 3099 -0.020156026 0.0177311835 0.00752870103 0 0 0
nt@synapse_cleft 3109 -0.0272088689 0.0205810636 0.0173634426 0 0 0
nt@synapse_cleft 3111 -0.011328236 -0.0111198506 0.0049606386 0 0 0
nt@synapse_cleft 3113 -0.0101942549 0.0235606532 0.0119447997 0 0 0
nt@synapse_cleft 3114 0.0193684386 0.0264697094 0.0190825761 0 0 0
nt@synapse_cleft 3122 -0.00952083829 -0.00280255158 0.00275407978 0 0 0
nt@synapse_cleft 3132 -0.0170022657 -0.00426673373 0.00203563563 0 0 0
nt@synapse_cleft 3134 0.0068882906 0.0285419694 0.0198117093 0 0 0
nt@synapse_cleft 3150 0.0242263276 -0.0720635165 0.014072588 0 0 0
nt@synapse_cleft 3155 -0.00255206021 0.017928043 0.0178071338 0 0 0
nt@synapse_cleft 3158 -0.0164138398 -0.00152774869 0.00126012214 0 0 0
nt@synapse_cleft 3159 -0.024945487 0.0189520719 0.0172335271 0 0 0
nt@synapse_cleft 3165 0.0201659813 0.000190367745 0.0104964559 0 0 0
nt@synapse_cleft 3167 0.00132260184 0.0229849555 0.0144828927 0 0 0
nt@synapse_cleft 3177 0.0196239453 -0.0379783831 0.000819972867 0 0 0
nt@synapse_cleft 3178 -0.0111725172 -0.0226916873 0.00104849306 0 0 0
nt@synapse_cleft 3179 0.01771257 -0.00879280581 0.00418532521 0 0 0
nt@synapse_cleft 3181 -0.000451271491 0.0269043217 0.00842422453 0 0 0
nt@synapse_cleft 3182 -0.00606765816 -0.0107127492 0.0161776834 0 0 0
nt@synapse_cleft 3183 -0.000550213716 -0.0261758293 0.0153872952 0 0 0
nt@synapse_cleft 3184 0.00590039241 0.0176855898 2.70139233e-05 0 0 0
nt@synapse_cleft 3185 -0.0031951837 -0.0133236411 0.00363203495 0 0 0
nt@synapse_cleft 3187 -0.0247859942 0.00962557014 0.0170485571 0 0 0
nt@synapse_cleft 3190 0.0229910098 0.00139149838 0.00419185892 0 0 0
nt@synapse_cleft 3199 -0.000648466503 0.0469352063 0.0123188518 0 0 0
nt@synapse_cleft 3202 0.00335974081 0.0345407843 0.0105561986 0 0 0
nt@synapse_cleft 3207 -0.0161292022 -0.00871664021 0.0131034645 0 0 0
nt@synapse_cleft 3211 0.0187322129 0.0101465817 0.00356461316 0 0 0
nt@synapse_cleft 3214 0.00188762905 -0.00143895686 0.0142702504 0 0 0
nt@synapse_cleft 3220 0.00351185557 0.0148882629 0.00324029259 0 0 0
nt@synapse_cleft 3222 -0.0496686893 -0.0186995986 0.00770886202 0 0 0
nt@synapse_cleft 3227 0.00467965421 0.00871491885 0.00762459658 0 0 0
nt@synapse_cleft 3230 -0.0715814306 -0.0238428612 0.00315071263 0 0 0
nt@synapse_cleft 3247 0.00962707951 -0.00859779484 0.0193770803 0 0 0
nt@synapse_cleft 3248 -0.0206364427 -0.0313593539 0.0178234275 0 0 0
nt@synapse_cleft 3249 -0.0115335891 0.00773607628 0.00101240354 0 0 0
nt@synapse_cleft 3275 -0.0032779673 -0.0050860042 0.0108552686 0 0 0
nt@synapse_cleft 3304 0.0257986539 0.065608503 0.0150939454 0 0 0
nt@synapse_cleft 3308 -0.0201784869 0.0346367441 0.00435918508 0 0 0
nt@synapse_cleft 3312 0.00180362643 0.000680253643 0.00254483898 0 0 0
nt@synapse_cleft 3313 -0.00518378996 -0.0153474012 0.0153625136 0 0 0
nt@synapse_cleft 3316 0.0195401446 -0.00402548875 0.0109919008 0 0 0
nt@synapse_cleft 3324 -0.0101431004 -0.00373044379 0.00650337867 0 0 0
nt@synapse_cleft 3326 0.00872650719 -0.0147961428 0.00367921236 0 0 0
nt@synapse_cleft 3327 -0.0032916959 -0.0349629668 0.0104593489 0 0 0
nt@synapse_cleft 3334 0.022370258 -0.000679041017 0.0102721722 0 0 0
nt@synapse_cleft 3335 0.035771312 0.00408657295 0.00947791755 0 0 0
nt@synapse_cleft 3338 0.0135791085 -0.0371878322 0.0137087072 0 0 0
nt@synapse_cleft 3341 0.0235092258 0.0053431654 0.00587289252 0 0 0
nt@synapse_cleft 3342 0.0074480277 -0.0126946197 0.0168847152 0 0 0
nt@synapse_cleft 3347 0.0180828674 -0.0398235315 0.00710328737 0 0 0
nt@synapse_cleft 3354 -0.0151906981 -0.0193180086 0.00944525242 0 0 0
nt@synapse_cleft 3367 0.00526475375 0.0214299879 0.0190771527 0 0 0
nt@synapse_cleft 3372 -0.0458520471 -0.020061248 0.0175745397 0 0 0
nt@synapse_cleft 3375 0.0436650788 0.022254269 0.0159716964 0 0 0
nt@synapse_cleft 3378 0.0133257383 0.0378441582 0.00240496839 0 0 0
nt@synapse_cleft 3394 -0.00673048075 -0.0158018967 0.0156270179 0 0 0
nt@synapse_cleft 3401 0.0419903989 -0.0103089489 0.0143683338 0 0 0
nt@synapse_cleft 3402 -0.00693490074 -0.0173640397 0.00215201355 0 0 0
nt@synapse_cleft 3404 0.0179537243 -0.0206961361 0.00482554616 0 0 0
nt@synapse_cleft 3405 0.0261720022 0.0318713081 0.00961283286 0 0 0
nt@synapse_cleft 3407 0.0130384612 0.0505396983 0.00380940097 0 0 0
nt@synapse_cleft 3413 0.0234983611 0.0198834914 0.00244685328 0 0 0
nt@synapse_cleft 3415 -0.0178353351 0.0187967297 0.016575008 0 0 0
nt@synapse_cleft 3419 -0.0289666766 0.0248841815 0.00262424214 0 0 0
nt@synapse_cleft 3429 0.0408808861 -0.0168600573 0.0136452052 0 0 0
nt@synapse_cleft 3432 0.0470990906 -0.0623901211 0.00330854717 0 0 0
nt@synapse_cleft 3445 0.0122393241 0.0189344462 0.0167573324 0 0 0
nt@synapse_cleft 3451 0.0214482479 0.0138077236 0.00282071901 0 0 0
nt@synapse_cleft 3455 0.000761006035 -0.00768437339 0.0129929832 0 0 0
nt@synapse_cleft 3467 -0.0658707744 0.00675699864 0.0105130276 0 0 0
nt@synapse_cleft 3470 0.0222812624 -0.0153101902 0.0179561891 0 0 0
nt@synapse_cleft 3472 -0.0201839033 0.0158809232 0.017787732 0 0 0
nt@synapse_cleft 3474 0.0308005088 -0.000867237724 0.000413018944 0 0 0
nt@synapse_cleft 3482 -0.068381273 -0.048601672 0.0126979251 0 0 0
nt@synapse_cleft 3484 -0.010532222 0.0170885252 0.0106676789 0 0 0
nt@synapse_cleft 3496 -0.00213897955 -0.00394622247 0.0157862693 0 0 0
nt@synapse_cleft 3500 0.0199691667 -0.0313124932 0.018635244 0 0 0
nt@synapse_cleft 3502 0.0341010102 0.0298199712 0.00251418867 0 0 0
nt@synapse_cleft 3507 -0.0181049092 -0.00316983585 0.0152336407 0 0 0
nt@synapse_cleft 3511 0.0235357682 -0.0241790518 0.0129865093 0 0 0
nt@synapse_cleft 3514 -0.0055102961 -0.0166331699 0.011733161 0 0 0
nt@synapse_cleft 3519 0.0419982165 -0.0342293929 0.0176687446 0 0 0
nt@synapse_cleft 3525 -0.0100526643 -0.0149549724 0.00394709592 0 0 0
nt@synapse_cleft 3526 0.0140648444 -0.0465826053 0.000667086521 0 0 0
nt@synapse_cleft 3535 -0.000647823815 -0.0061239762 0.00336255353 0 0 0
nt@synapse_cleft 3536 -0.00573312306 0.00991098022 0.0102096586 0 0 0
nt@synapse_cleft 3538 -0.0202877279 0.0126028539 0.00144147384 0 0 0
nt@synapse_cleft 3542 0.00395979727 0.0419229928 0.00162519581 0 0 0
nt@synapse_cleft 3543 -0.0212759402 -0.00989221464 0.00544342763 0 0 0
nt@synapse_cleft 3546 0.00475884167 0.0134462652 0.0126520822 0 0 0
nt@synapse_cleft 3561 -0.013672787 0.0152305493 0.00452120473 0 0 0
nt@synapse_cleft 3562 -0.0626544689 -0.00576840261 0.00196922684 0 0 0
nt@synapse_cleft 3563 0.01139601 -0.0123200366 0.0176493988 0 0 0
nt@synapse_cleft 3565 0.0283562837 -0.0297582684 0.00773562063 0 0 0
nt@synapse_cleft 3566 -0.0041519537 0.0511054261 0.000292058655 0 0 0
nt@synapse_cleft 3567 0.00714979906 0.00842078477 0.0110034097 0 0 0
nt@synapse_cleft 3568 0.0310648487 -0.035900192 0.0141581568 0 0 0
nt@synapse_cleft 3569 0.0269033599 -0.0146709261 0.00875156493 0 0 0
nt@synapse_cleft 3575 -0.0157325422 0.00704407687 0.00050141715 0 0 0
nt@synapse_cleft 3576 0.0435929465 -0.00505997328 0.0133881773 0 0 0
nt@synapse_cleft 3579 -5.40775373e-05 -0.0249499862 0.00322987962 0 0 0
nt@synapse_cleft 3583 -0.0124397594 0.00833810628 0.0104515906 0 0 0
nt@synapse_cleft 3592 0.0359483335 0.032744642 0.0186792662 0 0 0
nt@synapse_cleft 3597 0.0150862548 -0.043189327 0.0154989247 0 0 0
nt@synapse_cleft 3602 -0.0417178953 -0.0110809534 0.0106232129 0 0 0
nt@synapse_cleft 3603 -0.0112288352 0.0293203645 0.0153918933 0 0 0
nt@synapse_cleft 3606 -0.0175308059 0.000589895766 0.00957465933 0 0 0
nt@synapse_cleft 3610 -0.00159773462 0.0098056886 0.00410835339 0 0 0
nt@synapse_cleft 3611 0.0190982299 -0.00682077222 0.0116385063 0 0 0
nt@synapse_cleft 3616 -0.0231290099 0.0396852062 0.0190275199 0 0 0
nt@synapse_cleft 3617 0.00344406944 -0.0539816505 0.0138008116 0 0 0
nt@synapse_cleft 3620 0.00821509964 0.0197647474 0.0161715137 0 0 0
nt@synapse_cleft 3625 0.0287382079 0.00707724112 0.0118496619 0 0 0
nt@synapse_cleft 3630 0.0165259461 0.019606716 0.0157003168 0 0 0
nt@synapse_cleft 3635 -0.0106088926 0.0101429966 0.000760538942 0 0 0
nt@synapse_cleft 3636 -0.0290440368 -0.00338885217 0.0180109639 0 0 0
nt@synapse_cleft 3637 0.0382373546 0.02479331 0.00116009753 0 0 0
nt@synapse_cleft 3640 -0.0137087625 0.00405550785 0.00869948032 0 0 0
nt@synapse_cleft 3642 -0.0209045456 0.0107182241 0.0123259587 0 0 0
nt@synapse_cleft 3645 -0.00105311477 -0.0173219934 0.000630570915 0 0 0
nt@synapse_cleft 3656 0.0217378375 -0.00989699787 0.00644481327 0 0 0
nt@synapse_cleft 3658 0.0168263512 -0.0218384792 0.0140673711 0 0 0
nt@synapse_cleft 3661 0.0261615523 0.00843404097 0.0148527851 0 0 0
nt@synapse_cleft 3664 0.0428542279 -0.0263750629 0.0109259813 0 0 0
nt@synapse_cleft 3667 -0.0239186743 0.00566238453 0.00991051875 0 0 0
nt@synapse_cleft 3670 0.0277538622 -0.0269726211 0.0186506326 0 0 0
nt@synapse_cleft 3681 0.0411777016 -0.0157851842 0.00904219634 0 0 0
nt@synapse_cleft 3689 -0.00773933186 -0.0105170288 0.0186093815 0 0 0
nt@synapse_cleft 3690 0.0177295826 -0.0206855675 0.017071753 0 0 0
nt@synapse_cleft 3693 -0.0590656764 -0.0389186888 0.0069133472 0 0 0
nt@synapse_cleft 3706 0.0324592638 5.60853511e-05 0.0185327806 0 0 0
nt@synapse_cleft 3707 -0.0457767366 -0.00956502825 0.0151821369 0 0 0
nt@synapse_cleft 3713 0.0323011285 -0.0196025275 0.0127925547 0 0 0
nt@synapse_cleft 3714 -0.0619525349 -0.0101271883 0.00562722167 0 0 0
nt@synapse_cleft 3726 0.00519044062 -0.0605766579 0.0104404122 0 0 0
nt@synapse_cleft 3728 0.00413512316 0.0234737219 0.005037362 0 0 0
nt@synapse_cleft 3730 0.0205012459 0.0234029471 0.0168190131 0 0 0
nt@synapse_cleft 3731 0.00167265327 0.00622346657 0.0157960712 0 0 0
nt@synapse_cleft 3737 0.00550168639 0.0173492193 0.00970521677 0 0 0
nt@synapse_cleft 3738 -8.95022242e-05 0.0232726781 0.0165485883 0 0 0
nt@synapse_cleft 3739 0.00878002113 0.0505657469 0.00956694886 0 0 0
nt@synapse_cleft 3745 0.000173131022 0.0197316574 0.00703472771 0 0 0
nt@synapse_cleft 3751 0.00620588417 -0.00610735316 0.00929018492 0 0 0
nt@synapse_cleft 3758 -0.025618875 -0.0344668108 0.00480832811 0 0 0
nt@synapse_cleft 3759 -0.00249272817 -0.0237179703 0.00644092604 0 0 0
nt@synapse_cleft 3760 -0.0162472562 0.0406711798 0.00357957152 0 0 0
nt@synapse_cleft 3763 0.0526194549 0.0361991935 0.00638481132 0 0 0
nt@synapse_cleft 3768 0.0088816675 -0.0243024517 0.0165132968 0 0 0
nt@synapse_cleft 3770 0.0147558988 0.00724520005 0.0192608798 0 0 0
nt@synapse_cleft 3771 0.0167110484 0.00344095984 0.0174298533 0 0 0
nt@synapse_cleft 3775 0.00518342576 0.0042510085 0.0156798894 0 0 0
nt@synapse_cleft 3783 -0.0206985387 -0.0112231057 0.0189241906 0 0 0
nt@synapse_cleft 3788 -0.0272487547 -0.010819414 0.00568266057 0 0 0
nt@synapse_cleft 3793 -0.017763975 -0.0222112683 0.00691720109 0 0 0
nt@synapse_cleft 3800 0.036808221 0.00130949741 0.0121613326 0 0 0
nt@synapse_cleft 3802 0.0261980915 0.0134215066 0.00800037181 0 0 0
nt@synapse_cleft 3811 -0.0285340188 -0.00365531207 0.0175114419 0 0 0
nt@synapse_cleft 3827 0.00638681023 0.0298371742 0.00779655285 0 0 0
nt@synapse_cleft 3831 0.00415136844 -0.0376588923 0.000701563137 0 0 0
nt@synapse_cleft 3834 0.0449269535 -0.0181617615 0.0128601862 0 0 0
nt@synapse_cleft 3835 0.0153369815 -0.0400151119 0.0133124962 0 0 0
nt@synapse_cleft 3841 0.0134062218 -0.0191067917 0.0116865059 0 0 0
nt@synapse_cleft 3844 -0.0119837227 -0.00876705258 0.00289065836 0 0 0
nt@synapse_cleft 3846 -0.0223661522 0.0141373146 0.00537013616 0 0 0
nt@synapse_cleft 3848 0.0272550058 0.0151990044 0.0128384362 0 0 0
nt@synapse_cleft 3850 -0.0285434836 0.0105833798 0.0131417482 0 0 0
nt@synapse_cleft 3859 0.0503456918 -0.00283799832 0.0154248731 0 0 0
nt@synapse_cleft 3879 0.0183095264 -0.0346481242 0.00427563448 0 0 0
nt@synapse_cleft 3886 0.0184853578 0.0391038295 0.0143289512 0 0 0
nt@synapse_cleft 3891 -0.00370347122 -0.0153681349 0.0100232051 0 0 0
nt@synapse_cleft 3902 -0.00945416349 -0.00223188878 0.0105046298 0 0 0
nt@synapse_cleft 3907 -0.0235573369 -0.0179903005 0.0013478335 0 0 0
nt@synapse_cleft 3909 0.00848064463 0.0385685685 0.00927849183 0 0 0
nt@synapse_cleft 3917 -0.0032232323 -0.0260765387 0.00590691183 0 0 0
nt@synapse_cleft 3918 -0.00409853114 -0.0126922047 0.00458922978 0 0 0
nt@synapse_cleft 3921 0.0206919661 0.034267063 0.0157389858 0 0 0
nt@synapse_cleft 3927 0.00786677997 0.0263200943 0.00511449945 0 0 0
nt@synapse_cleft 3932 0.0106405151 -0.00924810996 0.00582942668 0 0 0
nt@synapse_cleft 3940 -0.000636214999 -0.0284733204 0.00285708402 0 0 0
nt@synapse_cleft 3941 -0.0251608149 0.0119100551 0.000453668062 0 0 0
nt@synapse_cleft 3949 -0.0218956788 0.00350439197 0.000913101339 0 0 0
nt@synapse_cleft 3952 -0.0191520638 0.00989888897 0.00882774789 0 0 0
nt@synapse_cleft 3953 0.0125821062 -0.016494642 6.20071896e-05 0 0 0
nt@synapse_cleft 3956 -0.0163520496 -0.0190935166 0.00990460412 0 0 0
nt@synapse_cleft 3957 0.0355004825 -0.000110721604 0.0177768399 0 0 0
nt@synapse_cleft 3958 0.0206488529 0.0139344902 0.0119903858 0 0 0
nt@synapse_cleft 3962 -0.0279003654 0.0173228528 0.00936510385 0 0 0
nt@synapse_cleft 3963 0.0189916526 0.0424676937 0.0180557176 0 0 0
nt@synapse_cleft 3965 -0.0283841681 -0.00247652179 0.00692227409 0 0 0
nt@synapse_cleft 3967 0.0121488865 -0.0185366661 0.00326802711 0 0 0
nt@synapse_cleft 3968 0.0123842101 -0.0109722283 0.017382082 0 0 0
nt@synapse_cleft 3969 0.00623388529 -0.0217436692 0.00811343824 0 0 0
nt@synapse_cleft 3973 0.0205976071 -0.00781796428 0.0169172719 0 0 0
nt@synapse_cleft 3974 -0.0311146781 0.0441563387 0.00737307773 0 0 0
nt@synapse_cleft 3977 0.000373306421 0.0255989747 0.00210262482 0 0 0
nt@synapse_cleft 3978 0.0151620698 0.00599381109 0.0162523786 0 0 0
nt@synapse_cleft 3983 -0.0172405067 -0.037254659 0.00208696354 0 0 0
nt@synapse_cleft 3988 -0.00955210216 -0.0226023239 0.0180442558 0 0 0
nt@synapse_cleft 3989 0.046397322 -0.00340258103 0.00931203523 0 0 0
nt@synapse_cleft 3991 0.0735901351 -0.0248895428 0.00128356847 0 0 0
nt@synapse_cleft 3992 -0.000554664986 0.00648830961 0.0184618459 0 0 0
nt@synapse_cleft 3993 -0.0448145555 0.00732521466 0.0162661247 0 0 0
nt@synapse_cleft 3997 -0.0597558244 -0.00269942684 0.015828001 0 0 0
nt@synapse_cleft 3999 -0.0418250798 -0.00657463528 0.0195637348 0 0 0
nt@synapse_cleft 4009 -0.000737228346 -0.0207649226 0.00662973599 0 0 0
nt@synapse_cleft 4011 0.0153662327 0.00851441277 0.00297185124 0 0 0
nt@synapse_cleft 4016 0.000652816366 0.0545217457 0.00668946883 0 0 0
nt@synapse_cleft 4018 0.011938932 0.0098849732 0.00602571536 0 0 0
nt@synapse_cleft 4024 -0.00972953445 0.0356377844 0.0047842671 0 0 0
nt@synapse_cleft 4025 -0.0308944945 -0.00314627311 0.00285836317 0 0 0
nt@synapse_cleft 4027 0.00639992581 -0.0216782982 0.00216235941 0 0 0
nt@synapse_cleft 4028 -0.0226442171 0.0286936848 0.0117467991 0 0 0
nt@synapse_cleft 4033 -0.0132554178 -0.0241005782 0.00918985348 0 0 0
nt@synapse_cleft 4037 -0.0253095883 0.0278101515 0.0123017934 0 0 0
nt@synapse_cleft 4040 0.00985048928 0.0190555241 0.0149374093 0 0 0
nt@synapse_cleft 4047 -0.00714458746 0.0160967336 0.0109929117 0 0 0
nt@synapse_cleft 4049 0.0244203337 0.00401866817 0.0126296649 0 0 0
nt@synapse_cleft 4051 0.0162192429 0.0210978348 0.014488268 0 0 0
nt@synapse_cleft 4064 0.010536784 0.00692552182 0.00467930787 0 0 0
nt@synapse_cleft 4070 -0.0101776648 0.0143637872 0.0104724641 0 0 0
nt@synapse_cleft 4071 -0.03712039 -0.0340572404 0.0171537796 0 0 0
nt@synapse_cleft 4087 -0.00457132006 0.0373929496 0.00447397699 0 0 0
nt@synapse_cleft 4094 0.0360695556 -0.030652607 0.0072600461 0 0 0
nt@synapse_cleft 4095 0.0229898828 0.0138683388 0.015505697 0 0 0
nt@synapse_cleft 4099 -0.00838529372 0.0249922314 0.00484707526 0 0 0
nt@synapse_cleft 4102 0.0288435209 -0.0248182145 0.0127902618 0 0 0
nt@synapse_cleft 4103 -0.00468043122 -0.00601872342 0.0051746109 0 0 0
nt@synapse_cleft 4106 0.0192357039 0.0109702513 0.00248744775 0 0 0
nt@synapse_cleft 4110 -0.025555767 0.0229793652 0.00787175807 0 0 0
nt@synapse_cleft 4111 0.0496809206 0.00630532131 0.000157391813 0 0 0
nt@synapse_cleft 4115 -0.00354304289 0.0226430055 0.010161611 0 0 0
nt@synapse_cleft 4116 0.00900504111 0.0020382832 0.00842288182 0 0 0
nt@synapse_cleft 4119 0.0194206671 -0.0277188086 0.017830632 0 0 0
nt@synapse_cleft 4123 0.0019657164 0.0160152262 0.0163261863 0 0 0
nt@synapse_cleft 4126 0.0236310336 -0.0249417176 0.0138154074 0 0 0
nt@synapse_cleft 4129 -0.0183080021 0.00682451204 0.00915602075 0 0 0
nt@synapse_cleft 4131 -0.0233857022 0.0217026689 0.0166720127 0 0 0
nt@synapse_cleft 4132 0.0185222004 0.0177145631 0.0177104791 0 0 0
nt@synapse_cleft 4135 0.00600288514 -0.0128534877 0.00129850112 0 0 0
nt@synapse_cleft 4144 0.0174127177 -0.0100566707 0.00355296975 0 0 0
nt@synapse_cleft 4150 -0.0416135669 -0.0593964007 0.00538753872 0 0 0
nt@synapse_cleft 4153 -0.000641267661 -0.0177590127 0.00484408242 0 0 0
nt@synapse_cleft 4155 0.0127060808 -0.0479031024 0.0192102302 0 0 0
nt@synapse_cleft 4156 0.0330490584 0.00678685013 0.00968113796 0 0 0
nt@synapse_cleft 4157 0.0134118127 0.0142263565 0.0181820831 0 0 0
nt@synapse_cleft 4158 0.00383600957 -0.00174659997 0.0123877359 0 0 0
nt@synapse_cleft 4162 0.0273366409 -0.0199093444 0.00763145013 0 0 0
nt@synapse_cleft 4163 -0.00649346684 0.0339960095 0.00389403121 0 0 0
nt@synapse_cleft 4170 -0.0561228992 -0.00166618854 0.00974387224 0 0 0
nt@synapse_cleft 4177 -0.0416960853 0.0566780398 0.00812059841 0 0 0
nt@synapse_cleft 4178 -0.0147524775 -0.0460988053 0.00882430524 0 0 0
nt@synapse_cleft 4184 0.00405550937 -0.0162879136 0.00334875976 0 0 0
nt@synapse_cleft 4187 -0.0268133087 -0.0097616061 0.0139953953 0 0 0
nt@synapse_cleft 4193 -0.00860142362 -0.031642873 0.0176974334 0 0 0
nt@synapse_cleft 4196 -0.0227848117 0.00812289193 0.00294489615 0 0 0
nt@synapse_cleft 4210 0.0155322262 0.00129757028 0.0138358484 0 0 0
nt@synapse_cleft 4214 -0.0355584666 0.00674034206 0.0144624697 0 0 0
nt@synapse_cleft 4215 0.0219870661 -0.0531309095 0.00241492631 0 0 0
nt@synapse_cleft 4220 0.00397322888 -0.020771383 0.016572011 0 0 0
nt@synapse_cleft 4228 0.0340682506 -0.00958974573 0.0105721951 0 0 0
nt@synapse_cleft 4229 -0.0176414961 -0.0162639327 0.0189416556 0 0 0
nt@synapse_cleft 4230 -0.0183350736 0.0348743789 0.0101119756 0 0 0
nt@synapse_cleft 4233 0.0195138473 0.0245985961 0.0150787887 0 0 0
nt@synapse_cleft 4234 -0.00392266349 -0.0150989906 0.00341712602 0 0 0
nt@synapse_cleft 4236 -0.00457637308 0.0170081432 0.0169250281 0 0 0
nt@synapse_cleft 4237 0.00595689534 -0.0168055606 0.0198856284 0 0 0
nt@synapse_cleft 4238 -0.0195210785 -0.0276585089 0.000717068815 0 0 0
nt@synapse_cleft 4241 -0.0471779079 0.00859779645 0.00441596302 0 0 0
nt@synapse_cleft 4242 0.0200076324 -0.00797193579 0.0192654604 0 0 0
nt@synapse_cleft 4243 0.0213366038 0.000832751274 0.0139945039 0 0 0
nt@synapse_cleft 4252 0.0441273907 -0.00621673358 0.0118120741 0 0 0
nt@synapse_cleft 4254 -0.00577530377 0.0363806714 0.00886422925 0 0 0
nt@synapse_cleft 4255 -0.0214891804 -0.0378086509 0.0175681115 0 0 0
nt@synapse_cleft 4271 0.0085981417 -0.0117156935 0.0162783235 0 0 0
nt@synapse_cleft 4272 -0.00765361274 0.0276260399 0.00979883679 0 0 0
nt@synapse_cleft 4279 0.0105169427 -0.0296116604 0.0177936628 0 0 0
nt@synapse_cleft 4283 -0.0205537036 -0.00696931402 0.00670361555 0 0 0
nt@synapse_cleft 4284 0.0438442755 -0.0168848191 0.00379328139 0 0 0
nt@synapse_cleft 4285 -0.0336508562 0.0510600751 0.00568749179 0 0 0
nt@synapse_cleft 4288 0.0189097046 -0.0215461318 0.0189531408 0 0 0
nt@synapse_cleft 4293 0.00123042831 -0.0197587877 0.011372135 0 0 0
nt@synapse_cleft 4297 0.0385608847 -0.0190405339 0.00391302692 0 0 0
nt@synapse_cleft 4301 0.00816858053 -0.00781219509 0.00456861419 0 0 0
nt@synapse_cleft 4312 -0.0223922131 -0.0229302178 0.0127033055 0 0 0
nt@synapse_cleft 4317 -0.0147284777 0.0320453449 0.00894011415 0 0 0
nt@synapse_cleft 4326 0.0243925097 -0.0101639519 0.0096138651 0 0 0
nt@synapse_cleft 4330 -0.0189630853 0.00760983088 0.0132543639 0 0 0
nt@synapse_cleft 4334 0.00455947034 -0.00111115705 0.000735785497 0 0 0
nt@synapse_cleft 4339 -0.00352760418 -0.011930904 0.00613905483 0 0 0
nt@synapse_cleft 4343 -0.0150287831 -0.0410464635 0.0118824241 0 0 0
nt@synapse_cleft 4346 -0.00144683825 -0.0108059319 0.0123350716 0 0 0
nt@synapse_cleft 4351 0.0470731201 0.00717214306 0.00369644792 0 0 0
nt@synapse_cleft 4359 0.0218642511 0.0174929916 0.000573170413 0 0 0
nt@synapse_cleft 4360 0.0232967485 0.00483157419 0.0186341206 0 0 0
nt@synapse_cleft 4363 -0.0388733758 0.0097298826 0.00995055639 0 0 0
nt@synapse_cleft 4365 0.0191590398 0.0136233312 0.0121609866 0 0 0
nt@synapse_cleft 4372 -0.000626417706 -0.018600891 0.00177965274 0 0 0
nt@synapse_cleft 4374 -0.0161656638 -0.00748533105 0.0151187883 0 0 0
nt@synapse_cleft 4376 -0.025509194 -0.00517040302 0.00629828834 0 0 0
nt@synapse_cleft 4381 -0.01565455 -0.0412160854 0.00601279131 0 0 0
nt@synapse_cleft 4386 -0.021004459 -0.0320226889 0.00438198875 0 0 0
nt@synapse_cleft 4391 0.0173013086 -0.0313934526 0.0118939726 0 0 0
nt@synapse_cleft 4392 -0.0160463264 -0.00139492537 0.00109966256 0 0 0
nt@synapse_cleft 4394 0.0121233676 -0.00922333277 0.000266079925 0 0 0
nt@synapse_cleft 4395 0.025406784 -0.0344636497 0.0161275355 0 0 0
nt@synapse_cleft 4396 0.0126440547 -0.0418579477 0.00739490209 0 0 0
nt@synapse_cleft 4398 -0.0142227809 0.0142965359 0.0183559085 0 0 0
nt@synapse_cleft 4399 0.0301158395 0.0301398469 0.0152721253 0 0 0
nt@synapse_cleft 4403 -0.0232342495 -0.0140575814 0.0139033762 0 0 0
nt@synapse_cleft 4405 -0.0300675958 -0.0194128202 0.00710079933 0 0 0
nt@synapse_cleft 4407 0.0343292211 -0.0398432851 0.0160135916 0 0 0
nt@synapse_cleft 4414 0.0099705666 -0.0219371317 0.00323049449 0 0 0
nt@synapse_cleft 4416 -0.0146117948 0.00027948858 0.0141907282 0 0 0
nt@synapse_cleft 4423 0.0298825851 -0.0119697991 0.0146449888 0 0 0
nt@synapse_cleft 4424 -0.0237484802 -0.00665331616 0.00146427704 0 0 0
nt@synapse_cleft 4426 0.0126453807 -0.0149393158 0.0143603358 0 0 0
nt@synapse_cleft 4430 -0.0103987709 0.00135637931 0.00685376129 0 0 0
nt@synapse_cleft 4431 0.0121871895 -0.0193241345 0.00680332049 0 0 0
nt@synapse_cleft 4434 0.024051816 -0.0339084322 0.0188094129 0 0 0
nt@synapse_cleft 4436 0.0251492402 0.0230951852 0.011400469 0 0 0
nt@synapse_cleft 4446 0.00846808436 0.0407266912 0.0180719285 0 0 0
nt@synapse_cleft 4449 0.0315289294 0.0466327015 0.0168859461 0 0 0
nt@synapse_cleft 4453 -0.0350420011 0.0230164048 0.0119274045 0 0 0
nt@synapse_cleft 4464 0.00375129078 -0.0275896827 0.0159985183 0 0 0
nt@synapse_cleft 4470 -0.00802366021 -0.0279647672 0.0188192291 0 0 0
nt@synapse_cleft 4473 -0.00481104069 -0.0122451982 0.000465525279 0 0 0
nt@synapse_cleft 4478 -0.013600521 0.0281145849 0.0188286614 0 0 0
nt@synapse_cleft 4480 0.0103230966 0.0282541003 0.0174375969 0 0 0
nt@synapse_cleft 4482 -0.0190487788 -0.00183372965 0.00656784082 0 0 0
nt@synapse_cleft 4485 0.0194790062 -0.00965707285 0.00103598607 0 0 0
nt@synapse_cleft 4488 0.0234917112 0.00273620816 0.0199663789 0 0 0
nt@synapse_cleft 4489 0.0146264001 -0.00259780491 0.00491436838 0 0 0
nt@synapse_cleft 4496 -0.0571677775 0.0387272938 0.0135262971 0 0 0
nt@synapse_cleft 4499 -0.00851765898 0.00207215384 0.0143213107 0 0 0
nt@synapse_cleft 4501 0.00603177252 0.00769598227 0.0152762019 0 0 0
nt@synapse_cleft 4514 -0.00324834952 0.0168702465 0.00703845418 0 0 0
nt@synapse_cleft 4517 -0.0408702317 0.0310096887 0.000903194102 0 0 0
nt@synapse_cleft 4524 -0.00292359108 -0.039010838 0.0158935784 0 0 0
nt@synapse_cleft 4527 0.0302367977 -0.0219630675 0.0102797968 0 0 0
nt@synapse_cleft 4538 -0.0299696897 -0.034272348 0.00782225893 0 0 0
nt@synapse_cleft 4540 0.0246698717 -0.00427671203 0.0104219814 0 0 0
nt@synapse_cleft 4542 0.00817028624 0.0293187735 0.0020520764 0 0 0
nt@synapse_cleft 4545 -0.0193923153 0.0242894611 0.0172478503 0 0 0
nt@synapse_cleft 4551 -0.0121966548 0.0230998881 0.0192632535 0 0 0
nt@synapse_cleft 4553 -0.0282415809 0.00531204816 0.00874304105 0 0 0
nt@synapse_cleft 4559 -0.0167574029 0.0301743797 0.0123391179 0 0 0
nt@synapse_cleft 4565 -0.0418171704 -0.0177989365 0.0116859318 0 0 0
nt@synapse_cleft 4572 0.00380509539 -0.00540927128 0.00960125567 0 0 0
nt@synapse_cleft 4574 0.0301733835 -0.0202710191 0.00630339213 0 0 0
nt@synapse_cleft 4576 -0.0440952674 -0.0275665155 0.00940664308 0 0 0
nt@synapse_cleft 4583 -0.00547814678 -0.00283805995 0.00686430529 0 0 0
nt@synapse_cleft 4587 0.0174575024 -0.000300764504 0.0166992688 0 0 0
nt@synapse_cleft 4590 -0.0422206227 -0.0253287763 0.0100925937 0 0 0
nt@synapse_cleft 4593 -0.0424780818 0.0486157744 0.0159523422 0 0 0
nt@synapse_cleft 4594 0.0038591012 0.000202724006 0.0023638977 0 0 0
nt@synapse_cleft 4595 0.036197916 -0.0312411144 0.017505547 0 0 0
nt@synapse_cleft 4600 -0.0368966214 0.00624756551 0.00588231188 0 0 0
nt@synapse_cleft 4613 0.0569936796 -0.0072517891 0.000242214865 0 0 0
nt@synapse_cleft 4620 0.0106757669 -0.0075784669 0.0123956859 0 0 0
nt@synapse_cleft 4622 0.0518062412 0.0453485519 0.00312987087 0 0 0
nt@synapse_cleft 4624 0.0202797693 -0.0135425717 0.0139233212 0 0 0
nt@synapse_cleft 4626 0.0238011731 0.00146377771 0.0193998058 0 0 0
nt@synapse_cleft 4628 -0.000693186409 0.0108063279 0.00954358682 0 0 0
nt@synapse_cleft 4654 0.00967062603 -0.0328359407 0.0132418813 0 0 0
nt@synapse_cleft 4658 -0.0309809401 0.0272979247 0.00915074411 0 0 0
nt@synapse_cleft 4659 -0.0502115142 0.0196461805 0.0167037017 0 0 0
nt@synapse_cleft 4660 0.0328853303 -0.0335424235 0.00256706971 0 0 0
nt@synapse_cleft 4661 0.0151178632 -0.038548548 0.00138287413 0 0 0
nt@synapse_cleft 4664 0.00838709975 -0.00804849039 0.00257839005 0 0 0
nt@synapse_cleft 4666 0.0615879404 0.0245522812 0.0179854564 0 0 0
nt@synapse_cleft 4671 -0.00419520704 -0.0177122485 0.00743174306 0 0 0
nt@synapse_cleft 4681 0.0130200273 -0.0249370614 0.0133676849 0 0 0
nt@synapse_cleft 4687 0.00834280811 -0.00433806175 0.0103637099 0 0 0
nt@synapse_cleft 4699 -0.0345601286 0.0142237168 0.0038597561 0 0 0
nt@synapse_cleft 4700 -0.0326060517 0.0578011502 0.0194258443 0 0 0
nt@synapse_cleft 4701 0.0200126994 0.0198836038 0.0159313408 0 0 0
nt@synapse_cleft 4706 0.00453576165 -0.00736311797 0.00315973724 0 0 0
nt@synapse_cleft 4709 -0.00942422121 0.00854813126 0.00310655993 0 0 0
nt@synapse_cleft 4710 -0.0201907164 -0.0467474359 0.00243794176 0 0 0
nt@synapse_cleft 4718 0.04532636 0.0121832117 0.00604027177 0 0 0
nt@synapse_cleft 4732 -0.0171906776 0.0169475209 0.0156836261 0 0 0
nt@synapse_cleft 4736 0.00111560546 -4.39247978e-05 0.00188318539 0 0 0
nt@synapse_cleft 4746 -0.0464935675 -0.00437327868 0.00544311645 0 0 0
nt@synapse_cleft 4750 0.00959063562 -0.0625705372 0.00970090648 0 0 0
nt@synapse_cleft 4753 -0.015762359 -0.00341872971 0.00688729342 0 0 0
nt@synapse_cleft 4754 -0.0116576765 0.00961939528 0.0100892367 0 0 0
nt@synapse_cleft 4756 -0.0156911985 0.0110060422 0.0115378628 0 0 0
nt@synapse_cleft 4758 -0.0400150005 0.0173995485 0.0149558378 0 0 0
nt@synapse_cleft 4764 0.010948652 -0.0158212583 0.00681086332 0 0 0
nt@synapse_cleft 4767 0.0033283938 0.0199963572 0.00463624243 0 0 0
nt@synapse_cleft 4779 0.0256265334 -0.0363800455 0.00974099649 0 0 0
nt@synapse_cleft 4784 0.020698219 0.00655226963 0.0126425292 0 0 0
nt@synapse_cleft 4786 -0.0141687611 0.0123514704 0.00792094565 0 0 0
nt@synapse_cleft 4791 0.0357365218 -0.0143629615 0.000454123928 0 0 0
nt@synapse_cleft 4793 -0.0313559544 0.0193940882 0.0161517763 0 0 0
nt@synapse_cleft 4800 0.0138630084 -0.0116010949 0.000804319336 0 0 0
nt@synapse_cleft 4801 -0.0215041808 0.00801915472 0.0060931646 0 0 0
nt@synapse_cleft 4807 0.0114380383 -0.0131223567 0.0173735556 0 0 0
nt@synapse_cleft 4809 -0.0374466373 -0.0356303934 0.0183225417 0 0 0
nt@synapse_cleft 4814 -0.0271842826 0.0274635944 0.00722335045 0 0 0
nt@synapse_cleft 4816 -0.0370169274 -0.0130632599 0.0153618674 0 0 0
nt@synapse_cleft 4822 -0.00137532535 -0.0243038946 0.00737466102 0 0 0
nt@synapse_cleft 4823 -0.00682089817 0.00823598251 0.0135907895 0 0 0
nt@synapse_cleft 4824 -0.000443929197 -0.0316895869 0.000725517044 0 0 0
nt@synapse_cleft 4829 0.0288040757 -0.0587915179 0.0139999939 0 0 0
nt@synapse_cleft 4830 -0.0179986274 0.0187911952 0.0194068756 0 0 0
nt@synapse_cleft 4833 -0.0147526613 -0.0267218505 0.0198996411 0 0 0
nt@synapse_cleft 4838 -0.0134280767 0.0314523575 0.0123826903 0 0 0
nt@synapse_cleft 4839 0.00731760418 -0.00071616616 0.0128665829 0 0 0
nt@synapse_cleft 4844 0.0534651951 -0.0172983306 0.0162972016 0 0 0
nt@synapse_cleft 4852 -0.0313112945 -0.0118290641 0.0119411257 0 0 0
nt@synapse_cleft 4855 0.0229595376 0.00999000639 0.0137798631 0 0 0
nt@synapse_cleft 4869 -0.0382939661 0.0152464799 0.0184094066 0 0 0
nt@synapse_cleft 4871 0.021079502 0.0119875094 0.00721128835 0 0 0
nt@synapse_cleft 4880 -0.0134973051 -0.0158731288 0.0172094398 0 0 0
nt@synapse_cleft 4882 -0.0184154626 -0.0295952163 0.00385681897 0 0 0
nt@synapse_cleft 4883 -0.036407336 0.00474551548 0.0131147234 0 0 0
nt@synapse_cleft 4890 -0.0112882548 0.000454465802 0.0101282885 0 0 0
nt@synapse_cleft 4891 -0.00280051828 -0.00920481659 0.00903981627 0 0 0
nt@synapse_cleft 4892 -0.016556759 0.0210449984 0.0152733914 0 0 0
nt@synapse_cleft 4896 -0.0114954924 -0.0235127105 0.0144693142 0 0 0
nt@synapse_cleft 4897 0.0306703459 -0.0191916851 0.00894546254 0 0 0
nt@synapse_cleft 4901 0.0100013505 0.015911801 0.008370365 0 0 0
nt@synapse_cleft 4905 -0.01090455 -0.0125567531 0.00761398891 0 0 0
nt@synapse_cleft 4906 -4.16013386e-05 -0.0238095383 0.00510245196 0 0 0
nt@synapse_cleft 4918 -0.0106554849 0.0124855679 0.0105030672 0 0 0
nt@synapse_cleft 4919 0.010844653 0.00270741969 0.0102813049 0 0 0
nt@synapse_cleft 4925 0.0133325911 0.00391740749 0.00924200119 0 0 0
nt@synapse_cleft 4928 0.000953585498 0.0578636226 0.00459993189 0 0 0
nt@synapse_cleft 4931 0.0134321222 -0.0111213311 0.0106060216 0 0 0
nt@synapse_cleft 4937 -0.0494969239 -0.00119670932 0.00744334125 0 0 0
nt@synapse_cleft 4946 -0.0206959418 0.0220023252 0.00418999199 0 0 0
nt@synapse_cleft 4956 0.0114224094 -0.00572154483 0.00923732492 0 0 0
nt@synapse_cleft 4967 -0.00473059403 0.00808608523 0.00286180369 0 0 0
nt@synapse_cleft 4972 0.0287126293 -0.0253864656 0.0177366663 0 0 0
nt@synapse_cleft 4973 -0.00286892933 0.0477807359 0.0150847797 0 0 0
nt@synapse_cleft 4979 -0.00339939773 -0.00587286727 0.00504664618 0 0 0
nt@synapse_cleft 4980 0.0143185063 0.0109181208 0.0196040174 0 0 0
nt@synapse_cleft 4981 0.00375578906 -0.0255916399 0.00702817111 0 0 0
nt@synapse_cleft 4982 0.00458360156 -0.00821334757 0.0164687765 0 0 0
nt@synapse_cleft 4983 -0.0154524354 0.0269857889 0.00481949376 0 0 0
nt@synapse_cleft 4988 0.0103868905 -0.0173519716 0.00649727868 0 0 0
nt@synapse_cleft 4989 -0.00782794784 -0.0212075524 0.0152317254 0 0 0
nt@synapse_cleft 4991 0.00456360092 -0.0200648305 0.0112875782 0 0 0
nt@synapse_cleft 5004 -0.0184062884 0.0248758926 0.000160620662 0 0 0
nt@synapse_cleft 5006 0.00319614052 -0.0156144399 0.0057529806 0 0 0
nt@synapse_cleft 5009 -0.0289030051 0.012241482 0.00789914107 0 0 0
nt@synapse_cleft 5011 -0.0142879575 -0.0205276075 0.00289337574 0 0 0
nt@synapse_cleft 5015 -0.0196985534 -0.0213976445 0.0148772869 0 0 0
nt@synapse_cleft 5024 -0.00339439957 -0.00685882627 0.00961375239 0 0 0
nt@synapse_cleft 5044 -0.0329069511 0.00696722752 0.0160531973 0 0 0
nt@synapse_cleft 5045 0.0325085414 0.0225161516 0.0007027035 0 0 0
nt@synapse_cleft 5046 0.0019552081 -0.00702269505 0.00817161926 0 0 0
nt@synapse_cleft 5052 -0.00664397159 -0.0136138112 0.00876393741 0 0 0
nt@synapse_cleft 5055 -0.0178368198 0.00825596064 0.00917389146 0 0 0
nt@synapse_cleft 5059 -0.0323275503 0.031338181 0.0187311505 0 0 0
nt@synapse_cleft 5061 0.0200237964 -0.0246957211 0.0016784462 0 0 0
nt@synapse_cleft 5063 -0.0269814006 0.0204174275 0.00660378799 0 0 0
nt@synapse_cleft 5077 0.0424956349 -0.0103396814 0.00959628339 0 0 0
nt@synapse_cleft 5081 0.0145673687 0.0105025521 0.00694663571 0 0 0
nt@synapse_cleft 5082 0.00338059224 0.0509367945 0.0101356912 0 0 0
nt@synapse_cleft 5086 0.0273229379 0.0295414163 0.0109636064 0 0 0
nt@synapse_cleft 5105 0.0125800156 -0.0189088563 0.0153686955 0 0 0
nt@synapse_cleft 5106 -0.00108650889 -0.0075204935 0.0045293726 0 0 0
nt@synapse_cleft 5133 -0.0175332507 0.0266130895 0.0198410924 0 0 0
nt@synapse_cleft 5145 0.0208203092 0.0255497097 0.0183359248 0 0 0
nt@synapse_cleft 5154 0.0105110472 0.0275935099 0.0130620062 0 0 0
nt@synapse_cleft 5159 -0.0317932761 -0.00165471104 0.0193961123 0 0 0
nt@synapse_cleft 5163 -0.000770467315 0.021405574 0.0144707502 0 0 0
nt@synapse_cleft 5164 0.00104278437 -0.0162017321 0.000298970534 0 0 0
nt@synapse_cleft 5173 -0.041531288 -0.00806356327 0.0182161542 0 0 0
nt@synapse_cleft 5176 -0.0229013451 0.0528364285 0.0189829354 0 0 0
nt@synapse_cleft 5179 0.0286829306 0.00892409361 0.00911753585 0 0 0
nt@synapse_cleft 5182 0.0466221096 0.0130411078 0.00563344542 0 0 0
nt@synapse_cleft 5183 0.0387758267 0.0126031352 0.0114270655 0 0 0
nt@synapse_cleft 5193 0.0238512783 0.0064329617 0.0170671106 0 0 0
nt@synapse_cleft 5196 -0.00468223763 -0.00784040344 0.0126629085 0 0 0
nt@synapse_cleft 5198 0.000612635492 -0.0222024808 0.0012288172 0 0 0
