nt@synapse_cleft 0 0.0105217456 -0.00163520663 0.0156910117 0 0 0
nt@synapse_cleft 2 -0.0402470009 0.0195685783 0.0171739823 0 0 0
nt@synapse_cleft 7 0.00281399347 0.00966948785 0.0112696437 0 0 0
nt@synapse_cleft 9 0.0122344473 -0.0227941694 0.0127058804 0 0 0
nt@synapse_cleft 12 0.00537685791 0.0336437218 0.00907708677 0 0 0
nt@synapse_cleft 15 -0.0145337075 0.0179200592 0.0100525495 0 0 0
nt@synapse_cleft 17 0.018450166 0.00345902684 0.00424144991 0 0 0
nt@synapse_cleft 23 0.00886726176 -0.0478651025 0.00771653382 0 0 0
nt@synapse_cleft 26 -0.025315387 0.0101154654 0.00723720403 0 0 0
nt@synapse_cleft 30 0.0175517506 -0.0329381871 0.00969141501 0 0 0
nt@synapse_cleft 35 -0.0078763293 0.020844214 0.0190313776 0 0 0
nt@synapse_cleft 42 0.0046799332 0.00480840208 0.0198113437 0 0 0
nt@synapse_cleft 45 -0.00655821544 0.0118581294 0.00788767293 0 0 0
nt@synapse_cleft 54 0.000874881875 0.025084337 0.0165622391 0 0 0
nt@synapse_cleft 56 -0.0200962136 -0.00593707625 0.016344602 0 0 0
nt@synapse_cleft 59 0.0356858682 0.013864466 0.0146661325 0 0 0
nt@synapse_cleft 72 -0.0263145617 0.0138552058 0.0176086423 0 0 0
nt@synapse_cleft 81 0.0143398483 -0.0323384349 0.0104601746 0 0 0
nt@synapse_cleft 87 -0.0115125324 -0.0227098428 0.0173280094 0 0 0
nt@synapse_cleft 89 0.0281878694 0.00279091968 0.0110105991 0 0 0
nt@synapse_cleft 100 -0.0193558471 -0.0229464588 0.00779695468 0 0 0
nt@synapse_cleft 102 -0.0294944558 0.0190869791 0.00206787375 0 0 0
nt@synapse_cleft 103 0.0229348363 -0.0203344347 0.0115399042 0 0 0
nt@synapse_cleft 111 -0.028914837 0.0427782244 0.0178935551 0 0 0
nt@synapse_cleft 114 0.0416303704 -0.0171802694 0.0161039095 0 0 0
nt@synapse_cleft 115 -0.00300361298 -0.034965739 0.00868700334 0 0 0
nt@synapse_cleft 116 -0.0299472932 -0.0156324366 0.0109152628 0 0 0
nt@synapse_cleft 118 0.0167505784 -0.000333295581 0.0118777616 0 0 0
nt@synapse_cleft 135 -0.0234726656 -0.0280409236 0.00881726137 0 0 0
nt@synapse_cleft 137 -0.0513165399 -0.0396181836 0.00830577179 0 0 0
nt@synapse_cleft 143 -0.00889756894 -0.0498741192 0.00197917185 0 0 0
nt@synapse_cleft 148 -0.000220212107 0.0559037485 0.00913303288 0 0 0
nt@synapse_cleft 150 -0.0276207845 0.0132249682 0.0102858727 0 0 0
nt@synapse_cleft 156 -0.0237599287 -0.0050402928 0.0172447685 0 0 0
nt@synapse_cleft 157 -0.0215643283 0.00678067258 0.00910227909 0 0 0
nt@synapse_cleft 162 -0.0184520451 -0.0277151627 0.00718801495 0 0 0
nt@synapse_cleft 167 -0.0047156486 -0.0445890828 0.00419094556 0 0 0
nt@synapse_cleft 168 -0.0203300425 -0.0216619722 0.00831893448 0 0 0
nt@synapse_cleft 186 -0.0192860114 -0.011165664 0.0193642228 0 0 0
nt@synapse_cleft 188 -0.0125239307 -0.0030324461 0.00499348627 0 0 0
nt@synapse_cleft 192 -0.00357473042 0.0387007915 0.0185372329 0 0 0
nt@synapse_cleft 194 -0.00577089895 -0.00915020992 0.0141336919 0 0 0
nt@synapse_cleft 195 0.0210214296 0.0436597415 0.00342012798 0 0 0
nt@synapse_cleft 197 0.00900774096 -0.0180215841 0.00712112764 0 0 0
nt@synapse_cleft 199 0.0429044573 0.0115819379 0.00702188682 0 0 0
nt@synapse_cleft 203 0.010690512 -0.00442094259 0.00495329347 0 0 0
nt@synapse_cleft 206 -0.00039467714 -0.0152487718 0.0173492823 0 0 0
nt@synapse_cleft 210 -0.0329529961 0.0151960085 0.00221981719 0 0 0
nt@synapse_cleft 224 -0.0184129429 0.0558984031 0.00127591372 0 0 0
nt@synapse_cleft 231 0.0170845564 0.0373444287 0.0167022772 0 0 0
nt@synapse_cleft 235 0.0263282269 -0.022801346 0.00934508022 0 0 0
nt@synapse_cleft 244 -0.0184552559 0.00268599908 0.0186920978 0 0 0
nt@synapse_cleft 248 0.0337054888 -0.0296296682 0.0106077938 0 0 0
nt@synapse_cleft 256 -0.0419808834 -0.0119658907 0.0124880681 0 0 0
nt@synapse_cleft 263 0.0431074822 0.0203842253 0.0147850693 0 0 0
nt@synapse_cleft 268 -7.34856994e-05 -0.00748451714 0.0108959222 0 0 0
nt@synapse_cleft 272 0.00747432732 -0.0502721111 0.0175718512 0 0 0
nt@synapse_cleft 284 -0.0295342925 0.0827554195 0.00969459031 0 0 0
nt@synapse_cleft 289 -0.0394554257 0.0594315301 0.00859423259 0 0 0
nt@synapse_cleft 293 0.0310290548 -0.00557432222 0.0155172027 0 0 0
nt@synapse_cleft 306 0.012760499 -0.0281147286 0.0108472414 0 0 0
nt@synapse_cleft 307 0.0139183605 0.00330913497 0.0134679341 0 0 0
nt@synapse_cleft 308 0.0203259862 0.0275935774 0.00860236753 0 0 0
nt@synapse_cleft 310 0.0282928302 0.00129143279 0.00951025974 0 0 0
nt@synapse_cleft 318 -0.03491237 0.0148679626 0.0188569362 0 0 0
nt@synapse_cleft 319 0.0574358566 0.00284017331 0.0115814186 0 0 0
nt@synapse_cleft 321 0.0409946468 0.0176925704 0.00829561598 0 0 0
nt@synapse_cleft 325 -0.0609772183 0.0714766463 0.0122978571 0 0 0
nt@synapse_cleft 331 0.0471355485 -0.0188382325 0.0145173664 0 0 0
nt@synapse_cleft 347 0.00535088744 -0.00638882552 0.00581135593 0 0 0
nt@synapse_cleft 348 0.00368494633 -0.0087482467 0.0106409571 0 0 0
nt@synapse_cleft 350 0.0214449337 0.00887559906 0.00563424306 0 0 0
nt@synapse_cleft 352 -0.0106647159 0.0251788718 7.21458914e-05 0 0 0
nt@synapse_cleft 356 -0.0341238893 0.0168795817 0.00727403624 0 0 0
nt@synapse_cleft 361 -0.0282469734 0.010118657 0.0180958934 0 0 0
nt@synapse_cleft 371 -0.00913871218 0.0315864658 0.00647077825 0 0 0
nt@synapse_cleft 372 0.00429147023 0.0247006136 0.00567806343 0 0 0
nt@synapse_cleft 376 -0.00790908197 -0.00143713856 0.0173131429 0 0 0
nt@synapse_cleft 381 -0.0120001888 -0.0157212764 0.00423248749 0 0 0
nt@synapse_cleft 385 0.0129845578 0.00994048065 0.0147973472 0 0 0
nt@synapse_cleft 391 0.024977108 -0.0450307664 0.0147488773 0 0 0
nt@synapse_cleft 395 0.000339379802 -0.0233319894 0.00878084706 0 0 0
nt@synapse_cleft 397 0.0182016435 0.0263221879 0.0140780799 0 0 0
nt@synapse_cleft 402 0.00232175434 0.0445387764 0.00530984037 0 0 0
nt@synapse_cleft 406 -0.0231814604 -0.0467405554 0.00952472212 0 0 0
nt@synapse_cleft 421 -0.0399076758 0.0252982472 0.0189376704 0 0 0
nt@synapse_cleft 426 0.034414024 -0.0176977698 0.0193932741 0 0 0
nt@synapse_cleft 429 -0.0201362083 0.0238425559 0.0152063707 0 0 0
nt@synapse_cleft 440 0.0355075266 0.00360021863 0.000513699398 0 0 0
nt@synapse_cleft 444 0.00224612033 0.0332720848 0.00842722 0 0 0
nt@synapse_cleft 449 0.00290529635 -0.0119689633 0.0115302903 0 0 0
nt@synapse_cleft 452 0.0310086428 0.0480193624 0.0185091321 0 0 0
nt@synapse_cleft 453 0.00438471543 -0.0132561264 0.0166265629 0 0 0
nt@synapse_cleft 455 -0.0022695487 -0.0258683177 0.0199962992 0 0 0
nt@synapse_cleft 477 0.0183317543 0.00823939057 0.0126468924 0 0 0
nt@synapse_cleft 479 -0.0094155764 0.0226389907 0.0138896502 0 0 0
nt@synapse_cleft 480 -0.0555146941 0.0160821305 9.21826146e-05 0 0 0
nt@synapse_cleft 482 0.0149128195 0.000823056845 0.00305473868 0 0 0
nt@synapse_cleft 483 -0.00775257866 -0.0275181604 0.00709647951 0 0 0
nt@synapse_cleft 484 -0.00877648909 -0.0422830652 0.00258146772 0 0 0
nt@synapse_cleft 499 0.0176800884 0.0191847808 0.00587774484 0 0 0
nt@synapse_cleft 500 -0.00556748676 -0.0131523832 0.0037497922 0 0 0
nt@synapse_cleft 501 0.00710860221 0.0139999269 0.00729809653 0 0 0
nt@synapse_cleft 503 0.00997114195 -0.0167512159 0.0161617048 0 0 0
nt@synapse_cleft 509 -0.0116359013 0.0539999642 0.00465569024 0 0 0
nt@synapse_cleft 510 0.0208623719 0.0034488718 0.00902162831 0 0 0
nt@synapse_cleft 514 -0.0254043124 0.00642511054 0.0155117287 0 0 0
nt@synapse_cleft 522 -0.0451441573 0.021794013 0.0122666004 0 0 0
nt@synapse_cleft 524 -0.0135982331 0.0275648618 0.0184994722 0 0 0
nt@synapse_cleft 530 0.0214860233 -0.00463660289 0.00668774468 0 0 0
nt@synapse_cleft 536 -0.0323560024 -0.0425461442 0.00109649258 0 0 0
nt@synapse_cleft 544 0.031085937 0.0161312446 0.0130733212 0 0 0
nt@synapse_cleft 546 -0.050861002 0.0165493487 0.0115899323 0 0 0
nt@synapse_cleft 548 -0.0236081039 0.0186856353 0.0169940569 0 0 0
nt@synapse_cleft 549 0.0320350418 -0.03128684 0.0143642733 0 0 0
nt@synapse_cleft 551 5.13334592e-05 -0.0129941055 0.0175367752 0 0 0
nt@synapse_cleft 552 0.0210129891 -0.00165193622 0.0106628493 0 0 0
nt@synapse_cleft 557 -0.0357227415 -0.00307317858 0.0115806402 0 0 0
nt@synapse_cleft 558 -0.0104091589 -0.0208385373 0.00212941405 0 0 0
nt@synapse_cleft 563 -0.0149708174 -0.0567929171 0.0123379458 0 0 0
nt@synapse_cleft 568 -0.00772484299 0.00823603543 0.0164362277 0 0 0
nt@synapse_cleft 572 -0.033079311 0.0200177507 0.0066813947 0 0 0
nt@synapse_cleft 575 0.000935779305 -0.00735151078 0.00604958755 0 0 0
nt@synapse_cleft 581 0.00333261623 -0.0078540819 0.00583741369 0 0 0
nt@synapse_cleft 583 0.00876294363 0.0167728583 0.0131034219 0 0 0
nt@synapse_cleft 586 0.00956882735 0.0161688036 0.00988389922 0 0 0
nt@synapse_cleft 591 -0.012819047 0.0218614077 0.0118652941 0 0 0
nt@synapse_cleft 593 0.0030959246 0.0347967567 0.0145288718 0 0 0
nt@synapse_cleft 594 0.0368444757 0.0222415682 0.0102331491 0 0 0
nt@synapse_cleft 595 -0.00345007528 -0.0361230477 0.00856125597 0 0 0
nt@synapse_cleft 596 -0.0210762174 0.0059502918 0.01820329 0 0 0
nt@synapse_cleft 598 0.0011774872 -0.00344202259 0.0147320965 0 0 0
nt@synapse_cleft 618 -0.0109836156 -0.0313781913 0.00152264071 0 0 0
nt@synapse_cleft 620 -0.0219528292 -0.00178060486 0.00510435343 0 0 0
nt@synapse_cleft 624 0.0158410876 -0.00574609807 0.0096759135 0 0 0
nt@synapse_cleft 627 -0.00874810459 -0.0187675857 0.0151700344 0 0 0
nt@synapse_cleft 629 0.00173320792 0.00682670277 0.00249650149 0 0 0
nt@synapse_cleft 630 0.00906704993 0.00744652141 0.00112921452 0 0 0
nt@synapse_cleft 633 -0.0140423953 0.021581224 0.00629031494 0 0 0
nt@synapse_cleft 634 0.0126385707 -0.00264650809 0.0140361662 0 0 0
nt@synapse_cleft 639 -0.0233030863 -0.0343259306 0.000244479642 0 0 0
nt@synapse_cleft 645 -0.0140104731 -0.00830450533 0.0186945156 0 0 0
nt@synapse_cleft 647 0.00801188424 0.0295667301 0.00466091229 0 0 0
nt@synapse_cleft 661 -0.0283534144 -0.0165397982 0.0187192229 0 0 0
nt@synapse_cleft 662 -0.00872482653 0.00719315421 0.00955184867 0 0 0
nt@synapse_cleft 664 -0.00953033881 0.0112300356 0.0131674446 0 0 0
nt@synapse_cleft 674 -0.018904016 0.0132290372 0.00445733809 0 0 0
nt@synapse_cleft 675 0.0166582311 0.0070372456 0.00844647275 0 0 0
nt@synapse_cleft 678 0.0134536586 -0.0157043997 0.00925997208 0 0 0
nt@synapse_cleft 679 -0.0290437902 -0.000738661264 0.0154423699 0 0 0
nt@synapse_cleft 681 -0.00313939004 -0.0262865854 0.0119335651 0 0 0
nt@synapse_cleft 684 -0.0239838241 -0.0141258746 0.0124686972 0 0 0
nt@synapse_cleft 689 0.0233255484 0.00658163615 0.0150668826 0 0 0
nt@synapse_cleft 691 0.0199002555 0.00683058514 0.00549339869 0 0 0
nt@synapse_cleft 693 0.0104082894 0.017867673 0.0105261084 0 0 0
nt@synapse_cleft 695 -0.0203971207 0.0290849522 0.0152068062 0 0 0
nt@synapse_cleft 698 0.00176547518 0.0136507221 0.016853078 0 0 0
nt@synapse_cleft 699 -0.0210671454 -0.0633307279 0.0107344644 0 0 0
nt@synapse_cleft 704 0.0157100915 0.0260124055 0.00267853527 0 0 0
nt@synapse_cleft 712 -0.0269216794 -0.00920430066 0.000646955629 0 0 0
nt@synapse_cleft 715 0.0221782572 0.0258791987 0.00904741027 0 0 0
nt@synapse_cleft 720 0.0292056797 -0.0411103785 0.00581026646 0 0 0
nt@synapse_cleft 721 0.00578332371 -0.0174277703 0.00453354538 0 0 0
nt@synapse_cleft 726 -0.0280559955 -0.00463772665 0.00995345034 0 0 0
nt@synapse_cleft 727 -0.00431374762 0.0194600575 0.00179169828 0 0 0
nt@synapse_cleft 728 0.00119980763 0.00405152642 0.00547680744 0 0 0
nt@synapse_cleft 732 0.0253132859 0.047744567 0.00206980971 0 0 0
nt@synapse_cleft 735 -0.046418016 0.00899254012 0.000702372859 0 0 0
nt@synapse_cleft 737 0.0452285176 0.00767656324 0.00834203019 0 0 0
nt@synapse_cleft 741 0.0206032375 0.00153612213 0.00291850674 0 0 0
nt@synapse_cleft 744 -0.0151057786 0.0294538887 0.0103762419 0 0 0
nt@synapse_cleft 746 0.00503020902 0.0113621133 0.0013631205 0 0 0
nt@synapse_cleft 750 0.028851763 0.0192507418 0.013029453 0 0 0
nt@synapse_cleft 754 -0.00489143861 -0.0156441306 0.0187111046 0 0 0
nt@synapse_cleft 755 0.013742003 0.0181862614 0.00546043383 0 0 0
nt@synapse_cleft 760 -0.00388325413 -0.0565971381 0.00249487904 0 0 0
nt@synapse_cleft 762 0.009387523 -0.0157410226 0.0153959419 0 0 0
nt@synapse_cleft 765 -0.026655972 0.0352142968 0.0166936668 0 0 0
nt@synapse_cleft 768 -0.0221420191 0.000298103669 0.0157800442 0 0 0
nt@synapse_cleft 769 -0.00186429253 0.0421286144 0.0157605024 0 0 0
nt@synapse_cleft 774 0.00567294794 0.0285976836 0.00894721037 0 0 0
nt@synapse_cleft 779 -0.0183901655 0.0182032445 0.00761208615 0 0 0
nt@synapse_cleft 784 0.0169176206 0.0050914446 0.0195163356 0 0 0
nt@synapse_cleft 797 -0.00731015022 0.0350720455 0.00197648924 0 0 0
nt@synapse_cleft 803 -0.0233949649 -0.0399021481 0.0134119158 0 0 0
nt@synapse_cleft 814 0.0381809321 0.0358845689 0.00282345338 0 0 0
nt@synapse_cleft 816 0.00416527953 -0.0224285215 0.00209840307 0 0 0
nt@synapse_cleft 817 0.021720259 -0.0109606621 0.0105056008 0 0 0
nt@synapse_cleft 828 0.00982517461 -0.0258868223 0.0188485986 0 0 0
nt@synapse_cleft 831 -0.00157602057 -0.0255064512 0.000704116671 0 0 0
nt@synapse_cleft 833 -0.0131843659 -0.00230850289 0.0104355144 0 0 0
nt@synapse_cleft 837 -0.020429408 -0.0107166903 0.0118691893 0 0 0
nt@synapse_cleft 844 -0.00871238792 0.0064977251 0.0192359483 0 0 0
nt@synapse_cleft 847 0.0254623813 -0.00212183567 0.0138262537 0 0 0
nt@synapse_cleft 850 0.00289279089 0.0211780639 0.00489632828 0 0 0
nt@synapse_cleft 854 0.00706768834 0.0311613726 0.00650330056 0 0 0
nt@synapse_cleft 866 -0.000784544508 -0.0190173187 0.00838314818 0 0 0
nt@synapse_cleft 871 -0.0039072995 0.0146267732 0.0177589217 0 0 0
nt@synapse_cleft 872 0.0269409675 -0.01776278 0.0137503996 0 0 0
nt@synapse_cleft 877 -0.0380115255 0.0117871713 0.0148033701 0 0 0
nt@synapse_cleft 884 -0.00495217609 0.0089797016 0.0189372522 0 0 0
nt@synapse_cleft 904 -0.0367710161 0.00639127882 0.00375702118 0 0 0
nt@synapse_cleft 906 -0.0126122947 0.00598744975 0.0176918759 0 0 0
nt@synapse_cleft 908 -0.037884202 0.00523060692 0.000625081108 0 0 0
nt@synapse_cleft 909 0.0257113165 0.00124601765 0.00598500225 0 0 0
nt@synapse_cleft 913 -0.0218368722 0.00186979068 0.0196249978 0 0 0
nt@synapse_cleft 918 0.0663191161 -0.00779918076 0.015128 0 0 0
nt@synapse_cleft 920 0.022449687 -0.0154495334 0.0175763585 0 0 0
nt@synapse_cleft 924 -0.0378731941 -0.000318241668 0.0110077843 0 0 0
nt@synapse_cleft 925 -0.028637448 0.0415719684 0.0091566396 0 0 0
nt@synapse_cleft 926 -0.0117499881 -0.0533891265 0.0180422345 0 0 0
nt@synapse_cleft 932 0.0211353553 -0.0443336532 0.00433740055 0 0 0
nt@synapse_cleft 938 -0.00845911491 0.0130892066 0.000116060039 0 0 0
nt@synapse_cleft 940 -0.0519143532 -0.0260722954 0.00945500437 0 0 0
nt@synapse_cleft 941 -0.0334393351 0.0437051995 0.0156693285 0 0 0
nt@synapse_cleft 942 0.0190825779 -0.0200682087 0.00591681315 0 0 0
nt@synapse_cleft 943 0.0224263183 -0.0088732019 0.00585264483 0 0 0
nt@synapse_cleft 944 -0.00566221389 -0.0544565203 0.00165441096 0 0 0
nt@synapse_cleft 945 -0.00599806943 0.0279310635 0.000624067555 0 0 0
nt@synapse_cleft 947 -0.0218617082 0.0121505664 0.0173637944 0 0 0
nt@synapse_cleft 953 -0.0401125234 0.0198811251 0.0158152107 0 0 0
nt@synapse_cleft 954 0.0115850999 -0.0104367789 0.00557149115 0 0 0
nt@synapse_cleft 957 0.0494359357 -0.0251039483 0.00946117896 0 0 0
nt@synapse_cleft 960 -0.0239606071 0.0256434997 0.00867968271 0 0 0
nt@synapse_cleft 961 -0.0292100599 -0.00559059761 0.0109346542 0 0 0
nt@synapse_cleft 967 0.0371702311 -0.00183417291 0.0153509807 0 0 0
nt@synapse_cleft 976 -0.0243024966 0.0214214775 0.0184982716 0 0 0
nt@synapse_cleft 978 -0.0411890442 -0.0175579189 0.00939947048 0 0 0
nt@synapse_cleft 991 0.0298664371 -0.0036803219 0.0186868687 0 0 0
nt@synapse_cleft 992 0.0224295963 0.0106023835 0.00917695681 0 0 0
nt@synapse_cleft 994 -0.0339616313 -0.0151857147 0.00976181953 0 0 0
nt@synapse_cleft 998 -0.000871650291 0.00016641261 0.00223629808 0 0 0
nt@synapse_cleft 999 0.0442408172 -0.0394595882 0.00181449617 0 0 0
nt@synapse_cleft 1002 0.016213044 0.0483044866 0.00596592247 0 0 0
nt@synapse_cleft 1004 -0.0152753492 0.00526513758 0.00398834242 0 0 0
nt@synapse_cleft 1011 0.0266866697 0.0197269578 0.0109386052 0 0 0
nt@synapse_cleft 1013 -0.0303196875 0.0425284145 0.0177998389 0 0 0
nt@synapse_cleft 1016 -0.0292087183 0.0167796121 0.0169487743 0 0 0
nt@synapse_cleft 1018 -0.00529849655 -0.0220753599 0.0100630913 0 0 0
nt@synapse_cleft 1024 -0.0398335201 -0.0140958362 0.0158728759 0 0 0
nt@synapse_cleft 1025 -0.00637196576 -0.0312989143 0.000681713383 0 0 0
nt@synapse_cleft 1027 0.0151776824 0.0357639162 0.0173718956 0 0 0
nt@synapse_cleft 1035 -0.0324927516 -0.0165252775 0.0135481776 0 0 0
nt@synapse_cleft 1047 0.0246094575 -0.0456018798 0.000270188585 0 0 0
nt@synapse_cleft 1048 -0.00434318696 -0.0453942635 0.000181334531 0 0 0
nt@synapse_cleft 1050 0.00468897083 -0.0471581059 0.019747366 0 0 0
nt@synapse_cleft 1056 -0.00945001845 0.0622814522 0.000247846453 0 0 0
nt@synapse_cleft 1062 0.040114065 -0.0109174181 0.0155292848 0 0 0
nt@synapse_cleft 1077 -0.0286783802 -0.0147232713 0.0139470937 0 0 0
nt@synapse_cleft 1080 -0.0247987592 0.0150164709 0.00918744072 0 0 0
nt@synapse_cleft 1092 -0.014041677 -0.00963205044 0.00792776069 0 0 0
nt@synapse_cleft 1102 -0.0204119084 -0.0179626412 0.0104650332 0 0 0
nt@synapse_cleft 1107 -0.00778528992 0.00201358162 0.0138641032 0 0 0
nt@synapse_cleft 1108 0.0160246255 0.031358259 0.00112879765 0 0 0
nt@synapse_cleft 1110 0.0248541209 0.0179210155 0.0156754301 0 0 0
nt@synapse_cleft 1113 -0.0149238077 0.0134145589 0.00456347666 0 0 0
nt@synapse_cleft 1114 0.0171168473 -0.0254275716 0.0079303664 0 0 0
nt@synapse_cleft 1121 6.16050158e-05 0.0468103208 0.000877117704 0 0 0
nt@synapse_cleft 1127 -0.012817642 0.00514003574 0.00633666475 0 0 0
nt@synapse_cleft 1130 0.031656415 -0.0243717385 0.00872287379 0 0 0
nt@synapse_cleft 1136 -0.0119136894 -0.0588664561 0.0117033692 0 0 0
nt@synapse_cleft 1138 0.0193460331 0.00544483095 0.0163539637 0 0 0
nt@synapse_cleft 1140 0.0122211412 -0.0313870282 0.0131644909 0 0 0
nt@synapse_cleft 1144 -0.0122073381 -0.00763850285 0.0101617866 0 0 0
nt@synapse_cleft 1145 0.0663159885 -0.0164369351 0.014550251 0 0 0
nt@synapse_cleft 1149 -0.0243885903 -0.00455738806 0.0118332885 0 0 0
nt@synapse_cleft 1152 0.0224915655 -0.00392835797 0.0155776211 0 0 0
nt@synapse_cleft 1157 0.0322975085 -0.0513224174 0.0166483795 0 0 0
nt@synapse_cleft 1165 0.01753201 0.0313026814 0.00722468753 0 0 0
nt@synapse_cleft 1166 -0.00975725718 0.00710188866 0.00672497085 0 0 0
nt@synapse_cleft 1167 0.0385249939 0.0291907749 0.0100860846 0 0 0
nt@synapse_cleft 1172 -0.0102012747 7.37447379e-06 0.0080854436 0 0 0
nt@synapse_cleft 1177 -0.00840638743 0.0738985576 0.00241425037 0 0 0
nt@synapse_cleft 1179 0.00263543967 -0.018831115 0.00460031379 0 0 0
nt@synapse_cleft 1186 -0.0618161529 0.00206559284 0.00637131533 0 0 0
nt@synapse_cleft 1188 0.0219886855 -0.0448101423 0.0040746345 0 0 0
nt@synapse_cleft 1193 -0.0347407595 -0.00723207147 0.0102578927 0 0 0
nt@synapse_cleft 1200 -0.0144529019 0.0201851402 0.0132533462 0 0 0
nt@synapse_cleft 1203 0.00135733488 0.00640613895 0.0061644608 0 0 0
nt@synapse_cleft 1204 0.00262879779 0.00366594537 0.00561822601 0 0 0
nt@synapse_cleft 1205 -0.0314709207 -0.0199958194 0.0154622204 0 0 0
nt@synapse_cleft 1206 -0.0326595493 0.00110364211 0.0131413214 0 0 0
nt@synapse_cleft 1218 -0.0076566917 0.0282617463 0.0180929806 0 0 0
nt@synapse_cleft 1219 -0.00101728328 0.00948217972 0.00980813898 0 0 0
nt@synapse_cleft 1237 -0.017584661 -0.0327534711 0.00820514604 0 0 0
nt@synapse_cleft 1238 -0.0625424539 -0.0290818681 0.0179302171 0 0 0
nt@synapse_cleft 1243 -0.0177567109 0.00342623697 0.0107116508 0 0 0
nt@synapse_cleft 1248 0.00521052851 0.0474934294 0.00839158877 0 0 0
nt@synapse_cleft 1251 -0.032151777 0.00932009248 0.0195091061 0 0 0
nt@synapse_cleft 1252 -0.0341766588 0.00341568062 0.00640096305 0 0 0
nt@synapse_cleft 1254 -0.0280511038 0.0268949098 0.00923274312 0 0 0
nt@synapse_cleft 1270 0.0395600231 0.00802140268 0.00827573247 0 0 0
nt@synapse_cleft 1275 -0.0192591187 0.011918407 0.00925727874 0 0 0
nt@synapse_cleft 1289 0.0429070416 -0.00838695371 0.00265667168 0 0 0
nt@synapse_cleft 1298 -0.00964244061 -0.0155068966 0.00552489372 0 0 0
nt@synapse_cleft 1302 -0.00800163545 0.0333524916 0.000157675199 0 0 0
nt@synapse_cleft 1311 0.0145673167 -0.0126501649 0.0111164259 0 0 0
nt@synapse_cleft 1316 -0.0276430008 -0.0330891476 0.0129324938 0 0 0
nt@synapse_cleft 1326 0.0226795121 0.0153832916 0.00251595494 0 0 0
nt@synapse_cleft 1328 0.0135685079 0.00545929515 0.0079168334 0 0 0
nt@synapse_cleft 1333 -0.0184408327 0.0322944443 0.0100623156 0 0 0
nt@synapse_cleft 1338 -0.0139821683 0.0130427199 0.00574871791 0 0 0
nt@synapse_cleft 1343 0.014650071 0.00858755701 0.0183279525 0 0 0
nt@synapse_cleft 1347 -0.0426154102 -0.017504823 0.0166170239 0 0 0
nt@synapse_cleft 1348 0.0403775356 -0.0431794634 0.0172628837 0 0 0
nt@synapse_cleft 1349 -0.00938530186 -0.00771377831 0.0100139297 0 0 0
nt@synapse_cleft 1351 0.0392333851 -0.032328517 0.000104904766 0 0 0
nt@synapse_cleft 1359 -0.0211687606 -0.0152857695 0.0105445104 0 0 0
nt@synapse_cleft 1361 -0.00699316089 -0.0559070856 0.00341542381 0 0 0
nt@synapse_cleft 1366 0.0219793744 -0.0077273517 0.010173539 0 0 0
nt@synapse_cleft 1368 0.0300751846 0.0135125497 0.00467954239 0 0 0
nt@synapse_cleft 1372 -0.0210920705 0.0516639465 0.00911686675 0 0 0
nt@synapse_cleft 1380 -0.00662702342 0.0108842777 0.0059457387 0 0 0
nt@synapse_cleft 1382 0.0222115903 0.0194331364 0.000595522951 0 0 0
nt@synapse_cleft 1384 -0.0453748094 -0.0162276578 0.00606232939 0 0 0
nt@synapse_cleft 1390 0.0430257155 -0.00778152287 0.000160919764 0 0 0
nt@synapse_cleft 1393 -0.0336424354 0.0357153741 0.00325106302 0 0 0
nt@synapse_cleft 1394 0.0192588445 0.0229871261 0.0185769426 0 0 0
nt@synapse_cleft 1397 0.0294271808 0.0285406376 0.0143925583 0 0 0
nt@synapse_cleft 1400 -0.0329281132 0.0146400812 0.006932249 0 0 0
nt@synapse_cleft 1403 0.00920799468 0.000963089405 0.0158708085 0 0 0
nt@synapse_cleft 1406 0.0586708248 -0.0269321857 0.00657337585 0 0 0
nt@synapse_cleft 1408 -0.0189246786 -0.0136463727 0.00816056605 0 0 0
nt@synapse_cleft 1411 0.0075463244 0.00970234476 0.014403346 0 0 0
nt@synapse_cleft 1416 -0.0101175318 0.0258041535 0.00576602111 0 0 0
nt@synapse_cleft 1419 0.00367127961 -0.0199043968 0.00903940805 0 0 0
nt@synapse_cleft 1425 0.00298387103 -0.036131823 0.00973892806 0 0 0
nt@synapse_cleft 1427 -0.0309387753 -0.00569388806 0.0181437564 0 0 0
nt@synapse_cleft 1434 0.0131379586 0.0200429528 0.0153996723 0 0 0
nt@synapse_cleft 1438 -0.0110375944 -0.0246738991 0.00262105855 0 0 0
nt@synapse_cleft 1440 0.000417133937 0.0247545355 0.0030833137 0 0 0
nt@synapse_cleft 1441 -0.0311747975 0.0135261214 0.00356173195 0 0 0
nt@synapse_cleft 1442 0.0006540313 0.0303141152 0.0188702825 0 0 0
nt@synapse_cleft 1444 -0.0251520494 -0.00935784983 0.00664912949 0 0 0
nt@synapse_cleft 1446 -0.0177252724 -0.0309301361 0.00355519544 0 0 0
nt@synapse_cleft 1449 -0.0323548475 -0.00152680386 0.00193424216 0 0 0
nt@synapse_cleft 1452 -0.0276660113 -0.0277989198 0.00298230361 0 0 0
nt@synapse_cleft 1454 -0.0182831188 0.00817676854 0.00912118141 0 0 0
nt@synapse_cleft 1455 -0.0291723073 0.011871821 0.01897287 0 0 0
nt@synapse_cleft 1464 -0.0522498274 0.0120176812 0.0144497736 0 0 0
nt@synapse_cleft 1470 -0.0633353167 -0.0287725399 0.0196533162 0 0 0
nt@synapse_cleft 1472 -0.0461206571 -0.00988956822 0.00715880513 0 0 0
nt@synapse_cleft 1473 0.00597709986 -0.0114277493 0.0125709003 0 0 0
nt@synapse_cleft 1479 -0.00992192272 0.0295906973 0.0182699238 0 0 0
nt@synapse_cleft 1481 0.0226570151 0.00464694809 0.0199174139 0 0 0
nt@synapse_cleft 1484 -0.00347190078 0.0153949005 0.0128559839 0 0 0
nt@synapse_cleft 1485 -0.0166333613 -0.0022381753 0.0112626562 0 0 0
nt@synapse_cleft 1487 -0.0187071597 -0.033894588 0.00281620367 0 0 0
nt@synapse_cleft 1488 0.0285337185 -0.00412423956 0.00446698112 0 0 0
nt@synapse_cleft 1494 0.0034832739 0.0133285101 0.0194588761 0 0 0
nt@synapse_cleft 1496 -8.17307263e-05 0.0235162374 0.016838552 0 0 0
nt@synapse_cleft 1506 0.0286489429 0.00108192162 0.0164539008 0 0 0
nt@synapse_cleft 1507 0.00794663899 -0.0001988576 0.0071978525 0 0 0
nt@synapse_cleft 1508 0.0240634097 0.00927433991 0.012482383 0 0 0
nt@synapse_cleft 1512 0.00558270575 -0.00854433041 0.0102937432 0 0 0
nt@synapse_cleft 1519 -0.00472977681 -0.00782720144 0.0137399633 0 0 0
nt@synapse_cleft 1527 -0.00337380055 0.0403196764 0.013175385 0 0 0
nt@synapse_cleft 1528 -0.036726861 -0.00156541628 0.00830992529 0 0 0
nt@synapse_cleft 1531 0.00380060471 0.0244609984 0.0131419828 0 0 0
nt@synapse_cleft 1538 0.00666044831 0.0154961927 0.0183257824 0 0 0
nt@synapse_cleft 1542 -0.0116210266 0.0239735978 0.00946420459 0 0 0
nt@synapse_cleft 1545 5.43628607e-05 0.0047083735 0.0145337179 0 0 0
nt@synapse_cleft 1548 -0.0262349195 -0.0253840017 0.00692231053 0 0 0
nt@synapse_cleft 1553 0.0582462866 0.0151613779 0.000617309996 0 0 0
nt@synapse_cleft 1554 0.0164591909 0.0111160966 0.00391848463 0 0 0
nt@synapse_cleft 1561 -0.00151811238 -0.0579647857 0.00538020021 0 0 0
nt@synapse_cleft 1565 -0.00641240997 -0.000653357292 0.0169513692 0 0 0
nt@synapse_cleft 1571 -0.017444477 -0.00487529469 0.0115399914 0 0 0
nt@synapse_cleft 1573 0.0178058136 0.0270885169 0.00359924128 0 0 0
nt@synapse_cleft 1588 0.00434380647 -0.0156997582 0.0195745678 0 0 0
nt@synapse_cleft 1592 0.00708274047 -0.0234331002 0.0042433487 0 0 0
nt@synapse_cleft 1597 0.000967694575 0.0353662978 0.00454045917 0 0 0
nt@synapse_cleft 1600 0.0202952071 -0.0287598025 0.00126534476 0 0 0
nt@synapse_cleft 1605 0.0155093794 -0.00109783428 0.00934365408 0 0 0
nt@synapse_cleft 1606 -0.0355585429 0.00668377291 0.0102603269 0 0 0
nt@synapse_cleft 1611 -0.00689938691 -0.0260135019 0.00227781002 0 0 0
nt@synapse_cleft 1612 -0.020464342 -0.0174749966 0.00977429134 0 0 0
nt@synapse_cleft 1617 0.0143457451 -0.0311703242 0.00642933045 0 0 0
nt@synapse_cleft 1619 0.0145347652 -0.00352678018 0.019929222 0 0 0
nt@synapse_cleft 1628 0.0160468263 0.0403871078 0.0129035916 0 0 0
nt@synapse_cleft 1635 0.0155458341 -0.0142045393 0.00663167736 0 0 0
nt@synapse_cleft 1641 0.0321202268 0.0133910123 0.0142731068 0 0 0
nt@synapse_cleft 1642 0.0266979015 -0.0259276777 0.0106461677 0 0 0
nt@synapse_cleft 1655 0.00136395127 0.016196044 0.000884379712 0 0 0
nt@synapse_cleft 1658 0.0150472478 0.0404237698 0.0159440808 0 0 0
nt@synapse_cleft 1660 0.0195614607 0.0136304268 0.0122851508 0 0 0
nt@synapse_cleft 1675 -0.0300332209 -0.00627882892 0.0124364917 0 0 0
nt@synapse_cleft 1678 0.00639369139 -0.0176041673 0.0060505358 0 0 0
nt@synapse_cleft 1681 -0.0204285449 0.00544087872 0.00528896221 0 0 0
nt@synapse_cleft 1684 0.00442796463 -0.0365860704 0.00411249028 0 0 0
nt@synapse_cleft 1686 -0.00435297292 0.010840297 0.0148744133 0 0 0
nt@synapse_cleft 1687 -0.0339748245 -0.0277266396 0.000547669984 0 0 0
nt@synapse_cleft 1689 0.0117429589 0.0154711403 0.00759972529 0 0 0
nt@synapse_cleft 1692 -0.0175019098 0.0230532446 0.014839039 0 0 0
nt@synapse_cleft 1695 0.0153448894 -0.0187377419 0.00507046805 0 0 0
nt@synapse_cleft 1701 -0.00345354145 0.00970209984 0.0168848738 0 0 0
nt@synapse_cleft 1707 -0.0239777175 -0.00831387185 0.01351228 0 0 0
nt@synapse_cleft 1708 -0.0368673978 0.00798949805 0.00181548974 0 0 0
nt@synapse_cleft 1715 0.00584417451 0.00118529346 0.0196555877 0 0 0
nt@synapse_cleft 1721 -0.000327247025 -0.0318262223 0.0120946932 0 0 0
nt@synapse_cleft 1725 0.0304456046 -0.00489805951 0.00637043088 0 0 0
nt@synapse_cleft 1729 0.00963806837 -0.0131250354 0.0105090043 0 0 0
nt@synapse_cleft 1736 0.0252696281 0.0083373646 0.0162875607 0 0 0
nt@synapse_cleft 1741 0.00420808723 -0.0183013503 0.0117220567 0 0 0
nt@synapse_cleft 1742 0.0112270149 -0.0442386523 0.00678643655 0 0 0
nt@synapse_cleft 1743 0.0348966799 0.033855469 0.0188598685 0 0 0
nt@synapse_cleft 1745 -0.0406231183 0.0285752474 0.0014432278 0 0 0
nt@synapse_cleft 1746 0.0116067497 -0.0176043094 0.0182002227 0 0 0
nt@synapse_cleft 1748 0.0569086991 0.0128761367 0.00570898189 0 0 0
nt@synapse_cleft 1749 0.00287323383 -0.00388433716 0.00205956773 0 0 0
nt@synapse_cleft 1751 0.0346188705 0.0250702588 0.0144176185 0 0 0
nt@synapse_cleft 1759 -0.0107604391 -0.0110471837 0.0141994308 0 0 0
nt@synapse_cleft 1761 -0.0219219033 0.00461818069 0.0134106529 0 0 0
nt@synapse_cleft 1762 -0.0243771094 -0.0266267232 0.0151841022 0 0 0
nt@synapse_cleft 1768 0.00636221023 -0.0216653431 0.0123233079 0 0 0
nt@synapse_cleft 1775 -0.00565144713 -0.00157601833 0.00613916232 0 0 0
nt@synapse_cleft 1778 0.0473122162 -0.0520933512 0.0170329564 0 0 0
nt@synapse_cleft 1781 -0.0169459422 0.0431583672 0.00418215876 0 0 0
nt@synapse_cleft 1793 0.0154740282 0.0352538431 0.0152494978 0 0 0
nt@synapse_cleft 1795 0.0298149658 -0.00910530804 0.0184609676 0 0 0
nt@synapse_cleft 1799 -0.0286926252 -0.00297250427 0.0064760595 0 0 0
nt@synapse_cleft 1804 0.0141431856 0.00687606053 0.0144539648 0 0 0
nt@synapse_cleft 1805 -0.0126570908 0.00220085851 0.0178047964 0 0 0
nt@synapse_cleft 1806 -0.0136170017 0.0102240729 0.0103200365 0 0 0
nt@synapse_cleft 1810 -0.0503768529 -0.0479751724 0.0183228762 0 0 0
nt@synapse_cleft 1811 0.00074520061 0.0101160193 0.00775645786 0 0 0
nt@synapse_cleft 1812 0.00163405089 0.0502570484 0.0138706375 0 0 0
nt@synapse_cleft 1815 -0.00473035586 0.00897361522 0.012684047 0 0 0
nt@synapse_cleft 1824 0.0139067275 -0.00147320014 0.00547301223 0 0 0
nt@synapse_cleft 1826 0.0272143798 -0.0130370516 0.0167299985 0 0 0
nt@synapse_cleft 1829 0.046137723 -0.0225406483 0.011579836 0 0 0
nt@synapse_cleft 1830 -0.0363545208 -0.0162216141 0.0154294962 0 0 0
nt@synapse_cleft 1837 -0.0337117071 -0.012198305 0.010182434 0 0 0
nt@synapse_cleft 1838 -0.00892490094 -0.0336161848 0.0073544746 0 0 0
nt@synapse_cleft 1843 0.0371528489 -0.00631978264 0.007573532 0 0 0
nt@synapse_cleft 1846 -0.022846312 0.00240691811 0.0039719337 0 0 0
nt@synapse_cleft 1849 0.0472617504 0.00725763647 0.00420963944 0 0 0
nt@synapse_cleft 1853 0.064930226 -0.0192376738 0.00833146963 0 0 0
nt@synapse_cleft 1854 0.0033813964 -0.012528052 0.00631353351 0 0 0
nt@synapse_cleft 1856 0.0181606028 -0.0161300417 0.011457288 0 0 0
nt@synapse_cleft 1864 -0.00273170177 -0.0203357128 0.0151760058 0 0 0
nt@synapse_cleft 1868 -0.0248392347 0.00293456099 0.0115956351 0 0 0
nt@synapse_cleft 1872 0.00353450943 -0.00702318007 0.017313891 0 0 0
nt@synapse_cleft 1875 -0.0282996315 0.014602846 0.00835530544 0 0 0
nt@synapse_cleft 1877 0.000966007999 0.0298081644 0.0185859916 0 0 0
nt@synapse_cleft 1880 -0.022291745 -0.0234788411 0.00813841993 0 0 0
nt@synapse_cleft 1883 0.0121505797 0.015600472 0.0182761893 0 0 0
nt@synapse_cleft 1885 -0.00745912528 -0.00153715607 0.00704347858 0 0 0
nt@synapse_cleft 1887 -0.00659961051 0.03479882 0.000613660381 0 0 0
nt@synapse_cleft 1892 -0.0025632674 0.0133276766 0.00207950632 0 0 0
nt@synapse_cleft 1894 -0.00802118651 0.0133595191 0.0165266665 0 0 0
nt@synapse_cleft 1896 0.0286877632 -0.00937649352 0.00770882194 0 0 0
nt@synapse_cleft 1900 -0.00985463173 -0.0160373466 0.00302945285 0 0 0
nt@synapse_cleft 1904 -0.0367066272 0.0381922144 0.00751933606 0 0 0
nt@synapse_cleft 1914 0.00499238072 0.0168137628 0.00265618395 0 0 0
nt@synapse_cleft 1918 -0.0149247883 0.0558189324 0.010276625 0 0 0
nt@synapse_cleft 1921 -0.000879156916 -0.0151414021 0.00846491384 0 0 0
nt@synapse_cleft 1923 -0.0157744795 0.0223289061 0.0125913717 0 0 0
nt@synapse_cleft 1925 0.004251323 0.0243034929 0.0101049402 0 0 0
nt@synapse_cleft 1926 0.0146175252 -0.0110250214 0.0191602785 0 0 0
nt@synapse_cleft 1932 0.0129181979 -0.0117432941 0.0177519442 0 0 0
nt@synapse_cleft 1942 0.0286376936 -0.0297397996 0.00300233331 0 0 0
nt@synapse_cleft 1944 0.000246655745 0.0187127553 0.0136874901 0 0 0
nt@synapse_cleft 1946 -0.0229378478 -0.00771395581 0.00438952623 0 0 0
nt@synapse_cleft 1953 -0.0271791573 -0.0190746763 0.00367481484 0 0 0
nt@synapse_cleft 1961 0.0330663714 0.0176754223 0.00812856698 0 0 0
nt@synapse_cleft 1964 -0.011562968 -0.00472904586 0.00688264789 0 0 0
nt@synapse_cleft 1967 0.0227121803 -0.0311973165 0.011707042 0 0 0
nt@synapse_cleft 1970 -0.0212262983 -0.0385371015 0.0109724122 0 0 0
nt@synapse_cleft 1973 0.0281814202 0.0264349607 0.0150218961 0 0 0
nt@synapse_cleft 1976 -0.0284253611 -0.0166013919 0.00194682803 0 0 0
nt@synapse_cleft 1980 -0.0156997984 -0.02255058 0.00291365944 0 0 0
nt@synapse_cleft 1984 -0.0540699539 -0.0114298057 0.00834578377 0 0 0
nt@synapse_cleft 1989 -0.016604616 0.0104716481 0.0139986551 0 0 0
nt@synapse_cleft 1990 0.0195059195 0.0223931593 0.00663037065 0 0 0
nt@synapse_cleft 1993 0.00114590866 -0.0198446035 0.0127184732 0 0 0
nt@synapse_cleft 1997 0.00539225336 0.0166971532 0.0130033382 0 0 0
nt@synapse_cleft 2004 -0.0155790978 0.00682801775 0.0181342465 0 0 0
nt@synapse_cleft 2007 0.00511820517 0.00883480589 0.0191632146 0 0 0
nt@synapse_cleft 2008 0.0275662133 0.00608783529 0.0119846148 0 0 0
nt@synapse_cleft 2013 -0.0123272568 -0.0036553779 0.00141057136 0 0 0
nt@synapse_cleft 2014 0.0169599789 0.0149223329 0.0134128968 0 0 0
nt@synapse_cleft 2019 0.0149611566 -0.00916120167 0.0169083545 0 0 0
nt@synapse_cleft 2026 0.0551910936 0.00229812948 0.0083377304 0 0 0
nt@synapse_cleft 2027 -0.00951797362 -0.0243685876 0.00598136945 0 0 0
nt@synapse_cleft 2032 -0.024549007 -0.00603700571 0.0134426524 0 0 0
nt@synapse_cleft 2035 0.054419275 0.0188407964 0.00366367175 0 0 0
nt@synapse_cleft 2036 0.047942719 -0.0343306231 0.0137284651 0 0 0
nt@synapse_cleft 2039 0.0372525969 0.0116311202 0.0195710387 0 0 0
nt@synapse_cleft 2041 0.0348137035 -0.00439459432 0.012954693 0 0 0
nt@synapse_cleft 2044 0.0181577826 -0.0229914642 0.00942735504 0 0 0
nt@synapse_cleft 2052 -0.0013942062 -0.0180109651 0.0140529685 0 0 0
nt@synapse_cleft 2058 -0.0070438513 -0.0356916549 0.0145720899 0 0 0
nt@synapse_cleft 2061 0.015300571 0.00444030682 0.00451956163 0 0 0
nt@synapse_cleft 2064 0.0218807108 0.0214242925 0.00298922078 0 0 0
nt@synapse_cleft 2091 -0.0144956645 0.0260736979 0.0132630364 0 0 0
nt@synapse_cleft 2092 0.0191497346 0.031176358 0.0087447713 0 0 0
nt@synapse_cleft 2094 -0.00589275785 -0.00433103002 0.0126704351 0 0 0
nt@synapse_cleft 2096 -0.0140129802 -0.00563643905 0.00151667211 0 0 0
nt@synapse_cleft 2101 -0.00905136283 -0.0131058741 0.00997309755 0 0 0
nt@synapse_cleft 2104 0.0218988967 0.00601714977 0.0031749495 0 0 0
nt@synapse_cleft 2112 -0.0100307556 -0.0238883539 0.00622933238 0 0 0
nt@synapse_cleft 2115 -0.0256482308 0.00916757657 0.0118368132 0 0 0
nt@synapse_cleft 2124 0.00126465735 0.0435820152 0.00441752154 0 0 0
nt@synapse_cleft 2127 0.0173769169 0.0147844093 0.000915830474 0 0 0
nt@synapse_cleft 2133 0.0120616714 -0.00364554149 0.00650281488 0 0 0
nt@synapse_cleft 2137 -0.034034479 0.0565564671 0.00073237091 0 0 0
nt@synapse_cleft 2148 0.0318991557 -0.0579488525 0.00261807394 0 0 0
nt@synapse_cleft 2156 0.0367139173 -0.0296127515 0.0163710378 0 0 0
nt@synapse_cleft 2162 -0.0167445055 0.0143223551 0.0156502131 0 0 0
nt@synapse_cleft 2163 0.0139101941 -0.00172907809 0.0169164697 0 0 0
nt@synapse_cleft 2170 0.0148643051 0.00673920782 0.016577687 0 0 0
nt@synapse_cleft 2177 -0.0152781909 -0.0357980792 0.00189898474 0 0 0
nt@synapse_cleft 2185 -0.0108110891 -0.0107387935 0.00717046782 0 0 0
nt@synapse_cleft 2187 -0.014192218 0.00496206327 0.00999950995 0 0 0
nt@synapse_cleft 2188 -0.0047053891 0.0373567781 0.0071050991 0 0 0
nt@synapse_cleft 2199 0.00290910318 -0.022585437 0.00428674488 0 0 0
nt@synapse_cleft 2204 -0.0380084973 0.00510916159 0.0150167472 0 0 0
nt@synapse_cleft 2206 -0.0153697626 -0.0196359427 0.0146930347 0 0 0
nt@synapse_cleft 2207 0.03087632 0.00917970351 0.0174316862 0 0 0
nt@synapse_cleft 2217 0.018258818 -0.0413316086 0.00294394647 0 0 0
nt@synapse_cleft 2218 0.0161407175 0.0142566227 0.0155566247 0 0 0
nt@synapse_cleft 2223 -0.0191140444 0.0178919022 0.00390142784 0 0 0
nt@synapse_cleft 2228 -0.003867799 0.0131085 0.00747501293 0 0 0
nt@synapse_cleft 2235 -0.0058860173 -0.016897698 0.0147721527 0 0 0
nt@synapse_cleft 2236 0.00216848949 0.0200366827 0.0099516291 0 0 0
nt@synapse_cleft 2248 -0.032500823 -0.00255179307 0.00383380409 0 0 0
nt@synapse_cleft 2251 -0.00309976461 0.00131465072 0.0127581956 0 0 0
nt@synapse_cleft 2254 -0.00586805135 -0.0191894473 0.0199686637 0 0 0
nt@synapse_cleft 2257 -0.000254428676 -0.00447701645 0.0048231985 0 0 0
nt@synapse_cleft 2262 -0.00435854508 0.033312837 0.0195525278 0 0 0
nt@synapse_cleft 2265 0.0348386885 0.0233782839 0.00494889376 0 0 0
nt@synapse_cleft 2271 -0.0565408573 0.025789747 0.00280418692 0 0 0
nt@synapse_cleft 2274 -0.0105000157 0.0425107683 0.00727760108 0 0 0
nt@synapse_cleft 2278 0.0230062437 0.0348109341 0.00936184734 0 0 0
nt@synapse_cleft 2279 -0.00995665138 0.0103394554 0.0112910471 0 0 0
nt@synapse_cleft 2283 0.0348489448 -0.0253936294 0.00681849558 0 0 0
nt@synapse_cleft 2284 0.0274859974 -0.00112745216 0.0132815599 0 0 0
nt@synapse_cleft 2285 -0.0219530243 -0.0118223617 0.0122117976 0 0 0
nt@synapse_cleft 2289 0.0102548802 -0.00284771594 0.00212911836 0 0 0
nt@synapse_cleft 2292 -0.0096152519 0.00128638328 0.0137426471 0 0 0
nt@synapse_cleft 2298 -0.0397985713 -0.023742647 0.0136072194 0 0 0
nt@synapse_cleft 2306 -0.00132245646 -0.0490984805 0.0117323426 0 0 0
nt@synapse_cleft 2308 -0.0361030936 0.00755390872 0.0062881957 0 0 0
nt@synapse_cleft 2309 -0.00352854783 -0.0018805914 0.00665484241 0 0 0
nt@synapse_cleft 2314 -0.000423986014 -0.030690499 0.0115736507 0 0 0
nt@synapse_cleft 2317 0.0372510841 0.00426959871 0.00542937139 0 0 0
nt@synapse_cleft 2320 0.0253141341 -0.030718565 0.00131215605 0 0 0
nt@synapse_cleft 2321 0.0536184734 0.00490222602 0.00169238207 0 0 0
nt@synapse_cleft 2326 0.0188654359 0.0200028879 0.00332457345 0 0 0
nt@synapse_cleft 2327 -0.0312225534 -0.0383767052 0.0157775585 0 0 0
nt@synapse_cleft 2330 -0.0358257033 0.0112597942 0.0123185498 0 0 0
nt@synapse_cleft 2332 -0.0206701945 -0.00790073979 0.0190350983 0 0 0
nt@synapse_cleft 2343 0.00221402977 0.000817572314 0.00780545018 0 0 0
nt@synapse_cleft 2349 0.0374152612 -0.00268606767 0.00928723665 0 0 0
nt@synapse_cleft 2367 -0.0189460202 -0.0404383315 0.0137870289 0 0 0
nt@synapse_cleft 2369 -0.0136646655 -0.00272819396 0.00586365059 0 0 0
nt@synapse_cleft 2383 0.0186305347 -0.0354286371 0.016636058 0 0 0
nt@synapse_cleft 2386 -0.01034056 -0.0190759977 0.00223004692 0 0 0
nt@synapse_cleft 2389 -0.002278708 -0.0259391797 0.00433662182 0 0 0
nt@synapse_cleft 2397 0.00793362579 -0.0528856609 0.0148962132 0 0 0
nt@synapse_cleft 2400 -0.0215504286 -0.0456158983 0.0114669977 0 0 0
nt@synapse_cleft 2410 0.0213228162 0.00465794742 0.016340131 0 0 0
nt@synapse_cleft 2411 0.0147504636 -0.0468563847 0.00327408591 0 0 0
nt@synapse_cleft 2412 -0.00458397365 0.0201642517 0.0117767656 0 0 0
nt@synapse_cleft 2417 -0.0146178092 0.00769952603 0.0139292688 0 0 0
nt@synapse_cleft 2421 -0.00537912872 0.023134334 0.00545399884 0 0 0
nt@synapse_cleft 2423 0.0146080572 -0.0407320055 0.0013943746 0 0 0
nt@synapse_cleft 2437 0.0291714659 0.0130012011 0.00859442837 0 0 0
nt@synapse_cleft 2438 -1.33812281e-05 -0.0466551349 0.00286396581 0 0 0
nt@synapse_cleft 2440 -0.030140497 -0.0259014727 0.00773395334 0 0 0
nt@synapse_cleft 2448 0.00528708367 -0.000814065355 0.0132070099 0 0 0
nt@synapse_cleft 2456 -0.0221726971 -0.00622836269 0.0172129309 0 0 0
nt@synapse_cleft 2459 -0.00200510195 0.0478247103 0.00373369695 0 0 0
nt@synapse_cleft 2462 -0.0127479815 0.0443320442 0.00571069954 0 0 0
nt@synapse_cleft 2468 -0.0537299471 -0.017621893 0.0150659683 0 0 0
nt@synapse_cleft 2472 0.0458555969 -0.0500993129 0.0177044607 0 0 0
nt@synapse_cleft 2480 -0.00860169366 -0.0203427582 0.00592065024 0 0 0
nt@synapse_cleft 2481 -0.0237925267 -0.0147626294 0.00201270235 0 0 0
nt@synapse_cleft 2483 0.03674912 0.0256962714 0.0177719536 0 0 0
nt@synapse_cleft 2491 0.0108584598 0.00718051838 0.01707639 0 0 0
nt@synapse_cleft 2493 0.0237520202 -0.04857057 0.000922416482 0 0 0
nt@synapse_cleft 2498 0.0168029265 -0.022214557 3.14885147e-05 0 0 0
nt@synapse_cleft 2501 0.00247860032 0.00796301694 0.00391412902 0 0 0
nt@synapse_cleft 2502 0.0178281255 -0.0358342082 0.0158903075 0 0 0
nt@synapse_cleft 2509 -0.00574813034 -0.0207936473 0.017941048 0 0 0
nt@synapse_cleft 2510 0.000938572686 0.00505768518 0.0113609921 0 0 0
nt@synapse_cleft 2513 0.00124973979 0.00640492647 0.00672408771 0 0 0
nt@synapse_cleft 2517 0.000910062543 -0.00369728307 0.0194385954 0 0 0
nt@synapse_cleft 2520 0.0249803648 0.0240948652 0.0094045033 0 0 0
nt@synapse_cleft 2521 0.0079133905 0.0148511108 0.0124532576 0 0 0
nt@synapse_cleft 2525 0.031054753 0.0162958967 0.0123541977 0 0 0
nt@synapse_cleft 2528 -0.0110172795 -0.000810276031 0.0142160977 0 0 0
nt@synapse_cleft 2539 -0.0062977456 0.0154658138 0.0177009365 0 0 0
nt@synapse_cleft 2542 0.0219508491 -0.0254231996 0.0130330085 0 0 0
nt@synapse_cleft 2549 -0.00640408251 0.0676300235 0.0174891388 0 0 0
nt@synapse_cleft 2550 0.0432330924 -0.0121321563 0.0117231342 0 0 0
nt@synapse_cleft 2555 0.0577478013 -0.0236506186 0.000277610739 0 0 0
nt@synapse_cleft 2560 -0.0316208306 0.0170943215 0.00267581701 0 0 0
nt@synapse_cleft 2561 0.0194426419 0.0489513321 0.00127416576 0 0 0
nt@synapse_cleft 2563 0.00606233275 0.0199358896 0.00948419997 0 0 0
nt@synapse_cleft 2564 -0.020399903 0.0433808577 0.00727466921 0 0 0
nt@synapse_cleft 2566 -0.00265258374 -0.00276633057 0.00626892043 0 0 0
nt@synapse_cleft 2570 0.0141377604 0.00671575611 0.0126802625 0 0 0
nt@synapse_cleft 2571 0.0165407777 -0.042730815 0.0035069656 0 0 0
nt@synapse_cleft 2577 0.0031333027 0.0286322075 0.0129922093 0 0 0
nt@synapse_cleft 2586 0.0407585104 -0.0116374616 0.0170642108 0 0 0
nt@synapse_cleft 2591 -0.00246747028 -0.00355926721 0.00630298275 0 0 0
nt@synapse_cleft 2597 -0.0180462629 0.00208385197 0.0125755561 0 0 0
nt@synapse_cleft 2600 0.00725858688 0.0461497015 0.00902205126 0 0 0
nt@synapse_cleft 2603 0.0151575526 -0.0168248468 0.0196752291 0 0 0
nt@synapse_cleft 2604 0.0316075183 -0.00923387531 0.0126193129 0 0 0
nt@synapse_cleft 2610 0.00363941421 -0.0363716195 0.0037522547 0 0 0
nt@synapse_cleft 2613 -0.0393427258 -0.0232484717 0.0187583881 0 0 0
nt@synapse_cleft 2615 -0.00501069984 -0.070963279 0.00793676004 0 0 0
nt@synapse_cleft 2617 -0.0131333401 0.0180713691 0.0155430802 0 0 0
nt@synapse_cleft 2623 -0.0177803441 -0.0221285647 0.00159799553 0 0 0
nt@synapse_cleft 2625 -0.0524744632 -0.0204739227 0.00143954912 0 0 0
nt@synapse_cleft 2628 0.0343386427 -0.0261277944 0.0188610563 0 0 0
nt@synapse_cleft 2631 -0.00302473553 0.0240258023 0.0157588605 0 0 0
nt@synapse_cleft 2639 0.00923017189 -0.00638295344 0.00701847564 0 0 0
nt@synapse_cleft 2641 -0.0265187646 -0.0211817999 0.000952631028 0 0 0
nt@synapse_cleft 2645 0.0114129876 0.0258031828 0.00162755367 0 0 0
nt@synapse_cleft 2650 0.0335963322 -0.00827550968 0.00788369522 0 0 0
nt@synapse_cleft 2652 -0.0126186083 0.00155170812 0.0115686088 0 0 0
nt@synapse_cleft 2660 -0.0112297068 -0.0249601211 0.0187703522 0 0 0
nt@synapse_cleft 2670 -0.028181617 -0.00554812246 0.00592301073 0 0 0
nt@synapse_cleft 2674 -0.0163105775 0.00383933219 0.00597028087 0 0 0
nt@synapse_cleft 2675 -0.0149401901 0.00540080753 0.0160833682 0 0 0
nt@synapse_cleft 2680 -0.0571166893 -0.0268757101 0.00220083078 0 0 0
nt@synapse_cleft 2681 -0.0333035452 -0.0206100964 0.0148347052 0 0 0
nt@synapse_cleft 2688 -0.0544336866 0.0539545735 0.0127531449 0 0 0
nt@synapse_cleft 2702 -0.00404591334 -0.0129310833 0.0026107623 0 0 0
nt@synapse_cleft 2708 -0.0431242708 -0.00333850373 0.00247927421 0 0 0
nt@synapse_cleft 2709 0.00602103362 0.00476834552 0.0182216081 0 0 0
nt@synapse_cleft 2710 -0.0103649007 -0.0229374911 0.00852030451 0 0 0
nt@synapse_cleft 2713 -0.000613779805 -0.0243370501 0.0130085144 0 0 0
nt@synapse_cleft 2714 0.045966361 0.0245841113 0.00984437011 0 0 0
nt@synapse_cleft 2720 0.0123723116 0.0189668269 0.00914499545 0 0 0
nt@synapse_cleft 2724 0.0128519272 -0.0157764658 0.00912959764 0 0 0
nt@synapse_cleft 2729 0.026684672 -0.0102418448 0.0197885418 0 0 0
nt@synapse_cleft 2734 0.0306849368 0.00326173414 0.0155282176 0 0 0
nt@synapse_cleft 2739 0.0287379449 -0.012293091 0.0105639236 0 0 0
nt@synapse_cleft 2743 0.00362552934 -0.0313517282 0.015422547 0 0 0
nt@synapse_cleft 2750 0.0391461348 -0.0363603971 0.0154762981 0 0 0
nt@synapse_cleft 2752 -0.0183246177 -0.0162432409 0.0167236161 0 0 0
nt@synapse_cleft 2756 0.0322492247 -0.0212455128 0.00661709508 0 0 0
nt@synapse_cleft 2758 0.0036018564 -0.0139921861 0.0149917189 0 0 0
nt@synapse_cleft 2766 -0.0455862628 0.0315657599 0.014990819 0 0 0
nt@synapse_cleft 2775 0.042004216 -0.0201760439 0.0137518504 0 0 0
nt@synapse_cleft 2785 0.00646483245 0.0250323344 0.00630759118 0 0 0
nt@synapse_cleft 2798 -0.0239850745 0.022714825 0.0151508428 0 0 0
nt@synapse_cleft 2807 -0.0169251822 0.0191433911 0.00942621706 0 0 0
nt@synapse_cleft 2808 0.0148418434 0.0527272404 0.0120834387 0 0 0
nt@synapse_cleft 2815 -0.0074309084 0.00600800607 0.0170773094 0 0 0
nt@synapse_cleft 2820 0.0143984968 -0.000891172034 0.0158050232 0 0 0
nt@synapse_cleft 2828 0.0161525747 -0.0508767456 0.000505333574 0 0 0
nt@synapse_cleft 2837 -0.00605244345 0.00904908725 0.0189319699 0 0 0
nt@synapse_cleft 2848 0.00873036593 0.0100919511 0.00253469271 0 0 0
nt@synapse_cleft 2854 0.0155535295 -0.010372727 0.00739380924 0 0 0
nt@synapse_cleft 2855 -0.0227658843 -0.028702251 0.00437588862 0 0 0
nt@synapse_cleft 2857 0.0248493836 -0.0248578503 0.0166282509 0 0 0
nt@synapse_cleft 2861 -0.0244587812 0.000655319769 0.00569794612 0 0 0
nt@synapse_cleft 2863 -0.0311066365 0.0141220947 0.00263690025 0 0 0
nt@synapse_cleft 2868 0.00260989922 0.0142596457 0.00432170442 0 0 0
nt@synapse_cleft 2871 0.00776271761 -0.0506894157 0.0199239073 0 0 0
nt@synapse_cleft 2875 0.012299353 0.0155481074 0.0198780805 0 0 0
nt@synapse_cleft 2876 -0.0192685111 0.000488586308 0.0169223166 0 0 0
nt@synapse_cleft 2880 0.00183649138 0.0147942593 0.00866645959 0 0 0
nt@synapse_cleft 2884 0.038845017 -0.000477283789 0.01368654 0 0 0
nt@synapse_cleft 2887 0.00227117185 -0.0220908414 0.0172218964 0 0 0
nt@synapse_cleft 2894 0.0142041032 0.00830967383 0.00554897137 0 0 0
nt@synapse_cleft 2895 0.0635746545 -0.00617274061 0.0137964668 0 0 0
nt@synapse_cleft 2897 -0.000721090894 -0.0367232086 0.0144020376 0 0 0
nt@synapse_cleft 2905 -0.0183572853 0.0188033919 0.0122576013 0 0 0
nt@synapse_cleft 2909 0.0362727651 -0.0128810072 0.018720265 0 0 0
nt@synapse_cleft 2910 -0.0415892525 0.0152806164 0.0193328676 0 0 0
nt@synapse_cleft 2912 0.0180448268 -0.0145604111 0.00773584666 0 0 0
nt@synapse_cleft 2915 0.0170995246 -0.0318074714 0.0162751396 0 0 0
nt@synapse_cleft 2918 -0.0139494061 -0.05983669 0.0139802896 0 0 0
nt@synapse_cleft 2920 0.0129229106 -0.00701262485 0.0188067514 0 0 0
nt@synapse_cleft 2921 0.00188589536 0.0490994688 0.000641396322 0 0 0
nt@synapse_cleft 2922 0.0649319067 -0.0235355923 0.0197522568 0 0 0
nt@synapse_cleft 2925 -0.00999503623 0.0275779485 0.0160185209 0 0 0
nt@synapse_cleft 2928 -0.00661894657 0.0573192052 0.00366864558 0 0 0
nt@synapse_cleft 2933 -0.0146873815 -0.00844083189 0.00703833801 0 0 0
nt@synapse_cleft 2935 -0.0328681544 -0.0010490633 0.0175242064 0 0 0
nt@synapse_cleft 2940 0.00362845246 -0.0231280513 0.000722636175 0 0 0
nt@synapse_cleft 2945 -0.0240998362 -0.0123050728 0.0122185359 0 0 0
nt@synapse_cleft 2946 0.00826681652 -0.0101937015 0.012844221 0 0 0
nt@synapse_cleft 2961 0.0758400551 -0.0284885522 0.0019203922 0 0 0
nt@synapse_cleft 2962 0.0184809358 0.0140327662 0.00329282306 0 0 0
nt@synapse_cleft 2967 -0.0156651799 -0.0480423387 0.00559677714 0 0 0
nt@synapse_cleft 2983 0.0111757625 -0.0410419345 0.00121771399 0 0 0
nt@synapse_cleft 2992 -0.0241383751 0.0241114027 0.0115605687 0 0 0
nt@synapse_cleft 2993 0.000261475292 0.047806162 0.00106782046 0 0 0
nt@synapse_cleft 2997 0.0223384248 -0.0183694413 0.00375468497 0 0 0
nt@synapse_cleft 3006 0.0237975498 0.0302474427 0.00658635738 0 0 0
nt@synapse_cleft 3008 0.0172982922 0.0606791801 0.00965559691 0 0 0
nt@synapse_cleft 3012 0.0278715681 -0.00544829813 0.00862639466 0 0 0
nt@synapse_cleft 3019 -0.0133344917 0.00604623051 0.0095609668 0 0 0
nt@synapse_cleft 3020 -0.0203001414 -0.0158515959 0.00722476105 0 0 0
nt@synapse_cleft 3024 0.0192470647 0.0156848235 0.0139589366 0 0 0
nt@synapse_cleft 3026 -0.0166575715 0.00563672922 0.00848334781 0 0 0
nt@synapse_cleft 3042 0.000616559605 0.0121645245 0.00991699384 0 0 0
nt@synapse_cleft 3047 0.0326453073 0.0479040786 0.0011212624 0 0 0
nt@synapse_cleft 3057 0.0114623132 -0.0132450131 0.0173637724 0 0 0
nt@synapse_cleft 3061 -0.00171172557 0.0352408969 0.00178549806 0 0 0
nt@synapse_cleft 3062 0.00037493894 -0.0171466947 0.0049390933 0 0 0
nt@synapse_cleft 3069 0.0463867792 -0.034099424 0.01410271 0 0 0
nt@synapse_cleft 3073 -0.00668019213 0.0396597004 0.00476128425 0 0 0
nt@synapse_cleft 3082 0.0142869209 0.0266190191 0.0148092979 0 0 0
nt@synapse_cleft 3089 -0.00343568666 -0.00975232587 0.00162432695 0 0 0
nt@synapse_cleft 3096 -0.00390201673 0.0377121799 0.00345719925 0 0 0
nt@synapse_cleft 3097 0.0392358409 0.0189409658 0.00137764932 0 0 0
nt@synapse_cleft 3099 -0.0207358208 0.0178108452 0.00412954724 0 0 0
nt@synapse_cleft 3111 -0.0130337016 -0.0115336661 0.002867578 0 0 0
nt@synapse_cleft 3113 -0.0111328023 0.02323139 0.0148515616 0 0 0
nt@synapse_cleft 3114 0.0272167884 0.0300146942 0.0184489641 0 0 0
nt@synapse_cleft 3122 -0.0163964366 0.00197381759 0.00080694592 0 0 0
nt@synapse_cleft 3132 -0.0227132691 -0.00726050851 0.00263113687 0 0 0
nt@synapse_cleft 3134 0.00568411606 0.0322189109 0.0157064272 0 0 0
nt@synapse_cleft 3150 0.0310296655 -0.0709713842 0.0110163923 0 0 0
nt@synapse_cleft 3155 -0.000216556747 0.0141734525 0.0181715905 0 0 0
nt@synapse_cleft 3158 -0.0163451386 -0.00970533426 0.00321451437 0 0 0
nt@synapse_cleft 3159 -0.022284388 0.0140880573 0.011138757 0 0 0
nt@synapse_cleft 3165 0.0170312966 -0.00304471178 0.0112742056 0 0 0
nt@synapse_cleft 3167 0.00429008634 0.0238970443 0.00916359153 0 0 0
nt@synapse_cleft 3177 0.0196404578 -0.0430843744 0.00558175699 0 0 0
nt@synapse_cleft 3178 -0.00741977285 -0.0208954906 0.0005522251 0 0 0
nt@synapse_cleft 3179 0.0171789639 -0.0064788044 0.0101414157 0 0 0
nt@synapse_cleft 3181 0.00378571549 0.0224614798 0.00206360916 0 0 0
nt@synapse_cleft 3182 -0.00777233345 -0.010998735 0.014801912 0 0 0
nt@synapse_cleft 3183 -0.00038524214 -0.0253062425 0.0190460035 0 0 0
nt@synapse_cleft 3184 0.00461066886 0.0220499387 0.00172492368 0 0 0
nt@synapse_cleft 3185 -0.00320089584 -0.0158091809 0.000919647009 0 0 0
nt@synapse_cleft 3190 0.0193109292 -0.00281009312 0.00412703238 0 0 0
nt@synapse_cleft 3199 -0.00513141204 0.0465930457 0.0137737733 0 0 0
nt@synapse_cleft 3202 0.00515579697 0.0354650501 0.010258475 0 0 0
nt@synapse_cleft 3207 -0.00975908997 -0.00574421977 0.00598438336 0 0 0
nt@synapse_cleft 3214 -0.0082040056 -0.00453197821 0.00969366377 0 0 0
nt@synapse_cleft 3220 0.00270675585 0.0183118747 0.0033975945 0 0 0
nt@synapse_cleft 3222 -0.0482329165 -0.0163898854 0.00754003917 0 0 0
nt@synapse_cleft 3227 0.00200297317 0.0078231441 0.0112768635 0 0 0
nt@synapse_cleft 3247 0.00561893331 -0.00583395033 0.0143007453 0 0 0
nt@synapse_cleft 3248 -0.021942523 -0.0316376398 0.0167619698 0 0 0
nt@synapse_cleft 3249 -0.0167552824 0.00780464544 0.00485563076 0 0 0
nt@synapse_cleft 3275 -0.00488364252 -0.00911726658 0.00760208342 0 0 0
nt@synapse_cleft 3304 0.026320359 0.0710089957 0.0122512665 0 0 0
nt@synapse_cleft 3308 -0.0250517439 0.0356409923 0.004809139 0 0 0
nt@synapse_cleft 3312 0.00284922486 -0.00669006779 0.00423518288 0 0 0
nt@synapse_cleft 3313 -0.00542663994 -0.00980854406 0.0184407524 0 0 0
nt@synapse_cleft 3316 0.0219603587 0.00132231091 0.0097008928 0 0 0
nt@synapse_cleft 3324 -0.00948582965 -0.00224720117 0.00657162821 0 0 0
nt@synapse_cleft 3326 0.0129438558 -0.0192159887 0.00188695144 0 0 0
nt@synapse_cleft 3327 -0.0057445255 -0.0349133933 0.014642908 0 0 0
nt@synapse_cleft 3334 0.0194475132 -0.00107544423 0.00543868176 0 0 0
nt@synapse_cleft 3335 0.0394421009 0.00981962252 0.00517509685 0 0 0
nt@synapse_cleft 3338 0.00871905295 -0.0358867488 0.013253327 0 0 0
nt@synapse_cleft 3341 0.0214987712 -0.00168367257 0.00374419285 0 0 0
nt@synapse_cleft 3342 0.0154033086 -0.0112397085 0.0165424184 0 0 0
nt@synapse_cleft 3347 0.0196810849 -0.0423585898 0.00670833729 0 0 0
nt@synapse_cleft 3354 -0.0146754106 -0.0195476243 0.0112867851 0 0 0
nt@synapse_cleft 3367 0.00725231957 0.0151223623 0.0196887686 0 0 0
nt@synapse_cleft 3372 -0.0448591197 -0.0203796578 0.0156883905 0 0 0
nt@synapse_cleft 3375 0.0443905465 0.0267198391 0.0117295569 0 0 0
nt@synapse_cleft 3378 0.011000426 0.0370168562 0.000627954796 0 0 0
nt@synapse_cleft 3394 -0.00805658545 -0.00991887878 0.00459055639 0 0 0
nt@synapse_cleft 3401 0.0422051604 -0.00650781748 0.0170336919 0 0 0
nt@synapse_cleft 3402 -0.00721974775 -0.0127489795 0.000337026455 0 0 0
nt@synapse_cleft 3404 0.0172554663 -0.0207753171 0.00603048337 0 0 0
nt@synapse_cleft 3407 0.0153585622 0.0468724671 0.00609382788 0 0 0
nt@synapse_cleft 3413 0.0239326497 0.0247947248 0.0017465779 0 0 0
nt@synapse_cleft 3415 -0.0219829235 0.0165331821 0.0116805659 0 0 0
nt@synapse_cleft 3419 -0.0275165905 0.0218397765 0.00228741072 0 0 0
nt@synapse_cleft 3429 0.0394096662 -0.0178053319 0.0197272515 0 0 0
nt@synapse_cleft 3432 0.051816698 -0.070108172 0.000156922833 0 0 0
nt@synapse_cleft 3445 0.00865191433 0.0140275494 0.0189672542 0 0 0
nt@synapse_cleft 3451 0.0196641996 0.010627057 0.00251136351 0 0 0
nt@synapse_cleft 3455 -0.00226301174 -0.0033538599 0.0102475426 0 0 0
nt@synapse_cleft 3467 -0.0661498693 0.00414933826 0.00591654802 0 0 0
nt@synapse_cleft 3470 0.0246440752 -0.0123703704 0.0190934025 0 0 0
nt@synapse_cleft 3472 -0.0171699375 0.0184382132 0.0184215195 0 0 0
nt@synapse_cleft 3474 0.0336776342 0.0013780412 0.00170046871 0 0 0
nt@synapse_cleft 3482 -0.0675303285 -0.0485347925 0.0140503176 0 0 0
nt@synapse_cleft 3484 -0.00397261853 0.019308488 0.014393384 0 0 0
nt@synapse_cleft 3496 0.000682484925 -0.00563690546 0.0170862978 0 0 0
nt@synapse_cleft 3500 0.0229045377 -0.0332820124 0.0173396386 0 0 0
nt@synapse_cleft 3507 -0.0132140958 -0.00986641456 0.0195455936 0 0 0
nt@synapse_cleft 3511 0.0193850867 -0.0219885007 0.00811427865 0 0 0
nt@synapse_cleft 3514 -0.00404690582 -0.0129918464 0.0108305867 0 0 0
nt@synapse_cleft 3519 0.0394394868 -0.0399686992 0.0107185238 0 0 0
nt@synapse_cleft 3525 -0.0112939702 -0.0128668538 0.0129279927 0 0 0
nt@synapse_cleft 3526 0.012821744 -0.047173962 0.00403003757 0 0 0
nt@synapse_cleft 3535 0.00677767561 -0.000421041584 0.00157677318 0 0 0
nt@synapse_cleft 3536 0.000361218826 0.00645121986 0.0176522529 0 0 0
nt@synapse_cleft 3538 -0.0245207612 0.0109805006 0.00277104984 0 0 0
nt@synapse_cleft 3542 0.00291150123 0.0397773182 0.00659054202 0 0 0
nt@synapse_cleft 3543 -0.0159676984 -0.0108338572 0.00197546044 0 0 0
nt@synapse_cleft 3546 0.00586560022 0.0174155196 0.0104524032 0 0 0
nt@synapse_cleft 3561 -0.0217100109 0.0105931623 0.00754864974 0 0 0
nt@synapse_cleft 3562 -0.0623179038 -0.00430383015 0.00466162061 0 0 0
nt@synapse_cleft 3563 0.00874521326 -0.009609088 0.0187708502 0 0 0
nt@synapse_cleft 3565 0.0300475841 -0.0333615079 0.000972036843 0 0 0
nt@synapse_cleft 3566 -0.00244320604 0.0498179057 0.000340267351 0 0 0
nt@synapse_cleft 3567 0.00347423058 0.00693835136 0.0105586248 0 0 0
nt@synapse_cleft 3568 0.0318678603 -0.0381065259 0.0101049643 0 0 0
nt@synapse_cleft 3569 0.0259730653 -0.0121484767 0.00959992589 0 0 0
nt@synapse_cleft 3575 -0.0100140607 0.00564288607 0.000148649723 0 0 0
nt@synapse_cleft 3576 0.0424413036 -0.00325874937 0.00724607149 0 0 0
nt@synapse_cleft 3579 -0.00471958432 -0.019413122 0.00664574571 0 0 0
nt@synapse_cleft 3583 -0.00725531355 0.0102900663 0.0127457685 0 0 0
nt@synapse_cleft 3592 0.0397378738 0.0332649413 0.0191550509 0 0 0
nt@synapse_cleft 3597 0.0172974872 -0.0469194581 0.0185348642 0 0 0
nt@synapse_cleft 3602 -0.0314098173 -0.00771040734 0.00904141165 0 0 0
nt@synapse_cleft 3603 -0.00949019525 0.0280969789 0.017858935 0 0 0
nt@synapse_cleft 3606 -0.0119224879 0.00178300565 0.00752040642 0 0 0
nt@synapse_cleft 3610 -0.0003616737 0.00970701251 0.000494462583 0 0 0
nt@synapse_cleft 3611 0.0158564219 -0.00785067949 0.00948434043 0 0 0
nt@synapse_cleft 3616 -0.0228462684 0.0406874585 0.0157335138 0 0 0
nt@synapse_cleft 3617 0.00655031361 -0.0580989347 0.0128135364 0 0 0
nt@synapse_cleft 3620 0.00669318317 0.0227874631 0.0155743326 0 0 0
nt@synapse_cleft 3625 0.0280259509 0.00122803745 0.00976918622 0 0 0
nt@synapse_cleft 3630 0.0177165484 0.0207088302 0.0167266653 0 0 0
nt@synapse_cleft 3635 -0.0110035205 0.00974247152 0.000787040604 0 0 0
nt@synapse_cleft 3636 -0.0243197015 -0.00503155449 0.0161875613 0 0 0
nt@synapse_cleft 3645 0.00117037975 -0.0196780309 0.00540979335 0 0 0
nt@synapse_cleft 3658 0.011993838 -0.0221274443 0.0114077953 0 0 0
nt@synapse_cleft 3661 0.0303855012 0.00816544763 0.0184600987 0 0 0
nt@synapse_cleft 3664 0.0457251029 -0.0269207294 0.00382026781 0 0 0
nt@synapse_cleft 3667 -0.0209236127 0.0090767792 0.00894281025 0 0 0
nt@synapse_cleft 3670 0.0224282735 -0.0255024189 0.0169899566 0 0 0
nt@synapse_cleft 3681 0.0419879884 -0.0145270402 0.0126662862 0 0 0
nt@synapse_cleft 3689 -0.00296123618 -0.017232145 0.0189559818 0 0 0
nt@synapse_cleft 3690 0.0262726578 -0.0172147236 0.0183964746 0 0 0
nt@synapse_cleft 3693 -0.0585857215 -0.0437088107 0.0103165941 0 0 0
nt@synapse_cleft 3706 0.0308597142 -0.0029368686 0.0175854599 0 0 0
nt@synapse_cleft 3707 -0.0423329287 -0.0148308532 0.0175699817 0 0 0
nt@synapse_cleft 3713 0.0305836653 -0.0193394437 0.010056299 0 0 0
nt@synapse_cleft 3714 -0.0575432142 -0.00799611024 0.0105011922 0 0 0
nt@synapse_cleft 3726 0.000121102424 -0.0642656692 0.0104131925 0 0 0
nt@synapse_cleft 3728 0.00155298519 0.0297891589 0.001984209 0 0 0
nt@synapse_cleft 3730 0.0231227818 0.0280449561 0.0151419095 0 0 0
nt@synapse_cleft 3731 -0.00110278583 0.00556715743 0.0178963799 0 0 0
nt@synapse_cleft 3737 0.00292244002 0.0194603924 0.0192744233 0 0 0
nt@synapse_cleft 3738 -0.00277682781 0.0238205509 0.0136713139 0 0 0
nt@synapse_cleft 3739 0.00739842051 0.053246107 0.00806852691 0 0 0
nt@synapse_cleft 3745 -0.0030792661 0.0163404755 0.0101568672 0 0 0
nt@synapse_cleft 3751 0.00608517778 0.000604541908 0.0120085418 0 0 0
nt@synapse_cleft 3758 -0.0218007119 -0.0353857902 0.00253125621 0 0 0
nt@synapse_cleft 3759 -0.00355380678 -0.0215854869 0.00804464912 0 0 0
nt@synapse_cleft 3760 -0.0171750494 0.036633755 0.000871209639 0 0 0
nt@synapse_cleft 3763 0.0470196976 0.0386262822 0.010581718 0 0 0
nt@synapse_cleft 3768 0.0131842293 -0.0249549428 0.0110594678 0 0 0
nt@synapse_cleft 3770 0.0101861066 0.00839893983 0.0178753086 0 0 0
nt@synapse_cleft 3771 0.0156723287 -0.00565979592 0.0182732378 0 0 0
nt@synapse_cleft 3775 0.00577503733 0.000342923217 0.0193740314 0 0 0
nt@synapse_cleft 3783 -0.0171294809 -0.0183906449 0.0172974496 0 0 0
nt@synapse_cleft 3788 -0.0299536125 -0.011148736 0.00137660559 0 0 0
nt@synapse_cleft 3793 -0.0150501108 -0.0186667182 0.00213605227 0 0 0
nt@synapse_cleft 3800 0.0348421581 0.00308489854 0.00925176188 0 0 0
nt@synapse_cleft 3802 0.0303382526 0.0200210809 0.0128808698 0 0 0
nt@synapse_cleft 3811 -0.0305741105 -0.00579699618 0.018934953 0 0 0
nt@synapse_cleft 3827 0.0068494052 0.0319956824 0.00452858018 0 0 0
nt@synapse_cleft 3831 0.00323385776 -0.0361769229 0.00342555492 0 0 0
nt@synapse_cleft 3834 0.0416028476 -0.0215327775 0.013755651 0 0 0
nt@synapse_cleft 3835 0.0237924119 -0.0372047331 0.016411838 0 0 0
nt@synapse_cleft 3841 0.0170054793 -0.0259140506 0.011129431 0 0 0
nt@synapse_cleft 3844 -0.00529902922 -0.0117477997 0.000767031039 0 0 0
nt@synapse_cleft 3846 -0.0189644364 0.0134956855 0.00697981647 0 0 0
nt@synapse_cleft 3848 0.0267287944 0.0206958077 0.0157442445 0 0 0
nt@synapse_cleft 3850 -0.0333348782 0.00801644594 0.0104861145 0 0 0
nt@synapse_cleft 3859 0.0497264061 -0.000139785504 0.0157467051 0 0 0
nt@synapse_cleft 3879 0.020170467 -0.0321344122 0.000549199481 0 0 0
nt@synapse_cleft 3886 0.0149187843 0.0445520279 0.0135655216 0 0 0
nt@synapse_cleft 3891 -0.000321633963 -0.0153951284 0.0112719866 0 0 0
nt@synapse_cleft 3902 -0.010037653 0.00430779939 0.0152366803 0 0 0
nt@synapse_cleft 3907 -0.0248605466 -0.0164957111 0.00599294658 0 0 0
nt@synapse_cleft 3909 0.00504940098 0.0393724226 0.00711703895 0 0 0
nt@synapse_cleft 3917 -0.00753971924 -0.0218729519 0.00660387853 0 0 0
nt@synapse_cleft 3918 -0.00868902982 -0.0107307371 0.0102816855 0 0 0
nt@synapse_cleft 3921 0.019536897 0.0371948982 0.0154905089 0 0 0
nt@synapse_cleft 3927 0.00570138309 0.0325494021 0.00713004013 0 0 0
nt@synapse_cleft 3932 0.0153102625 -0.0154093801 0.0107336023 0 0 0
nt@synapse_cleft 3940 -0.00091430556 -0.0263358543 0.00869461807 0 0 0
nt@synapse_cleft 3941 -0.0227593512 0.0139397762 0.00279379225 0 0 0
nt@synapse_cleft 3949 -0.0208981101 0.00708381327 0.00789914143 0 0 0
nt@synapse_cleft 3952 -0.0222646808 0.014435401 0.00918548581 0 0 0
nt@synapse_cleft 3953 0.0169579724 -0.0183844704 0.00564411467 0 0 0
nt@synapse_cleft 3956 -0.0188600869 -0.0183178423 0.0138818041 0 0 0
nt@synapse_cleft 3957 0.0376325144 -0.00404189329 0.0161077591 0 0 0
nt@synapse_cleft 3958 0.0196621508 0.0138054063 0.0113114759 0 0 0
nt@synapse_cleft 3962 -0.032315428 0.01652928 0.0109936064 0 0 0
nt@synapse_cleft 3963 0.015096563 0.0406464074 0.0186484398 0 0 0
nt@synapse_cleft 3965 -0.0299498838 -0.00506069574 0.01600174 0 0 0
nt@synapse_cleft 3967 0.0130152266 -0.0188129279 0.00193951408 0 0 0
nt@synapse_cleft 3968 0.0124108513 -0.00940161699 0.0193281265 0 0 0
nt@synapse_cleft 3973 0.0236154143 -0.00810537561 0.0188744548 0 0 0
nt@synapse_cleft 3974 -0.0314690868 0.0400309328 0.00301028289 0 0 0
nt@synapse_cleft 3977 0.000581775861 0.0267487934 0.00604444847 0 0 0
nt@synapse_cleft 3978 0.0175596088 0.00111457683 0.0103710789 0 0 0
nt@synapse_cleft 3983 -0.0211057108 -0.0386471704 0.00158071843 0 0 0
nt@synapse_cleft 3988 -0.00317566086 -0.0256659754 0.0118255566 0 0 0
nt@synapse_cleft 3989 0.0477877993 -0.00288411675 0.0140797066 0 0 0
nt@synapse_cleft 3991 0.0749453574 -0.0301919009 0.00118589295 0 0 0
nt@synapse_cleft 3993 -0.0463098865 0.00600051327 0.0117800486 0 0 0
nt@synapse_cleft 3997 -0.0593466421 -0.00103991471 0.0110481131 0 0 0
nt@synapse_cleft 3999 -0.0483171173 -0.00468552299 0.0185352593 0 0 0
nt@synapse_cleft 4011 0.0170332668 0.0136698109 0.00279518219 0 0 0
nt@synapse_cleft 4018 0.00978370253 0.00992598221 0.00778381904 0 0 0
nt@synapse_cleft 4024 -0.0127940876 0.0404565783 0.00260592032 0 0 0
nt@synapse_cleft 4025 -0.0358249087 -0.00668455672 0.00276737553 0 0 0
nt@synapse_cleft 4027 0.00847935903 -0.0243655456 0.0024516734 0 0 0
nt@synapse_cleft 4028 -0.0225749093 0.0291439016 0.0158473136 0 0 0
nt@synapse_cleft 4037 -0.0235751943 0.0271428768 0.0113991887 0 0 0
nt@synapse_cleft 4040 0.0089689214 0.0182603495 0.0199436879 0 0 0
nt@synapse_cleft 4047 -0.0083847309 0.0145156601 0.012116081 0 0 0
nt@synapse_cleft 4049 0.0263946872 0.000475360519 0.0176293324 0 0 0
nt@synapse_cleft 4051 0.0149944518 0.0209904 0.0147764176 0 0 0
nt@synapse_cleft 4064 0.00971868987 0.0110324173 0.0110286681 0 0 0
nt@synapse_cleft 4070 -0.00620471995 0.011274886 0.0116482353 0 0 0
nt@synapse_cleft 4071 -0.0339593944 -0.0353909072 0.0182345905 0 0 0
nt@synapse_cleft 4087 -0.00639520397 0.0369198588 0.00501723707 0 0 0
nt@synapse_cleft 4094 0.0362314686 -0.0274198877 0.00159728575 0 0 0
nt@synapse_cleft 4095 0.0323325741 0.0154217477 0.011960701 0 0 0
nt@synapse_cleft 4099 -0.0113988597 0.0253969086 0.000214803915 0 0 0
nt@synapse_cleft 4102 0.0288511363 -0.0285911208 0.0136627652 0 0 0
nt@synapse_cleft 4103 -0.00725399577 -0.00466642155 0.00343341086 0 0 0
nt@synapse_cleft 4106 0.0206028038 0.012779452 0.00657676338 0 0 0
nt@synapse_cleft 4110 -0.0266082069 0.0249428885 0.0103843507 0 0 0
nt@synapse_cleft 4111 0.0523020273 0.0116977621 0.000496435974 0 0 0
nt@synapse_cleft 4115 -0.000327357712 0.0213444917 0.0162358202 0 0 0
nt@synapse_cleft 4116 0.0132054849 0.000923488013 0.00722843625 0 0 0
nt@synapse_cleft 4119 0.0180748726 -0.0242858549 0.013674669 0 0 0
nt@synapse_cleft 4123 -0.00260809094 0.011375717 0.0175932255 0 0 0
nt@synapse_cleft 4126 0.0200443716 -0.0257465012 0.00664235466 0 0 0
nt@synapse_cleft 4129 -0.016618562 0.00235285819 0.0141086324 0 0 0
nt@synapse_cleft 4131 -0.0281389242 0.0260762201 0.0185931642 0 0 0
nt@synapse_cleft 4132 0.0253220957 0.0228759192 0.018371141 0 0 0
nt@synapse_cleft 4135 0.00170407217 -0.015467987 0.000486778359 0 0 0
nt@synapse_cleft 4144 0.0175471489 -0.0107480091 0.00167418781 0 0 0
nt@synapse_cleft 4150 -0.048238189 -0.0616365199 0.00673070434 0 0 0
nt@synapse_cleft 4153 0.00447484284 -0.0126119462 0.00646253324 0 0 0
nt@synapse_cleft 4155 0.0141598479 -0.0519013849 0.0149806263 0 0 0
nt@synapse_cleft 4156 0.0283202139 0.00240694242 0.0115075075 0 0 0
nt@synapse_cleft 4157 0.0162472235 0.0133126463 0.0199083165 0 0 0
nt@synapse_cleft 4158 0.000470093935 -0.00288109553 0.010885373 0 0 0
nt@synapse_cleft 4162 0.0265391815 -0.0210040391 0.00582436355 0 0 0
nt@synapse_cleft 4163 -0.00994166177 0.0285941336 0.000465298688 0 0 0
nt@synapse_cleft 4170 -0.0551237507 0.000119428458 0.0151486949 0 0 0
nt@synapse_cleft 4177 -0.0431975629 0.0682322002 0.010093646 0 0 0
nt@synapse_cleft 4178 -0.0157098471 -0.035940335 0.00390172084 0 0 0
nt@synapse_cleft 4184 -0.00110648992 -0.0123237049 0.00814997193 0 0 0
nt@synapse_cleft 4187 -0.0345022151 -0.00946706969 0.0169279848 0 0 0
nt@synapse_cleft 4193 -0.00987639064 -0.0369508179 0.0120654673 0 0 0
nt@synapse_cleft 4196 -0.0188332333 0.00744541416 0.000672678826 0 0 0
nt@synapse_cleft 4210 0.0167528021 4.49685716e-05 0.0154376417 0 0 0
nt@synapse_cleft 4214 -0.0390010661 0.000464338226 0.017486727 0 0 0
nt@synapse_cleft 4215 0.0219971914 -0.0538207436 0.00496914563 0 0 0
nt@synapse_cleft 4220 -0.00252293069 -0.0254447071 0.0179155146 0 0 0
nt@synapse_cleft 4228 0.0343932156 -0.010336294 0.00187564724 0 0 0
nt@synapse_cleft 4229 -0.0194727223 -0.0110774441 0.0157987778 0 0 0
nt@synapse_cleft 4230 -0.0176006497 0.0403805132 0.0046190806 0 0 0
nt@synapse_cleft 4233 0.0179607418 0.0142827108 0.0121375452 0 0 0
nt@synapse_cleft 4234 -0.000136785636 -0.0155801401 0.00333292656 0 0 0
nt@synapse_cleft 4236 0.00212684506 0.0180216548 0.0186404617 0 0 0
nt@synapse_cleft 4237 0.00369703166 -0.0174780525 0.0150100095 0 0 0
nt@synapse_cleft 4238 -0.0231529899 -0.0223838563 0.00322033751 0 0 0
nt@synapse_cleft 4241 -0.0481689051 0.0114874583 0.00748305287 0 0 0
nt@synapse_cleft 4242 0.0174179228 -0.015550044 0.0176288021 0 0 0
nt@synapse_cleft 4252 0.0471941468 -0.00443434138 0.0148807875 0 0 0
nt@synapse_cleft 4254 -0.0140307913 0.0351509047 0.00364150088 0 0 0
nt@synapse_cleft 4255 -0.0283809064 -0.0406688252 0.0196148073 0 0 0
nt@synapse_cleft 4271 0.0088196927 -0.00992443915 0.0192265203 0 0 0
nt@synapse_cleft 4272 -0.00987619978 0.0295536333 0.0123596557 0 0 0
nt@synapse_cleft 4279 0.0111985353 -0.0311271893 0.0169620768 0 0 0
nt@synapse_cleft 4283 -0.0187504779 -0.00476978499 0.00576214405 0 0 0
nt@synapse_cleft 4284 0.0421381466 -0.0195572387 0.0111147241 0 0 0
nt@synapse_cleft 4285 -0.0330664605 0.0490095732 0.00865912075 0 0 0
nt@synapse_cleft 4288 0.0209104574 -0.0261071386 0.0190420814 0 0 0
nt@synapse_cleft 4293 -0.00478517913 -0.0216190031 0.0126632136 0 0 0
nt@synapse_cleft 4297 0.0361618341 -0.0149920427 0.00105246285 0 0 0
nt@synapse_cleft 4301 0.00763457889 -0.00755929583 0.0035389436 0 0 0
nt@synapse_cleft 4312 -0.0227031559 -0.0277767268 0.0108689601 0 0 0
nt@synapse_cleft 4317 -0.0100568535 0.0375459611 0.00318621758 0 0 0
nt@synapse_cleft 4326 0.0241442756 -0.0082462208 0.0133096198 0 0 0
nt@synapse_cleft 4330 -0.0178165549 0.00458187871 0.0161674982 0 0 0
nt@synapse_cleft 4334 0.00478639105 0.00349317598 0.00165339621 0 0 0
nt@synapse_cleft 4339 0.00116691806 -0.0134303242 0.00975302119 0 0 0
nt@synapse_cleft 4343 -0.0231847695 -0.0364658683 0.0118629623 0 0 0
nt@synapse_cleft 4346 -0.000333958243 -0.0090460227 0.0182853178 0 0 0
nt@synapse_cleft 4351 0.0445294898 0.0112760541 0.00715411033 0 0 0
nt@synapse_cleft 4359 0.0209781093 0.0161925344 0.00373774139 0 0 0
nt@synapse_cleft 4360 0.0216978506 0.00827154336 0.0146814615 0 0 0
nt@synapse_cleft 4363 -0.0408701065 0.00966770063 0.0117969702 0 0 0
nt@synapse_cleft 4365 0.0141978744 0.0229664616 0.0104058861 0 0 0
nt@synapse_cleft 4372 -0.00156153032 -0.0253534686 0.00541051335 0 0 0
nt@synapse_cleft 4374 -0.020389739 -0.0135621017 0.0168162969 0 0 0
nt@synapse_cleft 4376 -0.0191822986 -0.000231232187 7.03521432e-05 0 0 0
nt@synapse_cleft 4381 -0.0132253394 -0.0416435237 0.00161502547 0 0 0
nt@synapse_cleft 4386 -0.0188591963 -0.0346223976 0.00126757248 0 0 0
nt@synapse_cleft 4391 0.0266497628 -0.0328771289 0.0100199869 0 0 0
nt@synapse_cleft 4392 -0.0121369625 -2.18684445e-05 0.00422127676 0 0 0
nt@synapse_cleft 4394 0.0126815165 -0.00349134929 0.00243607485 0 0 0
nt@synapse_cleft 4395 0.0328911152 -0.0327993421 0.0178194083 0 0 0
nt@synapse_cleft 4396 0.0131526795 -0.0522839207 0.00320104642 0 0 0
nt@synapse_cleft 4398 -0.0107274175 0.00768187383 0.0148109019 0 0 0
nt@synapse_cleft 4399 0.0274908294 0.0368628422 0.0152547076 0 0 0
nt@synapse_cleft 4403 -0.018330104 -0.0140069513 0.0139723991 0 0 0
nt@synapse_cleft 4405 -0.035326036 -0.0203461774 0.00915377985 0 0 0
nt@synapse_cleft 4414 -0.00119593586 -0.0249958807 0.000975853095 0 0 0
nt@synapse_cleft 4416 -0.0103288932 -0.00129914129 0.0159924298 0 0 0
nt@synapse_cleft 4423 0.0329689708 -0.0176799632 0.0194532876 0 0 0
nt@synapse_cleft 4424 -0.0293354432 -0.0146741394 0.00392228781 0 0 0
nt@synapse_cleft 4426 0.00773096415 -0.0146173671 0.0138714091 0 0 0
nt@synapse_cleft 4430 -0.00828744498 0.00719221834 0.00182122118 0 0 0
nt@synapse_cleft 4431 0.0222967523 -0.0174402219 0.00507384474 0 0 0
nt@synapse_cleft 4434 0.0231583801 -0.0305732785 0.0175489378 0 0 0
nt@synapse_cleft 4436 0.0208087405 0.0193395489 0.010517282 0 0 0
nt@synapse_cleft 4446 0.00715901665 0.0441703908 0.0195572457 0 0 0
nt@synapse_cleft 4449 0.0267839948 0.0499280091 0.0177655199 0 0 0
nt@synapse_cleft 4464 0.00195095126 -0.0275259446 0.014427663 0 0 0
nt@synapse_cleft 4470 -0.00562343748 -0.0331959209 0.0192315065 0 0 0
nt@synapse_cleft 4473 -0.00387136231 -0.0148778335 0.00219861086 0 0 0
nt@synapse_cleft 4478 -0.015905401 0.025645652 0.0196162448 0 0 0
nt@synapse_cleft 4480 0.00909160222 0.0352673163 0.0181966125 0 0 0
nt@synapse_cleft 4482 -0.0238339499 -0.00250284291 0.00640796897 0 0 0
nt@synapse_cleft 4485 0.0204981825 -0.00767206145 0.00728022648 0 0 0
nt@synapse_cleft 4488 0.0239939327 -0.00249889309 0.0168782626 0 0 0
nt@synapse_cleft 4489 0.00963903122 -0.00879930157 0.00641739783 0 0 0
nt@synapse_cleft 4496 -0.0525109973 0.037839496 0.0100217799 0 0 0
nt@synapse_cleft 4499 -0.00927364647 0.0141492193 0.0195013588 0 0 0
nt@synapse_cleft 4501 0.00698877443 0.00480810053 0.0182661773 0 0 0
nt@synapse_cleft 4514 0.00125326426 0.0201467181 0.00971329706 0 0 0
nt@synapse_cleft 4517 -0.0411823972 0.0238096995 0.00712885132 0 0 0
nt@synapse_cleft 4524 0.00134277413 -0.0390013875 0.0155052214 0 0 0
nt@synapse_cleft 4527 0.0288223633 -0.01887939 0.013202668 0 0 0
nt@synapse_cleft 4538 -0.0324435902 -0.0328019162 0.0120933643 0 0 0
nt@synapse_cleft 4540 0.0289748687 -0.0110694772 0.00928788271 0 0 0
nt@synapse_cleft 4542 0.0142517311 0.030909219 0.00168716185 0 0 0
nt@synapse_cleft 4545 -0.027623832 0.0254671161 0.0169861793 0 0 0
nt@synapse_cleft 4551 -0.0139795341 0.0237719427 0.0178263687 0 0 0
nt@synapse_cleft 4553 -0.0282807247 0.00461862684 0.00960780929 0 0 0
nt@synapse_cleft 4559 -0.0171545511 0.0364915646 0.0165002089 0 0 0
nt@synapse_cleft 4565 -0.038982222 -0.0130167162 0.0116782539 0 0 0
nt@synapse_cleft 4572 0.00435835547 -0.00154626692 0.00470895073 0 0 0
nt@synapse_cleft 4574 0.0364074834 -0.0185982989 0.00376392946 0 0 0
nt@synapse_cleft 4576 -0.0427473825 -0.0286739319 0.00898827696 0 0 0
nt@synapse_cleft 4583 -0.0123185116 -0.00152869447 0.00507720244 0 0 0
nt@synapse_cleft 4587 0.0217730724 -0.00335412403 0.0123158477 0 0 0
nt@synapse_cleft 4590 -0.0416740476 -0.0231361014 0.0113038828 0 0 0
nt@synapse_cleft 4593 -0.0408293911 0.0451471175 0.0174229039 0 0 0
nt@synapse_cleft 4594 0.00132559829 0.00477010662 0.00812283657 0 0 0
nt@synapse_cleft 4595 0.0357805596 -0.0282873343 0.0122093139 0 0 0
nt@synapse_cleft 4600 -0.0334193372 0.00543733999 0.00594800109 0 0 0
nt@synapse_cleft 4613 0.0568689414 0.00161847577 0.00161089816 0 0 0
nt@synapse_cleft 4620 0.00531988141 -0.00903433226 0.0117373634 0 0 0
nt@synapse_cleft 4622 0.0512692753 0.0479798531 0.00628682655 0 0 0
nt@synapse_cleft 4624 0.0149010605 -0.0215278137 0.0164336251 0 0 0
nt@synapse_cleft 4626 0.0240853356 0.00311969768 0.017608436 0 0 0
nt@synapse_cleft 4628 0.00589777741 0.0140025505 0.00668347831 0 0 0
nt@synapse_cleft 4654 0.0142288071 -0.0308318905 0.0134508286 0 0 0
nt@synapse_cleft 4658 -0.0330095971 0.0277716116 0.00599809166 0 0 0
nt@synapse_cleft 4659 -0.0448575948 0.0211612985 0.0143372053 0 0 0
nt@synapse_cleft 4660 0.0323291791 -0.0313776197 0.00403647101 0 0 0
nt@synapse_cleft 4661 0.00813860968 -0.0367893619 0.00965675495 0 0 0
nt@synapse_cleft 4664 0.0106147763 -0.00510535891 0.00510769955 0 0 0
nt@synapse_cleft 4666 0.0649752204 0.0195742401 0.0114358288 0 0 0
nt@synapse_cleft 4671 0.000260282118 -0.0160617467 0.00468628298 0 0 0
nt@synapse_cleft 4681 0.00820754937 -0.0228377909 0.00900009502 0 0 0
nt@synapse_cleft 4687 0.00686297547 -0.00374753704 0.0161945856 0 0 0
nt@synapse_cleft 4699 -0.0314408949 0.0151148661 0.0055419224 0 0 0
nt@synapse_cleft 4700 -0.0348418268 0.0559993529 0.0138252254 0 0 0
nt@synapse_cleft 4701 0.0216412292 0.0202754609 0.0161774362 0 0 0
nt@synapse_cleft 4706 0.0123727162 -0.0055311863 0.00641857863 0 0 0
nt@synapse_cleft 4709 -0.0052917052 0.00231530839 0.00132334442 0 0 0
nt@synapse_cleft 4710 -0.0200889444 -0.0450778019 0.00179166682 0 0 0
nt@synapse_cleft 4718 0.0498760514 0.00865977385 0.008458747 0 0 0
nt@synapse_cleft 4732 -0.0101981576 0.0173030909 0.0130323256 0 0 0
nt@synapse_cleft 4736 0.00522907394 0.000407195453 0.00462406313 0 0 0
nt@synapse_cleft 4746 -0.046841857 -0.00450109774 0.00936661548 0 0 0
nt@synapse_cleft 4750 0.0131955059 -0.066459167 0.00888654464 0 0 0
nt@synapse_cleft 4753 -0.0123839656 0.00119765169 0.0112637708 0 0 0
nt@synapse_cleft 4754 -0.00901928463 0.00857537941 0.0111244019 0 0 0
nt@synapse_cleft 4756 -0.0149644592 0.0173437427 0.0107730399 0 0 0
nt@synapse_cleft 4758 -0.0408693948 0.0226041442 0.0126244588 0 0 0
nt@synapse_cleft 4764 0.0122259557 -0.0139505197 0.00567339049 0 0 0
nt@synapse_cleft 4767 -0.00268757702 0.0234130651 0.000628554262 0 0 0
nt@synapse_cleft 4779 0.0310449685 -0.0303332171 0.00274183046 0 0 0
nt@synapse_cleft 4784 0.0191137936 0.00922585088 0.0173463959 0 0 0
nt@synapse_cleft 4786 -0.0162575564 0.00493257415 0.00763105934 0 0 0
nt@synapse_cleft 4791 0.0393709331 -0.0133752454 0.0063431189 0 0 0
nt@synapse_cleft 4793 -0.0344760058 0.0224617387 0.0153312939 0 0 0
nt@synapse_cleft 4800 0.0103230889 -0.00726455703 0.00429985388 0 0 0
nt@synapse_cleft 4801 -0.0168112981 0.00418284589 0.00747377187 0 0 0
nt@synapse_cleft 4807 0.0118219725 -0.0148535865 0.0152899472 0 0 0
nt@synapse_cleft 4809 -0.0362388617 -0.038196125 0.0162982745 0 0 0
nt@synapse_cleft 4814 -0.0275075345 0.0300897639 0.00395718703 0 0 0
nt@synapse_cleft 4816 -0.0339796706 -0.0170288181 0.0133490675 0 0 0
nt@synapse_cleft 4822 -0.00875824782 -0.0220361028 0.0145833356 0 0 0
nt@synapse_cleft 4823 -0.00267388754 0.015208058 0.0163213539 0 0 0
nt@synapse_cleft 4824 -0.00249084241 -0.0340293117 0.00213707857 0 0 0
nt@synapse_cleft 4829 0.0232183128 -0.0635219811 0.00688441901 0 0 0
nt@synapse_cleft 4830 -0.0167078195 0.0149316206 0.0199805319 0 0 0
nt@synapse_cleft 4833 -0.00967631628 -0.032478348 0.0177327842 0 0 0
nt@synapse_cleft 4838 -0.0118576097 0.0299926417 0.0186405529 0 0 0
nt@synapse_cleft 4839 0.00485277262 -0.00255922099 0.0086078212 0 0 0
nt@synapse_cleft 4844 0.0593256769 -0.0183558305 0.0145889315 0 0 0
nt@synapse_cleft 4852 -0.0333775697 -0.0155159674 0.0115212872 0 0 0
nt@synapse_cleft 4855 0.0208412983 0.0136895135 0.018171615 0 0 0
nt@synapse_cleft 4869 -0.0435510586 0.0200634518 0.0129050745 0 0 0
nt@synapse_cleft 4871 0.0201188017 0.0134272932 0.00614355301 0 0 0
nt@synapse_cleft 4880 -0.0172654376 -0.0164566861 0.0126503723 0 0 0
nt@synapse_cleft 4882 -0.0171235966 -0.0276074338 0.000262753957 0 0 0
nt@synapse_cleft 4883 -0.0366079154 0.0033695688 0.0140877884 0 0 0
nt@synapse_cleft 4890 -0.0160481416 0.00427726812 0.00885158603 0 0 0
nt@synapse_cleft 4891 0.000366605351 -0.0105836748 0.00702635632 0 0 0
nt@synapse_cleft 4892 -0.0200026102 0.0236225756 0.0170175718 0 0 0
nt@synapse_cleft 4896 -0.0162841295 -0.0252831751 0.0102978548 0 0 0
nt@synapse_cleft 4897 0.0327055685 -0.0210349003 0.00987678143 0 0 0
nt@synapse_cleft 4901 0.00936940559 0.0125346942 0.000893001143 0 0 0
nt@synapse_cleft 4905 -0.012274141 -0.0126455599 0.00581367953 0 0 0
nt@synapse_cleft 4906 -0.000483951681 -0.0282632189 0.0111271538 0 0 0
nt@synapse_cleft 4918 -0.0125271829 0.0137924385 0.0125557924 0 0 0
nt@synapse_cleft 4919 0.0113443522 0.00717546785 0.0117167988 0 0 0
nt@synapse_cleft 4925 0.00932417202 0.00441866191 0.0102051176 0 0 0
nt@synapse_cleft 4928 0.00191834569 0.0564968865 0.00671087054 0 0 0
nt@synapse_cleft 4931 0.013885328 -0.00690058613 0.0179367709 0 0 0
nt@synapse_cleft 4937 -0.0453198248 0.00110558834 0.00523315982 0 0 0
nt@synapse_cleft 4946 -0.0200041151 0.0250909342 0.0106943991 0 0 0
nt@synapse_cleft 4956 0.0181828359 -0.00666688112 0.00916706058 0 0 0
nt@synapse_cleft 4967 -0.00794295687 0.00384738107 0.0048600281 0 0 0
nt@synapse_cleft 4972 0.0277258194 -0.0188283835 0.012998218 0 0 0
nt@synapse_cleft 4973 0.000976393525 0.0497293116 0.0187724949 0 0 0
nt@synapse_cleft 4979 -0.00605416339 -0.00398968948 0.00292625625 0 0 0
nt@synapse_cleft 4980 0.0094251975 0.0101452591 0.0164117366 0 0 0
nt@synapse_cleft 4981 0.00392047474 -0.0284624298 0.00975708943 0 0 0
nt@synapse_cleft 4982 0.00981902309 -0.00994907598 0.017715519 0 0 0
nt@synapse_cleft 4983 -0.0186553932 0.0244926076 0.00576437948 0 0 0
nt@synapse_cleft 4988 0.0145312688 -0.0196258995 0.00382831513 0 0 0
nt@synapse_cleft 4989 -0.00310734856 -0.0184202831 0.0151018983 0 0 0
nt@synapse_cleft 4991 -6.74096902e-05 -0.0182531964 0.00971334664 0 0 0
nt@synapse_cleft 5004 -0.0212807106 0.0226837661 0.000620414979 0 0 0
nt@synapse_cleft 5006 -0.00247399304 -0.0107552862 0.0025152399 0 0 0
nt@synapse_cleft 5009 -0.0330368731 0.0184855981 0.00440316738 0 0 0
nt@synapse_cleft 5011 -0.0151644317 -0.0191011661 0.00465051472 0 0 0
nt@synapse_cleft 5015 -0.0181953906 -0.0178923484 0.0121851165 0 0 0
nt@synapse_cleft 5024 -0.00751183074 -0.00658749707 0.00897765339 0 0 0
nt@synapse_cleft 5044 -0.0303116299 0.00871244762 0.0140331242 0 0 0
nt@synapse_cleft 5045 0.0347437148 0.0296899622 0.00567313463 0 0 0
nt@synapse_cleft 5046 -0.000721155349 -0.00881566506 0.0104940303 0 0 0
nt@synapse_cleft 5052 -0.00545363092 -0.00871625485 0.00871590074 0 0 0
nt@synapse_cleft 5055 -0.0122408633 0.0124396288 0.0105340224 0 0 0
nt@synapse_cleft 5059 -0.0339999679 0.0344583224 0.0166966398 0 0 0
nt@synapse_cleft 5061 0.0262276175 -0.025655063 0.00272004347 0 0 0
nt@synapse_cleft 5063 -0.0291720525 0.0283664437 0.0120587489 0 0 0
nt@synapse_cleft 5077 0.0473413267 -0.0145234724 0.0081063244 0 0 0
nt@synapse_cleft 5081 0.0129043952 0.0107403076 0.000878224676 0 0 0
nt@synapse_cleft 5082 0.000809484134 0.051234241 0.00588151872 0 0 0
nt@synapse_cleft 5086 0.023155563 0.038514466 0.00799694409 0 0 0
nt@synapse_cleft 5106 0.00283648425 -0.0145267289 0.00435721626 0 0 0
nt@synapse_cleft 5133 -0.014013995 0.0264843489 0.014661517 0 0 0
nt@synapse_cleft 5145 0.0196144503 0.0290402999 0.0157620618 0 0 0
nt@synapse_cleft 5154 0.0096772361 0.0284576263 0.0142461264 0 0 0
nt@synapse_cleft 5159 -0.0324441888 -0.000445931487 0.00796695078 0 0 0
nt@synapse_cleft 5163 -0.00403622423 0.0182529693 0.0103543535 0 0 0
nt@synapse_cleft 5164 0.00809648381 -0.00905334892 0.00464146892 0 0 0
nt@synapse_cleft 5173 -0.0435347611 -0.00626530315 0.0184990018 0 0 0
nt@synapse_cleft 5176 -0.0221363003 0.0551674525 0.0172255385 0 0 0
nt@synapse_cleft 5179 0.024392605 0.0110968777 0.00727981955 0 0 0
nt@synapse_cleft 5182 0.0540594855 0.00935674851 0.00517069257 0 0 0
nt@synapse_cleft 5183 0.0412196795 0.00599051842 0.016287663 0 0 0
nt@synapse_cleft 5193 0.0291022275 0.00342563034 0.0198821914 0 0 0
nt@synapse_cleft 5196 -0.00149660771 -0.00436891033 0.0106613203 0 0 0
nt@synapse_cleft 5198 -0.00079044353 -0.0259025732 0.00533277678 0 0 0
