nt@synapse_cleft 0 0.0346189687 0.00436659408 0.0132926777 0 0 0
nt@synapse_cleft 2 -0.0543350648 0.016156353 0.000138852934 0 0 0
nt@synapse_cleft 7 0.0426481442 0.0204732558 0.000989524546 0 0 0
nt@synapse_cleft 9 0.0382064384 -0.0432933664 0.0153060725 0 0 0
nt@synapse_cleft 12 0.00989869523 0.0487226831 0.00821445642 0 0 0
nt@synapse_cleft 15 -0.000903737274 0.0183682879 0.005826406 0 0 0
nt@synapse_cleft 17 0.0331304848 0.00926779136 0.00291170625 0 0 0
nt@synapse_cleft 26 -0.0350174158 0.0109919229 0.0183002946 0 0 0
nt@synapse_cleft 35 0.0047936852 0.0482129642 0.0185934094 0 0 0
nt@synapse_cleft 45 -0.0171949925 0.0251486961 0.0109261872 0 0 0
nt@synapse_cleft 54 0.0080585144 0.00936023515 0.00671751183 0 0 0
nt@synapse_cleft 56 -0.0243656814 -0.0294469321 0.0043295242 0 0 0
nt@synapse_cleft 87 -0.00821195075 -0.00250158803 0.00516351732 0 0 0
nt@synapse_cleft 89 0.0320831731 -0.0153491328 0.013736381 0 0 0
nt@synapse_cleft 100 -0.0217936041 -0.0276250306 0.0039002954 0 0 0
nt@synapse_cleft 103 0.0364027388 -0.00595530255 0.00308717903 0 0 0
nt@synapse_cleft 111 -0.0284693797 0.0446899877 0.00187460853 0 0 0
nt@synapse_cleft 114 0.0449784264 -0.0327390649 0.00616197718 0 0 0
nt@synapse_cleft 115 0.0018463424 -0.021236801 0.0170192308 0 0 0
nt@synapse_cleft 137 -0.067096159 -0.0283190589 0.00681929033 0 0 0
nt@synapse_cleft 150 -0.00682291714 0.0299669949 0.0101643762 0 0 0
nt@synapse_cleft 156 -0.00522839556 -0.0141740856 0.00243039007 0 0 0
nt@synapse_cleft 167 -0.0187760383 -0.0353736406 0.00832966246 0 0 0
nt@synapse_cleft 188 -0.0143761055 -0.0240316289 0.00626565007 0 0 0
nt@synapse_cleft 194 -0.0111992594 -0.034619184 0.00509025556 0 0 0
nt@synapse_cleft 195 0.0394748162 0.0603537445 0.00405963223 0 0 0
nt@synapse_cleft 199 0.0311919383 0.0101882163 0.00210106338 0 0 0
nt@synapse_cleft 206 -0.0053011912 -0.0361543868 0.0177892503 0 0 0
nt@synapse_cleft 224 -0.0196330795 0.0423850841 0.0150765887 0 0 0
nt@synapse_cleft 231 0.00626507599 0.0522152558 0.00943667153 0 0 0
nt@synapse_cleft 235 0.00124428115 0.0050511736 0.00722733957 0 0 0
nt@synapse_cleft 244 -0.00631557832 0.0202946324 0.00212851481 0 0 0
nt@synapse_cleft 248 0.0377634445 -0.0226855767 0.0104116855 0 0 0
nt@synapse_cleft 256 -0.0308133465 0.00177536752 0.0042352471 0 0 0
nt@synapse_cleft 284 -0.0429071127 0.0963373001 0.0140047126 0 0 0
nt@synapse_cleft 306 0.0219996389 -0.0362083829 0.0139441781 0 0 0
nt@synapse_cleft 307 -0.00541265091 -0.0120619427 0.00824577564 0 0 0
nt@synapse_cleft 318 -0.0222129661 -0.0066567726 0.00581699515 0 0 0
nt@synapse_cleft 321 0.0309123852 0.025954294 0.00946735701 0 0 0
nt@synapse_cleft 325 -0.0654339438 0.0909766652 0.0148653149 0 0 0
nt@synapse_cleft 347 -0.0105766385 -0.00417193315 0.00822683801 0 0 0
nt@synapse_cleft 348 -0.0176650563 -0.0309294574 0.00171870181 0 0 0
nt@synapse_cleft 350 -0.00615384563 0.000591214226 0.0165592083 0 0 0
nt@synapse_cleft 361 -0.0269501385 0.0126959208 0.0117293927 0 0 0
nt@synapse_cleft 371 -0.00622729625 0.0383720625 0.00846852094 0 0 0
nt@synapse_cleft 376 -0.0256249729 0.0171141174 0.00946769082 0 0 0
nt@synapse_cleft 385 0.0188214729 0.00212095945 0.00772037406 0 0 0
nt@synapse_cleft 406 -0.0307381121 -0.0366687748 0.0039423844 0 0 0
nt@synapse_cleft 421 -0.0558755634 0.0205061998 0.00295889918 0 0 0
nt@synapse_cleft 426 0.0528219629 -0.0333693456 0.0159269811 0 0 0
nt@synapse_cleft 429 -0.016045442 0.0213511924 0.0161583566 0 0 0
nt@synapse_cleft 440 0.0540059168 -0.00839384019 0.0177174831 0 0 0
nt@synapse_cleft 444 0.00864744104 0.0645734272 0.0100382404 0 0 0
nt@synapse_cleft 449 -0.00582877802 -0.0163557613 0.00958705107 0 0 0
nt@synapse_cleft 452 0.0285621806 0.0512793733 0.00967565321 0 0 0
nt@synapse_cleft 455 0.0159700168 -0.0283112185 0.0195288792 0 0 0
nt@synapse_cleft 477 0.0110198892 0.00754767937 0.0164753469 0 0 0
nt@synapse_cleft 479 -0.0177589427 0.0202352709 0.00521576094 0 0 0
nt@synapse_cleft 482 0.00828644686 -0.00152631161 0.0056477518 0 0 0
nt@synapse_cleft 499 0.0232781593 0.00711793217 0.00566907155 0 0 0
nt@synapse_cleft 501 0.0194785493 0.0159323414 0.0039875386 0 0 0
nt@synapse_cleft 503 0.0174606802 -0.0265037222 0.0152438258 0 0 0
nt@synapse_cleft 510 0.026490873 -0.00198002578 0.0191242126 0 0 0
nt@synapse_cleft 522 -0.0526035319 0.0162810698 0.0172578543 0 0 0
nt@synapse_cleft 524 -0.00938572444 0.0232953549 0.000486448279 0 0 0
nt@synapse_cleft 530 0.0149297669 -0.00611137167 0.00437118162 0 0 0
nt@synapse_cleft 536 -0.0227843214 -0.0503640447 0.00127900983 0 0 0
nt@synapse_cleft 544 0.0166057941 -0.00967436447 0.0116149932 0 0 0
nt@synapse_cleft 546 -0.0546243053 0.0123992916 0.00641039001 0 0 0
nt@synapse_cleft 549 0.0698095507 -0.0185585884 0.0110515009 0 0 0
nt@synapse_cleft 551 0.0249700095 -0.0188258739 0.000114996793 0 0 0
nt@synapse_cleft 557 -0.048966043 0.0198834648 0.013965526 0 0 0
nt@synapse_cleft 558 -0.00205593378 -0.00560494988 0.000526508655 0 0 0
nt@synapse_cleft 563 -0.00728723996 -0.0769971902 0.00639586795 0 0 0
nt@synapse_cleft 572 -0.0197146911 0.00747477489 0.00227211596 0 0 0
nt@synapse_cleft 575 -0.0195196321 -0.00149778854 0.0111475106 0 0 0
nt@synapse_cleft 591 -0.00177926156 0.0109609082 0.00226889629 0 0 0
nt@synapse_cleft 596 -0.00670234462 0.0216195947 0.00135912674 0 0 0
nt@synapse_cleft 598 -0.00438274298 0.0289423164 0.010141085 0 0 0
nt@synapse_cleft 620 -0.0150846426 -0.0186805279 0.0136262564 0 0 0
nt@synapse_cleft 624 0.0277066005 -0.0146086461 0.000705631703 0 0 0
nt@synapse_cleft 627 -0.0313587927 -0.0309428162 0.01840161 0 0 0
nt@synapse_cleft 629 -0.0036772613 -0.00801346388 0.00383595909 0 0 0
nt@synapse_cleft 633 -0.0380813982 0.0374681816 0.0159191928 0 0 0
nt@synapse_cleft 634 0.0159927428 0.0218958116 0.0195202868 0 0 0
nt@synapse_cleft 639 -0.0143647394 -0.016277992 0.00792630183 0 0 0
nt@synapse_cleft 645 -0.00656893672 0.00670478123 0.0193045523 0 0 0
nt@synapse_cleft 647 -0.00812258874 0.0297351318 0.0082333713 0 0 0
nt@synapse_cleft 661 -0.0253305749 -0.0437580764 0.0142453309 0 0 0
nt@synapse_cleft 664 -0.0104008062 0.0170971124 0.000913905525 0 0 0
nt@synapse_cleft 678 0.00330812681 -0.0323450256 0.00583720175 0 0 0
nt@synapse_cleft 681 0.0156763096 -0.0336843394 0.00356245257 0 0 0
nt@synapse_cleft 693 0.00643036367 0.0224061838 0.00931671856 0 0 0
nt@synapse_cleft 698 -0.0015608903 -0.0151952636 0.0170278289 0 0 0
nt@synapse_cleft 699 -0.0178448295 -0.0668660466 0.00319391637 0 0 0
nt@synapse_cleft 712 -0.01224417 0.00311009527 0.00864390635 0 0 0
nt@synapse_cleft 721 0.0180050425 -0.0296235914 0.00294244603 0 0 0
nt@synapse_cleft 726 -0.00783741521 0.0223250301 0.00559867653 0 0 0
nt@synapse_cleft 727 -0.0366992828 0.0210976463 0.00524614868 0 0 0
nt@synapse_cleft 728 0.00231549511 0.0140027047 0.00236349792 0 0 0
nt@synapse_cleft 732 0.011766728 0.0381909751 0.0102526402 0 0 0
nt@synapse_cleft 735 -0.0721365086 -0.00534270705 0.00859728961 0 0 0
nt@synapse_cleft 741 0.0449028339 0.00871943175 0.00965868462 0 0 0
nt@synapse_cleft 750 0.0219085693 0.0245298925 0.0194519809 0 0 0
nt@synapse_cleft 754 -0.00820071282 -0.0206217311 0.00473251205 0 0 0
nt@synapse_cleft 760 -0.00788670656 -0.0531966338 0.00509648144 0 0 0
nt@synapse_cleft 765 -0.0177849609 0.0503493936 0.00760821179 0 0 0
nt@synapse_cleft 768 -0.013303769 -0.00791870642 0.00805131428 0 0 0
nt@synapse_cleft 769 -0.00592539306 0.0508651226 0.012476841 0 0 0
nt@synapse_cleft 779 -0.022831089 0.000981164668 0.000181335751 0 0 0
nt@synapse_cleft 797 0.00386105481 0.0495559304 0.00753154278 0 0 0
nt@synapse_cleft 803 -0.0226588679 -0.0599895199 0.00514458643 0 0 0
nt@synapse_cleft 816 0.0129966696 0.0117723925 0.00252386117 0 0 0
nt@synapse_cleft 831 0.0285493806 -0.0115499594 0.00282800283 0 0 0
nt@synapse_cleft 833 -0.0161941951 -0.0186030084 0.0175159714 0 0 0
nt@synapse_cleft 837 -0.010215855 -0.00331004062 0.00713612943 0 0 0
nt@synapse_cleft 844 -0.0310818481 0.0242339422 0.0078184781 0 0 0
nt@synapse_cleft 847 0.00475496085 -0.00897266644 0.0174820641 0 0 0
nt@synapse_cleft 850 -0.00816259511 0.0187953735 0.0187617536 0 0 0
nt@synapse_cleft 854 -0.00187047792 0.0376869288 0.00806948895 0 0 0
nt@synapse_cleft 866 -0.0238581811 -0.0235461214 0.00259999946 0 0 0
nt@synapse_cleft 877 -0.0519115247 0.0270620095 0.000815832925 0 0 0
nt@synapse_cleft 884 0.0204335057 -0.00961505035 0.0199364782 0 0 0
nt@synapse_cleft 904 -0.0656301889 0.013916446 0.0111555496 0 0 0
nt@synapse_cleft 908 -0.054327087 -0.0339989857 0.000919274742 0 0 0
nt@synapse_cleft 909 0.0298185477 -0.00240841995 0.00855242057 0 0 0
nt@synapse_cleft 913 -0.028548074 0.0279925616 0.0177841651 0 0 0
nt@synapse_cleft 918 0.0833336612 0.00803103069 0.0151066352 0 0 0
nt@synapse_cleft 932 0.0201537846 -0.0700385492 0.0165050765 0 0 0
nt@synapse_cleft 938 -0.0120358041 -0.0164088269 0.0144121886 0 0 0
nt@synapse_cleft 940 -0.0533219413 -0.0565901293 0.01251194 0 0 0
nt@synapse_cleft 942 0.0202329539 -0.0551856175 0.0137298744 0 0 0
nt@synapse_cleft 943 0.0395082274 -0.00070987418 0.0176479257 0 0 0
nt@synapse_cleft 944 -0.0110229291 -0.053432851 0.00552452678 0 0 0
nt@synapse_cleft 945 -0.00267997419 0.0402791467 0.00215152683 0 0 0
nt@synapse_cleft 947 -0.0241638025 0.0153248251 0.0147982039 0 0 0
nt@synapse_cleft 953 -0.0308486132 -0.00430118071 0.0154392106 0 0 0
nt@synapse_cleft 957 0.0617508736 -0.0183635716 0.00962633812 0 0 0
nt@synapse_cleft 961 -0.019993876 -0.00843230976 0.00770496392 0 0 0
nt@synapse_cleft 967 0.044989421 -0.000123174796 0.0109122292 0 0 0
nt@synapse_cleft 978 -0.0623478059 0.00529249447 0.0149987898 0 0 0
nt@synapse_cleft 998 0.00800474276 -0.0170973421 0.0193336623 0 0 0
nt@synapse_cleft 999 0.0589168324 -0.0423230331 0.0162295835 0 0 0
nt@synapse_cleft 1002 0.00476555095 0.0148584885 0.0185714512 0 0 0
nt@synapse_cleft 1013 -0.0386560221 0.0501914727 0.0133719207 0 0 0
nt@synapse_cleft 1018 -0.00581410114 -0.0100398217 0.00477798278 0 0 0
nt@synapse_cleft 1027 0.0321098442 0.0464715213 0.0106256418 0 0 0
nt@synapse_cleft 1035 -0.0458544487 -0.0272583239 0.00188914731 0 0 0
nt@synapse_cleft 1048 -0.0230135579 -0.0430575782 0.0191133101 0 0 0
nt@synapse_cleft 1062 0.0450910056 0.0164489309 0.0136012491 0 0 0
nt@synapse_cleft 1077 -0.0499427746 1.08352028e-05 0.0100986006 0 0 0
nt@synapse_cleft 1080 -0.0437044745 0.0231386676 0.015728839 0 0 0
nt@synapse_cleft 1092 -0.0256358236 -0.00962627414 0.0060236303 0 0 0
nt@synapse_cleft 1107 0.00456492995 0.00235931926 0.000577012829 0 0 0
nt@synapse_cleft 1113 -0.0349550879 -0.000241857579 0.0102007936 0 0 0
nt@synapse_cleft 1114 -0.00231369554 -0.0262048466 0.0158284027 0 0 0
nt@synapse_cleft 1130 0.0113665637 -0.00103639132 0.0177285935 0 0 0
nt@synapse_cleft 1136 -0.00951844975 -0.0351049387 0.0113583779 0 0 0
nt@synapse_cleft 1140 0.00414030889 -0.0451719584 0.0166087368 0 0 0
nt@synapse_cleft 1144 0.00149354573 -0.0150786148 0.0153544414 0 0 0
nt@synapse_cleft 1145 0.0799387788 -0.000646724126 0.0134098726 0 0 0
nt@synapse_cleft 1149 -0.0246848407 0.00561261797 0.00864382645 0 0 0
nt@synapse_cleft 1152 0.0524401968 0.00487149714 0.0122283592 0 0 0
nt@synapse_cleft 1165 0.0605733186 0.032559062 0.01173388 0 0 0
nt@synapse_cleft 1167 0.0484212495 0.0378288647 0.0184248405 0 0 0
nt@synapse_cleft 1172 -0.00181368671 -2.76439891e-05 0.0197114094 0 0 0
nt@synapse_cleft 1177 -0.019893912 0.0859387234 0.00694055162 0 0 0
nt@synapse_cleft 1186 -0.0641708402 0.0175391921 0.00680937622 0 0 0
nt@synapse_cleft 1193 -0.0154133577 -0.031553403 0.0075119299 0 0 0
nt@synapse_cleft 1200 -0.000523111751 0.015500661 0.012194826 0 0 0
nt@synapse_cleft 1203 -0.0226909703 0.022753052 0.0157741271 0 0 0
nt@synapse_cleft 1204 0.020023508 0.0359852194 0.00154566679 0 0 0
nt@synapse_cleft 1205 -0.0120075794 -0.0289779056 0.0130605375 0 0 0
nt@synapse_cleft 1206 -0.0197293595 0.0074609418 0.00483758108 0 0 0
nt@synapse_cleft 1237 -0.0387036997 -0.0115544656 0.00338294111 0 0 0
nt@synapse_cleft 1238 -0.0513567129 -0.0467921414 0.00759339058 0 0 0
nt@synapse_cleft 1248 0.0145300164 0.0524397329 0.00336209003 0 0 0
nt@synapse_cleft 1251 -0.0340847908 0.0033443096 0.0152576586 0 0 0
nt@synapse_cleft 1252 -0.0140779268 -0.0152391543 0.0184556751 0 0 0
nt@synapse_cleft 1270 0.0556902248 0.0264715786 0.000687226288 0 0 0
nt@synapse_cleft 1289 0.0599267674 -0.00518285367 0.00851214359 0 0 0
nt@synapse_cleft 1298 -0.00480041978 -0.0212350693 0.0199270695 0 0 0
nt@synapse_cleft 1302 -0.0182478267 0.0390049796 0.00253663268 0 0 0
nt@synapse_cleft 1311 0.0108102588 -0.0280961441 0.00497257676 0 0 0
nt@synapse_cleft 1316 -0.0342799277 -0.0171384763 0.00781727256 0 0 0
nt@synapse_cleft 1326 0.0113795877 0.0067896604 0.0133059625 0 0 0
nt@synapse_cleft 1328 0.0200200065 0.0183418924 0.0171637052 0 0 0
nt@synapse_cleft 1343 0.0183285547 -0.021698069 0.00513949653 0 0 0
nt@synapse_cleft 1349 0.0228924495 -0.0124662344 0.00676842529 0 0 0
nt@synapse_cleft 1368 0.0161165184 0.000640367006 0.0159929039 0 0 0
nt@synapse_cleft 1372 0.00130703235 0.0352938824 0.00943674355 0 0 0
nt@synapse_cleft 1380 -0.0264859219 0.0236917804 0.0087847049 0 0 0
nt@synapse_cleft 1384 -0.042802239 0.0114343088 0.00841104762 0 0 0
nt@synapse_cleft 1400 -0.0391701486 0.038831622 0.00168404523 0 0 0
nt@synapse_cleft 1403 -0.00112250576 0.00436314391 0.0016009275 0 0 0
nt@synapse_cleft 1408 -0.0262963552 -0.0134122846 0.0146163476 0 0 0
nt@synapse_cleft 1416 0.0139365279 0.0311052301 0.0193928931 0 0 0
nt@synapse_cleft 1419 -0.00343440314 -0.00513904154 0.0028041553 0 0 0
nt@synapse_cleft 1425 -0.00522131494 -0.026774659 0.00141343412 0 0 0
nt@synapse_cleft 1427 0.0112806847 -0.0199838839 0.00118610166 0 0 0
nt@synapse_cleft 1438 -0.0291153939 -0.0166048714 0.0103280902 0 0 0
nt@synapse_cleft 1440 -0.0121452586 0.0353327827 0.00457770853 0 0 0
nt@synapse_cleft 1442 0.00587001317 0.0239602326 0.0162857467 0 0 0
nt@synapse_cleft 1444 -0.0241339324 -0.00573866814 0.00192244143 0 0 0
nt@synapse_cleft 1446 -0.0137565965 -0.0348202435 0.00511744263 0 0 0
nt@synapse_cleft 1452 -0.0413797911 -0.029640579 0.00810257718 0 0 0
nt@synapse_cleft 1455 -0.0264276028 0.00329787359 0.0174141786 0 0 0
nt@synapse_cleft 1470 -0.0918173111 -0.0460511023 0.00434938855 0 0 0
nt@synapse_cleft 1472 -0.0660913075 -0.00861586886 0.00743653598 0 0 0
nt@synapse_cleft 1479 -0.0169911283 0.0432532855 0.00916899434 0 0 0
nt@synapse_cleft 1481 -0.00394150298 -0.00374651121 0.01105142 0 0 0
nt@synapse_cleft 1484 -0.000504892782 0.0244880645 0.0125777372 0 0 0
nt@synapse_cleft 1485 -0.001757989 -0.0352219878 0.00960075377 0 0 0
nt@synapse_cleft 1487 3.48483758e-05 -0.0274770043 0.012793504 0 0 0
nt@synapse_cleft 1488 0.0421305904 0.0156079164 0.0143318112 0 0 0
nt@synapse_cleft 1496 -0.00999950753 0.0438711817 0.0091910953 0 0 0
nt@synapse_cleft 1506 0.0208813691 0.011448933 0.00924250601 0 0 0
nt@synapse_cleft 1508 0.0519830621 0.0116874813 0.00976173019 0 0 0
nt@synapse_cleft 1512 0.0272054936 -0.00791306672 0.0131102776 0 0 0
nt@synapse_cleft 1527 -0.0136390485 0.0387875009 8.67049683e-06 0 0 0
nt@synapse_cleft 1528 -0.0490765325 0.00263006109 0.00435361203 0 0 0
nt@synapse_cleft 1531 0.000240112234 0.00710709988 0.000416776074 0 0 0
nt@synapse_cleft 1538 0.00300089521 0.0108576049 0.0130671362 0 0 0
nt@synapse_cleft 1542 -0.00592928186 0.0254390202 0.00933242159 0 0 0
nt@synapse_cleft 1553 0.0547354872 0.0134517453 0.0128905089 0 0 0
nt@synapse_cleft 1565 -0.00683513198 -0.0133175157 0.0130631847 0 0 0
nt@synapse_cleft 1571 -0.0297269865 -0.0312242401 0.0151077738 0 0 0
nt@synapse_cleft 1573 0.00673807223 0.0336187936 0.0147739109 0 0 0
nt@synapse_cleft 1600 0.0156224301 -0.041555723 0.0180156991 0 0 0
nt@synapse_cleft 1605 0.0308105982 -0.0123111417 0.0102785648 0 0 0
nt@synapse_cleft 1606 -0.0472576996 -0.000686692824 0.00188814816 0 0 0
nt@synapse_cleft 1611 0.018875152 -0.0132508814 0.00229282843 0 0 0
nt@synapse_cleft 1617 -0.022247212 -0.040130987 0.0153976913 0 0 0
nt@synapse_cleft 1628 0.0168859104 0.0329378876 0.00443023469 0 0 0
nt@synapse_cleft 1641 0.0280022585 0.0344794347 0.00778028019 0 0 0
nt@synapse_cleft 1655 0.0104259097 0.0222812039 0.0114024067 0 0 0
nt@synapse_cleft 1658 0.0225605711 0.0525487729 0.00807039268 0 0 0
nt@synapse_cleft 1675 -0.0126020461 0.0207305697 0.0179944171 0 0 0
nt@synapse_cleft 1678 0.00607958782 -0.00465583515 0.00474667033 0 0 0
nt@synapse_cleft 1681 0.0136190306 -0.0173337773 0.0077549954 0 0 0
nt@synapse_cleft 1686 -0.0155558422 0.0398422291 0.0187324131 0 0 0
nt@synapse_cleft 1687 -0.0382783687 -0.0387592587 0.0128692131 0 0 0
nt@synapse_cleft 1689 0.00237126338 0.0162525302 0.000964726472 0 0 0
nt@synapse_cleft 1692 -0.0224834619 0.006097635 0.0165241919 0 0 0
nt@synapse_cleft 1695 0.0295447591 -0.00970308458 0.00310701192 0 0 0
nt@synapse_cleft 1701 0.0136214063 0.00464796384 0.001458468 0 0 0
nt@synapse_cleft 1707 -0.0230692659 -0.0143740418 0.0131868328 0 0 0
nt@synapse_cleft 1715 0.010840308 0.0138411504 0.0117267552 0 0 0
nt@synapse_cleft 1721 0.0247030022 -0.0522430281 0.0132351959 0 0 0
nt@synapse_cleft 1729 -0.0118439161 -0.0276970495 0.0167752061 0 0 0
nt@synapse_cleft 1736 0.029382069 0.00391437223 0.00178475452 0 0 0
nt@synapse_cleft 1742 0.0162929775 -0.0587892244 0.010856261 0 0 0
nt@synapse_cleft 1743 0.0195956743 0.0350789773 0.00595464499 0 0 0
nt@synapse_cleft 1745 -0.0158701216 0.0182316872 0.00411533736 0 0 0
nt@synapse_cleft 1746 0.0126052546 -0.0290551097 0.00321754922 0 0 0
nt@synapse_cleft 1751 0.0489082399 0.00212022711 0.0188061585 0 0 0
nt@synapse_cleft 1759 -0.0135208839 -0.0189566471 0.0113132187 0 0 0
nt@synapse_cleft 1762 -0.0191049084 -0.0165479907 0.00518483139 0 0 0
nt@synapse_cleft 1768 -0.0022815691 -0.0481801606 0.0186101384 0 0 0
nt@synapse_cleft 1775 -0.0131119111 -0.00812247389 0.0153031297 0 0 0
nt@synapse_cleft 1781 -0.0080587423 0.0525654625 0.00831305352 0 0 0
nt@synapse_cleft 1793 0.0251584187 0.0371696587 0.012472984 0 0 0
nt@synapse_cleft 1795 0.0389986076 -0.0184779488 0.0117985506 0 0 0
nt@synapse_cleft 1804 0.0119443922 0.0254708519 0.0176581711 0 0 0
nt@synapse_cleft 1815 -0.0235459301 -0.0182078628 0.00234173073 0 0 0
nt@synapse_cleft 1824 0.0316546404 -0.00583597108 0.00383555317 0 0 0
nt@synapse_cleft 1829 0.0451751613 -0.0103090981 0.0163862095 0 0 0
nt@synapse_cleft 1830 -0.052483752 -0.0216802546 0.0121887887 0 0 0
nt@synapse_cleft 1837 -0.0353595008 -0.00216469766 0.00954027084 0 0 0
nt@synapse_cleft 1843 0.0123672104 0.0196044022 0.0113837924 0 0 0
nt@synapse_cleft 1846 -0.0145439665 -0.0126047863 0.0165266971 0 0 0
nt@synapse_cleft 1853 0.0466575284 -0.027735126 0.0141624065 0 0 0
nt@synapse_cleft 1854 0.0183383068 0.00150244255 0.00379602739 0 0 0
nt@synapse_cleft 1856 0.0218162055 -0.0117168955 0.0141460826 0 0 0
nt@synapse_cleft 1872 0.0064984867 -0.00321310038 0.016281748 0 0 0
nt@synapse_cleft 1877 0.0215219515 0.0327771345 0.0156766876 0 0 0
nt@synapse_cleft 1880 -0.0215908024 -0.0276051431 0.00436627851 0 0 0
nt@synapse_cleft 1883 0.0286393603 0.00752242429 0.0151829911 0 0 0
nt@synapse_cleft 1885 -0.0178480907 0.00408853501 0.0173386374 0 0 0
nt@synapse_cleft 1887 0.00830337009 0.0185097556 0.00121933009 0 0 0
nt@synapse_cleft 1892 -0.00313949933 0.00456586844 0.0102087572 0 0 0
nt@synapse_cleft 1896 0.00973659402 0.0201519762 0.0135086415 0 0 0
nt@synapse_cleft 1904 -0.0339152825 0.0400022042 0.00643813421 0 0 0
nt@synapse_cleft 1918 -0.0311926978 0.0480676639 0.0191845754 0 0 0
nt@synapse_cleft 1923 -0.015821522 0.0286041081 0.011707716 0 0 0
nt@synapse_cleft 1926 -0.0100753809 -0.0027797957 0.0197079873 0 0 0
nt@synapse_cleft 1932 0.0247792528 -0.010711899 0.0112644426 0 0 0
nt@synapse_cleft 1942 0.0397433719 -0.0448115041 0.00374616615 0 0 0
nt@synapse_cleft 1946 -0.0110160095 -0.023897613 0.0124718302 0 0 0
nt@synapse_cleft 1961 0.0385893585 0.0248405503 0.0115856274 0 0 0
nt@synapse_cleft 1967 -0.00143928508 -0.0263181919 0.012250421 0 0 0
nt@synapse_cleft 1970 -0.0215389582 -0.0555474747 0.00504606287 0 0 0
nt@synapse_cleft 1973 0.022446257 0.0126053478 0.0176164525 0 0 0
nt@synapse_cleft 1976 -0.0578259129 -0.0113528548 0.00299204858 0 0 0
nt@synapse_cleft 1980 -0.00585840757 -0.00772069551 0.0108461041 0 0 0
nt@synapse_cleft 1984 -0.0374144449 -0.0284737396 0.000809638676 0 0 0
nt@synapse_cleft 1990 0.01494646 0.0144107624 0.00593587294 0 0 0
nt@synapse_cleft 1997 -0.0115656107 0.0173118291 0.0146862554 0 0 0
nt@synapse_cleft 2004 -0.0326825269 0.0122692501 0.0176387266 0 0 0
nt@synapse_cleft 2014 0.0195070486 0.00211952209 0.0105099479 0 0 0
nt@synapse_cleft 2019 0.0145609533 -0.0100264816 0.00138277227 0 0 0
nt@synapse_cleft 2032 -0.0179893781 0.0126059458 0.00208341502 0 0 0
nt@synapse_cleft 2036 0.0663404763 -0.0372627929 0.0155556128 0 0 0
nt@synapse_cleft 2061 0.017160404 -0.0106884948 0.0100650093 0 0 0
nt@synapse_cleft 2064 0.0209272165 0.0361460974 0.00934273696 0 0 0
nt@synapse_cleft 2092 0.0276959359 0.0290688039 0.00478846724 0 0 0
nt@synapse_cleft 2096 -0.0170167151 -0.0202044727 0.00682161808 0 0 0
nt@synapse_cleft 2104 0.0528628844 -0.0282809977 0.0190058639 0 0 0
nt@synapse_cleft 2112 0.003366865 -0.0299031227 0.00874727426 0 0 0
nt@synapse_cleft 2124 -8.17156053e-05 0.0582500309 0.00793239802 0 0 0
nt@synapse_cleft 2127 0.0307077824 -0.0140979883 0.00365174925 0 0 0
nt@synapse_cleft 2137 -0.060958798 0.0606452493 0.0138306421 0 0 0
nt@synapse_cleft 2156 0.0510357136 -0.0340624014 0.00924649227 0 0 0
nt@synapse_cleft 2162 -0.0105707957 0.0240640814 0.0150876045 0 0 0
nt@synapse_cleft 2163 0.00917827848 -0.00874726478 0.0153518375 0 0 0
nt@synapse_cleft 2185 -0.0330701557 0.000558808646 0.017967809 0 0 0
nt@synapse_cleft 2187 -0.0250013146 0.00300449818 0.00845753488 0 0 0
nt@synapse_cleft 2199 0.00302436803 -0.0110045731 0.00835371413 0 0 0
nt@synapse_cleft 2204 -0.0174507296 0.0288865479 0.000690903924 0 0 0
nt@synapse_cleft 2218 0.000747090896 -0.0165411189 0.0171864114 0 0 0
nt@synapse_cleft 2223 -0.0224766611 -0.00328862895 0.0118154142 0 0 0
nt@synapse_cleft 2228 -0.00704072604 0.0203090162 0.0179496911 0 0 0
nt@synapse_cleft 2251 0.0158770434 0.00139154527 0.00244591122 0 0 0
nt@synapse_cleft 2254 -0.0145599963 -0.0331423383 0.0146491425 0 0 0
nt@synapse_cleft 2257 0.0133129837 -0.00762240854 0.0162081831 0 0 0
nt@synapse_cleft 2262 -0.0197981324 -0.00557178943 0.0167984296 0 0 0
nt@synapse_cleft 2271 -0.0276919713 0.0118310944 0.0165967855 0 0 0
nt@synapse_cleft 2274 -0.00403393232 0.0215274079 0.0057801589 0 0 0
nt@synapse_cleft 2278 0.030932643 0.0422660848 0.00812716239 0 0 0
nt@synapse_cleft 2279 -0.0365432211 0.0163310867 0.0191755491 0 0 0
nt@synapse_cleft 2283 0.0390161859 -0.0267869984 0.0079412883 0 0 0
nt@synapse_cleft 2284 0.0324872375 -0.00643616728 0.00778190802 0 0 0
nt@synapse_cleft 2285 -0.00421919758 -0.00699509204 0.00836820796 0 0 0
nt@synapse_cleft 2298 -0.0405515637 -0.0363752029 0.015996503 0 0 0
nt@synapse_cleft 2306 -0.011719699 -0.0669465133 0.00557181929 0 0 0
nt@synapse_cleft 2308 -0.0504893018 0.0396033956 0.0157616722 0 0 0
nt@synapse_cleft 2309 0.00662731207 0.0242004181 0.0138853151 0 0 0
nt@synapse_cleft 2314 0.000156686862 -0.0140957734 0.0110667821 0 0 0
nt@synapse_cleft 2320 0.0134399514 -0.0344013922 0.00168503172 0 0 0
nt@synapse_cleft 2321 0.0432593743 0.0130940864 0.00230349982 0 0 0
nt@synapse_cleft 2327 -0.0350939876 -0.0135234808 0.0121069928 0 0 0
nt@synapse_cleft 2330 -0.0282656912 0.0192695739 0.0193790447 0 0 0
nt@synapse_cleft 2349 0.0401031257 0.0330283966 0.0104791978 0 0 0
nt@synapse_cleft 2367 -0.0279589214 -0.0551137349 0.00265081084 0 0 0
nt@synapse_cleft 2369 -0.0370041018 0.0056237165 0.00010528702 0 0 0
nt@synapse_cleft 2383 0.00567040393 -0.0825902411 0.0177211414 0 0 0
nt@synapse_cleft 2389 0.00359418912 -0.0165496253 0.00680020318 0 0 0
nt@synapse_cleft 2400 -0.0197613581 -0.0184847691 0.0166206248 0 0 0
nt@synapse_cleft 2411 0.0225028781 -0.0441235703 0.0188292095 0 0 0
nt@synapse_cleft 2412 0.00248367158 0.00643442569 0.0194768446 0 0 0
nt@synapse_cleft 2421 0.0142642679 0.0281233181 0.00338117071 0 0 0
nt@synapse_cleft 2423 0.0129843758 -0.0509024939 0.0024390395 0 0 0
nt@synapse_cleft 2438 0.0238366012 -0.0346296345 0.00389970001 0 0 0
nt@synapse_cleft 2448 -0.00635601193 0.019096252 0.000833891661 0 0 0
nt@synapse_cleft 2456 -0.0209888477 -0.0225249325 0.00247024213 0 0 0
nt@synapse_cleft 2462 -0.0159044143 0.0342113137 0.00454558431 0 0 0
nt@synapse_cleft 2468 -0.0457771531 -0.0332728397 0.0130855056 0 0 0
nt@synapse_cleft 2472 0.0588439898 -0.0310195674 0.00744805286 0 0 0
nt@synapse_cleft 2481 -0.0131296681 -0.0329547673 0.0120783436 0 0 0
nt@synapse_cleft 2483 0.0239959786 0.0164604874 0.00481161207 0 0 0
nt@synapse_cleft 2491 0.0152392786 0.033924759 0.0192020589 0 0 0
nt@synapse_cleft 2493 0.0267039638 -0.0443460807 0.011635447 0 0 0
nt@synapse_cleft 2498 -0.00107111308 -0.0170425352 0.00107196567 0 0 0
nt@synapse_cleft 2502 0.0215407952 -0.0279730561 0.0176535899 0 0 0
nt@synapse_cleft 2509 -0.000666023002 -0.0112792647 0.000928961378 0 0 0
nt@synapse_cleft 2513 -0.0156556887 0.0204218777 0.00678189818 0 0 0
nt@synapse_cleft 2517 -0.00788796984 -0.00138317597 0.0191393073 0 0 0
nt@synapse_cleft 2520 0.0193294305 0.0365127343 0.00832114304 0 0 0
nt@synapse_cleft 2528 0.00395092973 -0.00183780921 0.0171701807 0 0 0
nt@synapse_cleft 2539 0.00777276916 0.0168832758 0.0124875209 0 0 0
nt@synapse_cleft 2542 0.0314042636 -0.0318792639 0.0039067836 0 0 0
nt@synapse_cleft 2549 -0.0175900331 0.0559489924 0.00961835077 0 0 0
nt@synapse_cleft 2550 0.0513591084 0.0161868366 0.0180215658 0 0 0
nt@synapse_cleft 2555 0.0622821862 -0.0223581584 0.00993642233 0 0 0
nt@synapse_cleft 2560 -0.0332892179 -0.000337786304 0.0168616863 0 0 0
nt@synapse_cleft 2561 0.0209970319 0.0525412856 0.0161090127 0 0 0
nt@synapse_cleft 2563 0.00037511089 0.0132571886 0.00735289448 0 0 0
nt@synapse_cleft 2564 -0.0110025621 0.0555588288 0.0108140421 0 0 0
nt@synapse_cleft 2566 -0.00857619815 0.0190536583 0.00670609197 0 0 0
nt@synapse_cleft 2570 0.00457114926 0.0175558079 0.0182499056 0 0 0
nt@synapse_cleft 2577 0.00201317394 0.016299415 0.00981561578 0 0 0
nt@synapse_cleft 2604 0.0543403084 -0.0230911888 0.0165648124 0 0 0
nt@synapse_cleft 2610 -0.00107739627 -0.0228429896 0.0165328724 0 0 0
nt@synapse_cleft 2625 -0.0533806267 -0.0137894433 0.00241941995 0 0 0
nt@synapse_cleft 2628 0.0136472683 -0.0266331176 0.00988009672 0 0 0
nt@synapse_cleft 2639 0.00266883335 -0.0180448303 0.00539681725 0 0 0
nt@synapse_cleft 2641 -0.0208358112 -0.0135027691 0.0190289514 0 0 0
nt@synapse_cleft 2652 0.00664806809 -0.000344180016 0.0126686323 0 0 0
nt@synapse_cleft 2660 -0.0115304171 -0.0208008863 0.0109048599 0 0 0
nt@synapse_cleft 2670 -0.00253495633 -0.00518975808 0.00710032057 0 0 0
nt@synapse_cleft 2680 -0.0558894219 -0.0318299517 0.00979946762 0 0 0
nt@synapse_cleft 2681 -0.0368205505 -0.0370644258 0.0149372109 0 0 0
nt@synapse_cleft 2688 -0.0433760277 0.0676033741 0.0106461658 0 0 0
nt@synapse_cleft 2702 -0.0174493528 -0.00577646488 0.00601486877 0 0 0
nt@synapse_cleft 2708 -0.0375272609 0.0150818178 0.00940589609 0 0 0
nt@synapse_cleft 2709 0.0231377522 -0.0147860479 0.017724067 0 0 0
nt@synapse_cleft 2720 0.0144284897 0.0101694527 0.00199605537 0 0 0
nt@synapse_cleft 2724 -0.00169010315 -0.0189467084 0.0103786455 0 0 0
nt@synapse_cleft 2729 0.00280251778 -0.0527358725 0.0186741863 0 0 0
nt@synapse_cleft 2743 0.00437983176 -0.0570835884 0.00385680769 0 0 0
nt@synapse_cleft 2750 0.00654811857 -0.0556550023 0.00456388284 0 0 0
nt@synapse_cleft 2752 -0.0249220052 -0.0226331824 0.00756638009 0 0 0
nt@synapse_cleft 2756 0.0385799111 -0.0231094761 0.0105765226 0 0 0
nt@synapse_cleft 2766 -0.0288629629 0.023264234 9.22422135e-05 0 0 0
nt@synapse_cleft 2775 0.0302346745 -0.0265325884 0.0129375445 0 0 0
nt@synapse_cleft 2785 0.0107758372 0.0436355844 0.011218936 0 0 0
nt@synapse_cleft 2798 -0.0336164383 0.0121046048 0.0124579161 0 0 0
nt@synapse_cleft 2807 -0.0296498533 0.0112253015 0.0124175145 0 0 0
nt@synapse_cleft 2808 0.0332504249 0.0643624933 0.00573177929 0 0 0
nt@synapse_cleft 2820 0.0136317475 -0.00407421719 0.0147841965 0 0 0
nt@synapse_cleft 2828 0.00455771071 -0.044867457 0.0042459945 0 0 0
nt@synapse_cleft 2857 0.0218934328 -0.0344552855 0.00335714458 0 0 0
nt@synapse_cleft 2861 -0.00948141241 0.0150663033 0.00821687689 0 0 0
nt@synapse_cleft 2863 -0.0539971678 -0.00268989235 0.00340881919 0 0 0
nt@synapse_cleft 2875 0.026040419 0.0134411802 0.0175796635 0 0 0
nt@synapse_cleft 2876 0.00601687019 0.00251596336 0.0183347821 0 0 0
nt@synapse_cleft 2880 0.0196762615 -0.0179305581 0.0128371957 0 0 0
nt@synapse_cleft 2884 0.0200593489 0.0174926869 0.0105413339 0 0 0
nt@synapse_cleft 2894 0.0258123446 0.0222798977 0.00979487414 0 0 0
nt@synapse_cleft 2895 0.0654207854 -0.0124451363 0.0114392619 0 0 0
nt@synapse_cleft 2905 -0.00523007727 0.00302063325 0.00425393235 0 0 0
nt@synapse_cleft 2909 0.0503285438 -0.0123237539 0.0138226703 0 0 0
nt@synapse_cleft 2910 -0.0561351239 0.00700777867 0.0117763377 0 0 0
nt@synapse_cleft 2912 0.000585571009 -0.00846545206 0.0135829548 0 0 0
nt@synapse_cleft 2915 0.0351128293 -0.0472151487 0.0124104336 0 0 0
nt@synapse_cleft 2920 -0.00833932419 -0.00573795209 0.00582577311 0 0 0
nt@synapse_cleft 2933 -0.0159650955 -0.013660023 0.00288627231 0 0 0
nt@synapse_cleft 2935 -0.0349397154 0.00492538625 0.0161832408 0 0 0
nt@synapse_cleft 2940 -0.00634737767 -0.021343325 0.000285132118 0 0 0
nt@synapse_cleft 2962 0.0186745958 -0.00845532452 0.00308446481 0 0 0
nt@synapse_cleft 2983 0.011538439 -0.0324348564 0.00470745364 0 0 0
nt@synapse_cleft 2993 -0.0182906426 0.0438540094 0.016145754 0 0 0
nt@synapse_cleft 3006 0.0490762268 0.0609206729 0.0101825023 0 0 0
nt@synapse_cleft 3012 0.0112653456 -0.0139887029 0.0179144815 0 0 0
nt@synapse_cleft 3019 -0.0305582898 0.00325610036 0.010014271 0 0 0
nt@synapse_cleft 3020 -0.0215110153 -0.0354959958 0.00605989213 0 0 0
nt@synapse_cleft 3042 -0.00816496993 0.00672809177 0.0135799177 0 0 0
nt@synapse_cleft 3047 0.0239882148 0.0587490988 0.00522347398 0 0 0
nt@synapse_cleft 3061 -0.0202493195 0.0298820424 0.00977347789 0 0 0
nt@synapse_cleft 3069 0.0380424257 -0.0241537475 0.0193410787 0 0 0
nt@synapse_cleft 3073 0.016892218 0.0434056603 0.0017346099 0 0 0
nt@synapse_cleft 3089 -0.000358274184 -0.013868768 0.00251450258 0 0 0
nt@synapse_cleft 3096 -0.00247263707 0.00659525185 0.00662512411 0 0 0
nt@synapse_cleft 3099 -0.0413578375 0.0157365205 0.00696867519 0 0 0
nt@synapse_cleft 3114 0.0349427656 0.0243367561 0.00756616006 0 0 0
nt@synapse_cleft 3134 0.014237358 0.0313322976 0.0060611502 0 0 0
nt@synapse_cleft 3150 0.0270521256 -0.0553144566 0.0108916605 0 0 0
nt@synapse_cleft 3159 -0.0134129713 0.012292348 0.0160161656 0 0 0
nt@synapse_cleft 3177 0.0144202921 -0.022209392 0.00662015757 0 0 0
nt@synapse_cleft 3181 0.0119598404 -0.00401713669 0.0185342573 0 0 0
nt@synapse_cleft 3183 0.00318042558 -0.0265822078 0.00820656814 0 0 0
nt@synapse_cleft 3184 0.0255319502 0.0233493357 0.0125003379 0 0 0
nt@synapse_cleft 3185 0.00893228294 0.00836208065 0.0186074832 0 0 0
nt@synapse_cleft 3199 -0.00239104761 0.010729253 0.0187324107 0 0 0
nt@synapse_cleft 3202 0.0139133488 0.0335693587 0.00077744412 0 0 0
nt@synapse_cleft 3220 0.00504245196 0.0343314239 0.0110017498 0 0 0
nt@synapse_cleft 3222 -0.0525972642 -0.0109590308 0.00578970538 0 0 0
nt@synapse_cleft 3227 0.0163078102 0.00650569951 0.0107573897 0 0 0
nt@synapse_cleft 3247 0.00489105703 -0.00205481095 0.0147983495 0 0 0
nt@synapse_cleft 3249 -0.0119477733 -0.00539045107 0.0140142791 0 0 0
nt@synapse_cleft 3275 0.00741711498 -0.0219350003 0.0102940995 0 0 0
nt@synapse_cleft 3304 0.0249719696 0.0775798066 0.0126163573 0 0 0
nt@synapse_cleft 3308 -0.0312723147 0.0458760694 0.00164178478 0 0 0
nt@synapse_cleft 3326 0.0139557877 0.000369257672 0.00295428983 0 0 0
nt@synapse_cleft 3334 0.00543814419 0.0126624788 0.0025273936 0 0 0
nt@synapse_cleft 3338 -0.0125629435 -0.0578262894 0.011378458 0 0 0
nt@synapse_cleft 3341 0.0177313873 0.00700355392 0.00743818104 0 0 0
nt@synapse_cleft 3367 0.0129496289 0.0109866615 0.00947907292 0 0 0
nt@synapse_cleft 3375 0.0518269753 0.040692971 0.0127946695 0 0 0
nt@synapse_cleft 3378 0.00507258462 0.0187461449 0.0018869731 0 0 0
nt@synapse_cleft 3394 0.00177860793 -0.0257412652 0.00281518204 0 0 0
nt@synapse_cleft 3402 -0.00683920842 -0.0238007775 2.87314225e-05 0 0 0
nt@synapse_cleft 3404 0.00771154085 -0.0367172991 0.00304289313 0 0 0
nt@synapse_cleft 3407 -0.01164044 0.0736345025 0.0174080924 0 0 0
nt@synapse_cleft 3413 0.0167724212 0.0152977486 0.0184724475 0 0 0
nt@synapse_cleft 3419 -0.0311575161 0.0339726959 0.00116783311 0 0 0
nt@synapse_cleft 3429 0.0453021561 -0.022946426 0.0129106099 0 0 0
nt@synapse_cleft 3432 0.0535708655 -0.0675377169 0.00580302863 0 0 0
nt@synapse_cleft 3445 0.0235599946 0.0413762076 0.00903820096 0 0 0
nt@synapse_cleft 3451 0.0136856776 0.00837619862 0.0165904807 0 0 0
nt@synapse_cleft 3467 -0.0701153575 -0.00399290963 0.00785320853 0 0 0
nt@synapse_cleft 3474 0.0551721472 0.000972585384 0.00341415713 0 0 0
nt@synapse_cleft 3482 -0.0785306591 -0.0346056694 0.00143676992 0 0 0
nt@synapse_cleft 3484 -0.0106241308 0.0238102425 0.016780988 0 0 0
nt@synapse_cleft 3500 0.01708745 -0.0287268114 0.0177005559 0 0 0
nt@synapse_cleft 3507 -0.0337160793 0.00824869737 0.0190274229 0 0 0
nt@synapse_cleft 3511 0.0284058689 -0.0407118367 0.00799884528 0 0 0
nt@synapse_cleft 3526 0.0104197455 -0.0525201098 0.00934889644 0 0 0
nt@synapse_cleft 3535 0.0099261174 0.0121339026 0.000967842585 0 0 0
nt@synapse_cleft 3536 0.0177203199 0.0102553298 0.00632537831 0 0 0
nt@synapse_cleft 3538 -0.0305899789 0.0086113533 0.0118780643 0 0 0
nt@synapse_cleft 3542 0.0060179327 0.0296518982 0.00130593094 0 0 0
nt@synapse_cleft 3543 -0.0312675881 -0.0260941212 0.0185928652 0 0 0
nt@synapse_cleft 3546 0.0117784257 0.0343975075 0.012262753 0 0 0
nt@synapse_cleft 3561 -0.0139853793 -0.0221545854 0.00272265297 0 0 0
nt@synapse_cleft 3562 -0.0610712112 -0.00872872625 0.00211838485 0 0 0
nt@synapse_cleft 3563 0.0240399164 -0.0291693965 0.0198515251 0 0 0
nt@synapse_cleft 3565 0.0390375762 -0.0175161795 0.0120520251 0 0 0
nt@synapse_cleft 3566 -0.0161248833 0.0573611592 0.0179536474 0 0 0
nt@synapse_cleft 3575 -0.0162583538 -0.000361997081 0.0146776994 0 0 0
nt@synapse_cleft 3576 0.0461122424 -0.00211935652 0.00667285044 0 0 0
nt@synapse_cleft 3592 0.00551902824 0.0463584591 0.0030723964 0 0 0
nt@synapse_cleft 3602 -0.0444447829 -0.0216306813 0.0115334789 0 0 0
nt@synapse_cleft 3603 -0.0202771237 0.0278234725 0.0179475344 0 0 0
nt@synapse_cleft 3606 -0.00552405767 0.00925828533 0.0134448308 0 0 0
nt@synapse_cleft 3611 0.0113742867 0.0120531149 0.00956365595 0 0 0
nt@synapse_cleft 3616 -0.0575058682 0.0427103174 0.00782503253 0 0 0
nt@synapse_cleft 3617 -0.0184069892 -0.0720688636 0.0186224314 0 0 0
nt@synapse_cleft 3620 0.0195617704 0.0377131304 0.0136234419 0 0 0
nt@synapse_cleft 3625 0.0179375389 0.0122303219 0.0191331585 0 0 0
nt@synapse_cleft 3635 -0.0272754439 0.0134920213 0.010247298 0 0 0
nt@synapse_cleft 3636 -0.000441205116 -0.00329739164 0.00441433342 0 0 0
nt@synapse_cleft 3645 0.00430106832 -0.0392920472 0.00280205463 0 0 0
nt@synapse_cleft 3661 0.0284938224 -0.00258255661 0.00913813614 0 0 0
nt@synapse_cleft 3667 -0.0367298484 -0.0101638616 0.0054995325 0 0 0
nt@synapse_cleft 3681 0.0432491397 -0.0266491371 0.00409423717 0 0 0
nt@synapse_cleft 3690 0.0494938685 -0.0114522842 0.0182119979 0 0 0
nt@synapse_cleft 3693 -0.0670530463 -0.0281901626 0.0171609864 0 0 0
nt@synapse_cleft 3706 0.0251003749 -0.0300345374 0.000541487973 0 0 0
nt@synapse_cleft 3707 -0.0594075224 -0.0140065781 0.0197010791 0 0 0
nt@synapse_cleft 3714 -0.0628949951 -0.00801347368 0.0151269935 0 0 0
nt@synapse_cleft 3730 0.00372555086 0.0111367816 0.00186408231 0 0 0
nt@synapse_cleft 3731 -0.0169976654 0.00115263 0.00993622696 0 0 0
nt@synapse_cleft 3737 0.00647837944 0.0120099641 0.00283381057 0 0 0
nt@synapse_cleft 3739 0.0252149601 0.0623122826 0.0123602924 0 0 0
nt@synapse_cleft 3745 -0.00919641108 0.0220542328 0.0138739359 0 0 0
nt@synapse_cleft 3751 -0.00392206871 -0.00339118038 0.00480529474 0 0 0
nt@synapse_cleft 3758 -0.0138215517 -0.0396724444 0.00419769303 0 0 0
nt@synapse_cleft 3759 -0.0135716918 -0.00903997777 0.0197826695 0 0 0
nt@synapse_cleft 3763 0.035807848 0.0336497383 0.00361336825 0 0 0
nt@synapse_cleft 3768 0.0194885152 -0.00102085172 0.0115347119 0 0 0
nt@synapse_cleft 3771 0.00992147911 -0.0320581517 0.0111642818 0 0 0
nt@synapse_cleft 3783 -0.0220327659 -0.0386391951 0.00537938061 0 0 0
nt@synapse_cleft 3788 0.000147086278 -0.0218170729 0.0141004668 0 0 0
nt@synapse_cleft 3793 -0.0173691915 -0.010435563 0.0180704774 0 0 0
nt@synapse_cleft 3800 0.0294773073 -0.0137147549 0.0138843861 0 0 0
nt@synapse_cleft 3811 -0.0118122123 -0.0268167688 0.00826739827 0 0 0
nt@synapse_cleft 3827 0.016361549 0.0647226089 0.00642743913 0 0 0
nt@synapse_cleft 3831 -0.00251351237 -0.0528357853 0.0146565051 0 0 0
nt@synapse_cleft 3834 0.0480277209 -0.0300977189 0.0179467314 0 0 0
nt@synapse_cleft 3835 0.0174184367 -0.0324356291 0.00279824699 0 0 0
nt@synapse_cleft 3844 -0.0136817237 -0.0131209972 0.00808249354 0 0 0
nt@synapse_cleft 3846 -0.028218986 0.00430104847 0.0168064608 0 0 0
nt@synapse_cleft 3848 0.0211617223 0.0463731264 0.0156462356 0 0 0
nt@synapse_cleft 3850 -0.0198178664 -0.0156433373 0.0184056263 0 0 0
nt@synapse_cleft 3859 0.0430614319 -0.00866146903 0.00560113337 0 0 0
nt@synapse_cleft 3879 0.0503952831 -0.0584496441 0.00793155143 0 0 0
nt@synapse_cleft 3886 0.0459348024 0.0580677212 0.000554315134 0 0 0
nt@synapse_cleft 3902 -0.0272126966 0.00201607383 0.0158179607 0 0 0
nt@synapse_cleft 3907 -0.0301380245 -0.0191350966 0.00571607122 0 0 0
nt@synapse_cleft 3918 -0.00545863448 -0.0102314442 0.00211836623 0 0 0
nt@synapse_cleft 3921 0.0339186177 0.0467687489 0.00087884149 0 0 0
nt@synapse_cleft 3927 0.00167179892 0.039527863 0.0172486423 0 0 0
nt@synapse_cleft 3932 0.0164373459 -0.025834803 0.014870278 0 0 0
nt@synapse_cleft 3952 -0.041857049 0.0248655541 0.0115044125 0 0 0
nt@synapse_cleft 3953 0.0390875451 -0.0378253803 0.00031800337 0 0 0
nt@synapse_cleft 3957 0.0282047213 0.0129273063 0.0112896017 0 0 0
nt@synapse_cleft 3958 -0.00108132805 0.0258729979 0.0170517934 0 0 0
nt@synapse_cleft 3963 0.0113623069 0.0214695486 0.00456168396 0 0 0
nt@synapse_cleft 3965 -0.0393807731 0.00543846 0.0176634389 0 0 0
nt@synapse_cleft 3967 0.0269700725 -0.0127963004 0.0120828858 0 0 0
nt@synapse_cleft 3968 0.00237905656 0.00360309436 0.00234701286 0 0 0
nt@synapse_cleft 3973 -0.018329314 0.00403418095 0.0188560097 0 0 0
nt@synapse_cleft 3974 -0.0195551178 0.0772013636 0.00837304694 0 0 0
nt@synapse_cleft 3978 0.0299015495 0.000408806233 0.0153511589 0 0 0
nt@synapse_cleft 3983 -0.0350492567 -0.0355055358 0.000125914849 0 0 0
nt@synapse_cleft 3988 -0.0203115321 -0.0302437338 0.000348656355 0 0 0
nt@synapse_cleft 3991 0.0708528273 -0.0312899315 0.00631900598 0 0 0
nt@synapse_cleft 3993 -0.0518726943 -0.0153588895 0.0160562511 0 0 0
nt@synapse_cleft 3997 -0.0517223857 0.0112534806 0.0157829811 0 0 0
nt@synapse_cleft 3999 -0.032873353 -0.0220618199 0.0087150545 0 0 0
nt@synapse_cleft 4018 0.0219895712 0.00493452017 0.0186571491 0 0 0
nt@synapse_cleft 4037 -0.00481010125 0.0275458805 0.0196307165 0 0 0
nt@synapse_cleft 4040 0.00141761961 0.0152760227 0.0134330943 0 0 0
nt@synapse_cleft 4049 0.0112703778 0.0148769357 0.0144414935 0 0 0
nt@synapse_cleft 4051 0.00113132089 0.0127083758 0.0151457671 0 0 0
nt@synapse_cleft 4064 -0.000918819225 0.016243643 0.0125797086 0 0 0
nt@synapse_cleft 4070 -0.0170695009 0.00812421272 0.018644017 0 0 0
nt@synapse_cleft 4103 -0.010846728 0.0128831303 0.00257168768 0 0 0
nt@synapse_cleft 4106 0.029555853 0.0183080926 0.00355407768 0 0 0
nt@synapse_cleft 4115 0.00933058896 0.0185123411 0.0050324687 0 0 0
nt@synapse_cleft 4119 0.020603515 -0.0202927079 0.0152059012 0 0 0
nt@synapse_cleft 4123 -0.0121333821 0.0135566622 0.0123386407 0 0 0
nt@synapse_cleft 4126 0.0421414343 -0.0305914285 0.000601282675 0 0 0
nt@synapse_cleft 4129 -0.00721957361 0.0180022931 0.0178785733 0 0 0
nt@synapse_cleft 4132 0.0368290706 0.0408365922 0.0142885643 0 0 0
nt@synapse_cleft 4135 0.00929675772 -0.0018416508 0.0137660453 0 0 0
nt@synapse_cleft 4150 -0.0340375223 -0.0604297596 0.0187301336 0 0 0
nt@synapse_cleft 4155 0.0199611837 -0.059499187 0.00860587005 0 0 0
nt@synapse_cleft 4156 0.0557996451 0.00512512644 0.00968090161 0 0 0
nt@synapse_cleft 4163 0.0117812473 0.0380287438 0.00308945732 0 0 0
nt@synapse_cleft 4177 -0.0354656631 0.0687610234 0.0189400388 0 0 0
nt@synapse_cleft 4187 -0.0179894027 -0.0210506946 0.0162808189 0 0 0
nt@synapse_cleft 4193 0.0103288429 -0.0491473719 0.0174608022 0 0 0
nt@synapse_cleft 4214 -0.0253853596 -0.012031694 0.0175376182 0 0 0
nt@synapse_cleft 4215 0.0303726462 -0.0548799423 0.0185100228 0 0 0
nt@synapse_cleft 4220 -0.0291313629 -0.0143922032 0.0095123646 0 0 0
nt@synapse_cleft 4228 0.0476751135 -0.020124316 0.0113739972 0 0 0
nt@synapse_cleft 4233 0.0182822664 0.0181180432 0.00567771418 0 0 0
nt@synapse_cleft 4242 0.0244293347 -0.0472061695 0.0150494726 0 0 0
nt@synapse_cleft 4252 0.0317407384 0.00626249361 0.0100458832 0 0 0
nt@synapse_cleft 4254 -0.0118721129 0.0431340633 0.00395899885 0 0 0
nt@synapse_cleft 4255 -0.0220756892 -0.0334824205 0.00596229148 0 0 0
nt@synapse_cleft 4279 0.0261821109 -0.0584914494 0.00952725986 0 0 0
nt@synapse_cleft 4288 0.0232663996 -0.0196917826 0.0136782933 0 0 0
nt@synapse_cleft 4297 0.0305201297 -0.0218868488 0.0156085506 0 0 0
nt@synapse_cleft 4301 0.046424288 -0.009973608 0.0123826243 0 0 0
nt@synapse_cleft 4312 -0.0225917564 -0.0403644932 0.0156409072 0 0 0
nt@synapse_cleft 4317 -0.0197055295 0.0550454444 0.000990230386 0 0 0
nt@synapse_cleft 4326 0.0301845177 -0.00402830835 0.017240077 0 0 0
nt@synapse_cleft 4330 -0.0289749308 0.0157142058 0.0184518637 0 0 0
nt@synapse_cleft 4339 0.00891398624 -0.0237316386 0.0168986275 0 0 0
nt@synapse_cleft 4343 -0.0255341771 -0.0667241538 0.00618787586 0 0 0
nt@synapse_cleft 4346 0.0138673618 0.0157131563 0.00406013847 0 0 0
nt@synapse_cleft 4351 0.0502022957 0.0104146228 0.0169559274 0 0 0
nt@synapse_cleft 4360 0.00903870679 0.0101092181 0.00706317934 0 0 0
nt@synapse_cleft 4365 0.00825154269 0.0421275212 0.0152015658 0 0 0
nt@synapse_cleft 4374 -0.0156096743 -0.0316416702 0.00406747901 0 0 0
nt@synapse_cleft 4381 -0.0188263904 -0.038415808 0.0162222491 0 0 0
nt@synapse_cleft 4386 -0.0107035844 0.00452877633 0.00812865067 0 0 0
nt@synapse_cleft 4392 0.00146312859 0.0127495843 0.012243907 0 0 0
nt@synapse_cleft 4395 0.0187174547 -0.0393104936 0.0181046699 0 0 0
nt@synapse_cleft 4396 0.0208928327 -0.0504296246 0.000501447773 0 0 0
nt@synapse_cleft 4398 -0.0238019797 0.000494695682 0.0120304299 0 0 0
nt@synapse_cleft 4399 0.0296786739 0.0345041851 0.00455372919 0 0 0
nt@synapse_cleft 4414 8.48935637e-06 -0.0181322394 0.0183445029 0 0 0
nt@synapse_cleft 4416 -0.0179847664 0.0142753702 0.0180244277 0 0 0
nt@synapse_cleft 4423 0.0214249368 -0.00498196185 0.012824366 0 0 0
nt@synapse_cleft 4424 -0.0362797529 -0.00298395157 0.00135275259 0 0 0
nt@synapse_cleft 4430 -0.00557777213 -0.0125024637 0.00527828858 0 0 0
nt@synapse_cleft 4431 0.0146427124 -0.0335377521 0.018631475 0 0 0
nt@synapse_cleft 4434 0.0160411602 0.00234078993 0.00419870103 0 0 0
nt@synapse_cleft 4446 -0.00769732919 0.0324936502 0.0114600176 0 0 0
nt@synapse_cleft 4464 0.0239961345 -0.0222746892 0.0122620511 0 0 0
nt@synapse_cleft 4478 -0.0179027375 0.0406869128 0.00761300693 0 0 0
nt@synapse_cleft 4480 0.0189494149 0.0464966482 0.0134677043 0 0 0
nt@synapse_cleft 4482 -0.0483420088 -0.0285647912 0.0194481281 0 0 0
nt@synapse_cleft 4485 0.0121130159 0.0245123158 0.0161208063 0 0 0
nt@synapse_cleft 4488 0.01246481 0.0123517921 0.00509028294 0 0 0
nt@synapse_cleft 4489 -0.0227095795 -0.0135652344 0.00201662071 0 0 0
nt@synapse_cleft 4499 -0.00384908562 0.0194863313 0.0146810915 0 0 0
nt@synapse_cleft 4501 0.0211795247 0.00480175744 0.0135579082 0 0 0
nt@synapse_cleft 4517 -0.0406252853 0.00777916603 0.00300995914 0 0 0
nt@synapse_cleft 4527 0.0088116607 0.00531161783 0.0134808641 0 0 0
nt@synapse_cleft 4538 -0.0389154367 -0.0416627793 0.00888618381 0 0 0
nt@synapse_cleft 4542 0.0100601936 0.0483065814 0.00732499922 0 0 0
nt@synapse_cleft 4545 -0.0263874763 0.0409302609 0.00893574376 0 0 0
nt@synapse_cleft 4551 -0.00630613413 0.0378822646 0.0120436742 0 0 0
nt@synapse_cleft 4553 -0.0383466613 -0.0164731178 0.0141565945 0 0 0
nt@synapse_cleft 4559 -0.031250663 0.0209947531 0.0165850964 0 0 0
nt@synapse_cleft 4574 0.0442307458 -0.0315106346 0.0066079588 0 0 0
nt@synapse_cleft 4576 -0.0407141198 -0.0195337372 0.013465765 0 0 0
nt@synapse_cleft 4583 0.00662738563 0.0123268512 0.00916373232 0 0 0
nt@synapse_cleft 4590 -0.053948843 -0.0136388288 0.0195342513 0 0 0
nt@synapse_cleft 4593 -0.0461971361 0.0508866265 0.00110075521 0 0 0
nt@synapse_cleft 4595 0.0399975802 -0.0397617945 0.00531676094 0 0 0
nt@synapse_cleft 4620 0.00265189377 0.00541204948 0.0138372308 0 0 0
nt@synapse_cleft 4659 -0.0332105404 0.0574669702 0.00775285348 0 0 0
nt@synapse_cleft 4681 0.0235096654 -0.0112581809 0.018772235 0 0 0
nt@synapse_cleft 4700 -0.031231411 0.0469570766 0.00769902317 0 0 0
nt@synapse_cleft 4709 -0.027930026 -0.0155721742 0.00862653706 0 0 0
nt@synapse_cleft 4718 0.0499878643 0.0152060301 0.0101106634 0 0 0
nt@synapse_cleft 4736 -0.00341482045 0.0290678271 0.00503562613 0 0 0
nt@synapse_cleft 4750 -0.00317781221 -0.071394132 0.0136041629 0 0 0
nt@synapse_cleft 4753 -0.015029684 2.14305554e-06 0.00879823198 0 0 0
nt@synapse_cleft 4754 -0.0078906701 -0.0158665563 0.00130648162 0 0 0
nt@synapse_cleft 4756 0.0108690746 -0.0233239761 0.0136347097 0 0 0
nt@synapse_cleft 4758 -0.0186349001 0.00470382816 0.0173895342 0 0 0
nt@synapse_cleft 4764 0.0294960102 -0.0168758922 0.00554141453 0 0 0
nt@synapse_cleft 4779 0.0352948635 -0.026603192 0.0106985719 0 0 0
nt@synapse_cleft 4784 0.0255502872 0.00689838921 0.0114487019 0 0 0
nt@synapse_cleft 4786 -0.0342178968 0.0208321847 0.0193334349 0 0 0
nt@synapse_cleft 4791 0.0497046943 0.0047481086 0.016876158 0 0 0
nt@synapse_cleft 4800 0.0347844518 0.00464267095 0.0199257368 0 0 0
nt@synapse_cleft 4801 -0.0173933218 0.00520330462 0.010167848 0 0 0
nt@synapse_cleft 4822 -0.018828506 -0.0115842089 0.00269814 0 0 0
nt@synapse_cleft 4823 -0.0174674708 0.0117325039 0.0191265519 0 0 0
nt@synapse_cleft 4829 0.0236283994 -0.056697852 0.00401266741 0 0 0
nt@synapse_cleft 4839 -0.0108412946 -0.00813149818 0.00759259388 0 0 0
nt@synapse_cleft 4844 0.0730795845 -0.0137749197 0.0194138018 0 0 0
nt@synapse_cleft 4852 -0.0204333806 -0.0349835284 0.00666290823 0 0 0
nt@synapse_cleft 4871 0.00280680342 0.0174479646 0.00822388483 0 0 0
nt@synapse_cleft 4880 0.00252634787 -0.0229076507 0.0177106616 0 0 0
nt@synapse_cleft 4892 -0.022831215 0.0340428434 0.000718529296 0 0 0
nt@synapse_cleft 4897 0.00803225017 -0.0276329631 0.00278333525 0 0 0
nt@synapse_cleft 4901 0.0272579671 0.0069242608 0.0150616675 0 0 0
nt@synapse_cleft 4905 -0.0314882767 0.00625649621 0.00100479263 0 0 0
nt@synapse_cleft 4906 -0.0146794014 -0.0355059519 0.00859873177 0 0 0
nt@synapse_cleft 4919 0.000467698602 0.022584477 0.0016163389 0 0 0
nt@synapse_cleft 4925 -0.0140696071 0.00139929117 0.00949885047 0 0 0
nt@synapse_cleft 4937 -0.0724472447 0.0102135881 0.0106788026 0 0 0
nt@synapse_cleft 4946 0.00367526513 -0.00288208838 0.0119022121 0 0 0
nt@synapse_cleft 4973 -0.00375788108 0.0418513215 0.0169324898 0 0 0
nt@synapse_cleft 4979 0.00642557308 -0.00458273713 0.0097167447 0 0 0
nt@synapse_cleft 4981 0.00893665267 -0.0664300582 0.00328036365 0 0 0
nt@synapse_cleft 4982 -0.00236394298 0.0173627874 0.00987251946 0 0 0
nt@synapse_cleft 4983 -0.0300062368 -0.00137602435 0.00225467108 0 0 0
nt@synapse_cleft 4991 -0.0118844651 -0.00728748832 0.0111564546 0 0 0
nt@synapse_cleft 5004 -0.0163567293 -0.0160374868 0.00684339186 0 0 0
nt@synapse_cleft 5006 0.021117289 -0.0175985399 0.0136256829 0 0 0
nt@synapse_cleft 5009 -0.0114772381 0.00821752634 0.00209471108 0 0 0
nt@synapse_cleft 5015 -0.0373786195 -0.039216522 0.00982117767 0 0 0
nt@synapse_cleft 5044 -0.048164789 0.0333001206 0.00272017539 0 0 0
nt@synapse_cleft 5046 -0.00101141524 -0.019156971 0.000263484091 0 0 0
nt@synapse_cleft 5055 -0.00857269038 0.0264183122 0.0198307836 0 0 0
nt@synapse_cleft 5061 0.00424895534 -0.0368957081 0.00563816234 0 0 0
nt@synapse_cleft 5063 -0.0331341762 0.0406830627 0.0136280678 0 0 0
nt@synapse_cleft 5082 -0.00408971153 0.0594598205 0.00427297764 0 0 0
nt@synapse_cleft 5086 0.0322388004 0.0548092605 0.00697968172 0 0 0
nt@synapse_cleft 5145 0.0172104468 0.0243143096 0.00070351575 0 0 0
nt@synapse_cleft 5154 0.0115095345 0.0112234482 0.0195623813 0 0 0
nt@synapse_cleft 5159 -0.0380731653 -0.00617970984 0.0122784587 0 0 0
nt@synapse_cleft 5164 0.0176514912 0.00114967417 0.000352776414 0 0 0
nt@synapse_cleft 5173 -0.0306748445 0.00159178886 0.0118962012 0 0 0
nt@synapse_cleft 5176 -0.0367918783 0.0742295312 0.00347960791 0 0 0
nt@synapse_cleft 5179 0.0266931598 0.00635575902 0.000317675048 0 0 0
nt@synapse_cleft 5182 0.0729868302 -6.74357783e-05 0.00313365791 0 0 0
