nt@synapse_cleft 0 0.0242624628 -0.00703772387 0.0169940166 0 0 0
nt@synapse_cleft 2 -0.0496474411 0.0076345161 0.0128314841 0 0 0
nt@synapse_cleft 7 0.0146188623 0.0143926091 0.011608153 0 0 0
nt@synapse_cleft 9 0.036848713 -0.0310743122 0.0190774241 0 0 0
nt@synapse_cleft 12 0.000685348098 0.0403273854 0.00204460867 0 0 0
nt@synapse_cleft 15 -0.00837994885 0.0177274798 0.0123126367 0 0 0
nt@synapse_cleft 17 0.0191263385 0.0065582103 0.0087222163 0 0 0
nt@synapse_cleft 26 -0.0301272802 0.00348035162 0.0146150891 0 0 0
nt@synapse_cleft 30 0.0093320811 -0.0343087675 0.0067684867 0 0 0
nt@synapse_cleft 35 0.0101481753 0.0455363067 0.0192996 0 0 0
nt@synapse_cleft 42 5.069483e-05 0.00874093062 0.0197674886 0 0 0
nt@synapse_cleft 45 0.00257305788 0.0125442368 0.00818628688 0 0 0
nt@synapse_cleft 54 -0.00589594877 0.0351574768 0.0108371668 0 0 0
nt@synapse_cleft 56 -0.0282612995 -0.0106970042 0.00614918674 0 0 0
nt@synapse_cleft 59 0.030858339 0.0154145739 0.0189670987 0 0 0
nt@synapse_cleft 72 -0.0231189971 0.0152973896 0.018765816 0 0 0
nt@synapse_cleft 81 0.00572222636 -0.0411694289 0.00144622418 0 0 0
nt@synapse_cleft 87 -0.00759031931 -0.00492890886 0.00750342342 0 0 0
nt@synapse_cleft 89 0.0367551034 -0.00475615593 0.0126224435 0 0 0
nt@synapse_cleft 100 -0.0132453483 -0.0225660846 0.0139905553 0 0 0
nt@synapse_cleft 103 0.0260669903 -0.0144179186 0.0177756516 0 0 0
nt@synapse_cleft 111 -0.0414952975 0.0437761607 0.0186024487 0 0 0
nt@synapse_cleft 114 0.0401792141 -0.014165982 0.0165940601 0 0 0
nt@synapse_cleft 115 0.00106616314 -0.0268790576 0.0157595924 0 0 0
nt@synapse_cleft 116 -0.0292311702 -0.0208725959 0.0136317261 0 0 0
nt@synapse_cleft 135 -0.028534195 -0.0262357154 0.0192825438 0 0 0
nt@synapse_cleft 137 -0.0506932898 -0.0425099987 0.00610908949 0 0 0
nt@synapse_cleft 148 -0.0137366627 0.0643789925 0.00170406672 0 0 0
nt@synapse_cleft 150 -0.0204054079 0.0239762868 0.0036726204 0 0 0
nt@synapse_cleft 156 -0.0187486733 -0.00340032507 0.013354815 0 0 0
nt@synapse_cleft 162 -0.0161031566 -0.0400391153 0.00579981512 0 0 0
nt@synapse_cleft 167 0.000291519727 -0.0436655569 0.00949281655 0 0 0
nt@synapse_cleft 168 -0.0269452992 -0.0217542206 0.0127395161 0 0 0
nt@synapse_cleft 186 -0.021494113 0.00429550737 0.0183100774 0 0 0
nt@synapse_cleft 188 -0.000453012778 -0.0127582343 0.0103733563 0 0 0
nt@synapse_cleft 192 -0.0129129825 0.0411590186 0.00964787733 0 0 0
nt@synapse_cleft 194 -0.0233879666 -0.00516872543 0.0188461464 0 0 0
nt@synapse_cleft 195 0.0373433142 0.0477237326 0.00250148329 0 0 0
nt@synapse_cleft 199 0.0402968479 0.0184168458 0.010615781 0 0 0
nt@synapse_cleft 203 0.0103382508 0.00333205986 0.00265783686 0 0 0
nt@synapse_cleft 206 0.00244221329 -0.0193621434 0.0138777537 0 0 0
nt@synapse_cleft 210 -0.0334860626 0.012075513 0.0062672061 0 0 0
nt@synapse_cleft 224 -0.0112681614 0.0620680466 0.00401521206 0 0 0
nt@synapse_cleft 231 0.0187004953 0.0454272683 0.0100121533 0 0 0
nt@synapse_cleft 235 0.0210345677 -0.0165917968 0.0139451639 0 0 0
nt@synapse_cleft 244 -0.0191577495 0.00218062542 0.0186410023 0 0 0
nt@synapse_cleft 248 0.0277617052 -0.0208873729 0.0163310643 0 0 0
nt@synapse_cleft 256 -0.0498944141 -0.0128099691 0.0194703641 0 0 0
nt@synapse_cleft 263 0.0542455133 0.0115085812 0.00811081658 0 0 0
nt@synapse_cleft 268 0.00560603732 -0.0142845572 0.0134777024 0 0 0
nt@synapse_cleft 272 0.0105948155 -0.052272857 0.00775165084 0 0 0
nt@synapse_cleft 284 -0.0394833119 0.0864378797 0.0127161633 0 0 0
nt@synapse_cleft 293 0.032164228 -0.016905191 0.00897617987 0 0 0
nt@synapse_cleft 306 0.0192861816 -0.0279198797 0.00380905635 0 0 0
nt@synapse_cleft 307 0.0167911584 0.00468573209 0.0142774603 0 0 0
nt@synapse_cleft 308 0.0279853333 0.0316080334 0.0186694274 0 0 0
nt@synapse_cleft 310 0.0354422368 0.00392149332 0.00594016216 0 0 0
nt@synapse_cleft 318 -0.0290607485 0.00100108663 0.0110711958 0 0 0
nt@synapse_cleft 319 0.0533715098 0.0113830307 0.00973049419 0 0 0
nt@synapse_cleft 321 0.0374095915 0.0103983444 0.00904077037 0 0 0
nt@synapse_cleft 325 -0.0492487626 0.0693264028 0.0119948598 0 0 0
nt@synapse_cleft 347 0.00272883382 -0.000400002955 0.00284762882 0 0 0
nt@synapse_cleft 348 0.0024380563 -0.0210404287 0.00930936713 0 0 0
nt@synapse_cleft 350 0.0106577174 0.000782798763 0.0132777226 0 0 0
nt@synapse_cleft 356 -0.0370180457 0.0144423276 0.0108786108 0 0 0
nt@synapse_cleft 361 -0.0223943204 0.0017757511 0.0176845674 0 0 0
nt@synapse_cleft 371 -0.00919839208 0.0353295779 0.0164261 0 0 0
nt@synapse_cleft 372 0.0064817993 0.0342267548 0.0126368449 0 0 0
nt@synapse_cleft 376 -0.013899135 0.00513797195 0.00762941016 0 0 0
nt@synapse_cleft 385 0.0194462002 0.0109594324 0.00781557329 0 0 0
nt@synapse_cleft 391 0.0132052081 -0.0271328617 0.0142960976 0 0 0
nt@synapse_cleft 395 0.000890564639 -0.0151744687 0.0183838199 0 0 0
nt@synapse_cleft 402 0.000399166365 0.045648045 0.0118796618 0 0 0
nt@synapse_cleft 406 -0.0273725354 -0.0389743249 0.0074701121 0 0 0
nt@synapse_cleft 421 -0.0494914478 0.0226299478 0.0181393253 0 0 0
nt@synapse_cleft 426 0.0462806301 -0.020450272 0.0171157532 0 0 0
nt@synapse_cleft 429 -0.013990466 0.0287473939 0.0158357083 0 0 0
nt@synapse_cleft 440 0.0338405694 -0.00605827403 0.000832983153 0 0 0
nt@synapse_cleft 444 0.00198416808 0.0483770195 0.00583438744 0 0 0
nt@synapse_cleft 449 -0.00431394238 -0.0174650077 0.00425546795 0 0 0
nt@synapse_cleft 452 0.0407400467 0.046108149 0.0173568835 0 0 0
nt@synapse_cleft 453 0.00100715812 -0.00745116289 0.00388347351 0 0 0
nt@synapse_cleft 455 0.00576917326 -0.0279005907 0.0174196979 0 0 0
nt@synapse_cleft 477 0.0166023343 0.00339569185 0.0196279535 0 0 0
nt@synapse_cleft 479 -0.0156159381 0.017680011 0.0126243745 0 0 0
nt@synapse_cleft 482 0.00761987437 0.00684357845 0.00713615621 0 0 0
nt@synapse_cleft 483 0.000668359065 -0.0165958179 0.00184758397 0 0 0
nt@synapse_cleft 499 0.0201758479 0.0133909708 0.00256641682 0 0 0
nt@synapse_cleft 501 0.00696172463 0.0197415 0.0114259348 0 0 0
nt@synapse_cleft 503 0.0147413576 -0.0258505117 0.0151966964 0 0 0
nt@synapse_cleft 509 -0.0258068734 0.0540630803 0.00805852256 0 0 0
nt@synapse_cleft 510 0.0158451886 0.0135404428 0.0142251631 0 0 0
nt@synapse_cleft 514 -0.0325420555 0.00113894502 0.0139331055 0 0 0
nt@synapse_cleft 522 -0.0447779301 0.0317670552 0.0146448372 0 0 0
nt@synapse_cleft 524 -0.0067938521 0.0299637773 0.0185454327 0 0 0
nt@synapse_cleft 530 0.0182773798 -0.010111104 0.00987977897 0 0 0
nt@synapse_cleft 536 -0.0404385713 -0.0427942872 0.011611179 0 0 0
nt@synapse_cleft 544 0.0354009866 0.0151129904 0.006342109 0 0 0
nt@synapse_cleft 546 -0.050434722 0.0121694065 0.00245383646 0 0 0
nt@synapse_cleft 549 0.0454526732 -0.0290589525 0.0156472214 0 0 0
nt@synapse_cleft 551 0.0117544281 -0.00905422525 0.0151689026 0 0 0
nt@synapse_cleft 552 0.0260274384 0.0158668309 0.0075316465 0 0 0
nt@synapse_cleft 557 -0.0339286977 -0.00936740226 0.0138019672 0 0 0
nt@synapse_cleft 558 -0.00685973258 -0.0182335079 0.00945395756 0 0 0
nt@synapse_cleft 563 -0.0237881821 -0.058992585 0.00656185768 0 0 0
nt@synapse_cleft 572 -0.0256319669 0.013494942 0.000775501231 0 0 0
nt@synapse_cleft 575 -0.00236586571 -0.00419659675 0.00215259213 0 0 0
nt@synapse_cleft 581 -9.16851479e-05 -0.00291316012 0.000756347367 0 0 0
nt@synapse_cleft 583 0.0110863653 0.0180783602 0.0169660284 0 0 0
nt@synapse_cleft 586 0.00899066482 0.00591634729 0.000419381292 0 0 0
nt@synapse_cleft 591 -0.0178855297 0.00917790445 0.00640368836 0 0 0
nt@synapse_cleft 594 0.0344477734 0.0233570852 0.0166137972 0 0 0
nt@synapse_cleft 596 -0.0148471079 0.00549323113 0.0180700918 0 0 0
nt@synapse_cleft 598 0.000617610088 0.00910534668 0.0132813727 0 0 0
nt@synapse_cleft 618 -0.00939337197 -0.0297351864 0.00184935958 0 0 0
nt@synapse_cleft 620 -0.0292276061 0.00258194293 0.0114892657 0 0 0
nt@synapse_cleft 624 0.0162473834 -0.00817679753 0.00272792215 0 0 0
nt@synapse_cleft 627 -0.0204771164 -0.0253706955 0.0100204759 0 0 0
nt@synapse_cleft 629 -0.00122008767 0.000294741019 0.00861217335 0 0 0
nt@synapse_cleft 633 -0.0273474986 0.0325684869 0.0150546245 0 0 0
nt@synapse_cleft 634 0.0044342956 0.00348569256 0.00846764292 0 0 0
nt@synapse_cleft 639 -0.012694417 -0.0122147075 0.00323611626 0 0 0
nt@synapse_cleft 645 -0.00760913748 -0.00106314824 0.00661806504 0 0 0
nt@synapse_cleft 647 0.0187049856 0.0216057313 0.00542287869 0 0 0
nt@synapse_cleft 661 -0.022606658 -0.0269041052 0.0124249465 0 0 0
nt@synapse_cleft 664 -0.0172381761 0.0100887509 0.00497354866 0 0 0
nt@synapse_cleft 678 0.0155374264 -0.0283559585 0.00170464915 0 0 0
nt@synapse_cleft 679 -0.033934945 -0.000910535086 0.0146814198 0 0 0
nt@synapse_cleft 681 0.00124994357 -0.0245108572 6.27349709e-05 0 0 0
nt@synapse_cleft 691 0.024461665 0.00405753859 0.00495325056 0 0 0
nt@synapse_cleft 693 0.0104159062 0.0171021153 0.0166399168 0 0 0
nt@synapse_cleft 698 0.00445574287 0.0160618937 0.0179162609 0 0 0
nt@synapse_cleft 699 -0.014080733 -0.067215914 0.0083940635 0 0 0
nt@synapse_cleft 712 -0.0199048098 -0.00473851169 0.0074648655 0 0 0
nt@synapse_cleft 720 0.0279469037 -0.0391051159 0.00169191337 0 0 0
nt@synapse_cleft 721 -0.00438718059 -0.0275565183 0.0111101227 0 0 0
nt@synapse_cleft 726 -0.014303695 -0.0130395234 0.0110450044 0 0 0
nt@synapse_cleft 727 -0.0242050995 0.0138176284 0.00685606576 0 0 0
nt@synapse_cleft 728 0.0149932453 0.00344606182 0.00672891187 0 0 0
nt@synapse_cleft 732 0.0164920377 0.0463288832 0.00690142397 0 0 0
nt@synapse_cleft 735 -0.0516252744 0.00620698015 0.00458276811 0 0 0
nt@synapse_cleft 737 0.0444593735 0.000177987924 0.0180673546 0 0 0
nt@synapse_cleft 741 0.0296446193 0.0042714517 0.00211263309 0 0 0
nt@synapse_cleft 750 0.0272618828 0.0198974661 0.0173493273 0 0 0
nt@synapse_cleft 754 -0.0028419728 -0.0164275402 0.00197072422 0 0 0
nt@synapse_cleft 760 -0.0117566642 -0.0411797117 0.00379947676 0 0 0
nt@synapse_cleft 762 0.00292554832 -0.0179211932 0.0190977555 0 0 0
nt@synapse_cleft 765 -0.0440390707 0.0444513594 0.0109239526 0 0 0
nt@synapse_cleft 768 -0.00551748459 0.000993984162 0.0170835231 0 0 0
nt@synapse_cleft 769 -0.00593600683 0.049040806 0.0126091989 0 0 0
nt@synapse_cleft 774 -0.00584583261 0.024568971 0.00866024871 0 0 0
nt@synapse_cleft 779 -0.0277097773 0.0248099345 4.97624554e-05 0 0 0
nt@synapse_cleft 797 -0.00522168663 0.0236247528 0.00267292151 0 0 0
nt@synapse_cleft 803 -0.0208519861 -0.0457194127 0.0139517352 0 0 0
nt@synapse_cleft 814 0.0421126258 0.0396999853 0.0017044497 0 0 0
nt@synapse_cleft 816 0.00250551947 -0.00840599252 0.00528454314 0 0 0
nt@synapse_cleft 817 0.0164962286 -0.0141723552 0.0165378835 0 0 0
nt@synapse_cleft 828 0.0132466646 -0.0230723833 0.0176263123 0 0 0
nt@synapse_cleft 831 0.00655301567 -0.0124546282 0.000115080217 0 0 0
nt@synapse_cleft 833 -0.0159665709 -0.00735481949 0.0194360673 0 0 0
nt@synapse_cleft 837 -0.0229345307 -0.00528316441 0.0169226533 0 0 0
nt@synapse_cleft 844 -0.0156926512 0.0163888496 0.0159754415 0 0 0
nt@synapse_cleft 847 0.0216377756 -0.00435747152 0.0172775121 0 0 0
nt@synapse_cleft 850 -0.00295766551 0.0105895108 0.0143880714 0 0 0
nt@synapse_cleft 854 -0.00933187301 0.0340559956 0.00331283456 0 0 0
nt@synapse_cleft 866 -0.00419127682 -0.024644615 0.00181714502 0 0 0
nt@synapse_cleft 871 0.0043763096 0.0126040512 0.0160585433 0 0 0
nt@synapse_cleft 872 0.0219203105 -0.0304321526 0.0125992408 0 0 0
nt@synapse_cleft 877 -0.0407504028 0.0239908784 0.00577350891 0 0 0
nt@synapse_cleft 884 0.0148424297 -0.000361633937 0.0121170202 0 0 0
nt@synapse_cleft 904 -0.0499497242 -0.00587770981 0.0109488392 0 0 0
nt@synapse_cleft 908 -0.05733432 0.000867915531 0.00337987506 0 0 0
nt@synapse_cleft 909 0.0279857711 0.000521771647 0.00588094692 0 0 0
nt@synapse_cleft 913 -0.022155089 0.00572546981 0.0180339115 0 0 0
nt@synapse_cleft 918 0.0529137253 0.00717843694 0.0176318527 0 0 0
nt@synapse_cleft 920 0.0119627892 -0.0118521137 0.00548793782 0 0 0
nt@synapse_cleft 925 -0.022351649 0.0287997136 0.0130986071 0 0 0
nt@synapse_cleft 932 0.0190884445 -0.0591295727 0.00998464258 0 0 0
nt@synapse_cleft 938 -0.0115578526 0.00523587579 0.0123006545 0 0 0
nt@synapse_cleft 940 -0.0521986345 -0.0411885211 0.0114536973 0 0 0
nt@synapse_cleft 942 0.00887167899 -0.0312139747 0.00681617858 0 0 0
nt@synapse_cleft 943 0.0211516444 -0.00479728037 0.0189215712 0 0 0
nt@synapse_cleft 944 -0.0135343985 -0.0533913715 0.00333302206 0 0 0
nt@synapse_cleft 945 -0.00192843662 0.0383128954 0.000150539815 0 0 0
nt@synapse_cleft 947 -0.0205358832 0.00917551054 0.0171053705 0 0 0
nt@synapse_cleft 953 -0.0394195102 0.0234929938 0.0163322055 0 0 0
nt@synapse_cleft 954 0.0141109844 -0.0219597768 0.00295579353 0 0 0
nt@synapse_cleft 957 0.0494707819 -0.0174544173 0.00249205215 0 0 0
nt@synapse_cleft 961 -0.0306982238 -0.0033991224 0.00408966601 0 0 0
nt@synapse_cleft 967 0.032009575 -0.00757986751 0.00510766725 0 0 0
nt@synapse_cleft 976 -0.00480789124 0.0267907826 0.0138401637 0 0 0
nt@synapse_cleft 978 -0.037523601 -0.0229909938 0.00731183247 0 0 0
nt@synapse_cleft 992 0.0230959505 -0.00508608984 0.0142549396 0 0 0
nt@synapse_cleft 994 -0.0422925699 -0.0218065386 0.0170539737 0 0 0
nt@synapse_cleft 998 0.00608612709 -0.00933387998 0.00152885935 0 0 0
nt@synapse_cleft 999 0.0550236717 -0.0304689763 0.0014423877 0 0 0
nt@synapse_cleft 1002 0.00554200904 0.0410673936 0.00243042015 0 0 0
nt@synapse_cleft 1004 -0.0197077585 -0.000295614193 0.00617566273 0 0 0
nt@synapse_cleft 1013 -0.0350768199 0.0429479642 0.0126815963 0 0 0
nt@synapse_cleft 1016 -0.0364282469 0.0128089699 0.0155398159 0 0 0
nt@synapse_cleft 1018 -0.000175732908 -0.0115809041 0.00109364326 0 0 0
nt@synapse_cleft 1024 -0.0327325323 -0.0307884705 0.0109689112 0 0 0
nt@synapse_cleft 1025 -0.00247640844 -0.0278158359 0.014005684 0 0 0
nt@synapse_cleft 1027 0.0281882474 0.0494700296 0.0186316415 0 0 0
nt@synapse_cleft 1035 -0.0328690026 -0.0185857979 0.0190541716 0 0 0
nt@synapse_cleft 1047 0.024419412 -0.0500121158 0.00191792857 0 0 0
nt@synapse_cleft 1048 -0.0128409919 -0.0537888231 0.00631061473 0 0 0
nt@synapse_cleft 1050 0.0115222524 -0.0460852016 0.00691252181 0 0 0
nt@synapse_cleft 1062 0.0372129943 -0.00689219366 0.016963787 0 0 0
nt@synapse_cleft 1077 -0.0293700834 -0.00218055969 0.0183240053 0 0 0
nt@synapse_cleft 1080 -0.034917236 0.0214695849 0.0191163861 0 0 0
nt@synapse_cleft 1092 -0.0199375119 -0.0160693613 0.00813410997 0 0 0
nt@synapse_cleft 1107 -0.0100204869 -0.000817232095 0.0184316718 0 0 0
nt@synapse_cleft 1108 0.0176581484 0.0149287714 0.00328856089 0 0 0
nt@synapse_cleft 1110 0.0283170374 0.0183536748 0.0194102265 0 0 0
nt@synapse_cleft 1113 -0.0189667017 0.00984245952 0.00135222711 0 0 0
nt@synapse_cleft 1114 0.0140275958 -0.0351815072 0.012184262 0 0 0
nt@synapse_cleft 1130 0.0294846025 -0.0138767056 0.0019609268 0 0 0
nt@synapse_cleft 1136 -0.00520542331 -0.0520504692 0.00710230032 0 0 0
nt@synapse_cleft 1138 0.00710030744 0.00754777737 0.0174409937 0 0 0
nt@synapse_cleft 1140 -0.00102896803 -0.0458394385 0.0130258418 0 0 0
nt@synapse_cleft 1144 -0.012370954 -0.00416319101 0.00425086746 0 0 0
nt@synapse_cleft 1145 0.0525264253 -0.00715751971 0.0121006569 0 0 0
nt@synapse_cleft 1149 -0.0279774173 -0.00495875711 0.00761410196 0 0 0
nt@synapse_cleft 1152 0.0311065847 0.0133494038 0.0184722463 0 0 0
nt@synapse_cleft 1157 0.0301518992 -0.0656712681 0.0174589497 0 0 0
nt@synapse_cleft 1165 0.0355183822 0.0403909199 0.00159888093 0 0 0
nt@synapse_cleft 1166 -0.00971556786 0.00741513567 0.00360133341 0 0 0
nt@synapse_cleft 1167 0.0398322825 0.0270113677 0.0096854024 0 0 0
nt@synapse_cleft 1172 -0.00609176026 0.00255215004 0.0159368116 0 0 0
nt@synapse_cleft 1177 -0.0110784471 0.0791369866 0.00616351365 0 0 0
nt@synapse_cleft 1179 0.000685241032 -0.0226658591 0.0199996017 0 0 0
nt@synapse_cleft 1186 -0.0647832616 0.00814309592 0.00485709953 0 0 0
nt@synapse_cleft 1188 0.0163286 -0.0426479481 0.00143396454 0 0 0
nt@synapse_cleft 1193 -0.0328019165 -0.0203556268 0.00230156077 0 0 0
nt@synapse_cleft 1200 -0.00867926752 0.00169431751 0.0147137513 0 0 0
nt@synapse_cleft 1203 -0.000103085245 0.0233481329 2.82993268e-05 0 0 0
nt@synapse_cleft 1204 -0.00190863156 0.0233038092 0.0104718863 0 0 0
nt@synapse_cleft 1205 -0.0260802665 -0.0296368435 0.009987641 0 0 0
nt@synapse_cleft 1206 -0.0209408055 0.0142164063 0.00597953589 0 0 0
nt@synapse_cleft 1237 -0.0304534999 -0.0436150939 0.00241568205 0 0 0
nt@synapse_cleft 1238 -0.0627185677 -0.0402439995 0.017440283 0 0 0
nt@synapse_cleft 1243 -0.0212374516 -0.00256723514 0.0179345592 0 0 0
nt@synapse_cleft 1248 0.00804237453 0.0394898044 0.012792203 0 0 0
nt@synapse_cleft 1251 -0.0428245364 0.0222976632 0.0172990659 0 0 0
nt@synapse_cleft 1252 -0.0300811022 -0.00588792204 0.00969802255 0 0 0
nt@synapse_cleft 1254 -0.0172291344 0.0444897352 0.00165150007 0 0 0
nt@synapse_cleft 1270 0.050136373 0.0183418045 0.0129579624 0 0 0
nt@synapse_cleft 1275 -0.00525950852 0.0218491322 0.00789032967 0 0 0
nt@synapse_cleft 1289 0.0580079941 -0.00376343511 0.00893875631 0 0 0
nt@synapse_cleft 1298 -0.0102971396 -0.0133694118 0.00943584125 0 0 0
nt@synapse_cleft 1302 -0.0254372791 0.0370343778 0.000938087307 0 0 0
nt@synapse_cleft 1311 0.00636511701 -0.0169645111 7.25015254e-05 0 0 0
nt@synapse_cleft 1316 -0.0285851361 -0.0171071517 0.00717767546 0 0 0
nt@synapse_cleft 1326 0.0188804391 0.0128503967 0.0054191745 0 0 0
nt@synapse_cleft 1328 0.0194540846 0.00126725214 0.00923915513 0 0 0
nt@synapse_cleft 1333 -0.0172729728 0.0315492023 0.00623286684 0 0 0
nt@synapse_cleft 1338 -0.00746718354 0.0136105823 0.00139669587 0 0 0
nt@synapse_cleft 1343 0.0210877244 0.00631222092 0.00817658839 0 0 0
nt@synapse_cleft 1347 -0.0513186924 -0.00894113082 0.0180948365 0 0 0
nt@synapse_cleft 1349 0.00404916809 -0.00646837147 0.0192028311 0 0 0
nt@synapse_cleft 1351 0.039541848 -0.0263548905 0.00736468994 0 0 0
nt@synapse_cleft 1359 -0.010895029 -0.0113480442 0.010160988 0 0 0
nt@synapse_cleft 1361 -0.00282607155 -0.0346964259 0.00376746304 0 0 0
nt@synapse_cleft 1368 0.0218147988 0.000115589309 0.0115691485 0 0 0
nt@synapse_cleft 1372 -0.0151547795 0.038216404 0.00796169873 0 0 0
nt@synapse_cleft 1380 -0.0204925838 0.0138363573 0.0119783876 0 0 0
nt@synapse_cleft 1384 -0.0470441847 -0.00563985253 0.0192419713 0 0 0
nt@synapse_cleft 1393 -0.0224481324 0.0434554502 0.00783695203 0 0 0
nt@synapse_cleft 1394 0.00873274046 0.018718346 0.00828700197 0 0 0
nt@synapse_cleft 1400 -0.0238104866 0.0228674175 0.00937901169 0 0 0
nt@synapse_cleft 1403 0.009095653 0.0163140561 0.00986160142 0 0 0
nt@synapse_cleft 1408 -0.0148787259 -0.00857474069 0.0136130393 0 0 0
nt@synapse_cleft 1416 -0.00541984455 0.0305330949 0.0150146886 0 0 0
nt@synapse_cleft 1419 0.00493269389 -0.0233583784 0.000995634905 0 0 0
nt@synapse_cleft 1425 9.76149743e-05 -0.038654478 0.00171627332 0 0 0
nt@synapse_cleft 1427 -0.015753602 -0.0125908226 0.0182151429 0 0 0
nt@synapse_cleft 1438 -0.0169696262 -0.0235300782 0.000498634128 0 0 0
nt@synapse_cleft 1440 -0.0166207715 0.028151573 0.0126127891 0 0 0
nt@synapse_cleft 1441 -0.0506487 0.0383321396 0.0117783421 0 0 0
nt@synapse_cleft 1442 -0.00567744414 0.0315328003 0.0184590709 0 0 0
nt@synapse_cleft 1444 -0.0295727298 -0.0105438079 0.00157518985 0 0 0
nt@synapse_cleft 1446 -0.0147694453 -0.0468189894 0.00255431483 0 0 0
nt@synapse_cleft 1449 -0.0291074874 0.0104776807 0.00671533381 0 0 0
nt@synapse_cleft 1452 -0.0344118898 -0.0261704106 0.00342121175 0 0 0
nt@synapse_cleft 1454 -0.0175851809 0.0112531567 0.00118801513 0 0 0
nt@synapse_cleft 1455 -0.0262209501 -0.000608869604 0.0184071125 0 0 0
nt@synapse_cleft 1470 -0.0638791418 -0.0313039158 0.0123165971 0 0 0
nt@synapse_cleft 1472 -0.0569072053 -0.0113755401 0.00904500876 0 0 0
nt@synapse_cleft 1473 -0.00516587264 -0.0170678725 0.0140973244 0 0 0
nt@synapse_cleft 1479 -0.00769367748 0.0456127439 0.0170717415 0 0 0
nt@synapse_cleft 1481 0.0263912447 0.0110300522 0.0150242266 0 0 0
nt@synapse_cleft 1484 -0.0125761954 0.0188246324 0.0113453992 0 0 0
nt@synapse_cleft 1485 -0.0112394271 -0.00725961163 0.0169553376 0 0 0
nt@synapse_cleft 1487 0.00207665085 -0.0375399125 0.00814139224 0 0 0
nt@synapse_cleft 1488 0.0387413287 0.000287531433 0.0109998053 0 0 0
nt@synapse_cleft 1494 -0.000639514193 0.00143240803 0.0110379996 0 0 0
nt@synapse_cleft 1496 0.00571711095 0.0391646396 0.0182487187 0 0 0
nt@synapse_cleft 1506 0.0280983414 0.00496600663 0.0181122228 0 0 0
nt@synapse_cleft 1507 0.00459129808 0.000685710881 0.0117500596 0 0 0
nt@synapse_cleft 1508 0.0305187503 0.00055291226 0.0180756764 0 0 0
nt@synapse_cleft 1512 0.0163607695 -0.0144663602 0.0164746182 0 0 0
nt@synapse_cleft 1519 -0.0176667949 -0.00246107039 0.00966742713 0 0 0
nt@synapse_cleft 1527 -0.00635727395 0.0554735268 0.0133677868 0 0 0
nt@synapse_cleft 1528 -0.0337976914 0.00491199425 0.0102361953 0 0 0
nt@synapse_cleft 1531 -0.0112560458 0.0156138117 0.0144951821 0 0 0
nt@synapse_cleft 1538 0.018168848 0.00506404336 0.016257785 0 0 0
nt@synapse_cleft 1542 -0.024822967 0.0266230362 0.00438585333 0 0 0
nt@synapse_cleft 1545 -0.00294217589 0.00910146085 0.0124574895 0 0 0
nt@synapse_cleft 1548 -0.0295560577 -0.0267199513 0.0166463045 0 0 0
nt@synapse_cleft 1553 0.0606628517 -0.00439105743 0.00657485605 0 0 0
nt@synapse_cleft 1554 0.0135852995 0.0219596248 0.00235299878 0 0 0
nt@synapse_cleft 1561 0.00242114668 -0.0472798777 0.00518049444 0 0 0
nt@synapse_cleft 1565 -0.0123102214 -0.00081283939 0.0181897095 0 0 0
nt@synapse_cleft 1571 -0.0218174946 -0.0162173757 0.0129515959 0 0 0
nt@synapse_cleft 1573 0.0193402199 0.0331381687 0.0118979704 0 0 0
nt@synapse_cleft 1588 0.00869102321 -0.0269961011 0.0160127627 0 0 0
nt@synapse_cleft 1592 0.0166693073 -0.0243880801 0.00224183425 0 0 0
nt@synapse_cleft 1597 0.00681583714 0.027345887 0.00386035462 0 0 0
nt@synapse_cleft 1600 0.0234346501 -0.0316560408 0.00568241416 0 0 0
nt@synapse_cleft 1605 0.019245367 -0.00573353432 0.018685765 0 0 0
nt@synapse_cleft 1606 -0.0445793744 0.0144673769 0.01512014 0 0 0
nt@synapse_cleft 1611 -0.00845138753 -0.0224705376 0.0149965043 0 0 0
nt@synapse_cleft 1617 0.00171921567 -0.0341310474 0.0174690506 0 0 0
nt@synapse_cleft 1619 0.0175640155 0.00691181739 0.000131190884 0 0 0
nt@synapse_cleft 1628 0.0165568042 0.0324264005 0.0169859908 0 0 0
nt@synapse_cleft 1635 0.0151836676 -0.014690705 0.0146009499 0 0 0
nt@synapse_cleft 1641 0.0364709411 0.0178143017 0.0107464459 0 0 0
nt@synapse_cleft 1642 0.0232989126 -0.0352338328 0.00205553436 0 0 0
nt@synapse_cleft 1655 0.000316645701 0.0200583018 0.00741460871 0 0 0
nt@synapse_cleft 1658 0.0287284842 0.0536865029 0.00679131904 0 0 0
nt@synapse_cleft 1660 0.0228032867 0.018782363 0.0152683394 0 0 0
nt@synapse_cleft 1675 -0.0248758586 -0.0106840705 0.00295592726 0 0 0
nt@synapse_cleft 1678 0.00505185271 -0.0151374546 0.0173792258 0 0 0
nt@synapse_cleft 1681 -0.0143952918 -0.00613666184 0.0197758882 0 0 0
nt@synapse_cleft 1686 -0.0166176948 0.00785062511 0.019985091 0 0 0
nt@synapse_cleft 1687 -0.0363439115 -0.0332719775 9.51798234e-05 0 0 0
nt@synapse_cleft 1689 0.0131696516 0.0174438481 0.00681271017 0 0 0
nt@synapse_cleft 1692 -0.0155442557 0.0194521574 0.0139156661 0 0 0
nt@synapse_cleft 1695 0.0131613828 -0.019941104 0.00403267184 0 0 0
nt@synapse_cleft 1701 0.00699022107 0.00353520878 0.0177813013 0 0 0
nt@synapse_cleft 1707 -0.0214109581 0.00359329639 0.0171263772 0 0 0
nt@synapse_cleft 1708 -0.0334465227 0.0218185137 0.00358882242 0 0 0
nt@synapse_cleft 1715 0.00545150677 -0.000379807509 0.0108584824 0 0 0
nt@synapse_cleft 1721 0.0165539843 -0.0439114948 0.0180832315 0 0 0
nt@synapse_cleft 1729 -0.00323407878 -0.016579861 0.00161713828 0 0 0
nt@synapse_cleft 1736 0.0261555196 0.0067243057 0.0157522611 0 0 0
nt@synapse_cleft 1741 0.0104648974 -0.0125354079 0.0102920477 0 0 0
nt@synapse_cleft 1742 0.0140313193 -0.0501889445 0.00244912939 0 0 0
nt@synapse_cleft 1743 0.0381326445 0.0367275814 0.0178274252 0 0 0
nt@synapse_cleft 1745 -0.0395807817 0.0214512227 0.00226151073 0 0 0
nt@synapse_cleft 1746 0.0190436978 -0.0272199617 0.00185982221 0 0 0
nt@synapse_cleft 1748 0.0609908598 0.0203860283 0.0092263816 0 0 0
nt@synapse_cleft 1751 0.0442134298 0.0173356084 0.0135140858 0 0 0
nt@synapse_cleft 1759 0.00117634297 -0.0155551131 0.00855297638 0 0 0
nt@synapse_cleft 1761 -0.0225786088 0.018491063 0.0129347853 0 0 0
nt@synapse_cleft 1762 -0.024298799 -0.0249054755 0.0122606765 0 0 0
nt@synapse_cleft 1768 0.00806281256 -0.0504906076 0.0143146791 0 0 0
nt@synapse_cleft 1775 -0.0177407738 -0.0145248343 0.0105649887 0 0 0
nt@synapse_cleft 1778 0.051962499 -0.0537787915 0.0185210962 0 0 0
nt@synapse_cleft 1781 -0.0226096655 0.0311282693 0.00836695016 0 0 0
nt@synapse_cleft 1793 0.00372752461 0.0423613233 0.0119306784 0 0 0
nt@synapse_cleft 1795 0.0437789494 -0.0101057054 0.0166209445 0 0 0
nt@synapse_cleft 1804 0.00479649113 0.0173217778 0.0154692899 0 0 0
nt@synapse_cleft 1806 -0.0268350258 0.0259372472 0.0147071788 0 0 0
nt@synapse_cleft 1810 -0.0697456378 -0.0433690918 0.0181696332 0 0 0
nt@synapse_cleft 1811 0.0074524925 0.0127368911 0.0152730554 0 0 0
nt@synapse_cleft 1812 -0.00133926987 0.046639265 0.0077571047 0 0 0
nt@synapse_cleft 1815 -0.0208135883 0.00698582569 0.0119744617 0 0 0
nt@synapse_cleft 1824 0.0169014541 0.00822806192 0.00406543716 0 0 0
nt@synapse_cleft 1829 0.0419795801 -0.0129055083 0.00483648849 0 0 0
nt@synapse_cleft 1830 -0.034023347 -0.0154547237 0.012258752 0 0 0
nt@synapse_cleft 1837 -0.0406579691 -0.0143526761 0.00842316716 0 0 0
nt@synapse_cleft 1838 -0.00481974476 -0.0395775315 0.00504978738 0 0 0
nt@synapse_cleft 1843 0.0344256628 0.0110714016 0.00904615199 0 0 0
nt@synapse_cleft 1846 -0.0225918034 0.00177463788 0.00287361729 0 0 0
nt@synapse_cleft 1849 0.0386320269 0.0064456858 0.00894452021 0 0 0
nt@synapse_cleft 1853 0.0586286854 -0.0201348355 0.0049903337 0 0 0
nt@synapse_cleft 1854 0.018661098 -0.00143909723 0.00770993 0 0 0
nt@synapse_cleft 1856 0.0157620573 -0.0374456074 0.0083572314 0 0 0
nt@synapse_cleft 1872 0.00362113568 -0.00391289479 0.00852989412 0 0 0
nt@synapse_cleft 1877 0.0025243123 0.0188770477 0.0184918679 0 0 0
nt@synapse_cleft 1880 -0.0315000535 -0.0142877552 0.00632205308 0 0 0
nt@synapse_cleft 1883 0.0252002453 0.0143809314 0.00902233205 0 0 0
nt@synapse_cleft 1885 -0.00696431493 -0.010926474 0.0168109748 0 0 0
nt@synapse_cleft 1887 -0.00248400863 0.0292974708 0.00425259227 0 0 0
nt@synapse_cleft 1892 -0.0105544798 -0.00771694739 0.0108288176 0 0 0
nt@synapse_cleft 1896 0.0197102177 0.000957145761 0.00531280865 0 0 0
nt@synapse_cleft 1900 -0.0125114935 -0.0266980558 0.00240186397 0 0 0
nt@synapse_cleft 1904 -0.0341633343 0.0361954557 0.00817374104 0 0 0
nt@synapse_cleft 1914 0.00529105555 0.0160969363 0.0068771114 0 0 0
nt@synapse_cleft 1918 -0.0145365557 0.0699098277 0.0161936373 0 0 0
nt@synapse_cleft 1923 -0.0196782268 0.0288579995 0.018168185 0 0 0
nt@synapse_cleft 1925 0.0156603689 0.0221187136 0.0125553474 0 0 0
nt@synapse_cleft 1926 0.00875526178 -0.0174658935 0.0195685854 0 0 0
nt@synapse_cleft 1932 0.0170705857 -0.0213515048 0.0189507138 0 0 0
nt@synapse_cleft 1942 0.0426704737 -0.0358494908 0.00581546297 0 0 0
nt@synapse_cleft 1944 -0.00499763987 0.0214799028 0.00366194294 0 0 0
nt@synapse_cleft 1946 -0.0198415729 -0.0101776291 0.0106736538 0 0 0
nt@synapse_cleft 1953 -0.018989461 -0.00185440731 0.00727098893 0 0 0
nt@synapse_cleft 1961 0.03524911 0.0140908885 0.00084806435 0 0 0
nt@synapse_cleft 1964 -0.00687561044 0.00643096895 0.0118831919 0 0 0
nt@synapse_cleft 1967 0.00845154008 -0.0401391904 0.00872132241 0 0 0
nt@synapse_cleft 1970 -0.0262863908 -0.0423768478 0.0192923886 0 0 0
nt@synapse_cleft 1973 0.0305294156 0.0191215216 0.0145849056 0 0 0
nt@synapse_cleft 1976 -0.0395907517 -0.0167581826 0.000841566027 0 0 0
nt@synapse_cleft 1980 -0.025538156 -0.0238073497 0.00330737987 0 0 0
nt@synapse_cleft 1984 -0.059415138 -0.0382086691 0.00234466622 0 0 0
nt@synapse_cleft 1989 -0.0119804187 0.0201488572 0.0113998503 0 0 0
nt@synapse_cleft 1990 0.0183350001 0.0241766446 0.00894328612 0 0 0
nt@synapse_cleft 1993 0.00639982764 -0.0170700985 0.0189540758 0 0 0
nt@synapse_cleft 1997 -0.00375584393 0.0154672036 0.0183789858 0 0 0
nt@synapse_cleft 2004 -0.0159939151 0.0101828838 0.0114593905 0 0 0
nt@synapse_cleft 2013 -0.00295334326 -0.0072886502 0.0127978687 0 0 0
nt@synapse_cleft 2014 0.0201524278 0.00219331475 0.0164642373 0 0 0
nt@synapse_cleft 2019 0.0191224453 -0.0188820421 0.00849264853 0 0 0
nt@synapse_cleft 2027 -0.00615481692 -0.0283189459 0.00180872463 0 0 0
nt@synapse_cleft 2032 -0.0211175828 0.0115730177 0.00509011154 0 0 0
nt@synapse_cleft 2035 0.0608944574 0.0252111071 0.00300679494 0 0 0
nt@synapse_cleft 2036 0.056796707 -0.0446503548 0.00258808917 0 0 0
nt@synapse_cleft 2039 0.0329217424 0.0165830423 0.016345265 0 0 0
nt@synapse_cleft 2044 0.016851356 -0.0186080265 0.0149328938 0 0 0
nt@synapse_cleft 2052 0.00141706829 -0.0194921693 0.0108628226 0 0 0
nt@synapse_cleft 2061 0.0197252717 0.0112817716 0.00812320576 0 0 0
nt@synapse_cleft 2064 0.018575625 0.0208873364 0.00923898519 0 0 0
nt@synapse_cleft 2091 -0.00623358741 0.0356985818 0.0116657953 0 0 0
nt@synapse_cleft 2092 0.0114848102 0.0275163978 0.00692976258 0 0 0
nt@synapse_cleft 2094 -0.0138445877 -0.00433602206 0.0197593246 0 0 0
nt@synapse_cleft 2096 -0.010538234 -0.0111923914 0.00533430635 0 0 0
nt@synapse_cleft 2104 0.0387452537 -0.0186143858 0.0140264115 0 0 0
nt@synapse_cleft 2112 -0.00767750861 -0.0248331019 0.00117904376 0 0 0
nt@synapse_cleft 2124 0.000821997748 0.0614829326 0.00515021399 0 0 0
nt@synapse_cleft 2127 0.0232963707 -0.00289768412 0.00179184905 0 0 0
nt@synapse_cleft 2137 -0.0581017272 0.0573259357 0.0048829396 0 0 0
nt@synapse_cleft 2148 0.0327308686 -0.0697087505 0.00296697525 0 0 0
nt@synapse_cleft 2156 0.0468597359 -0.028600372 0.0153570349 0 0 0
nt@synapse_cleft 2162 -0.00835304378 0.0123646869 0.0149147277 0 0 0
nt@synapse_cleft 2163 0.0109475331 -0.00447908187 0.00944393078 0 0 0
nt@synapse_cleft 2177 -0.0114905099 -0.0207066566 0.00871483909 0 0 0
nt@synapse_cleft 2185 -0.0121397189 -0.00607436729 0.0181762456 0 0 0
nt@synapse_cleft 2187 -0.0132614511 0.0052977848 0.00527164665 0 0 0
nt@synapse_cleft 2188 0.0172294605 0.0307487664 0.0131727433 0 0 0
nt@synapse_cleft 2199 -0.00231992866 -0.024522857 0.0033806841 0 0 0
nt@synapse_cleft 2204 -0.0329778794 0.0226038633 0.00602060085 0 0 0
nt@synapse_cleft 2207 0.0427048534 0.00175012164 0.0129653559 0 0 0
nt@synapse_cleft 2218 0.0195373116 0.00546229762 0.0015329668 0 0 0
nt@synapse_cleft 2223 -0.0206052536 0.000855880736 0.0154569554 0 0 0
nt@synapse_cleft 2228 -0.00399920509 0.0172922252 0.0110104939 0 0 0
nt@synapse_cleft 2236 0.00407110171 0.0113035998 0.000755569273 0 0 0
nt@synapse_cleft 2251 -0.0132023556 0.00847581288 0.00596327237 0 0 0
nt@synapse_cleft 2254 -0.00989146867 -0.0170355952 0.0194091062 0 0 0
nt@synapse_cleft 2257 0.0113194012 0.0105258276 0.0109649827 0 0 0
nt@synapse_cleft 2262 -0.00433601532 0.0108574176 0.0139395697 0 0 0
nt@synapse_cleft 2271 -0.0569913557 0.0117760403 0.0123199166 0 0 0
nt@synapse_cleft 2274 -0.00943145741 0.0426053078 0.00229475719 0 0 0
nt@synapse_cleft 2278 0.0204668348 0.0349707266 0.00140177076 0 0 0
nt@synapse_cleft 2279 -0.022336119 0.0147765182 0.00906378642 0 0 0
nt@synapse_cleft 2283 0.0355535898 -0.0325552088 0.0157065069 0 0 0
nt@synapse_cleft 2284 0.0319864023 0.0054606264 0.0167026434 0 0 0
nt@synapse_cleft 2285 -0.00765674143 -0.0128124596 0.0110569412 0 0 0
nt@synapse_cleft 2289 0.0112690177 -0.00479445991 0.00999006961 0 0 0
nt@synapse_cleft 2298 -0.0381008402 -0.0149871481 0.0145587787 0 0 0
nt@synapse_cleft 2306 -0.00769270743 -0.0532312066 0.00707851966 0 0 0
nt@synapse_cleft 2308 -0.0451270913 0.0167868708 0.0100147395 0 0 0
nt@synapse_cleft 2309 -0.0101544191 0.00401580123 0.0170917642 0 0 0
nt@synapse_cleft 2314 -0.00708770596 -0.0268676048 0.00248734551 0 0 0
nt@synapse_cleft 2317 0.0362075918 0.00239813539 0.00525678731 0 0 0
nt@synapse_cleft 2320 0.0166520526 -0.0292395532 0.000589186446 0 0 0
nt@synapse_cleft 2321 0.050446509 0.00315879935 0.00593420811 0 0 0
nt@synapse_cleft 2327 -0.0350152355 -0.0353294079 0.0127441091 0 0 0
nt@synapse_cleft 2330 -0.0350522981 0.0117951388 0.0115534487 0 0 0
nt@synapse_cleft 2332 -0.0220279088 -0.000747872698 0.0156572011 0 0 0
nt@synapse_cleft 2349 0.0485631266 0.0137469534 0.00615797591 0 0 0
nt@synapse_cleft 2367 -0.028659692 -0.0410012446 0.00589865884 0 0 0
nt@synapse_cleft 2369 -0.0212088431 0.00176042297 0.00457072102 0 0 0
nt@synapse_cleft 2383 0.014572907 -0.0413729887 0.00985642797 0 0 0
nt@synapse_cleft 2386 -0.0163035779 -0.0130249864 0.00603614231 0 0 0
nt@synapse_cleft 2389 0.0104734724 -0.0237367361 0.00883632834 0 0 0
nt@synapse_cleft 2397 0.00605428194 -0.0493089333 0.008781986 0 0 0
nt@synapse_cleft 2400 -0.0216142391 -0.0241219447 0.0194012779 0 0 0
nt@synapse_cleft 2410 0.0240406997 0.0127844786 0.0109380399 0 0 0
nt@synapse_cleft 2411 0.0146253807 -0.0399339371 0.00577338067 0 0 0
nt@synapse_cleft 2412 0.000860574524 0.0162232594 0.012829727 0 0 0
nt@synapse_cleft 2417 -0.0137790493 0.00519479387 0.015461097 0 0 0
nt@synapse_cleft 2421 -0.00325736695 0.0158248289 0.00262167214 0 0 0
nt@synapse_cleft 2423 0.016631156 -0.0410489702 0.0134052093 0 0 0
nt@synapse_cleft 2437 0.0446137618 0.0122148561 0.00493037096 0 0 0
nt@synapse_cleft 2438 0.00467860821 -0.0323499993 0.00390457868 0 0 0
nt@synapse_cleft 2448 0.0123378059 0.00504737095 0.0126429351 0 0 0
nt@synapse_cleft 2456 -0.022682569 -0.0169694238 0.00512527081 0 0 0
nt@synapse_cleft 2459 0.0110072741 0.0455446699 0.00113364057 0 0 0
nt@synapse_cleft 2462 -0.008903115 0.0414134713 0.00930230673 0 0 0
nt@synapse_cleft 2468 -0.0496554395 -0.020416653 0.00805491806 0 0 0
nt@synapse_cleft 2472 0.0601022716 -0.053601129 0.0117404276 0 0 0
nt@synapse_cleft 2480 -0.015612959 -0.026783831 0.00606537381 0 0 0
nt@synapse_cleft 2481 -0.0143953493 -0.0169452564 0.00874241811 0 0 0
nt@synapse_cleft 2483 0.0272006002 0.0365506603 0.0143385063 0 0 0
nt@synapse_cleft 2491 0.00888353955 0.0108360935 0.00417540741 0 0 0
nt@synapse_cleft 2493 0.0257923048 -0.0441451591 0.0130842902 0 0 0
nt@synapse_cleft 2498 0.0149469066 -0.0100905372 0.00682103013 0 0 0
nt@synapse_cleft 2502 0.0191171784 -0.0304476357 0.0188615409 0 0 0
nt@synapse_cleft 2509 -0.00377352163 -0.0201231079 0.0175397327 0 0 0
nt@synapse_cleft 2513 -0.0106452921 0.0205081004 0.0102949577 0 0 0
nt@synapse_cleft 2517 -0.00784599913 -0.0052311328 0.0189324025 0 0 0
nt@synapse_cleft 2520 0.0191583812 0.0261719452 0.00152632665 0 0 0
nt@synapse_cleft 2528 0.0136242322 -0.00248536431 0.0166526668 0 0 0
nt@synapse_cleft 2539 -0.00259218677 0.0224192245 0.0167116389 0 0 0
nt@synapse_cleft 2542 0.0201669405 -0.0288210479 0.0184227093 0 0 0
nt@synapse_cleft 2549 -0.00791841659 0.0604167769 0.00899095279 0 0 0
nt@synapse_cleft 2550 0.0392411001 0.00798332387 0.0152022367 0 0 0
nt@synapse_cleft 2555 0.0576210823 -0.0256928764 0.00519529421 0 0 0
nt@synapse_cleft 2560 -0.0295174722 0.00804202605 0.00761563938 0 0 0
nt@synapse_cleft 2561 0.0207326961 0.0485280198 0.00752431148 0 0 0
nt@synapse_cleft 2563 -0.00144930195 0.00390256463 0.0136987826 0 0 0
nt@synapse_cleft 2564 -0.00917340846 0.044903775 0.00653537217 0 0 0
nt@synapse_cleft 2566 -0.0106745623 0.00314555894 0.0164430973 0 0 0
nt@synapse_cleft 2570 0.00710060657 -0.000738723514 0.00160721336 0 0 0
nt@synapse_cleft 2571 0.0263074424 -0.0501709708 0.0069128001 0 0 0
nt@synapse_cleft 2577 -0.0110376216 0.0303511013 0.00708965001 0 0 0
nt@synapse_cleft 2597 -0.0169107725 -0.0011108978 0.0173118105 0 0 0
nt@synapse_cleft 2603 0.0355236024 -0.02677273 0.015772802 0 0 0
nt@synapse_cleft 2604 0.0397975349 -0.0149532999 0.0177058176 0 0 0
nt@synapse_cleft 2610 0.0145329667 -0.0343920224 0.00362693033 0 0 0
nt@synapse_cleft 2615 -0.00284042757 -0.057750965 0.0119901732 0 0 0
nt@synapse_cleft 2617 -0.0120359628 0.01968218 0.015892542 0 0 0
nt@synapse_cleft 2623 -0.024748694 -0.0463546267 0.00087316454 0 0 0
nt@synapse_cleft 2625 -0.0574403302 -0.0204992079 0.000452381863 0 0 0
nt@synapse_cleft 2628 0.0265295242 -0.0254437761 0.0156786436 0 0 0
nt@synapse_cleft 2639 0.0125960252 -0.0120075301 0.00254353119 0 0 0
nt@synapse_cleft 2641 -0.0150452964 0.00124748364 0.00418336264 0 0 0
nt@synapse_cleft 2645 0.0207035716 0.0210671268 0.00309281503 0 0 0
nt@synapse_cleft 2652 -0.0122364417 0.00926872029 0.00217622499 0 0 0
nt@synapse_cleft 2660 -0.0147794723 -0.0282412779 0.0119680207 0 0 0
nt@synapse_cleft 2670 -0.018969215 -0.00603035056 0.0149037471 0 0 0
nt@synapse_cleft 2675 -0.01890482 0.0105103217 0.018427051 0 0 0
nt@synapse_cleft 2680 -0.0583570736 -0.0461653051 0.000222863828 0 0 0
nt@synapse_cleft 2681 -0.0424689085 -0.0280712083 0.0183645364 0 0 0
nt@synapse_cleft 2688 -0.0554116857 0.0619293736 0.00727110145 0 0 0
nt@synapse_cleft 2702 -0.00872426133 -0.0158354887 0.00136350664 0 0 0
nt@synapse_cleft 2708 -0.0437464959 0.00831977407 0.0015289711 0 0 0
nt@synapse_cleft 2709 0.00484280471 -0.00128014715 0.0169189923 0 0 0
nt@synapse_cleft 2713 -0.000736728922 -0.0285483696 0.00265623806 0 0 0
nt@synapse_cleft 2720 0.0109514653 0.01499492 0.0145478543 0 0 0
nt@synapse_cleft 2724 0.00482396484 -0.0124403423 0.00883309032 0 0 0
nt@synapse_cleft 2729 0.0115831969 -0.028629452 0.0180897149 0 0 0
nt@synapse_cleft 2734 0.0385158994 0.00115356712 0.0182838438 0 0 0
nt@synapse_cleft 2739 0.0299952955 -0.0113688117 0.00157163433 0 0 0
nt@synapse_cleft 2743 -0.00373200863 -0.0358300579 0.0162193551 0 0 0
nt@synapse_cleft 2750 0.0261684378 -0.0457864034 0.00668230869 0 0 0
nt@synapse_cleft 2752 -0.0191351848 -0.0221367736 0.0143238999 0 0 0
nt@synapse_cleft 2756 0.0411042173 -0.0325243067 0.00740972509 0 0 0
nt@synapse_cleft 2766 -0.0431365464 0.0410043246 0.0152760454 0 0 0
nt@synapse_cleft 2775 0.0387577625 -0.0251728548 0.0147547817 0 0 0
nt@synapse_cleft 2785 -0.00054306103 0.0269373168 0.0125424765 0 0 0
nt@synapse_cleft 2798 -0.0211965027 0.0149738558 0.0116809726 0 0 0
nt@synapse_cleft 2807 -0.024637669 0.019744169 0.00862563733 0 0 0
nt@synapse_cleft 2808 0.0113625883 0.0627382762 0.0129484765 0 0 0
nt@synapse_cleft 2815 -0.0187115645 0.00571310513 0.0165810416 0 0 0
nt@synapse_cleft 2820 0.0181795382 -0.00538544214 0.0182370006 0 0 0
nt@synapse_cleft 2828 0.0130682171 -0.0559406897 0.00586003909 0 0 0
nt@synapse_cleft 2837 -0.00743101311 0.0182331064 0.0191671244 0 0 0
nt@synapse_cleft 2854 0.0187855589 -0.0227168416 0.00372850714 0 0 0
nt@synapse_cleft 2857 0.0226932545 -0.0222742831 0.014566795 0 0 0
nt@synapse_cleft 2861 -0.0166416179 0.00530672617 0.0100054166 0 0 0
nt@synapse_cleft 2863 -0.0373885308 0.00490262065 0.00220938646 0 0 0
nt@synapse_cleft 2871 0.0171580104 -0.0516392087 0.0147430549 0 0 0
nt@synapse_cleft 2875 0.010331167 0.0107827209 0.00443259394 0 0 0
nt@synapse_cleft 2876 -0.012045082 -0.00843110164 0.0134781299 0 0 0
nt@synapse_cleft 2880 0.0221232095 0.00296444052 0.00207627108 0 0 0
nt@synapse_cleft 2884 0.0312436946 0.0202663649 0.0182305801 0 0 0
nt@synapse_cleft 2894 0.00104340797 0.00994703021 0.00610975191 0 0 0
nt@synapse_cleft 2895 0.0728911194 -0.00449612209 0.00712784997 0 0 0
nt@synapse_cleft 2897 0.00944298598 -0.0387791682 0.0142462923 0 0 0
nt@synapse_cleft 2905 -0.00522883241 0.0178754141 0.0125038285 0 0 0
nt@synapse_cleft 2909 0.0469503553 -0.0133032371 0.0159489596 0 0 0
nt@synapse_cleft 2910 -0.0539351152 0.0153835405 0.0198315309 0 0 0
nt@synapse_cleft 2912 -0.00187409045 -0.0184019139 0.00615185471 0 0 0
nt@synapse_cleft 2915 0.0357594489 -0.0455522288 0.0133873902 0 0 0
nt@synapse_cleft 2920 0.00938218048 0.00185000966 0.0165511712 0 0 0
nt@synapse_cleft 2921 0.00559553485 0.0552626681 0.0082454464 0 0 0
nt@synapse_cleft 2922 0.0675402494 -0.0298100006 0.0168983621 0 0 0
nt@synapse_cleft 2925 -0.0058449464 0.0387934707 0.00875793361 0 0 0
nt@synapse_cleft 2933 -0.00586721242 -0.00662543061 0.00708844917 0 0 0
nt@synapse_cleft 2935 -0.0326911766 0.00854920239 0.011487617 0 0 0
nt@synapse_cleft 2940 -0.00636637431 -0.0236090768 0.00136839908 0 0 0
nt@synapse_cleft 2945 -0.0370674877 -0.00119712963 0.00598625937 0 0 0
nt@synapse_cleft 2946 0.00368407314 -0.00604293859 0.0139199123 0 0 0
nt@synapse_cleft 2961 0.0621136392 -0.0454677401 0.0102688709 0 0 0
nt@synapse_cleft 2962 0.014061981 0.0124748685 0.00878260522 0 0 0
nt@synapse_cleft 2967 -0.00107503791 -0.0415840869 0.010584322 0 0 0
nt@synapse_cleft 2983 0.0197191053 -0.0326890234 0.0121586202 0 0 0
nt@synapse_cleft 2992 -0.0181097528 0.037761249 0.00464975358 0 0 0
nt@synapse_cleft 2993 -0.00149802134 0.045698038 0.00936798 0 0 0
nt@synapse_cleft 2997 0.0103453824 -0.00888952608 0.00190282316 0 0 0
nt@synapse_cleft 3006 0.0235371013 0.0424399834 0.00459482949 0 0 0
nt@synapse_cleft 3008 0.0252196756 0.0520879078 0.0150957892 0 0 0
nt@synapse_cleft 3012 0.0242443598 0.00184256109 0.00937033834 0 0 0
nt@synapse_cleft 3019 -0.0112041243 0.0130976687 0.00635455567 0 0 0
nt@synapse_cleft 3020 -0.0127875743 -0.0236317607 0.00509615357 0 0 0
nt@synapse_cleft 3024 0.026120584 0.010058484 0.0155457999 0 0 0
nt@synapse_cleft 3026 -0.0196519437 0.00961796307 0.000297304673 0 0 0
nt@synapse_cleft 3042 -0.000457837201 0.00997899696 0.0197900221 0 0 0
nt@synapse_cleft 3047 0.0328464215 0.0503021898 0.010080712 0 0 0
nt@synapse_cleft 3057 0.0292641783 -0.0208819223 0.0187502991 0 0 0
nt@synapse_cleft 3061 -0.0163581354 0.0343256949 0.000308182418 0 0 0
nt@synapse_cleft 3062 0.0031092439 -0.0197069062 0.00481077573 0 0 0
nt@synapse_cleft 3069 0.0511077719 -0.0417181575 0.0183411439 0 0 0
nt@synapse_cleft 3073 0.00360740291 0.0364185171 0.00833145001 0 0 0
nt@synapse_cleft 3082 0.0168509846 0.0263147769 0.0140913445 0 0 0
nt@synapse_cleft 3089 -0.0101939439 -0.0129801205 0.00320748422 0 0 0
nt@synapse_cleft 3096 -0.00963124273 0.0260366031 0.000609118307 0 0 0
nt@synapse_cleft 3097 0.04580401 0.0130088408 0.0128753065 0 0 0
nt@synapse_cleft 3099 -0.0196198447 0.00120900361 0.00457668594 0 0 0
nt@synapse_cleft 3111 -0.00258543641 -0.0195958165 0.00209643574 0 0 0
nt@synapse_cleft 3114 0.0241465219 0.0385255051 0.000552451846 0 0 0
nt@synapse_cleft 3132 -0.023808349 0.000480977765 0.0106374657 0 0 0
nt@synapse_cleft 3134 0.0121773012 0.035303519 0.0178322472 0 0 0
nt@synapse_cleft 3150 0.039279763 -0.0749177828 0.00313170729 0 0 0
nt@synapse_cleft 3155 -0.0109757488 0.0157011892 0.01551513 0 0 0
nt@synapse_cleft 3158 -0.0144741601 -0.00943045905 0.0126498331 0 0 0
nt@synapse_cleft 3159 -0.0155201014 0.0104782311 0.0162813115 0 0 0
nt@synapse_cleft 3167 0.00218905218 0.0220291416 0.0148205874 0 0 0
nt@synapse_cleft 3177 0.0342064476 -0.0386475601 0.00737117505 0 0 0
nt@synapse_cleft 3178 -0.0225537592 -0.0190987888 0.00744916845 0 0 0
nt@synapse_cleft 3179 0.0249462227 -0.0103469 0.0175608501 0 0 0
nt@synapse_cleft 3181 0.00687032492 -0.00263162529 0.0119610129 0 0 0
nt@synapse_cleft 3183 0.00671693605 -0.0262103081 0.0188666387 0 0 0
nt@synapse_cleft 3184 0.0218780711 0.0195221131 0.00208769565 0 0 0
nt@synapse_cleft 3185 -0.00434761195 -0.00209429719 0.0104936246 0 0 0
nt@synapse_cleft 3199 0.00949558989 0.0326800044 0.0177996428 0 0 0
nt@synapse_cleft 3202 0.0113461581 0.0341436026 0.0104127321 0 0 0
nt@synapse_cleft 3207 -0.00573644852 -0.0027838514 0.00136273862 0 0 0
nt@synapse_cleft 3220 0.0044846661 0.0271920639 0.0132910348 0 0 0
nt@synapse_cleft 3222 -0.0544258777 -0.0210002173 0.0129737794 0 0 0
nt@synapse_cleft 3227 0.0122010339 0.0156014405 0.00310781335 0 0 0
nt@synapse_cleft 3247 0.0124392674 -0.00697639995 0.00933096977 0 0 0
nt@synapse_cleft 3248 -0.0253952396 -0.0434352111 0.0141472493 0 0 0
nt@synapse_cleft 3249 -0.0165211734 -0.00826294848 0.0109271007 0 0 0
nt@synapse_cleft 3275 0.00961090334 -0.00955792782 0.0111351814 0 0 0
nt@synapse_cleft 3304 0.0303091156 0.0694710086 0.00667679827 0 0 0
nt@synapse_cleft 3308 -0.0257611772 0.0420241728 0.00279017292 0 0 0
nt@synapse_cleft 3312 0.00114709621 -0.0123224614 0.00573863153 0 0 0
nt@synapse_cleft 3313 -0.00865931269 -0.00487602304 0.00896424862 0 0 0
nt@synapse_cleft 3324 -0.00630248197 -0.00135127518 6.35218596e-05 0 0 0
nt@synapse_cleft 3326 0.00732162021 -0.00745485526 0.00450228631 0 0 0
nt@synapse_cleft 3327 -0.0134658929 -0.048221658 0.018001013 0 0 0
nt@synapse_cleft 3334 0.00665652249 0.00691232689 0.00439958939 0 0 0
nt@synapse_cleft 3335 0.0428370705 0.0104215657 0.0104950034 0 0 0
nt@synapse_cleft 3338 -0.00419174253 -0.0410383169 0.0128067428 0 0 0
nt@synapse_cleft 3341 0.0180465248 -0.00779525332 0.00189981111 0 0 0
nt@synapse_cleft 3342 0.0139891733 -0.00496530962 0.017365451 0 0 0
nt@synapse_cleft 3347 0.0281907253 -0.0490920291 0.0128840716 0 0 0
nt@synapse_cleft 3367 0.00554971263 0.0166255037 0.00530495966 0 0 0
nt@synapse_cleft 3375 0.0486612304 0.025878741 0.0166080598 0 0 0
nt@synapse_cleft 3378 0.0205141275 0.0317488738 0.00102043243 0 0 0
nt@synapse_cleft 3394 0.00605246689 -0.0211436946 0.00477358768 0 0 0
nt@synapse_cleft 3401 0.0467008642 -0.00054741088 0.00923410236 0 0 0
nt@synapse_cleft 3402 -0.00656187308 -0.0101399618 0.00497981449 0 0 0
nt@synapse_cleft 3404 0.0204056472 -0.0211325449 0.00417618404 0 0 0
nt@synapse_cleft 3407 0.0104775706 0.0645287419 0.00638510848 0 0 0
nt@synapse_cleft 3413 0.0160502904 0.0259858549 0.0112367211 0 0 0
nt@synapse_cleft 3419 -0.0202882305 0.0239510478 0.00107292611 0 0 0
nt@synapse_cleft 3429 0.0530073709 -0.0146223482 0.0169350067 0 0 0
nt@synapse_cleft 3432 0.0606400808 -0.0609062765 0.000842258156 0 0 0
nt@synapse_cleft 3445 0.0300491427 0.0240375794 0.0159309618 0 0 0
nt@synapse_cleft 3451 0.0128707049 0.0208363019 0.00677495928 0 0 0
nt@synapse_cleft 3455 -0.00491696463 -0.0231707495 0.0186986825 0 0 0
nt@synapse_cleft 3467 -0.0693741547 -0.00472097628 0.0121797143 0 0 0
nt@synapse_cleft 3470 0.0255857006 -0.0245203083 0.0145816504 0 0 0
nt@synapse_cleft 3472 -0.0320861264 0.0235824085 0.019107928 0 0 0
nt@synapse_cleft 3474 0.045506202 0.00116619416 0.0091625084 0 0 0
nt@synapse_cleft 3482 -0.0691860469 -0.037004216 0.0179272595 0 0 0
nt@synapse_cleft 3484 -0.00328571966 0.0183717535 0.0198181274 0 0 0
nt@synapse_cleft 3496 0.00824336817 -0.00169117154 0.0159186306 0 0 0
nt@synapse_cleft 3500 0.0188354294 -0.0287617739 0.0144121261 0 0 0
nt@synapse_cleft 3507 -0.0241033035 -0.00531659274 0.0167624279 0 0 0
nt@synapse_cleft 3511 0.0144629439 -0.0332541559 0.00864489878 0 0 0
nt@synapse_cleft 3514 0.00687241958 0.00605767188 0.015276486 0 0 0
nt@synapse_cleft 3525 -0.0153907931 -0.0162887304 0.0100320851 0 0 0
nt@synapse_cleft 3526 0.0132855253 -0.0510140061 0.0100341946 0 0 0
nt@synapse_cleft 3535 0.00571504513 0.0181197218 0.00460188098 0 0 0
nt@synapse_cleft 3536 0.00398203921 0.00972476213 0.0153099981 0 0 0
nt@synapse_cleft 3538 -0.0247204714 0.015583197 0.0014515465 0 0 0
nt@synapse_cleft 3542 -0.0043584481 0.0345303494 0.00677448517 0 0 0
nt@synapse_cleft 3543 -0.0246509583 -0.0162556005 0.000393391401 0 0 0
nt@synapse_cleft 3546 0.0110371062 0.0229091013 0.00869516424 0 0 0
nt@synapse_cleft 3561 -0.0143087362 -0.00586269012 0.0035155819 0 0 0
nt@synapse_cleft 3562 -0.0623778702 -0.00363493901 0.00885970051 0 0 0
nt@synapse_cleft 3563 0.0105148917 -0.00547436167 0.0196500037 0 0 0
nt@synapse_cleft 3565 0.0280927408 -0.0263615186 0.00843735543 0 0 0
nt@synapse_cleft 3566 -0.00636448366 0.0561965501 0.0162671983 0 0 0
nt@synapse_cleft 3568 0.0243120589 -0.0336565081 0.0178159545 0 0 0
nt@synapse_cleft 3575 -0.0107745568 0.00517652441 0.00233406224 0 0 0
nt@synapse_cleft 3576 0.0441535879 -0.0015337529 0.00964897001 0 0 0
nt@synapse_cleft 3579 -0.0200266917 -0.0237444316 0.00648101525 0 0 0
nt@synapse_cleft 3583 -0.0134384803 0.00257280724 0.0172619636 0 0 0
nt@synapse_cleft 3592 0.0241629147 0.0428235972 0.0169618285 0 0 0
nt@synapse_cleft 3602 -0.0328765418 -0.00821316593 0.0199274519 0 0 0
nt@synapse_cleft 3603 -0.0309211008 0.0249020521 0.0182777849 0 0 0
nt@synapse_cleft 3606 -0.00854855676 -0.00330188464 0.00676579078 0 0 0
nt@synapse_cleft 3610 -0.00435239216 0.00634504304 0.00281741791 0 0 0
nt@synapse_cleft 3611 0.0102689263 -0.00156044882 0.0188977992 0 0 0
nt@synapse_cleft 3616 -0.0325910807 0.0386490445 0.0085866419 0 0 0
nt@synapse_cleft 3617 -0.00230700651 -0.0674057697 0.0126954748 0 0 0
nt@synapse_cleft 3620 0.00529023224 0.0275167885 0.0155862526 0 0 0
nt@synapse_cleft 3625 0.0300293159 0.00223129565 0.0160144691 0 0 0
nt@synapse_cleft 3630 0.0211531714 0.0332783759 0.0121279637 0 0 0
nt@synapse_cleft 3635 -0.0100180698 0.0126081705 0.00306925296 0 0 0
nt@synapse_cleft 3636 -0.000514823983 0.00126590004 0.0125721068 0 0 0
nt@synapse_cleft 3645 -0.00639113508 -0.0221019939 0.00303490177 0 0 0
nt@synapse_cleft 3658 0.0228050308 -0.0208513177 0.0147643744 0 0 0
nt@synapse_cleft 3661 0.0264354582 0.00820933376 0.0139136085 0 0 0
nt@synapse_cleft 3664 0.049857348 -0.0355618349 0.00342189038 0 0 0
nt@synapse_cleft 3667 -0.0333088184 0.00137205897 0.0145291642 0 0 0
nt@synapse_cleft 3670 0.0185991025 -0.0249165007 0.0121774058 0 0 0
nt@synapse_cleft 3681 0.0322091729 -0.0163225656 0.00385125657 0 0 0
nt@synapse_cleft 3689 -0.01241669 -0.0296891245 0.00656863524 0 0 0
nt@synapse_cleft 3690 0.0316216704 -0.0124415328 0.0186682055 0 0 0
nt@synapse_cleft 3693 -0.0547860438 -0.0363522706 0.00522473627 0 0 0
nt@synapse_cleft 3706 0.036771065 -0.00637425923 0.0172721933 0 0 0
nt@synapse_cleft 3707 -0.0495929047 -0.0174927881 0.00388945508 0 0 0
nt@synapse_cleft 3713 0.0221815351 -0.0108104324 0.0151770414 0 0 0
nt@synapse_cleft 3714 -0.0461754367 -0.0119303798 0.0173183159 0 0 0
nt@synapse_cleft 3728 -0.00402068019 0.0298194923 0.000198900581 0 0 0
nt@synapse_cleft 3730 0.0173916176 0.0143480206 0.0120231507 0 0 0
nt@synapse_cleft 3731 0.0019102764 0.00692592085 0.00824003659 0 0 0
nt@synapse_cleft 3737 0.0150038303 0.0177904176 0.0120655792 0 0 0
nt@synapse_cleft 3738 -0.00858994651 0.0248970689 0.0153132069 0 0 0
nt@synapse_cleft 3739 0.0212838271 0.0521680201 0.00851825336 0 0 0
nt@synapse_cleft 3745 0.0100651616 0.025917701 0.0171608205 0 0 0
nt@synapse_cleft 3751 0.00428779285 0.00554580968 0.00393913823 0 0 0
nt@synapse_cleft 3758 -0.0195048386 -0.0275586228 0.00937323071 0 0 0
nt@synapse_cleft 3759 -0.0206223889 -0.0247175307 0.00368826772 0 0 0
nt@synapse_cleft 3763 0.0377515891 0.0366540989 0.0177260967 0 0 0
nt@synapse_cleft 3768 0.0118757768 -0.0241610705 0.0130054263 0 0 0
nt@synapse_cleft 3771 0.0185489147 -0.0174835977 0.0128376388 0 0 0
nt@synapse_cleft 3775 0.00583339815 0.0128663175 0.0101030187 0 0 0
nt@synapse_cleft 3783 -0.0156268574 -0.0148655807 0.00132477552 0 0 0
nt@synapse_cleft 3788 -0.0120293675 -0.0134929195 0.0105583534 0 0 0
nt@synapse_cleft 3793 -0.0176013472 -0.0108795356 0.00291148169 0 0 0
nt@synapse_cleft 3800 0.0112995153 -0.00512511887 0.00316800007 0 0 0
nt@synapse_cleft 3802 0.0226127056 0.0253437627 0.00788084883 0 0 0
nt@synapse_cleft 3811 -0.0247271192 -0.0187498446 0.00221346625 0 0 0
nt@synapse_cleft 3827 -0.00142969187 0.0494639911 0.0144615603 0 0 0
nt@synapse_cleft 3831 0.00318349609 -0.0426151351 0.0139303139 0 0 0
nt@synapse_cleft 3834 0.0492473529 -0.0282146252 0.0152280795 0 0 0
nt@synapse_cleft 3835 0.00908908941 -0.0411016079 0.00969370911 0 0 0
nt@synapse_cleft 3841 0.0308627891 -0.0199907544 0.00317204863 0 0 0
nt@synapse_cleft 3844 0.00783113229 -0.00137844135 0.00634629127 0 0 0
nt@synapse_cleft 3846 -0.0181220277 0.0156006342 0.00970120906 0 0 0
nt@synapse_cleft 3848 0.0345806639 0.0249466124 0.0101997806 0 0 0
nt@synapse_cleft 3850 -0.0342729985 0.00515031788 0.0112993571 0 0 0
nt@synapse_cleft 3859 0.0477100952 -0.0070021592 0.00660563927 0 0 0
nt@synapse_cleft 3879 0.0275348515 -0.0472563092 0.00925514271 0 0 0
nt@synapse_cleft 3886 0.0302263423 0.0443872638 0.00854183581 0 0 0
nt@synapse_cleft 3891 0.0160337053 -0.0203434027 0.00114981169 0 0 0
nt@synapse_cleft 3902 -0.0265298119 0.00664062895 0.0166624806 0 0 0
nt@synapse_cleft 3907 -0.0189465034 -0.0321954007 0.015061324 0 0 0
nt@synapse_cleft 3909 0.0188191928 0.034659499 0.000717513024 0 0 0
nt@synapse_cleft 3917 -0.00648267664 -0.0243563687 0.00458289705 0 0 0
nt@synapse_cleft 3918 -0.0148910036 -0.00708265342 0.015230722 0 0 0
nt@synapse_cleft 3921 0.0252569697 0.0515865883 0.0155577627 0 0 0
nt@synapse_cleft 3927 -0.00797766898 0.0402268154 0.00707001339 0 0 0
nt@synapse_cleft 3932 0.0161755709 -0.0106899012 0.00957389246 0 0 0
nt@synapse_cleft 3941 -0.0228605203 0.000325250209 0.000541167579 0 0 0
nt@synapse_cleft 3949 -0.0345938672 0.00532663781 0.0023353624 0 0 0
nt@synapse_cleft 3952 -0.0376044357 0.0182941517 0.0173157444 0 0 0
nt@synapse_cleft 3953 0.0257034823 -0.0251123355 0.00127057191 0 0 0
nt@synapse_cleft 3957 0.0374752314 -0.0142264413 0.0184214282 0 0 0
nt@synapse_cleft 3958 0.00674345434 0.0174036355 0.0161752493 0 0 0
nt@synapse_cleft 3962 -0.0363733966 0.0043276887 0.00690793294 0 0 0
nt@synapse_cleft 3963 0.0303013424 0.0295885092 0.0123999073 0 0 0
nt@synapse_cleft 3965 -0.0331082749 -0.00979915124 0.00492661725 0 0 0
nt@synapse_cleft 3967 0.0104863132 -0.0140246815 0.00568750025 0 0 0
nt@synapse_cleft 3968 0.0203313941 -0.00621010217 0.00852660231 0 0 0
nt@synapse_cleft 3973 0.00567389044 -0.0194977285 0.00992517604 0 0 0
nt@synapse_cleft 3974 -0.0291368768 0.0492262452 0.00689909999 0 0 0
nt@synapse_cleft 3977 0.00711161657 0.0392546533 0.00497722419 0 0 0
nt@synapse_cleft 3978 0.0187615069 0.00619165363 0.0133434286 0 0 0
nt@synapse_cleft 3983 -0.0268554444 -0.03448369 0.0135078575 0 0 0
nt@synapse_cleft 3988 -0.00460614663 -0.038160947 0.0104858983 0 0 0
nt@synapse_cleft 3989 0.0489602791 -0.00450623551 0.0115991774 0 0 0
nt@synapse_cleft 3991 0.080707121 -0.0249926073 0.0012857995 0 0 0
nt@synapse_cleft 3993 -0.0466391586 0.000618989873 0.0138913697 0 0 0
nt@synapse_cleft 3997 -0.0582776283 0.00291233133 0.0195501909 0 0 0
nt@synapse_cleft 3999 -0.0459926923 -0.00647270279 0.0147185896 0 0 0
nt@synapse_cleft 4011 0.0187381775 0.02083286 0.000410508891 0 0 0
nt@synapse_cleft 4018 0.0161296136 0.00953149412 0.014268545 0 0 0
nt@synapse_cleft 4027 0.00767462448 -0.0272358191 0.00126898624 0 0 0
nt@synapse_cleft 4028 -0.0259308349 0.0370892778 0.0194499343 0 0 0
nt@synapse_cleft 4037 -0.010807808 0.0311415688 0.0148768207 0 0 0
nt@synapse_cleft 4040 0.00885551412 0.0199335219 0.0193345395 0 0 0
nt@synapse_cleft 4049 0.0354505724 -0.00386284281 0.0196081556 0 0 0
nt@synapse_cleft 4051 0.0103983841 0.00812606568 0.0101747322 0 0 0
nt@synapse_cleft 4064 0.00647592571 0.00959432659 0.0119907031 0 0 0
nt@synapse_cleft 4070 -0.0120960017 0.00306989178 0.0166523819 0 0 0
nt@synapse_cleft 4071 -0.0174432229 -0.0445500652 0.0172250532 0 0 0
nt@synapse_cleft 4087 -0.013012187 0.0354897579 0.000309963317 0 0 0
nt@synapse_cleft 4094 0.0318261558 -0.0251651517 0.00621659913 0 0 0
nt@synapse_cleft 4095 0.0428080695 -0.011304503 0.0157109604 0 0 0
nt@synapse_cleft 4099 -0.00223785659 0.014308344 0.000491442877 0 0 0
nt@synapse_cleft 4103 -0.0121166561 0.00389739928 0.014849622 0 0 0
nt@synapse_cleft 4106 0.022737539 0.0167339925 0.0144996991 0 0 0
nt@synapse_cleft 4111 0.0660390198 0.0144408351 0.01594396 0 0 0
nt@synapse_cleft 4115 -0.0127621681 0.0144760718 0.01202161 0 0 0
nt@synapse_cleft 4119 0.0152400413 -0.036775547 0.0056978463 0 0 0
nt@synapse_cleft 4123 -0.00102903473 0.016236168 0.0123107728 0 0 0
nt@synapse_cleft 4126 0.0265173798 -0.0247924866 0.0020943845 0 0 0
nt@synapse_cleft 4129 -0.0204504685 0.0105800965 0.0138708999 0 0 0
nt@synapse_cleft 4131 -0.0164722309 0.0270431189 0.0177464839 0 0 0
nt@synapse_cleft 4132 0.0240720243 0.0265393682 0.0188590486 0 0 0
nt@synapse_cleft 4135 0.0105861723 0.00213770938 0.00844173775 0 0 0
nt@synapse_cleft 4144 0.0361039878 0.00120090133 0.00388687014 0 0 0
nt@synapse_cleft 4150 -0.0495392846 -0.0491854455 0.00520321638 0 0 0
nt@synapse_cleft 4155 0.0113938755 -0.0610941103 0.00618781118 0 0 0
nt@synapse_cleft 4156 0.0390572804 0.00103729802 0.0084658463 0 0 0
nt@synapse_cleft 4158 -0.00217227398 -0.00593186638 0.0116904905 0 0 0
nt@synapse_cleft 4162 0.0398967484 -0.0210576966 0.00807968486 0 0 0
nt@synapse_cleft 4163 0.00347791582 0.0459766502 0.00523360085 0 0 0
nt@synapse_cleft 4170 -0.0435569529 0.00646006354 0.0105878575 0 0 0
nt@synapse_cleft 4177 -0.0624388729 0.0709349251 0.0130457775 0 0 0
nt@synapse_cleft 4187 -0.0283188473 -0.0261555297 0.0110234779 0 0 0
nt@synapse_cleft 4193 -0.000964130693 -0.0400948213 0.00472913862 0 0 0
nt@synapse_cleft 4214 -0.0420610464 -0.00896523505 0.017160268 0 0 0
nt@synapse_cleft 4215 0.01691315 -0.0469943669 0.0186821459 0 0 0
nt@synapse_cleft 4220 -0.0100426188 -0.0187726487 0.00494743896 0 0 0
nt@synapse_cleft 4228 0.0349098166 -0.0103387524 0.0150381806 0 0 0
nt@synapse_cleft 4230 -0.0242419103 0.0481123883 0.00361955601 0 0 0
nt@synapse_cleft 4233 0.0234501011 0.019944002 0.00230568263 0 0 0
nt@synapse_cleft 4237 0.00409290051 -0.0124970028 0.0155594073 0 0 0
nt@synapse_cleft 4241 -0.0497166634 0.0202939161 0.0115625181 0 0 0
nt@synapse_cleft 4242 0.0246355368 -0.0266486754 0.0163082304 0 0 0
nt@synapse_cleft 4252 0.0342780802 0.00382367235 0.018706335 0 0 0
nt@synapse_cleft 4254 -0.0135469155 0.0379675141 0.00518948527 0 0 0
nt@synapse_cleft 4255 -0.022216332 -0.0291582875 0.0115974734 0 0 0
nt@synapse_cleft 4279 0.0056321188 -0.0495247881 0.0182687444 0 0 0
nt@synapse_cleft 4283 -0.0253553792 0.00159534891 0.00987730546 0 0 0
nt@synapse_cleft 4284 0.0674384683 -0.0223211855 0.0106121699 0 0 0
nt@synapse_cleft 4285 -0.0418586473 0.0561296849 0.00215716466 0 0 0
nt@synapse_cleft 4288 0.024366505 -0.0241192326 0.0142306138 0 0 0
nt@synapse_cleft 4293 -0.0120628589 -0.0104532825 0.00308946557 0 0 0
nt@synapse_cleft 4297 0.0406436514 -0.0317384086 0.00708368725 0 0 0
nt@synapse_cleft 4301 0.0210827249 -0.00676325619 0.0185115476 0 0 0
nt@synapse_cleft 4312 -0.0222869639 -0.0281733284 0.00756048809 0 0 0
nt@synapse_cleft 4317 -0.0121555562 0.0429559025 0.00858493362 0 0 0
nt@synapse_cleft 4326 0.0290639722 -0.0122883587 0.0183749816 0 0 0
nt@synapse_cleft 4330 -0.0271680571 0.00352185668 0.0140709443 0 0 0
nt@synapse_cleft 4334 0.012521993 0.0117812097 0.0065098519 0 0 0
nt@synapse_cleft 4339 0.00121794112 -0.0187654502 0.013931591 0 0 0
nt@synapse_cleft 4343 -0.0240602802 -0.0485665108 0.00229013381 0 0 0
nt@synapse_cleft 4346 0.0100075321 -0.0081995412 0.0189205182 0 0 0
nt@synapse_cleft 4351 0.0320123993 0.021307239 0.00864977602 0 0 0
nt@synapse_cleft 4360 0.0249286218 0.00743511713 0.0159466234 0 0 0
nt@synapse_cleft 4365 0.012981446 0.027247019 0.0120786593 0 0 0
nt@synapse_cleft 4372 0.00154858717 -0.0238944946 0.00241485646 0 0 0
nt@synapse_cleft 4374 -0.0183732563 -0.0165707146 0.018833294 0 0 0
nt@synapse_cleft 4376 -0.0213060718 -0.0136631724 0.000389411336 0 0 0
nt@synapse_cleft 4381 -0.0258789313 -0.034048478 0.011286942 0 0 0
nt@synapse_cleft 4386 -0.0109041209 -0.0166135938 0.0017098328 0 0 0
nt@synapse_cleft 4392 -0.00961334028 0.0104885889 0.0154378979 0 0 0
nt@synapse_cleft 4395 0.0232971306 -0.0303258372 0.0128653076 0 0 0
nt@synapse_cleft 4396 0.00950911393 -0.0600131312 0.00295701318 0 0 0
nt@synapse_cleft 4398 -0.00915884998 0.0206511133 0.0174315786 0 0 0
nt@synapse_cleft 4399 0.0238276163 0.0541536513 0.00463652723 0 0 0
nt@synapse_cleft 4403 -0.0215770059 -0.0134603547 0.0196637417 0 0 0
nt@synapse_cleft 4405 -0.0286480451 -0.0242263926 0.0138853842 0 0 0
nt@synapse_cleft 4414 -0.00299847307 -0.0333408324 0.00871699785 0 0 0
nt@synapse_cleft 4416 -0.0102320701 -0.00444633569 0.0121729774 0 0 0
nt@synapse_cleft 4423 0.015109415 -0.0114321883 0.00426390025 0 0 0
nt@synapse_cleft 4424 -0.0304500626 -0.00701356387 0.0038489068 0 0 0
nt@synapse_cleft 4430 -0.00149030312 0.00507329741 0.00998140591 0 0 0
nt@synapse_cleft 4431 0.0266158209 -0.0299605716 0.00810489706 0 0 0
nt@synapse_cleft 4434 0.0201656319 -0.0073948905 0.00838055531 0 0 0
nt@synapse_cleft 4436 0.00329855671 0.0257113252 0.0199525907 0 0 0
nt@synapse_cleft 4446 -0.00480413208 0.0294434562 0.0174364303 0 0 0
nt@synapse_cleft 4449 0.0174195937 0.0612486574 0.0188566961 0 0 0
nt@synapse_cleft 4464 0.0131105392 -0.0215241185 0.0157803857 0 0 0
nt@synapse_cleft 4470 -0.0111652315 -0.0383027733 0.00815932188 0 0 0
nt@synapse_cleft 4473 -0.0108516867 -0.00261456578 0.00385380343 0 0 0
nt@synapse_cleft 4478 -0.017778189 0.034535256 0.0122502701 0 0 0
nt@synapse_cleft 4480 0.00946838928 0.0385698573 0.0164806097 0 0 0
nt@synapse_cleft 4482 -0.021441449 -0.011485067 0.00974494333 0 0 0
nt@synapse_cleft 4485 0.0136236583 -0.00293639059 0.00472184463 0 0 0
nt@synapse_cleft 4488 0.0179228513 -0.00508496119 0.00996262304 0 0 0
nt@synapse_cleft 4489 0.0019984341 -0.0131884159 0.00669163297 0 0 0
nt@synapse_cleft 4496 -0.0439986008 0.0396398905 0.00433031405 0 0 0
nt@synapse_cleft 4499 -0.00846110178 0.0147054962 0.00897964304 0 0 0
nt@synapse_cleft 4501 0.00294531005 0.0150981462 0.0178258601 0 0 0
nt@synapse_cleft 4517 -0.033555825 0.0124438504 0.0078955473 0 0 0
nt@synapse_cleft 4527 0.0236853277 -0.00210358118 0.0198697245 0 0 0
nt@synapse_cleft 4538 -0.0453691256 -0.0454270111 0.0019843555 0 0 0
nt@synapse_cleft 4542 0.00382682164 0.033392908 0.000427576888 0 0 0
nt@synapse_cleft 4545 -0.0317321473 0.0326824995 0.0147259 0 0 0
nt@synapse_cleft 4551 -0.0141505511 0.0335001122 0.011678832 0 0 0
nt@synapse_cleft 4553 -0.0318096323 -0.0068424454 0.0133322776 0 0 0
nt@synapse_cleft 4559 -0.0265304666 0.0370164239 0.0152617911 0 0 0
nt@synapse_cleft 4565 -0.0518389597 -0.0137289446 0.00472057701 0 0 0
nt@synapse_cleft 4572 0.00625446659 -0.0147297667 0.00638996796 0 0 0
nt@synapse_cleft 4574 0.0379373403 -0.0228195629 0.00279163737 0 0 0
nt@synapse_cleft 4576 -0.0326613114 -0.034068705 0.00314438065 0 0 0
nt@synapse_cleft 4583 -0.00697633462 -0.00117960011 0.0067683315 0 0 0
nt@synapse_cleft 4587 0.0250871893 0.0110867621 0.0172998708 0 0 0
nt@synapse_cleft 4590 -0.0501945518 -0.0115495429 0.0183689172 0 0 0
nt@synapse_cleft 4593 -0.0330831425 0.0419152148 0.00859408587 0 0 0
nt@synapse_cleft 4594 0.00895676828 0.015917983 0.0106330317 0 0 0
nt@synapse_cleft 4595 0.0177641122 -0.0330863176 0.00443636026 0 0 0
nt@synapse_cleft 4600 -0.0323554688 0.0043236466 0.00127541482 0 0 0
nt@synapse_cleft 4613 0.0602844994 0.00713406621 0.0107801402 0 0 0
nt@synapse_cleft 4620 0.00628822788 -0.0110905889 0.0163783484 0 0 0
nt@synapse_cleft 4654 0.0103770514 -0.0263074195 0.002436515 0 0 0
nt@synapse_cleft 4659 -0.0375851561 0.0260382485 0.0112143074 0 0 0
nt@synapse_cleft 4661 -0.00490153951 -0.042902281 0.0188319893 0 0 0
nt@synapse_cleft 4666 0.0615038033 0.032375163 0.0151343743 0 0 0
nt@synapse_cleft 4681 0.00407902899 -0.0229517682 0.0112547323 0 0 0
nt@synapse_cleft 4687 0.00496256002 0.00590302184 0.0053894044 0 0 0
nt@synapse_cleft 4699 -0.0211960011 0.0211574588 0.00492177639 0 0 0
nt@synapse_cleft 4700 -0.0320974813 0.0640691493 0.0191240801 0 0 0
nt@synapse_cleft 4701 0.0213481765 0.0162083805 0.0156424365 0 0 0
nt@synapse_cleft 4706 0.0120204394 -0.00968767557 2.69454274e-05 0 0 0
nt@synapse_cleft 4709 -0.0113527611 0.0118446151 0.00360427519 0 0 0
nt@synapse_cleft 4710 -0.0196948631 -0.0371640777 0.000895300115 0 0 0
nt@synapse_cleft 4718 0.0582610865 0.0209659002 0.0173846682 0 0 0
nt@synapse_cleft 4736 -0.0012726615 0.00953800813 0.00733614711 0 0 0
nt@synapse_cleft 4750 0.00433561944 -0.0604272877 0.00197931788 0 0 0
nt@synapse_cleft 4753 -0.0175943001 0.00327656652 0.0100508732 0 0 0
nt@synapse_cleft 4754 -0.0116040399 0.00534757542 0.00777149611 0 0 0
nt@synapse_cleft 4756 -0.00955786476 0.00458331147 0.0107616784 0 0 0
nt@synapse_cleft 4758 -0.0399361096 0.0147993831 0.0147023189 0 0 0
nt@synapse_cleft 4764 0.00879824799 -0.00724139698 0.0018405066 0 0 0
nt@synapse_cleft 4779 0.0259754538 -0.0339364551 0.0140934366 0 0 0
nt@synapse_cleft 4784 0.0178730821 0.0142033021 0.0147167053 0 0 0
nt@synapse_cleft 4786 -0.0202258324 0.0183972521 0.00885181934 0 0 0
nt@synapse_cleft 4791 0.0403452838 -0.0100205803 0.0184297074 0 0 0
nt@synapse_cleft 4793 -0.0416521427 0.0109020611 0.018970743 0 0 0
nt@synapse_cleft 4800 0.0189281129 -0.00256156215 0.00377176673 0 0 0
nt@synapse_cleft 4801 -0.0137149002 0.00804428361 0.0197056069 0 0 0
nt@synapse_cleft 4814 -0.0232560643 0.015603838 0.00356184784 0 0 0
nt@synapse_cleft 4816 -0.0340986741 -0.0135875 0.0115085646 0 0 0
nt@synapse_cleft 4822 -0.0173095575 -0.021824263 0.0144014956 0 0 0
nt@synapse_cleft 4823 -0.000609697411 0.0262799959 0.0151700006 0 0 0
nt@synapse_cleft 4829 0.0269840043 -0.0702424849 0.00622363917 0 0 0
nt@synapse_cleft 4830 -0.0241284627 0.0169618319 0.0161466957 0 0 0
nt@synapse_cleft 4833 -0.00448594254 -0.0195919457 0.0156714342 0 0 0
nt@synapse_cleft 4839 0.00244622394 -0.00386622974 0.000371024852 0 0 0
nt@synapse_cleft 4844 0.0618266436 -0.0141971826 0.00214833016 0 0 0
nt@synapse_cleft 4852 -0.020259321 -0.0204652398 0.00598628152 0 0 0
nt@synapse_cleft 4855 0.0302969474 0.0195566831 0.0172267914 0 0 0
nt@synapse_cleft 4871 0.0195812537 0.0177101147 0.00061526774 0 0 0
nt@synapse_cleft 4880 -0.0137077027 -0.0295601549 0.00486838777 0 0 0
nt@synapse_cleft 4883 -0.0456295043 -0.00241822619 0.00670089944 0 0 0
nt@synapse_cleft 4892 -0.0178341281 0.026356946 0.00723064406 0 0 0
nt@synapse_cleft 4896 -0.0226136469 -0.0310175218 0.017602138 0 0 0
nt@synapse_cleft 4897 0.0283472168 -0.01591964 0.0133664063 0 0 0
nt@synapse_cleft 4901 0.0168106517 0.0128184413 0.00392412701 0 0 0
nt@synapse_cleft 4905 -0.0243202502 -0.00520134015 0.0075557884 0 0 0
nt@synapse_cleft 4906 -0.0056625943 -0.0395782976 0.00533972808 0 0 0
nt@synapse_cleft 4918 -0.0107662906 0.029685127 0.01859942 0 0 0
nt@synapse_cleft 4919 -0.00989916528 0.00577826199 0.0166719544 0 0 0
nt@synapse_cleft 4925 0.00609540733 0.00784898013 0.0146008535 0 0 0
nt@synapse_cleft 4931 0.0146938438 -0.0206699319 0.0170679894 0 0 0
nt@synapse_cleft 4937 -0.0552190008 0.00629996396 0.00682724402 0 0 0
nt@synapse_cleft 4946 -0.0174015968 0.0175205692 0.00807310647 0 0 0
nt@synapse_cleft 4956 0.0263194956 -0.00968451071 0.0116267609 0 0 0
nt@synapse_cleft 4967 -0.0153867048 0.0183032233 0.0163653424 0 0 0
nt@synapse_cleft 4972 0.0276487695 -0.0302135875 0.0132075261 0 0 0
nt@synapse_cleft 4973 -0.0109647528 0.0438878271 0.0196388136 0 0 0
nt@synapse_cleft 4979 0.00429616392 -0.00341460999 0.00710241816 0 0 0
nt@synapse_cleft 4981 0.00547274106 -0.0474744255 0.00774776608 0 0 0
nt@synapse_cleft 4982 -0.00360647899 0.0103496784 0.0129845452 0 0 0
nt@synapse_cleft 4983 -0.0290486338 0.0136169622 0.00790258911 0 0 0
nt@synapse_cleft 4991 -0.0037081635 -0.00381488283 0.00889656662 0 0 0
nt@synapse_cleft 5004 -0.0254045443 0.00120182445 0.00417396073 0 0 0
nt@synapse_cleft 5006 -0.00179229436 -0.0129709442 0.00351214004 0 0 0
nt@synapse_cleft 5009 -0.0383252165 0.0183726686 0.00402461086 0 0 0
nt@synapse_cleft 5011 -0.0219857977 -0.0216023192 0.00642431024 0 0 0
nt@synapse_cleft 5015 -0.0250151866 -0.0215904339 0.0100614248 0 0 0
nt@synapse_cleft 5024 0.00411744514 -0.0104703841 0.0109460972 0 0 0
nt@synapse_cleft 5044 -0.0340359505 0.0105249407 0.00696306534 0 0 0
nt@synapse_cleft 5045 0.0471388378 0.0366458786 0.0100665414 0 0 0
nt@synapse_cleft 5046 0.00518372532 -0.00996379212 0.00559870231 0 0 0
nt@synapse_cleft 5052 0.00321738418 -0.0102140474 0.00626663603 0 0 0
nt@synapse_cleft 5055 -0.00550614068 0.0223901027 0.0189405485 0 0 0
nt@synapse_cleft 5059 -0.043069105 0.0212223083 0.0192352262 0 0 0
nt@synapse_cleft 5061 0.0159852959 -0.0321854755 0.00133473014 0 0 0
nt@synapse_cleft 5063 -0.0261064889 0.0325449333 0.00759109475 0 0 0
nt@synapse_cleft 5081 0.0119505212 0.000993444399 0.00826523097 0 0 0
nt@synapse_cleft 5082 0.0113236595 0.0494041035 0.0037937781 0 0 0
nt@synapse_cleft 5086 0.0256131961 0.0422774218 0.0118235523 0 0 0
nt@synapse_cleft 5106 0.00544047351 -0.0149870432 0.00711902736 0 0 0
nt@synapse_cleft 5133 -0.0216239873 0.0199104647 0.0168164672 0 0 0
nt@synapse_cleft 5145 0.0186659277 0.0358383495 0.016541355 0 0 0
nt@synapse_cleft 5154 -0.000904771482 0.0134249151 0.00830224492 0 0 0
nt@synapse_cleft 5159 -0.0411602581 -0.00914394735 0.00344687536 0 0 0
nt@synapse_cleft 5164 0.02161838 -0.000912528746 0.00661922647 0 0 0
nt@synapse_cleft 5173 -0.0369337696 -0.00459842695 0.0135601802 0 0 0
nt@synapse_cleft 5176 -0.0292350886 0.0632450119 0.0191387129 0 0 0
nt@synapse_cleft 5179 0.0233627552 0.000884421231 0.00987989369 0 0 0
nt@synapse_cleft 5182 0.0505287811 0.0135561297 0.00170082647 0 0 0
nt@synapse_cleft 5183 0.0482741663 0.00103122443 0.0170596558 0 0 0
nt@synapse_cleft 5196 0.00654825018 0.00701284848 0.00882107938 0 0 0
nt@synapse_cleft 5198 -0.000859359332 -0.0113187931 0.0168586243 0 0 0
