nt@synapse_cleft 0 0.00749320204 -0.000731594308 0.0169920911 0 0 0
nt@synapse_cleft 2 -0.0419817149 0.0148560503 0.0177867066 0 0 0
nt@synapse_cleft 7 0.00351490358 0.0121679064 0.0108602849 0 0 0
nt@synapse_cleft 9 0.0130719356 -0.0210464412 0.0120361321 0 0 0
nt@synapse_cleft 12 0.00555109802 0.0323596353 0.0126714817 0 0 0
nt@synapse_cleft 15 -0.0145956125 0.0228726925 0.00803456402 0 0 0
nt@synapse_cleft 17 0.0197310589 0.00576570971 0.00676553144 0 0 0
nt@synapse_cleft 23 0.00698870381 -0.0486328727 0.00842108243 0 0 0
nt@synapse_cleft 26 -0.023787987 0.00970134956 0.00997832577 0 0 0
nt@synapse_cleft 30 0.0193667324 -0.0326022887 0.00960361487 0 0 0
nt@synapse_cleft 35 -0.00916472074 0.0182737019 0.0199036972 0 0 0
nt@synapse_cleft 42 0.00559467735 0.00366595215 0.0194791915 0 0 0
nt@synapse_cleft 45 -0.00557214129 0.0153311186 0.0103947148 0 0 0
nt@synapse_cleft 54 0.00124744859 0.0215715879 0.0182178966 0 0 0
nt@synapse_cleft 56 -0.0191852344 -0.00719286912 0.0155584688 0 0 0
nt@synapse_cleft 59 0.0335721506 0.0153836685 0.0120135641 0 0 0
nt@synapse_cleft 72 -0.0256628717 0.00965707333 0.0179884426 0 0 0
nt@synapse_cleft 81 0.0115288103 -0.0321675216 0.0101335668 0 0 0
nt@synapse_cleft 87 -0.0118706685 -0.0218080903 0.0191272778 0 0 0
nt@synapse_cleft 89 0.0265244023 0.00216901536 0.0101975857 0 0 0
nt@synapse_cleft 100 -0.0185550902 -0.023820756 0.00772355616 0 0 0
nt@synapse_cleft 102 -0.0279242572 0.0171283335 0.000534353476 0 0 0
nt@synapse_cleft 103 0.0243250478 -0.0214372779 0.0151423726 0 0 0
nt@synapse_cleft 111 -0.0281759272 0.0451477303 0.0177757241 0 0 0
nt@synapse_cleft 114 0.0411905841 -0.0191690446 0.0177318137 0 0 0
nt@synapse_cleft 115 -0.0009062004 -0.0330604357 0.00878996832 0 0 0
nt@synapse_cleft 116 -0.029151445 -0.0181504761 0.0128651161 0 0 0
nt@synapse_cleft 118 0.0167747259 0.00255844739 0.0105940189 0 0 0
nt@synapse_cleft 135 -0.0227517626 -0.0275410082 0.0112914527 0 0 0
nt@synapse_cleft 137 -0.0489523743 -0.0383819816 0.0110075523 0 0 0
nt@synapse_cleft 143 -0.00851074321 -0.0503421999 0.00507286965 0 0 0
nt@synapse_cleft 148 0.000554667971 0.0527546642 0.00843574909 0 0 0
nt@synapse_cleft 150 -0.0268814508 0.0138176141 0.00868129572 0 0 0
nt@synapse_cleft 156 -0.0252677391 -0.00144651685 0.018566427 0 0 0
nt@synapse_cleft 157 -0.0253758785 0.0109159377 0.00984804103 0 0 0
nt@synapse_cleft 162 -0.0132460411 -0.0282876098 0.0088932971 0 0 0
nt@synapse_cleft 167 -0.00531171175 -0.0452429794 0.00664569636 0 0 0
nt@synapse_cleft 168 -0.0217763493 -0.0213763203 0.0115932444 0 0 0
nt@synapse_cleft 186 -0.0202437534 -0.0103744143 0.0195673794 0 0 0
nt@synapse_cleft 188 -0.0150190302 -0.00319272613 0.00489422492 0 0 0
nt@synapse_cleft 192 -0.00485400825 0.0394758992 0.0196215642 0 0 0
nt@synapse_cleft 194 -0.00330891128 -0.00800744855 0.0141365692 0 0 0
nt@synapse_cleft 195 0.0164560696 0.0436538949 0.00572724641 0 0 0
nt@synapse_cleft 197 0.0101243198 -0.0193305722 0.0051754248 0 0 0
nt@synapse_cleft 199 0.044459815 0.0116154741 0.00734374689 0 0 0
nt@synapse_cleft 203 0.00827342027 -0.00450454119 0.00614375156 0 0 0
nt@synapse_cleft 206 0.000879859521 -0.0167505379 0.0193144524 0 0 0
nt@synapse_cleft 210 -0.0322103938 0.0180897464 0.00388289918 0 0 0
nt@synapse_cleft 224 -0.0179661593 0.0585773432 0.00170259245 0 0 0
nt@synapse_cleft 231 0.0162029806 0.0370830444 0.018357295 0 0 0
nt@synapse_cleft 235 0.0232579562 -0.0219966651 0.00772990146 0 0 0
nt@synapse_cleft 244 -0.0178114404 0.00319084496 0.017979882 0 0 0
nt@synapse_cleft 248 0.0326954566 -0.0270839591 0.00861427954 0 0 0
nt@synapse_cleft 256 -0.0409571922 -0.0121168176 0.0111445878 0 0 0
nt@synapse_cleft 263 0.0430961425 0.0199875964 0.0168943242 0 0 0
nt@synapse_cleft 268 0.00194337758 -0.00778194514 0.0113436318 0 0 0
nt@synapse_cleft 272 0.00461866803 -0.0484301068 0.0178400186 0 0 0
nt@synapse_cleft 284 -0.0299595035 0.0805575689 0.00889838905 0 0 0
nt@synapse_cleft 289 -0.0399051572 0.0615408131 0.00816205324 0 0 0
nt@synapse_cleft 293 0.0311647008 -0.00458223362 0.0145164486 0 0 0
nt@synapse_cleft 306 0.00983411842 -0.0232857153 0.0127178498 0 0 0
nt@synapse_cleft 307 0.0158026758 0.00482216343 0.0172537875 0 0 0
nt@synapse_cleft 308 0.0200652527 0.0250727133 0.00890881215 0 0 0
nt@synapse_cleft 310 0.0250793589 0.000414901378 0.0101709881 0 0 0
nt@synapse_cleft 318 -0.0343299511 0.0115435071 0.0198890026 0 0 0
nt@synapse_cleft 319 0.0592284917 0.00384524983 0.0149833789 0 0 0
nt@synapse_cleft 321 0.0381877494 0.019348576 0.00916405042 0 0 0
nt@synapse_cleft 325 -0.0592229189 0.0698508057 0.0152212093 0 0 0
nt@synapse_cleft 331 0.0470286052 -0.0193767895 0.0156192223 0 0 0
nt@synapse_cleft 347 0.00299030206 -0.00980747503 0.00594826151 0 0 0
nt@synapse_cleft 348 0.00310884786 -0.00745675408 0.0125975164 0 0 0
nt@synapse_cleft 350 0.0171418109 0.00734871329 0.00265864045 0 0 0
nt@synapse_cleft 352 -0.0112045082 0.0278905919 0.00364831699 0 0 0
nt@synapse_cleft 356 -0.0342759577 0.0186488983 0.0068561691 0 0 0
nt@synapse_cleft 361 -0.0272446025 0.0107200587 0.019641718 0 0 0
nt@synapse_cleft 371 -0.00986469783 0.0315662641 0.00502345782 0 0 0
nt@synapse_cleft 372 0.00341873454 0.0241667707 0.00669588578 0 0 0
nt@synapse_cleft 376 -0.00853025026 -0.00404199285 0.0176755589 0 0 0
nt@synapse_cleft 381 -0.0146160336 -0.0154548714 0.00543805333 0 0 0
nt@synapse_cleft 385 0.0150705344 0.00991025122 0.0161264155 0 0 0
nt@synapse_cleft 391 0.0222571538 -0.043751339 0.0152738477 0 0 0
nt@synapse_cleft 395 1.75169553e-05 -0.0250406151 0.0102469587 0 0 0
nt@synapse_cleft 397 0.0146589147 0.0282050468 0.0167983401 0 0 0
nt@synapse_cleft 402 0.0034780502 0.0442126519 0.0066823238 0 0 0
nt@synapse_cleft 406 -0.0243933748 -0.043782475 0.008412993 0 0 0
nt@synapse_cleft 421 -0.0348920941 0.0261372849 0.0185833582 0 0 0
nt@synapse_cleft 426 0.035344414 -0.0184403149 0.0162535443 0 0 0
nt@synapse_cleft 429 -0.0202177993 0.0231575465 0.0117001576 0 0 0
nt@synapse_cleft 440 0.0338540681 0.00468733084 0.00017743234 0 0 0
nt@synapse_cleft 444 -0.00211655494 0.0303940904 0.00687756307 0 0 0
nt@synapse_cleft 449 -0.00137644076 -0.0173704748 0.00946725862 0 0 0
nt@synapse_cleft 452 0.0281602676 0.0447386963 0.0138684851 0 0 0
nt@synapse_cleft 453 0.00497178121 -0.0104123136 0.0166279273 0 0 0
nt@synapse_cleft 455 -0.00402031026 -0.0244636379 0.0184512697 0 0 0
nt@synapse_cleft 477 0.0185797685 0.0092507948 0.0153927442 0 0 0
nt@synapse_cleft 479 -0.0108016702 0.0234646054 0.0146839192 0 0 0
nt@synapse_cleft 480 -0.0549993768 0.0146789139 4.43288185e-05 0 0 0
nt@synapse_cleft 482 0.0129666667 0.00525407559 0.000997680219 0 0 0
nt@synapse_cleft 483 -0.00700422477 -0.0268163643 0.00920658977 0 0 0
nt@synapse_cleft 484 -0.0077121013 -0.0405202066 0.00224548238 0 0 0
nt@synapse_cleft 499 0.018827539 0.0172448211 0.00878426355 0 0 0
nt@synapse_cleft 500 -0.00862278703 -0.0122465371 0.00478541462 0 0 0
nt@synapse_cleft 501 0.00583205991 0.0132658559 0.00624255378 0 0 0
nt@synapse_cleft 503 0.0102041428 -0.020839211 0.0122454086 0 0 0
nt@synapse_cleft 509 -0.0134892354 0.0531501685 0.000120232521 0 0 0
nt@synapse_cleft 510 0.017816896 0.00389952109 0.0101919154 0 0 0
nt@synapse_cleft 514 -0.0216508351 0.00687952162 0.0156284075 0 0 0
nt@synapse_cleft 522 -0.0422514068 0.0195720646 0.0117390084 0 0 0
nt@synapse_cleft 524 -0.0126860286 0.0219683728 0.0186314062 0 0 0
nt@synapse_cleft 530 0.0201937258 -0.0050123076 0.00876965038 0 0 0
nt@synapse_cleft 536 -0.031204209 -0.0376375363 0.00184030477 0 0 0
nt@synapse_cleft 544 0.0345223037 0.0174407764 0.0127365819 0 0 0
nt@synapse_cleft 546 -0.0495545482 0.0158217242 0.0105018479 0 0 0
nt@synapse_cleft 548 -0.0226263068 0.0204380591 0.019910449 0 0 0
nt@synapse_cleft 549 0.0296477073 -0.0342837573 0.0158317195 0 0 0
nt@synapse_cleft 551 0.00743760938 -0.0152666563 0.0150689655 0 0 0
nt@synapse_cleft 552 0.0191145092 -0.00245455558 0.0113585078 0 0 0
nt@synapse_cleft 557 -0.0343484832 -0.000300019709 0.00860032301 0 0 0
nt@synapse_cleft 558 -0.0105609225 -0.0225891474 0.00655682744 0 0 0
nt@synapse_cleft 563 -0.0124824261 -0.0551004896 0.0159885288 0 0 0
nt@synapse_cleft 568 -0.00676067008 0.00799573666 0.0165728427 0 0 0
nt@synapse_cleft 572 -0.0330360361 0.021617955 0.00595450667 0 0 0
nt@synapse_cleft 575 0.000332898243 -0.0113590043 0.00800755528 0 0 0
nt@synapse_cleft 581 0.00305830539 -0.003948581 0.00792842515 0 0 0
nt@synapse_cleft 583 0.0112177644 0.0203548678 0.0127326839 0 0 0
nt@synapse_cleft 586 0.00619447165 0.0134442433 0.0103853906 0 0 0
nt@synapse_cleft 591 -0.0120705362 0.0243734248 0.0140409895 0 0 0
nt@synapse_cleft 593 0.00477393674 0.035137607 0.0136336751 0 0 0
nt@synapse_cleft 594 0.0377155659 0.0226537325 0.0106046417 0 0 0
nt@synapse_cleft 595 -0.00501158803 -0.0380235587 0.00776288323 0 0 0
nt@synapse_cleft 596 -0.0230364748 0.00618308065 0.016525341 0 0 0
nt@synapse_cleft 598 -0.00190829818 -0.00257441842 0.0155549659 0 0 0
nt@synapse_cleft 618 -0.0110816783 -0.0341868324 0.00393994115 0 0 0
nt@synapse_cleft 620 -0.0238160457 -0.00216621961 0.00657310111 0 0 0
nt@synapse_cleft 624 0.0171158766 -0.00584844604 0.00686960107 0 0 0
nt@synapse_cleft 627 -0.00835235842 -0.0193469087 0.0175646744 0 0 0
nt@synapse_cleft 629 0.00494767865 0.00370039477 0.000203931121 0 0 0
nt@synapse_cleft 630 0.0067275332 0.00934743643 0.00210416953 0 0 0
nt@synapse_cleft 633 -0.0175876091 0.0208182782 0.00595032054 0 0 0
nt@synapse_cleft 634 0.0113372115 -0.00370349785 0.0130842037 0 0 0
nt@synapse_cleft 639 -0.0217846727 -0.033376563 0.00085510917 0 0 0
nt@synapse_cleft 645 -0.0116659697 -0.010510761 0.0186044734 0 0 0
nt@synapse_cleft 647 0.00993625522 0.0319310795 0.000959791329 0 0 0
nt@synapse_cleft 661 -0.0285135861 -0.0163667168 0.0168237766 0 0 0
nt@synapse_cleft 662 -0.00902683535 0.00848217228 0.0113214371 0 0 0
nt@synapse_cleft 664 -0.0125006753 0.0114284977 0.0123146228 0 0 0
nt@synapse_cleft 674 -0.0214176811 0.0127146836 0.00401350375 0 0 0
nt@synapse_cleft 675 0.0172872687 0.00904767641 0.00993023792 0 0 0
nt@synapse_cleft 678 0.016863244 -0.0143478366 0.0113356704 0 0 0
nt@synapse_cleft 679 -0.0281019773 -0.000262744828 0.0136234935 0 0 0
nt@synapse_cleft 681 -0.00814803341 -0.0253409031 0.0131360152 0 0 0
nt@synapse_cleft 684 -0.0217719973 -0.0111912054 0.0101249185 0 0 0
nt@synapse_cleft 689 0.0251287881 0.00546225177 0.0156104845 0 0 0
nt@synapse_cleft 691 0.0184195525 0.00723471578 0.00555712453 0 0 0
nt@synapse_cleft 693 0.0127958073 0.0154597175 0.012489556 0 0 0
nt@synapse_cleft 695 -0.0255726423 0.0271592651 0.0143470389 0 0 0
nt@synapse_cleft 698 0.00299735393 0.0141911388 0.0142582151 0 0 0
nt@synapse_cleft 699 -0.0189541704 -0.0631147447 0.00720503585 0 0 0
nt@synapse_cleft 704 0.0142783404 0.0234229695 0.000236510769 0 0 0
nt@synapse_cleft 710 0.0374788292 -0.00407682551 0.0199291154 0 0 0
nt@synapse_cleft 712 -0.0246429734 -0.0094311249 0.000243510646 0 0 0
nt@synapse_cleft 715 0.0199142074 0.0286833229 0.00717732413 0 0 0
nt@synapse_cleft 720 0.0251523051 -0.0400744985 0.00279789177 0 0 0
nt@synapse_cleft 721 0.00440255405 -0.0161619267 0.00192301389 0 0 0
nt@synapse_cleft 726 -0.0258516483 -0.00462623982 0.00792159001 0 0 0
nt@synapse_cleft 727 -0.00902928877 0.022212288 0.000306261699 0 0 0
nt@synapse_cleft 728 -0.000576274932 0.00440277751 0.00488328275 0 0 0
nt@synapse_cleft 732 0.0277077834 0.0517842927 0.000622957678 0 0 0
nt@synapse_cleft 735 -0.0463003838 0.00936265484 0.00371068381 0 0 0
nt@synapse_cleft 737 0.044812292 0.00571164362 0.00598021533 0 0 0
nt@synapse_cleft 741 0.0189279374 0.00127844467 0.00370257639 0 0 0
nt@synapse_cleft 744 -0.0153969197 0.028356181 0.0106336203 0 0 0
nt@synapse_cleft 746 0.00308841854 0.0130696405 0.000373702639 0 0 0
nt@synapse_cleft 750 0.0263500511 0.0180530992 0.0152967808 0 0 0
nt@synapse_cleft 754 -0.00259032686 -0.018933084 0.0197036257 0 0 0
nt@synapse_cleft 755 0.0182985989 0.0195804849 0.00506956526 0 0 0
nt@synapse_cleft 760 -0.00319120268 -0.0551500099 0.00370850812 0 0 0
nt@synapse_cleft 762 0.00729887959 -0.0134760106 0.0173569031 0 0 0
nt@synapse_cleft 765 -0.0302476705 0.0355051611 0.0168962827 0 0 0
nt@synapse_cleft 768 -0.0212634847 -0.000360774508 0.0156290997 0 0 0
nt@synapse_cleft 769 -0.000167541923 0.0411630862 0.0128689929 0 0 0
nt@synapse_cleft 774 0.00591839763 0.0251374706 0.00945926363 0 0 0
nt@synapse_cleft 777 0.0390548372 -0.0418700278 0.00737782204 0 0 0
nt@synapse_cleft 779 -0.0190518673 0.0162454345 0.00525405917 0 0 0
nt@synapse_cleft 784 0.0150652263 0.00634292255 0.0165393902 0 0 0
nt@synapse_cleft 797 -0.00713063811 0.0371721577 0.00225327553 0 0 0
nt@synapse_cleft 803 -0.0263012875 -0.0376287369 0.0149340295 0 0 0
nt@synapse_cleft 804 0.000209096186 0.0226521056 0.00454559319 0 0 0
nt@synapse_cleft 814 0.0410072112 0.0321606698 0.00150442461 0 0 0
nt@synapse_cleft 816 -0.00040491642 -0.0206847225 0.00513681493 0 0 0
nt@synapse_cleft 817 0.020568555 -0.0155092997 0.0104499559 0 0 0
nt@synapse_cleft 828 0.00984802426 -0.0277454326 0.0162274649 0 0 0
nt@synapse_cleft 831 -0.000786744625 -0.024282984 0.00199315704 0 0 0
nt@synapse_cleft 833 -0.0153421587 -0.00310465184 0.00805286091 0 0 0
nt@synapse_cleft 837 -0.0194858845 -0.0129585387 0.0149809515 0 0 0
nt@synapse_cleft 844 -0.0106834738 0.00846966264 0.0181839695 0 0 0
nt@synapse_cleft 847 0.0215288645 -0.000946259726 0.0107846672 0 0 0
nt@synapse_cleft 850 0.003114169 0.0232655486 0.00117534492 0 0 0
nt@synapse_cleft 854 0.00809156092 0.0329389944 0.00890743327 0 0 0
nt@synapse_cleft 866 0.000229015409 -0.014998541 0.00912585637 0 0 0
nt@synapse_cleft 871 -0.00731692886 0.0127627764 0.0158122688 0 0 0
nt@synapse_cleft 872 0.0232215503 -0.0206574531 0.0187710429 0 0 0
nt@synapse_cleft 877 -0.0425822341 0.0122802284 0.0157653946 0 0 0
nt@synapse_cleft 884 -0.00298586691 0.00817582481 0.0178855783 0 0 0
nt@synapse_cleft 900 0.0175561647 -0.0219473619 0.0180125221 0 0 0
nt@synapse_cleft 904 -0.0376643823 0.01191585 0.00462522247 0 0 0
nt@synapse_cleft 906 -0.0137100874 0.00698361911 0.016591853 0 0 0
nt@synapse_cleft 908 -0.0394292719 0.00752145177 0.00122421435 0 0 0
nt@synapse_cleft 909 0.0257055457 0.00728541009 0.00675142811 0 0 0
nt@synapse_cleft 913 -0.0245387372 -0.000816722675 0.0198580235 0 0 0
nt@synapse_cleft 918 0.0622909815 -0.0062029212 0.0162761681 0 0 0
nt@synapse_cleft 920 0.0185624723 -0.0137879919 0.0160586539 0 0 0
nt@synapse_cleft 924 -0.0360168914 -0.000511163252 0.0119352018 0 0 0
nt@synapse_cleft 925 -0.0282808396 0.0406100977 0.0109362878 0 0 0
nt@synapse_cleft 926 -0.0151836945 -0.0540786504 0.0185999141 0 0 0
nt@synapse_cleft 932 0.0172403028 -0.0453726941 0.00329239378 0 0 0
nt@synapse_cleft 938 -0.0113170068 0.0152263165 0.00161247974 0 0 0
nt@synapse_cleft 940 -0.0498342808 -0.026431425 0.00802709464 0 0 0
nt@synapse_cleft 941 -0.0342229162 0.0458070193 0.0195256596 0 0 0
nt@synapse_cleft 942 0.0172492238 -0.0223285243 0.0041284601 0 0 0
nt@synapse_cleft 943 0.0231885071 -0.0109324736 0.00813786895 0 0 0
nt@synapse_cleft 944 -0.0018457205 -0.0560689067 0.00143657048 0 0 0
nt@synapse_cleft 945 -0.00987115135 0.0263516145 0.000614025428 0 0 0
nt@synapse_cleft 947 -0.0219790046 0.0107745081 0.0127553273 0 0 0
nt@synapse_cleft 953 -0.0436527089 0.0197915546 0.0147611987 0 0 0
nt@synapse_cleft 954 0.0118790491 -0.00931479626 0.00520452217 0 0 0
nt@synapse_cleft 957 0.0478579251 -0.0263851311 0.00690809856 0 0 0
nt@synapse_cleft 960 -0.0253254189 0.029090326 0.0082661003 0 0 0
nt@synapse_cleft 961 -0.0262375575 -0.00422524867 0.0128914954 0 0 0
nt@synapse_cleft 967 0.0403186629 -0.00202067811 0.0124190682 0 0 0
nt@synapse_cleft 976 -0.0242527295 0.0195508424 0.0170306436 0 0 0
nt@synapse_cleft 978 -0.0419314283 -0.0175416826 0.0103544997 0 0 0
nt@synapse_cleft 991 0.0294717763 -0.00604888513 0.0196074911 0 0 0
nt@synapse_cleft 992 0.023904724 0.00683714508 0.00244630207 0 0 0
nt@synapse_cleft 994 -0.0341975973 -0.0115387224 0.00954224433 0 0 0
nt@synapse_cleft 998 0.000309126096 0.00105374494 0.00198617949 0 0 0
nt@synapse_cleft 999 0.0443395724 -0.0395405534 0.00217992502 0 0 0
nt@synapse_cleft 1002 0.0144173052 0.0492205328 0.00328193145 0 0 0
nt@synapse_cleft 1004 -0.0148741436 0.00820494484 0.0037101455 0 0 0
nt@synapse_cleft 1011 0.0244603932 0.0200291419 0.0124209815 0 0 0
nt@synapse_cleft 1013 -0.0331086854 0.0396255956 0.0149291474 0 0 0
nt@synapse_cleft 1016 -0.0306968731 0.0172005314 0.0142730844 0 0 0
nt@synapse_cleft 1018 -0.00364834055 -0.0245526241 0.00955340251 0 0 0
nt@synapse_cleft 1024 -0.0384113909 -0.0131980182 0.0149907163 0 0 0
nt@synapse_cleft 1025 -0.00451219099 -0.0352508197 0.00128515247 0 0 0
nt@synapse_cleft 1027 0.0149954034 0.0337520453 0.0146264909 0 0 0
nt@synapse_cleft 1035 -0.0270129274 -0.0189307782 0.0159811916 0 0 0
nt@synapse_cleft 1047 0.0234246545 -0.0459785282 0.000376371646 0 0 0
nt@synapse_cleft 1048 -4.66607443e-05 -0.0468661637 0.00218380907 0 0 0
nt@synapse_cleft 1050 0.00354083479 -0.0472222744 0.0186954994 0 0 0
nt@synapse_cleft 1056 -0.00621818247 0.0622082744 0.000784032595 0 0 0
nt@synapse_cleft 1062 0.0421079855 -0.00947310647 0.0137958735 0 0 0
nt@synapse_cleft 1077 -0.0292678027 -0.0130128869 0.0152893555 0 0 0
nt@synapse_cleft 1080 -0.02763402 0.0186404225 0.0123470063 0 0 0
nt@synapse_cleft 1088 -0.0436376475 -0.00686058777 0.0177835361 0 0 0
nt@synapse_cleft 1092 -0.0166349883 -0.0110377546 0.0093073871 0 0 0
nt@synapse_cleft 1102 -0.0177326503 -0.0199176308 0.0154204782 0 0 0
nt@synapse_cleft 1107 -0.00860470501 0.00520247913 0.0122145889 0 0 0
nt@synapse_cleft 1108 0.0153516945 0.0316387118 0.000133742584 0 0 0
nt@synapse_cleft 1110 0.0225343601 0.0161554751 0.0135228956 0 0 0
nt@synapse_cleft 1113 -0.0143960584 0.0145724077 0.000818281443 0 0 0
nt@synapse_cleft 1114 0.0150767899 -0.0238899151 0.00284666288 0 0 0
nt@synapse_cleft 1121 0.000332397143 0.0433962148 0.000580376175 0 0 0
nt@synapse_cleft 1127 -0.0106851295 0.00346005265 0.00459944863 0 0 0
nt@synapse_cleft 1130 0.0313496596 -0.0218685984 0.00814125677 0 0 0
nt@synapse_cleft 1136 -0.00904923339 -0.0586828914 0.00917164205 0 0 0
nt@synapse_cleft 1138 0.0174467173 0.00574288004 0.01502112 0 0 0
nt@synapse_cleft 1140 0.00830117287 -0.0310987375 0.0162469931 0 0 0
nt@synapse_cleft 1144 -0.0134446023 -0.00985599543 0.0121942826 0 0 0
nt@synapse_cleft 1145 0.0658282977 -0.0156145832 0.0176353514 0 0 0
nt@synapse_cleft 1149 -0.0237878387 -0.0013360868 0.00914790903 0 0 0
nt@synapse_cleft 1152 0.022333891 -0.0024936183 0.0141709767 0 0 0
nt@synapse_cleft 1157 0.0338999289 -0.0505529025 0.0164269697 0 0 0
nt@synapse_cleft 1165 0.0187368686 0.0305688302 0.00102228396 0 0 0
nt@synapse_cleft 1166 -0.0113520111 0.00488711291 0.00843829308 0 0 0
nt@synapse_cleft 1167 0.0369437275 0.0321571532 0.0101230156 0 0 0
nt@synapse_cleft 1172 -0.00637471618 0.000651279409 0.00805943433 0 0 0
nt@synapse_cleft 1177 -0.00641550928 0.073793079 0.00487951547 0 0 0
nt@synapse_cleft 1179 0.00104891756 -0.0213634854 0.00187285722 0 0 0
nt@synapse_cleft 1186 -0.0622071191 0.00122438721 0.00723367006 0 0 0
nt@synapse_cleft 1188 0.0203162237 -0.0422203425 0.00349790644 0 0 0
nt@synapse_cleft 1192 0.0155714121 -0.0118243466 0.0196453276 0 0 0
nt@synapse_cleft 1193 -0.028409285 -0.00733805912 0.0088276038 0 0 0
nt@synapse_cleft 1200 -0.0137644078 0.0198955829 0.0144633622 0 0 0
nt@synapse_cleft 1203 0.0031068039 0.00443716105 0.00821290604 0 0 0
nt@synapse_cleft 1204 0.00488687137 0.00476038554 0.00924807979 0 0 0
nt@synapse_cleft 1205 -0.0310152981 -0.0186021751 0.0157582289 0 0 0
nt@synapse_cleft 1206 -0.0337981185 -0.00275268891 0.011781262 0 0 0
nt@synapse_cleft 1218 -0.00948497045 0.0253318015 0.0164288009 0 0 0
nt@synapse_cleft 1219 0.00180809969 0.00990200609 0.014444008 0 0 0
nt@synapse_cleft 1237 -0.017057097 -0.0327266407 0.00902035214 0 0 0
nt@synapse_cleft 1238 -0.0619891927 -0.0291135242 0.0182777518 0 0 0
nt@synapse_cleft 1243 -0.0176262968 -0.00119174218 0.00763477528 0 0 0
nt@synapse_cleft 1248 0.00369285681 0.0455660474 0.0131268005 0 0 0
nt@synapse_cleft 1251 -0.0315339301 0.0110387024 0.0198527612 0 0 0
nt@synapse_cleft 1252 -0.0352325429 0.00175967958 0.0044900895 0 0 0
nt@synapse_cleft 1254 -0.0241460713 0.0253014219 0.00905279277 0 0 0
nt@synapse_cleft 1270 0.0396221197 0.00653951064 0.00841046392 0 0 0
nt@synapse_cleft 1275 -0.0150721043 0.0118257871 0.00798651613 0 0 0
nt@synapse_cleft 1289 0.0414084516 -0.0108111251 0.000484289892 0 0 0
nt@synapse_cleft 1298 -0.00601880001 -0.0169212792 0.0030712561 0 0 0
nt@synapse_cleft 1302 -0.00947043026 0.0309075137 0.00369636129 0 0 0
nt@synapse_cleft 1311 0.0130564104 -0.0116518944 0.0127808139 0 0 0
nt@synapse_cleft 1316 -0.0286827469 -0.0332197763 0.0124261655 0 0 0
nt@synapse_cleft 1326 0.0240268425 0.0145325916 0.00505861449 0 0 0
nt@synapse_cleft 1328 0.014045244 0.00539855061 0.0104329094 0 0 0
nt@synapse_cleft 1333 -0.019282731 0.0292244663 0.00902565832 0 0 0
nt@synapse_cleft 1338 -0.013750146 0.0135705366 0.00807744583 0 0 0
nt@synapse_cleft 1343 0.0124026313 0.0102862549 0.0175296269 0 0 0
nt@synapse_cleft 1347 -0.0419459146 -0.0163369499 0.0160191313 0 0 0
nt@synapse_cleft 1348 0.0385684184 -0.0422546036 0.0189809996 0 0 0
nt@synapse_cleft 1349 -0.0131330548 -0.00789932676 0.0100821668 0 0 0
nt@synapse_cleft 1351 0.0409710624 -0.0308546159 0.00156273265 0 0 0
nt@synapse_cleft 1359 -0.0189800629 -0.0155127502 0.0121217891 0 0 0
nt@synapse_cleft 1361 -0.00656168059 -0.0550813459 0.00200190975 0 0 0
nt@synapse_cleft 1366 0.0240529875 -0.00428068844 0.0133090805 0 0 0
nt@synapse_cleft 1368 0.0307773647 0.0119690126 0.00381106623 0 0 0
nt@synapse_cleft 1372 -0.0212341512 0.0508163361 0.00545166208 0 0 0
nt@synapse_cleft 1380 -0.00805638071 0.0106532303 0.00489843556 0 0 0
nt@synapse_cleft 1381 0.0158027653 -0.052875706 0.0162054233 0 0 0
nt@synapse_cleft 1382 0.0184670642 0.0155427627 0.0025952332 0 0 0
nt@synapse_cleft 1384 -0.0436934776 -0.015379592 0.00822828539 0 0 0
nt@synapse_cleft 1390 0.0403977722 -0.00366457468 0.00162639466 0 0 0
nt@synapse_cleft 1393 -0.0343831029 0.033007582 0.00450187477 0 0 0
nt@synapse_cleft 1394 0.0210970124 0.0232839201 0.0154950357 0 0 0
nt@synapse_cleft 1397 0.030236148 0.0246788974 0.0128332966 0 0 0
nt@synapse_cleft 1400 -0.0309913889 0.0132473743 0.00778163795 0 0 0
nt@synapse_cleft 1403 0.00606358034 -0.00121979478 0.0170234046 0 0 0
nt@synapse_cleft 1406 0.0575447154 -0.0269972794 0.00568995721 0 0 0
nt@synapse_cleft 1408 -0.0174988633 -0.0140670474 0.0109900641 0 0 0
nt@synapse_cleft 1411 0.00760844886 0.0101101946 0.01769356 0 0 0
nt@synapse_cleft 1416 -0.00889741467 0.0243906411 0.00411870234 0 0 0
nt@synapse_cleft 1419 0.00369410775 -0.0209564029 0.0101603821 0 0 0
nt@synapse_cleft 1425 0.0024040356 -0.0398248526 0.0120624662 0 0 0
nt@synapse_cleft 1427 -0.0294800236 -0.00893381443 0.0177713444 0 0 0
nt@synapse_cleft 1434 0.013181836 0.017867014 0.0150413469 0 0 0
nt@synapse_cleft 1438 -0.0115596333 -0.0272302865 0.00503297657 0 0 0
nt@synapse_cleft 1440 0.00544482119 0.0225924947 0.00284491118 0 0 0
nt@synapse_cleft 1441 -0.0313100372 0.0138043277 0.000849281531 0 0 0
nt@synapse_cleft 1442 -0.000604494832 0.0306424698 0.0194025677 0 0 0
nt@synapse_cleft 1444 -0.0249671436 -0.00750525817 0.00881698027 0 0 0
nt@synapse_cleft 1446 -0.0174870414 -0.0302840879 0.00393451277 0 0 0
nt@synapse_cleft 1449 -0.0321904573 -0.000316932012 0.00343684592 0 0 0
nt@synapse_cleft 1452 -0.0276583115 -0.02658355 0.00189563212 0 0 0
nt@synapse_cleft 1454 -0.0178411342 0.00528528055 0.01024667 0 0 0
nt@synapse_cleft 1455 -0.0264052005 0.0130064376 0.0175515168 0 0 0
nt@synapse_cleft 1464 -0.052618413 0.0134805445 0.012357341 0 0 0
nt@synapse_cleft 1470 -0.0657186702 -0.0299118188 0.0186192474 0 0 0
nt@synapse_cleft 1472 -0.0452226908 -0.00889250831 0.00858595537 0 0 0
nt@synapse_cleft 1473 0.00672178083 -0.00953621808 0.0150828485 0 0 0
nt@synapse_cleft 1479 -0.0124242385 0.027712277 0.0184421174 0 0 0
nt@synapse_cleft 1481 0.0211327644 0.00239612148 0.0197358804 0 0 0
nt@synapse_cleft 1484 -0.00663737407 0.0127881127 0.0139268514 0 0 0
nt@synapse_cleft 1485 -0.0168859288 -0.00261719089 0.0122302584 0 0 0
nt@synapse_cleft 1487 -0.0187149571 -0.0358050587 0.00100457031 0 0 0
nt@synapse_cleft 1488 0.0268841718 -0.00317166765 0.00191699071 0 0 0
nt@synapse_cleft 1494 0.00389785219 0.015089442 0.0192426598 0 0 0
nt@synapse_cleft 1496 -0.000196102843 0.0256865169 0.0199126762 0 0 0
nt@synapse_cleft 1506 0.0269921398 0.00294936064 0.011644625 0 0 0
nt@synapse_cleft 1507 0.00855538018 0.00214227664 0.00669482158 0 0 0
nt@synapse_cleft 1508 0.022450937 0.0105199594 0.00965282401 0 0 0
nt@synapse_cleft 1512 0.0038318658 -0.0082348204 0.00520635181 0 0 0
nt@synapse_cleft 1519 -0.00367160799 -0.00613797499 0.014770819 0 0 0
nt@synapse_cleft 1527 -0.00960264336 0.0423327275 0.00844162882 0 0 0
nt@synapse_cleft 1528 -0.0393750832 -0.00260147019 0.0116075085 0 0 0
nt@synapse_cleft 1531 -0.00172660556 0.0244045475 0.0131363991 0 0 0
nt@synapse_cleft 1538 0.00532610878 0.0188805689 0.0186991746 0 0 0
nt@synapse_cleft 1542 -0.011010985 0.0251523161 0.0097239002 0 0 0
nt@synapse_cleft 1545 0.00358650151 0.00208544928 0.0131765512 0 0 0
nt@synapse_cleft 1548 -0.0318529045 -0.026519191 0.00904907886 0 0 0
nt@synapse_cleft 1553 0.0579378394 0.0140171587 0.000844022953 0 0 0
nt@synapse_cleft 1554 0.0187967688 0.00865233312 0.00133442577 0 0 0
nt@synapse_cleft 1561 -0.00169818745 -0.0540320936 0.00464366683 0 0 0
nt@synapse_cleft 1565 -0.00739792345 -0.00298015347 0.0149323991 0 0 0
nt@synapse_cleft 1571 -0.0138124001 -0.00203017691 0.0121004809 0 0 0
nt@synapse_cleft 1573 0.0157330313 0.0294893974 0.00454946847 0 0 0
nt@synapse_cleft 1588 0.0045665699 -0.0174580166 0.0180553944 0 0 0
nt@synapse_cleft 1592 0.00414944587 -0.0205364627 0.0012009167 0 0 0
nt@synapse_cleft 1597 0.00623712888 0.0331487872 0.0067637394 0 0 0
nt@synapse_cleft 1600 0.0210183179 -0.0291824094 0.00347025244 0 0 0
nt@synapse_cleft 1605 0.0182439865 0.000568751956 0.0116146443 0 0 0
nt@synapse_cleft 1606 -0.0371443861 0.00833469728 0.00761816282 0 0 0
nt@synapse_cleft 1611 -0.00484845054 -0.0272259899 0.00156867303 0 0 0
nt@synapse_cleft 1612 -0.0167702401 -0.0162927206 0.00842017836 0 0 0
nt@synapse_cleft 1617 0.0137243296 -0.0279824147 0.00653587014 0 0 0
nt@synapse_cleft 1619 0.0150748148 -0.00278660691 0.0178069932 0 0 0
nt@synapse_cleft 1628 0.0149134911 0.0390235615 0.0110908257 0 0 0
nt@synapse_cleft 1635 0.0170688281 -0.0112013108 0.00557781438 0 0 0
nt@synapse_cleft 1641 0.0326122349 0.0137611213 0.0128526281 0 0 0
nt@synapse_cleft 1642 0.0242396644 -0.0256854083 0.012351072 0 0 0
nt@synapse_cleft 1655 0.00404321137 0.0177547911 0.00266144448 0 0 0
nt@synapse_cleft 1658 0.0189521076 0.040970615 0.0132801302 0 0 0
nt@synapse_cleft 1660 0.0180095409 0.0189378152 0.00881725742 0 0 0
nt@synapse_cleft 1675 -0.0268982185 -0.0100660374 0.0155879602 0 0 0
nt@synapse_cleft 1678 0.00468242962 -0.0152453711 0.00415709845 0 0 0
nt@synapse_cleft 1681 -0.021354168 0.00325299285 0.00510760176 0 0 0
nt@synapse_cleft 1684 0.00379527179 -0.0347095994 0.00513159436 0 0 0
nt@synapse_cleft 1686 -0.00555703161 0.0119292682 0.0163756534 0 0 0
nt@synapse_cleft 1687 -0.033982796 -0.0274999441 0.000841065846 0 0 0
nt@synapse_cleft 1689 0.0109558642 0.0147713325 0.00578724994 0 0 0
nt@synapse_cleft 1692 -0.0184413366 0.0194358498 0.0113859684 0 0 0
nt@synapse_cleft 1695 0.0161658766 -0.0135020882 0.00497243041 0 0 0
nt@synapse_cleft 1701 -0.000156045868 0.0115344091 0.0160921714 0 0 0
nt@synapse_cleft 1707 -0.024949385 -0.00790664913 0.0125885456 0 0 0
nt@synapse_cleft 1708 -0.0387953038 0.0115163003 0.00151857058 0 0 0
nt@synapse_cleft 1715 0.00700314773 0.00309348464 0.0197993084 0 0 0
nt@synapse_cleft 1721 -0.000108618352 -0.031057001 0.0113812557 0 0 0
nt@synapse_cleft 1725 0.0314955223 -0.00482372666 0.00512901956 0 0 0
nt@synapse_cleft 1729 0.0100617242 -0.01218722 0.0102222659 0 0 0
nt@synapse_cleft 1736 0.0264664792 0.00969200327 0.0130492813 0 0 0
nt@synapse_cleft 1741 0.00446702531 -0.0209578028 0.0138281203 0 0 0
nt@synapse_cleft 1742 0.0121243247 -0.0469891822 0.00784069731 0 0 0
nt@synapse_cleft 1743 0.0391303461 0.0362197165 0.0174863651 0 0 0
nt@synapse_cleft 1745 -0.0403339654 0.0274027226 0.000834003117 0 0 0
nt@synapse_cleft 1746 0.0106197178 -0.0145934887 0.0192276241 0 0 0
nt@synapse_cleft 1748 0.0555688936 0.0127779546 0.00854132865 0 0 0
nt@synapse_cleft 1749 0.00131005023 -0.000952762389 0.00278952619 0 0 0
nt@synapse_cleft 1751 0.0370499665 0.0200590573 0.0137284339 0 0 0
nt@synapse_cleft 1759 -0.0113016838 -0.0105356747 0.0151145712 0 0 0
nt@synapse_cleft 1761 -0.022461693 0.00854362068 0.0128228468 0 0 0
nt@synapse_cleft 1762 -0.0209193773 -0.0285348324 0.01427409 0 0 0
nt@synapse_cleft 1768 0.00880749945 -0.0221420856 0.0142047079 0 0 0
nt@synapse_cleft 1775 -0.00738681502 -0.00293829264 0.00437892153 0 0 0
nt@synapse_cleft 1778 0.0491318572 -0.0535824757 0.0150356051 0 0 0
nt@synapse_cleft 1781 -0.0169990322 0.039034662 0.00430147596 0 0 0
nt@synapse_cleft 1793 0.0140077042 0.0349982043 0.0166724264 0 0 0
nt@synapse_cleft 1795 0.0264385741 -0.0107179073 0.0168946758 0 0 0
nt@synapse_cleft 1799 -0.0290048247 0.00278587156 0.00637066583 0 0 0
nt@synapse_cleft 1804 0.0122805211 0.00732548531 0.0166177829 0 0 0
nt@synapse_cleft 1805 -0.0122398813 0.00229154268 0.0198591497 0 0 0
nt@synapse_cleft 1806 -0.0111613604 0.00839154907 0.0104445483 0 0 0
nt@synapse_cleft 1810 -0.0528256683 -0.0459087108 0.0173991805 0 0 0
nt@synapse_cleft 1811 -4.69107096e-05 0.00974645406 0.00616411948 0 0 0
nt@synapse_cleft 1812 -0.00152615815 0.0530620753 0.0155966537 0 0 0
nt@synapse_cleft 1815 -0.00410148377 0.0128195197 0.0102259663 0 0 0
nt@synapse_cleft 1824 0.016320631 -0.00145876899 0.00109946936 0 0 0
nt@synapse_cleft 1826 0.0270950217 -0.0169944511 0.0181751671 0 0 0
nt@synapse_cleft 1829 0.0442543424 -0.0210539812 0.0126015895 0 0 0
nt@synapse_cleft 1830 -0.035592687 -0.0160075187 0.0119161376 0 0 0
nt@synapse_cleft 1837 -0.0345894043 -0.0113751094 0.0127207577 0 0 0
nt@synapse_cleft 1838 -0.0101139003 -0.0350887209 0.00818304589 0 0 0
nt@synapse_cleft 1843 0.0364678913 -0.00695697289 0.00761191271 0 0 0
nt@synapse_cleft 1846 -0.0217663609 0.00512289727 0.0102109693 0 0 0
nt@synapse_cleft 1849 0.0438898065 0.00526371683 0.00762377755 0 0 0
nt@synapse_cleft 1853 0.0652385961 -0.0194359901 0.00773254616 0 0 0
nt@synapse_cleft 1854 0.00416785909 -0.0129974583 0.00656657066 0 0 0
nt@synapse_cleft 1855 -0.0237497602 0.0109837631 0.00764597723 0 0 0
nt@synapse_cleft 1856 0.0187100605 -0.0141207034 0.00897968552 0 0 0
nt@synapse_cleft 1864 -0.00377266337 -0.0204208394 0.0123643259 0 0 0
nt@synapse_cleft 1868 -0.0212430694 0.000995351577 0.0127227211 0 0 0
nt@synapse_cleft 1872 0.00233291215 -0.00813944753 0.0140739034 0 0 0
nt@synapse_cleft 1873 -0.0593701669 -0.00112130773 0.000585227267 0 0 0
nt@synapse_cleft 1875 -0.0285774187 0.0155063125 0.00396441007 0 0 0
nt@synapse_cleft 1877 0.000916262228 0.0252614484 0.0184552436 0 0 0
nt@synapse_cleft 1879 0.0585924468 -0.0562027511 0.0147020311 0 0 0
nt@synapse_cleft 1880 -0.0208798197 -0.0224670636 0.00626006057 0 0 0
nt@synapse_cleft 1883 0.0107416913 0.019107552 0.0191460818 0 0 0
nt@synapse_cleft 1885 -0.00750507663 0.000872834498 0.00775768686 0 0 0
nt@synapse_cleft 1887 -0.00485044969 0.0319806102 0.00115656061 0 0 0
nt@synapse_cleft 1892 -0.00253558313 0.00786130277 0.00487510074 0 0 0
nt@synapse_cleft 1894 -0.00881395086 0.0154628755 0.0169537473 0 0 0
nt@synapse_cleft 1896 0.0285584971 -0.00700386999 0.00804230217 0 0 0
nt@synapse_cleft 1900 -0.00853317927 -0.013315455 0.000761476145 0 0 0
nt@synapse_cleft 1904 -0.0350783424 0.0418137566 0.00778910281 0 0 0
nt@synapse_cleft 1914 0.00659025735 0.0142136368 0.000400891879 0 0 0
nt@synapse_cleft 1918 -0.0134254396 0.0566048927 0.0107292697 0 0 0
nt@synapse_cleft 1921 -0.000651370004 -0.0179957736 0.0112676566 0 0 0
nt@synapse_cleft 1923 -0.0128092969 0.0246517836 0.0166103442 0 0 0
nt@synapse_cleft 1925 0.00318194283 0.0261520296 0.0146201448 0 0 0
nt@synapse_cleft 1926 0.0129998159 -0.00860404382 0.017000479 0 0 0
nt@synapse_cleft 1932 0.0125980762 -0.0126823503 0.0170356933 0 0 0
nt@synapse_cleft 1942 0.0267046895 -0.0280981292 0.00231625224 0 0 0
nt@synapse_cleft 1944 -0.000646755833 0.0168602572 0.0125334405 0 0 0
nt@synapse_cleft 1946 -0.0185764443 -0.00454405582 0.00237020517 0 0 0
nt@synapse_cleft 1953 -0.0257467225 -0.0165119768 0.00666310819 0 0 0
nt@synapse_cleft 1961 0.0336076659 0.0183893926 0.00845877334 0 0 0
nt@synapse_cleft 1964 -0.00908551672 -0.00480748227 0.00578657764 0 0 0
nt@synapse_cleft 1967 0.0231575929 -0.0290619983 0.0120052703 0 0 0
nt@synapse_cleft 1970 -0.0193072248 -0.0391336279 0.00787362147 0 0 0
nt@synapse_cleft 1973 0.0294682858 0.0343575001 0.01317857 0 0 0
nt@synapse_cleft 1976 -0.0305466763 -0.016852618 0.00384853453 0 0 0
nt@synapse_cleft 1980 -0.0163088034 -0.0233633814 0.00410123896 0 0 0
nt@synapse_cleft 1984 -0.0518357063 -0.0148665905 0.00226662665 0 0 0
nt@synapse_cleft 1989 -0.0189738087 0.010197362 0.0137491435 0 0 0
nt@synapse_cleft 1990 0.0237919719 0.0240371277 0.00381070496 0 0 0
nt@synapse_cleft 1993 -0.000200578963 -0.0190507197 0.0180219756 0 0 0
nt@synapse_cleft 1997 0.00561483073 0.0171888045 0.0122058651 0 0 0
nt@synapse_cleft 2004 -0.0167793659 0.00788950286 0.0186448104 0 0 0
nt@synapse_cleft 2007 0.00551254977 0.00900604172 0.0197520622 0 0 0
nt@synapse_cleft 2008 0.0237576316 0.00703689261 0.0105681468 0 0 0
nt@synapse_cleft 2013 -0.0132497179 -0.00334738405 0.0056779781 0 0 0
nt@synapse_cleft 2014 0.0181586152 0.0152705984 0.0151354935 0 0 0
nt@synapse_cleft 2019 0.0176534105 -0.00988615902 0.016701408 0 0 0
nt@synapse_cleft 2026 0.0575836973 0.000993804697 0.00944415473 0 0 0
nt@synapse_cleft 2027 -0.00783945377 -0.0242942291 0.0033357631 0 0 0
nt@synapse_cleft 2032 -0.0242615152 -0.00605963783 0.014679174 0 0 0
nt@synapse_cleft 2035 0.0516826832 0.0171781063 0.00256551693 0 0 0
nt@synapse_cleft 2036 0.0490928367 -0.032280896 0.0147887158 0 0 0
nt@synapse_cleft 2039 0.0339981152 0.0109596855 0.019272387 0 0 0
nt@synapse_cleft 2041 0.0343184304 -0.00343661891 0.0116512936 0 0 0
nt@synapse_cleft 2044 0.015549034 -0.0218485654 0.00942513915 0 0 0
nt@synapse_cleft 2052 0.00224209241 -0.0155039812 0.0170439331 0 0 0
nt@synapse_cleft 2058 -0.00635954543 -0.0351373879 0.0118038195 0 0 0
nt@synapse_cleft 2061 0.017189167 -0.00161894133 0.0037922738 0 0 0
nt@synapse_cleft 2064 0.0224070353 0.0260461949 0.00302363033 0 0 0
nt@synapse_cleft 2091 -0.0153646343 0.0230467334 0.0115815232 0 0 0
nt@synapse_cleft 2092 0.0172713139 0.0308621227 0.00573382568 0 0 0
nt@synapse_cleft 2094 -0.010720171 -0.00177206113 0.0161072356 0 0 0
nt@synapse_cleft 2096 -0.0129856255 -0.00657860492 0.0010151855 0 0 0
nt@synapse_cleft 2101 -0.00864954772 -0.0150771581 0.00525338423 0 0 0
nt@synapse_cleft 2104 0.0215713982 0.00425628969 0.00589819043 0 0 0
nt@synapse_cleft 2112 -0.0158947409 -0.024764987 0.0055858381 0 0 0
nt@synapse_cleft 2115 -0.0244992407 0.00656712187 0.0143620222 0 0 0
nt@synapse_cleft 2124 0.00128928633 0.0430541533 0.00776496465 0 0 0
nt@synapse_cleft 2127 0.0168333938 0.0107430791 0.00522990735 0 0 0
nt@synapse_cleft 2133 0.0117146342 -0.0063346874 0.0071908207 0 0 0
nt@synapse_cleft 2137 -0.0347978442 0.0526929595 0.00461105325 0 0 0
nt@synapse_cleft 2148 0.0298340127 -0.0564205732 0.00577613673 0 0 0
nt@synapse_cleft 2156 0.0354161187 -0.0274687001 0.0168447391 0 0 0
nt@synapse_cleft 2162 -0.0134907735 0.0168808836 0.0137356342 0 0 0
nt@synapse_cleft 2163 0.0166606405 -0.000453188616 0.0195009416 0 0 0
nt@synapse_cleft 2170 0.0159114836 0.0032051598 0.0147660171 0 0 0
nt@synapse_cleft 2177 -0.0108562659 -0.0335747424 0.00275279542 0 0 0
nt@synapse_cleft 2185 -0.0116538014 -0.0118529747 0.00890379087 0 0 0
nt@synapse_cleft 2187 -0.0147152556 0.00340227354 0.00677943798 0 0 0
nt@synapse_cleft 2188 -0.00405240438 0.0389884963 0.0071158625 0 0 0
nt@synapse_cleft 2199 0.00343791893 -0.0236420468 0.00273379537 0 0 0
nt@synapse_cleft 2204 -0.0344462463 0.00124461563 0.0181701774 0 0 0
nt@synapse_cleft 2206 -0.0162186642 -0.0134080282 0.0133241983 0 0 0
nt@synapse_cleft 2207 0.0314953966 0.0091904723 0.0149015731 0 0 0
nt@synapse_cleft 2217 0.0201281516 -0.0387178863 0.00463794898 0 0 0
nt@synapse_cleft 2218 0.0136743017 0.0118254899 0.0185605414 0 0 0
nt@synapse_cleft 2223 -0.0207161488 0.0181620925 0.00240074659 0 0 0
nt@synapse_cleft 2228 -0.00769845853 0.0105120706 0.00889883228 0 0 0
nt@synapse_cleft 2235 -0.00569568709 -0.0143155477 0.0123436733 0 0 0
nt@synapse_cleft 2236 0.00201427255 0.0181964765 0.013972667 0 0 0
nt@synapse_cleft 2248 -0.031317156 -0.00189250136 0.00344388081 0 0 0
nt@synapse_cleft 2251 -0.00440005981 0.000276581085 0.0140506878 0 0 0
nt@synapse_cleft 2254 -0.00800783019 -0.0202682274 0.0186402243 0 0 0
nt@synapse_cleft 2257 -0.00122245263 -0.00330702248 0.00222276162 0 0 0
nt@synapse_cleft 2262 -0.00413103608 0.0353300301 0.0146381316 0 0 0
nt@synapse_cleft 2265 0.0328898196 0.0232573934 0.000124846598 0 0 0
nt@synapse_cleft 2269 -0.0335709856 0.021420137 0.00739900734 0 0 0
nt@synapse_cleft 2271 -0.0626534297 0.0220022514 0.00363063858 0 0 0
nt@synapse_cleft 2274 -0.0139343316 0.042421541 0.00287595334 0 0 0
nt@synapse_cleft 2278 0.0244068334 0.0345873406 0.00814452714 0 0 0
nt@synapse_cleft 2279 -0.00968349063 0.0119960954 0.0104146981 0 0 0
nt@synapse_cleft 2283 0.0326738682 -0.0251179981 0.00755213577 0 0 0
nt@synapse_cleft 2284 0.0271552271 -0.00177211632 0.0129587527 0 0 0
nt@synapse_cleft 2285 -0.0205652046 -0.0132402357 0.0160640248 0 0 0
nt@synapse_cleft 2289 0.00921074168 -0.00296421664 0.00370303928 0 0 0
nt@synapse_cleft 2292 -0.00920804288 0.00139267031 0.0161948412 0 0 0
nt@synapse_cleft 2298 -0.0379900459 -0.023472631 0.013947517 0 0 0
nt@synapse_cleft 2306 -0.00044575711 -0.0487254137 0.0116054319 0 0 0
nt@synapse_cleft 2308 -0.0367422794 0.0108383405 0.00274320953 0 0 0
nt@synapse_cleft 2309 -0.00651313959 -0.00580648269 0.0110513175 0 0 0
nt@synapse_cleft 2314 -0.00618842523 -0.029109028 0.0106244903 0 0 0
nt@synapse_cleft 2317 0.0349429589 0.00436406582 0.00584058771 0 0 0
nt@synapse_cleft 2320 0.023706891 -0.0280393871 0.00217729442 0 0 0
nt@synapse_cleft 2321 0.047375245 0.00663556146 0.00196754189 0 0 0
nt@synapse_cleft 2326 0.0214309631 0.0213654355 0.00383347753 0 0 0
nt@synapse_cleft 2327 -0.0313226757 -0.0379368051 0.0139142752 0 0 0
nt@synapse_cleft 2330 -0.0363738689 0.0129438665 0.011537096 0 0 0
nt@synapse_cleft 2332 -0.0197809776 -0.00514113072 0.0174361481 0 0 0
nt@synapse_cleft 2343 0.00348933217 0.00242435831 0.00755410789 0 0 0
nt@synapse_cleft 2349 0.0365801497 -0.00165789744 0.00942999009 0 0 0
nt@synapse_cleft 2367 -0.0220054196 -0.0402223333 0.0117808368 0 0 0
nt@synapse_cleft 2369 -0.0110719534 -0.00252839351 0.00855695 0 0 0
nt@synapse_cleft 2383 0.017369194 -0.0383869712 0.016126755 0 0 0
nt@synapse_cleft 2386 -0.0121383811 -0.01712065 0.00524449716 0 0 0
nt@synapse_cleft 2389 -0.00343243336 -0.0240135638 0.00508528116 0 0 0
nt@synapse_cleft 2397 0.00839252116 -0.0539059659 0.0173157103 0 0 0
nt@synapse_cleft 2400 -0.0250823003 -0.0420980238 0.0132846868 0 0 0
nt@synapse_cleft 2410 0.022210415 0.00412839025 0.0180794599 0 0 0
nt@synapse_cleft 2411 0.0162929959 -0.0479196724 0.000572219328 0 0 0
nt@synapse_cleft 2412 -0.00449415165 0.0159500144 0.0140648732 0 0 0
nt@synapse_cleft 2417 -0.0166038149 0.0103075137 0.015513151 0 0 0
nt@synapse_cleft 2421 -0.00657201986 0.0243778251 0.00696446074 0 0 0
nt@synapse_cleft 2423 0.0160369852 -0.0409800858 0.00153547708 0 0 0
nt@synapse_cleft 2437 0.0297743068 0.0135620069 0.011562117 0 0 0
nt@synapse_cleft 2438 0.00344451579 -0.0425356862 0.00500010088 0 0 0
nt@synapse_cleft 2440 -0.0300528262 -0.0264459149 0.0121984896 0 0 0
nt@synapse_cleft 2448 0.00592481549 -8.89357559e-05 0.0108803969 0 0 0
nt@synapse_cleft 2456 -0.0222063996 -0.00768529532 0.013985018 0 0 0
nt@synapse_cleft 2459 -0.00263539414 0.0467192836 0.00283423057 0 0 0
nt@synapse_cleft 2462 -0.0131168351 0.0471879686 0.00627511288 0 0 0
nt@synapse_cleft 2468 -0.0554332738 -0.0164539632 0.0153211749 0 0 0
nt@synapse_cleft 2472 0.0504462754 -0.0513659549 0.0183792921 0 0 0
nt@synapse_cleft 2480 -0.0102463586 -0.0201503875 0.0051200532 0 0 0
nt@synapse_cleft 2481 -0.0239777194 -0.0114082704 0.0050268486 0 0 0
nt@synapse_cleft 2483 0.0357173074 0.0235854506 0.0189658892 0 0 0
nt@synapse_cleft 2491 0.00881451536 0.00573210853 0.018358329 0 0 0
nt@synapse_cleft 2493 0.021678215 -0.0450770181 0.000361554229 0 0 0
nt@synapse_cleft 2498 0.0155917812 -0.0184587205 0.00108245728 0 0 0
nt@synapse_cleft 2501 0.00149081632 0.0084608033 0.00234072869 0 0 0
nt@synapse_cleft 2502 0.013963478 -0.0354821674 0.0176313956 0 0 0
nt@synapse_cleft 2509 -0.00497758213 -0.0214424318 0.0184173565 0 0 0
nt@synapse_cleft 2510 -0.00051426174 0.00381291599 0.0115238304 0 0 0
nt@synapse_cleft 2513 0.0012729866 0.00434104583 0.00789515861 0 0 0
nt@synapse_cleft 2517 0.000891723353 -0.00609099489 0.0196650198 0 0 0
nt@synapse_cleft 2520 0.0228990842 0.0196460224 0.0120836009 0 0 0
nt@synapse_cleft 2521 0.00617004427 0.0188043479 0.00750734214 0 0 0
nt@synapse_cleft 2525 0.0293882616 0.0172962194 0.00557667658 0 0 0
nt@synapse_cleft 2528 -0.00898139204 8.88527287e-05 0.0156220996 0 0 0
nt@synapse_cleft 2539 -0.00702705505 0.0154141922 0.0157408966 0 0 0
nt@synapse_cleft 2542 0.0183479847 -0.0249907527 0.011946755 0 0 0
nt@synapse_cleft 2549 -0.00727005992 0.0682124693 0.0132988281 0 0 0
nt@synapse_cleft 2550 0.0386031282 -0.0147348364 0.00967340061 0 0 0
nt@synapse_cleft 2555 0.0570398448 -0.0228994162 0.000400020878 0 0 0
nt@synapse_cleft 2560 -0.0323109472 0.0183197665 0.00175629951 0 0 0
nt@synapse_cleft 2561 0.0209294226 0.051058503 0.0039502886 0 0 0
nt@synapse_cleft 2563 0.00689454395 0.0165335555 0.0109156164 0 0 0
nt@synapse_cleft 2564 -0.0212833471 0.0433736138 0.00535583924 0 0 0
nt@synapse_cleft 2566 -0.00356274685 -9.19544006e-05 0.0048746577 0 0 0
nt@synapse_cleft 2570 0.0152528535 0.00524315024 0.00946733309 0 0 0
nt@synapse_cleft 2571 0.0165586925 -0.041603268 0.00625944738 0 0 0
nt@synapse_cleft 2577 0.00688547886 0.0265123003 0.0141971554 0 0 0
nt@synapse_cleft 2586 0.0426742514 -0.00934825877 0.0145438745 0 0 0
nt@synapse_cleft 2591 -0.0044819642 -0.00692409043 0.00186565974 0 0 0
nt@synapse_cleft 2597 -0.0199484894 0.00342323958 0.0103177613 0 0 0
nt@synapse_cleft 2600 0.0101251783 0.0493496588 0.0101790574 0 0 0
nt@synapse_cleft 2603 0.0148549728 -0.0166440663 0.0176552451 0 0 0
nt@synapse_cleft 2604 0.0316395275 -0.00805192833 0.010621091 0 0 0
nt@synapse_cleft 2610 0.00285272051 -0.0354704517 0.00357029184 0 0 0
nt@synapse_cleft 2613 -0.0386110184 -0.0262727472 0.0198665053 0 0 0
nt@synapse_cleft 2615 -0.00508391789 -0.0697075863 0.0089143106 0 0 0
nt@synapse_cleft 2617 -0.0134513584 0.0204117775 0.0139843065 0 0 0
nt@synapse_cleft 2623 -0.0172001433 -0.0226644263 0.000674309833 0 0 0
nt@synapse_cleft 2625 -0.0526392042 -0.0228065433 0.000249595348 0 0 0
nt@synapse_cleft 2628 0.0328546194 -0.0271208859 0.0159220212 0 0 0
nt@synapse_cleft 2631 -0.00341274109 0.0264731732 0.015319864 0 0 0
nt@synapse_cleft 2639 0.0133485956 -0.00742607983 0.00804361027 0 0 0
nt@synapse_cleft 2641 -0.0276737142 -0.0211879108 0.00274006002 0 0 0
nt@synapse_cleft 2645 0.0105158347 0.025484764 0.000213288983 0 0 0
nt@synapse_cleft 2650 0.0315036819 -0.00622825752 0.00331353155 0 0 0
nt@synapse_cleft 2652 -0.0119946798 0.00293897081 0.00978335618 0 0 0
nt@synapse_cleft 2660 -0.013039752 -0.0248680088 0.0195450627 0 0 0
nt@synapse_cleft 2670 -0.0331671531 -0.00763029603 0.00563970739 0 0 0
nt@synapse_cleft 2674 -0.016300545 0.0051636647 0.00653367306 0 0 0
nt@synapse_cleft 2675 -0.0140434344 0.0072712864 0.0129101935 0 0 0
nt@synapse_cleft 2680 -0.0567990614 -0.0275095404 0.00630492155 0 0 0
nt@synapse_cleft 2681 -0.0303302721 -0.0212051415 0.0187982502 0 0 0
nt@synapse_cleft 2688 -0.0526147457 0.056669034 0.0150658212 0 0 0
nt@synapse_cleft 2702 -0.00147656484 -0.0109294515 0.000405097697 0 0 0
nt@synapse_cleft 2708 -0.0417813484 -0.00205314641 0.0019281099 0 0 0
nt@synapse_cleft 2709 0.00323490241 0.00459176511 0.0183910828 0 0 0
nt@synapse_cleft 2710 -0.00616151805 -0.0218372263 0.00866220002 0 0 0
nt@synapse_cleft 2713 -0.000950850824 -0.0255213439 0.0147698952 0 0 0
nt@synapse_cleft 2714 0.043745707 0.0223690266 0.00899858758 0 0 0
nt@synapse_cleft 2720 0.0132371249 0.0173345749 0.009091845 0 0 0
nt@synapse_cleft 2724 0.00835370488 -0.0132806413 0.0138159847 0 0 0
nt@synapse_cleft 2729 0.0277832065 -0.0120895748 0.0186006149 0 0 0
nt@synapse_cleft 2734 0.0329750561 0.00299989343 0.0143929123 0 0 0
nt@synapse_cleft 2739 0.0310414855 -0.0130500224 0.00943249459 0 0 0
nt@synapse_cleft 2743 -0.00130348689 -0.0320647658 0.0169107831 0 0 0
nt@synapse_cleft 2750 0.0392526315 -0.0344815747 0.0141848768 0 0 0
nt@synapse_cleft 2752 -0.0160127082 -0.0134955613 0.0154102696 0 0 0
nt@synapse_cleft 2756 0.0334454741 -0.0171585633 0.00781754714 0 0 0
nt@synapse_cleft 2758 -0.00112387137 -0.0137932508 0.0158953533 0 0 0
nt@synapse_cleft 2766 -0.0457063647 0.0300851902 0.0168105251 0 0 0
nt@synapse_cleft 2775 0.0396818144 -0.0204127285 0.0151022992 0 0 0
nt@synapse_cleft 2785 0.00539564287 0.0224957368 0.00667877438 0 0 0
nt@synapse_cleft 2798 -0.0255986934 0.0221459162 0.0131401115 0 0 0
nt@synapse_cleft 2807 -0.0161177078 0.0222137268 0.00956449667 0 0 0
nt@synapse_cleft 2808 0.0141793458 0.0502102 0.012431493 0 0 0
nt@synapse_cleft 2815 -0.00409835481 0.00551643591 0.0197965384 0 0 0
nt@synapse_cleft 2820 0.0148796099 0.000355276789 0.0133891764 0 0 0
nt@synapse_cleft 2828 0.0199750209 -0.0513642292 0.00381914237 0 0 0
nt@synapse_cleft 2837 -0.00678527852 0.00572655417 0.0189038084 0 0 0
nt@synapse_cleft 2848 0.00815642533 0.0117617559 0.00173705466 0 0 0
nt@synapse_cleft 2854 0.0172441047 -0.00856084367 0.00401604389 0 0 0
nt@synapse_cleft 2855 -0.0226658458 -0.0262340098 0.00179405084 0 0 0
nt@synapse_cleft 2857 0.0221382362 -0.0282700988 0.0172023274 0 0 0
nt@synapse_cleft 2861 -0.0262893349 -0.00245497181 0.00256170766 0 0 0
nt@synapse_cleft 2863 -0.0279105049 0.011269117 0.00399038394 0 0 0
nt@synapse_cleft 2868 0.00258194215 0.0150271689 0.00189728477 0 0 0
nt@synapse_cleft 2871 0.00746966765 -0.0524409892 0.0189802267 0 0 0
nt@synapse_cleft 2875 0.0103739853 0.0131927939 0.0183743384 0 0 0
nt@synapse_cleft 2876 -0.0190055092 0.00177284854 0.0178152372 0 0 0
nt@synapse_cleft 2880 0.0036105731 0.0148633541 0.00882206679 0 0 0
nt@synapse_cleft 2884 0.0373534569 -0.00446745469 0.0135733233 0 0 0
nt@synapse_cleft 2887 0.00243823843 -0.0228626443 0.0170100499 0 0 0
nt@synapse_cleft 2894 0.0125440982 0.00981733438 0.00212030191 0 0 0
nt@synapse_cleft 2895 0.0680615541 -0.00656798806 0.0126892941 0 0 0
nt@synapse_cleft 2897 6.83005333e-05 -0.0366147963 0.0134902792 0 0 0
nt@synapse_cleft 2905 -0.0203672958 0.0216818302 0.00991858408 0 0 0
nt@synapse_cleft 2909 0.0367452181 -0.0127623283 0.0156045942 0 0 0
nt@synapse_cleft 2910 -0.0431356681 0.0153540932 0.0189644368 0 0 0
nt@synapse_cleft 2912 0.0147189052 -0.0130031598 0.00529561532 0 0 0
nt@synapse_cleft 2915 0.0147379326 -0.0302074673 0.0150950397 0 0 0
nt@synapse_cleft 2918 -0.012800781 -0.0614820809 0.0118892171 0 0 0
nt@synapse_cleft 2920 0.0132306424 -0.0049549835 0.0196650806 0 0 0
nt@synapse_cleft 2921 0.000491396633 0.0475640863 0.000824787437 0 0 0
nt@synapse_cleft 2922 0.0663653045 -0.0240626675 0.0171689418 0 0 0
nt@synapse_cleft 2925 -0.0123868069 0.022276283 0.0135949958 0 0 0
nt@synapse_cleft 2928 -0.00847846819 0.0580903147 0.00199868799 0 0 0
nt@synapse_cleft 2933 -0.0158367869 -0.00860418143 0.00543198658 0 0 0
nt@synapse_cleft 2935 -0.0301570142 -0.00330983666 0.0174469964 0 0 0
nt@synapse_cleft 2940 0.00567207012 -0.0248494078 0.000704673607 0 0 0
nt@synapse_cleft 2945 -0.025238858 -0.0116123325 0.0110941026 0 0 0
nt@synapse_cleft 2946 0.0129797206 -0.0121206111 0.00933965812 0 0 0
nt@synapse_cleft 2961 0.0768389009 -0.0307694031 0.00294382739 0 0 0
nt@synapse_cleft 2962 0.0176942924 0.0121516441 0.00543132084 0 0 0
nt@synapse_cleft 2967 -0.0179601589 -0.0496800715 0.00750583807 0 0 0
nt@synapse_cleft 2983 0.00855170147 -0.0436772795 0.00228061541 0 0 0
nt@synapse_cleft 2992 -0.0235675744 0.021105896 0.00931581003 0 0 0
nt@synapse_cleft 2993 -0.00119943799 0.0436647193 0.0016128002 0 0 0
nt@synapse_cleft 2997 0.0237864827 -0.0163326882 0.00142367071 0 0 0
nt@synapse_cleft 3006 0.0233437514 0.0281981713 0.0108175471 0 0 0
nt@synapse_cleft 3008 0.0189014089 0.0579187737 0.011124738 0 0 0
nt@synapse_cleft 3012 0.0261563187 -0.00654448815 0.0104153294 0 0 0
nt@synapse_cleft 3019 -0.0119277418 0.00362306871 0.00947664659 0 0 0
nt@synapse_cleft 3020 -0.0202751992 -0.0185705001 0.00540172943 0 0 0
nt@synapse_cleft 3024 0.019349837 0.0184593889 0.0119275092 0 0 0
nt@synapse_cleft 3026 -0.0141108215 0.00571551299 0.0102854052 0 0 0
nt@synapse_cleft 3042 -0.000660011743 0.0101844717 0.00835938642 0 0 0
nt@synapse_cleft 3047 0.028349092 0.0455204644 0.00306424721 0 0 0
nt@synapse_cleft 3057 0.0130388997 -0.0130278669 0.0179059642 0 0 0
nt@synapse_cleft 3061 0.00207621759 0.0324220625 0.000317600475 0 0 0
nt@synapse_cleft 3062 -0.0030318775 -0.0167506695 0.00611113941 0 0 0
nt@synapse_cleft 3069 0.0446259 -0.0368606741 0.014518148 0 0 0
nt@synapse_cleft 3073 -0.00482109439 0.0384499045 0.00379923364 0 0 0
nt@synapse_cleft 3078 -0.0257349106 -0.0137761065 0.00653954329 0 0 0
nt@synapse_cleft 3082 0.0140198671 0.022551508 0.0192049381 0 0 0
nt@synapse_cleft 3089 -0.00209014272 -0.0110195285 0.00414190506 0 0 0
nt@synapse_cleft 3096 -0.00409639595 0.0384973384 0.00444911505 0 0 0
nt@synapse_cleft 3097 0.0379071516 0.0174111409 0.00132441452 0 0 0
nt@synapse_cleft 3099 -0.0236725508 0.0161457754 0.00105107912 0 0 0
nt@synapse_cleft 3111 -0.0107601071 -0.0100771038 0.00403718353 0 0 0
nt@synapse_cleft 3113 -0.0106640064 0.0216117619 0.0149993498 0 0 0
nt@synapse_cleft 3114 0.0226100459 0.0290950787 0.0170643835 0 0 0
nt@synapse_cleft 3122 -0.0127362481 -0.000125917043 0.0014926165 0 0 0
nt@synapse_cleft 3132 -0.0209664716 -0.00642508778 0.00127557949 0 0 0
nt@synapse_cleft 3134 0.0059179055 0.0326214705 0.016957196 0 0 0
nt@synapse_cleft 3150 0.0288889792 -0.0735309425 0.0109496164 0 0 0
nt@synapse_cleft 3155 -0.00073050401 0.0146426395 0.0179125895 0 0 0
nt@synapse_cleft 3158 -0.0133640339 -0.00612011987 0.00266258548 0 0 0
nt@synapse_cleft 3159 -0.0216364836 0.0148581526 0.0137083677 0 0 0
nt@synapse_cleft 3165 0.0186225447 -0.00287064029 0.00827017182 0 0 0
nt@synapse_cleft 3167 0.00501755363 0.0234200918 0.0135991325 0 0 0
nt@synapse_cleft 3177 0.0177829099 -0.0412363763 0.00140251838 0 0 0
nt@synapse_cleft 3178 -0.0101343636 -0.0226269192 0.00318852311 0 0 0
nt@synapse_cleft 3179 0.0186028387 -0.00365469947 0.00787287397 0 0 0
nt@synapse_cleft 3181 0.00375140424 0.0231697051 0.00285928993 0 0 0
nt@synapse_cleft 3182 -0.00632110503 -0.00892199015 0.0149055746 0 0 0
nt@synapse_cleft 3183 -0.000157259491 -0.0258742823 0.0177976104 0 0 0
nt@synapse_cleft 3184 0.00408406595 0.0198864148 0.00233316132 0 0 0
nt@synapse_cleft 3185 -0.00583747026 -0.0139543494 0.000414449881 0 0 0
nt@synapse_cleft 3187 -0.0260053254 0.00620715176 0.0166251336 0 0 0
nt@synapse_cleft 3190 0.0212517936 0.000127229297 0.00768665066 0 0 0
nt@synapse_cleft 3199 -0.00341515102 0.0448376868 0.013049063 0 0 0
nt@synapse_cleft 3202 0.0049136255 0.0358437875 0.0114216579 0 0 0
nt@synapse_cleft 3207 -0.00981616046 -0.00841615757 0.00767480736 0 0 0
nt@synapse_cleft 3211 0.0199578081 0.0108368678 0.0038266702 0 0 0
nt@synapse_cleft 3214 -0.00580768943 -0.00407196778 0.0104429011 0 0 0
nt@synapse_cleft 3220 0.00565886868 0.0162689228 0.0044107161 0 0 0
nt@synapse_cleft 3222 -0.0468167845 -0.0151288226 0.00741072234 0 0 0
nt@synapse_cleft 3227 0.00113374291 0.00954392472 0.00829340303 0 0 0
nt@synapse_cleft 3230 -0.0691211589 -0.02153088 0.00524092015 0 0 0
nt@synapse_cleft 3247 0.00464735382 -0.00713051428 0.0185237157 0 0 0
nt@synapse_cleft 3248 -0.023487459 -0.0301326296 0.0182010302 0 0 0
nt@synapse_cleft 3249 -0.0161787184 0.00843428351 0.0039568812 0 0 0
nt@synapse_cleft 3275 -0.00441065237 -0.00971444962 0.00975603422 0 0 0
nt@synapse_cleft 3304 0.0255534912 0.0719416712 0.0116907095 0 0 0
nt@synapse_cleft 3308 -0.0225251062 0.035691852 0.00538330095 0 0 0
nt@synapse_cleft 3312 0.0034913897 -0.00674297251 0.000284773564 0 0 0
nt@synapse_cleft 3313 -0.00234032487 -0.012960052 0.0185730876 0 0 0
nt@synapse_cleft 3316 0.0211361825 0.000467034718 0.0094238787 0 0 0
nt@synapse_cleft 3324 -0.0122737875 -0.0015884961 0.00447103588 0 0 0
nt@synapse_cleft 3326 0.012125199 -0.0157412999 0.000944553729 0 0 0
nt@synapse_cleft 3327 -0.00135095841 -0.0340294004 0.0115868304 0 0 0
nt@synapse_cleft 3334 0.0194727914 -0.00353754134 0.00846036442 0 0 0
nt@synapse_cleft 3335 0.0381002544 0.00660016034 0.0123665064 0 0 0
nt@synapse_cleft 3338 0.0117856103 -0.0336918334 0.0132342288 0 0 0
nt@synapse_cleft 3341 0.0232285393 0.00249700383 0.00443772764 0 0 0
nt@synapse_cleft 3342 0.0121877379 -0.0104439016 0.019187739 0 0 0
nt@synapse_cleft 3347 0.020486845 -0.041016619 0.00330437599 0 0 0
nt@synapse_cleft 3354 -0.0149849067 -0.0197872504 0.00775321392 0 0 0
nt@synapse_cleft 3367 0.00517446306 0.0174899069 0.0199895727 0 0 0
nt@synapse_cleft 3372 -0.0490337438 -0.0206061816 0.0199423183 0 0 0
nt@synapse_cleft 3375 0.0443009267 0.0241513674 0.0105401291 0 0 0
nt@synapse_cleft 3378 0.01205399 0.0381557525 0.00452350826 0 0 0
nt@synapse_cleft 3394 -0.00792694589 -0.00892654707 0.0105206849 0 0 0
nt@synapse_cleft 3401 0.0399354237 -0.00942417574 0.018861751 0 0 0
nt@synapse_cleft 3402 -0.00418141085 -0.0144020763 0.00310920025 0 0 0
nt@synapse_cleft 3404 0.0182158596 -0.0225870897 0.00422746114 0 0 0
nt@synapse_cleft 3405 0.023680386 0.0307110489 0.0136007465 0 0 0
nt@synapse_cleft 3407 0.0137761467 0.0471808365 0.00361168169 0 0 0
nt@synapse_cleft 3413 0.0229130588 0.0186595998 0.00375097299 0 0 0
nt@synapse_cleft 3415 -0.0221492856 0.0184336845 0.0127304339 0 0 0
nt@synapse_cleft 3419 -0.0255436989 0.0233839277 0.00284231186 0 0 0
nt@synapse_cleft 3429 0.0377038185 -0.0199828685 0.0195462293 0 0 0
nt@synapse_cleft 3432 0.0497275819 -0.0701067722 0.00134373002 0 0 0
nt@synapse_cleft 3445 0.00917880655 0.0156428691 0.0192921748 0 0 0
nt@synapse_cleft 3451 0.0171446851 0.0142141141 0.00108155611 0 0 0
nt@synapse_cleft 3455 -0.00187683812 -0.00597204274 0.00853534257 0 0 0
nt@synapse_cleft 3467 -0.0679701904 0.00721676817 0.00764309178 0 0 0
nt@synapse_cleft 3470 0.0226528326 -0.0133605271 0.0177968434 0 0 0
nt@synapse_cleft 3472 -0.0212523915 0.0165427232 0.0187894261 0 0 0
nt@synapse_cleft 3474 0.033408745 0.0016692553 0.00373220532 0 0 0
nt@synapse_cleft 3482 -0.0709240283 -0.0506014753 0.0177702233 0 0 0
nt@synapse_cleft 3484 -0.00606654082 0.0174524931 0.0145199434 0 0 0
nt@synapse_cleft 3496 0.00117077395 -0.00506427054 0.0170633769 0 0 0
nt@synapse_cleft 3500 0.019484315 -0.0307667299 0.0193600929 0 0 0
nt@synapse_cleft 3507 -0.0146360643 -0.00715790696 0.0169102236 0 0 0
nt@synapse_cleft 3511 0.0237622473 -0.0219075351 0.00925717195 0 0 0
nt@synapse_cleft 3514 -0.00236624986 -0.0140011863 0.009670426 0 0 0
nt@synapse_cleft 3519 0.0401965163 -0.0362791041 0.0140431829 0 0 0
nt@synapse_cleft 3525 -0.00871680964 -0.0137584411 0.00940576187 0 0 0
nt@synapse_cleft 3526 0.0175543499 -0.0470527395 0.00260895686 0 0 0
nt@synapse_cleft 3535 0.00495385174 -0.00417852344 0.000249578639 0 0 0
nt@synapse_cleft 3536 -0.0062970089 0.00973908545 0.0159921487 0 0 0
nt@synapse_cleft 3538 -0.0198622107 0.0125095736 0.000910821205 0 0 0
nt@synapse_cleft 3542 0.0030056879 0.0412551007 0.00384360361 0 0 0
nt@synapse_cleft 3543 -0.0195293309 -0.0106910079 0.00195240269 0 0 0
nt@synapse_cleft 3546 0.00544754871 0.0146075562 0.010100795 0 0 0
nt@synapse_cleft 3561 -0.0167345177 0.00917289707 0.0065083635 0 0 0
nt@synapse_cleft 3562 -0.0600479935 -0.00534362522 0.00391084363 0 0 0
nt@synapse_cleft 3563 0.0115110319 -0.00853172003 0.0189960672 0 0 0
nt@synapse_cleft 3565 0.0274022144 -0.0339624075 0.004971418 0 0 0
nt@synapse_cleft 3566 -0.00271445292 0.0498816075 0.000460113228 0 0 0
nt@synapse_cleft 3567 0.00679907988 0.00399802137 0.0115566927 0 0 0
nt@synapse_cleft 3568 0.0286788984 -0.0361731033 0.0116694552 0 0 0
nt@synapse_cleft 3569 0.0248892924 -0.013638176 0.00845335972 0 0 0
nt@synapse_cleft 3575 -0.0100860634 0.00596780664 0.000515117466 0 0 0
nt@synapse_cleft 3576 0.0424266716 -0.00649943434 0.00943584646 0 0 0
nt@synapse_cleft 3579 -0.00414803304 -0.0198050363 0.00697279649 0 0 0
nt@synapse_cleft 3583 -0.0099708458 0.00737077199 0.00921076801 0 0 0
nt@synapse_cleft 3592 0.0411213446 0.0334811008 0.0193371411 0 0 0
nt@synapse_cleft 3597 0.0162784036 -0.0460755166 0.0198732088 0 0 0
nt@synapse_cleft 3602 -0.035885389 -0.00939728184 0.00937641262 0 0 0
nt@synapse_cleft 3603 -0.00999410501 0.0291225001 0.0151016571 0 0 0
nt@synapse_cleft 3606 -0.0152401429 0.00215005307 0.00625078226 0 0 0
nt@synapse_cleft 3610 0.00152523029 0.00901620427 0.00213180001 0 0 0
nt@synapse_cleft 3611 0.0173191849 -0.00820670249 0.0127017876 0 0 0
nt@synapse_cleft 3616 -0.022693635 0.0399155697 0.0149349228 0 0 0
nt@synapse_cleft 3617 0.00435789393 -0.0550292786 0.0126488623 0 0 0
nt@synapse_cleft 3620 0.00743192943 0.0215554673 0.0168084273 0 0 0
nt@synapse_cleft 3625 0.0285189952 0.00490402121 0.0100005863 0 0 0
nt@synapse_cleft 3630 0.0177307429 0.0191028634 0.0130687104 0 0 0
nt@synapse_cleft 3635 -0.0130949901 0.0106225605 0.00339761986 0 0 0
nt@synapse_cleft 3636 -0.0267334095 -0.00467805701 0.0166395173 0 0 0
nt@synapse_cleft 3637 0.0353312738 0.0206498767 0.00231496443 0 0 0
nt@synapse_cleft 3640 -0.0161602954 0.00256633335 0.0130862121 0 0 0
nt@synapse_cleft 3645 -0.00105548878 -0.0196107945 0.0032571281 0 0 0
nt@synapse_cleft 3656 0.0223422644 -0.0120422003 0.00662833271 0 0 0
nt@synapse_cleft 3658 0.0157546592 -0.0249684101 0.0133798912 0 0 0
nt@synapse_cleft 3661 0.0296914725 0.00722814486 0.0192629986 0 0 0
nt@synapse_cleft 3664 0.0440952592 -0.0252609598 0.0073593304 0 0 0
nt@synapse_cleft 3667 -0.0238214318 0.0102046919 0.00864184461 0 0 0
nt@synapse_cleft 3670 0.0234078458 -0.0256058818 0.0173888342 0 0 0
nt@synapse_cleft 3681 0.0418568514 -0.0145124653 0.0124829339 0 0 0
nt@synapse_cleft 3689 -0.00158245649 -0.0157472109 0.0197831681 0 0 0
nt@synapse_cleft 3690 0.0229693742 -0.0191134343 0.0168994336 0 0 0
nt@synapse_cleft 3693 -0.0605609015 -0.0409942421 0.0102725388 0 0 0
nt@synapse_cleft 3706 0.0319264031 -0.00414451279 0.0193346967 0 0 0
nt@synapse_cleft 3707 -0.0443144146 -0.00866579393 0.0170300237 0 0 0
nt@synapse_cleft 3713 0.0297698713 -0.022326069 0.0107491202 0 0 0
nt@synapse_cleft 3714 -0.0593915867 -0.00900948247 0.00905860263 0 0 0
nt@synapse_cleft 3726 0.000948674087 -0.0625141987 0.00790433016 0 0 0
nt@synapse_cleft 3728 -0.00183935878 0.0244415164 0.00309644797 0 0 0
nt@synapse_cleft 3730 0.0218088941 0.0291118244 0.0192351358 0 0 0
nt@synapse_cleft 3731 -0.00291456631 0.00543052766 0.0159085572 0 0 0
nt@synapse_cleft 3737 0.00353764146 0.0218098151 0.0172862063 0 0 0
nt@synapse_cleft 3738 -0.00141850027 0.0242463409 0.0146162361 0 0 0
nt@synapse_cleft 3739 0.00883801462 0.0483411021 0.00849728341 0 0 0
nt@synapse_cleft 3745 -0.00205048928 0.0141424395 0.00845547691 0 0 0
nt@synapse_cleft 3751 0.00680457554 -0.00245490125 0.0108471837 0 0 0
nt@synapse_cleft 3758 -0.0236965547 -0.0359575728 0.00274662571 0 0 0
nt@synapse_cleft 3759 -0.00517544986 -0.0231597044 0.00853919452 0 0 0
nt@synapse_cleft 3760 -0.0197671692 0.0363422729 0.00226663958 0 0 0
nt@synapse_cleft 3763 0.050159283 0.0379429941 0.00942823045 0 0 0
nt@synapse_cleft 3768 0.0100693198 -0.0257399226 0.0163961383 0 0 0
nt@synapse_cleft 3770 0.00989116423 0.007887342 0.0190089174 0 0 0
nt@synapse_cleft 3771 0.0150608465 -0.00166227822 0.0179406519 0 0 0
nt@synapse_cleft 3775 0.00550342772 0.00313076008 0.0176310937 0 0 0
nt@synapse_cleft 3783 -0.0162855402 -0.0157999442 0.0178435939 0 0 0
nt@synapse_cleft 3788 -0.0285597744 -0.00915286724 0.00503811335 0 0 0
nt@synapse_cleft 3793 -0.0178370061 -0.0212678717 0.00209027997 0 0 0
nt@synapse_cleft 3800 0.0341362191 0.00304535589 0.0118757913 0 0 0
nt@synapse_cleft 3802 0.0277185496 0.0155581664 0.010184925 0 0 0
nt@synapse_cleft 3811 -0.0299860155 -0.00304808179 0.0180532037 0 0 0
nt@synapse_cleft 3827 0.0064681583 0.0309578735 0.00347262702 0 0 0
nt@synapse_cleft 3831 0.00452996665 -0.0380382053 0.00219243506 0 0 0
nt@synapse_cleft 3834 0.0407485447 -0.0202112817 0.0142014963 0 0 0
nt@synapse_cleft 3835 0.0197500154 -0.0367434182 0.0147631587 0 0 0
nt@synapse_cleft 3841 0.0157303348 -0.0249930409 0.0123785606 0 0 0
nt@synapse_cleft 3844 -0.00668230828 -0.0117074322 0.000230281511 0 0 0
nt@synapse_cleft 3846 -0.0221012165 0.011570789 0.00426176897 0 0 0
nt@synapse_cleft 3848 0.0242583739 0.0175960983 0.0162982825 0 0 0
nt@synapse_cleft 3850 -0.0316848982 0.00832202601 0.010704673 0 0 0
nt@synapse_cleft 3859 0.0506767283 0.00122210171 0.0127404471 0 0 0
nt@synapse_cleft 3879 0.0183363088 -0.0335440953 0.00162335254 0 0 0
nt@synapse_cleft 3886 0.0174002056 0.0400063863 0.0128810978 0 0 0
nt@synapse_cleft 3891 -0.000187029663 -0.0144175119 0.0100120002 0 0 0
nt@synapse_cleft 3902 -0.0103258147 0.00117348269 0.0140478496 0 0 0
nt@synapse_cleft 3907 -0.0256125036 -0.0161065518 0.000928132517 0 0 0
nt@synapse_cleft 3909 0.00661787894 0.0385999284 0.00988241581 0 0 0
nt@synapse_cleft 3917 -0.00652327166 -0.0224804051 0.00634178442 0 0 0
nt@synapse_cleft 3918 -0.00601541682 -0.0128304125 0.00765144918 0 0 0
nt@synapse_cleft 3921 0.0178404911 0.0355812272 0.0143387813 0 0 0
nt@synapse_cleft 3927 0.00875503075 0.0328899465 0.00579717645 0 0 0
nt@synapse_cleft 3932 0.0156783261 -0.0148609898 0.00903379955 0 0 0
nt@synapse_cleft 3940 -0.00242831726 -0.026700167 0.00829718002 0 0 0
nt@synapse_cleft 3941 -0.0197476061 0.0136059678 0.00552375204 0 0 0
nt@synapse_cleft 3949 -0.0211135623 0.00395808196 0.00366270867 0 0 0
nt@synapse_cleft 3952 -0.0229926476 0.0143786629 0.00745485322 0 0 0
nt@synapse_cleft 3953 0.0117933235 -0.0189673865 0.000631436568 0 0 0
nt@synapse_cleft 3956 -0.0167259273 -0.0183042471 0.0155606442 0 0 0
nt@synapse_cleft 3957 0.0371162372 -0.000895289924 0.0156486892 0 0 0
nt@synapse_cleft 3958 0.0169199165 0.012091141 0.0116060462 0 0 0
nt@synapse_cleft 3962 -0.0283958193 0.0171448468 0.0105408784 0 0 0
nt@synapse_cleft 3963 0.017020159 0.0386016816 0.0182439308 0 0 0
nt@synapse_cleft 3965 -0.029914116 -0.00326224224 0.0136846015 0 0 0
nt@synapse_cleft 3967 0.0115521281 -0.0189444348 0.00128329759 0 0 0
nt@synapse_cleft 3968 0.0119768048 -0.0111363474 0.019901781 0 0 0
nt@synapse_cleft 3969 0.0010095686 -0.0255960057 0.00480744459 0 0 0
nt@synapse_cleft 3973 0.021173526 -0.0107253768 0.0170966812 0 0 0
nt@synapse_cleft 3974 -0.0359134331 0.0403521295 0.00358983632 0 0 0
nt@synapse_cleft 3977 0.00255760054 0.0297673153 0.00348734051 0 0 0
nt@synapse_cleft 3978 0.0123336718 0.00345925993 0.0138003155 0 0 0
nt@synapse_cleft 3983 -0.0215679197 -0.0373490947 0.00520355471 0 0 0
nt@synapse_cleft 3988 -0.00596732889 -0.0252676857 0.014785625 0 0 0
nt@synapse_cleft 3989 0.051407727 -0.00512842885 0.0109068854 0 0 0
nt@synapse_cleft 3991 0.0736920775 -0.0291399575 0.00100581244 0 0 0
nt@synapse_cleft 3993 -0.0452083619 0.00648907837 0.0171301739 0 0 0
nt@synapse_cleft 3997 -0.058688448 -0.00169460765 0.0159783165 0 0 0
nt@synapse_cleft 3999 -0.0484564295 -0.00279970014 0.016245068 0 0 0
nt@synapse_cleft 4009 -0.00066843082 -0.0231765122 0.00604386362 0 0 0
nt@synapse_cleft 4011 0.0172373617 0.0104566131 0.00277418056 0 0 0
nt@synapse_cleft 4016 0.00445489269 0.0522252556 0.00638903223 0 0 0
nt@synapse_cleft 4018 0.0115784702 0.00905325866 0.00729844159 0 0 0
nt@synapse_cleft 4024 -0.0100979593 0.0410880219 0.00447152713 0 0 0
nt@synapse_cleft 4025 -0.0375946326 -0.00760530447 0.00134189245 0 0 0
nt@synapse_cleft 4027 0.00656176984 -0.0226987308 0.000949194235 0 0 0
nt@synapse_cleft 4028 -0.0215952427 0.0277996272 0.0143789796 0 0 0
nt@synapse_cleft 4037 -0.0256510312 0.026497946 0.0116625532 0 0 0
nt@synapse_cleft 4040 0.0102672152 0.0185100142 0.0175470531 0 0 0
nt@synapse_cleft 4047 -0.00827421767 0.0145848324 0.0121294655 0 0 0
nt@synapse_cleft 4049 0.0244574158 0.000508384151 0.0183660803 0 0 0
nt@synapse_cleft 4051 0.0135289713 0.0192118471 0.0148338191 0 0 0
nt@synapse_cleft 4064 0.00799076776 0.0097169388 0.00685031138 0 0 0
nt@synapse_cleft 4070 -0.00852069333 0.0141939651 0.0082948218 0 0 0
nt@synapse_cleft 4071 -0.033781146 -0.0327564595 0.0196759884 0 0 0
nt@synapse_cleft 4087 -0.00513271412 0.0361083001 0.00894009999 0 0 0
nt@synapse_cleft 4094 0.0380201856 -0.0280200077 0.00281090214 0 0 0
nt@synapse_cleft 4095 0.0287339194 0.0126067621 0.0135531001 0 0 0
nt@synapse_cleft 4099 -0.0110958449 0.0275985234 0.000345187455 0 0 0
nt@synapse_cleft 4102 0.0304029167 -0.028151398 0.0151548705 0 0 0
nt@synapse_cleft 4103 -0.00963393477 -0.00728890899 0.00516815382 0 0 0
nt@synapse_cleft 4106 0.0209539251 0.011836324 0.0051372507 0 0 0
nt@synapse_cleft 4110 -0.0283482383 0.0249393563 0.00573409265 0 0 0
nt@synapse_cleft 4111 0.053055831 0.0107487824 0.00187985897 0 0 0
nt@synapse_cleft 4115 -0.00331119366 0.0207242298 0.0153763841 0 0 0
nt@synapse_cleft 4116 0.01545263 -0.00175251009 0.00748126336 0 0 0
nt@synapse_cleft 4119 0.0186437943 -0.0256167939 0.0178261609 0 0 0
nt@synapse_cleft 4123 -0.00282251924 0.016542688 0.015002978 0 0 0
nt@synapse_cleft 4126 0.0185685734 -0.0233880783 0.0111123225 0 0 0
nt@synapse_cleft 4129 -0.0164366232 0.00435068821 0.01194753 0 0 0
nt@synapse_cleft 4131 -0.0264726527 0.0230283555 0.0148954854 0 0 0
nt@synapse_cleft 4132 0.0232205838 0.0208579055 0.0188144331 0 0 0
nt@synapse_cleft 4135 0.00494062613 -0.0153876825 0.00029113176 0 0 0
nt@synapse_cleft 4144 0.017617109 -0.0111421433 0.00289426665 0 0 0
nt@synapse_cleft 4150 -0.0447868441 -0.0612189138 0.00391255231 0 0 0
nt@synapse_cleft 4153 0.00461921217 -0.0137490121 0.00687121925 0 0 0
nt@synapse_cleft 4155 0.0106935283 -0.0526757633 0.0186479991 0 0 0
nt@synapse_cleft 4156 0.0302371994 0.00513873965 0.0110432742 0 0 0
nt@synapse_cleft 4157 0.0181582553 0.0141574015 0.0163695955 0 0 0
nt@synapse_cleft 4158 0.00196307256 -0.000862322184 0.0138847141 0 0 0
nt@synapse_cleft 4162 0.0257616723 -0.0217270032 0.00761334567 0 0 0
nt@synapse_cleft 4163 -0.0083992608 0.0329669402 0.000176108761 0 0 0
nt@synapse_cleft 4170 -0.0555968688 0.00212522912 0.008801073 0 0 0
nt@synapse_cleft 4177 -0.0442205797 0.0663846209 0.0108753874 0 0 0
nt@synapse_cleft 4178 -0.0145956918 -0.0412828607 0.0110212185 0 0 0
nt@synapse_cleft 4184 -4.70101956e-05 -0.0140123284 0.00592843428 0 0 0
nt@synapse_cleft 4187 -0.0298634404 -0.00843357647 0.0159503683 0 0 0
nt@synapse_cleft 4193 -0.00771007941 -0.0362085945 0.0135343579 0 0 0
nt@synapse_cleft 4196 -0.0175275441 0.00616668611 0.00255621653 0 0 0
nt@synapse_cleft 4210 0.0128985296 0.000121665171 0.0146468836 0 0 0
nt@synapse_cleft 4214 -0.0392154893 0.00456626804 0.018560445 0 0 0
nt@synapse_cleft 4215 0.0222370678 -0.0518438649 0.00514015793 0 0 0
nt@synapse_cleft 4220 -0.000369645398 -0.0230805602 0.018854084 0 0 0
nt@synapse_cleft 4228 0.0336505083 -0.00951442704 0.0049426169 0 0 0
nt@synapse_cleft 4229 -0.0200753127 -0.0154486361 0.0195537142 0 0 0
nt@synapse_cleft 4230 -0.0195837423 0.0397433407 0.00688485294 0 0 0
nt@synapse_cleft 4233 0.0224728129 0.0170722818 0.0116873177 0 0 0
nt@synapse_cleft 4234 -0.00500173194 -0.0162647449 0.00658186605 0 0 0
nt@synapse_cleft 4236 0.00110310507 0.0167467639 0.014923433 0 0 0
nt@synapse_cleft 4237 0.00514122024 -0.0176598245 0.0133072875 0 0 0
nt@synapse_cleft 4238 -0.0182473182 -0.0210141917 0.00322566127 0 0 0
nt@synapse_cleft 4241 -0.0525306485 0.0117669249 0.00667174222 0 0 0
nt@synapse_cleft 4242 0.018252696 -0.0140044612 0.0188790955 0 0 0
nt@synapse_cleft 4243 0.0208439853 -0.00439362015 0.013315441 0 0 0
nt@synapse_cleft 4252 0.0448222875 -0.00831638099 0.0103205643 0 0 0
nt@synapse_cleft 4254 -0.0126999681 0.0365170938 0.00652482792 0 0 0
nt@synapse_cleft 4255 -0.0309550524 -0.0394871533 0.0199516658 0 0 0
nt@synapse_cleft 4271 0.011350663 -0.0103844774 0.0178841243 0 0 0
nt@synapse_cleft 4272 -0.0103994459 0.0293703381 0.0100788271 0 0 0
nt@synapse_cleft 4279 0.0131364241 -0.0332869683 0.0171613303 0 0 0
nt@synapse_cleft 4283 -0.0193012266 -0.00675448638 0.00619005877 0 0 0
nt@synapse_cleft 4284 0.0419974631 -0.0181480437 0.00924517858 0 0 0
nt@synapse_cleft 4285 -0.0327913971 0.0494841728 0.00907360825 0 0 0
nt@synapse_cleft 4288 0.0190751951 -0.024511789 0.0185338955 0 0 0
nt@synapse_cleft 4293 -0.00309155767 -0.0217763911 0.0125059487 0 0 0
nt@synapse_cleft 4297 0.0363512689 -0.0178725295 0.00393149978 0 0 0
nt@synapse_cleft 4301 0.00848975655 -0.00292305565 0.00345314116 0 0 0
nt@synapse_cleft 4312 -0.0220035716 -0.0278245805 0.00908212843 0 0 0
nt@synapse_cleft 4317 -0.011352873 0.0344962147 0.006811153 0 0 0
nt@synapse_cleft 4326 0.0224605296 -0.00777229727 0.0139648122 0 0 0
nt@synapse_cleft 4330 -0.0210381364 0.00864548695 0.016726958 0 0 0
nt@synapse_cleft 4334 0.00648279888 0.0015164131 0.00152532015 0 0 0
nt@synapse_cleft 4339 -0.00131056565 -0.0096836328 0.00837938835 0 0 0
nt@synapse_cleft 4343 -0.0205397049 -0.0393903766 0.0119371634 0 0 0
nt@synapse_cleft 4346 -0.000513419463 -0.00799246168 0.0160355433 0 0 0
nt@synapse_cleft 4351 0.0449925338 0.00963038441 0.00614737793 0 0 0
nt@synapse_cleft 4359 0.0212700377 0.0172969618 0.00169465591 0 0 0
nt@synapse_cleft 4360 0.0216659637 0.0080018892 0.0173998295 0 0 0
nt@synapse_cleft 4363 -0.0368679951 0.0113997016 0.0113660365 0 0 0
nt@synapse_cleft 4365 0.0159770177 0.0187796748 0.00976548853 0 0 0
nt@synapse_cleft 4372 -0.00196682484 -0.0254379588 0.00661170936 0 0 0
nt@synapse_cleft 4374 -0.0159596294 -0.00929539359 0.0138937393 0 0 0
nt@synapse_cleft 4376 -0.020631705 -0.000173235025 0.00315004265 0 0 0
nt@synapse_cleft 4381 -0.0140056906 -0.0407781957 0.00555378577 0 0 0
nt@synapse_cleft 4386 -0.0217804061 -0.0336516943 0.00183194667 0 0 0
nt@synapse_cleft 4391 0.0210769712 -0.0291776398 0.010741195 0 0 0
nt@synapse_cleft 4392 -0.0136861799 0.0018120572 0.0024242166 0 0 0
nt@synapse_cleft 4394 0.0105875775 -0.00674664295 0.00132278464 0 0 0
nt@synapse_cleft 4395 0.0297326385 -0.0338224282 0.0168060677 0 0 0
nt@synapse_cleft 4396 0.0127205681 -0.0507020394 0.00579567042 0 0 0
nt@synapse_cleft 4398 -0.0121480001 0.00998855302 0.0153587061 0 0 0
nt@synapse_cleft 4399 0.0264847066 0.0357987851 0.014724424 0 0 0
nt@synapse_cleft 4403 -0.0218915791 -0.0125169132 0.0147000399 0 0 0
nt@synapse_cleft 4405 -0.0302460663 -0.0222589248 0.00739660194 0 0 0
nt@synapse_cleft 4414 0.000689169783 -0.0231592728 0.00167155137 0 0 0
nt@synapse_cleft 4416 -0.0115430825 -0.00108501446 0.0170056681 0 0 0
nt@synapse_cleft 4423 0.033931558 -0.0142405573 0.0177874995 0 0 0
nt@synapse_cleft 4424 -0.030170873 -0.0151482 0.00181300094 0 0 0
nt@synapse_cleft 4426 0.00908378261 -0.0153071949 0.0150096632 0 0 0
nt@synapse_cleft 4430 -0.00996805471 0.00497439614 0.00261465938 0 0 0
nt@synapse_cleft 4431 0.014947906 -0.0211521942 0.00585492787 0 0 0
nt@synapse_cleft 4434 0.0238775195 -0.0296379988 0.0171069536 0 0 0
nt@synapse_cleft 4436 0.0213516952 0.0219834331 0.0117029086 0 0 0
nt@synapse_cleft 4446 0.00817399198 0.0408434497 0.0199234193 0 0 0
nt@synapse_cleft 4449 0.0268725834 0.0482027854 0.0182338895 0 0 0
nt@synapse_cleft 4464 0.00102253843 -0.0272481341 0.0121034477 0 0 0
nt@synapse_cleft 4470 -0.00492379926 -0.0276596351 0.0182654978 0 0 0
nt@synapse_cleft 4473 -0.00459441561 -0.0144518295 0.00344618715 0 0 0
nt@synapse_cleft 4478 -0.0158450867 0.0278386215 0.0175110058 0 0 0
nt@synapse_cleft 4480 0.00903068773 0.0343523509 0.0150902471 0 0 0
nt@synapse_cleft 4482 -0.0236813527 -0.0022393051 0.00438462528 0 0 0
nt@synapse_cleft 4485 0.0200091706 -0.00952540307 0.00401723106 0 0 0
nt@synapse_cleft 4488 0.0226700327 0.0010963254 0.014185323 0 0 0
nt@synapse_cleft 4489 0.013613777 -0.00730533301 0.00822375106 0 0 0
nt@synapse_cleft 4496 -0.0557074622 0.0378607036 0.0113149815 0 0 0
nt@synapse_cleft 4499 -0.00967048229 0.0110109026 0.0183814519 0 0 0
nt@synapse_cleft 4501 0.00873252538 0.00343753387 0.0190872497 0 0 0
nt@synapse_cleft 4514 0.0013582751 0.0181597822 0.00967906758 0 0 0
nt@synapse_cleft 4517 -0.0382269496 0.0281160967 0.00512184099 0 0 0
nt@synapse_cleft 4524 0.000478439607 -0.038528846 0.0195936931 0 0 0
nt@synapse_cleft 4527 0.0306097032 -0.0216304575 0.0115839974 0 0 0
nt@synapse_cleft 4538 -0.030281551 -0.0335463043 0.0105894895 0 0 0
nt@synapse_cleft 4540 0.0263015473 -0.0122984877 0.0101545985 0 0 0
nt@synapse_cleft 4542 0.0110884019 0.026569089 0.00163145852 0 0 0
nt@synapse_cleft 4545 -0.022756368 0.0234884259 0.0130793664 0 0 0
nt@synapse_cleft 4551 -0.0145918875 0.0226650764 0.0188971693 0 0 0
nt@synapse_cleft 4553 -0.0310452357 0.00785013644 0.0072371053 0 0 0
nt@synapse_cleft 4559 -0.0147967603 0.0340440767 0.0133908837 0 0 0
nt@synapse_cleft 4565 -0.0377077675 -0.0120545222 0.0148655517 0 0 0
nt@synapse_cleft 4572 0.00418578505 -0.00117751018 0.00662562813 0 0 0
nt@synapse_cleft 4574 0.0348444753 -0.0184444101 0.00140098001 0 0 0
nt@synapse_cleft 4576 -0.0413929301 -0.0279215337 0.00906460623 0 0 0
nt@synapse_cleft 4583 -0.0103483653 -0.00523360737 0.00610631858 0 0 0
nt@synapse_cleft 4587 0.0222919555 -0.00297267001 0.0121060753 0 0 0
nt@synapse_cleft 4590 -0.0423153395 -0.0239412463 0.0132714701 0 0 0
nt@synapse_cleft 4593 -0.0420031804 0.0478631417 0.0196319986 0 0 0
nt@synapse_cleft 4594 0.00248653165 0.00165963088 0.00799123733 0 0 0
nt@synapse_cleft 4595 0.0352321838 -0.0317074251 0.0132378515 0 0 0
nt@synapse_cleft 4600 -0.0349053099 0.00453409348 0.00462700899 0 0 0
nt@synapse_cleft 4613 0.0557863242 -0.00341596446 0.000252065617 0 0 0
nt@synapse_cleft 4620 0.01005542 -0.00921706556 0.0109127091 0 0 0
nt@synapse_cleft 4622 0.0533954527 0.0480348752 0.00497614421 0 0 0
nt@synapse_cleft 4624 0.0151447067 -0.0178076985 0.0166504121 0 0 0
nt@synapse_cleft 4626 0.0251480421 0.00372050483 0.0189032921 0 0 0
nt@synapse_cleft 4628 0.00279097192 0.0137672098 0.00580409096 0 0 0
nt@synapse_cleft 4654 0.0149375586 -0.0331245329 0.0123049439 0 0 0
nt@synapse_cleft 4658 -0.0333590087 0.0277443107 0.00739906187 0 0 0
nt@synapse_cleft 4659 -0.0486685077 0.0216964218 0.0150256124 0 0 0
nt@synapse_cleft 4660 0.0298621033 -0.0327951537 0.00512810881 0 0 0
nt@synapse_cleft 4661 0.0122433058 -0.0351590993 0.00537092496 0 0 0
nt@synapse_cleft 4664 0.0104887624 -0.00455182243 0.000438827055 0 0 0
nt@synapse_cleft 4666 0.0641255517 0.0217770809 0.015955139 0 0 0
nt@synapse_cleft 4671 -0.00115695878 -0.0160437503 0.00380877812 0 0 0
nt@synapse_cleft 4681 0.00850852768 -0.0215314208 0.0114866583 0 0 0
nt@synapse_cleft 4687 0.00830127018 -0.00388603683 0.0156542053 0 0 0
nt@synapse_cleft 4699 -0.032396508 0.0143037742 0.00480243599 0 0 0
nt@synapse_cleft 4700 -0.0356573852 0.0552217043 0.0160299445 0 0 0
nt@synapse_cleft 4701 0.0234202472 0.0207511938 0.0170982438 0 0 0
nt@synapse_cleft 4706 0.00947422833 -0.00913331784 0.00423629994 0 0 0
nt@synapse_cleft 4709 -0.00967759558 0.00431309464 0.000981590027 0 0 0
nt@synapse_cleft 4710 -0.0192327636 -0.0446169759 0.00146789524 0 0 0
nt@synapse_cleft 4718 0.0501689318 0.010302887 0.0104011096 0 0 0
nt@synapse_cleft 4732 -0.0153142768 0.0194202489 0.0169637829 0 0 0
nt@synapse_cleft 4736 0.00718691884 -0.00150269336 0.00311828406 0 0 0
nt@synapse_cleft 4746 -0.0468181775 -0.00851699604 0.00774558125 0 0 0
nt@synapse_cleft 4750 0.0116584564 -0.0640923618 0.00770162655 0 0 0
nt@synapse_cleft 4753 -0.0117570002 -0.00160930497 0.0106259698 0 0 0
nt@synapse_cleft 4754 -0.0098586656 0.00821704703 0.00956959574 0 0 0
nt@synapse_cleft 4756 -0.0140392308 0.0150959692 0.0114679659 0 0 0
nt@synapse_cleft 4758 -0.0408267821 0.0181308049 0.0132044511 0 0 0
nt@synapse_cleft 4764 0.0121786013 -0.0149991161 0.00760801004 0 0 0
nt@synapse_cleft 4767 -0.000118388644 0.0198525847 0.00113236809 0 0 0
nt@synapse_cleft 4779 0.027006051 -0.0320617168 0.00284113207 0 0 0
nt@synapse_cleft 4784 0.0214647027 0.00604946225 0.0128840067 0 0 0
nt@synapse_cleft 4786 -0.0124113553 0.00810223716 0.00385003477 0 0 0
nt@synapse_cleft 4791 0.0391044438 -0.01236513 0.00445767512 0 0 0
nt@synapse_cleft 4793 -0.0338215836 0.0217180614 0.0168565124 0 0 0
nt@synapse_cleft 4800 0.0133557098 -0.0109555596 0.00346277672 0 0 0
nt@synapse_cleft 4801 -0.0195640212 0.00551143169 0.00630144114 0 0 0
nt@synapse_cleft 4807 0.0115449369 -0.0122912313 0.0160393448 0 0 0
nt@synapse_cleft 4809 -0.0357998152 -0.0360774926 0.0175125386 0 0 0
nt@synapse_cleft 4814 -0.0282000146 0.0274826757 0.00354914261 0 0 0
nt@synapse_cleft 4816 -0.0378520369 -0.0135693098 0.0161494541 0 0 0
nt@synapse_cleft 4822 -0.00833356762 -0.0235124692 0.0121218094 0 0 0
nt@synapse_cleft 4823 -0.00404201992 0.0106770595 0.0179293438 0 0 0
nt@synapse_cleft 4824 0.000245323554 -0.0343398895 0.0012681486 0 0 0
nt@synapse_cleft 4829 0.0260076624 -0.0641266678 0.00865027331 0 0 0
nt@synapse_cleft 4830 -0.0164204953 0.0177349892 0.0196224093 0 0 0
nt@synapse_cleft 4833 -0.0132953145 -0.0278985727 0.0176658662 0 0 0
nt@synapse_cleft 4838 -0.00924863003 0.0321634044 0.0167193454 0 0 0
nt@synapse_cleft 4839 0.00492227727 0.0014145495 0.00431108842 0 0 0
nt@synapse_cleft 4844 0.0592102643 -0.0177459623 0.0159072188 0 0 0
nt@synapse_cleft 4852 -0.0320204689 -0.0114434849 0.0103904687 0 0 0
nt@synapse_cleft 4855 0.0219920416 0.0126366039 0.017543863 0 0 0
nt@synapse_cleft 4869 -0.0420738872 0.017922421 0.0136543812 0 0 0
nt@synapse_cleft 4871 0.0238946561 0.0138122705 0.00725179433 0 0 0
nt@synapse_cleft 4880 -0.0147045028 -0.0171855413 0.0157927505 0 0 0
nt@synapse_cleft 4882 -0.0189503264 -0.0274538798 0.00246967868 0 0 0
nt@synapse_cleft 4883 -0.0361602354 0.00289138948 0.0137911953 0 0 0
nt@synapse_cleft 4890 -0.016602404 0.00485613239 0.0108272353 0 0 0
nt@synapse_cleft 4891 -0.00197955344 -0.00861391008 0.0102272255 0 0 0
nt@synapse_cleft 4892 -0.0194414593 0.0248601533 0.0170636533 0 0 0
nt@synapse_cleft 4896 -0.0160797674 -0.0244132212 0.0112536717 0 0 0
nt@synapse_cleft 4897 0.0309438459 -0.0197218801 0.00787193367 0 0 0
nt@synapse_cleft 4901 0.00988578935 0.0148684332 0.0065551111 0 0 0
nt@synapse_cleft 4905 -0.0115275984 -0.0115774935 0.00135042627 0 0 0
nt@synapse_cleft 4906 -0.00206774461 -0.0277903223 0.00792390583 0 0 0
nt@synapse_cleft 4918 -0.0116766352 0.0119356853 0.0126240598 0 0 0
nt@synapse_cleft 4919 0.0138614043 0.00740114657 0.0130055066 0 0 0
nt@synapse_cleft 4925 0.0129194428 0.00634339879 0.00843203471 0 0 0
nt@synapse_cleft 4928 0.00273755708 0.0605854379 0.00617364507 0 0 0
nt@synapse_cleft 4931 0.0163773568 -0.00909883547 0.0152246349 0 0 0
nt@synapse_cleft 4937 -0.0477093921 -0.00190470692 0.00575054934 0 0 0
nt@synapse_cleft 4946 -0.0186535817 0.0228932824 0.0084769615 0 0 0
nt@synapse_cleft 4956 0.0172191207 -0.00579401212 0.00982402218 0 0 0
nt@synapse_cleft 4967 -0.00366413742 0.00633680968 0.0040076471 0 0 0
nt@synapse_cleft 4972 0.0289755818 -0.0211923753 0.0151906067 0 0 0
nt@synapse_cleft 4973 -0.00198120083 0.0468238458 0.0191691903 0 0 0
nt@synapse_cleft 4979 -0.00575933148 -0.00396985025 0.000770533088 0 0 0
nt@synapse_cleft 4980 0.0108590878 0.00906462905 0.0179511962 0 0 0
nt@synapse_cleft 4981 0.00589744341 -0.0271179903 0.00892035381 0 0 0
nt@synapse_cleft 4982 0.00867798734 -0.00700355457 0.018725082 0 0 0
nt@synapse_cleft 4983 -0.0165884468 0.024346585 0.00518780246 0 0 0
nt@synapse_cleft 4988 0.0136558213 -0.0204713668 0.00121181154 0 0 0
nt@synapse_cleft 4989 -0.00364513559 -0.0182539096 0.0181567473 0 0 0
nt@synapse_cleft 4991 0.00445842295 -0.0166749588 0.00855440209 0 0 0
nt@synapse_cleft 5004 -0.0173044173 0.0204415743 0.000424929857 0 0 0
nt@synapse_cleft 5006 0.00107577383 -0.0104343417 0.00614541047 0 0 0
nt@synapse_cleft 5009 -0.0300947501 0.0189069638 0.0058966797 0 0 0
nt@synapse_cleft 5011 -0.0127557531 -0.0189500386 0.0050992599 0 0 0
nt@synapse_cleft 5015 -0.0215452529 -0.0175289431 0.01245342 0 0 0
nt@synapse_cleft 5024 -0.00278801057 -0.00702900144 0.00681957872 0 0 0
nt@synapse_cleft 5044 -0.0312384422 0.0073362529 0.0168693667 0 0 0
nt@synapse_cleft 5045 0.0334354806 0.0265934313 0.00179408934 0 0 0
nt@synapse_cleft 5046 0.00153196666 -0.00870665086 0.0094810721 0 0 0
nt@synapse_cleft 5052 -0.00719915776 -0.0079948871 0.00748337132 0 0 0
nt@synapse_cleft 5055 -0.0135712639 0.00900762521 0.00841284684 0 0 0
nt@synapse_cleft 5059 -0.03274722 0.0317076723 0.0172657003 0 0 0
nt@synapse_cleft 5061 0.024216197 -0.0240017676 0.000601806729 0 0 0
nt@synapse_cleft 5063 -0.028568497 0.0255408088 0.0113679261 0 0 0
nt@synapse_cleft 5077 0.0434127999 -0.0124821181 0.00925382888 0 0 0
nt@synapse_cleft 5081 0.0115082881 0.0105773338 0.00140695186 0 0 0
nt@synapse_cleft 5082 -0.0012047989 0.050242263 0.00894141879 0 0 0
nt@synapse_cleft 5086 0.0248786748 0.0324100214 0.0121121081 0 0 0
nt@synapse_cleft 5106 -0.000141281634 -0.0121108219 0.00334723359 0 0 0
nt@synapse_cleft 5133 -0.020546637 0.0260485224 0.0189823188 0 0 0
nt@synapse_cleft 5145 0.0205154445 0.0298752942 0.017634825 0 0 0
nt@synapse_cleft 5154 0.00835103538 0.0255415118 0.0153556454 0 0 0
nt@synapse_cleft 5159 -0.0322301165 4.33156161e-05 0.0146973475 0 0 0
nt@synapse_cleft 5163 -0.00538361443 0.0165731218 0.0113475884 0 0 0
nt@synapse_cleft 5164 0.00544198812 -0.0154995226 0.00091342489 0 0 0
nt@synapse_cleft 5173 -0.0435997677 -0.00556354959 0.019537398 0 0 0
nt@synapse_cleft 5176 -0.0229249921 0.0518169118 0.0181996699 0 0 0
nt@synapse_cleft 5179 0.0255668361 0.0116359652 0.00939279923 0 0 0
nt@synapse_cleft 5182 0.0522325185 0.00994418943 0.00752031689 0 0 0
nt@synapse_cleft 5183 0.0383631545 0.00695410183 0.0121972695 0 0 0
nt@synapse_cleft 5193 0.0284732565 0.00304454292 0.0167439898 0 0 0
nt@synapse_cleft 5196 -0.00437444404 -0.00487452711 0.0101145946 0 0 0
nt@synapse_cleft 5198 0.00368179198 -0.0228165082 0.000908297248 0 0 0
