nt@synapse_cleft 0 0.0285440242 0.00267101661 0.0179783071 0 0 0
nt@synapse_cleft 2 -0.050560308 0.0153226051 0.0141054527 0 0 0
nt@synapse_cleft 7 0.0161358572 0.0169050581 0.0080561017 0 0 0
nt@synapse_cleft 9 0.0393772942 -0.0337733277 0.0199958772 0 0 0
nt@synapse_cleft 12 -0.00328017847 0.0430225929 0.00432573557 0 0 0
nt@synapse_cleft 15 -0.00944505601 0.0227474946 0.0124746622 0 0 0
nt@synapse_cleft 17 0.0202903436 0.00886081267 0.0155571585 0 0 0
nt@synapse_cleft 26 -0.0301807428 0.0015598528 0.0169005353 0 0 0
nt@synapse_cleft 30 0.00914243576 -0.0343389344 0.00610968453 0 0 0
nt@synapse_cleft 35 0.00898048107 0.0454373042 0.0165834751 0 0 0
nt@synapse_cleft 42 0.00682930025 0.00423773805 0.0186653941 0 0 0
nt@synapse_cleft 45 -0.00103871141 0.0135653927 0.0119138848 0 0 0
nt@synapse_cleft 54 -0.00165352064 0.0326817771 0.0175850004 0 0 0
nt@synapse_cleft 56 -0.0347076785 -0.0220321509 0.00346772038 0 0 0
nt@synapse_cleft 59 0.0295078076 0.018664522 0.0100042077 0 0 0
nt@synapse_cleft 72 -0.027729118 0.0102856582 0.0167220535 0 0 0
nt@synapse_cleft 81 0.00342236308 -0.0406126178 0.000591184833 0 0 0
nt@synapse_cleft 87 -0.0113509741 -0.00101734888 0.00121093375 0 0 0
nt@synapse_cleft 89 0.0349221694 -0.011615037 0.0109953134 0 0 0
nt@synapse_cleft 100 -0.0122914722 -0.0248673639 0.0113258929 0 0 0
nt@synapse_cleft 103 0.0313711229 -0.0129788663 0.0158691316 0 0 0
nt@synapse_cleft 111 -0.0413392624 0.0446412293 0.0183769711 0 0 0
nt@synapse_cleft 114 0.0434516483 -0.0135739518 0.0192892774 0 0 0
nt@synapse_cleft 115 -0.00404450391 -0.0229412184 0.0196003568 0 0 0
nt@synapse_cleft 116 -0.0214970971 -0.022233422 0.00804292962 0 0 0
nt@synapse_cleft 135 -0.029916288 -0.0228171031 0.0163506434 0 0 0
nt@synapse_cleft 137 -0.0509726128 -0.0446312513 0.00458787058 0 0 0
nt@synapse_cleft 148 -0.0179708289 0.0729370078 0.00058617652 0 0 0
nt@synapse_cleft 150 -0.0238915199 0.0243607843 0.00494627797 0 0 0
nt@synapse_cleft 156 -0.0147804602 -0.00535653772 0.00939161996 0 0 0
nt@synapse_cleft 162 -0.0165145398 -0.0387733407 0.00381630493 0 0 0
nt@synapse_cleft 167 -0.000817325714 -0.0363799177 0.00439306401 0 0 0
nt@synapse_cleft 168 -0.0231411155 -0.0197176193 0.0111214426 0 0 0
nt@synapse_cleft 186 -0.019176215 0.00619512908 0.0176708691 0 0 0
nt@synapse_cleft 188 -0.00522322012 -0.0159141803 0.0183682948 0 0 0
nt@synapse_cleft 192 -0.00626764113 0.0339727814 0.00942878244 0 0 0
nt@synapse_cleft 194 -0.0276349959 -0.0034473095 0.014117324 0 0 0
nt@synapse_cleft 195 0.0351763042 0.0506894821 0.0079887022 0 0 0
nt@synapse_cleft 199 0.0271874733 0.0177404696 0.0191821383 0 0 0
nt@synapse_cleft 206 0.00136759043 -0.0207573794 0.018953026 0 0 0
nt@synapse_cleft 210 -0.0320891791 0.00695729235 4.23919155e-05 0 0 0
nt@synapse_cleft 224 -0.0130966042 0.0560999171 0.00791717812 0 0 0
nt@synapse_cleft 231 0.016026849 0.0440894252 0.00741551767 0 0 0
nt@synapse_cleft 235 0.0145491143 -0.015111421 0.0190204278 0 0 0
nt@synapse_cleft 244 -0.0219560686 0.00564348841 0.0195362053 0 0 0
nt@synapse_cleft 248 0.0320399865 -0.0213852577 0.0193881511 0 0 0
nt@synapse_cleft 256 -0.0487205761 -0.00961115499 0.0194555314 0 0 0
nt@synapse_cleft 263 0.0548546136 0.0109979825 0.00998484973 0 0 0
nt@synapse_cleft 268 0.00262754613 -0.0202530739 0.0164491883 0 0 0
nt@synapse_cleft 272 0.00630826379 -0.053656536 0.00585077542 0 0 0
nt@synapse_cleft 284 -0.0416322693 0.0878479408 0.0171033166 0 0 0
nt@synapse_cleft 293 0.0329765753 -0.0272124824 0.015369573 0 0 0
nt@synapse_cleft 306 0.0248514635 -0.0315485514 0.000648031629 0 0 0
nt@synapse_cleft 307 0.0229685561 0.00285081926 0.0157861089 0 0 0
nt@synapse_cleft 308 0.0344857614 0.0353885835 0.014756931 0 0 0
nt@synapse_cleft 310 0.0348074531 0.00387242196 0.0075079837 0 0 0
nt@synapse_cleft 318 -0.0241922107 -0.000935187828 0.0155997421 0 0 0
nt@synapse_cleft 319 0.0560195045 0.00664087527 0.00884687216 0 0 0
nt@synapse_cleft 321 0.0351760795 0.0133904925 0.00855430989 0 0 0
nt@synapse_cleft 325 -0.0500196485 0.0680953274 0.0121913829 0 0 0
nt@synapse_cleft 347 0.00462535078 0.0027250929 0.00165345351 0 0 0
nt@synapse_cleft 348 0.00190896951 -0.0198300555 0.00419480592 0 0 0
nt@synapse_cleft 350 0.0105084804 -0.00114074891 0.0128829074 0 0 0
nt@synapse_cleft 356 -0.0400251403 0.0102075885 0.010261951 0 0 0
nt@synapse_cleft 361 -0.0334705706 -0.00123022238 0.0182124679 0 0 0
nt@synapse_cleft 371 -0.0021836265 0.0313133573 0.0169831862 0 0 0
nt@synapse_cleft 372 0.00336443282 0.0312918693 0.0111646505 0 0 0
nt@synapse_cleft 376 -0.0125913016 0.00847036758 0.00828313878 0 0 0
nt@synapse_cleft 385 0.0126561692 0.00416494502 0.00550622228 0 0 0
nt@synapse_cleft 391 0.0157992724 -0.0270729288 0.0141836021 0 0 0
nt@synapse_cleft 402 -0.00245683491 0.0416815282 0.0142503715 0 0 0
nt@synapse_cleft 406 -0.0306435925 -0.0395640699 0.001081838 0 0 0
nt@synapse_cleft 421 -0.048721502 0.0207751572 0.0191154769 0 0 0
nt@synapse_cleft 426 0.0500025625 -0.0251009901 0.0164152532 0 0 0
nt@synapse_cleft 429 -0.0188544946 0.0270106045 0.0188665353 0 0 0
nt@synapse_cleft 440 0.0274933748 -0.0107696822 0.00356592218 0 0 0
nt@synapse_cleft 444 0.00364084838 0.0477110549 0.0140654981 0 0 0
nt@synapse_cleft 449 -0.00891373555 -0.0144912549 0.00532991535 0 0 0
nt@synapse_cleft 452 0.0415300969 0.0456260002 0.0191084367 0 0 0
nt@synapse_cleft 453 0.000311656557 -0.00703971959 0.00124440351 0 0 0
nt@synapse_cleft 455 0.00946439475 -0.0287643428 0.0137865297 0 0 0
nt@synapse_cleft 477 0.0162453185 0.0101052544 0.0150258651 0 0 0
nt@synapse_cleft 479 -0.0173181187 0.0120711434 0.0163779269 0 0 0
nt@synapse_cleft 482 0.0137836023 0.0040617141 0.00536432021 0 0 0
nt@synapse_cleft 499 0.0150497002 0.0146975738 0.00788210366 0 0 0
nt@synapse_cleft 501 0.0143552052 0.0144756693 0.0146434217 0 0 0
nt@synapse_cleft 503 0.0130686258 -0.0237149085 0.0192624449 0 0 0
nt@synapse_cleft 509 -0.0346226934 0.0498197371 0.00116579478 0 0 0
nt@synapse_cleft 510 0.0194099163 0.0168830619 0.0197702411 0 0 0
nt@synapse_cleft 514 -0.0212865406 0.00503550968 0.0133014354 0 0 0
nt@synapse_cleft 522 -0.0422059498 0.0318499466 0.0164331685 0 0 0
nt@synapse_cleft 524 -0.0103854122 0.0396977594 0.0166252232 0 0 0
nt@synapse_cleft 530 0.0207289299 -0.0114116436 0.00918371226 0 0 0
nt@synapse_cleft 536 -0.0384079195 -0.0444047346 0.0111998701 0 0 0
nt@synapse_cleft 544 0.0356863572 0.0100320576 0.00766003323 0 0 0
nt@synapse_cleft 546 -0.0516638516 0.0134081335 0.00377192897 0 0 0
nt@synapse_cleft 549 0.0465243641 -0.0252105543 0.0171933952 0 0 0
nt@synapse_cleft 551 0.0159136547 -0.0105684099 0.00688688742 0 0 0
nt@synapse_cleft 552 0.0289581835 0.0159440745 0.00656433277 0 0 0
nt@synapse_cleft 557 -0.0323776125 -0.00462848581 0.0079822826 0 0 0
nt@synapse_cleft 558 -0.0010726445 -0.0170723006 0.00717557124 0 0 0
nt@synapse_cleft 563 -0.026701461 -0.062130084 0.00181072417 0 0 0
nt@synapse_cleft 572 -0.0234218868 0.0202507032 0.00117798715 0 0 0
nt@synapse_cleft 575 -0.00360734555 0.000124481152 0.000348513744 0 0 0
nt@synapse_cleft 581 -0.00402227901 -0.00573323379 0.0015361542 0 0 0
nt@synapse_cleft 583 0.00911363746 0.0259971876 0.0199397902 0 0 0
nt@synapse_cleft 586 0.0100692062 0.0145368282 0.0013234714 0 0 0
nt@synapse_cleft 591 -0.0116134662 0.0130395503 0.00597246239 0 0 0
nt@synapse_cleft 596 -0.011986081 0.00828827752 0.0173145811 0 0 0
nt@synapse_cleft 598 0.000622043111 0.0167751395 0.00720825607 0 0 0
nt@synapse_cleft 620 -0.0315247994 -0.00159862912 0.00956825432 0 0 0
nt@synapse_cleft 624 0.0232883583 -0.00108692598 0.00531553887 0 0 0
nt@synapse_cleft 627 -0.0208078773 -0.0273027779 0.0123408037 0 0 0
nt@synapse_cleft 629 -0.00075809222 0.000127471107 0.00904115719 0 0 0
nt@synapse_cleft 633 -0.0353457234 0.0292630207 0.0176172952 0 0 0
nt@synapse_cleft 634 0.00805090691 0.00630679609 0.00548277695 0 0 0
nt@synapse_cleft 639 -0.009540886 -0.0104081529 0.00193115163 0 0 0
nt@synapse_cleft 645 -0.00809288707 -0.00337229278 0.00486385713 0 0 0
nt@synapse_cleft 647 0.0196022614 0.0149357986 0.00463340905 0 0 0
nt@synapse_cleft 661 -0.0248796176 -0.0321112107 0.00941087005 0 0 0
nt@synapse_cleft 664 -0.0129773864 0.00834053715 0.00361901834 0 0 0
nt@synapse_cleft 678 0.0123995084 -0.0213013209 0.00733492988 0 0 0
nt@synapse_cleft 679 -0.0359906689 -0.00317463482 0.0180107436 0 0 0
nt@synapse_cleft 681 0.000197406782 -0.0278768693 0.00203247612 0 0 0
nt@synapse_cleft 691 0.028350339 -0.00649407474 0.00377662323 0 0 0
nt@synapse_cleft 693 0.00776736685 0.0190062255 0.015322174 0 0 0
nt@synapse_cleft 698 -0.00157349042 0.0116333117 0.0173024764 0 0 0
nt@synapse_cleft 699 -0.0141651286 -0.0776532926 0.00797473438 0 0 0
nt@synapse_cleft 712 -0.0174805461 -0.00477022233 0.00938583928 0 0 0
nt@synapse_cleft 720 0.0290988433 -0.0398038126 0.00268589773 0 0 0
nt@synapse_cleft 721 0.000880863148 -0.0283176624 0.00922727471 0 0 0
nt@synapse_cleft 726 -0.0166327764 -0.0155941343 0.00835939586 0 0 0
nt@synapse_cleft 727 -0.0219506992 0.0127304322 0.00989955641 0 0 0
nt@synapse_cleft 728 0.0194365313 -0.000592065913 0.00422640302 0 0 0
nt@synapse_cleft 732 0.0137905339 0.0504828097 0.01002869 0 0 0
nt@synapse_cleft 735 -0.0579235987 0.00171817171 0.00666023879 0 0 0
nt@synapse_cleft 737 0.0474687732 0.00381188987 0.0177531976 0 0 0
nt@synapse_cleft 741 0.0297785014 0.0094482252 0.00720133801 0 0 0
nt@synapse_cleft 750 0.0315731549 0.0181899725 0.0191794044 0 0 0
nt@synapse_cleft 754 -0.00402668405 -0.0183714831 0.00941014337 0 0 0
nt@synapse_cleft 760 -0.00621696747 -0.0322078517 0.00742515439 0 0 0
nt@synapse_cleft 762 0.00133256774 -0.0227798572 0.0150481769 0 0 0
nt@synapse_cleft 765 -0.0404829851 0.0446609583 0.00692177638 0 0 0
nt@synapse_cleft 768 -0.00343179166 -0.00185183553 0.0184590588 0 0 0
nt@synapse_cleft 769 -0.00536153777 0.0536574602 0.0117703072 0 0 0
nt@synapse_cleft 774 -0.0090810013 0.0230413354 0.010164548 0 0 0
nt@synapse_cleft 779 -0.0244493515 0.0215426112 0.000269399328 0 0 0
nt@synapse_cleft 797 -0.00740592832 0.0251861854 0.00761278802 0 0 0
nt@synapse_cleft 803 -0.0273802045 -0.0489820074 0.0194311852 0 0 0
nt@synapse_cleft 814 0.0397367122 0.038402826 0.0066817072 0 0 0
nt@synapse_cleft 816 -0.00197087179 -0.00838248478 0.00134700682 0 0 0
nt@synapse_cleft 828 0.0123451591 -0.0290685438 0.0180790301 0 0 0
nt@synapse_cleft 831 0.00889862594 -0.0153753547 0.000631105062 0 0 0
nt@synapse_cleft 833 -0.00847424814 -0.0138678408 0.0176598966 0 0 0
nt@synapse_cleft 837 -0.0173110805 -0.00703438684 0.00893787888 0 0 0
nt@synapse_cleft 844 -0.0244661563 0.0219797514 0.015467247 0 0 0
nt@synapse_cleft 847 0.0204128637 -0.00929223982 0.0170568451 0 0 0
nt@synapse_cleft 850 -0.00855282371 0.00980941363 0.0117075418 0 0 0
nt@synapse_cleft 854 -0.012142533 0.0287076602 0.00216437037 0 0 0
nt@synapse_cleft 866 -0.00538877152 -0.0265658393 5.72252965e-05 0 0 0
nt@synapse_cleft 871 0.00648241461 0.0151050198 0.018068189 0 0 0
nt@synapse_cleft 877 -0.0379532061 0.0202001868 0.0131332764 0 0 0
nt@synapse_cleft 884 0.0155200287 -0.00218330981 0.0128288978 0 0 0
nt@synapse_cleft 904 -0.0474676876 -0.00464843881 0.0133609816 0 0 0
nt@synapse_cleft 908 -0.0614654888 0.00111138862 0.00494900464 0 0 0
nt@synapse_cleft 909 0.0337500607 0.00806114635 0.00175143654 0 0 0
nt@synapse_cleft 913 -0.0222976815 0.0128278263 0.0199538949 0 0 0
nt@synapse_cleft 918 0.0510412251 0.00992450692 0.00710654852 0 0 0
nt@synapse_cleft 920 0.0073627288 -0.0127624242 0.0108801881 0 0 0
nt@synapse_cleft 925 -0.0247790258 0.0292570895 0.017368721 0 0 0
nt@synapse_cleft 932 0.02084898 -0.0682738561 0.00512579448 0 0 0
nt@synapse_cleft 938 -0.0110106233 -0.000499857905 0.0130735732 0 0 0
nt@synapse_cleft 940 -0.0531947268 -0.044649502 0.0136271601 0 0 0
nt@synapse_cleft 942 0.0157442388 -0.0311231823 0.00239977593 0 0 0
nt@synapse_cleft 943 0.0197070545 -0.00274472134 0.0154255326 0 0 0
nt@synapse_cleft 944 -0.0108585571 -0.0519671412 0.000510557871 0 0 0
nt@synapse_cleft 945 -0.000520157464 0.0349000929 0.00505862149 0 0 0
nt@synapse_cleft 947 -0.0292490389 0.00836520176 0.0160655798 0 0 0
nt@synapse_cleft 953 -0.0455635975 0.0222378205 0.0118813706 0 0 0
nt@synapse_cleft 954 0.0126009644 -0.025350083 0.00756424349 0 0 0
nt@synapse_cleft 957 0.0470675631 -0.0185796669 0.000579207075 0 0 0
nt@synapse_cleft 961 -0.0268642417 -0.0038514109 0.00181432368 0 0 0
nt@synapse_cleft 967 0.0333821189 0.000127733159 0.00380634889 0 0 0
nt@synapse_cleft 976 -0.00213334309 0.0284216088 0.0135457493 0 0 0
nt@synapse_cleft 978 -0.0379881402 -0.0186717703 0.00608156389 0 0 0
nt@synapse_cleft 992 0.026910115 0.000554544314 0.00652105369 0 0 0
nt@synapse_cleft 994 -0.0346654836 -0.021793983 0.0167404549 0 0 0
nt@synapse_cleft 998 0.00348681134 -0.00945459247 0.00219143558 0 0 0
nt@synapse_cleft 999 0.056522912 -0.0265714029 0.000271901287 0 0 0
nt@synapse_cleft 1002 0.00186586378 0.0378165826 0.00432018177 0 0 0
nt@synapse_cleft 1004 -0.0220659433 0.00287500395 0.00916177869 0 0 0
nt@synapse_cleft 1013 -0.0350703059 0.037169411 0.0111468864 0 0 0
nt@synapse_cleft 1016 -0.0323050385 0.0076265445 0.0150235444 0 0 0
nt@synapse_cleft 1018 0.00151237204 -0.0155005476 0.00184265258 0 0 0
nt@synapse_cleft 1024 -0.0351619934 -0.0322887613 0.00852965555 0 0 0
nt@synapse_cleft 1025 -0.00649653472 -0.0255438502 0.011526157 0 0 0
nt@synapse_cleft 1027 0.0289529547 0.0496478664 0.0146025739 0 0 0
nt@synapse_cleft 1035 -0.0360430908 -0.0267965292 0.0155959337 0 0 0
nt@synapse_cleft 1047 0.0357870228 -0.0446832165 0.00296221394 0 0 0
nt@synapse_cleft 1048 -0.0108989961 -0.0631331557 0.0013427558 0 0 0
nt@synapse_cleft 1050 0.0169546344 -0.0486037346 0.00645099667 0 0 0
nt@synapse_cleft 1062 0.0442333129 -0.00961466811 0.00841261859 0 0 0
nt@synapse_cleft 1077 -0.0326771301 0.00146934444 0.0191529823 0 0 0
nt@synapse_cleft 1080 -0.0382846825 0.0190598429 0.0151818158 0 0 0
nt@synapse_cleft 1092 -0.0208913882 -0.0146996623 0.00794418151 0 0 0
nt@synapse_cleft 1107 -0.00673460397 -0.0022945854 0.0121211895 0 0 0
nt@synapse_cleft 1108 0.0190868606 0.010406606 0.000261622264 0 0 0
nt@synapse_cleft 1110 0.0231124687 0.0143702256 0.0198348923 0 0 0
nt@synapse_cleft 1113 -0.0147446247 0.0049330776 0.00359561445 0 0 0
nt@synapse_cleft 1114 0.0109356229 -0.0394084307 0.00699475645 0 0 0
nt@synapse_cleft 1130 0.0318530118 -0.0133935087 0.00221892567 0 0 0
nt@synapse_cleft 1136 -0.00780433522 -0.0472673689 0.0051053352 0 0 0
nt@synapse_cleft 1140 0.00674115347 -0.0450762149 0.0189009938 0 0 0
nt@synapse_cleft 1144 -0.012348034 -0.0101876798 0.0011950659 0 0 0
nt@synapse_cleft 1145 0.052150971 -0.00729415114 0.0152311517 0 0 0
nt@synapse_cleft 1149 -0.0201758892 -0.00228572514 0.00945209773 0 0 0
nt@synapse_cleft 1152 0.0305373144 0.0158386396 0.0100082222 0 0 0
nt@synapse_cleft 1157 0.0322494026 -0.0652995947 0.0112149607 0 0 0
nt@synapse_cleft 1165 0.0355521293 0.0364326639 0.00574448936 0 0 0
nt@synapse_cleft 1166 -0.0111039522 0.00281092045 0.00211847118 0 0 0
nt@synapse_cleft 1167 0.0389821758 0.0285696693 0.0158532069 0 0 0
nt@synapse_cleft 1172 -0.00683226749 0.00191008611 0.0192368883 0 0 0
nt@synapse_cleft 1177 -0.0132430038 0.0834995816 0.000864538988 0 0 0
nt@synapse_cleft 1179 0.00706483052 -0.0181418319 0.0176581324 0 0 0
nt@synapse_cleft 1186 -0.0645170503 0.00455879376 0.00125530505 0 0 0
nt@synapse_cleft 1188 0.0105205584 -0.0401901011 0.00573545714 0 0 0
nt@synapse_cleft 1193 -0.0298983229 -0.0233048973 0.00185893252 0 0 0
nt@synapse_cleft 1200 -0.00510995855 0.00309065608 0.01320624 0 0 0
nt@synapse_cleft 1203 -0.00115138414 0.0235450548 0.00120481454 0 0 0
nt@synapse_cleft 1204 0.00109857396 0.0259111495 0.00668254137 0 0 0
nt@synapse_cleft 1205 -0.0214591968 -0.0253146091 0.0142164374 0 0 0
nt@synapse_cleft 1206 -0.0144558551 0.0182140778 0.00388405397 0 0 0
nt@synapse_cleft 1237 -0.036588537 -0.0447021649 0.00471385034 0 0 0
nt@synapse_cleft 1238 -0.0646636491 -0.045807255 0.0193056222 0 0 0
nt@synapse_cleft 1243 -0.0222032545 -0.00100328125 0.0163029849 0 0 0
nt@synapse_cleft 1248 0.00154993759 0.0424480893 0.0139814791 0 0 0
nt@synapse_cleft 1251 -0.0425119804 0.0174604287 0.0195661845 0 0 0
nt@synapse_cleft 1252 -0.0315214133 -0.0068774189 0.011918263 0 0 0
nt@synapse_cleft 1254 -0.0178750233 0.0465673361 0.00536009421 0 0 0
nt@synapse_cleft 1270 0.0545054691 0.0237768939 0.00916377829 0 0 0
nt@synapse_cleft 1275 -0.00912906535 0.0216506704 0.0110015309 0 0 0
nt@synapse_cleft 1289 0.0572889467 -0.000845390915 0.0032642475 0 0 0
nt@synapse_cleft 1298 -0.00933164899 -0.0199259203 0.0105425637 0 0 0
nt@synapse_cleft 1302 -0.0295870292 0.0365592591 0.00423005151 0 0 0
nt@synapse_cleft 1311 0.00620543509 -0.0167620256 0.000816223358 0 0 0
nt@synapse_cleft 1316 -0.0280484451 -0.0138481801 0.0119282574 0 0 0
nt@synapse_cleft 1326 0.0185623919 0.0134807603 0.00702885091 0 0 0
nt@synapse_cleft 1328 0.0238161265 0.0114983934 0.00699997812 0 0 0
nt@synapse_cleft 1333 -0.0126708557 0.0323489204 0.00341222966 0 0 0
nt@synapse_cleft 1338 -0.0126916131 0.00779542306 0.00731941633 0 0 0
nt@synapse_cleft 1343 0.0202655526 8.69473522e-05 0.0116336133 0 0 0
nt@synapse_cleft 1347 -0.0479483204 -0.0129643072 0.0128230616 0 0 0
nt@synapse_cleft 1349 0.00962533955 -0.00593130025 0.0189334586 0 0 0
nt@synapse_cleft 1351 0.0431254248 -0.0238873354 0.00471391967 0 0 0
nt@synapse_cleft 1361 0.000391902571 -0.0299517278 0.0025489591 0 0 0
nt@synapse_cleft 1368 0.0198855883 0.000558697374 0.0105962314 0 0 0
nt@synapse_cleft 1372 -0.0103939223 0.0436071159 0.00762914749 0 0 0
nt@synapse_cleft 1380 -0.0212804483 0.00604748175 0.0116462486 0 0 0
nt@synapse_cleft 1384 -0.0526125296 -0.00575747484 0.0191630544 0 0 0
nt@synapse_cleft 1393 -0.0266014936 0.0470019278 0.0079811161 0 0 0
nt@synapse_cleft 1394 0.0140891423 0.0159546013 0.0115425681 0 0 0
nt@synapse_cleft 1400 -0.0204013525 0.0243827027 0.0042556709 0 0 0
nt@synapse_cleft 1403 0.00716541832 0.0111551264 0.00201567736 0 0 0
nt@synapse_cleft 1408 -0.0120562547 -0.00645381897 0.0106532889 0 0 0
nt@synapse_cleft 1416 -0.00011285479 0.0270461911 0.0178199783 0 0 0
nt@synapse_cleft 1419 0.00744156236 -0.0166792077 0.00982319206 0 0 0
nt@synapse_cleft 1425 0.00137246724 -0.0274830841 0.00454740649 0 0 0
nt@synapse_cleft 1427 -0.0127073535 -0.0168572469 0.0164941371 0 0 0
nt@synapse_cleft 1438 -0.0174439282 -0.0251396824 0.00146682939 0 0 0
nt@synapse_cleft 1440 -0.0193822056 0.0264815151 0.0156327114 0 0 0
nt@synapse_cleft 1441 -0.0474165275 0.0361182558 0.00929687677 0 0 0
nt@synapse_cleft 1442 -0.00251732997 0.0315217832 0.0154445388 0 0 0
nt@synapse_cleft 1444 -0.030410741 -0.0127406929 0.000986861982 0 0 0
nt@synapse_cleft 1446 -0.0196320409 -0.0409348759 0.00116501789 0 0 0
nt@synapse_cleft 1449 -0.0356472681 0.0113561205 0.0108596745 0 0 0
nt@synapse_cleft 1452 -0.0333931946 -0.0276943861 0.0105597351 0 0 0
nt@synapse_cleft 1454 -0.0149526555 0.0125202825 0.000386490891 0 0 0
nt@synapse_cleft 1455 -0.025320676 -0.000613048444 0.014522485 0 0 0
nt@synapse_cleft 1470 -0.061905804 -0.0374883028 0.00428445619 0 0 0
nt@synapse_cleft 1472 -0.0555971245 -0.00397701162 0.00802720488 0 0 0
nt@synapse_cleft 1473 -0.000189576377 -0.0137403906 0.0105512818 0 0 0
nt@synapse_cleft 1479 -0.0156532351 0.0521225956 0.0179221308 0 0 0
nt@synapse_cleft 1481 0.0280140708 0.00870232201 0.0117275737 0 0 0
nt@synapse_cleft 1484 -0.0131586694 0.017987243 0.014861777 0 0 0
nt@synapse_cleft 1485 -0.00856872513 -0.0120988491 0.0187323484 0 0 0
nt@synapse_cleft 1487 0.003942511 -0.0363701215 0.0127632948 0 0 0
nt@synapse_cleft 1488 0.0387298656 0.00511739173 0.00870276579 0 0 0
nt@synapse_cleft 1494 -0.00316240066 -0.00399535554 0.0161290782 0 0 0
nt@synapse_cleft 1496 0.00471802298 0.0346820158 0.013536464 0 0 0
nt@synapse_cleft 1506 0.0305928857 0.0066256342 0.0168627262 0 0 0
nt@synapse_cleft 1507 0.00391410265 -0.00276415607 0.00468344857 0 0 0
nt@synapse_cleft 1508 0.0346621298 0.000114463393 0.017952423 0 0 0
nt@synapse_cleft 1512 0.0209631071 -0.0123532356 0.0191685727 0 0 0
nt@synapse_cleft 1519 -0.0132571954 -0.00324724166 0.0104150637 0 0 0
nt@synapse_cleft 1527 -0.00683940303 0.0552326418 0.0158175949 0 0 0
nt@synapse_cleft 1528 -0.0398264048 0.00500668168 0.0114422147 0 0 0
nt@synapse_cleft 1531 -0.0146770801 0.012818758 0.00717310894 0 0 0
nt@synapse_cleft 1538 0.01823024 0.00632112987 0.00908170824 0 0 0
nt@synapse_cleft 1542 -0.0148122525 0.025150442 0.0040786457 0 0 0
nt@synapse_cleft 1545 -0.00644547977 0.00685879572 0.00693923717 0 0 0
nt@synapse_cleft 1548 -0.0256644816 -0.0234006466 0.00794887876 0 0 0
nt@synapse_cleft 1553 0.0665074584 -0.00344366105 0.0100951915 0 0 0
nt@synapse_cleft 1554 0.0143755144 0.0120615267 0.00207176969 0 0 0
nt@synapse_cleft 1561 0.00137211902 -0.0481990969 0.0030543077 0 0 0
nt@synapse_cleft 1565 -0.0144070847 -0.00435697104 0.017780784 0 0 0
nt@synapse_cleft 1571 -0.0286768792 -0.0178009717 0.0184200703 0 0 0
nt@synapse_cleft 1573 0.0187784177 0.0382247833 0.00912130412 0 0 0
nt@synapse_cleft 1588 0.0127246325 -0.0291929056 0.0173598248 0 0 0
nt@synapse_cleft 1592 0.0110152595 -0.0235952485 0.00150658017 0 0 0
nt@synapse_cleft 1597 0.00156101454 0.0229595692 0.000347160623 0 0 0
nt@synapse_cleft 1600 0.0209949472 -0.0354774752 0.010533196 0 0 0
nt@synapse_cleft 1605 0.017887395 -0.00421765383 0.0179212146 0 0 0
nt@synapse_cleft 1606 -0.0458352318 0.00989318368 0.014545244 0 0 0
nt@synapse_cleft 1611 -0.00549307543 -0.0186815808 0.0199940153 0 0 0
nt@synapse_cleft 1617 0.000494648686 -0.0353596525 0.015136747 0 0 0
nt@synapse_cleft 1619 0.0178702433 0.00695331089 0.00210216726 0 0 0
nt@synapse_cleft 1628 0.0148382644 0.0422380656 0.0134348743 0 0 0
nt@synapse_cleft 1635 0.0139861791 -0.0145847258 0.00893027993 0 0 0
nt@synapse_cleft 1641 0.0312406913 0.0236838693 0.00934429317 0 0 0
nt@synapse_cleft 1642 0.0165575761 -0.0360187601 0.00041989103 0 0 0
nt@synapse_cleft 1655 0.00360387924 0.018818723 0.00403397571 0 0 0
nt@synapse_cleft 1658 0.0327280721 0.0538147348 0.0024413901 0 0 0
nt@synapse_cleft 1660 0.0184620493 0.0210791599 0.017350057 0 0 0
nt@synapse_cleft 1675 -0.026527424 -0.00992741282 0.00982718948 0 0 0
nt@synapse_cleft 1678 -0.000296738133 -0.0282217913 0.0171235643 0 0 0
nt@synapse_cleft 1681 -0.0148491497 -0.00516006369 0.0142177737 0 0 0
nt@synapse_cleft 1686 -0.0134107208 0.0139450076 0.0144428861 0 0 0
nt@synapse_cleft 1687 -0.0376938623 -0.0417311671 0.00103312145 0 0 0
nt@synapse_cleft 1689 0.0132833098 0.009856605 0.00759332271 0 0 0
nt@synapse_cleft 1692 -0.0152114519 0.0144120163 0.0102571676 0 0 0
nt@synapse_cleft 1695 0.0147588945 -0.0208252864 0.000841004025 0 0 0
nt@synapse_cleft 1701 0.00881254614 -0.00265651055 0.0124308403 0 0 0
nt@synapse_cleft 1707 -0.0173169359 -0.00120837288 0.0155058369 0 0 0
nt@synapse_cleft 1708 -0.0304520022 0.0208790908 0.00204415086 0 0 0
nt@synapse_cleft 1715 0.00671240535 0.0066960836 0.00850374001 0 0 0
nt@synapse_cleft 1721 0.0127140216 -0.0482587239 0.0136514173 0 0 0
nt@synapse_cleft 1729 -0.0121285751 -0.0137416723 0.00234099118 0 0 0
nt@synapse_cleft 1736 0.0262786454 0.00162285981 0.0162624902 0 0 0
nt@synapse_cleft 1741 0.0133924131 -0.0180113429 0.0115701401 0 0 0
nt@synapse_cleft 1742 0.0172963574 -0.0509068929 0.00600215951 0 0 0
nt@synapse_cleft 1743 0.0340845745 0.0367546308 0.0190704105 0 0 0
nt@synapse_cleft 1745 -0.0411292294 0.0207555121 0.00250667647 0 0 0
nt@synapse_cleft 1746 0.0158638205 -0.0295415131 0.00229649242 0 0 0
nt@synapse_cleft 1748 0.0561490996 0.0236526982 0.0122880181 0 0 0
nt@synapse_cleft 1751 0.0387898887 0.00881111199 0.0153147549 0 0 0
nt@synapse_cleft 1759 0.00710561111 -0.0177834306 0.0151776654 0 0 0
nt@synapse_cleft 1761 -0.0261720612 0.0214793589 0.0122252427 0 0 0
nt@synapse_cleft 1762 -0.0268860155 -0.0240047759 0.0178386407 0 0 0
nt@synapse_cleft 1768 0.0135476467 -0.0544327618 0.011053785 0 0 0
nt@synapse_cleft 1775 -0.0182574733 -0.0115003424 0.00395430533 0 0 0
nt@synapse_cleft 1778 0.0504786036 -0.0548658367 0.0174525863 0 0 0
nt@synapse_cleft 1781 -0.0269033212 0.0353438185 0.0071101616 0 0 0
nt@synapse_cleft 1793 0.00639498495 0.0429354697 0.0130813332 0 0 0
nt@synapse_cleft 1795 0.0450612678 -0.0128593538 0.0145747235 0 0 0
nt@synapse_cleft 1804 0.00329290087 0.0239825327 0.0155110593 0 0 0
nt@synapse_cleft 1806 -0.0216216709 0.0285561473 0.0197366823 0 0 0
nt@synapse_cleft 1810 -0.0689853374 -0.0400434596 0.0166196798 0 0 0
nt@synapse_cleft 1811 0.0095506547 0.00917479234 0.0122267015 0 0 0
nt@synapse_cleft 1812 0.000137449154 0.0475036367 0.00751589776 0 0 0
nt@synapse_cleft 1815 -0.0229463891 -0.00418004103 0.00696064249 0 0 0
nt@synapse_cleft 1824 0.0184280723 5.50731982e-05 0.00241611542 0 0 0
nt@synapse_cleft 1829 0.0469372729 -0.0183309747 0.00021083677 0 0 0
nt@synapse_cleft 1830 -0.0356944423 -0.014491056 0.0157565643 0 0 0
nt@synapse_cleft 1837 -0.0434716328 -0.0126473721 0.00252958776 0 0 0
nt@synapse_cleft 1838 0.00252957013 -0.0461902993 0.0084270656 0 0 0
nt@synapse_cleft 1843 0.0276234469 0.0193462385 0.0106723233 0 0 0
nt@synapse_cleft 1846 -0.0195681804 0.00427840949 0.0011073016 0 0 0
nt@synapse_cleft 1849 0.0348152619 0.0111455087 0.00348211796 0 0 0
nt@synapse_cleft 1853 0.061062566 -0.0244633361 0.0107365666 0 0 0
nt@synapse_cleft 1854 0.0155684079 0.00305486441 0.0128119696 0 0 0
nt@synapse_cleft 1856 0.0137080909 -0.0338242741 0.0116021173 0 0 0
nt@synapse_cleft 1872 0.00549885528 -0.00173181376 0.00785609915 0 0 0
nt@synapse_cleft 1877 0.00452760663 0.0190586625 0.0166768304 0 0 0
nt@synapse_cleft 1880 -0.028325008 -0.0151376298 0.00584043603 0 0 0
nt@synapse_cleft 1883 0.0274039925 0.0157733211 0.00591658513 0 0 0
nt@synapse_cleft 1885 -0.0110608213 -0.00987677496 0.015634403 0 0 0
nt@synapse_cleft 1887 -0.000967492609 0.0265490847 0.000185281367 0 0 0
nt@synapse_cleft 1892 -0.00338057009 -0.0109486548 0.0164514286 0 0 0
nt@synapse_cleft 1896 0.0157902978 0.00791494227 0.00609825519 0 0 0
nt@synapse_cleft 1900 -0.0189325374 -0.0248752966 0.000668172376 0 0 0
nt@synapse_cleft 1904 -0.0299407921 0.0329164086 0.000761402073 0 0 0
nt@synapse_cleft 1918 -0.0185942664 0.0676216058 0.0142872696 0 0 0
nt@synapse_cleft 1923 -0.0223358886 0.0245459799 0.0186860731 0 0 0
nt@synapse_cleft 1925 0.0242232877 0.0191863957 0.0158675931 0 0 0
nt@synapse_cleft 1926 0.0118041074 -0.0138331548 0.0159515613 0 0 0
nt@synapse_cleft 1932 0.0131350186 -0.0218697247 0.0176282126 0 0 0
nt@synapse_cleft 1942 0.0457159032 -0.0321148154 0.000387340345 0 0 0
nt@synapse_cleft 1944 -0.00689484506 0.0257460592 0.00706687483 0 0 0
nt@synapse_cleft 1946 -0.0230849648 -0.0104821091 0.0187706402 0 0 0
nt@synapse_cleft 1953 -0.0189288909 0.00398121289 0.00690236955 0 0 0
nt@synapse_cleft 1961 0.0343229729 0.017028183 0.00505545991 0 0 0
nt@synapse_cleft 1964 -0.0113306599 0.00769521621 0.0131701572 0 0 0
nt@synapse_cleft 1967 0.0108788901 -0.0392144469 0.011802499 0 0 0
nt@synapse_cleft 1970 -0.0227140291 -0.0406188816 0.0173251642 0 0 0
nt@synapse_cleft 1973 0.0344457862 0.0227855949 0.0190210106 0 0 0
nt@synapse_cleft 1976 -0.0374709047 -0.0114880282 0.00314559534 0 0 0
nt@synapse_cleft 1980 -0.0211867831 -0.0250904166 0.00215297157 0 0 0
nt@synapse_cleft 1984 -0.0509795813 -0.0375939987 0.00048649149 0 0 0
nt@synapse_cleft 1989 -0.0166272271 0.0181806647 0.0184879381 0 0 0
nt@synapse_cleft 1990 0.0129680879 0.0236324402 0.00866865712 0 0 0
nt@synapse_cleft 1993 0.000457944773 -0.0242677104 0.0196826088 0 0 0
nt@synapse_cleft 1997 -0.000994115526 0.0193714938 0.0162300782 0 0 0
nt@synapse_cleft 2004 -0.0177501471 0.0130187733 0.0148724675 0 0 0
nt@synapse_cleft 2013 -0.00596300609 -0.0084337939 0.012700518 0 0 0
nt@synapse_cleft 2014 0.0154255936 0.00205961873 0.0103847232 0 0 0
nt@synapse_cleft 2019 0.0190831275 -0.0208611618 0.0147837128 0 0 0
nt@synapse_cleft 2027 0.0014676068 -0.0219681229 0.00415328882 0 0 0
nt@synapse_cleft 2032 -0.0239393584 0.0152375795 0.00100380612 0 0 0
nt@synapse_cleft 2035 0.0575719402 0.0297876467 0.00528761954 0 0 0
nt@synapse_cleft 2036 0.0533724252 -0.0456146566 0.00373802926 0 0 0
nt@synapse_cleft 2039 0.0371394301 0.0214090332 0.00900229173 0 0 0
nt@synapse_cleft 2061 0.0214374528 0.011319877 0.0117331037 0 0 0
nt@synapse_cleft 2064 0.0179654893 0.0182327876 0.0158741837 0 0 0
nt@synapse_cleft 2091 -0.0122833047 0.0379529818 0.00827442456 0 0 0
nt@synapse_cleft 2092 0.00776743481 0.0289762726 0.00785873162 0 0 0
nt@synapse_cleft 2094 -0.0156165796 -0.00247084334 0.0177407869 0 0 0
nt@synapse_cleft 2096 -0.0140118771 -0.00445838362 0.000983848026 0 0 0
nt@synapse_cleft 2104 0.0430273293 -0.0128490075 0.00772095438 0 0 0
nt@synapse_cleft 2112 -0.00876091323 -0.0285791349 0.000627381018 0 0 0
nt@synapse_cleft 2124 0.000476293082 0.0662939718 0.00108116822 0 0 0
nt@synapse_cleft 2127 0.0294265627 -0.00516264303 0.00442021447 0 0 0
nt@synapse_cleft 2137 -0.057415099 0.0569589365 0.00358505585 0 0 0
nt@synapse_cleft 2148 0.0379422792 -0.0716976949 0.00562601777 0 0 0
nt@synapse_cleft 2156 0.0422795029 -0.0302916117 0.0133585166 0 0 0
nt@synapse_cleft 2162 -0.0101148995 0.0103371397 0.0184883117 0 0 0
nt@synapse_cleft 2163 0.0121861537 -0.00395503398 0.00957513366 0 0 0
nt@synapse_cleft 2185 -0.0194767084 -0.0087073747 0.0140599673 0 0 0
nt@synapse_cleft 2187 -0.0122315757 0.00781600451 0.00649418515 0 0 0
nt@synapse_cleft 2199 -0.00698984533 -0.0183017629 0.00265388054 0 0 0
nt@synapse_cleft 2204 -0.032094396 0.0261265835 0.00118214154 0 0 0
nt@synapse_cleft 2207 0.0401622303 -0.00215491675 0.014491109 0 0 0
nt@synapse_cleft 2218 0.0197420479 0.00116334102 0.000409620208 0 0 0
nt@synapse_cleft 2223 -0.0240418441 -0.00521115338 0.013441063 0 0 0
nt@synapse_cleft 2228 -0.00271133372 0.0193507164 0.0128176227 0 0 0
nt@synapse_cleft 2236 0.00212504296 0.0025268091 0.00498960238 0 0 0
nt@synapse_cleft 2251 -0.01339404 0.00538840351 0.00934095101 0 0 0
nt@synapse_cleft 2254 -0.00843051419 -0.0225856732 0.0196784302 0 0 0
nt@synapse_cleft 2257 0.0134645009 0.00529221796 0.019837976 0 0 0
nt@synapse_cleft 2262 -0.00881557834 0.00813418957 0.0137830095 0 0 0
nt@synapse_cleft 2271 -0.0574439497 0.0130591451 0.0160339764 0 0 0
nt@synapse_cleft 2274 -0.0090510008 0.0368274832 0.000973232194 0 0 0
nt@synapse_cleft 2278 0.0180064647 0.0340828651 0.00330895466 0 0 0
nt@synapse_cleft 2279 -0.0191670731 0.0170281476 0.00779648608 0 0 0
nt@synapse_cleft 2283 0.0371218147 -0.0332292642 0.0155714837 0 0 0
nt@synapse_cleft 2284 0.0320308551 0.00184972517 0.00705711539 0 0 0
nt@synapse_cleft 2285 -0.00493010225 -0.0117827245 0.0137196154 0 0 0
nt@synapse_cleft 2289 0.00920251761 -0.0051898022 0.0110373285 0 0 0
nt@synapse_cleft 2298 -0.0447552695 -0.0148977364 0.0176595082 0 0 0
nt@synapse_cleft 2306 -0.0066109612 -0.0531143629 0.00736166579 0 0 0
nt@synapse_cleft 2308 -0.0410320239 0.0209015083 0.00886624501 0 0 0
nt@synapse_cleft 2309 -0.00864285345 0.00610173632 0.0189538469 0 0 0
nt@synapse_cleft 2314 -0.00103464684 -0.0246197673 0.00277989089 0 0 0
nt@synapse_cleft 2317 0.0429779737 0.00452046057 0.00287507399 0 0 0
nt@synapse_cleft 2320 0.0200277975 -0.0289896999 0.000603417524 0 0 0
nt@synapse_cleft 2321 0.0512501068 0.01035943 0.00462099773 0 0 0
nt@synapse_cleft 2327 -0.035523242 -0.0322149928 0.0121573867 0 0 0
nt@synapse_cleft 2330 -0.0313238964 0.0123737785 0.0141538679 0 0 0
nt@synapse_cleft 2332 -0.0249358841 0.00269176204 0.0139848131 0 0 0
nt@synapse_cleft 2349 0.0506182459 0.0120062828 0.00116451024 0 0 0
nt@synapse_cleft 2367 -0.0332522085 -0.0469272588 0.00767333972 0 0 0
nt@synapse_cleft 2369 -0.0221301898 0.00468389845 0.00178214858 0 0 0
nt@synapse_cleft 2383 0.0109491373 -0.0477588981 0.0137768129 0 0 0
nt@synapse_cleft 2386 -0.0148367255 -0.010559568 0.00969878173 0 0 0
nt@synapse_cleft 2389 0.0107889605 -0.0245991955 0.00889110382 0 0 0
nt@synapse_cleft 2397 0.00805270208 -0.0571606303 0.00880944418 0 0 0
nt@synapse_cleft 2400 -0.0248793422 -0.0280151969 0.0194567177 0 0 0
nt@synapse_cleft 2411 0.0120195133 -0.0402844229 0.00740291242 0 0 0
nt@synapse_cleft 2412 -1.06006066e-05 0.0115916221 0.0129309971 0 0 0
nt@synapse_cleft 2417 -0.0156261217 0.00250577079 0.0176755409 0 0 0
nt@synapse_cleft 2421 -0.00538399098 0.0264140723 0.00443788032 0 0 0
nt@synapse_cleft 2423 0.0171473629 -0.0442822205 0.0144699798 0 0 0
nt@synapse_cleft 2437 0.0430025226 0.0111287287 0.0010389845 0 0 0
nt@synapse_cleft 2438 0.00376162243 -0.0373396612 0.00851067112 0 0 0
nt@synapse_cleft 2448 0.011630788 0.00724342147 0.0112582946 0 0 0
nt@synapse_cleft 2456 -0.0143549054 -0.0124858849 0.000290488089 0 0 0
nt@synapse_cleft 2459 0.016568278 0.045358509 0.0114164278 0 0 0
nt@synapse_cleft 2462 -0.00726634545 0.0418261415 0.00409885472 0 0 0
nt@synapse_cleft 2468 -0.0493753122 -0.0280840344 0.0106755532 0 0 0
nt@synapse_cleft 2472 0.0640995998 -0.0448043523 0.0112318617 0 0 0
nt@synapse_cleft 2480 -0.0145858371 -0.027546279 0.0112617344 0 0 0
nt@synapse_cleft 2481 -0.00892266736 -0.0183817192 0.0128068931 0 0 0
nt@synapse_cleft 2483 0.0284835485 0.0306405912 0.00898218022 0 0 0
nt@synapse_cleft 2491 0.0112949308 0.0164650015 0.00807878713 0 0 0
nt@synapse_cleft 2493 0.0314010683 -0.0394757748 0.0105583886 0 0 0
nt@synapse_cleft 2498 0.0126490677 -0.00925222615 0.00162507589 0 0 0
nt@synapse_cleft 2502 0.0245422992 -0.0329170468 0.0185119579 0 0 0
nt@synapse_cleft 2509 -0.0032487219 -0.0185024477 0.0190982956 0 0 0
nt@synapse_cleft 2513 -0.0043185689 0.0177254745 0.0112527985 0 0 0
nt@synapse_cleft 2517 -0.0125263637 -0.00627229785 0.0155865693 0 0 0
nt@synapse_cleft 2520 0.0111634152 0.0219974437 0.000664577054 0 0 0
nt@synapse_cleft 2528 0.0117521039 0.00242925297 0.019478199 0 0 0
nt@synapse_cleft 2539 -0.00426071339 0.0249528196 0.0151248411 0 0 0
nt@synapse_cleft 2542 0.0219972516 -0.0284320841 0.0115286664 0 0 0
nt@synapse_cleft 2549 -0.00843727569 0.0581606932 0.00826271222 0 0 0
nt@synapse_cleft 2550 0.0383196105 -0.00258500572 0.0124147822 0 0 0
nt@synapse_cleft 2555 0.0509888274 -0.0279287101 0.0084424442 0 0 0
nt@synapse_cleft 2560 -0.0348274363 0.00509877533 0.00646627312 0 0 0
nt@synapse_cleft 2561 0.0234444047 0.0499183241 0.00967209857 0 0 0
nt@synapse_cleft 2563 -0.00477940351 0.00584604005 0.00938108445 0 0 0
nt@synapse_cleft 2564 -0.010852729 0.0460458207 0.0066910351 0 0 0
nt@synapse_cleft 2566 -0.00457578767 0.00607971683 0.0144660026 0 0 0
nt@synapse_cleft 2570 -0.00167671617 -0.000399395865 0.00169435534 0 0 0
nt@synapse_cleft 2571 0.0335990707 -0.0554535573 0.000547165805 0 0 0
nt@synapse_cleft 2577 -0.0122710357 0.0311429454 0.0106513904 0 0 0
nt@synapse_cleft 2597 -0.0182855738 -0.0064085539 0.0155016258 0 0 0
nt@synapse_cleft 2603 0.0418901456 -0.0195155899 0.0170588845 0 0 0
nt@synapse_cleft 2604 0.0400949411 -0.0128665403 0.0157722659 0 0 0
nt@synapse_cleft 2610 0.0106988764 -0.0383012922 0.00296962544 0 0 0
nt@synapse_cleft 2615 -0.00250936566 -0.0642659995 0.0174918204 0 0 0
nt@synapse_cleft 2617 -0.00389190311 0.0207025181 0.0151784203 0 0 0
nt@synapse_cleft 2623 -0.0274050908 -0.0451866271 0.00071281836 0 0 0
nt@synapse_cleft 2625 -0.0613910083 -0.0180190233 0.00603656493 0 0 0
nt@synapse_cleft 2628 0.0188643581 -0.0252800153 0.0189333801 0 0 0
nt@synapse_cleft 2639 0.0121172723 -0.0132297108 0.00209419784 0 0 0
nt@synapse_cleft 2641 -0.0117207099 -0.000410791531 0.00527072749 0 0 0
nt@synapse_cleft 2645 0.0186875084 0.0229212296 0.00274690371 0 0 0
nt@synapse_cleft 2652 -0.00724212473 0.0078249279 0.0069843183 0 0 0
nt@synapse_cleft 2660 -0.0214899399 -0.0226309955 0.0097655985 0 0 0
nt@synapse_cleft 2670 -0.0175654575 -0.0182042558 0.0129608646 0 0 0
nt@synapse_cleft 2675 -0.0234340847 0.0142042563 0.0135850021 0 0 0
nt@synapse_cleft 2680 -0.0582647602 -0.0390256697 0.00540820844 0 0 0
nt@synapse_cleft 2681 -0.0380803648 -0.0324270897 0.0170251059 0 0 0
nt@synapse_cleft 2688 -0.0515965859 0.0647269334 0.00425362868 0 0 0
nt@synapse_cleft 2702 -0.00850845462 -0.0093051022 0.00290684679 0 0 0
nt@synapse_cleft 2708 -0.0433229603 0.0131239021 0.0100363166 0 0 0
nt@synapse_cleft 2709 0.0132443667 -0.0029910615 0.012568652 0 0 0
nt@synapse_cleft 2713 -0.00531321362 -0.0281860057 0.00700907065 0 0 0
nt@synapse_cleft 2720 0.00818608883 0.0166039795 0.0191916439 0 0 0
nt@synapse_cleft 2724 0.00449137665 -0.0045907799 0.00928177715 0 0 0
nt@synapse_cleft 2729 0.00947216459 -0.0307282447 0.0139313889 0 0 0
nt@synapse_cleft 2734 0.0302874548 0.00536605138 0.0190105239 0 0 0
nt@synapse_cleft 2743 -0.00436021657 -0.0338444654 0.0192674432 0 0 0
nt@synapse_cleft 2750 0.022017588 -0.0484185195 0.0121267781 0 0 0
nt@synapse_cleft 2752 -0.0220893738 -0.0235525041 0.0132996789 0 0 0
nt@synapse_cleft 2756 0.0423245931 -0.0310084757 0.0102646094 0 0 0
nt@synapse_cleft 2766 -0.0354747545 0.0392195703 0.016351265 0 0 0
nt@synapse_cleft 2775 0.0341334682 -0.0214987331 0.00977694131 0 0 0
nt@synapse_cleft 2785 0.00638483499 0.0361244361 0.009760834 0 0 0
nt@synapse_cleft 2798 -0.0216446015 0.0158402597 0.0163502124 0 0 0
nt@synapse_cleft 2807 -0.0205845238 0.0157892486 0.00921942759 0 0 0
nt@synapse_cleft 2808 0.018392122 0.0664876389 0.0135584839 0 0 0
nt@synapse_cleft 2815 -0.0126549518 0.0123462175 0.0110877779 0 0 0
nt@synapse_cleft 2820 0.0215279272 -0.00277522628 0.016827904 0 0 0
nt@synapse_cleft 2828 0.017664161 -0.0535592953 0.0123768068 0 0 0
nt@synapse_cleft 2837 -0.00739987408 0.0208190523 0.0160088291 0 0 0
nt@synapse_cleft 2857 0.02088826 -0.0213290226 0.0167098675 0 0 0
nt@synapse_cleft 2861 -0.01352392 0.00955765022 0.00545568039 0 0 0
nt@synapse_cleft 2863 -0.03215434 0.000585615119 0.00381872957 0 0 0
nt@synapse_cleft 2871 0.0122539712 -0.0496137621 0.0154974692 0 0 0
nt@synapse_cleft 2875 0.00624115876 0.00837507229 0.000170732608 0 0 0
nt@synapse_cleft 2876 -0.00805568222 -0.00388692531 0.00897439961 0 0 0
nt@synapse_cleft 2880 0.0243250762 0.00596614542 0.0041196913 0 0 0
nt@synapse_cleft 2884 0.0346934722 0.020341194 0.0151937192 0 0 0
nt@synapse_cleft 2894 0.00151637163 0.00545627209 0.0085488688 0 0 0
nt@synapse_cleft 2895 0.070108658 -0.00829402196 0.00687605255 0 0 0
nt@synapse_cleft 2897 0.0077926453 -0.0394172719 0.0194094589 0 0 0
nt@synapse_cleft 2905 0.00380718475 0.00674449644 0.00480970285 0 0 0
nt@synapse_cleft 2909 0.0411940698 -0.0134078656 0.0170976582 0 0 0
nt@synapse_cleft 2910 -0.0576057343 0.0180068322 0.0166635623 0 0 0
nt@synapse_cleft 2912 -0.0049520592 -0.0212794235 0.0016305489 0 0 0
nt@synapse_cleft 2915 0.0376389654 -0.0523895595 0.0138985059 0 0 0
nt@synapse_cleft 2920 0.00477066099 -0.00106385523 0.0186849555 0 0 0
nt@synapse_cleft 2921 0.00654517039 0.0622485393 0.00624311601 0 0 0
nt@synapse_cleft 2925 -0.0058574434 0.0384668128 0.0143814483 0 0 0
nt@synapse_cleft 2933 -0.00322437642 -0.0137089875 0.00274513129 0 0 0
nt@synapse_cleft 2935 -0.0330172227 0.00573092852 0.0184344559 0 0 0
nt@synapse_cleft 2940 -0.0103292318 -0.0222631577 0.00224119969 0 0 0
nt@synapse_cleft 2945 -0.0362256938 -0.0073534724 0.00550846356 0 0 0
nt@synapse_cleft 2961 0.0640075972 -0.0431796615 0.0062857023 0 0 0
nt@synapse_cleft 2962 0.0119134907 0.00696680875 0.0105571654 0 0 0
nt@synapse_cleft 2967 0.00393209732 -0.0410983741 0.00926002167 0 0 0
nt@synapse_cleft 2983 0.0147408925 -0.0351057144 0.0150214496 0 0 0
nt@synapse_cleft 2993 -0.00611015236 0.0462889038 0.00531570828 0 0 0
nt@synapse_cleft 2997 0.00484746974 -0.00880102484 0.00753611438 0 0 0
nt@synapse_cleft 3006 0.0246114186 0.0454557985 0.00159076086 0 0 0
nt@synapse_cleft 3008 0.0276228043 0.0506474189 0.0194536714 0 0 0
nt@synapse_cleft 3012 0.0262111414 -0.00225920811 0.0048179749 0 0 0
nt@synapse_cleft 3019 -0.01039272 0.00758520495 0.00236446111 0 0 0
nt@synapse_cleft 3020 -0.0114286409 -0.0249322432 0.00531469477 0 0 0
nt@synapse_cleft 3024 0.0279195242 0.0119458948 0.0145467387 0 0 0
nt@synapse_cleft 3026 -0.0177583532 0.015074209 0.00350463954 0 0 0
nt@synapse_cleft 3042 -0.00628597902 0.0144095363 0.0156769658 0 0 0
nt@synapse_cleft 3047 0.0309771173 0.0575746442 0.0132400199 0 0 0
nt@synapse_cleft 3057 0.0344214732 -0.00931890419 0.0173114035 0 0 0
nt@synapse_cleft 3061 -0.00979980004 0.0311401005 0.00578287264 0 0 0
nt@synapse_cleft 3062 0.00551344592 -0.0175457384 0.0086358175 0 0 0
nt@synapse_cleft 3069 0.0557780746 -0.038093274 0.0183470764 0 0 0
nt@synapse_cleft 3073 0.00747975784 0.0308641899 0.00876983317 0 0 0
nt@synapse_cleft 3082 0.0203557196 0.0219643049 0.0158033731 0 0 0
nt@synapse_cleft 3089 -0.00900410313 -0.0134612634 0.00718526321 0 0 0
nt@synapse_cleft 3096 -0.0107936719 0.027905946 0.00411929888 0 0 0
nt@synapse_cleft 3097 0.0483613673 0.0136665374 0.011998109 0 0 0
nt@synapse_cleft 3099 -0.0243222536 0.00223010861 0.00625527566 0 0 0
nt@synapse_cleft 3111 -0.00550774356 -0.0165029808 0.000968634728 0 0 0
nt@synapse_cleft 3114 0.0303257996 0.039064851 0.00297527707 0 0 0
nt@synapse_cleft 3132 -0.0158483203 -0.00171023563 0.00791303113 0 0 0
nt@synapse_cleft 3134 0.0128303151 0.0351819227 0.019119858 0 0 0
nt@synapse_cleft 3150 0.0411398562 -0.0737949227 0.00479974563 0 0 0
nt@synapse_cleft 3155 -0.0117432914 0.00996484769 0.0153350432 0 0 0
nt@synapse_cleft 3158 -0.00735349137 -0.00812442388 0.0161455913 0 0 0
nt@synapse_cleft 3159 -0.0147110697 0.0133457617 0.0176578143 0 0 0
nt@synapse_cleft 3177 0.0378460158 -0.03376672 0.00334684423 0 0 0
nt@synapse_cleft 3178 -0.0221293319 -0.01542062 0.00895966958 0 0 0
nt@synapse_cleft 3179 0.0275009733 -0.0074988606 0.0193281992 0 0 0
nt@synapse_cleft 3181 0.0129541273 -0.00865210786 0.0151745239 0 0 0
nt@synapse_cleft 3183 0.00769252827 -0.0297713243 0.0198429099 0 0 0
nt@synapse_cleft 3184 0.0154727111 0.0220772358 0.00471392312 0 0 0
nt@synapse_cleft 3185 -0.00596057266 0.00260891105 0.00891888151 0 0 0
nt@synapse_cleft 3199 0.00173865238 0.0290207919 0.019077844 0 0 0
nt@synapse_cleft 3202 0.0159590599 0.0412424198 0.0187952093 0 0 0
nt@synapse_cleft 3207 -0.00782133895 -0.00145093908 0.00497274901 0 0 0
nt@synapse_cleft 3220 0.00800471982 0.0262211057 0.0147377031 0 0 0
nt@synapse_cleft 3222 -0.0584159557 -0.0246723227 0.00325482991 0 0 0
nt@synapse_cleft 3227 0.0172971855 0.0129948608 0.00193042077 0 0 0
nt@synapse_cleft 3247 0.00882296819 -0.00258569541 0.0122148253 0 0 0
nt@synapse_cleft 3249 -0.017783052 -0.00977765335 0.00919881716 0 0 0
nt@synapse_cleft 3275 0.00917227574 -0.0103621919 0.00622073914 0 0 0
nt@synapse_cleft 3304 0.0260787637 0.0658749945 0.0100354221 0 0 0
nt@synapse_cleft 3308 -0.0254638828 0.0455561433 0.00828705615 0 0 0
nt@synapse_cleft 3312 -0.00122605669 -0.0178786819 0.0103702386 0 0 0
nt@synapse_cleft 3313 -0.00943728534 -0.00364493069 0.0075786343 0 0 0
nt@synapse_cleft 3326 0.0093074793 -0.00811789487 0.00259803005 0 0 0
nt@synapse_cleft 3327 -0.0185538532 -0.0532022509 0.0183188882 0 0 0
nt@synapse_cleft 3334 0.00549279556 0.00900614844 0.00474358929 0 0 0
nt@synapse_cleft 3335 0.045722992 0.00798172176 0.00773360458 0 0 0
nt@synapse_cleft 3338 -0.00172424788 -0.0417798531 0.0114485307 0 0 0
nt@synapse_cleft 3341 0.0166869849 -0.00539870579 0.00132316546 0 0 0
nt@synapse_cleft 3342 0.0124764423 -0.009671846 0.0127031838 0 0 0
nt@synapse_cleft 3347 0.0274185128 -0.0422421144 0.0108833835 0 0 0
nt@synapse_cleft 3367 0.0113139931 0.0117154882 0.000435380049 0 0 0
nt@synapse_cleft 3375 0.0503021534 0.0324177873 0.0174141727 0 0 0
nt@synapse_cleft 3378 0.0177639716 0.0306702895 0.00424901484 0 0 0
nt@synapse_cleft 3394 0.00112017593 -0.0269722277 0.00104527515 0 0 0
nt@synapse_cleft 3401 0.0490575439 -0.00152481714 0.00760628087 0 0 0
nt@synapse_cleft 3402 -0.00765842491 -0.0080119179 0.00322970473 0 0 0
nt@synapse_cleft 3404 0.0206650574 -0.0263769785 0.00331734928 0 0 0
nt@synapse_cleft 3407 0.00972632991 0.0658448145 0.0100795145 0 0 0
nt@synapse_cleft 3413 0.021567119 0.0246150964 0.0135439261 0 0 0
nt@synapse_cleft 3419 -0.0225487085 0.0268194798 0.00188218866 0 0 0
nt@synapse_cleft 3429 0.0527085823 -0.0107493048 0.0174454942 0 0 0
nt@synapse_cleft 3432 0.0516191932 -0.0626764704 0.000973963058 0 0 0
nt@synapse_cleft 3445 0.0310403121 0.0242987896 0.0172847376 0 0 0
nt@synapse_cleft 3451 0.0104776848 0.0163811029 0.00766947749 0 0 0
nt@synapse_cleft 3455 -0.00340784378 -0.0206598978 0.0178466201 0 0 0
nt@synapse_cleft 3467 -0.0732498423 -0.00138288301 0.00987676256 0 0 0
nt@synapse_cleft 3472 -0.0262794291 0.0290208155 0.0180350793 0 0 0
nt@synapse_cleft 3474 0.0462102421 0.00011284978 0.0104555273 0 0 0
nt@synapse_cleft 3482 -0.0720361832 -0.0365835664 0.0186377326 0 0 0
nt@synapse_cleft 3484 -0.00524560151 0.0214021981 0.0164408522 0 0 0
nt@synapse_cleft 3496 0.0164283569 -0.00464595978 0.0162138642 0 0 0
nt@synapse_cleft 3500 0.0160639806 -0.0302399373 0.0143025599 0 0 0
nt@synapse_cleft 3507 -0.0276145466 -0.00861007054 0.0147101597 0 0 0
nt@synapse_cleft 3511 0.0127268648 -0.0326375631 0.00894604435 0 0 0
nt@synapse_cleft 3514 0.00393935771 0.00368406115 0.0105741639 0 0 0
nt@synapse_cleft 3526 0.0181388016 -0.0479139711 0.011376798 0 0 0
nt@synapse_cleft 3535 0.00920394225 0.0119591798 0.00253063821 0 0 0
nt@synapse_cleft 3536 0.0139189209 0.00527901605 0.0143002783 0 0 0
nt@synapse_cleft 3538 -0.0286721212 0.0116569317 0.000105834006 0 0 0
nt@synapse_cleft 3542 -0.000848778268 0.0320583931 0.00111179342 0 0 0
nt@synapse_cleft 3543 -0.0319225237 -0.0133628209 0.00182579396 0 0 0
nt@synapse_cleft 3546 0.0129607839 0.0222339833 0.00827602175 0 0 0
nt@synapse_cleft 3561 -0.0185410182 -0.00971182855 0.00685909574 0 0 0
nt@synapse_cleft 3562 -0.0605347395 -0.00805760712 0.0117675917 0 0 0
nt@synapse_cleft 3563 0.0106122042 -0.00816785114 0.018893917 0 0 0
nt@synapse_cleft 3565 0.0268139968 -0.0292648571 0.0114802593 0 0 0
nt@synapse_cleft 3566 -0.0118486427 0.0594098978 0.0163277338 0 0 0
nt@synapse_cleft 3568 0.0206147403 -0.036929988 0.0182363516 0 0 0
nt@synapse_cleft 3575 -0.014688397 0.00615157603 0.00132419328 0 0 0
nt@synapse_cleft 3576 0.0492249542 0.00673643977 0.0113303095 0 0 0
nt@synapse_cleft 3592 0.0204345284 0.0419644141 0.0191384379 0 0 0
nt@synapse_cleft 3602 -0.0300570202 -0.00784807308 0.0183204315 0 0 0
nt@synapse_cleft 3603 -0.0287689828 0.021860544 0.018408762 0 0 0
nt@synapse_cleft 3606 -0.0070800123 0.000312433917 0.0075100801 0 0 0
nt@synapse_cleft 3610 -0.000448901172 0.00483210303 0.00950151903 0 0 0
nt@synapse_cleft 3611 0.00827891105 -6.39425494e-05 0.0183954041 0 0 0
nt@synapse_cleft 3616 -0.0357543387 0.0285855477 0.0134804886 0 0 0
nt@synapse_cleft 3617 -0.00193707372 -0.0651814004 0.0168469742 0 0 0
nt@synapse_cleft 3620 0.00288820156 0.0265701189 0.0114055471 0 0 0
nt@synapse_cleft 3625 0.0361151613 0.00412524618 0.0161592097 0 0 0
nt@synapse_cleft 3630 0.0245698426 0.036915884 0.0173719807 0 0 0
nt@synapse_cleft 3635 -0.0049593286 0.016331049 0.00426905222 0 0 0
nt@synapse_cleft 3636 -0.00471976906 -0.00184652646 0.0139295522 0 0 0
nt@synapse_cleft 3645 -0.00579299282 -0.0190798717 0.0022643706 0 0 0
nt@synapse_cleft 3658 0.0213016424 -0.0241130119 0.0197110099 0 0 0
nt@synapse_cleft 3661 0.0289545635 0.0141505906 0.0176268099 0 0 0
nt@synapse_cleft 3664 0.0494609592 -0.042695587 0.00677618072 0 0 0
nt@synapse_cleft 3667 -0.0281673815 -0.00504743288 0.0139525081 0 0 0
nt@synapse_cleft 3681 0.0344880378 -0.0197039194 0.00747259498 0 0 0
nt@synapse_cleft 3689 -0.0136433626 -0.0240543373 0.0116593328 0 0 0
nt@synapse_cleft 3690 0.0350442872 -0.0153420535 0.0177607393 0 0 0
nt@synapse_cleft 3693 -0.0536085666 -0.0307530989 0.00762582571 0 0 0
nt@synapse_cleft 3706 0.040492547 -0.0101741778 0.0178407886 0 0 0
nt@synapse_cleft 3707 -0.0582096914 -0.0169389544 0.00354687929 0 0 0
nt@synapse_cleft 3714 -0.0402659522 -0.0114808508 0.0176088183 0 0 0
nt@synapse_cleft 3728 -0.0020828552 0.0315134246 0.00426429038 0 0 0
nt@synapse_cleft 3730 0.0181798107 0.0157300489 0.00654756536 0 0 0
nt@synapse_cleft 3731 -0.000718522011 0.00352453108 0.00276910374 0 0 0
nt@synapse_cleft 3737 0.00965621702 0.0184836213 0.00416181206 0 0 0
nt@synapse_cleft 3738 -0.0103433381 0.0232717745 0.0193794459 0 0 0
nt@synapse_cleft 3739 0.0239571927 0.0575310025 0.00199076269 0 0 0
nt@synapse_cleft 3745 0.00764502125 0.0280891714 0.0189161226 0 0 0
nt@synapse_cleft 3751 0.00267638772 0.00260646129 0.00761077581 0 0 0
nt@synapse_cleft 3758 -0.0161432542 -0.0343233432 0.00814915276 0 0 0
nt@synapse_cleft 3759 -0.0156536419 -0.0217316361 0.0068692846 0 0 0
nt@synapse_cleft 3763 0.0362300582 0.0395974839 0.0127039686 0 0 0
nt@synapse_cleft 3768 0.0171379156 -0.016725228 0.0167332826 0 0 0
nt@synapse_cleft 3771 0.0217293526 -0.0234252185 0.0175682289 0 0 0
nt@synapse_cleft 3775 0.0100670008 0.0113224689 0.014103355 0 0 0
nt@synapse_cleft 3783 -0.0220772229 -0.0199454014 0.00057680984 0 0 0
nt@synapse_cleft 3788 -0.0101626734 -0.0152621242 0.00925054111 0 0 0
nt@synapse_cleft 3793 -0.0189996787 -0.0102542337 0.00474788076 0 0 0
nt@synapse_cleft 3800 0.0125697702 -0.00510674734 0.00593402302 0 0 0
nt@synapse_cleft 3802 0.0179649097 0.0173870779 0.010194607 0 0 0
nt@synapse_cleft 3811 -0.0184382576 -0.0185625247 0.000155640672 0 0 0
nt@synapse_cleft 3827 -0.00208861864 0.0481019994 0.0118848485 0 0 0
nt@synapse_cleft 3831 0.00527776587 -0.0459031101 0.0150977687 0 0 0
nt@synapse_cleft 3834 0.0477760192 -0.0275632004 0.0100866679 0 0 0
nt@synapse_cleft 3835 0.00524691197 -0.043755228 0.00516620951 0 0 0
nt@synapse_cleft 3841 0.0318189189 -0.0187209395 0.00169472565 0 0 0
nt@synapse_cleft 3844 0.00469236242 0.00337173248 0.0068177697 0 0 0
nt@synapse_cleft 3846 -0.0203005564 0.00865032472 0.0148980119 0 0 0
nt@synapse_cleft 3848 0.0342611999 0.0308245088 0.0196285786 0 0 0
nt@synapse_cleft 3850 -0.0256529217 -0.000233566296 0.00929611702 0 0 0
nt@synapse_cleft 3859 0.0436033214 -0.00601653124 0.00209163935 0 0 0
nt@synapse_cleft 3879 0.0283782479 -0.054359728 0.0134927485 0 0 0
nt@synapse_cleft 3886 0.0358768976 0.0383719766 0.00273818377 0 0 0
nt@synapse_cleft 3891 0.0104748584 -0.0250125542 0.0044459532 0 0 0
nt@synapse_cleft 3902 -0.0319219918 0.00913671373 0.0154939273 0 0 0
nt@synapse_cleft 3907 -0.0242491983 -0.02845789 0.0142318119 0 0 0
nt@synapse_cleft 3909 0.0173362511 0.0362181612 0.00390624668 0 0 0
nt@synapse_cleft 3917 -0.0072138313 -0.029938743 0.00634279763 0 0 0
nt@synapse_cleft 3918 -0.011149382 -0.0127133564 0.0150494125 0 0 0
nt@synapse_cleft 3921 0.0300186414 0.0563531772 0.0117697588 0 0 0
nt@synapse_cleft 3927 -0.0104923913 0.0435557635 0.00565992598 0 0 0
nt@synapse_cleft 3932 0.0231746998 -0.0153351335 0.0133531077 0 0 0
nt@synapse_cleft 3941 -0.0223780108 0.00664289318 0.00128785604 0 0 0
nt@synapse_cleft 3952 -0.0320835077 0.016062688 0.0126816392 0 0 0
nt@synapse_cleft 3953 0.0244570233 -0.0284490913 0.00256227886 0 0 0
nt@synapse_cleft 3957 0.0329028828 -0.0146170591 0.0152601646 0 0 0
nt@synapse_cleft 3958 0.014509204 0.0143204863 0.0115451492 0 0 0
nt@synapse_cleft 3962 -0.0337738893 -0.00679926373 0.00406645075 0 0 0
nt@synapse_cleft 3963 0.0272183344 0.0248659599 0.0132542826 0 0 0
nt@synapse_cleft 3965 -0.035674834 -0.00542614578 0.00930123872 0 0 0
nt@synapse_cleft 3967 0.0168144627 -0.0164901925 0.00882715842 0 0 0
nt@synapse_cleft 3968 0.0233534897 -0.0105395068 0.00459284759 0 0 0
nt@synapse_cleft 3973 0.00819386187 -0.0156781552 0.0106718141 0 0 0
nt@synapse_cleft 3974 -0.026820968 0.0536243795 0.00784005164 0 0 0
nt@synapse_cleft 3977 0.0010507072 0.0366404623 0.00649482843 0 0 0
nt@synapse_cleft 3978 0.0185925864 0.00942289781 0.0156687966 0 0 0
nt@synapse_cleft 3983 -0.0323462753 -0.0270666298 0.00409844183 0 0 0
nt@synapse_cleft 3988 -0.0044106506 -0.0387441758 0.00912984701 0 0 0
nt@synapse_cleft 3991 0.0830936754 -0.0189452405 0.00514344996 0 0 0
nt@synapse_cleft 3993 -0.0469319668 0.000932770983 0.0109097337 0 0 0
nt@synapse_cleft 3997 -0.0556011104 -0.00535561633 0.0156077279 0 0 0
nt@synapse_cleft 3999 -0.0484911832 -0.0155104618 0.0112297244 0 0 0
nt@synapse_cleft 4011 0.0133209225 0.0243788466 0.00469706687 0 0 0
nt@synapse_cleft 4018 0.0178525956 0.0166393066 0.0185237575 0 0 0
nt@synapse_cleft 4027 0.0100835607 -0.0234415137 0.00123366069 0 0 0
nt@synapse_cleft 4028 -0.0244958816 0.0352108191 0.0198297278 0 0 0
nt@synapse_cleft 4037 -0.0126991274 0.0298490725 0.0159782881 0 0 0
nt@synapse_cleft 4040 0.0107812509 0.0175994496 0.0155012249 0 0 0
nt@synapse_cleft 4049 0.0287829425 0.00687135642 0.0183642143 0 0 0
nt@synapse_cleft 4051 0.0129785647 0.0105150974 0.00827437234 0 0 0
nt@synapse_cleft 4064 0.00437605794 0.0124602615 0.00784436951 0 0 0
nt@synapse_cleft 4070 -0.0153349421 0.00318010262 0.01842758 0 0 0
nt@synapse_cleft 4071 -0.0169808324 -0.0461100003 0.0147736766 0 0 0
nt@synapse_cleft 4087 -0.0201749064 0.0243789424 0.00624360725 0 0 0
nt@synapse_cleft 4094 0.0291433255 -0.0239310776 0.0105017851 0 0 0
nt@synapse_cleft 4095 0.0394938381 -0.0150811962 0.0181019632 0 0 0
nt@synapse_cleft 4103 -0.0146347703 -0.00139413121 0.0137200181 0 0 0
nt@synapse_cleft 4106 0.0224104558 0.0174011816 0.0182818228 0 0 0
nt@synapse_cleft 4111 0.059563063 0.0186368083 0.00935531308 0 0 0
nt@synapse_cleft 4115 -0.00637979588 0.00719545699 0.0130546277 0 0 0
nt@synapse_cleft 4119 0.0162818054 -0.0294758275 0.0110481113 0 0 0
nt@synapse_cleft 4123 -0.0102743981 0.0180229916 0.0173379316 0 0 0
nt@synapse_cleft 4126 0.0244415948 -0.021966518 0.00542758684 0 0 0
nt@synapse_cleft 4129 -0.0218043958 0.00754218129 0.0101586301 0 0 0
nt@synapse_cleft 4131 -0.0140459216 0.026738412 0.019957319 0 0 0
nt@synapse_cleft 4132 0.0304347293 0.0289008431 0.0137500399 0 0 0
nt@synapse_cleft 4135 0.0118818226 0.00115028234 0.00671530772 0 0 0
nt@synapse_cleft 4144 0.033818852 -0.00264281492 0.00400429898 0 0 0
nt@synapse_cleft 4150 -0.0482868533 -0.0514571935 0.00824764044 0 0 0
nt@synapse_cleft 4155 0.0131493505 -0.0600564911 0.0067215192 0 0 0
nt@synapse_cleft 4156 0.0415516146 -0.0080160821 0.00222596722 0 0 0
nt@synapse_cleft 4162 0.0444595276 -0.0188727129 0.00473363631 0 0 0
nt@synapse_cleft 4163 0.000781868584 0.0484891394 0.00825400481 0 0 0
nt@synapse_cleft 4170 -0.0419133975 0.0116374775 0.0142404111 0 0 0
nt@synapse_cleft 4177 -0.0609031632 0.066502436 0.00746783717 0 0 0
nt@synapse_cleft 4187 -0.0296278681 -0.0275353393 0.00737218854 0 0 0
nt@synapse_cleft 4193 0.000823228433 -0.0403475105 0.0024336707 0 0 0
nt@synapse_cleft 4214 -0.0451667168 -0.0102591615 0.0179668891 0 0 0
nt@synapse_cleft 4215 0.0223231891 -0.0592091955 0.0151911746 0 0 0
nt@synapse_cleft 4220 -0.0071819764 -0.0150611373 0.00722538355 0 0 0
nt@synapse_cleft 4228 0.0304322452 -0.00708156357 0.0180035544 0 0 0
nt@synapse_cleft 4230 -0.0288481409 0.0459485902 0.00176535905 0 0 0
nt@synapse_cleft 4233 0.0238233705 0.0247607944 0.00828307442 0 0 0
nt@synapse_cleft 4237 0.00871901444 -0.0170386528 0.0199262728 0 0 0
nt@synapse_cleft 4241 -0.0530283666 0.0151677689 0.0123304899 0 0 0
nt@synapse_cleft 4242 0.0257624915 -0.0309559365 0.00844323213 0 0 0
nt@synapse_cleft 4252 0.0379866104 0.00359602895 0.0188810623 0 0 0
nt@synapse_cleft 4254 -0.0162286762 0.0384162113 0.0106044389 0 0 0
nt@synapse_cleft 4255 -0.0253816406 -0.0284118906 0.018746201 0 0 0
nt@synapse_cleft 4279 0.0104999252 -0.047059181 0.0152954475 0 0 0
nt@synapse_cleft 4283 -0.0242643985 0.00581280687 0.0084498494 0 0 0
nt@synapse_cleft 4284 0.0649018919 -0.0263947071 0.0187867683 0 0 0
nt@synapse_cleft 4285 -0.0359945784 0.0561500493 0.00429445778 0 0 0
nt@synapse_cleft 4288 0.0212051126 -0.0153612927 0.0126962595 0 0 0
nt@synapse_cleft 4293 -0.0154729268 -0.0107962118 0.00618531728 0 0 0
nt@synapse_cleft 4297 0.0353356051 -0.0261803329 0.00519048999 0 0 0
nt@synapse_cleft 4301 0.0167154046 0.000144776066 0.0129704332 0 0 0
nt@synapse_cleft 4312 -0.0189919247 -0.0274940353 0.000880586351 0 0 0
nt@synapse_cleft 4317 -0.0137248114 0.0435992945 0.00710521578 0 0 0
nt@synapse_cleft 4326 0.0299984172 -0.00902571499 0.0178852099 0 0 0
nt@synapse_cleft 4330 -0.0234143324 0.00632643283 0.0138924051 0 0 0
nt@synapse_cleft 4334 0.0144756153 0.0157333935 0.00802675877 0 0 0
nt@synapse_cleft 4339 -0.00133574079 -0.017880597 0.0118343261 0 0 0
nt@synapse_cleft 4343 -0.0262048005 -0.0519819247 0.00403886067 0 0 0
nt@synapse_cleft 4346 0.00986392165 0.000815158105 0.0186276508 0 0 0
nt@synapse_cleft 4351 0.0363596876 0.0241726597 0.00899904682 0 0 0
nt@synapse_cleft 4360 0.0235940501 0.0076619799 0.00867615852 0 0 0
nt@synapse_cleft 4365 0.0124375782 0.0299992863 0.00808554332 0 0 0
nt@synapse_cleft 4374 -0.0117939347 -0.0151310573 0.0133805142 0 0 0
nt@synapse_cleft 4376 -0.0233644241 -0.0114741696 0.00183972264 0 0 0
nt@synapse_cleft 4381 -0.0181463028 -0.0332108417 0.0123375882 0 0 0
nt@synapse_cleft 4386 -0.0135611384 -0.0102130696 0.00228522651 0 0 0
nt@synapse_cleft 4392 -0.00622964278 0.0121372405 0.0199539064 0 0 0
nt@synapse_cleft 4395 0.016411881 -0.0327694595 0.0157562339 0 0 0
nt@synapse_cleft 4396 0.00713575541 -0.0627430185 0.00185078976 0 0 0
nt@synapse_cleft 4398 -0.0116079327 0.0195204473 0.017941917 0 0 0
nt@synapse_cleft 4399 0.0219101637 0.0495516344 0.00363124274 0 0 0
nt@synapse_cleft 4403 -0.014957722 -0.0190233881 0.0126768201 0 0 0
nt@synapse_cleft 4405 -0.0245148713 -0.0260907482 0.0128659935 0 0 0
nt@synapse_cleft 4414 -0.00365193724 -0.0310435999 0.0111427346 0 0 0
nt@synapse_cleft 4416 -0.015668183 -0.00291976971 0.0108962456 0 0 0
nt@synapse_cleft 4423 0.0139070248 -0.00641982423 0.0115464244 0 0 0
nt@synapse_cleft 4424 -0.0317340619 -0.0116589152 0.00297728644 0 0 0
nt@synapse_cleft 4430 5.93632626e-05 0.00476573344 0.010599368 0 0 0
nt@synapse_cleft 4431 0.0197377702 -0.02917677 0.00446968041 0 0 0
nt@synapse_cleft 4434 0.0249516041 -0.00671082705 0.0105552457 0 0 0
nt@synapse_cleft 4436 0.00700363604 0.0309039279 0.0181143222 0 0 0
nt@synapse_cleft 4446 -0.0131801503 0.0327713432 0.0166343297 0 0 0
nt@synapse_cleft 4449 0.0177593221 0.0598929005 0.0177550046 0 0 0
nt@synapse_cleft 4464 0.0174067049 -0.0194410173 0.0164262767 0 0 0
nt@synapse_cleft 4470 -0.016134603 -0.0428283545 0.00994642559 0 0 0
nt@synapse_cleft 4473 -0.0112392909 -0.000336538543 0.00434350631 0 0 0
nt@synapse_cleft 4478 -0.0209210119 0.0301538122 0.0128555428 0 0 0
nt@synapse_cleft 4480 0.0172766586 0.0470674407 0.0187421678 0 0 0
nt@synapse_cleft 4482 -0.0236372057 -0.020446185 0.00883676263 0 0 0
nt@synapse_cleft 4485 0.0122043694 -0.00276736192 0.00776176769 0 0 0
nt@synapse_cleft 4488 0.00996539619 0.000358271523 0.0131999522 0 0 0
nt@synapse_cleft 4489 0.00310878842 -0.0152897592 0.00478243963 0 0 0
nt@synapse_cleft 4496 -0.0444857888 0.0428910097 0.00134555155 0 0 0
nt@synapse_cleft 4499 -0.0037675405 0.014179293 0.0118270585 0 0 0
nt@synapse_cleft 4501 0.00776772479 0.0139059474 0.0166055997 0 0 0
nt@synapse_cleft 4517 -0.0368786552 0.0129686282 0.0017781424 0 0 0
nt@synapse_cleft 4527 0.0169732078 -0.0032828437 0.0152213128 0 0 0
nt@synapse_cleft 4538 -0.0386434844 -0.0479032158 0.000236458344 0 0 0
nt@synapse_cleft 4542 0.00175512588 0.0370903541 0.000722692663 0 0 0
nt@synapse_cleft 4545 -0.0326837197 0.0298201525 0.0154724144 0 0 0
nt@synapse_cleft 4551 -0.0130639154 0.0376884855 0.0135002101 0 0 0
nt@synapse_cleft 4553 -0.0320974685 -0.00883428443 0.0167613442 0 0 0
nt@synapse_cleft 4559 -0.0285676007 0.0348166311 0.0145265353 0 0 0
nt@synapse_cleft 4565 -0.0560284768 -0.0137224419 0.00525119503 0 0 0
nt@synapse_cleft 4572 0.0105886941 -0.0128079361 0.00701627068 0 0 0
nt@synapse_cleft 4574 0.0363098435 -0.0267171225 0.00723802024 0 0 0
nt@synapse_cleft 4576 -0.0367910465 -0.038716391 0.00722881159 0 0 0
nt@synapse_cleft 4583 -0.00444265272 -0.00114646957 0.00408294302 0 0 0
nt@synapse_cleft 4587 0.0236809872 0.0137359059 0.0196753344 0 0 0
nt@synapse_cleft 4590 -0.047717289 -0.0122138803 0.017981002 0 0 0
nt@synapse_cleft 4593 -0.030988637 0.0412744276 0.00278883863 0 0 0
nt@synapse_cleft 4594 0.0117623424 0.0135609988 0.00607679717 0 0 0
nt@synapse_cleft 4595 0.0231543268 -0.0366787464 0.000798147857 0 0 0
nt@synapse_cleft 4600 -0.0269770715 0.000815538953 0.00393332287 0 0 0
nt@synapse_cleft 4613 0.0592067579 0.00388505423 0.0121892919 0 0 0
nt@synapse_cleft 4620 0.0062105712 -0.0116679028 0.0143308445 0 0 0
nt@synapse_cleft 4654 0.00744817454 -0.023061491 0.00125325232 0 0 0
nt@synapse_cleft 4659 -0.0366565298 0.0315881654 0.00921019831 0 0 0
nt@synapse_cleft 4661 -0.00281992559 -0.0395269804 0.0178245384 0 0 0
nt@synapse_cleft 4666 0.0581063197 0.0344293831 0.018129695 0 0 0
nt@synapse_cleft 4681 0.00407782506 -0.0181892587 0.00454735581 0 0 0
nt@synapse_cleft 4687 0.00522340268 0.0122518136 0.014082294 0 0 0
nt@synapse_cleft 4700 -0.0292729521 0.0643424779 0.0191203336 0 0 0
nt@synapse_cleft 4701 0.0205935416 0.0127241704 0.0180895314 0 0 0
nt@synapse_cleft 4709 -0.00754876646 0.00644094711 0.0063761402 0 0 0
nt@synapse_cleft 4710 -0.0206044733 -0.041970246 0.0039434311 0 0 0
nt@synapse_cleft 4718 0.0554758771 0.0168220152 0.0167404742 0 0 0
nt@synapse_cleft 4736 -0.00561287814 0.00878370253 0.0067254224 0 0 0
nt@synapse_cleft 4750 -0.00443390931 -0.062962326 0.000170556609 0 0 0
nt@synapse_cleft 4753 -0.0229822703 0.00614936923 0.00540320223 0 0 0
nt@synapse_cleft 4754 -0.00910362157 0.000913537523 0.0083326424 0 0 0
nt@synapse_cleft 4756 -0.00768063822 -0.00195254934 0.00831453626 0 0 0
nt@synapse_cleft 4758 -0.034912534 0.00886175498 0.0179667135 0 0 0
nt@synapse_cleft 4764 0.0148697238 -0.0119681727 0.00428377841 0 0 0
nt@synapse_cleft 4779 0.0284701868 -0.0317688589 0.0176089203 0 0 0
nt@synapse_cleft 4784 0.0220055481 0.00568165867 0.0158200938 0 0 0
nt@synapse_cleft 4786 -0.0224309662 0.0136736274 0.0139063562 0 0 0
nt@synapse_cleft 4791 0.043303106 -0.0107166684 0.0152653325 0 0 0
nt@synapse_cleft 4793 -0.0362508084 0.00236752633 0.0137201557 0 0 0
nt@synapse_cleft 4800 0.0193128354 -0.00289930558 0.00947230037 0 0 0
nt@synapse_cleft 4801 -0.010706938 0.00927700905 0.0177728405 0 0 0
nt@synapse_cleft 4814 -0.0278346159 0.016046353 0.00212534351 0 0 0
nt@synapse_cleft 4816 -0.0376073461 -0.0182008519 0.0123065908 0 0 0
nt@synapse_cleft 4822 -0.0215329879 -0.0207325634 0.015102104 0 0 0
nt@synapse_cleft 4823 -0.00497093642 0.0208091711 0.0190277506 0 0 0
nt@synapse_cleft 4829 0.0244505352 -0.0701327587 0.00113935561 0 0 0
nt@synapse_cleft 4830 -0.029370503 0.0147294542 0.0171828145 0 0 0
nt@synapse_cleft 4833 -0.00271069393 -0.0210936187 0.00471182898 0 0 0
nt@synapse_cleft 4839 -0.00199790669 -0.00284072955 0.00508531333 0 0 0
nt@synapse_cleft 4844 0.0639946719 -0.0176461163 0.0063445438 0 0 0
nt@synapse_cleft 4852 -0.0222021547 -0.0253082596 0.00752925719 0 0 0
nt@synapse_cleft 4855 0.0306451929 0.0215791854 0.0180589789 0 0 0
nt@synapse_cleft 4871 0.0166732016 0.0120372959 0.00310477053 0 0 0
nt@synapse_cleft 4880 -0.00669797534 -0.0240792366 0.010423674 0 0 0
nt@synapse_cleft 4883 -0.0470918081 -0.00797729059 0.0113330824 0 0 0
nt@synapse_cleft 4892 -0.0268328523 0.0273496144 0.0124300267 0 0 0
nt@synapse_cleft 4896 -0.0226708699 -0.0342666022 0.0106932112 0 0 0
nt@synapse_cleft 4897 0.0249398599 -0.0152369889 0.0120630287 0 0 0
nt@synapse_cleft 4901 0.0258515609 0.00884550654 0.0117033987 0 0 0
nt@synapse_cleft 4905 -0.0285195011 0.000816958072 0.00654176597 0 0 0
nt@synapse_cleft 4906 -0.0111729456 -0.0380120768 0.00155774202 0 0 0
nt@synapse_cleft 4918 -0.0126642078 0.0344070378 0.0174362095 0 0 0
nt@synapse_cleft 4919 -0.0155782962 0.000329932899 0.0132236779 0 0 0
nt@synapse_cleft 4925 0.0017390462 0.00425504267 0.00827200839 0 0 0
nt@synapse_cleft 4937 -0.0613701211 0.00872049121 0.0126161971 0 0 0
nt@synapse_cleft 4946 -0.018067789 0.00901173704 0.00263020417 0 0 0
nt@synapse_cleft 4956 0.0293731903 -0.00521413548 0.0171922842 0 0 0
nt@synapse_cleft 4967 -0.0136029646 0.0192360054 0.017254684 0 0 0
nt@synapse_cleft 4972 0.0262671612 -0.0295760553 0.0108075021 0 0 0
nt@synapse_cleft 4973 -0.01194283 0.0430120428 0.0195237752 0 0 0
nt@synapse_cleft 4979 0.00250694075 -0.00182306812 0.00424563744 0 0 0
nt@synapse_cleft 4981 0.00743690235 -0.048511425 0.00597129763 0 0 0
nt@synapse_cleft 4982 0.00403941337 0.0157454097 0.00906739358 0 0 0
nt@synapse_cleft 4983 -0.0345359865 0.010616937 0.004535431 0 0 0
nt@synapse_cleft 4991 0.00178778353 -0.00749833053 0.00604525275 0 0 0
nt@synapse_cleft 5004 -0.0194196419 -0.00425232522 0.00306230575 0 0 0
nt@synapse_cleft 5006 0.00447138019 -0.00760540873 0.00675852921 0 0 0
nt@synapse_cleft 5009 -0.035629742 0.0105879351 0.00129353469 0 0 0
nt@synapse_cleft 5011 -0.0211884048 -0.024463822 0.00897017601 0 0 0
nt@synapse_cleft 5015 -0.0228422316 -0.0183362806 0.0130801381 0 0 0
nt@synapse_cleft 5024 0.000641746984 -0.0100379534 0.0130517065 0 0 0
nt@synapse_cleft 5044 -0.0416932298 0.0154343933 0.00946119087 0 0 0
nt@synapse_cleft 5045 0.0458720862 0.0357435077 0.00610368499 0 0 0
nt@synapse_cleft 5046 -0.000986542466 -0.0151916016 0.00142072379 0 0 0
nt@synapse_cleft 5052 0.0106865645 -0.0130805036 0.00490561661 0 0 0
nt@synapse_cleft 5055 -0.00610846345 0.0208834179 0.0161105182 0 0 0
nt@synapse_cleft 5059 -0.0324954242 0.0167887193 0.0163245457 0 0 0
nt@synapse_cleft 5061 0.0187888695 -0.0315272095 0.00143865373 0 0 0
nt@synapse_cleft 5063 -0.025687001 0.0391618078 0.016230702 0 0 0
nt@synapse_cleft 5081 0.0161792736 -0.00461983632 0.00513874763 0 0 0
nt@synapse_cleft 5082 0.00321249691 0.0495490036 0.00144475306 0 0 0
nt@synapse_cleft 5086 0.017231029 0.039078044 0.00629316253 0 0 0
nt@synapse_cleft 5106 0.0066334832 -0.0143913862 0.00916654729 0 0 0
nt@synapse_cleft 5133 -0.0239001136 0.0189605609 0.0160478927 0 0 0
nt@synapse_cleft 5145 0.0241258841 0.0365551179 0.0165946225 0 0 0
nt@synapse_cleft 5154 0.00349995511 0.0120435752 0.018054605 0 0 0
nt@synapse_cleft 5159 -0.0413241742 -0.00921765996 0.00669738771 0 0 0
nt@synapse_cleft 5164 0.0193565684 -0.000303319732 0.00440447236 0 0 0
nt@synapse_cleft 5173 -0.0285418641 0.00143335793 0.0100812359 0 0 0
nt@synapse_cleft 5176 -0.0331132155 0.0631929292 0.0152987417 0 0 0
nt@synapse_cleft 5179 0.0221905885 0.000274994869 0.00718936644 0 0 0
nt@synapse_cleft 5182 0.0539389705 0.0122887118 0.00282741785 0 0 0
nt@synapse_cleft 5183 0.0502757532 -0.00346720559 0.0177696626 0 0 0
nt@synapse_cleft 5196 0.00331138515 0.00860357088 0.0124447036 0 0 0
nt@synapse_cleft 5198 0.00204887589 -0.00782670701 0.0172440837 0 0 0
