nt@synapse_cleft 0 0.0345036091 0.00137894922 0.0131763898 0 0 0
nt@synapse_cleft 2 -0.05500257 0.0153275503 0.000757640865 0 0 0
nt@synapse_cleft 7 0.0390797091 0.0188783528 0.000147561145 0 0 0
nt@synapse_cleft 9 0.0403286407 -0.0405827895 0.0148560153 0 0 0
nt@synapse_cleft 12 0.00887178207 0.0489815744 0.00573386348 0 0 0
nt@synapse_cleft 15 0.00120538023 0.0180954934 0.00677936837 0 0 0
nt@synapse_cleft 17 0.0340216645 0.00846170549 0.00347285019 0 0 0
nt@synapse_cleft 26 -0.0313671089 0.0084326379 0.0171862947 0 0 0
nt@synapse_cleft 35 0.00899483004 0.0516002189 0.0143561055 0 0 0
nt@synapse_cleft 45 -0.0199335564 0.0236836434 0.0120707157 0 0 0
nt@synapse_cleft 54 0.00765444712 0.011590703 0.00886655404 0 0 0
nt@synapse_cleft 56 -0.0224848627 -0.0264077519 0.00435426575 0 0 0
nt@synapse_cleft 87 -0.00488034896 -0.00224312275 0.00301427564 0 0 0
nt@synapse_cleft 89 0.0342650141 -0.0172641383 0.0143467889 0 0 0
nt@synapse_cleft 100 -0.0252227389 -0.0293551314 0.00116296103 0 0 0
nt@synapse_cleft 103 0.0390113899 -0.00648297972 0.00268083825 0 0 0
nt@synapse_cleft 111 -0.0315857152 0.0444032397 0.00361841738 0 0 0
nt@synapse_cleft 114 0.0434591206 -0.0298887761 0.00320799378 0 0 0
nt@synapse_cleft 115 0.00183506592 -0.0209208031 0.0196800905 0 0 0
nt@synapse_cleft 137 -0.0602652052 -0.0275915864 0.00695381967 0 0 0
nt@synapse_cleft 150 -0.00714497574 0.0314356821 0.0109115494 0 0 0
nt@synapse_cleft 156 -0.00441610369 -0.0179543637 0.00278546698 0 0 0
nt@synapse_cleft 167 -0.0171879325 -0.0339460283 0.0101237252 0 0 0
nt@synapse_cleft 188 -0.0127979351 -0.0240911559 0.00772102676 0 0 0
nt@synapse_cleft 194 -0.0121086368 -0.0342031805 0.0031168494 0 0 0
nt@synapse_cleft 195 0.0407027654 0.0597308932 0.00284366747 0 0 0
nt@synapse_cleft 199 0.0299613778 0.0124536223 0.00629806557 0 0 0
nt@synapse_cleft 206 -0.00788135045 -0.0349212365 0.0152500389 0 0 0
nt@synapse_cleft 224 -0.0224665819 0.0446569644 0.0196090794 0 0 0
nt@synapse_cleft 231 0.00270126352 0.0543297572 0.00735860827 0 0 0
nt@synapse_cleft 235 0.00267495073 0.00521972655 0.0074913322 0 0 0
nt@synapse_cleft 244 -0.00814419853 0.0222333026 0.00206152411 0 0 0
nt@synapse_cleft 248 0.0375120098 -0.0232668324 0.0110100294 0 0 0
nt@synapse_cleft 256 -0.0294463783 0.00367893194 0.00145128061 0 0 0
nt@synapse_cleft 284 -0.0428274989 0.0958287035 0.0149362408 0 0 0
nt@synapse_cleft 306 0.0204121642 -0.0366840675 0.0127708113 0 0 0
nt@synapse_cleft 307 -0.00755002383 -0.011824805 0.00739867133 0 0 0
nt@synapse_cleft 318 -0.0215646591 -0.0061337045 0.00504227655 0 0 0
nt@synapse_cleft 321 0.0276335223 0.0260040005 0.0103663464 0 0 0
nt@synapse_cleft 325 -0.0641927877 0.0902677981 0.0151057118 0 0 0
nt@synapse_cleft 347 -0.00564151889 -0.0032843082 0.00392986022 0 0 0
nt@synapse_cleft 348 -0.0168071272 -0.0324934641 0.00600224061 0 0 0
nt@synapse_cleft 350 -0.00595469077 -0.00265753424 0.0149883253 0 0 0
nt@synapse_cleft 361 -0.0281334159 0.0106509779 0.0119118259 0 0 0
nt@synapse_cleft 371 -0.00490628291 0.0400386457 0.00817756141 0 0 0
nt@synapse_cleft 376 -0.0234714646 0.0155662802 0.00640436424 0 0 0
nt@synapse_cleft 385 0.0168998456 0.00213332898 0.00711176131 0 0 0
nt@synapse_cleft 406 -0.0279083309 -0.03801611 0.0019934509 0 0 0
nt@synapse_cleft 421 -0.0560281742 0.0204395536 0.00276217552 0 0 0
nt@synapse_cleft 426 0.0560852359 -0.0314802766 0.0160480593 0 0 0
nt@synapse_cleft 429 -0.0149515978 0.018217576 0.0143927881 0 0 0
nt@synapse_cleft 440 0.0514725284 -0.00861912811 0.0188675772 0 0 0
nt@synapse_cleft 444 0.00951892678 0.0627716855 0.00882806411 0 0 0
nt@synapse_cleft 449 -0.00446371196 -0.0178038697 0.00703513736 0 0 0
nt@synapse_cleft 452 0.0312138388 0.0500059099 0.00847752556 0 0 0
nt@synapse_cleft 455 0.0148035492 -0.0302216389 0.0181090463 0 0 0
nt@synapse_cleft 477 0.0129401036 0.00706951508 0.0199623004 0 0 0
nt@synapse_cleft 479 -0.0171345379 0.0174250152 0.00628828272 0 0 0
nt@synapse_cleft 482 0.0119963263 0.00309389428 0.00697371864 0 0 0
nt@synapse_cleft 499 0.0247292731 0.00812856348 0.0085616723 0 0 0
nt@synapse_cleft 501 0.0193801236 0.0117261749 0.00561317837 0 0 0
nt@synapse_cleft 503 0.0200840511 -0.0261019176 0.0160231376 0 0 0
nt@synapse_cleft 510 0.022755732 -9.06107068e-05 0.0185263384 0 0 0
nt@synapse_cleft 522 -0.0526559917 0.0199009468 0.0196628371 0 0 0
nt@synapse_cleft 524 -0.0105062771 0.0220555807 0.00171104285 0 0 0
nt@synapse_cleft 530 0.0183527125 -0.00333812223 0.0042815784 0 0 0
nt@synapse_cleft 536 -0.0210888266 -0.0514749101 0.000249415988 0 0 0
nt@synapse_cleft 544 0.0185777074 -0.0118420496 0.0147382752 0 0 0
nt@synapse_cleft 546 -0.0569045994 0.0120138745 0.00539422247 0 0 0
nt@synapse_cleft 549 0.0711479278 -0.0186782367 0.0082745312 0 0 0
nt@synapse_cleft 551 0.0275716281 -0.0189519128 0.00475781204 0 0 0
nt@synapse_cleft 557 -0.0488672888 0.0165800202 0.0114902224 0 0 0
nt@synapse_cleft 558 -0.00148513 -0.00588151888 0.00326108147 0 0 0
nt@synapse_cleft 563 -0.00826609275 -0.0772097284 0.00335966095 0 0 0
nt@synapse_cleft 572 -0.0223768808 0.00711633692 0.000788550944 0 0 0
nt@synapse_cleft 575 -0.017832248 -0.00386391367 0.0108475409 0 0 0
nt@synapse_cleft 591 -0.00435622148 0.015083072 0.00442874072 0 0 0
nt@synapse_cleft 596 -0.00895843799 0.0199995226 0.000966707861 0 0 0
nt@synapse_cleft 598 -0.00587734025 0.0300700484 0.00899370111 0 0 0
nt@synapse_cleft 620 -0.0177225329 -0.0178724306 0.0136632702 0 0 0
nt@synapse_cleft 624 0.0230291484 -0.0140938152 0.00151196137 0 0 0
nt@synapse_cleft 627 -0.0304096054 -0.0354616509 0.0186984631 0 0 0
nt@synapse_cleft 629 -0.00426962236 -0.00892494309 0.000188036929 0 0 0
nt@synapse_cleft 633 -0.0391924938 0.0364117498 0.0165532164 0 0 0
nt@synapse_cleft 634 0.0146710613 0.0187745073 0.0180718995 0 0 0
nt@synapse_cleft 639 -0.0144686288 -0.0205158204 0.0085740965 0 0 0
nt@synapse_cleft 645 -0.0042341777 0.00742597762 0.0168918302 0 0 0
nt@synapse_cleft 647 -0.00655945628 0.0271044389 0.00852821552 0 0 0
nt@synapse_cleft 661 -0.0238205659 -0.0422370017 0.0107963519 0 0 0
nt@synapse_cleft 664 -0.00565825654 0.0135609971 0.00187534754 0 0 0
nt@synapse_cleft 678 0.00322815763 -0.032323277 0.0064635243 0 0 0
nt@synapse_cleft 681 0.0153557836 -0.0337589585 0.00635175582 0 0 0
nt@synapse_cleft 693 0.00316769757 0.024651221 0.00975310841 0 0 0
nt@synapse_cleft 698 0.000389182394 -0.0131439302 0.0197449561 0 0 0
nt@synapse_cleft 699 -0.0174285112 -0.0642962299 0.00331561387 0 0 0
nt@synapse_cleft 712 -0.0102274348 0.00322676777 0.0121277131 0 0 0
nt@synapse_cleft 721 0.018906513 -0.0273480715 0.00607927602 0 0 0
nt@synapse_cleft 726 -0.0111706805 0.022607584 0.00749516853 0 0 0
nt@synapse_cleft 727 -0.0379438445 0.0190288387 0.000576312199 0 0 0
nt@synapse_cleft 728 0.0011483024 0.0194729451 0.0011275931 0 0 0
nt@synapse_cleft 732 0.0127047009 0.0364848164 0.00634082375 0 0 0
nt@synapse_cleft 735 -0.0771168472 -0.00363619892 0.00644823376 0 0 0
nt@synapse_cleft 741 0.0472045086 0.0106288943 0.00860028128 0 0 0
nt@synapse_cleft 750 0.0229506076 0.0215734634 0.0167011791 0 0 0
nt@synapse_cleft 754 -0.0115280729 -0.0230813409 0.00404684344 0 0 0
nt@synapse_cleft 760 -0.00806290377 -0.052026904 0.00761830569 0 0 0
nt@synapse_cleft 765 -0.0179831301 0.0503096478 0.0106241936 0 0 0
nt@synapse_cleft 768 -0.0109236464 -0.00536420279 0.0118822382 0 0 0
nt@synapse_cleft 769 -0.00361963446 0.0478470531 0.0148040724 0 0 0
nt@synapse_cleft 779 -0.0221307642 0.00568154323 0.00175654608 0 0 0
nt@synapse_cleft 797 0.00364698825 0.0481919389 0.00273291358 0 0 0
nt@synapse_cleft 803 -0.0200438123 -0.0612237553 0.0075183749 0 0 0
nt@synapse_cleft 816 0.010778356 0.012570718 0.00211102386 0 0 0
nt@synapse_cleft 831 0.0290550157 -0.0116019012 0.00472119197 0 0 0
nt@synapse_cleft 833 -0.0158155289 -0.0154207941 0.017440951 0 0 0
nt@synapse_cleft 837 -0.00984842026 -0.00516148062 0.00562821629 0 0 0
nt@synapse_cleft 844 -0.03158069 0.0252257032 0.00765297148 0 0 0
nt@synapse_cleft 847 0.00571937911 -0.00767803141 0.0195269417 0 0 0
nt@synapse_cleft 850 -0.00672688468 0.0174436949 0.019404958 0 0 0
nt@synapse_cleft 854 -0.00377869653 0.0356430192 0.00661178236 0 0 0
nt@synapse_cleft 866 -0.0212205597 -0.0216051064 0.00504919977 0 0 0
nt@synapse_cleft 877 -0.0496331116 0.0237118055 0.000530082149 0 0 0
nt@synapse_cleft 884 0.0197409259 -0.0124224686 0.0194477524 0 0 0
nt@synapse_cleft 904 -0.066727955 0.0118386604 0.0124176936 0 0 0
nt@synapse_cleft 908 -0.0507102428 -0.0362235758 0.000579694456 0 0 0
nt@synapse_cleft 909 0.0306377512 0.00155668468 0.00790712407 0 0 0
nt@synapse_cleft 913 -0.0273309288 0.0261012684 0.0185921739 0 0 0
nt@synapse_cleft 918 0.0818456904 0.0114166895 0.0146820731 0 0 0
nt@synapse_cleft 932 0.0197920084 -0.0690790084 0.0147935367 0 0 0
nt@synapse_cleft 938 -0.0111257503 -0.014701694 0.0138311503 0 0 0
nt@synapse_cleft 940 -0.0567483057 -0.0560960249 0.0120917471 0 0 0
nt@synapse_cleft 942 0.0160610501 -0.051827716 0.0120562622 0 0 0
nt@synapse_cleft 943 0.0396666318 0.00288766547 0.0181819672 0 0 0
nt@synapse_cleft 944 -0.00906406256 -0.0519750079 0.00291667618 0 0 0
nt@synapse_cleft 945 -0.000880776655 0.0403991263 0.00486325469 0 0 0
nt@synapse_cleft 947 -0.0276154809 0.0135805721 0.0139230058 0 0 0
nt@synapse_cleft 953 -0.0269806065 -0.00627224063 0.0109846012 0 0 0
nt@synapse_cleft 957 0.0647509253 -0.0186526413 0.00734052558 0 0 0
nt@synapse_cleft 961 -0.0202615229 -0.0078854509 0.00886119929 0 0 0
nt@synapse_cleft 967 0.0436180683 -0.00214833858 0.0101378564 0 0 0
nt@synapse_cleft 978 -0.0627898331 0.00487679967 0.0140274271 0 0 0
nt@synapse_cleft 998 0.00596932434 -0.0155958921 0.0193276941 0 0 0
nt@synapse_cleft 999 0.0583467603 -0.0409642157 0.0181632778 0 0 0
nt@synapse_cleft 1002 0.00478209679 0.0208595891 0.0179131518 0 0 0
nt@synapse_cleft 1013 -0.0387087565 0.0455952807 0.0146947874 0 0 0
nt@synapse_cleft 1018 -0.00586543354 -0.0102529738 0.00396761981 0 0 0
nt@synapse_cleft 1027 0.0287394486 0.0464861226 0.0107352096 0 0 0
nt@synapse_cleft 1035 -0.0440109775 -0.0263535191 0.00185803217 0 0 0
nt@synapse_cleft 1048 -0.0218538254 -0.0418596553 0.0169793944 0 0 0
nt@synapse_cleft 1062 0.0455327951 0.0172574545 0.0145702581 0 0 0
nt@synapse_cleft 1077 -0.0496040352 0.00185591237 0.00851239332 0 0 0
nt@synapse_cleft 1080 -0.0441367694 0.0252559418 0.0168995858 0 0 0
nt@synapse_cleft 1092 -0.0254304662 -0.00978398525 0.00556102379 0 0 0
nt@synapse_cleft 1107 0.00334828827 0.00159126212 0.000516075958 0 0 0
nt@synapse_cleft 1113 -0.0324735309 -0.00401234988 0.0121198928 0 0 0
nt@synapse_cleft 1114 -0.0033654989 -0.0256516011 0.0153528398 0 0 0
nt@synapse_cleft 1130 0.0117365759 -0.00651419615 0.0159797708 0 0 0
nt@synapse_cleft 1136 -0.00636841321 -0.0361029034 0.0101201534 0 0 0
nt@synapse_cleft 1140 0.00342815891 -0.045991528 0.0168314436 0 0 0
nt@synapse_cleft 1144 -0.00097977634 -0.0158807285 0.0141247682 0 0 0
nt@synapse_cleft 1145 0.0811867545 0.00217359043 0.0139734113 0 0 0
nt@synapse_cleft 1149 -0.025924901 0.00450539788 0.008030982 0 0 0
nt@synapse_cleft 1152 0.0509188354 0.00500015491 0.0117790865 0 0 0
nt@synapse_cleft 1165 0.0654516273 0.0316697958 0.0166374524 0 0 0
nt@synapse_cleft 1167 0.0455092439 0.0343998045 0.0192434978 0 0 0
nt@synapse_cleft 1172 -0.00467923549 0.000134675943 0.0184385545 0 0 0
nt@synapse_cleft 1177 -0.0169329699 0.088397862 0.00849605648 0 0 0
nt@synapse_cleft 1186 -0.0628268346 0.0137292226 0.0032314323 0 0 0
nt@synapse_cleft 1193 -0.0175174921 -0.031696672 0.00846392371 0 0 0
nt@synapse_cleft 1200 -0.00329399543 0.012274686 0.00914916023 0 0 0
nt@synapse_cleft 1203 -0.022354409 0.0269735184 0.0122110436 0 0 0
nt@synapse_cleft 1204 0.0202758738 0.031718877 0.00109743029 0 0 0
nt@synapse_cleft 1205 -0.0155088703 -0.0260208118 0.0155766313 0 0 0
nt@synapse_cleft 1206 -0.0160336611 0.00928811312 0.00382313837 0 0 0
nt@synapse_cleft 1237 -0.0365164717 -0.00872062228 0.00406191409 0 0 0
nt@synapse_cleft 1238 -0.0503776959 -0.0425593721 0.0119697348 0 0 0
nt@synapse_cleft 1248 0.0159255096 0.0543202838 0.00344189921 0 0 0
nt@synapse_cleft 1251 -0.0330952421 0.00522835663 0.0124987826 0 0 0
nt@synapse_cleft 1252 -0.0118325832 -0.0149944652 0.0172186016 0 0 0
nt@synapse_cleft 1270 0.0537647661 0.0284893169 0.00434247423 0 0 0
nt@synapse_cleft 1289 0.063327305 -0.00167211043 0.00870571046 0 0 0
nt@synapse_cleft 1298 -0.00890750022 -0.022259632 0.0165819916 0 0 0
nt@synapse_cleft 1302 -0.0224587444 0.0367470948 0.00164055258 0 0 0
nt@synapse_cleft 1311 0.00873422575 -0.0302575004 0.0053097156 0 0 0
nt@synapse_cleft 1316 -0.0335527441 -0.0198919983 0.00539428475 0 0 0
nt@synapse_cleft 1326 0.00994135793 0.00358855157 0.0160529985 0 0 0
nt@synapse_cleft 1328 0.0205480967 0.0154363748 0.0191214614 0 0 0
nt@synapse_cleft 1343 0.017443071 -0.0152065113 0.00823649123 0 0 0
nt@synapse_cleft 1347 -0.0428953446 -0.015671029 0.00529158907 0 0 0
nt@synapse_cleft 1349 0.0244093948 -0.011618887 0.008115838 0 0 0
nt@synapse_cleft 1368 0.0151877363 0.000462953321 0.0138229524 0 0 0
nt@synapse_cleft 1372 -0.00112245635 0.0344509938 0.00895930775 0 0 0
nt@synapse_cleft 1380 -0.0247867597 0.0280211078 0.0170997894 0 0 0
nt@synapse_cleft 1384 -0.0405769967 0.0110168443 0.0107420816 0 0 0
nt@synapse_cleft 1400 -0.0358474698 0.038091391 0.000768688271 0 0 0
nt@synapse_cleft 1403 0.00206107532 0.00719832524 0.0057440934 0 0 0
nt@synapse_cleft 1408 -0.0306099307 -0.0150528505 0.0136970831 0 0 0
nt@synapse_cleft 1416 0.0149586684 0.0277985047 0.0169458279 0 0 0
nt@synapse_cleft 1419 -0.00243884223 -0.00324784452 0.00615914543 0 0 0
nt@synapse_cleft 1425 -0.00813305173 -0.0260278202 0.00208667272 0 0 0
nt@synapse_cleft 1427 0.009606679 -0.0185404587 0.000446681865 0 0 0
nt@synapse_cleft 1438 -0.0317640578 -0.0138471711 0.0119389475 0 0 0
nt@synapse_cleft 1440 -0.0154688563 0.0358349819 0.00290797088 0 0 0
nt@synapse_cleft 1442 0.000382220402 0.0216008918 0.0167343478 0 0 0
nt@synapse_cleft 1444 -0.0230867195 -0.00559036641 8.5928828e-05 0 0 0
nt@synapse_cleft 1446 -0.0115135585 -0.0351387379 0.00878460186 0 0 0
nt@synapse_cleft 1452 -0.0418515664 -0.0299132295 0.00842764889 0 0 0
nt@synapse_cleft 1455 -0.0271136426 0.00631225916 0.0125198845 0 0 0
nt@synapse_cleft 1470 -0.0913396921 -0.0458428121 0.00412076088 0 0 0
nt@synapse_cleft 1472 -0.0647387411 -0.00590465072 0.00747733166 0 0 0
nt@synapse_cleft 1479 -0.0187296854 0.0406963893 0.00593772393 0 0 0
nt@synapse_cleft 1481 4.1660731e-05 -0.00426218403 0.0113614668 0 0 0
nt@synapse_cleft 1484 -0.00294672032 0.0250760777 0.0125164727 0 0 0
nt@synapse_cleft 1485 -0.00438800997 -0.0318105994 0.0121389397 0 0 0
nt@synapse_cleft 1487 -0.00193161292 -0.0320515007 0.011828678 0 0 0
nt@synapse_cleft 1488 0.042354239 0.0167817618 0.014352849 0 0 0
nt@synapse_cleft 1496 -0.0121252735 0.0435566541 0.00617205262 0 0 0
nt@synapse_cleft 1506 0.0236550783 0.0103926544 0.0100341322 0 0 0
nt@synapse_cleft 1508 0.0526977995 0.0120816325 0.010825977 0 0 0
nt@synapse_cleft 1512 0.0285341448 -0.00706135699 0.0138498367 0 0 0
nt@synapse_cleft 1527 -0.0102331475 0.042452101 0.00254740589 0 0 0
nt@synapse_cleft 1528 -0.0473161931 0.00405025109 0.00770644583 0 0 0
nt@synapse_cleft 1531 0.000579925047 0.00836578496 0.00139052112 0 0 0
nt@synapse_cleft 1538 0.00282484405 0.00992454057 0.0135258642 0 0 0
nt@synapse_cleft 1542 -0.00849139383 0.0209895971 0.0100587468 0 0 0
nt@synapse_cleft 1553 0.0510145319 0.0130011634 0.0146413115 0 0 0
nt@synapse_cleft 1561 0.00797732931 -0.0498183507 0.0174888356 0 0 0
nt@synapse_cleft 1565 -0.00805108215 -0.013828101 0.0167995327 0 0 0
nt@synapse_cleft 1571 -0.0286208532 -0.0331141017 0.0141656258 0 0 0
nt@synapse_cleft 1573 0.00551400527 0.0338470216 0.0137979385 0 0 0
nt@synapse_cleft 1600 0.017673912 -0.0406642135 0.0175470704 0 0 0
nt@synapse_cleft 1605 0.0288584794 -0.0143517901 0.0142980522 0 0 0
nt@synapse_cleft 1606 -0.0484511019 -0.000128194245 0.00274276611 0 0 0
nt@synapse_cleft 1611 0.0214700326 -0.0139091317 0.0061265417 0 0 0
nt@synapse_cleft 1617 -0.0201430826 -0.0412127878 0.0130322 0 0 0
nt@synapse_cleft 1628 0.0166411223 0.0347470192 0.000365841317 0 0 0
nt@synapse_cleft 1641 0.0307946991 0.0341115691 0.00774739919 0 0 0
nt@synapse_cleft 1655 0.0119028844 0.025554988 0.0131298381 0 0 0
nt@synapse_cleft 1658 0.0248678073 0.0478899738 0.00802928999 0 0 0
nt@synapse_cleft 1675 -0.0137000363 0.0204666431 0.0183322435 0 0 0
nt@synapse_cleft 1678 0.00727361392 -0.00960769939 0.0045084741 0 0 0
nt@synapse_cleft 1681 0.0131808883 -0.017384766 0.0086497078 0 0 0
nt@synapse_cleft 1686 -0.0144934454 0.0422038498 0.0154454732 0 0 0
nt@synapse_cleft 1687 -0.0393027057 -0.039165994 0.0122556394 0 0 0
nt@synapse_cleft 1689 0.00395333815 0.0148825718 0.00193571237 0 0 0
nt@synapse_cleft 1692 -0.0275183868 0.00195335365 0.0157274768 0 0 0
nt@synapse_cleft 1695 0.0312349326 -0.00823629658 0.00350492808 0 0 0
nt@synapse_cleft 1701 0.0146841177 0.00445955669 0.00243548932 0 0 0
nt@synapse_cleft 1707 -0.023829098 -0.0148883351 0.01742255 0 0 0
nt@synapse_cleft 1715 0.00768902596 0.0171571625 0.00954450376 0 0 0
nt@synapse_cleft 1721 0.0302552677 -0.0547228119 0.0138230674 0 0 0
nt@synapse_cleft 1729 -0.0102637034 -0.02892193 0.0159108811 0 0 0
nt@synapse_cleft 1736 0.0283162071 0.00519817939 0.00479151189 0 0 0
nt@synapse_cleft 1742 0.0167659483 -0.0592276893 0.0119450951 0 0 0
nt@synapse_cleft 1743 0.0196722313 0.032003308 0.00712807654 0 0 0
nt@synapse_cleft 1745 -0.0165032268 0.0219254899 0.00135209248 0 0 0
nt@synapse_cleft 1746 0.0164804724 -0.0251594327 0.00614510679 0 0 0
nt@synapse_cleft 1751 0.0507177173 0.00286739797 0.0178313373 0 0 0
nt@synapse_cleft 1759 -0.0144679732 -0.0187201091 0.00920445237 0 0 0
nt@synapse_cleft 1762 -0.0207202612 -0.0172529569 0.00487772749 0 0 0
nt@synapse_cleft 1768 0.00252262571 -0.0472957964 0.0186159952 0 0 0
nt@synapse_cleft 1775 -0.0167021399 -0.00804767995 0.0160441942 0 0 0
nt@synapse_cleft 1781 -0.00728382051 0.051679321 0.00916800357 0 0 0
nt@synapse_cleft 1793 0.0258075665 0.0365184253 0.0108491906 0 0 0
nt@synapse_cleft 1795 0.0371354457 -0.0196768619 0.0126412891 0 0 0
nt@synapse_cleft 1804 0.0126801828 0.0249792728 0.0180199528 0 0 0
nt@synapse_cleft 1815 -0.0225148772 -0.0172866585 0.00234166509 0 0 0
nt@synapse_cleft 1824 0.0341137364 -0.00468662778 0.00348872096 0 0 0
nt@synapse_cleft 1829 0.0477164909 -0.0118372617 0.0161722999 0 0 0
nt@synapse_cleft 1830 -0.0506537444 -0.0167751283 0.0113331591 0 0 0
nt@synapse_cleft 1837 -0.0374677806 -0.00426320585 0.00861208611 0 0 0
nt@synapse_cleft 1843 0.010962918 0.0191968927 0.0152469626 0 0 0
nt@synapse_cleft 1846 -0.0115110233 -0.00971725302 0.015364913 0 0 0
nt@synapse_cleft 1853 0.0469789065 -0.0282816109 0.0114106509 0 0 0
nt@synapse_cleft 1854 0.0183195235 -0.000377891216 0.00597697461 0 0 0
nt@synapse_cleft 1856 0.0233354599 -0.0163098497 0.0130855524 0 0 0
nt@synapse_cleft 1872 0.00727931284 -0.0050758912 0.0188503075 0 0 0
nt@synapse_cleft 1877 0.022021611 0.0298763291 0.0136873154 0 0 0
nt@synapse_cleft 1880 -0.0204337016 -0.0267489679 0.00559913447 0 0 0
nt@synapse_cleft 1883 0.0293877201 0.00849572705 0.0184878974 0 0 0
nt@synapse_cleft 1885 -0.0196536147 0.00580579108 0.0147084163 0 0 0
nt@synapse_cleft 1887 0.00849976147 0.0183688645 0.00347145634 0 0 0
nt@synapse_cleft 1892 -0.00393766946 0.00717824054 0.00683082706 0 0 0
nt@synapse_cleft 1896 0.0102384943 0.0184522922 0.0142021914 0 0 0
nt@synapse_cleft 1904 -0.033623797 0.0420392727 0.0080385059 0 0 0
nt@synapse_cleft 1918 -0.0309509473 0.0512791357 0.0173354885 0 0 0
nt@synapse_cleft 1923 -0.0139263065 0.0270806002 0.0108547221 0 0 0
nt@synapse_cleft 1926 -0.0119893025 -0.00744019398 0.0193904033 0 0 0
nt@synapse_cleft 1932 0.0248580037 -0.00861697289 0.0107927198 0 0 0
nt@synapse_cleft 1942 0.0394741151 -0.0441986146 0.0044618107 0 0 0
nt@synapse_cleft 1946 -0.0119484849 -0.0229339521 0.0135631454 0 0 0
nt@synapse_cleft 1961 0.0406163618 0.0256195188 0.0128952075 0 0 0
nt@synapse_cleft 1967 -0.00491286086 -0.028198469 0.0129174907 0 0 0
nt@synapse_cleft 1970 -0.0214721642 -0.0543384783 0.00719156126 0 0 0
nt@synapse_cleft 1973 0.0200855936 0.0143340176 0.0165485171 0 0 0
nt@synapse_cleft 1976 -0.0549529519 -0.0119646346 0.00153555762 0 0 0
nt@synapse_cleft 1980 -0.00654257904 -0.0113310918 0.0158393747 0 0 0
nt@synapse_cleft 1984 -0.0345542959 -0.0270487625 0.00120762963 0 0 0
nt@synapse_cleft 1990 0.0146893095 0.0154159934 0.00573307527 0 0 0
nt@synapse_cleft 1997 -0.00655843518 0.0159387715 0.013927689 0 0 0
nt@synapse_cleft 2004 -0.0302974644 0.00969533353 0.0161480246 0 0 0
nt@synapse_cleft 2013 -0.00247062026 -0.0101998455 0.0147781329 0 0 0
nt@synapse_cleft 2014 0.0204659283 0.000494205755 0.00921633382 0 0 0
nt@synapse_cleft 2019 0.0188222276 -0.0119576243 0.00136033703 0 0 0
nt@synapse_cleft 2032 -0.0171212073 0.0133777634 0.00128019234 0 0 0
nt@synapse_cleft 2036 0.0673434097 -0.0381986873 0.0138207471 0 0 0
nt@synapse_cleft 2061 0.0165156141 -0.0110842412 0.00713775603 0 0 0
nt@synapse_cleft 2064 0.0209427575 0.0363419364 0.0086295205 0 0 0
nt@synapse_cleft 2092 0.025822725 0.0296545894 0.00510066212 0 0 0
nt@synapse_cleft 2096 -0.0166688142 -0.0165592928 0.00411801816 0 0 0
nt@synapse_cleft 2104 0.0497049446 -0.0274857786 0.019286674 0 0 0
nt@synapse_cleft 2112 0.0049665142 -0.0286445646 0.0121945733 0 0 0
nt@synapse_cleft 2124 0.00154903117 0.0609586553 0.00943348277 0 0 0
nt@synapse_cleft 2127 0.0264192065 -0.019256398 0.00378863266 0 0 0
nt@synapse_cleft 2137 -0.0629359308 0.0607330691 0.0162747705 0 0 0
nt@synapse_cleft 2156 0.0501341061 -0.0294937819 0.0107321258 0 0 0
nt@synapse_cleft 2162 -0.00886822162 0.0229587217 0.0172378539 0 0 0
nt@synapse_cleft 2163 0.00531638601 -0.0100582085 0.0149854128 0 0 0
nt@synapse_cleft 2185 -0.0312703464 0.00132975677 0.0173754404 0 0 0
nt@synapse_cleft 2187 -0.0261156396 0.00172125514 0.00718359154 0 0 0
nt@synapse_cleft 2199 0.0054245931 -0.0117289175 0.0034314613 0 0 0
nt@synapse_cleft 2204 -0.0162626382 0.0303542393 0.00239273044 0 0 0
nt@synapse_cleft 2218 0.00159520125 -0.0133190372 0.01913482 0 0 0
nt@synapse_cleft 2223 -0.0196593038 -0.0054030272 0.0118991837 0 0 0
nt@synapse_cleft 2228 -0.00579518234 0.0191816433 0.0171454692 0 0 0
nt@synapse_cleft 2251 0.01539649 -0.000254146216 0.0040625499 0 0 0
nt@synapse_cleft 2254 -0.0120606382 -0.0332662754 0.0135815165 0 0 0
nt@synapse_cleft 2257 0.0119658605 -0.00943980628 0.0120086033 0 0 0
nt@synapse_cleft 2262 -0.0171501535 -0.00573948887 0.0163496209 0 0 0
nt@synapse_cleft 2271 -0.0295165962 0.013461435 0.0165670957 0 0 0
nt@synapse_cleft 2274 -0.000392989205 0.0225137193 0.00542661227 0 0 0
nt@synapse_cleft 2278 0.0326149958 0.0414477801 0.00707034014 0 0 0
nt@synapse_cleft 2279 -0.0385096066 0.0176159056 0.0165773085 0 0 0
nt@synapse_cleft 2283 0.0399277981 -0.0239224306 0.0107755652 0 0 0
nt@synapse_cleft 2284 0.0322284693 -0.00868152566 0.0121705528 0 0 0
nt@synapse_cleft 2285 -0.00410243025 -0.00610422151 0.00957238837 0 0 0
nt@synapse_cleft 2298 -0.0386217924 -0.0350669769 0.0120533029 0 0 0
nt@synapse_cleft 2306 -0.0153004032 -0.0646646175 0.00737850581 0 0 0
nt@synapse_cleft 2308 -0.0496793087 0.0367459866 0.0148937935 0 0 0
nt@synapse_cleft 2309 0.00473901847 0.023619923 0.0160877144 0 0 0
nt@synapse_cleft 2314 0.00186504256 -0.0157877278 0.00906662751 0 0 0
nt@synapse_cleft 2320 0.0137547432 -0.0318765941 0.00337363953 0 0 0
nt@synapse_cleft 2321 0.0436336227 0.0154533661 0.00190298841 0 0 0
nt@synapse_cleft 2327 -0.0349961759 -0.017222873 0.0118992366 0 0 0
nt@synapse_cleft 2330 -0.0294560125 0.0143691618 0.0172867827 0 0 0
nt@synapse_cleft 2349 0.040940472 0.0323959272 0.00930049203 0 0 0
nt@synapse_cleft 2367 -0.0282378746 -0.0524927154 0.00281256459 0 0 0
nt@synapse_cleft 2369 -0.0390221683 0.00553677401 0.00338047862 0 0 0
nt@synapse_cleft 2383 0.00207263571 -0.0824971801 0.0161224951 0 0 0
nt@synapse_cleft 2389 0.00407004631 -0.016738145 0.00805678725 0 0 0
nt@synapse_cleft 2400 -0.0193438604 -0.0161623295 0.0153255014 0 0 0
nt@synapse_cleft 2411 0.0245479585 -0.0425825475 0.0197677806 0 0 0
nt@synapse_cleft 2412 0.000358220602 0.00764684693 0.0199005643 0 0 0
nt@synapse_cleft 2421 0.0114317997 0.0271519278 0.00244422361 0 0 0
nt@synapse_cleft 2423 0.00991022811 -0.0510393373 0.00425677002 0 0 0
nt@synapse_cleft 2438 0.0229641487 -0.0367574095 0.0035942817 0 0 0
nt@synapse_cleft 2448 -0.00219772682 0.0200779208 6.62906053e-05 0 0 0
nt@synapse_cleft 2456 -0.026574875 -0.0226313651 0.00499699917 0 0 0
nt@synapse_cleft 2462 -0.0133450696 0.0303927114 0.00187415776 0 0 0
nt@synapse_cleft 2468 -0.0455734483 -0.0356882683 0.0127269647 0 0 0
nt@synapse_cleft 2472 0.059612401 -0.0292362689 0.00526813317 0 0 0
nt@synapse_cleft 2481 -0.0122124572 -0.0306585382 0.0118419597 0 0 0
nt@synapse_cleft 2483 0.0241881086 0.0164365254 0.00353409341 0 0 0
nt@synapse_cleft 2491 0.0149019425 0.0340458617 0.0175591902 0 0 0
nt@synapse_cleft 2493 0.0245818188 -0.0422342125 0.0127073617 0 0 0
nt@synapse_cleft 2498 -0.000411991368 -0.017896232 0.00224107901 0 0 0
nt@synapse_cleft 2502 0.0230230669 -0.027509432 0.0197047574 0 0 0
nt@synapse_cleft 2509 -0.00186053523 -0.0141327083 0.000805244453 0 0 0
nt@synapse_cleft 2513 -0.0184041042 0.0227734083 0.00648696394 0 0 0
nt@synapse_cleft 2517 -0.00837872712 -0.00461422822 0.0198951173 0 0 0
nt@synapse_cleft 2520 0.020691295 0.0354477695 0.0089009699 0 0 0
nt@synapse_cleft 2528 0.00873785582 -0.00331880082 0.0173324901 0 0 0
nt@synapse_cleft 2539 0.00598226493 0.0171218479 0.00905036212 0 0 0
nt@synapse_cleft 2542 0.0294262813 -0.0322088199 0.00779851009 0 0 0
nt@synapse_cleft 2549 -0.0184645831 0.0575047747 0.0128053803 0 0 0
nt@synapse_cleft 2550 0.0543372276 0.0171409065 0.0176195295 0 0 0
nt@synapse_cleft 2555 0.0595689791 -0.0204289672 0.0117075117 0 0 0
nt@synapse_cleft 2560 -0.0324308089 0.000149880853 0.012465416 0 0 0
nt@synapse_cleft 2561 0.0196974957 0.0510134114 0.0137378549 0 0 0
nt@synapse_cleft 2563 0.000764977789 0.011383743 0.00740126736 0 0 0
nt@synapse_cleft 2564 -0.00992279864 0.055839522 0.00801775659 0 0 0
nt@synapse_cleft 2566 -0.00820148908 0.0181633362 0.0071870703 0 0 0
nt@synapse_cleft 2570 0.00179495653 0.011956433 0.0152774555 0 0 0
nt@synapse_cleft 2577 -0.00158610769 0.020283489 0.00665825743 0 0 0
nt@synapse_cleft 2603 0.0357626185 -0.0281332622 0.0158439826 0 0 0
nt@synapse_cleft 2604 0.0543405728 -0.0272480544 0.0158155297 0 0 0
nt@synapse_cleft 2610 -0.00109140773 -0.0236536893 0.0189247878 0 0 0
nt@synapse_cleft 2625 -0.0521655041 -0.0138487586 0.00287852156 0 0 0
nt@synapse_cleft 2628 0.0156597087 -0.0243413673 0.0120052559 0 0 0
nt@synapse_cleft 2639 0.00151994789 -0.0170767613 0.00755930357 0 0 0
nt@synapse_cleft 2641 -0.0195129954 -0.0140607743 0.0171759601 0 0 0
nt@synapse_cleft 2652 0.00738331482 -0.00126023261 0.0151909678 0 0 0
nt@synapse_cleft 2660 -0.0138594877 -0.0236847078 0.0113346286 0 0 0
nt@synapse_cleft 2670 -0.00085319547 -0.00901120704 0.00837525429 0 0 0
nt@synapse_cleft 2680 -0.0543752471 -0.0301532266 0.00722437493 0 0 0
nt@synapse_cleft 2681 -0.0363149686 -0.032747745 0.0162165338 0 0 0
nt@synapse_cleft 2688 -0.0435579126 0.0696131145 0.00772409047 0 0 0
nt@synapse_cleft 2702 -0.0190662576 -0.00579393957 0.00409148689 0 0 0
nt@synapse_cleft 2708 -0.0378556238 0.0172451195 0.0110091944 0 0 0
nt@synapse_cleft 2709 0.0214031131 -0.012909235 0.0158365154 0 0 0
nt@synapse_cleft 2720 0.0157617603 0.0119927084 0.00577314624 0 0 0
nt@synapse_cleft 2724 -0.003764468 -0.0206162525 0.0108928528 0 0 0
nt@synapse_cleft 2729 0.00585538489 -0.052308417 0.0192557997 0 0 0
nt@synapse_cleft 2743 0.000231999014 -0.0564270332 0.0026557055 0 0 0
nt@synapse_cleft 2750 0.00475385466 -0.0544144143 0.00473036673 0 0 0
nt@synapse_cleft 2752 -0.0268656031 -0.0236419113 0.00555832549 0 0 0
nt@synapse_cleft 2756 0.0369508302 -0.0242488322 0.00853931175 0 0 0
nt@synapse_cleft 2766 -0.0301307313 0.0206710686 0.0013071137 0 0 0
nt@synapse_cleft 2775 0.0303352179 -0.0285378115 0.0131930161 0 0 0
nt@synapse_cleft 2785 0.0133931332 0.0446144624 0.0109447571 0 0 0
nt@synapse_cleft 2798 -0.0350584187 0.0125830022 0.0124369222 0 0 0
nt@synapse_cleft 2807 -0.0287346535 0.0106414204 0.0112468012 0 0 0
nt@synapse_cleft 2808 0.0324317321 0.0619101659 0.00737009108 0 0 0
nt@synapse_cleft 2820 0.0129249354 -0.00112371451 0.0173804933 0 0 0
nt@synapse_cleft 2828 0.00294264875 -0.0439646691 0.00191355645 0 0 0
nt@synapse_cleft 2857 0.0216034809 -0.0387678351 0.00381873827 0 0 0
nt@synapse_cleft 2861 -0.00844030142 0.0140983759 0.0112322119 0 0 0
nt@synapse_cleft 2863 -0.0533387013 -0.00433292472 0.00238755902 0 0 0
nt@synapse_cleft 2875 0.0211623201 0.0141592437 0.0167119017 0 0 0
nt@synapse_cleft 2876 0.00555931597 0.00188765378 0.0185314574 0 0 0
nt@synapse_cleft 2880 0.0169714501 -0.0186615815 0.015539232 0 0 0
nt@synapse_cleft 2884 0.0212534012 0.014884778 0.0113003906 0 0 0
nt@synapse_cleft 2894 0.0248703122 0.0219161153 0.0100354254 0 0 0
nt@synapse_cleft 2895 0.0621276241 -0.0172462131 0.0125900253 0 0 0
nt@synapse_cleft 2905 -0.00534273359 0.00177437774 0.00707678353 0 0 0
nt@synapse_cleft 2909 0.0479391111 -0.0114627845 0.0177844003 0 0 0
nt@synapse_cleft 2910 -0.0590204379 0.00109915482 0.0129372379 0 0 0
nt@synapse_cleft 2912 0.000480399379 -0.0137857807 0.0109480785 0 0 0
nt@synapse_cleft 2915 0.0327894789 -0.0467774716 0.012677874 0 0 0
nt@synapse_cleft 2920 -0.00270040465 -0.00126700609 0.00484139866 0 0 0
nt@synapse_cleft 2933 -0.0159907386 -0.0173125559 0.00302124113 0 0 0
nt@synapse_cleft 2935 -0.0350357233 0.003782703 0.019768039 0 0 0
nt@synapse_cleft 2940 -0.00461329438 -0.0210636167 0.00371130841 0 0 0
nt@synapse_cleft 2962 0.0226102289 -0.0114428019 0.000532117048 0 0 0
nt@synapse_cleft 2983 0.0098040723 -0.0271082484 0.00663822736 0 0 0
nt@synapse_cleft 2993 -0.0194092004 0.0450448571 0.0159001626 0 0 0
nt@synapse_cleft 3006 0.0481855421 0.0617895211 0.00341024838 0 0 0
nt@synapse_cleft 3012 0.0180562254 -0.0138879505 0.0166859532 0 0 0
nt@synapse_cleft 3019 -0.0298184978 0.00345146995 0.0091653884 0 0 0
nt@synapse_cleft 3020 -0.018072276 -0.0317287406 0.00175408461 0 0 0
nt@synapse_cleft 3042 -0.00882113155 0.00601793563 0.0177784982 0 0 0
nt@synapse_cleft 3047 0.0255459249 0.0591095378 0.00876746051 0 0 0
nt@synapse_cleft 3057 0.0479315425 -0.00551620225 0.0160758657 0 0 0
nt@synapse_cleft 3061 -0.017189252 0.0301691956 0.00532196872 0 0 0
nt@synapse_cleft 3069 0.0391836319 -0.0257897751 0.017884267 0 0 0
nt@synapse_cleft 3073 0.0164887705 0.0401553366 0.000799030702 0 0 0
nt@synapse_cleft 3089 0.00196156315 -0.0113156314 0.00116334862 0 0 0
nt@synapse_cleft 3096 -0.00448254544 0.00515746094 0.00555507217 0 0 0
nt@synapse_cleft 3099 -0.0449439409 0.0178355514 0.00846960851 0 0 0
nt@synapse_cleft 3114 0.0358831653 0.0253458103 0.0120968759 0 0 0
nt@synapse_cleft 3134 0.012417016 0.0275460765 0.00332747005 0 0 0
nt@synapse_cleft 3150 0.0228155482 -0.0599405598 0.00851387748 0 0 0
nt@synapse_cleft 3159 -0.0149149843 0.00991114244 0.017644417 0 0 0
nt@synapse_cleft 3177 0.0163532544 -0.0232109875 0.00410281526 0 0 0
nt@synapse_cleft 3178 -0.0245995399 -0.0186519595 0.00634979776 0 0 0
nt@synapse_cleft 3181 0.0144169145 -0.00171572399 0.0195233085 0 0 0
nt@synapse_cleft 3183 0.00157434437 -0.0298197769 0.00590336447 0 0 0
nt@synapse_cleft 3184 0.0265385194 0.0257918774 0.0117472221 0 0 0
nt@synapse_cleft 3185 0.00995665208 0.00764638894 0.0160816758 0 0 0
nt@synapse_cleft 3199 -0.000623074183 0.0113376161 0.0162469909 0 0 0
nt@synapse_cleft 3202 0.0125577599 0.0341672502 0.00220462901 0 0 0
nt@synapse_cleft 3220 0.00352207245 0.0340609275 0.00664852213 0 0 0
nt@synapse_cleft 3222 -0.0549192377 -0.0141362157 0.00338764565 0 0 0
nt@synapse_cleft 3227 0.0162486699 0.00780698647 0.00844790664 0 0 0
nt@synapse_cleft 3247 0.00309040032 -0.00540061638 0.0155097708 0 0 0
nt@synapse_cleft 3249 -0.0116300881 -0.00602903948 0.0139194809 0 0 0
nt@synapse_cleft 3275 0.00804064715 -0.0171788174 0.0105026548 0 0 0
nt@synapse_cleft 3304 0.0275554465 0.0802438598 0.0115832199 0 0 0
nt@synapse_cleft 3308 -0.0330371418 0.0490680438 0.00194713144 0 0 0
nt@synapse_cleft 3326 0.013777841 0.000537628432 0.00724396901 0 0 0
nt@synapse_cleft 3334 0.00675240382 0.0139294658 0.00619453875 0 0 0
nt@synapse_cleft 3338 -0.0089438441 -0.0606048558 0.0123530204 0 0 0
nt@synapse_cleft 3341 0.0207318057 0.00301294424 0.00456737769 0 0 0
nt@synapse_cleft 3367 0.0132997158 0.0112589628 0.00876603986 0 0 0
nt@synapse_cleft 3375 0.0507382627 0.0365473432 0.0140224625 0 0 0
nt@synapse_cleft 3378 0.00631595991 0.0216896994 0.00442410724 0 0 0
nt@synapse_cleft 3394 0.00528102548 -0.0263078948 9.4152022e-05 0 0 0
nt@synapse_cleft 3402 -0.00572648735 -0.022334747 0.00075081311 0 0 0
nt@synapse_cleft 3404 0.00624328969 -0.0349524295 0.000566002806 0 0 0
nt@synapse_cleft 3407 -0.00820890311 0.0715891189 0.0177705211 0 0 0
nt@synapse_cleft 3413 0.0208932324 0.0135587145 0.0188365063 0 0 0
nt@synapse_cleft 3419 -0.0336345768 0.0289423263 0.00117167052 0 0 0
nt@synapse_cleft 3429 0.0474279208 -0.0239828437 0.0145732808 0 0 0
nt@synapse_cleft 3432 0.0548011216 -0.069577706 0.0059609236 0 0 0
nt@synapse_cleft 3445 0.0256482072 0.0443754669 0.00978673552 0 0 0
nt@synapse_cleft 3451 0.0150927208 0.00878642744 0.0174240181 0 0 0
nt@synapse_cleft 3467 -0.0724899104 -0.00264300253 0.00539779759 0 0 0
nt@synapse_cleft 3474 0.0547030882 0.00303704684 0.00187356361 0 0 0
nt@synapse_cleft 3482 -0.0783764085 -0.0325371995 0.00295192876 0 0 0
nt@synapse_cleft 3484 -0.00841638054 0.0226146707 0.0189544536 0 0 0
nt@synapse_cleft 3500 0.0153806519 -0.0259754786 0.0181858213 0 0 0
nt@synapse_cleft 3507 -0.0353645897 0.00907920638 0.0175317785 0 0 0
nt@synapse_cleft 3511 0.0237308188 -0.0434674263 0.00302005265 0 0 0
nt@synapse_cleft 3526 0.0121715948 -0.0508217997 0.00987451863 0 0 0
nt@synapse_cleft 3535 0.010970415 0.0121370047 0.000969348657 0 0 0
nt@synapse_cleft 3536 0.0187327694 0.00758393176 0.00762286922 0 0 0
nt@synapse_cleft 3538 -0.0283286936 0.0110833838 0.00789422697 0 0 0
nt@synapse_cleft 3542 0.00290944249 0.0309451493 0.00199816009 0 0 0
nt@synapse_cleft 3543 -0.0331411109 -0.0270854037 0.0186406813 0 0 0
nt@synapse_cleft 3546 0.00789455489 0.034881684 0.0141526744 0 0 0
nt@synapse_cleft 3561 -0.0121824017 -0.0177396514 0.00348737622 0 0 0
nt@synapse_cleft 3562 -0.0594917435 -0.006531376 0.00305014853 0 0 0
nt@synapse_cleft 3563 0.0253257862 -0.0239374923 0.0192290976 0 0 0
nt@synapse_cleft 3565 0.0393571946 -0.0149329525 0.0112436783 0 0 0
nt@synapse_cleft 3566 -0.0137768135 0.0604413752 0.0189605716 0 0 0
nt@synapse_cleft 3575 -0.0174628461 -0.00042756006 0.0129597396 0 0 0
nt@synapse_cleft 3576 0.0469030595 0.00239435944 0.00615230967 0 0 0
nt@synapse_cleft 3592 0.00113222382 0.0467768975 5.97161975e-05 0 0 0
nt@synapse_cleft 3602 -0.0415133702 -0.0194865152 0.0117117877 0 0 0
nt@synapse_cleft 3603 -0.022350115 0.0269506558 0.0141607597 0 0 0
nt@synapse_cleft 3606 -0.00104278506 0.00919897411 0.010780554 0 0 0
nt@synapse_cleft 3611 0.013314807 0.010381287 0.0122249536 0 0 0
nt@synapse_cleft 3616 -0.0579298879 0.0432354827 0.00719874609 0 0 0
nt@synapse_cleft 3617 -0.0147776229 -0.0707714182 0.0180412115 0 0 0
nt@synapse_cleft 3620 0.0203493549 0.0366745889 0.0139947974 0 0 0
nt@synapse_cleft 3625 0.0167198232 0.0139826341 0.019172458 0 0 0
nt@synapse_cleft 3635 -0.0232948973 0.0163976193 0.00931075795 0 0 0
nt@synapse_cleft 3636 0.000548723837 -0.00448788233 0.00488215519 0 0 0
nt@synapse_cleft 3645 0.00653397054 -0.0351555439 0.00358948573 0 0 0
nt@synapse_cleft 3661 0.0240776919 -0.00339582817 0.00732283946 0 0 0
nt@synapse_cleft 3667 -0.036420333 -0.0127391093 0.00515006675 0 0 0
nt@synapse_cleft 3681 0.0429734182 -0.0255475493 0.0017847731 0 0 0
nt@synapse_cleft 3690 0.0465626603 -0.0136266119 0.016755223 0 0 0
nt@synapse_cleft 3693 -0.0642687914 -0.0283058559 0.0155749486 0 0 0
nt@synapse_cleft 3706 0.0269306422 -0.0299673097 0.00293186218 0 0 0
nt@synapse_cleft 3707 -0.0567970376 -0.0132314058 0.0176895194 0 0 0
nt@synapse_cleft 3714 -0.0608560404 -0.00521983056 0.015494768 0 0 0
nt@synapse_cleft 3730 0.00513510703 0.0138943423 0.00067294752 0 0 0
nt@synapse_cleft 3731 -0.0146288304 0.0016136505 0.0100645678 0 0 0
nt@synapse_cleft 3737 0.00168688488 0.00952588427 0.0036685953 0 0 0
nt@synapse_cleft 3739 0.0248840186 0.0625122461 0.0122250719 0 0 0
nt@synapse_cleft 3745 -0.00574304505 0.0232297663 0.00638097968 0 0 0
nt@synapse_cleft 3751 -0.00262512606 -0.0064715451 0.00307057328 0 0 0
nt@synapse_cleft 3758 -0.0102948111 -0.0359148932 0.00502027103 0 0 0
nt@synapse_cleft 3759 -0.0159351206 -0.0117231996 0.0188799627 0 0 0
nt@synapse_cleft 3763 0.0353417156 0.0326996711 0.00540382538 0 0 0
nt@synapse_cleft 3768 0.018663417 0.00161738218 0.0142207906 0 0 0
nt@synapse_cleft 3771 0.0109144117 -0.0297475818 0.0112912752 0 0 0
nt@synapse_cleft 3783 -0.0200590442 -0.0319177234 0.00943648103 0 0 0
nt@synapse_cleft 3788 0.00143778355 -0.0197568183 0.0157638719 0 0 0
nt@synapse_cleft 3793 -0.010423308 -0.00881904276 0.0163654357 0 0 0
nt@synapse_cleft 3800 0.0257117875 -0.0170429306 0.015062333 0 0 0
nt@synapse_cleft 3811 -0.0110547378 -0.0265421973 0.00701319433 0 0 0
nt@synapse_cleft 3827 0.0128708909 0.0650526527 0.00812055633 0 0 0
nt@synapse_cleft 3831 -0.00409839267 -0.0484908601 0.0121411686 0 0 0
nt@synapse_cleft 3834 0.0486831662 -0.0315250279 0.0152171555 0 0 0
nt@synapse_cleft 3835 0.0184148229 -0.0379929069 0.00234164014 0 0 0
nt@synapse_cleft 3844 -0.0106572953 -0.0104754967 0.0112832014 0 0 0
nt@synapse_cleft 3846 -0.0269306931 0.00417802812 0.0192893008 0 0 0
nt@synapse_cleft 3848 0.0243981018 0.0438380117 0.0168373985 0 0 0
nt@synapse_cleft 3850 -0.0179895012 -0.0190673189 0.0166624872 0 0 0
nt@synapse_cleft 3859 0.0445923763 -0.00915622401 0.00445246471 0 0 0
nt@synapse_cleft 3879 0.0529397018 -0.0601994164 0.00397762684 0 0 0
nt@synapse_cleft 3886 0.0429471556 0.0603349263 0.000757324678 0 0 0
nt@synapse_cleft 3891 0.00862086181 -0.00706317533 0.0104646732 0 0 0
nt@synapse_cleft 3902 -0.030587995 0.00182679494 0.0133445159 0 0 0
nt@synapse_cleft 3907 -0.0295637249 -0.015279953 0.00529970575 0 0 0
nt@synapse_cleft 3918 -0.00534308735 -0.01144544 0.000716987766 0 0 0
nt@synapse_cleft 3921 0.0337819889 0.0481476236 0.000506218248 0 0 0
nt@synapse_cleft 3927 0.00369106387 0.0394875093 0.01821985 0 0 0
nt@synapse_cleft 3932 0.0177435219 -0.0276508202 0.0107552081 0 0 0
nt@synapse_cleft 3952 -0.0386467062 0.024530498 0.00818315285 0 0 0
nt@synapse_cleft 3953 0.0402662618 -0.0413018469 0.00107303872 0 0 0
nt@synapse_cleft 3957 0.0271009434 0.0151960926 0.012809454 0 0 0
nt@synapse_cleft 3958 -0.00129227253 0.02603764 0.0157919586 0 0 0
nt@synapse_cleft 3963 0.0139280762 0.0212623702 0.0010672129 0 0 0
nt@synapse_cleft 3965 -0.0394205914 0.00653460724 0.0157773439 0 0 0
nt@synapse_cleft 3967 0.0252542552 -0.0155380648 0.0121448014 0 0 0
nt@synapse_cleft 3968 0.00154610481 0.00143205725 0.00342609154 0 0 0
nt@synapse_cleft 3973 -0.0128450068 0.00159781295 0.0157631745 0 0 0
nt@synapse_cleft 3974 -0.0200180294 0.0728213182 0.00686394447 0 0 0
nt@synapse_cleft 3978 0.0279712196 0.00368385791 0.0181899136 0 0 0
nt@synapse_cleft 3983 -0.0321958218 -0.0335713639 0.000461120519 0 0 0
nt@synapse_cleft 3988 -0.0176308437 -0.0324399563 0.00119705171 0 0 0
nt@synapse_cleft 3991 0.0748845228 -0.0282167874 0.00579905499 0 0 0
nt@synapse_cleft 3993 -0.0552923216 -0.0144758903 0.0146409398 0 0 0
nt@synapse_cleft 3997 -0.0502382639 0.012173347 0.0152872435 0 0 0
nt@synapse_cleft 3999 -0.0349204467 -0.020948207 0.00989873049 0 0 0
nt@synapse_cleft 4018 0.0200079819 0.00377214882 0.0186399534 0 0 0
nt@synapse_cleft 4037 -0.00538979095 0.0273194844 0.0192529379 0 0 0
nt@synapse_cleft 4040 -0.00226445116 0.0156185558 0.0116454087 0 0 0
nt@synapse_cleft 4049 0.0139394804 0.0134687701 0.0136470584 0 0 0
nt@synapse_cleft 4051 0.00403396543 0.0106304996 0.0137695661 0 0 0
nt@synapse_cleft 4064 -0.00145936571 0.0144297358 0.0148835345 0 0 0
nt@synapse_cleft 4070 -0.01791675 0.00777095366 0.0198345601 0 0 0
nt@synapse_cleft 4103 -0.00961426173 0.0150491156 0.00219962097 0 0 0
nt@synapse_cleft 4106 0.0270925977 0.0184387798 0.0063112376 0 0 0
nt@synapse_cleft 4115 0.00865440656 0.0198321249 0.00584814899 0 0 0
nt@synapse_cleft 4119 0.0220319998 -0.0202739598 0.0169116892 0 0 0
nt@synapse_cleft 4123 -0.0136406935 0.0156270374 0.0146836331 0 0 0
nt@synapse_cleft 4126 0.0439091182 -0.0312444751 0.00132198655 0 0 0
nt@synapse_cleft 4129 -0.00707245376 0.0190812046 0.0175531974 0 0 0
nt@synapse_cleft 4132 0.0337743412 0.0409461821 0.015126413 0 0 0
nt@synapse_cleft 4135 0.00941865738 0.00417268135 0.0134435238 0 0 0
nt@synapse_cleft 4150 -0.0350591693 -0.0608191497 0.0197246035 0 0 0
nt@synapse_cleft 4155 0.0232054614 -0.0589757138 0.00809698022 0 0 0
nt@synapse_cleft 4156 0.0564205721 0.00230844001 0.0123038927 0 0 0
nt@synapse_cleft 4163 0.00760213038 0.0356527363 0.00292616751 0 0 0
nt@synapse_cleft 4177 -0.0363395584 0.0710286777 0.0146274827 0 0 0
nt@synapse_cleft 4187 -0.0187578435 -0.0289771447 0.0173259499 0 0 0
nt@synapse_cleft 4193 0.0106818223 -0.0489361478 0.0159886215 0 0 0
nt@synapse_cleft 4214 -0.0263791781 -0.0153437807 0.0190258748 0 0 0
nt@synapse_cleft 4215 0.0293149324 -0.0563959796 0.0186569657 0 0 0
nt@synapse_cleft 4220 -0.0261896823 -0.0136976603 0.00964560987 0 0 0
nt@synapse_cleft 4228 0.0453222975 -0.0180945092 0.0149217089 0 0 0
nt@synapse_cleft 4230 -0.0128796013 0.0601650241 0.000168230108 0 0 0
nt@synapse_cleft 4233 0.0180680538 0.01607807 0.009017721 0 0 0
nt@synapse_cleft 4242 0.0279059782 -0.0470308873 0.0151092844 0 0 0
nt@synapse_cleft 4252 0.0318344033 0.0045317876 0.0111805331 0 0 0
nt@synapse_cleft 4254 -0.00904974608 0.0422479147 0.00387342057 0 0 0
nt@synapse_cleft 4255 -0.0222593881 -0.0363648969 0.00800978511 0 0 0
nt@synapse_cleft 4279 0.0302487292 -0.0557854545 0.00793873896 0 0 0
nt@synapse_cleft 4285 -0.0432196621 0.0403861336 0.0122263478 0 0 0
nt@synapse_cleft 4288 0.0251088357 -0.0230937108 0.0154396854 0 0 0
nt@synapse_cleft 4293 -0.0282359928 -0.0116102601 0.00795867054 0 0 0
nt@synapse_cleft 4297 0.0290407485 -0.0180470283 0.0171334805 0 0 0
nt@synapse_cleft 4301 0.0478835066 -0.00961028663 0.0125923089 0 0 0
nt@synapse_cleft 4312 -0.0228930851 -0.0384049771 0.0111699996 0 0 0
nt@synapse_cleft 4317 -0.0141413369 0.0563684603 0.00148109693 0 0 0
nt@synapse_cleft 4326 0.0308087714 -0.00456227987 0.0142369135 0 0 0
nt@synapse_cleft 4330 -0.0287280394 0.0177484008 0.0174914804 0 0 0
nt@synapse_cleft 4339 0.0109268376 -0.0234640151 0.0181944201 0 0 0
nt@synapse_cleft 4343 -0.0281426338 -0.0642228361 0.00760914086 0 0 0
nt@synapse_cleft 4346 0.0162692209 0.0145204825 0.000938059365 0 0 0
nt@synapse_cleft 4351 0.0498756583 0.0113880392 0.0192201127 0 0 0
nt@synapse_cleft 4360 0.00253219167 0.00905014558 0.00757975086 0 0 0
nt@synapse_cleft 4365 0.00723250045 0.0405871277 0.0147987121 0 0 0
nt@synapse_cleft 4374 -0.0174392223 -0.0303911903 0.00457499175 0 0 0
nt@synapse_cleft 4381 -0.0203206842 -0.0364691278 0.0150751003 0 0 0
nt@synapse_cleft 4386 -0.0114240658 0.0059582887 0.0106180674 0 0 0
nt@synapse_cleft 4392 0.00124052107 0.0123148041 0.00865648861 0 0 0
nt@synapse_cleft 4395 0.0159907411 -0.0414231351 0.0189195154 0 0 0
nt@synapse_cleft 4396 0.022767329 -0.0493251445 0.00392443533 0 0 0
nt@synapse_cleft 4398 -0.02153502 0.00241422974 0.0126286936 0 0 0
nt@synapse_cleft 4399 0.0311879772 0.0366497164 0.00470409666 0 0 0
nt@synapse_cleft 4414 0.000684605301 -0.0180934384 0.0174633303 0 0 0
nt@synapse_cleft 4416 -0.0216210031 0.00999725753 0.0190198334 0 0 0
nt@synapse_cleft 4423 0.0231098469 -0.00782294163 0.0102354195 0 0 0
nt@synapse_cleft 4424 -0.0349016849 -0.000383765473 0.00189234478 0 0 0
nt@synapse_cleft 4430 -0.00293359553 -0.0134774803 0.0065358494 0 0 0
nt@synapse_cleft 4431 0.0160066135 -0.0344168623 0.0183823763 0 0 0
nt@synapse_cleft 4434 0.0177726045 0.00172006947 0.00295506558 0 0 0
nt@synapse_cleft 4446 -0.00642422136 0.0321909574 0.0126247871 0 0 0
nt@synapse_cleft 4464 0.0225541878 -0.0252030104 0.0102143055 0 0 0
nt@synapse_cleft 4478 -0.0172631878 0.0417736055 0.00816928544 0 0 0
nt@synapse_cleft 4480 0.0177580505 0.0470148263 0.0143672291 0 0 0
nt@synapse_cleft 4482 -0.0467693609 -0.0260488233 0.0199229236 0 0 0
nt@synapse_cleft 4485 0.0150714744 0.0238420772 0.014931443 0 0 0
nt@synapse_cleft 4488 0.00664095906 0.014339862 0.00522750778 0 0 0
nt@synapse_cleft 4489 -0.0210252218 -0.0124454409 0.00075545151 0 0 0
nt@synapse_cleft 4499 -0.00198733714 0.0158349111 0.0154227898 0 0 0
nt@synapse_cleft 4501 0.0178356384 0.00753884839 0.0112148491 0 0 0
nt@synapse_cleft 4517 -0.0398046644 0.00769657933 0.00351616662 0 0 0
nt@synapse_cleft 4527 0.00530244517 0.00772879202 0.0157048667 0 0 0
nt@synapse_cleft 4538 -0.0387791547 -0.0426723488 0.00422279819 0 0 0
nt@synapse_cleft 4542 0.00517577063 0.0510786475 0.0076490448 0 0 0
nt@synapse_cleft 4545 -0.0238055289 0.0435710944 0.00434935805 0 0 0
nt@synapse_cleft 4551 -0.00571867389 0.0373924464 0.00765033574 0 0 0
nt@synapse_cleft 4553 -0.0343877055 -0.0152168612 0.0139532988 0 0 0
nt@synapse_cleft 4559 -0.029211331 0.0190001757 0.0194623689 0 0 0
nt@synapse_cleft 4574 0.0443629926 -0.0322995762 0.00574059524 0 0 0
nt@synapse_cleft 4576 -0.041221006 -0.0204881676 0.013898644 0 0 0
nt@synapse_cleft 4583 0.00933198392 0.00944647647 0.00760552951 0 0 0
nt@synapse_cleft 4590 -0.054957575 -0.0102408983 0.0186314885 0 0 0
nt@synapse_cleft 4593 -0.0494422988 0.0490813118 0.0034198125 0 0 0
nt@synapse_cleft 4595 0.0386877064 -0.0421395907 0.00249006153 0 0 0
nt@synapse_cleft 4620 0.0031701065 0.00605083959 0.0179661581 0 0 0
nt@synapse_cleft 4659 -0.0361849038 0.0586302356 0.0109432641 0 0 0
nt@synapse_cleft 4681 0.022456017 -0.012641769 0.015966615 0 0 0
nt@synapse_cleft 4700 -0.03155869 0.0488820582 0.00969683399 0 0 0
nt@synapse_cleft 4709 -0.0253916565 -0.014388535 0.00831431021 0 0 0
nt@synapse_cleft 4718 0.0498050936 0.0140514844 0.0091141983 0 0 0
nt@synapse_cleft 4736 -0.00190985865 0.0305312667 0.00736386965 0 0 0
nt@synapse_cleft 4750 -0.0041910143 -0.0699668554 0.0116564658 0 0 0
nt@synapse_cleft 4753 -0.016883415 -0.00193973742 0.0126259435 0 0 0
nt@synapse_cleft 4754 -0.00780322322 -0.0146194656 0.00162843031 0 0 0
nt@synapse_cleft 4756 0.0126775858 -0.0213821542 0.016090413 0 0 0
nt@synapse_cleft 4758 -0.0175637052 -0.0011810988 0.0157035515 0 0 0
nt@synapse_cleft 4764 0.0326860674 -0.0144321938 0.00270262286 0 0 0
nt@synapse_cleft 4779 0.0354968158 -0.0260990779 0.0112556374 0 0 0
nt@synapse_cleft 4784 0.0284440784 0.00629644724 0.0106609916 0 0 0
nt@synapse_cleft 4786 -0.0320313197 0.01896792 0.0194180347 0 0 0
nt@synapse_cleft 4791 0.0474158902 0.00736293194 0.0123283701 0 0 0
nt@synapse_cleft 4793 -0.0314203346 -1.97201098e-05 0.0142296812 0 0 0
nt@synapse_cleft 4800 0.0314434968 0.000944877629 0.0184625635 0 0 0
nt@synapse_cleft 4801 -0.0134338421 0.00608665828 0.0107990703 0 0 0
nt@synapse_cleft 4822 -0.0198263922 -0.0129117088 0.00100417982 0 0 0
nt@synapse_cleft 4823 -0.0168950616 0.0100643949 0.0193067547 0 0 0
nt@synapse_cleft 4829 0.0238721429 -0.0538097837 0.00148140534 0 0 0
nt@synapse_cleft 4839 -0.00708474008 -0.0071638403 0.00594928114 0 0 0
nt@synapse_cleft 4844 0.0724887442 -0.0124228647 0.0196081404 0 0 0
nt@synapse_cleft 4852 -0.0163247444 -0.0363037216 0.00673365438 0 0 0
nt@synapse_cleft 4871 0.00367805993 0.0151037968 0.00707110856 0 0 0
nt@synapse_cleft 4880 0.00219189309 -0.0214944719 0.0195611109 0 0 0
nt@synapse_cleft 4892 -0.0237295679 0.0366463047 0.0039163073 0 0 0
nt@synapse_cleft 4897 0.0121856424 -0.0227553864 0.00207641327 0 0 0
nt@synapse_cleft 4901 0.0282432157 0.00626140645 0.0108445419 0 0 0
nt@synapse_cleft 4905 -0.0311183706 0.00345342771 0.00130573957 0 0 0
nt@synapse_cleft 4906 -0.0140858447 -0.0371539695 0.00631807337 0 0 0
nt@synapse_cleft 4919 -0.000291533253 0.0201781765 0.00287173398 0 0 0
nt@synapse_cleft 4925 -0.0144199819 0.00244364315 0.0072728743 0 0 0
nt@synapse_cleft 4937 -0.0737668662 0.009621646 0.010221096 0 0 0
nt@synapse_cleft 4946 0.00309810251 0.000509539989 0.0103823914 0 0 0
nt@synapse_cleft 4973 -0.0051855049 0.0420762508 0.0169835521 0 0 0
nt@synapse_cleft 4979 0.00585349771 -0.00448602263 0.00541283938 0 0 0
nt@synapse_cleft 4981 0.00818250456 -0.0674342906 0.000516265853 0 0 0
nt@synapse_cleft 4982 -0.00216689948 0.0203540028 0.00909814041 0 0 0
nt@synapse_cleft 4983 -0.0271138209 -0.00326440168 0.00141099644 0 0 0
nt@synapse_cleft 4991 -0.0144252833 -0.00556488122 0.00893050816 0 0 0
nt@synapse_cleft 5004 -0.0169813063 -0.0167422771 0.007810918 0 0 0
nt@synapse_cleft 5006 0.0188018577 -0.0158972345 0.0146902598 0 0 0
nt@synapse_cleft 5009 -0.0160815157 0.00394792477 0.00174858383 0 0 0
nt@synapse_cleft 5015 -0.0363010793 -0.0388539398 0.00870425132 0 0 0
nt@synapse_cleft 5044 -0.045278735 0.0316002756 0.00180868735 0 0 0
nt@synapse_cleft 5046 -0.00044422366 -0.01877312 0.000638423691 0 0 0
nt@synapse_cleft 5055 -0.00620961432 0.0261831028 0.0199397405 0 0 0
nt@synapse_cleft 5061 0.00389790907 -0.0361895859 0.00674253543 0 0 0
nt@synapse_cleft 5063 -0.0297882076 0.0409427951 0.0187742716 0 0 0
nt@synapse_cleft 5082 -0.00618034277 0.0595350925 0.00720415901 0 0 0
nt@synapse_cleft 5086 0.0353581589 0.0503275017 0.004252987 0 0 0
nt@synapse_cleft 5145 0.0170049836 0.0245213924 0.00204261324 0 0 0
nt@synapse_cleft 5154 0.00953719031 0.0136165005 0.0190709732 0 0 0
nt@synapse_cleft 5159 -0.0383905717 -0.0080935641 0.0138134782 0 0 0
nt@synapse_cleft 5164 0.0146777576 -0.00237774851 0.000855472388 0 0 0
nt@synapse_cleft 5173 -0.0308662829 0.000258526199 0.0095472557 0 0 0
nt@synapse_cleft 5176 -0.0378677059 0.0756053202 0.00609570588 0 0 0
nt@synapse_cleft 5179 0.0294160523 0.00514580646 0.00375614428 0 0 0
nt@synapse_cleft 5182 0.0717144294 -0.000552286273 0.000738801057 0 0 0
