nt@synapse_cleft 0 0.0352395341 0.00751470634 0.0190691754 0 0 0
nt@synapse_cleft 2 -0.043578047 0.0209349994 0.00524658053 0 0 0
nt@synapse_cleft 7 0.026966142 0.0268196197 0.00198633721 0 0 0
nt@synapse_cleft 9 0.0391796201 -0.0388593874 0.0130299037 0 0 0
nt@synapse_cleft 12 0.00743053675 0.0436214229 0.0035046278 0 0 0
nt@synapse_cleft 15 -0.00478334736 0.0279677366 0.0163513245 0 0 0
nt@synapse_cleft 17 0.0383112786 0.00594288578 0.0010802089 0 0 0
nt@synapse_cleft 26 -0.0308936429 0.00749292039 0.0191843085 0 0 0
nt@synapse_cleft 35 0.00706574308 0.0561555137 0.00855550201 0 0 0
nt@synapse_cleft 45 -0.0205486812 0.0116514332 0.00837649904 0 0 0
nt@synapse_cleft 54 0.0124013172 0.0187393554 0.0155857931 0 0 0
nt@synapse_cleft 56 -0.0262408533 -0.0323945967 0.00631021325 0 0 0
nt@synapse_cleft 72 -0.026170965 0.0140510456 0.0164006576 0 0 0
nt@synapse_cleft 87 0.00113063457 0.000880200725 0.000890207245 0 0 0
nt@synapse_cleft 89 0.02910307 -0.0114149364 0.0177278684 0 0 0
nt@synapse_cleft 100 -0.0272762419 -0.0318203552 0.00194825831 0 0 0
nt@synapse_cleft 103 0.0363174085 -0.0104683966 0.0128772751 0 0 0
nt@synapse_cleft 111 -0.0333872773 0.0463309972 0.00902013737 0 0 0
nt@synapse_cleft 114 0.0493189758 -0.0342481057 0.00238271001 0 0 0
nt@synapse_cleft 115 -0.00523424608 -0.0203442456 0.0164704263 0 0 0
nt@synapse_cleft 116 -0.0282418204 -0.0240833818 0.00437153999 0 0 0
nt@synapse_cleft 137 -0.0552383381 -0.03381609 0.00115355625 0 0 0
nt@synapse_cleft 148 -0.0122971396 0.0791213019 0.000913042367 0 0 0
nt@synapse_cleft 150 -0.0147491647 0.0284320211 0.0128001017 0 0 0
nt@synapse_cleft 156 -0.00347922312 -0.0142043027 0.00169725394 0 0 0
nt@synapse_cleft 167 -0.00911667612 -0.0317990854 0.00103111369 0 0 0
nt@synapse_cleft 188 -0.0150496939 -0.0243550238 0.0122840347 0 0 0
nt@synapse_cleft 194 -0.00616247604 -0.0273892545 0.0122060195 0 0 0
nt@synapse_cleft 195 0.0405802708 0.0650404513 0.00179431488 0 0 0
nt@synapse_cleft 199 0.0320749868 0.0151354962 0.0122047544 0 0 0
nt@synapse_cleft 206 0.00104450372 -0.0236466023 0.0188063418 0 0 0
nt@synapse_cleft 224 -0.0161333022 0.050682763 0.0064745739 0 0 0
nt@synapse_cleft 231 0.0151804791 0.0539380383 0.00291926236 0 0 0
nt@synapse_cleft 235 -0.00288108077 -0.00307334572 0.0106088829 0 0 0
nt@synapse_cleft 244 -0.0244394224 0.0213174741 0.00122959451 0 0 0
nt@synapse_cleft 248 0.0310036569 -0.025128457 0.0153511719 0 0 0
nt@synapse_cleft 256 -0.035511929 0.00425901019 0.00142554308 0 0 0
nt@synapse_cleft 268 0.00165484138 -0.0322285103 0.0127953997 0 0 0
nt@synapse_cleft 284 -0.0418178563 0.0940101889 0.0091052699 0 0 0
nt@synapse_cleft 293 0.0240534926 -0.0138759398 0.0163456802 0 0 0
nt@synapse_cleft 306 0.0158850814 -0.0300152242 0.0198669792 0 0 0
nt@synapse_cleft 307 -0.00304373352 -0.0134106182 0.00474986059 0 0 0
nt@synapse_cleft 318 -0.0234017723 -0.00859794385 0.00521735578 0 0 0
nt@synapse_cleft 321 0.0392692807 0.0161441027 0.016151545 0 0 0
nt@synapse_cleft 325 -0.0576388242 0.085898993 0.0191895335 0 0 0
nt@synapse_cleft 347 -0.00601421871 0.000487915545 0.00149601168 0 0 0
nt@synapse_cleft 348 -0.0158939216 -0.0315423054 0.000669929455 0 0 0
nt@synapse_cleft 350 0.00540780062 -0.00536081443 0.00533497626 0 0 0
nt@synapse_cleft 356 -0.0419154129 0.0179855847 0.0080445328 0 0 0
nt@synapse_cleft 361 -0.0334674893 0.00727180169 0.0147723961 0 0 0
nt@synapse_cleft 371 -0.00683548203 0.0366040957 0.00492746692 0 0 0
nt@synapse_cleft 372 0.00979608101 0.0372021932 0.0106397145 0 0 0
nt@synapse_cleft 376 -0.0216564068 0.0117757275 0.00459359651 0 0 0
nt@synapse_cleft 385 0.015561029 0.0129870807 0.00281837974 0 0 0
nt@synapse_cleft 402 0.00778738045 0.0395505192 0.0101292784 0 0 0
nt@synapse_cleft 406 -0.0241905994 -0.0399856072 0.000628746709 0 0 0
nt@synapse_cleft 421 -0.0559960512 0.0163556909 0.00222331286 0 0 0
nt@synapse_cleft 426 0.0598363595 -0.0227475157 0.0180853528 0 0 0
nt@synapse_cleft 429 -0.0171952671 0.0265155987 0.0134118811 0 0 0
nt@synapse_cleft 440 0.0400368682 -0.00702526587 0.0167411257 0 0 0
nt@synapse_cleft 444 0.00854508109 0.0611174143 0.0113441972 0 0 0
nt@synapse_cleft 449 -0.00704502448 -0.0157272697 0.00528881912 0 0 0
nt@synapse_cleft 452 0.0354138421 0.0545773462 0.0152106778 0 0 0
nt@synapse_cleft 455 0.0258145788 -0.0352700965 0.0170978745 0 0 0
nt@synapse_cleft 477 0.00704613275 0.0111383358 0.0137091102 0 0 0
nt@synapse_cleft 479 -0.0169157764 0.012010164 0.0144075637 0 0 0
nt@synapse_cleft 482 0.0169451795 0.00891926528 0.00633401995 0 0 0
nt@synapse_cleft 499 0.0173235795 0.0111969919 0.00375091431 0 0 0
nt@synapse_cleft 501 0.013342745 0.00703618537 0.0124270218 0 0 0
nt@synapse_cleft 503 0.0229269914 -0.025263135 0.0198692851 0 0 0
nt@synapse_cleft 509 -0.0371164165 0.0482820971 0.0047273173 0 0 0
nt@synapse_cleft 510 0.0200191212 0.0118139596 0.00990744796 0 0 0
nt@synapse_cleft 514 -0.0222235674 0.00424475679 0.00462563374 0 0 0
nt@synapse_cleft 522 -0.0565532429 0.0209651372 0.019692434 0 0 0
nt@synapse_cleft 524 -0.0196851484 0.0342080428 0.00371680435 0 0 0
nt@synapse_cleft 530 0.017670421 -0.00231897537 0.00867065657 0 0 0
nt@synapse_cleft 536 -0.0232283271 -0.0458588307 0.00736241459 0 0 0
nt@synapse_cleft 544 0.0201215861 -0.00665412523 0.0118018663 0 0 0
nt@synapse_cleft 546 -0.0618971296 0.0127937251 0.00454184332 0 0 0
nt@synapse_cleft 549 0.0602358358 -0.0229019822 0.00113400505 0 0 0
nt@synapse_cleft 551 0.0200544865 -0.0207610729 0.00810521151 0 0 0
nt@synapse_cleft 557 -0.0499966888 0.0133956184 0.0103351431 0 0 0
nt@synapse_cleft 558 -0.000526589688 -0.00350015651 0.0100602567 0 0 0
nt@synapse_cleft 563 -0.0116734298 -0.065722626 0.00200169313 0 0 0
nt@synapse_cleft 572 -0.0240760921 0.0118879552 0.00119356546 0 0 0
nt@synapse_cleft 575 -0.0150019559 -0.00258748256 7.24601024e-05 0 0 0
nt@synapse_cleft 591 -0.00965822888 0.0145229668 0.00555011402 0 0 0
nt@synapse_cleft 596 -0.013159581 0.0149439607 0.00400223122 0 0 0
nt@synapse_cleft 598 -0.00459601959 0.0225231586 0.00982921171 0 0 0
nt@synapse_cleft 620 -0.0199504544 -0.0126330771 0.0197292169 0 0 0
nt@synapse_cleft 624 0.0224436837 -0.00825126173 0.00686612547 0 0 0
nt@synapse_cleft 627 -0.0278923547 -0.031780436 0.00747299464 0 0 0
nt@synapse_cleft 629 -0.00688037646 -0.00912540499 0.0028624547 0 0 0
nt@synapse_cleft 633 -0.0372782016 0.0319674024 0.00851260998 0 0 0
nt@synapse_cleft 634 0.0234173257 0.012443942 0.00957643163 0 0 0
nt@synapse_cleft 639 -0.00826567168 -0.0206087369 0.00801716851 0 0 0
nt@synapse_cleft 645 -0.00463965171 0.00701054399 0.0131757828 0 0 0
nt@synapse_cleft 647 0.00160551544 0.0298770484 0.00598214337 0 0 0
nt@synapse_cleft 661 -0.0270399676 -0.0426662195 0.0188214462 0 0 0
nt@synapse_cleft 664 -0.00541174356 0.0205855358 0.00259956423 0 0 0
nt@synapse_cleft 678 0.00895374815 -0.025124761 0.00188749325 0 0 0
nt@synapse_cleft 681 0.0125481071 -0.0352587127 0.0102720009 0 0 0
nt@synapse_cleft 693 0.0138468757 0.0147971492 2.34615228e-05 0 0 0
nt@synapse_cleft 698 0.00540600453 -0.00100314894 0.0166254525 0 0 0
nt@synapse_cleft 699 -0.0168564977 -0.0669256295 0.00808252889 0 0 0
nt@synapse_cleft 712 -0.0155152265 -0.00798725776 0.0162614071 0 0 0
nt@synapse_cleft 721 0.01332866 -0.0274861728 0.00121192631 0 0 0
nt@synapse_cleft 726 -0.00998739806 0.011808147 0.00919933944 0 0 0
nt@synapse_cleft 727 -0.0355493168 0.0114375656 0.00518489801 0 0 0
nt@synapse_cleft 728 0.00885713719 0.00611254513 0.00533157899 0 0 0
nt@synapse_cleft 732 0.00773561731 0.0413466144 0.00596976732 0 0 0
nt@synapse_cleft 735 -0.0693096027 0.00717715659 0.00272139258 0 0 0
nt@synapse_cleft 741 0.0458333595 0.00929723502 0.0125926467 0 0 0
nt@synapse_cleft 750 0.0256157527 0.0218193301 0.0191887013 0 0 0
nt@synapse_cleft 754 -0.0146605919 -0.0161919128 0.00768391551 0 0 0
nt@synapse_cleft 760 -0.00741408146 -0.0558350041 0.00918479047 0 0 0
nt@synapse_cleft 762 0.00263124567 -0.0204347433 0.0146102478 0 0 0
nt@synapse_cleft 765 -0.0218819518 0.0414915376 0.0180740508 0 0 0
nt@synapse_cleft 768 -0.00623979442 -0.00482699694 0.0159702323 0 0 0
nt@synapse_cleft 769 -0.00284470906 0.0542402543 0.0174739478 0 0 0
nt@synapse_cleft 779 -0.0205638266 0.0139798276 0.00882131346 0 0 0
nt@synapse_cleft 797 0.00445043156 0.0414522747 0.00154523421 0 0 0
nt@synapse_cleft 803 -0.0184188903 -0.0544895584 0.00523466007 0 0 0
nt@synapse_cleft 816 0.00797736035 0.00871556692 0.0069066136 0 0 0
nt@synapse_cleft 831 0.0287781992 -0.00145204248 0.000258260679 0 0 0
nt@synapse_cleft 833 -0.0141218025 -0.0118734499 0.0144840272 0 0 0
nt@synapse_cleft 837 -0.00844173623 -0.00679405786 0.00808064377 0 0 0
nt@synapse_cleft 844 -0.0216318909 0.0189402294 0.015126809 0 0 0
nt@synapse_cleft 847 0.0143729522 -0.00486049262 0.0155984519 0 0 0
nt@synapse_cleft 850 -0.00755387012 0.00955649469 0.0169710215 0 0 0
nt@synapse_cleft 854 -0.00126373008 0.0410807 0.002119804 0 0 0
nt@synapse_cleft 866 -0.0173866972 -0.0200867236 0.000602244496 0 0 0
nt@synapse_cleft 871 0.0201400183 0.0198799435 0.0065059737 0 0 0
nt@synapse_cleft 877 -0.0385189226 0.0196955284 0.00159432354 0 0 0
nt@synapse_cleft 884 0.019554519 -0.0106022732 0.0173515423 0 0 0
nt@synapse_cleft 904 -0.059040582 0.00845084401 0.0154150265 0 0 0
nt@synapse_cleft 908 -0.0576778144 -0.0241570021 0.00606381758 0 0 0
nt@synapse_cleft 909 0.03115534 -0.000406788576 0.0136757509 0 0 0
nt@synapse_cleft 913 -0.0290695293 0.0249593185 0.0168380322 0 0 0
nt@synapse_cleft 918 0.0699648174 0.0171921188 0.0169175475 0 0 0
nt@synapse_cleft 932 0.0239030072 -0.0724245396 0.00360553137 0 0 0
nt@synapse_cleft 938 -0.0099327507 -0.011304667 0.0168424178 0 0 0
nt@synapse_cleft 940 -0.0500352347 -0.0524932694 0.0121117078 0 0 0
nt@synapse_cleft 942 0.00391915115 -0.04859125 0.0135575744 0 0 0
nt@synapse_cleft 943 0.0333120885 0.00785395856 0.0198418149 0 0 0
nt@synapse_cleft 944 -0.00374373105 -0.0491368329 0.00988320486 0 0 0
nt@synapse_cleft 945 -0.00514674937 0.0291383339 0.000304370217 0 0 0
nt@synapse_cleft 947 -0.0306443944 0.0217712871 0.00840145474 0 0 0
nt@synapse_cleft 953 -0.0207725202 0.00919158056 0.00665091357 0 0 0
nt@synapse_cleft 957 0.0663244787 -0.0202387769 0.00244895461 0 0 0
nt@synapse_cleft 961 -0.0167676457 -0.00299085168 0.00427771975 0 0 0
nt@synapse_cleft 967 0.0406853775 0.00915080866 0.0128848404 0 0 0
nt@synapse_cleft 978 -0.0525934581 -0.0120271789 0.0166206522 0 0 0
nt@synapse_cleft 998 -0.000195830276 -0.0190762479 0.0133071723 0 0 0
nt@synapse_cleft 999 0.0558156688 -0.0421014365 0.00828138566 0 0 0
nt@synapse_cleft 1002 0.00441645549 0.0200633763 0.00843787014 0 0 0
nt@synapse_cleft 1013 -0.0339713837 0.0459884857 0.0143738839 0 0 0
nt@synapse_cleft 1018 -0.00781800444 -0.00994033709 0.00980455698 0 0 0
nt@synapse_cleft 1027 0.0289115276 0.0513882171 0.00706096 0 0 0
nt@synapse_cleft 1035 -0.0347829206 -0.0311337409 0.0110969341 0 0 0
nt@synapse_cleft 1048 -0.0213134192 -0.0495297647 0.0137063815 0 0 0
nt@synapse_cleft 1050 0.0354730012 -0.0390336324 0.0107526795 0 0 0
nt@synapse_cleft 1062 0.0475232061 0.00905411993 0.0196646361 0 0 0
nt@synapse_cleft 1077 -0.0429876999 -0.0017930153 0.0102803365 0 0 0
nt@synapse_cleft 1080 -0.0408672869 0.0176712018 0.0141125483 0 0 0
nt@synapse_cleft 1092 -0.0234412082 -0.00261805845 0.00423231975 0 0 0
nt@synapse_cleft 1107 0.00442103719 0.000120145844 0.000927022246 0 0 0
nt@synapse_cleft 1108 0.00688889944 0.0206300405 0.00339196788 0 0 0
nt@synapse_cleft 1113 -0.0305561764 -0.000131102706 0.00582470045 0 0 0
nt@synapse_cleft 1114 0.00613508312 -0.0286096984 0.0125458704 0 0 0
nt@synapse_cleft 1130 0.015059417 -0.00997017101 0.0143696799 0 0 0
nt@synapse_cleft 1136 -0.00390738263 -0.038781257 0.000876960633 0 0 0
nt@synapse_cleft 1140 0.00263509272 -0.0504906608 0.0160572633 0 0 0
nt@synapse_cleft 1144 -0.00595623626 -0.00880379815 0.00175094031 0 0 0
nt@synapse_cleft 1145 0.0743866546 -0.000476729163 0.0180580471 0 0 0
nt@synapse_cleft 1149 -0.0261419359 0.00798415891 0.0174091778 0 0 0
nt@synapse_cleft 1152 0.0420549643 0.00449089893 0.00532258768 0 0 0
nt@synapse_cleft 1165 0.0556251644 0.0326093337 0.0124304921 0 0 0
nt@synapse_cleft 1167 0.0446023053 0.0283166887 0.0146395758 0 0 0
nt@synapse_cleft 1172 -0.00493792585 -0.00139586788 0.0127639185 0 0 0
nt@synapse_cleft 1177 -0.0168923003 0.0823557955 0.00889739966 0 0 0
nt@synapse_cleft 1179 0.00918049259 -0.0100146361 0.0169069724 0 0 0
nt@synapse_cleft 1186 -0.0652912466 0.0190080294 0.00383918809 0 0 0
nt@synapse_cleft 1188 0.0191841356 -0.0206311219 0.0123386094 0 0 0
nt@synapse_cleft 1193 -0.0185754058 -0.0295025642 0.00753624066 0 0 0
nt@synapse_cleft 1200 -0.0131087805 0.00619741526 0.0196221332 0 0 0
nt@synapse_cleft 1203 -0.0132101285 0.0334033819 0.0128928299 0 0 0
nt@synapse_cleft 1204 0.0155359746 0.0252953944 0.00337991529 0 0 0
nt@synapse_cleft 1205 -0.0217684874 -0.0216191333 0.0122571522 0 0 0
nt@synapse_cleft 1206 -0.0118661807 -0.000817685242 0.00691224282 0 0 0
nt@synapse_cleft 1237 -0.0349339604 -0.0189806832 0.00116169972 0 0 0
nt@synapse_cleft 1238 -0.0548112887 -0.0403625074 0.0113554924 0 0 0
nt@synapse_cleft 1248 0.0129566431 0.0454858497 0.00634086028 0 0 0
nt@synapse_cleft 1251 -0.0348290218 0.00513548142 0.00843908146 0 0 0
nt@synapse_cleft 1252 -0.0217978326 -0.0174215541 0.0186151218 0 0 0
nt@synapse_cleft 1254 -0.0105901212 0.0410311394 0.0122070531 0 0 0
nt@synapse_cleft 1270 0.052570151 0.0317493634 0.00207684714 0 0 0
nt@synapse_cleft 1289 0.0643529775 0.00509493556 0.00347925729 0 0 0
nt@synapse_cleft 1298 -0.00884302419 -0.0234463179 0.0135707485 0 0 0
nt@synapse_cleft 1302 -0.0258759826 0.0406739244 0.000150462597 0 0 0
nt@synapse_cleft 1311 0.00410299326 -0.0303988146 0.00171684606 0 0 0
nt@synapse_cleft 1316 -0.0346093388 -0.0229458936 0.00473326456 0 0 0
nt@synapse_cleft 1326 0.0101426971 0.00802192444 0.0145048444 0 0 0
nt@synapse_cleft 1328 0.00968494461 0.0108140136 0.0167707405 0 0 0
nt@synapse_cleft 1333 -0.0317239244 0.038640823 0.0048473263 0 0 0
nt@synapse_cleft 1343 0.0216923312 -0.00606770758 0.00561183215 0 0 0
nt@synapse_cleft 1347 -0.0476653964 -0.0183518219 0.0118337069 0 0 0
nt@synapse_cleft 1349 0.0275639466 -0.0180006706 0.00586776964 0 0 0
nt@synapse_cleft 1368 0.0212426659 -0.00216614075 0.0167397187 0 0 0
nt@synapse_cleft 1372 -0.0140052821 0.0385390732 0.00195012268 0 0 0
nt@synapse_cleft 1380 -0.0262298 0.0218746033 0.0134619379 0 0 0
nt@synapse_cleft 1384 -0.0462669429 0.0153184171 0.0153755842 0 0 0
nt@synapse_cleft 1400 -0.0377947008 0.0398259625 0.0115808604 0 0 0
nt@synapse_cleft 1403 0.00338837578 0.0111056185 0.00324737182 0 0 0
nt@synapse_cleft 1408 -0.0276792379 -0.0127039105 0.0121923855 0 0 0
nt@synapse_cleft 1416 0.0123362056 0.0319639276 0.019156231 0 0 0
nt@synapse_cleft 1419 0.00280938765 -0.00571701509 0.014343307 0 0 0
nt@synapse_cleft 1425 -0.0125023499 -0.0242200947 0.00140219109 0 0 0
nt@synapse_cleft 1427 0.00128432203 -0.0224358969 0.008035321 0 0 0
nt@synapse_cleft 1438 -0.0305624953 -0.0161266494 0.00143128802 0 0 0
nt@synapse_cleft 1440 -0.0218871783 0.0354486909 0.00189542267 0 0 0
nt@synapse_cleft 1442 -0.0139724631 0.0170201827 0.0133829217 0 0 0
nt@synapse_cleft 1444 -0.0212349222 -0.00023979539 0.00165135022 0 0 0
nt@synapse_cleft 1446 -0.0143338584 -0.036269936 0.00536793994 0 0 0
nt@synapse_cleft 1452 -0.0363942264 -0.0323588015 0.00206759907 0 0 0
nt@synapse_cleft 1455 -0.0300040391 0.00237210563 0.0189453344 0 0 0
nt@synapse_cleft 1470 -0.0934378378 -0.0385219009 4.89432084e-05 0 0 0
nt@synapse_cleft 1472 -0.0686077237 -0.00729300122 0.0144731874 0 0 0
nt@synapse_cleft 1479 -0.0110035789 0.0414957904 0.00204749878 0 0 0
nt@synapse_cleft 1481 0.000803559978 -0.000679436683 0.00234812494 0 0 0
nt@synapse_cleft 1484 -0.00727689781 0.0233537358 0.0171667708 0 0 0
nt@synapse_cleft 1485 -0.00594354239 -0.0293891746 0.019044134 0 0 0
nt@synapse_cleft 1487 -0.00319961524 -0.033186927 0.0187651947 0 0 0
nt@synapse_cleft 1488 0.0415774221 0.00985588371 0.0103392723 0 0 0
nt@synapse_cleft 1496 -0.00855686 0.0432843128 0.00354663926 0 0 0
nt@synapse_cleft 1506 0.0200159391 0.0151985303 0.0168523831 0 0 0
nt@synapse_cleft 1507 -0.00776969926 -0.00328667699 0.00254727878 0 0 0
nt@synapse_cleft 1508 0.0437099384 0.0128368257 0.01235039 0 0 0
nt@synapse_cleft 1512 0.0276285993 -0.00981504523 0.0171638881 0 0 0
nt@synapse_cleft 1527 -0.00644392599 0.0379535211 0.0031357789 0 0 0
nt@synapse_cleft 1528 -0.0459131404 0.00325450478 0.00148342398 0 0 0
nt@synapse_cleft 1531 0.00408722356 0.0101849562 0.00174252249 0 0 0
nt@synapse_cleft 1538 0.00819669049 -0.000834493997 0.00870731835 0 0 0
nt@synapse_cleft 1542 -0.00951608896 0.0181916391 0.0143709089 0 0 0
nt@synapse_cleft 1553 0.0551929595 0.00999761712 0.01587277 0 0 0
nt@synapse_cleft 1561 0.0130429963 -0.0443741375 0.00638560388 0 0 0
nt@synapse_cleft 1565 -0.0105920661 -0.00808832776 0.0125794908 0 0 0
nt@synapse_cleft 1571 -0.0301355864 -0.0213759705 0.013909817 0 0 0
nt@synapse_cleft 1573 0.00879797496 0.0319536022 0.0119384487 0 0 0
nt@synapse_cleft 1592 0.0242221531 -0.0359181337 0.00275017221 0 0 0
nt@synapse_cleft 1597 -0.00104970055 0.0460086268 0.00210594156 0 0 0
nt@synapse_cleft 1600 0.0192718731 -0.0317874633 0.014290622 0 0 0
nt@synapse_cleft 1605 0.0230244578 -0.0104533861 0.0169968039 0 0 0
nt@synapse_cleft 1606 -0.0426907368 0.0106888274 0.00557053129 0 0 0
nt@synapse_cleft 1611 0.0140256396 -0.0132171646 0.0176409519 0 0 0
nt@synapse_cleft 1617 -0.0186154468 -0.0440403465 0.0120339697 0 0 0
nt@synapse_cleft 1628 0.00925934842 0.034592568 0.00165301968 0 0 0
nt@synapse_cleft 1635 0.00265207054 -0.00558871856 0.0187945742 0 0 0
nt@synapse_cleft 1641 0.0208390004 0.0350942938 0.010421396 0 0 0
nt@synapse_cleft 1655 0.00622662486 0.0333436725 0.00364919199 0 0 0
nt@synapse_cleft 1658 0.0367664264 0.0464685076 0.00956006227 0 0 0
nt@synapse_cleft 1660 0.00196759418 0.0209717783 0.0161844919 0 0 0
nt@synapse_cleft 1675 -0.0162009364 0.0141429134 0.0184222055 0 0 0
nt@synapse_cleft 1678 0.00845159502 -0.0147550375 0.00502104936 0 0 0
nt@synapse_cleft 1681 -0.000527779622 -0.0116969751 0.0150963218 0 0 0
nt@synapse_cleft 1686 -0.00894423277 0.0370647133 0.0109636809 0 0 0
nt@synapse_cleft 1687 -0.0360581106 -0.0389427494 0.00252200678 0 0 0
nt@synapse_cleft 1689 0.00346497945 0.0133973102 0.00763536994 0 0 0
nt@synapse_cleft 1692 -0.020150024 0.00926050963 0.0183877786 0 0 0
nt@synapse_cleft 1695 0.0277398031 -0.0154891063 0.00898327355 0 0 0
nt@synapse_cleft 1701 0.0142958096 0.00330720602 0.00811582167 0 0 0
nt@synapse_cleft 1707 -0.0299834401 -0.0135454997 0.0166024678 0 0 0
nt@synapse_cleft 1715 0.00317078426 0.0155218149 0.0137099259 0 0 0
nt@synapse_cleft 1721 0.0250100349 -0.0539222591 0.0108346311 0 0 0
nt@synapse_cleft 1729 -0.00363901718 -0.0299970094 0.00615585876 0 0 0
nt@synapse_cleft 1736 0.0280060912 0.0106679129 0.0167120406 0 0 0
nt@synapse_cleft 1742 0.0179351817 -0.0564888307 0.00757018646 0 0 0
nt@synapse_cleft 1743 0.0275753635 0.031762259 0.00868535576 0 0 0
nt@synapse_cleft 1745 -0.0271256733 0.0159414936 0.00228792739 0 0 0
nt@synapse_cleft 1746 0.0103321416 -0.0243290528 0.0121573936 0 0 0
nt@synapse_cleft 1751 0.0520462633 -0.00159711154 0.0152038776 0 0 0
nt@synapse_cleft 1759 -0.00615496679 -0.0144459345 0.0178742195 0 0 0
nt@synapse_cleft 1762 -0.0283873021 -0.0205633869 0.0106759215 0 0 0
nt@synapse_cleft 1768 0.00425653372 -0.0494752856 0.00939111322 0 0 0
nt@synapse_cleft 1775 -0.0182166429 -0.000249941156 0.0180016211 0 0 0
nt@synapse_cleft 1781 -0.0112048862 0.0525305138 0.00616338528 0 0 0
nt@synapse_cleft 1793 0.0179938464 0.0385186373 0.00783973166 0 0 0
nt@synapse_cleft 1795 0.0401251712 -0.018129876 0.0148086512 0 0 0
nt@synapse_cleft 1804 0.0127894454 0.0256286611 0.017780648 0 0 0
nt@synapse_cleft 1815 -0.0272745912 -0.0165793737 0.00404615206 0 0 0
nt@synapse_cleft 1824 0.0219020609 0.00305530106 0.00203597169 0 0 0
nt@synapse_cleft 1829 0.0485803582 -0.0146798474 0.016814839 0 0 0
nt@synapse_cleft 1830 -0.0464332923 -0.0155003198 0.0124329816 0 0 0
nt@synapse_cleft 1837 -0.0465359741 -0.007078723 0.0121557473 0 0 0
nt@synapse_cleft 1838 0.00695636739 -0.0536851934 0.00369322569 0 0 0
nt@synapse_cleft 1843 0.00807471542 0.0122222681 0.0100980035 0 0 0
nt@synapse_cleft 1846 -0.021641584 -0.0123451506 0.0134664315 0 0 0
nt@synapse_cleft 1853 0.0455653743 -0.0284869736 0.0142041577 0 0 0
nt@synapse_cleft 1854 0.0221494034 -0.0010841389 0.00676061512 0 0 0
nt@synapse_cleft 1856 0.0198429989 -0.0179286931 0.0151639225 0 0 0
nt@synapse_cleft 1872 -0.000855493248 -0.0127100939 0.0157692578 0 0 0
nt@synapse_cleft 1877 0.0158079456 0.0295304686 0.0188103726 0 0 0
nt@synapse_cleft 1880 -0.0325051875 -0.0284650554 0.00226457791 0 0 0
nt@synapse_cleft 1883 0.0267925164 0.0124952895 0.017468452 0 0 0
nt@synapse_cleft 1885 -0.0217286084 0.00269962639 0.00466384838 0 0 0
nt@synapse_cleft 1887 0.00675419153 0.0177962211 0.00153163251 0 0 0
nt@synapse_cleft 1892 0.00109961258 0.00761314556 0.00894183302 0 0 0
nt@synapse_cleft 1896 0.0109117464 0.0168297897 0.0111400005 0 0 0
nt@synapse_cleft 1904 -0.0425276317 0.0452221225 0.00355932851 0 0 0
nt@synapse_cleft 1918 -0.0212909185 0.0596036293 0.0125760327 0 0 0
nt@synapse_cleft 1923 -0.0127110961 0.0199532151 0.0189382175 0 0 0
nt@synapse_cleft 1926 0.00695978507 0.00120651278 0.0179412629 0 0 0
nt@synapse_cleft 1932 0.0220000946 -0.00909243657 0.0141459047 0 0 0
nt@synapse_cleft 1942 0.0400026409 -0.0424307883 0.00849680262 0 0 0
nt@synapse_cleft 1946 -0.0175312006 -0.02203786 0.00729289918 0 0 0
nt@synapse_cleft 1961 0.039218902 0.0236160366 0.0147421489 0 0 0
nt@synapse_cleft 1967 -0.00977453938 -0.0368871575 0.0109432233 0 0 0
nt@synapse_cleft 1970 -0.0234781188 -0.0398521028 0.0134161937 0 0 0
nt@synapse_cleft 1973 0.0191251691 0.0270057784 0.0190941269 0 0 0
nt@synapse_cleft 1976 -0.0510538522 -0.0149239006 0.00650065018 0 0 0
nt@synapse_cleft 1980 -0.00293403061 -0.014715727 0.010469564 0 0 0
nt@synapse_cleft 1984 -0.0387388076 -0.0315086093 0.000986432165 0 0 0
nt@synapse_cleft 1990 0.018694601 0.0183092998 0.00276659314 0 0 0
nt@synapse_cleft 1997 -0.0120536953 0.0212955954 0.0180087775 0 0 0
nt@synapse_cleft 2004 -0.0195197116 0.0141751761 0.0175061862 0 0 0
nt@synapse_cleft 2013 -0.013586589 -0.00255557386 0.0124480878 0 0 0
nt@synapse_cleft 2014 0.0108149239 -0.00184496409 0.00919501472 0 0 0
nt@synapse_cleft 2019 0.0134654234 -0.010187689 0.00837538085 0 0 0
nt@synapse_cleft 2032 -0.020595 0.0113906871 0.00793885351 0 0 0
nt@synapse_cleft 2036 0.0593686496 -0.0420549672 0.0143728222 0 0 0
nt@synapse_cleft 2061 0.0179912081 -0.0067234798 0.00728198915 0 0 0
nt@synapse_cleft 2064 0.0203192562 0.0291426023 0.0152899953 0 0 0
nt@synapse_cleft 2092 0.0221141749 0.0252866043 0.0109660702 0 0 0
nt@synapse_cleft 2096 -0.0145100535 -0.0154825263 0.0016116539 0 0 0
nt@synapse_cleft 2104 0.0475679321 -0.0231225864 0.0129288448 0 0 0
nt@synapse_cleft 2112 -0.00205224591 -0.0289539994 0.00424115037 0 0 0
nt@synapse_cleft 2124 -0.00597043165 0.0599754788 0.00436472497 0 0 0
nt@synapse_cleft 2127 0.0278831006 -0.0100786694 0.00748038394 0 0 0
nt@synapse_cleft 2137 -0.0668005769 0.0593434192 0.0146799732 0 0 0
nt@synapse_cleft 2156 0.0446214098 -0.0333626665 0.00951436273 0 0 0
nt@synapse_cleft 2162 -0.00798770236 0.0185005301 0.015504474 0 0 0
nt@synapse_cleft 2163 0.0198215281 -0.00941711251 0.0115203845 0 0 0
nt@synapse_cleft 2185 -0.0310321998 -0.000747701089 0.0134467343 0 0 0
nt@synapse_cleft 2187 -0.0189677502 -0.00469209323 0.0055571001 0 0 0
nt@synapse_cleft 2199 0.00096102491 -0.0142130461 0.00420593668 0 0 0
nt@synapse_cleft 2204 -0.0217269143 0.0268899887 0.00033637701 0 0 0
nt@synapse_cleft 2218 0.00484083271 -0.00835112209 0.0135736094 0 0 0
nt@synapse_cleft 2223 -0.0154288422 -0.0124062589 0.0112832409 0 0 0
nt@synapse_cleft 2228 0.000511547384 0.0244389961 0.0147095474 0 0 0
nt@synapse_cleft 2236 -0.00550212548 0.0097556994 0.0125353875 0 0 0
nt@synapse_cleft 2251 0.000437280274 -9.92558572e-05 0.00252331369 0 0 0
nt@synapse_cleft 2254 -0.0115335627 -0.0323419502 0.0109171011 0 0 0
nt@synapse_cleft 2257 0.0197497831 -0.00189290529 0.0140950782 0 0 0
nt@synapse_cleft 2262 -0.0204721312 -0.000576568721 0.0154475503 0 0 0
nt@synapse_cleft 2271 -0.0444973469 0.0129452711 0.0175553145 0 0 0
nt@synapse_cleft 2274 -0.00405330946 0.0393525519 0.00104979213 0 0 0
nt@synapse_cleft 2278 0.0305382729 0.0381047975 0.00315283049 0 0 0
nt@synapse_cleft 2279 -0.0284807338 0.00365953517 0.0156708616 0 0 0
nt@synapse_cleft 2283 0.040560376 -0.0282033395 0.0187260422 0 0 0
nt@synapse_cleft 2284 0.0267852261 0.00341789923 0.00233351117 0 0 0
nt@synapse_cleft 2285 0.000586515511 -0.00356301987 0.0140171247 0 0 0
nt@synapse_cleft 2298 -0.0491684126 -0.0363150355 0.0116600113 0 0 0
nt@synapse_cleft 2306 -0.0189253358 -0.0652423791 0.00222027899 0 0 0
nt@synapse_cleft 2308 -0.0535814182 0.0400227864 0.00713812898 0 0 0
nt@synapse_cleft 2309 0.00715782222 0.01954142 0.0124854466 0 0 0
nt@synapse_cleft 2314 -0.00256632272 -0.020416716 0.00995301475 0 0 0
nt@synapse_cleft 2320 0.00944412267 -0.0332252411 0.00255485395 0 0 0
nt@synapse_cleft 2321 0.0473157543 0.00905365652 0.000419458099 0 0 0
nt@synapse_cleft 2327 -0.031270829 -0.0148097952 0.0158583258 0 0 0
nt@synapse_cleft 2330 -0.0280512848 0.0158217241 0.0138170124 0 0 0
nt@synapse_cleft 2349 0.0439527932 0.0319277969 0.00363338735 0 0 0
nt@synapse_cleft 2367 -0.0303244189 -0.0454780876 0.00493272954 0 0 0
nt@synapse_cleft 2369 -0.0374824808 0.00672741021 0.000137855374 0 0 0
nt@synapse_cleft 2383 0.00252159127 -0.0800582881 0.00883444431 0 0 0
nt@synapse_cleft 2389 0.00433030162 -0.014339658 0.00906368246 0 0 0
nt@synapse_cleft 2400 -0.0220952572 -0.0220591092 0.017887109 0 0 0
nt@synapse_cleft 2411 0.0206114283 -0.0381492268 0.0176737258 0 0 0
nt@synapse_cleft 2412 0.00240677819 0.00230105733 0.0138873976 0 0 0
nt@synapse_cleft 2421 0.0106515318 0.0222089766 0.00166885883 0 0 0
nt@synapse_cleft 2423 0.0152992285 -0.0501083725 0.00535000207 0 0 0
nt@synapse_cleft 2437 0.0496509108 -0.00520488208 0.0198663949 0 0 0
nt@synapse_cleft 2438 0.0147839212 -0.0326784185 0.0064360458 0 0 0
nt@synapse_cleft 2448 0.000974139044 0.0159862537 0.00762044304 0 0 0
nt@synapse_cleft 2456 -0.0231746025 -0.0137063308 0.00634479076 0 0 0
nt@synapse_cleft 2462 -0.0174882705 0.0334072798 0.00572169865 0 0 0
nt@synapse_cleft 2468 -0.0486357193 -0.0312459085 0.0148163892 0 0 0
nt@synapse_cleft 2472 0.0581545422 -0.0271426209 0.00736425469 0 0 0
nt@synapse_cleft 2480 -0.00255698601 -0.0273294612 0.00303342737 0 0 0
nt@synapse_cleft 2481 -0.0144393555 -0.0242786056 0.0126409704 0 0 0
nt@synapse_cleft 2483 0.0175582333 0.0152922183 0.00546275834 0 0 0
nt@synapse_cleft 2491 0.00671653165 0.0252707708 0.0175607146 0 0 0
nt@synapse_cleft 2493 0.024615903 -0.0471132542 0.00853644647 0 0 0
nt@synapse_cleft 2498 0.0103774409 -0.0178493958 0.00341651491 0 0 0
nt@synapse_cleft 2502 0.0214312567 -0.030171768 0.00981373681 0 0 0
nt@synapse_cleft 2509 0.00395075775 -0.0133374125 0.00365655896 0 0 0
nt@synapse_cleft 2513 -0.00732201647 0.0217715563 0.0100615129 0 0 0
nt@synapse_cleft 2517 -0.0105728734 0.00723353674 0.0178868253 0 0 0
nt@synapse_cleft 2520 0.0192601508 0.0282686588 0.0101966381 0 0 0
nt@synapse_cleft 2528 0.0127424268 -0.00474573299 0.0153363613 0 0 0
nt@synapse_cleft 2539 -0.00526278418 0.0212918041 0.00641884218 0 0 0
nt@synapse_cleft 2542 0.0251085588 -0.0286978451 0.00763666763 0 0 0
nt@synapse_cleft 2549 -0.01620714 0.0562476671 0.0133316969 0 0 0
nt@synapse_cleft 2550 0.0519986714 0.00749236094 0.0151208632 0 0 0
nt@synapse_cleft 2555 0.0590305933 -0.017339414 0.0100749444 0 0 0
nt@synapse_cleft 2560 -0.034569388 -0.00993177448 0.00153013155 0 0 0
nt@synapse_cleft 2561 0.0226222662 0.0495658639 0.0125480312 0 0 0
nt@synapse_cleft 2563 0.00851737468 0.000704889746 0.0087438881 0 0 0
nt@synapse_cleft 2564 -0.0070113312 0.0504795421 0.0100581548 0 0 0
nt@synapse_cleft 2566 0.000607315935 0.00633975143 0.00715557678 0 0 0
nt@synapse_cleft 2570 -0.00189108156 0.00937677864 0.00510434096 0 0 0
nt@synapse_cleft 2577 -0.00826809569 0.0231745821 0.0140495464 0 0 0
nt@synapse_cleft 2603 0.0387768018 -0.0233462273 0.0190995928 0 0 0
nt@synapse_cleft 2604 0.0558815289 -0.0208445732 0.0160802138 0 0 0
nt@synapse_cleft 2610 0.00601620611 -0.0253174437 0.0175357131 0 0 0
nt@synapse_cleft 2615 0.00312266612 -0.0735160009 0.0155582668 0 0 0
nt@synapse_cleft 2625 -0.0541324505 -0.0161741522 0.00612799093 0 0 0
nt@synapse_cleft 2628 0.0122051 -0.0337020432 0.009397669 0 0 0
nt@synapse_cleft 2639 0.00413788075 -0.0195892905 0.00491909065 0 0 0
nt@synapse_cleft 2641 -0.0104025512 -0.00993365363 0.0126066817 0 0 0
nt@synapse_cleft 2652 -0.00266114136 0.00228996612 0.0175043136 0 0 0
nt@synapse_cleft 2660 -0.0210654299 -0.023499674 0.00330457647 0 0 0
nt@synapse_cleft 2670 0.00216528325 -0.0128853577 0.00640906034 0 0 0
nt@synapse_cleft 2680 -0.0529189581 -0.0433268884 0.0026722467 0 0 0
nt@synapse_cleft 2681 -0.0405245729 -0.0293636061 0.0165066589 0 0 0
nt@synapse_cleft 2688 -0.046148467 0.0711547769 0.00279662115 0 0 0
nt@synapse_cleft 2702 -0.0170685173 -0.00418509154 0.00769826 0 0 0
nt@synapse_cleft 2708 -0.0427754447 0.0141513666 0.00502092365 0 0 0
nt@synapse_cleft 2709 0.0223770394 -0.00968171978 0.0104016789 0 0 0
nt@synapse_cleft 2720 0.0174574888 0.0205554476 0.0137741049 0 0 0
nt@synapse_cleft 2724 -0.00261879329 -0.00985242525 0.00551303993 0 0 0
nt@synapse_cleft 2729 0.0078006345 -0.0444211328 0.013585869 0 0 0
nt@synapse_cleft 2743 -0.00303387762 -0.0488345934 0.0180612285 0 0 0
nt@synapse_cleft 2750 0.00731139035 -0.0525391304 0.0166111212 0 0 0
nt@synapse_cleft 2752 -0.0239311526 -0.0302016472 0.00360104752 0 0 0
nt@synapse_cleft 2756 0.0332467781 -0.0245969249 0.0119940748 0 0 0
nt@synapse_cleft 2766 -0.0343283932 0.0245938572 0.00317386503 0 0 0
nt@synapse_cleft 2775 0.030184298 -0.0332909635 0.0139552491 0 0 0
nt@synapse_cleft 2785 0.00737021791 0.0443396339 0.0172950622 0 0 0
nt@synapse_cleft 2798 -0.0357530041 0.0092819837 0.00633738956 0 0 0
nt@synapse_cleft 2807 -0.0240512106 0.00802146559 0.00989874618 0 0 0
nt@synapse_cleft 2808 0.0271602618 0.0549255351 0.00801030599 0 0 0
nt@synapse_cleft 2820 0.0139479004 -0.00199080103 0.0139241657 0 0 0
nt@synapse_cleft 2828 0.00504327474 -0.0380082189 0.00495612484 0 0 0
nt@synapse_cleft 2857 0.0135213557 -0.0315883611 0.00760699329 0 0 0
nt@synapse_cleft 2861 -0.0114623282 0.0178191548 0.00835429224 0 0 0
nt@synapse_cleft 2863 -0.0498571434 -0.000475066542 0.000449586986 0 0 0
nt@synapse_cleft 2875 0.0226890911 0.0180643235 0.0172654425 0 0 0
nt@synapse_cleft 2876 -0.00217852366 -0.00112680887 0.0175661382 0 0 0
nt@synapse_cleft 2880 0.0158229486 -0.00845096874 0.0005060354 0 0 0
nt@synapse_cleft 2884 0.0251418076 0.0168289422 0.00802058136 0 0 0
nt@synapse_cleft 2894 0.0196231495 0.0109467744 0.00705310404 0 0 0
nt@synapse_cleft 2895 0.0661770483 -0.00878932958 0.0123550915 0 0 0
nt@synapse_cleft 2905 -0.000536002555 0.00368756407 0.0133805347 0 0 0
nt@synapse_cleft 2909 0.0514984972 0.00161658487 0.0145349266 0 0 0
nt@synapse_cleft 2910 -0.0634330654 0.00534265543 0.0190708304 0 0 0
nt@synapse_cleft 2912 -0.00153021104 -0.0161766907 0.00916176432 0 0 0
nt@synapse_cleft 2915 0.0380673584 -0.0400842464 0.00635017803 0 0 0
nt@synapse_cleft 2920 -0.000135924603 -0.00373713506 0.0170457214 0 0 0
nt@synapse_cleft 2933 -0.00377996155 -0.0200905489 0.00324233213 0 0 0
nt@synapse_cleft 2935 -0.0368769331 0.00485681781 0.0194140966 0 0 0
nt@synapse_cleft 2940 -0.0110198083 -0.0197110326 0.000245573832 0 0 0
nt@synapse_cleft 2962 0.0170368718 -0.0100888274 0.00983539719 0 0 0
nt@synapse_cleft 2983 0.0109599082 -0.0341192675 0.0173075966 0 0 0
nt@synapse_cleft 2993 -0.0287779432 0.0490286119 0.0189004928 0 0 0
nt@synapse_cleft 3006 0.0445514802 0.0581344519 0.00849722043 0 0 0
nt@synapse_cleft 3012 0.0223597222 -0.00443277611 0.0148472064 0 0 0
nt@synapse_cleft 3019 -0.0339477642 -0.00621030341 0.00447200469 0 0 0
nt@synapse_cleft 3020 -0.0163567454 -0.0305805622 0.000143304354 0 0 0
nt@synapse_cleft 3042 -0.00615652628 0.00806406715 0.0165210506 0 0 0
nt@synapse_cleft 3047 0.0256890109 0.0579787237 0.0112294339 0 0 0
nt@synapse_cleft 3057 0.0402622593 -0.00297918307 0.0190156538 0 0 0
nt@synapse_cleft 3061 -0.0147784968 0.0310991292 0.00683323138 0 0 0
nt@synapse_cleft 3062 0.0232368236 -0.0223533269 0.000913300346 0 0 0
nt@synapse_cleft 3069 0.0459340451 -0.0267422073 0.0196439016 0 0 0
nt@synapse_cleft 3073 0.00988222999 0.0354586466 0.00300241768 0 0 0
nt@synapse_cleft 3089 -0.00442308258 -0.0193705175 0.00250585721 0 0 0
nt@synapse_cleft 3096 -0.00608967102 0.0178423628 0.00019385347 0 0 0
nt@synapse_cleft 3099 -0.0429533299 0.0107531209 0.0199797964 0 0 0
nt@synapse_cleft 3114 0.0396750975 0.0234474215 0.0141418662 0 0 0
nt@synapse_cleft 3132 -0.0128498856 -0.0135593241 0.0104634477 0 0 0
nt@synapse_cleft 3134 0.0141532073 0.0388943942 0.00824996877 0 0 0
nt@synapse_cleft 3150 0.0312758722 -0.0643329591 0.00676986009 0 0 0
nt@synapse_cleft 3155 -0.00438662432 0.00994571526 0.003601117 0 0 0
nt@synapse_cleft 3159 -0.0109736572 0.00802887502 0.0145955956 0 0 0
nt@synapse_cleft 3177 0.0238422991 -0.0265275023 0.00533032712 0 0 0
nt@synapse_cleft 3178 -0.0205673786 -0.0139293986 0.0110651233 0 0 0
nt@synapse_cleft 3181 0.0167416918 -0.00266045234 0.0177308303 0 0 0
nt@synapse_cleft 3183 0.00990600525 -0.0318051357 0.00126435881 0 0 0
nt@synapse_cleft 3184 0.0283567579 0.0248609554 0.0135602437 0 0 0
nt@synapse_cleft 3185 0.022197547 0.0079787766 0.01538623 0 0 0
nt@synapse_cleft 3199 0.00717525254 0.0263987904 0.018621498 0 0 0
nt@synapse_cleft 3202 0.0119922666 0.0401490489 0.00255890503 0 0 0
nt@synapse_cleft 3207 -0.01585582 -0.0100522196 0.000586840839 0 0 0
nt@synapse_cleft 3220 0.00686547711 0.0325338083 0.00986703796 0 0 0
nt@synapse_cleft 3222 -0.0570335836 -0.019078492 0.00457203793 0 0 0
nt@synapse_cleft 3227 0.018681855 0.00537967824 0.0129728307 0 0 0
nt@synapse_cleft 3247 0.00905560903 -0.0070894549 0.0143407714 0 0 0
nt@synapse_cleft 3249 -0.0189691477 -0.0106058405 0.0098620869 0 0 0
nt@synapse_cleft 3275 0.00608831252 -0.0149829275 0.00920576562 0 0 0
nt@synapse_cleft 3304 0.0183882708 0.0831894743 0.0170486767 0 0 0
nt@synapse_cleft 3308 -0.0338597637 0.0490737309 0.00502619456 0 0 0
nt@synapse_cleft 3313 -0.0042069232 -0.0104542356 0.00278012306 0 0 0
nt@synapse_cleft 3326 0.00958706131 0.00339745265 0.00341891545 0 0 0
nt@synapse_cleft 3334 0.011979348 0.0103348413 0.00568585915 0 0 0
nt@synapse_cleft 3338 -0.00691287398 -0.061148726 0.0180642416 0 0 0
nt@synapse_cleft 3341 0.0222390444 -0.00464068391 0.0124085997 0 0 0
nt@synapse_cleft 3367 0.0164360306 0.0158378761 0.00438039483 0 0 0
nt@synapse_cleft 3375 0.0435342533 0.0318087178 0.0169500854 0 0 0
nt@synapse_cleft 3378 0.011760618 0.0249280487 1.04055197e-05 0 0 0
nt@synapse_cleft 3394 0.000854126143 -0.0284077294 0.000675453769 0 0 0
nt@synapse_cleft 3401 0.042447336 -0.0163171508 0.0046286626 0 0 0
nt@synapse_cleft 3402 -0.00266538333 -0.0202051264 0.000119097058 0 0 0
nt@synapse_cleft 3404 0.0142917368 -0.0299633902 0.00377677758 0 0 0
nt@synapse_cleft 3407 -0.0099259165 0.0649787824 0.0117947097 0 0 0
nt@synapse_cleft 3413 0.0136155087 0.0238958748 0.0168300637 0 0 0
nt@synapse_cleft 3419 -0.0369827551 0.0239702148 0.00132223597 0 0 0
nt@synapse_cleft 3429 0.0509803659 -0.0149860039 0.0154311276 0 0 0
nt@synapse_cleft 3432 0.0531996309 -0.0621955786 0.00661172002 0 0 0
nt@synapse_cleft 3445 0.0282634861 0.0406158459 0.0177821434 0 0 0
nt@synapse_cleft 3451 0.0177331685 0.0183317014 0.0149371263 0 0 0
nt@synapse_cleft 3467 -0.0799759729 -0.00446697841 0.00447578227 0 0 0
nt@synapse_cleft 3474 0.0501029627 -0.00815563239 0.00485000813 0 0 0
nt@synapse_cleft 3482 -0.0735664943 -0.0355959968 0.00342864754 0 0 0
nt@synapse_cleft 3484 -0.00723340585 0.0234086747 0.0128186471 0 0 0
nt@synapse_cleft 3500 0.0235561798 -0.0310230964 0.0148197774 0 0 0
nt@synapse_cleft 3507 -0.0306214706 0.00955210203 0.0183863388 0 0 0
nt@synapse_cleft 3511 0.0267536531 -0.0343540476 0.00513994805 0 0 0
nt@synapse_cleft 3526 0.0111445734 -0.0421335605 0.0127475727 0 0 0
nt@synapse_cleft 3535 0.0145283532 0.0166031329 0.00108227611 0 0 0
nt@synapse_cleft 3536 0.0137526775 0.00963255989 0.00832851846 0 0 0
nt@synapse_cleft 3538 -0.0328546808 0.00830165215 0.00421274581 0 0 0
nt@synapse_cleft 3542 -0.00146133586 0.033800506 0.00345140706 0 0 0
nt@synapse_cleft 3543 -0.0303894218 -0.0190883238 0.00992212736 0 0 0
nt@synapse_cleft 3546 0.0136687499 0.0325555316 0.0139890897 0 0 0
nt@synapse_cleft 3561 -0.0148795961 -0.013661034 0.000215267403 0 0 0
nt@synapse_cleft 3562 -0.0586312788 -0.00732150657 0.00307428749 0 0 0
nt@synapse_cleft 3563 0.032797898 -0.0158572156 0.0188470519 0 0 0
nt@synapse_cleft 3565 0.0355367462 -0.0222974694 0.00481322814 0 0 0
nt@synapse_cleft 3566 -0.0141593388 0.0625672361 0.0162304005 0 0 0
nt@synapse_cleft 3568 0.0184245813 -0.0435017218 0.012355406 0 0 0
nt@synapse_cleft 3575 -0.0145388822 -0.00119321291 0.0195168211 0 0 0
nt@synapse_cleft 3576 0.0475423408 0.00826073237 0.00700148501 0 0 0
nt@synapse_cleft 3592 0.010597769 0.0453788235 0.00961652265 0 0 0
nt@synapse_cleft 3602 -0.0399207441 -0.0182496106 0.00995680435 0 0 0
nt@synapse_cleft 3603 -0.0133267559 0.0235415018 0.0135366808 0 0 0
nt@synapse_cleft 3606 -0.00820234631 0.00345589869 0.0103880716 0 0 0
nt@synapse_cleft 3611 0.0220888297 0.00835997094 0.013549164 0 0 0
nt@synapse_cleft 3616 -0.0405969851 0.0359180178 0.0164294759 0 0 0
nt@synapse_cleft 3617 -0.0091762659 -0.0652435524 0.0184888877 0 0 0
nt@synapse_cleft 3620 0.0117942824 0.0231691587 0.00398681071 0 0 0
nt@synapse_cleft 3625 0.0201741725 0.0214851949 0.017077781 0 0 0
nt@synapse_cleft 3635 -0.0179712978 0.0174695035 0.00339330243 0 0 0
nt@synapse_cleft 3636 0.00835392805 -0.00945729344 0.00749107804 0 0 0
nt@synapse_cleft 3645 -0.00287520836 -0.0301347597 0.00926557206 0 0 0
nt@synapse_cleft 3661 0.0224352403 -0.00297146099 0.0180471538 0 0 0
nt@synapse_cleft 3664 0.0298037931 -0.0501742726 0.0083294165 0 0 0
nt@synapse_cleft 3667 -0.0344806634 -0.00173257509 0.0037471353 0 0 0
nt@synapse_cleft 3681 0.0421982847 -0.0243466541 0.00712826723 0 0 0
nt@synapse_cleft 3690 0.0501094834 -0.0194801724 0.0161404169 0 0 0
nt@synapse_cleft 3693 -0.0738085568 -0.0227249367 0.0183061776 0 0 0
nt@synapse_cleft 3706 0.0270521323 -0.0293639263 0.00279714305 0 0 0
nt@synapse_cleft 3707 -0.0636997694 -0.0163256297 0.0135585617 0 0 0
nt@synapse_cleft 3714 -0.061002742 -0.010874671 0.0168850998 0 0 0
nt@synapse_cleft 3730 0.00390621151 0.00721688136 0.00560623316 0 0 0
nt@synapse_cleft 3731 -0.00254170584 0.00483257147 0.0142716996 0 0 0
nt@synapse_cleft 3737 0.0098673129 0.0199751873 0.00335976394 0 0 0
nt@synapse_cleft 3739 0.0237359723 0.0541191345 0.0121887187 0 0 0
nt@synapse_cleft 3745 0.00141369596 0.0185748501 0.00979788627 0 0 0
nt@synapse_cleft 3751 0.00120570692 -0.00357996456 0.0106052999 0 0 0
nt@synapse_cleft 3758 -0.0078685753 -0.039950467 0.000508083064 0 0 0
nt@synapse_cleft 3759 -0.0173543685 -0.0168464033 0.0159879242 0 0 0
nt@synapse_cleft 3763 0.0353389725 0.0386820449 0.00760869576 0 0 0
nt@synapse_cleft 3768 0.0217790634 -0.00394920142 0.0136804612 0 0 0
nt@synapse_cleft 3771 0.0213859876 -0.0347086797 0.0107752103 0 0 0
nt@synapse_cleft 3775 0.00205170024 -0.00827324195 0.0127771788 0 0 0
nt@synapse_cleft 3783 -0.0241723597 -0.0233527039 0.00580772467 0 0 0
nt@synapse_cleft 3788 -0.0040394219 -0.0166140604 0.0186776261 0 0 0
nt@synapse_cleft 3793 -0.0124371339 -0.013165341 0.0134098756 0 0 0
nt@synapse_cleft 3800 0.0157296029 -0.0131778686 0.0140560692 0 0 0
nt@synapse_cleft 3802 0.00855523739 0.0230935391 0.000896686682 0 0 0
nt@synapse_cleft 3811 -0.0113947046 -0.0310642759 0.00176052738 0 0 0
nt@synapse_cleft 3827 0.0117518576 0.0645149224 0.0134234687 0 0 0
nt@synapse_cleft 3831 0.00270983644 -0.0434437191 0.00526801635 0 0 0
nt@synapse_cleft 3834 0.0435837373 -0.0304475557 0.0195822065 0 0 0
nt@synapse_cleft 3835 0.0176045081 -0.0437538485 0.00558022249 0 0 0
nt@synapse_cleft 3841 0.0441010846 -0.0328628606 0.00336011078 0 0 0
nt@synapse_cleft 3844 -0.00149520175 -0.0119194257 0.0151252922 0 0 0
nt@synapse_cleft 3846 -0.0233480332 0.00400399431 0.0116923141 0 0 0
nt@synapse_cleft 3848 0.0277224021 0.0382221696 0.0196544357 0 0 0
nt@synapse_cleft 3850 -0.0193599687 -0.0138942978 0.0179221653 0 0 0
nt@synapse_cleft 3859 0.048651396 0.000406928957 0.00147507075 0 0 0
nt@synapse_cleft 3879 0.0555327048 -0.0619723019 0.0064532936 0 0 0
nt@synapse_cleft 3886 0.0385185354 0.0523045987 0.00787873379 0 0 0
nt@synapse_cleft 3891 0.00790610396 -0.0145022363 0.00881161888 0 0 0
nt@synapse_cleft 3902 -0.0327654186 -0.000882805472 0.00339292112 0 0 0
nt@synapse_cleft 3907 -0.0316925321 -0.0183745163 0.0105180526 0 0 0
nt@synapse_cleft 3918 -0.0057900248 -0.00897790677 0.0105406053 0 0 0
nt@synapse_cleft 3921 0.032882017 0.0490490683 0.00384393546 0 0 0
nt@synapse_cleft 3927 0.00689237422 0.0443071849 0.019577083 0 0 0
nt@synapse_cleft 3932 0.0285314176 -0.0191953914 0.0129479019 0 0 0
nt@synapse_cleft 3952 -0.0382013135 0.0274566141 0.00906879514 0 0 0
nt@synapse_cleft 3953 0.0299278844 -0.0352523684 0.000625216156 0 0 0
nt@synapse_cleft 3957 0.0252173691 0.0176076109 0.0147024528 0 0 0
nt@synapse_cleft 3958 0.00419964675 0.0188156612 0.0130801872 0 0 0
nt@synapse_cleft 3963 0.0173066404 0.0177377511 0.00756942273 0 0 0
nt@synapse_cleft 3965 -0.0441553347 0.00636457554 0.0142256961 0 0 0
nt@synapse_cleft 3967 0.017275713 -0.0135610672 0.011057301 0 0 0
nt@synapse_cleft 3968 0.0131521128 -0.00503309386 0.00105156197 0 0 0
nt@synapse_cleft 3973 -0.00605735144 0.00309034962 0.0155260625 0 0 0
nt@synapse_cleft 3974 -0.0319233457 0.0671010088 0.00300422047 0 0 0
nt@synapse_cleft 3978 0.0205146732 0.00374463244 0.0171067906 0 0 0
nt@synapse_cleft 3983 -0.0436212066 -0.0278953106 0.00153706889 0 0 0
nt@synapse_cleft 3988 -0.0169156141 -0.0338131155 0.0018582204 0 0 0
nt@synapse_cleft 3991 0.0733718777 -0.0317503586 0.0127731493 0 0 0
nt@synapse_cleft 3993 -0.0529306294 -0.00112902184 0.0167513632 0 0 0
nt@synapse_cleft 3997 -0.0470459632 0.00150980947 0.0142089214 0 0 0
nt@synapse_cleft 3999 -0.0365144476 -0.0217223048 0.00641300843 0 0 0
nt@synapse_cleft 4018 0.0260698665 0.000456356501 0.0119617872 0 0 0
nt@synapse_cleft 4037 -0.00453403923 0.0296493159 0.0165183052 0 0 0
nt@synapse_cleft 4040 0.00455743246 0.00674113362 0.0143311873 0 0 0
nt@synapse_cleft 4049 0.0265824205 0.0129225119 0.0191655487 0 0 0
nt@synapse_cleft 4051 0.0128837096 0.00530997877 0.00694431779 0 0 0
nt@synapse_cleft 4064 0.000855398892 0.0185774983 0.0167708757 0 0 0
nt@synapse_cleft 4070 -0.0146364102 0.00258203692 0.0179656008 0 0 0
nt@synapse_cleft 4071 -0.0202056983 -0.0468271417 0.00833012138 0 0 0
nt@synapse_cleft 4103 -0.00418094187 0.012008453 0.00526768133 0 0 0
nt@synapse_cleft 4106 0.0236811277 0.0166942255 0.009900596 0 0 0
nt@synapse_cleft 4115 0.00790691002 0.0108133629 0.00653283907 0 0 0
nt@synapse_cleft 4119 0.0152072991 -0.0223938686 0.0156294619 0 0 0
nt@synapse_cleft 4123 -0.0101710245 0.0113694187 0.0133503911 0 0 0
nt@synapse_cleft 4126 0.0374581232 -0.0275356457 0.00437784734 0 0 0
nt@synapse_cleft 4129 -0.00193495671 0.0173272276 0.0174084865 0 0 0
nt@synapse_cleft 4132 0.0340227663 0.0431796431 0.0139438282 0 0 0
nt@synapse_cleft 4135 0.0124693393 -0.00223439112 0.0182765667 0 0 0
nt@synapse_cleft 4150 -0.0413778208 -0.0530295416 0.0181743795 0 0 0
nt@synapse_cleft 4155 0.0245353708 -0.0582757009 0.0082223431 0 0 0
nt@synapse_cleft 4156 0.0523213391 -0.00400590801 0.00676311342 0 0 0
nt@synapse_cleft 4163 -0.000596657128 0.0445017766 0.000486489723 0 0 0
nt@synapse_cleft 4177 -0.0400666523 0.0720815711 0.0146609661 0 0 0
nt@synapse_cleft 4187 -0.0230464267 -0.0309947448 0.0136443119 0 0 0
nt@synapse_cleft 4193 0.00814447148 -0.0405228609 0.0116771546 0 0 0
nt@synapse_cleft 4214 -0.0317629515 -0.0174085757 0.0178333 0 0 0
nt@synapse_cleft 4215 0.0324356155 -0.0591207365 0.0197445877 0 0 0
nt@synapse_cleft 4220 -0.0181210781 -0.00310457239 0.0140507386 0 0 0
nt@synapse_cleft 4228 0.035945721 -0.0210418447 0.0189044896 0 0 0
nt@synapse_cleft 4230 -0.0148129253 0.0618036158 0.00219334282 0 0 0
nt@synapse_cleft 4233 0.0190875934 0.0167874135 0.00307079787 0 0 0
nt@synapse_cleft 4237 0.0129960709 -0.0107861302 0.0167998586 0 0 0
nt@synapse_cleft 4242 0.0321688696 -0.0479935689 0.015351071 0 0 0
nt@synapse_cleft 4252 0.0406928392 0.00328198455 0.0162988464 0 0 0
nt@synapse_cleft 4254 -0.0102408834 0.0434024303 0.00702134116 0 0 0
nt@synapse_cleft 4255 -0.0274188504 -0.0351538711 0.0089254199 0 0 0
nt@synapse_cleft 4279 0.0222388163 -0.0524209114 0.00857141572 0 0 0
nt@synapse_cleft 4285 -0.0392176946 0.0348379538 0.0116305931 0 0 0
nt@synapse_cleft 4288 0.025407789 -0.0178474196 0.0169931671 0 0 0
nt@synapse_cleft 4293 -0.0224666935 -0.0150721358 1.77657976e-07 0 0 0
nt@synapse_cleft 4297 0.0330821291 -0.0249322861 0.00873309515 0 0 0
nt@synapse_cleft 4301 0.0436629594 -0.00358616522 0.00807496861 0 0 0
nt@synapse_cleft 4312 -0.0132746385 -0.0330005599 0.00377562744 0 0 0
nt@synapse_cleft 4317 -0.00762079076 0.0514879628 0.00675220284 0 0 0
nt@synapse_cleft 4326 0.0225146273 -0.00629662325 0.0169778423 0 0 0
nt@synapse_cleft 4330 -0.0187295004 0.0167924194 0.0158691747 0 0 0
nt@synapse_cleft 4334 0.0115271678 0.00167116547 0.00892982044 0 0 0
nt@synapse_cleft 4339 0.0129749536 -0.027091064 0.0119780105 0 0 0
nt@synapse_cleft 4343 -0.0236964289 -0.0597281786 0.00742387468 0 0 0
nt@synapse_cleft 4346 0.0236076955 0.00684610304 0.0021646052 0 0 0
nt@synapse_cleft 4351 0.0472865958 0.0126915891 0.0123579171 0 0 0
nt@synapse_cleft 4360 0.00706523511 0.00679360807 0.0109852194 0 0 0
nt@synapse_cleft 4365 0.00149477671 0.0444141909 0.0193314212 0 0 0
nt@synapse_cleft 4374 -0.0207732244 -0.0249666401 0.00249779785 0 0 0
nt@synapse_cleft 4376 -0.015421152 -0.00135312543 0.00811195705 0 0 0
nt@synapse_cleft 4381 -0.0157297913 -0.0313078139 0.0136267376 0 0 0
nt@synapse_cleft 4386 -0.00863404978 0.00172485333 0.00813560184 0 0 0
nt@synapse_cleft 4392 -0.0077947293 0.0201616684 0.00990877478 0 0 0
nt@synapse_cleft 4395 0.0120123628 -0.0383126423 0.0162205653 0 0 0
nt@synapse_cleft 4396 0.0193701785 -0.0533212179 0.00373830704 0 0 0
nt@synapse_cleft 4398 -0.0191075235 0.0110943115 0.00995790266 0 0 0
nt@synapse_cleft 4399 0.0157048316 0.0387967592 0.000235163685 0 0 0
nt@synapse_cleft 4414 -0.00486412833 -0.0232867871 0.0148912633 0 0 0
nt@synapse_cleft 4416 -0.0184130325 0.00326817951 0.0197110474 0 0 0
nt@synapse_cleft 4423 0.00821627734 -0.0049564462 0.0134346377 0 0 0
nt@synapse_cleft 4424 -0.0236353528 0.00167462439 0.00057026872 0 0 0
nt@synapse_cleft 4430 -0.00577281089 -0.00920915748 0.00246335912 0 0 0
nt@synapse_cleft 4431 0.0116008195 -0.0357607192 0.00883603721 0 0 0
nt@synapse_cleft 4434 0.014614652 -0.00605287093 0.000912945867 0 0 0
nt@synapse_cleft 4446 -0.0152613266 0.0305263468 0.017581113 0 0 0
nt@synapse_cleft 4464 0.0227295285 -0.0150373213 0.0133365275 0 0 0
nt@synapse_cleft 4478 -0.0174030034 0.0426201461 0.0174907633 0 0 0
nt@synapse_cleft 4480 0.0141192221 0.0457416265 0.0119831027 0 0 0
nt@synapse_cleft 4482 -0.0422917855 -0.027590667 0.0142392847 0 0 0
nt@synapse_cleft 4485 0.0114303768 0.024534797 0.0103735431 0 0 0
nt@synapse_cleft 4488 0.0207656728 0.00274610656 0.00469118215 0 0 0
nt@synapse_cleft 4489 -0.0108204454 -0.00693770293 0.0045498307 0 0 0
nt@synapse_cleft 4499 -0.000252973088 0.0140614204 0.00678734991 0 0 0
nt@synapse_cleft 4501 0.0124757017 0.00948290793 0.0134596193 0 0 0
nt@synapse_cleft 4517 -0.0430372212 0.0109666276 0.00956261827 0 0 0
nt@synapse_cleft 4527 0.0122182504 0.00232907026 0.0189522044 0 0 0
nt@synapse_cleft 4538 -0.0374811769 -0.0422368983 0.00705881441 0 0 0
nt@synapse_cleft 4542 0.011087125 0.0522148824 0.00400830006 0 0 0
nt@synapse_cleft 4545 -0.0248822896 0.0398193539 0.0108464888 0 0 0
nt@synapse_cleft 4551 -0.00214450604 0.0401440328 0.0164565034 0 0 0
nt@synapse_cleft 4553 -0.0356297692 -0.0170865359 0.01559889 0 0 0
nt@synapse_cleft 4559 -0.0283438781 0.0239403088 0.0197795689 0 0 0
nt@synapse_cleft 4574 0.0453921885 -0.0304088405 0.00455242381 0 0 0
nt@synapse_cleft 4576 -0.0358640961 -0.0250155636 0.0175301322 0 0 0
nt@synapse_cleft 4583 0.00962945098 0.00165351932 0.0053323683 0 0 0
nt@synapse_cleft 4590 -0.0592682781 -0.00341166136 0.0188246772 0 0 0
nt@synapse_cleft 4593 -0.0458591895 0.0501210397 0.00425135626 0 0 0
nt@synapse_cleft 4595 0.0367820784 -0.0480883293 0.00281554192 0 0 0
nt@synapse_cleft 4613 0.0615985311 -0.00155989826 0.00726359186 0 0 0
nt@synapse_cleft 4620 0.00542419359 -0.00169348277 0.0197493059 0 0 0
nt@synapse_cleft 4654 0.000309695148 -0.0322584051 0.00675996488 0 0 0
nt@synapse_cleft 4659 -0.0363526948 0.0452877211 0.01080956 0 0 0
nt@synapse_cleft 4681 0.0190997677 -0.00322663021 0.0158972118 0 0 0
nt@synapse_cleft 4700 -0.028574653 0.0605259792 0.0077174647 0 0 0
nt@synapse_cleft 4701 0.0289138432 0.0303516317 0.0154205974 0 0 0
nt@synapse_cleft 4709 -0.0156098701 -0.000128019698 0.00412347279 0 0 0
nt@synapse_cleft 4710 -0.00916837244 -0.0170274759 0.00616919056 0 0 0
nt@synapse_cleft 4718 0.046212567 0.0139388665 0.013858067 0 0 0
nt@synapse_cleft 4736 0.00123482594 0.0263572408 0.00814962037 0 0 0
nt@synapse_cleft 4750 -0.00631059409 -0.0683556656 0.00794854847 0 0 0
nt@synapse_cleft 4753 -0.0178985933 0.00292645773 0.00840778017 0 0 0
nt@synapse_cleft 4754 -0.00513437175 -0.00795553023 0.0014590384 0 0 0
nt@synapse_cleft 4756 0.00156636174 -0.0152196941 0.0175609305 0 0 0
nt@synapse_cleft 4758 -0.0287636393 -0.00184723265 0.0176321137 0 0 0
nt@synapse_cleft 4764 0.0325403324 -0.0140878895 0.00110682649 0 0 0
nt@synapse_cleft 4779 0.0296171376 -0.0279503604 0.0132986233 0 0 0
nt@synapse_cleft 4784 0.0328167149 0.0110155809 0.00168695859 0 0 0
nt@synapse_cleft 4786 -0.0282739108 0.0209846147 0.0195449882 0 0 0
nt@synapse_cleft 4791 0.0451090955 0.00179496682 0.0196392067 0 0 0
nt@synapse_cleft 4793 -0.0274937015 -0.00256921299 0.0135401294 0 0 0
nt@synapse_cleft 4800 0.0281847403 0.00149756855 0.0104569506 0 0 0
nt@synapse_cleft 4801 -0.00632458129 0.00802603352 0.0136098261 0 0 0
nt@synapse_cleft 4816 -0.0349249692 -0.0211412999 0.0145010169 0 0 0
nt@synapse_cleft 4822 -0.0111845976 -0.018962659 0.000300690588 0 0 0
nt@synapse_cleft 4823 -0.0117436008 0.0126132138 0.0181162948 0 0 0
nt@synapse_cleft 4829 0.0189294891 -0.0594527139 0.00120657785 0 0 0
nt@synapse_cleft 4839 -0.0088629084 -0.000352473692 0.00321971653 0 0 0
nt@synapse_cleft 4844 0.0704833976 -0.0225103229 0.0144704871 0 0 0
nt@synapse_cleft 4852 -0.0160322956 -0.0251104071 0.0116472266 0 0 0
nt@synapse_cleft 4871 0.0106650141 0.00626086508 0.00296203542 0 0 0
nt@synapse_cleft 4880 0.00195762553 -0.0291647213 0.0140337155 0 0 0
nt@synapse_cleft 4883 -0.0488139877 0.00657076676 0.0132291806 0 0 0
nt@synapse_cleft 4892 -0.030570689 0.0362278565 0.0168585322 0 0 0
nt@synapse_cleft 4897 0.0180153024 -0.0165835517 0.00978223263 0 0 0
nt@synapse_cleft 4901 0.0264090078 0.0103854727 0.00353657235 0 0 0
nt@synapse_cleft 4905 -0.0276868185 0.00210588837 0.00276076866 0 0 0
nt@synapse_cleft 4906 -0.0120711662 -0.0374728132 0.00641240987 0 0 0
nt@synapse_cleft 4919 -0.00372010839 0.013583503 0.00322868195 0 0 0
nt@synapse_cleft 4925 -0.012280955 0.00234793695 0.00787900473 0 0 0
nt@synapse_cleft 4937 -0.0725336009 0.0101567138 0.0115972452 0 0 0
nt@synapse_cleft 4946 0.00250091297 0.00497090601 0.000874058192 0 0 0
nt@synapse_cleft 4973 -0.00357923733 0.0493304583 0.0120960211 0 0 0
nt@synapse_cleft 4979 0.00819958344 -0.00954860182 0.00132399568 0 0 0
nt@synapse_cleft 4981 0.00189404882 -0.0618582783 0.00114528095 0 0 0
nt@synapse_cleft 4982 0.00154841173 0.0153735443 0.00495183208 0 0 0
nt@synapse_cleft 4983 -0.0352607343 0.0076051764 0.00586947399 0 0 0
nt@synapse_cleft 4991 -0.0184084558 -0.00643633527 0.00933483495 0 0 0
nt@synapse_cleft 5004 -0.0243250119 -0.0179554899 0.00213893552 0 0 0
nt@synapse_cleft 5006 0.0256348342 -0.0229989567 0.00724144552 0 0 0
nt@synapse_cleft 5009 -0.0214645779 -0.00281966863 0.00606030517 0 0 0
nt@synapse_cleft 5015 -0.0277926212 -0.0236327629 0.00918519147 0 0 0
nt@synapse_cleft 5044 -0.0430767296 0.017054652 0.00623687884 0 0 0
nt@synapse_cleft 5046 -0.00393947433 -0.0217313799 0.00310576982 0 0 0
nt@synapse_cleft 5052 0.0239652621 -0.00733262653 0.0130600159 0 0 0
nt@synapse_cleft 5055 -0.0107527307 0.0237629884 0.0156575766 0 0 0
nt@synapse_cleft 5061 0.00216961031 -0.0393423752 0.0115888125 0 0 0
nt@synapse_cleft 5063 -0.0345388713 0.031270268 0.0164710351 0 0 0
nt@synapse_cleft 5082 -0.00636019974 0.0466455725 0.007048482 0 0 0
nt@synapse_cleft 5086 0.0356761159 0.0465491864 0.00537512044 0 0 0
nt@synapse_cleft 5133 -0.0217035473 0.0245791509 0.012339052 0 0 0
nt@synapse_cleft 5145 0.0210800381 0.0233474172 0.00273699733 0 0 0
nt@synapse_cleft 5154 0.0134304842 0.0140064389 0.0179565743 0 0 0
nt@synapse_cleft 5159 -0.0338184701 -0.0153862865 0.0153378804 0 0 0
nt@synapse_cleft 5164 0.0118162738 -0.00186346929 0.00515567387 0 0 0
nt@synapse_cleft 5173 -0.0235729202 0.00945067888 0.0157901113 0 0 0
nt@synapse_cleft 5176 -0.0310768056 0.0782569023 0.00374444161 0 0 0
nt@synapse_cleft 5179 0.0181915696 0.000572798194 0.00302075007 0 0 0
nt@synapse_cleft 5182 0.059782333 -0.000278708854 0.00738529895 0 0 0
nt@synapse_cleft 5183 0.0620315077 0.00500417428 0.00437460659 0 0 0
