nt@synapse_cleft 0 0.0273386106 0.00269067028 0.0179982961 0 0 0
nt@synapse_cleft 2 -0.0509218748 0.0150218739 0.0112081668 0 0 0
nt@synapse_cleft 7 0.01603327 0.017530177 0.00540872145 0 0 0
nt@synapse_cleft 9 0.0409164959 -0.0345468603 0.019492339 0 0 0
nt@synapse_cleft 12 -0.00327903258 0.0458975989 0.00330520682 0 0 0
nt@synapse_cleft 15 -0.0039762659 0.0208213743 0.0167099332 0 0 0
nt@synapse_cleft 17 0.0250466751 0.00848041424 0.0130340755 0 0 0
nt@synapse_cleft 26 -0.0326808031 -0.00266098373 0.0106653365 0 0 0
nt@synapse_cleft 30 0.00950535313 -0.0350661718 0.00714578279 0 0 0
nt@synapse_cleft 35 0.0135472644 0.049018712 0.0190287095 0 0 0
nt@synapse_cleft 42 0.00294649827 0.0050604014 0.014832447 0 0 0
nt@synapse_cleft 45 -0.00568859434 0.010955971 0.012968422 0 0 0
nt@synapse_cleft 54 0.00164924404 0.0336320607 0.0172602682 0 0 0
nt@synapse_cleft 56 -0.0342956206 -0.024552024 0.00475308892 0 0 0
nt@synapse_cleft 59 0.0283211997 0.0216496507 0.00732477217 0 0 0
nt@synapse_cleft 72 -0.0290260731 0.00751296064 0.0127372972 0 0 0
nt@synapse_cleft 81 -0.00438184167 -0.0384879582 0.000637900572 0 0 0
nt@synapse_cleft 87 -0.011143745 -0.00437754653 0.000178259175 0 0 0
nt@synapse_cleft 89 0.0355965267 -0.0108009247 0.00743615359 0 0 0
nt@synapse_cleft 100 -0.0157075925 -0.0265101541 0.00699668496 0 0 0
nt@synapse_cleft 103 0.0297935922 -0.0169995175 0.0160630713 0 0 0
nt@synapse_cleft 111 -0.0423900663 0.0419194007 0.0197471274 0 0 0
nt@synapse_cleft 114 0.0419937138 -0.0118850413 0.0118794087 0 0 0
nt@synapse_cleft 115 -0.00858385246 -0.0199896088 0.0193699777 0 0 0
nt@synapse_cleft 116 -0.0224968123 -0.0183337398 0.00645010226 0 0 0
nt@synapse_cleft 135 -0.0306461692 -0.020013914 0.0199885845 0 0 0
nt@synapse_cleft 137 -0.0504824166 -0.0445015483 0.00227170076 0 0 0
nt@synapse_cleft 148 -0.017060642 0.0727562187 0.00256302547 0 0 0
nt@synapse_cleft 150 -0.0209499533 0.0230016978 0.0105129733 0 0 0
nt@synapse_cleft 156 -0.00998029017 -0.00660668432 0.00739830639 0 0 0
nt@synapse_cleft 167 -0.000807164022 -0.0319274171 0.00740700372 0 0 0
nt@synapse_cleft 168 -0.0251569278 -0.0154240741 0.0112076514 0 0 0
nt@synapse_cleft 186 -0.0231153442 0.00793528014 0.0160249857 0 0 0
nt@synapse_cleft 188 -0.00545686993 -0.0138562194 0.0186440754 0 0 0
nt@synapse_cleft 192 -0.00716628413 0.0355241996 0.0127655452 0 0 0
nt@synapse_cleft 194 -0.0257141858 -0.00519273358 0.0154558788 0 0 0
nt@synapse_cleft 195 0.0307445577 0.0502213932 0.00349505571 0 0 0
nt@synapse_cleft 199 0.0286512639 0.0210216056 0.0174958733 0 0 0
nt@synapse_cleft 206 -0.00145464795 -0.0228682502 0.0180440839 0 0 0
nt@synapse_cleft 210 -0.0311589647 0.00613140315 0.00540018927 0 0 0
nt@synapse_cleft 224 -0.0163458984 0.0567490645 0.0111387819 0 0 0
nt@synapse_cleft 231 0.0124195167 0.0453430993 0.00523003621 0 0 0
nt@synapse_cleft 235 0.0136551693 -0.0183144105 0.0191364301 0 0 0
nt@synapse_cleft 244 -0.0125682915 0.00410033683 0.018685786 0 0 0
nt@synapse_cleft 248 0.0325392458 -0.0274559499 0.0193962475 0 0 0
nt@synapse_cleft 256 -0.0469887143 -0.0108975924 0.0167049198 0 0 0
nt@synapse_cleft 268 -0.000485859691 -0.0186756649 0.0192498168 0 0 0
nt@synapse_cleft 272 0.00749210329 -0.0576913659 0.0100352208 0 0 0
nt@synapse_cleft 284 -0.0425758087 0.0888941653 0.0112177753 0 0 0
nt@synapse_cleft 293 0.0285774537 -0.0259526483 0.0105796345 0 0 0
nt@synapse_cleft 306 0.0245594573 -0.03136189 0.000143043127 0 0 0
nt@synapse_cleft 307 0.0189051494 -0.00161729441 0.0182709981 0 0 0
nt@synapse_cleft 308 0.0360947586 0.0344887738 0.0135715924 0 0 0
nt@synapse_cleft 310 0.036647803 0.00371172273 0.00941369968 0 0 0
nt@synapse_cleft 318 -0.022900172 -0.00431115093 0.0171665461 0 0 0
nt@synapse_cleft 321 0.0336575242 0.0100110191 0.0119147417 0 0 0
nt@synapse_cleft 325 -0.0517103145 0.0717928933 0.0124983732 0 0 0
nt@synapse_cleft 347 0.00659576238 0.0071314569 0.00352767076 0 0 0
nt@synapse_cleft 348 -0.000192347313 -0.0222120532 0.00346888816 0 0 0
nt@synapse_cleft 350 0.0102119075 -0.00416187396 0.0131964568 0 0 0
nt@synapse_cleft 356 -0.0435087049 0.0107728901 0.00875158478 0 0 0
nt@synapse_cleft 361 -0.0342006836 0.00341501363 0.0163827957 0 0 0
nt@synapse_cleft 371 -0.00146524946 0.032131322 0.0161783092 0 0 0
nt@synapse_cleft 372 0.00788201757 0.0293042156 0.0152104572 0 0 0
nt@synapse_cleft 376 -0.0108934999 0.0108281421 0.00869149403 0 0 0
nt@synapse_cleft 385 0.0102243438 0.00921608605 0.00434320991 0 0 0
nt@synapse_cleft 391 0.014174272 -0.0290080381 0.0138538465 0 0 0
nt@synapse_cleft 402 0.00199871078 0.0341609409 0.0142146535 0 0 0
nt@synapse_cleft 406 -0.0280894056 -0.0391596324 0.000161414397 0 0 0
nt@synapse_cleft 421 -0.045105056 0.0225420238 0.0165671734 0 0 0
nt@synapse_cleft 426 0.0505811669 -0.0279260998 0.0178248855 0 0 0
nt@synapse_cleft 429 -0.0196813653 0.0227440325 0.019795497 0 0 0
nt@synapse_cleft 440 0.0279038134 -0.00933391062 0.00453693435 0 0 0
nt@synapse_cleft 444 0.00107250847 0.0509824164 0.0137556486 0 0 0
nt@synapse_cleft 449 -0.00667338463 -0.0160331647 0.00158229892 0 0 0
nt@synapse_cleft 452 0.0413589473 0.0410424172 0.0128019167 0 0 0
nt@synapse_cleft 455 0.0118498053 -0.0279249726 0.0196702288 0 0 0
nt@synapse_cleft 477 0.01044863 0.00467387477 0.0169622641 0 0 0
nt@synapse_cleft 479 -0.0177382765 0.0128831725 0.017727326 0 0 0
nt@synapse_cleft 482 0.0120169223 0.00875146118 0.00634088111 0 0 0
nt@synapse_cleft 499 0.0127773835 0.011959275 0.00253617145 0 0 0
nt@synapse_cleft 501 0.0120142923 0.0170221611 0.0183527926 0 0 0
nt@synapse_cleft 503 0.0140823412 -0.0207855906 0.0195208123 0 0 0
nt@synapse_cleft 509 -0.0367247677 0.0526408908 0.000309386367 0 0 0
nt@synapse_cleft 510 0.0175030046 0.0200526384 0.017093511 0 0 0
nt@synapse_cleft 514 -0.0218163543 0.00702661479 0.0152337037 0 0 0
nt@synapse_cleft 522 -0.0469563031 0.0314658898 0.0193514894 0 0 0
nt@synapse_cleft 524 -0.00955240073 0.0383639547 0.0148930739 0 0 0
nt@synapse_cleft 530 0.021205117 -0.0151835084 0.00267074424 0 0 0
nt@synapse_cleft 536 -0.0369602849 -0.0453786577 0.0121271787 0 0 0
nt@synapse_cleft 544 0.0368049877 0.0027522343 0.00341351588 0 0 0
nt@synapse_cleft 546 -0.0533319686 0.0173019048 0.00431843846 0 0 0
nt@synapse_cleft 549 0.0534065148 -0.0225129429 0.0192419487 0 0 0
nt@synapse_cleft 551 0.0168047669 -0.00907877966 0.00671691277 0 0 0
nt@synapse_cleft 552 0.0341453819 0.0157770788 0.00553908248 0 0 0
nt@synapse_cleft 557 -0.0328338488 -0.00382713725 0.00258055572 0 0 0
nt@synapse_cleft 558 -0.000968223613 -0.0145737639 0.00703315669 0 0 0
nt@synapse_cleft 563 -0.0229824604 -0.0638833624 0.00286105745 0 0 0
nt@synapse_cleft 572 -0.0205484735 0.0163637698 0.00405265832 0 0 0
nt@synapse_cleft 575 -0.00349899838 0.0030854637 0.00361110167 0 0 0
nt@synapse_cleft 581 -0.00210928462 -0.00080487703 2.29043145e-05 0 0 0
nt@synapse_cleft 586 0.00879921823 0.0129534431 0.00451855554 0 0 0
nt@synapse_cleft 591 -0.00789442264 0.0129149959 0.00554289473 0 0 0
nt@synapse_cleft 596 -0.0120089099 0.00611336072 0.0164600261 0 0 0
nt@synapse_cleft 598 0.00193281846 0.0128167422 0.00964174093 0 0 0
nt@synapse_cleft 620 -0.0359059132 -0.00452042993 0.00989923982 0 0 0
nt@synapse_cleft 624 0.0234613418 -0.00289732102 0.0100177988 0 0 0
nt@synapse_cleft 627 -0.0129314818 -0.0301284243 0.00877618097 0 0 0
nt@synapse_cleft 629 -0.0010368938 0.000872850235 0.00546043496 0 0 0
nt@synapse_cleft 633 -0.03787271 0.0300519614 0.0151109604 0 0 0
nt@synapse_cleft 634 0.00741441145 0.0100857272 0.00293290765 0 0 0
nt@synapse_cleft 639 -0.00828149476 -0.0150589019 0.00753176736 0 0 0
nt@synapse_cleft 645 -0.00810957967 -0.00213746647 0.000697398586 0 0 0
nt@synapse_cleft 647 0.0228104514 0.0137796075 0.00287194052 0 0 0
nt@synapse_cleft 661 -0.0270988303 -0.0339230874 0.0127585574 0 0 0
nt@synapse_cleft 664 -0.00980707181 0.0122255391 0.000857504035 0 0 0
nt@synapse_cleft 678 0.00656534107 -0.0234765523 0.00436129261 0 0 0
nt@synapse_cleft 679 -0.0373051115 -0.0029416673 0.0140066773 0 0 0
nt@synapse_cleft 681 0.00468014912 -0.0268871408 0.00120321094 0 0 0
nt@synapse_cleft 691 0.031532531 -0.00421525559 0.00527075983 0 0 0
nt@synapse_cleft 693 0.00598989101 0.0216464837 0.0152577282 0 0 0
nt@synapse_cleft 698 -0.00237897893 0.0162977566 0.0139924861 0 0 0
nt@synapse_cleft 699 -0.0191371382 -0.0759560934 0.00358796908 0 0 0
nt@synapse_cleft 712 -0.0119687593 -0.00855097903 0.00762434101 0 0 0
nt@synapse_cleft 720 0.0325239442 -0.0385199402 0.00362014437 0 0 0
nt@synapse_cleft 721 -0.000151908755 -0.0296350269 0.00930262418 0 0 0
nt@synapse_cleft 726 -0.0199849911 -0.0125086444 0.00856050575 0 0 0
nt@synapse_cleft 727 -0.025892428 0.0168726366 0.00966054017 0 0 0
nt@synapse_cleft 728 0.0199428671 0.00706911809 0.00151422973 0 0 0
nt@synapse_cleft 732 0.0121597509 0.0515656732 0.0130488253 0 0 0
nt@synapse_cleft 735 -0.0586597822 0.00326145477 0.00175935815 0 0 0
nt@synapse_cleft 737 0.0443675997 0.00877361713 0.0180765382 0 0 0
nt@synapse_cleft 741 0.0315490726 0.0104555341 0.00824997813 0 0 0
nt@synapse_cleft 750 0.031123763 0.0219125247 0.0180837354 0 0 0
nt@synapse_cleft 754 -0.00911191745 -0.0177109303 0.00899970359 0 0 0
nt@synapse_cleft 760 -0.00598000797 -0.0368548354 0.0082096708 0 0 0
nt@synapse_cleft 762 0.00159425302 -0.0211525089 0.00805816046 0 0 0
nt@synapse_cleft 765 -0.0383905618 0.0463096806 0.0117490168 0 0 0
nt@synapse_cleft 768 -0.00504377538 -0.00580567697 0.0184509937 0 0 0
nt@synapse_cleft 769 -0.0069715295 0.0517743454 0.00954617428 0 0 0
nt@synapse_cleft 774 -0.0115239904 0.0200750438 0.00879281957 0 0 0
nt@synapse_cleft 779 -0.0234270447 0.021791638 0.00154657962 0 0 0
nt@synapse_cleft 797 -0.00269909026 0.0264445875 0.00897026374 0 0 0
nt@synapse_cleft 803 -0.0253243948 -0.0495880455 0.0168781958 0 0 0
nt@synapse_cleft 814 0.0372976589 0.0456673075 0.00764016241 0 0 0
nt@synapse_cleft 816 -0.00465972146 -0.00948350894 0.00311426524 0 0 0
nt@synapse_cleft 828 0.0146185428 -0.0307750087 0.0190334501 0 0 0
nt@synapse_cleft 831 0.0125512666 -0.0158670658 0.0024713173 0 0 0
nt@synapse_cleft 833 -0.00716838871 -0.0119595208 0.0185293743 0 0 0
nt@synapse_cleft 837 -0.0172913966 -0.00863794431 0.00128516112 0 0 0
nt@synapse_cleft 844 -0.0214317418 0.0223624371 0.0122511449 0 0 0
nt@synapse_cleft 847 0.0137610285 -0.00855114659 0.0197837364 0 0 0
nt@synapse_cleft 850 -0.00565462018 0.0158899283 0.0110536036 0 0 0
nt@synapse_cleft 854 -0.00854349387 0.0319296574 0.0024298077 0 0 0
nt@synapse_cleft 866 -0.0072956762 -0.0276573434 0.000421155859 0 0 0
nt@synapse_cleft 871 0.00896019864 0.0202253958 0.0190833659 0 0 0
nt@synapse_cleft 877 -0.0391202007 0.0225203913 0.00881264293 0 0 0
nt@synapse_cleft 884 0.0168319113 -0.00482683977 0.0150615854 0 0 0
nt@synapse_cleft 904 -0.0449265733 -0.006773886 0.0132541631 0 0 0
nt@synapse_cleft 908 -0.0614529503 -0.00408630538 0.00524603709 0 0 0
nt@synapse_cleft 909 0.0321887823 0.00513397562 0.000888348163 0 0 0
nt@synapse_cleft 913 -0.0273671018 0.0120201209 0.0170533371 0 0 0
nt@synapse_cleft 918 0.0566637058 0.0113483775 0.00446965794 0 0 0
nt@synapse_cleft 925 -0.0253580077 0.0275560557 0.0147508159 0 0 0
nt@synapse_cleft 932 0.0219147832 -0.0703571616 0.0062462871 0 0 0
nt@synapse_cleft 938 -0.0158194459 0.00284201622 0.0132586805 0 0 0
nt@synapse_cleft 940 -0.0516759946 -0.0492738139 0.0129085264 0 0 0
nt@synapse_cleft 942 0.0131707392 -0.0308876685 0.00103178511 0 0 0
nt@synapse_cleft 943 0.0205369869 -0.00601267009 0.00989205195 0 0 0
nt@synapse_cleft 944 -0.0114789052 -0.0525669751 0.00119796636 0 0 0
nt@synapse_cleft 945 0.00325627049 0.0389678406 0.00639104724 0 0 0
nt@synapse_cleft 947 -0.0281666375 0.0153434055 0.0107663696 0 0 0
nt@synapse_cleft 953 -0.0445200881 0.0227688444 0.00947297132 0 0 0
nt@synapse_cleft 954 0.01406168 -0.0264791966 0.00690529273 0 0 0
nt@synapse_cleft 957 0.0557642546 -0.0164657246 0.000941519412 0 0 0
nt@synapse_cleft 961 -0.0231130663 -0.00346772695 0.00278661168 0 0 0
nt@synapse_cleft 967 0.0366115791 0.00328564557 0.00800566751 0 0 0
nt@synapse_cleft 976 0.00117670816 0.0199265192 0.0129165768 0 0 0
nt@synapse_cleft 978 -0.0413763429 -0.0192519857 0.00859824663 0 0 0
nt@synapse_cleft 992 0.0280747306 -0.000828755689 0.00386027737 0 0 0
nt@synapse_cleft 994 -0.03157788 -0.0231474518 0.0179648467 0 0 0
nt@synapse_cleft 998 -0.00184064775 -0.0122101835 4.41979861e-05 0 0 0
nt@synapse_cleft 999 0.0582425228 -0.0318573558 7.42088469e-05 0 0 0
nt@synapse_cleft 1002 0.00345913721 0.0372549608 0.00773873796 0 0 0
nt@synapse_cleft 1004 -0.0207229092 0.00183681152 0.0108848757 0 0 0
nt@synapse_cleft 1013 -0.0364448635 0.0367613134 0.0145356885 0 0 0
nt@synapse_cleft 1016 -0.0276250584 0.0105123843 0.0109338047 0 0 0
nt@synapse_cleft 1018 0.00288275097 -0.0138388793 0.00422454276 0 0 0
nt@synapse_cleft 1024 -0.0331722938 -0.0367052357 0.00494286807 0 0 0
nt@synapse_cleft 1025 -0.00844563353 -0.0313958966 0.0118000578 0 0 0
nt@synapse_cleft 1027 0.0326951206 0.0514367256 0.0113845654 0 0 0
nt@synapse_cleft 1035 -0.037238841 -0.0285677437 0.00973249135 0 0 0
nt@synapse_cleft 1047 0.0300318273 -0.0463670938 0.00152013966 0 0 0
nt@synapse_cleft 1048 -0.0137065542 -0.0645585734 0.00202902448 0 0 0
nt@synapse_cleft 1050 0.0202119622 -0.0514437294 0.00886488859 0 0 0
nt@synapse_cleft 1062 0.0433140955 -0.00979708891 0.0124394013 0 0 0
nt@synapse_cleft 1077 -0.0352304012 0.0066222247 0.0172397436 0 0 0
nt@synapse_cleft 1080 -0.0381541473 0.0238711069 0.0135312341 0 0 0
nt@synapse_cleft 1092 -0.0182723007 -0.0121694987 0.00196031083 0 0 0
nt@synapse_cleft 1107 -0.00506372652 -0.005503492 0.0062947908 0 0 0
nt@synapse_cleft 1108 0.0211048963 0.00747830748 0.00513249284 0 0 0
nt@synapse_cleft 1110 0.0206228318 0.014382302 0.0198105129 0 0 0
nt@synapse_cleft 1113 -0.0171090522 0.00384862317 0.000389487518 0 0 0
nt@synapse_cleft 1114 0.00983143847 -0.036550908 0.00688442933 0 0 0
nt@synapse_cleft 1130 0.0273512241 -0.0119921047 0.001310937 0 0 0
nt@synapse_cleft 1136 -0.00473603413 -0.0463542925 0.00830503472 0 0 0
nt@synapse_cleft 1140 0.00519061193 -0.0446019847 0.0178424198 0 0 0
nt@synapse_cleft 1144 -0.0101991459 -0.00622502774 0.00256074416 0 0 0
nt@synapse_cleft 1145 0.0541288799 -0.00508812439 0.0173447364 0 0 0
nt@synapse_cleft 1149 -0.0200711602 0.000703499181 0.014652833 0 0 0
nt@synapse_cleft 1152 0.0328993617 0.0128205428 0.00829980054 0 0 0
nt@synapse_cleft 1165 0.039313932 0.0381246438 0.00399199306 0 0 0
nt@synapse_cleft 1166 -0.00858308512 0.00752708845 0.00469711282 0 0 0
nt@synapse_cleft 1167 0.0404481114 0.0304504489 0.0167944318 0 0 0
nt@synapse_cleft 1172 -0.00756358064 0.00142150817 0.018694977 0 0 0
nt@synapse_cleft 1177 -0.0119169786 0.0775044863 0.00110415019 0 0 0
nt@synapse_cleft 1179 0.0060189111 -0.0172319841 0.0197167603 0 0 0
nt@synapse_cleft 1186 -0.068760285 0.00586323171 0.00727524713 0 0 0
nt@synapse_cleft 1188 0.013494679 -0.0364439944 0.0055279743 0 0 0
nt@synapse_cleft 1193 -0.0293308383 -0.0263358405 0.00216385481 0 0 0
nt@synapse_cleft 1200 -0.00629479171 0.00459687006 0.0113594949 0 0 0
nt@synapse_cleft 1203 -0.00318683677 0.0256458249 0.000670370949 0 0 0
nt@synapse_cleft 1204 -0.00133600049 0.0224046481 0.0112546073 0 0 0
nt@synapse_cleft 1205 -0.0239091481 -0.0273961583 0.0142396735 0 0 0
nt@synapse_cleft 1206 -0.0157121743 0.0179051639 0.00213591371 0 0 0
nt@synapse_cleft 1237 -0.0369214385 -0.0387974258 0.00580676719 0 0 0
nt@synapse_cleft 1238 -0.0620403991 -0.0444567464 0.0184559734 0 0 0
nt@synapse_cleft 1243 -0.0211244376 -0.00520024215 0.0163241534 0 0 0
nt@synapse_cleft 1248 0.000430188991 0.0446594866 0.0130244001 0 0 0
nt@synapse_cleft 1251 -0.0419967288 0.0126698136 0.0171136407 0 0 0
nt@synapse_cleft 1252 -0.0346062891 -0.00905855969 0.0120679213 0 0 0
nt@synapse_cleft 1254 -0.0191398546 0.0483555877 0.00293635417 0 0 0
nt@synapse_cleft 1270 0.0579397644 0.032931403 0.00741705678 0 0 0
nt@synapse_cleft 1275 -0.00647786454 0.0211757543 0.0125174421 0 0 0
nt@synapse_cleft 1289 0.0612223856 0.00193007526 0.00112157347 0 0 0
nt@synapse_cleft 1298 -0.00862872551 -0.0261289759 0.0131674975 0 0 0
nt@synapse_cleft 1302 -0.031272152 0.0368623572 0.00416750735 0 0 0
nt@synapse_cleft 1311 0.00436468262 -0.0132434871 0.00278650647 0 0 0
nt@synapse_cleft 1316 -0.0281432627 -0.0213114312 0.0111115332 0 0 0
nt@synapse_cleft 1326 0.0171588757 0.0175794763 0.00442145605 0 0 0
nt@synapse_cleft 1328 0.0277931505 0.013417141 0.0068844585 0 0 0
nt@synapse_cleft 1333 -0.0121607697 0.0267309046 0.00141541436 0 0 0
nt@synapse_cleft 1338 -0.0121545758 0.0129925717 0.0118934953 0 0 0
nt@synapse_cleft 1343 0.0188025561 0.00116063159 0.00856718501 0 0 0
nt@synapse_cleft 1347 -0.0453067754 -0.0132770384 0.0120521495 0 0 0
nt@synapse_cleft 1349 0.0124347385 -0.00386183306 0.0180526907 0 0 0
nt@synapse_cleft 1351 0.0388522239 -0.0242496761 0.00391721668 0 0 0
nt@synapse_cleft 1361 0.000571758902 -0.0252017676 0.00159332026 0 0 0
nt@synapse_cleft 1368 0.0156381669 -0.00107520343 0.00922580546 0 0 0
nt@synapse_cleft 1372 -0.0159382281 0.0423203503 0.00926740792 0 0 0
nt@synapse_cleft 1380 -0.020876264 0.00593000557 0.0173700614 0 0 0
nt@synapse_cleft 1384 -0.0503950484 -0.00319427123 0.0175665521 0 0 0
nt@synapse_cleft 1393 -0.0241324252 0.048924264 0.0106485326 0 0 0
nt@synapse_cleft 1394 0.0156527963 0.0155965591 0.0161374786 0 0 0
nt@synapse_cleft 1400 -0.0237114033 0.0283407701 0.00458702793 0 0 0
nt@synapse_cleft 1403 0.00703670439 0.0154777692 0.00154312576 0 0 0
nt@synapse_cleft 1408 -0.0164977486 -0.00575886604 0.00984036433 0 0 0
nt@synapse_cleft 1416 -0.00316678766 0.0276180808 0.0191043109 0 0 0
nt@synapse_cleft 1419 0.00892204733 -0.0215635187 0.0138493972 0 0 0
nt@synapse_cleft 1425 0.00431642018 -0.0278595926 0.000109079433 0 0 0
nt@synapse_cleft 1427 -0.0107632107 -0.0204289485 0.017834831 0 0 0
nt@synapse_cleft 1438 -0.0154638981 -0.0196897557 0.00103395209 0 0 0
nt@synapse_cleft 1440 -0.0150953389 0.0294407536 0.015407748 0 0 0
nt@synapse_cleft 1442 -0.00686084864 0.0316426554 0.0146840391 0 0 0
nt@synapse_cleft 1444 -0.0281967621 -0.0111220949 0.00324993037 0 0 0
nt@synapse_cleft 1446 -0.0151795307 -0.0409968612 0.00289396507 0 0 0
nt@synapse_cleft 1449 -0.0368960717 0.00938974461 0.00777543003 0 0 0
nt@synapse_cleft 1452 -0.0292198598 -0.0269640038 0.00612530099 0 0 0
nt@synapse_cleft 1454 -0.0150604088 0.0153244877 0.00149574311 0 0 0
nt@synapse_cleft 1455 -0.025817861 0.00163788598 0.0124794082 0 0 0
nt@synapse_cleft 1470 -0.0655781043 -0.0376133069 0.00219259115 0 0 0
nt@synapse_cleft 1472 -0.0575963251 -0.00715362251 0.00623086173 0 0 0
nt@synapse_cleft 1473 0.00263491449 -0.016823077 0.0112988242 0 0 0
nt@synapse_cleft 1479 -0.0127777042 0.0489475077 0.0172161465 0 0 0
nt@synapse_cleft 1481 0.0249427737 0.00375772213 0.00850914828 0 0 0
nt@synapse_cleft 1484 -0.0140545405 0.0228843954 0.0173008184 0 0 0
nt@synapse_cleft 1485 -0.00887300795 -0.0109128046 0.0197241709 0 0 0
nt@synapse_cleft 1487 0.00522139555 -0.0378915776 0.017379923 0 0 0
nt@synapse_cleft 1488 0.037123143 0.0104175037 0.00946857298 0 0 0
nt@synapse_cleft 1494 0.000253400738 -0.00782315281 0.0173331009 0 0 0
nt@synapse_cleft 1496 0.00324257856 0.0340921008 0.0153512557 0 0 0
nt@synapse_cleft 1506 0.0250980727 0.00759156426 0.0147506985 0 0 0
nt@synapse_cleft 1507 0.00277325866 0.000441280165 0.00284545722 0 0 0
nt@synapse_cleft 1508 0.0352961822 0.0028069907 0.0195518532 0 0 0
nt@synapse_cleft 1512 0.0217275918 -0.0140500465 0.0181376591 0 0 0
nt@synapse_cleft 1519 -0.0121737499 -0.00298489756 0.00991965148 0 0 0
nt@synapse_cleft 1527 -0.00934261288 0.0534559431 0.010149201 0 0 0
nt@synapse_cleft 1528 -0.0383339555 0.00194499204 0.0130690609 0 0 0
nt@synapse_cleft 1531 -0.0170758882 0.014155807 0.00723767197 0 0 0
nt@synapse_cleft 1538 0.0159045768 0.0129966938 0.00738209471 0 0 0
nt@synapse_cleft 1542 -0.00704342956 0.0277314786 0.00622974539 0 0 0
nt@synapse_cleft 1548 -0.0231535988 -0.0220181765 0.00359280083 0 0 0
nt@synapse_cleft 1553 0.0627759231 -0.00278679691 0.0114551459 0 0 0
nt@synapse_cleft 1554 0.0198099192 0.0105737345 0.00161488039 0 0 0
nt@synapse_cleft 1561 0.00294056498 -0.0497367103 0.00150251031 0 0 0
nt@synapse_cleft 1565 -0.0148337546 -0.00376030297 0.0185293485 0 0 0
nt@synapse_cleft 1571 -0.0207578385 -0.0208820544 0.0189654059 0 0 0
nt@synapse_cleft 1573 0.0184835563 0.0358958749 0.00408541871 0 0 0
nt@synapse_cleft 1588 0.0119222959 -0.0239373697 0.017735121 0 0 0
nt@synapse_cleft 1592 0.0132805922 -0.0253361782 0.00140404358 0 0 0
nt@synapse_cleft 1597 0.00100781117 0.0298433364 0.000286695476 0 0 0
nt@synapse_cleft 1600 0.0220333136 -0.0358657747 0.00983845517 0 0 0
nt@synapse_cleft 1605 0.0195668238 -0.0037143113 0.0169561352 0 0 0
nt@synapse_cleft 1606 -0.0474510445 0.0113460404 0.0156796056 0 0 0
nt@synapse_cleft 1611 -0.0018993145 -0.0197985728 0.0192785604 0 0 0
nt@synapse_cleft 1617 -0.00288650023 -0.0346810132 0.0144153971 0 0 0
nt@synapse_cleft 1619 0.0177649609 0.00696988643 0.00417423214 0 0 0
nt@synapse_cleft 1628 0.0160785028 0.042441321 0.0136632858 0 0 0
nt@synapse_cleft 1635 0.0158373379 -0.0101565453 0.0114999149 0 0 0
nt@synapse_cleft 1641 0.0284092176 0.0208164806 0.0100537418 0 0 0
nt@synapse_cleft 1642 0.0151774453 -0.0353925718 0.000523964417 0 0 0
nt@synapse_cleft 1655 0.00247774486 0.0201731665 0.0013036004 0 0 0
nt@synapse_cleft 1658 0.0289329791 0.0485486564 0.000910413129 0 0 0
nt@synapse_cleft 1660 0.0182567334 0.0188571881 0.0157128368 0 0 0
nt@synapse_cleft 1675 -0.0295046655 -0.00944004278 0.0118131035 0 0 0
nt@synapse_cleft 1678 -0.00172575201 -0.0246093617 0.014084664 0 0 0
nt@synapse_cleft 1681 -0.0133579106 -0.00374148838 0.0134022944 0 0 0
nt@synapse_cleft 1686 -0.0121652341 0.0135632774 0.0110906738 0 0 0
nt@synapse_cleft 1687 -0.0400323393 -0.0436375413 0.00359673799 0 0 0
nt@synapse_cleft 1689 0.0104245036 0.0102787877 0.00695902442 0 0 0
nt@synapse_cleft 1692 -0.0165070711 0.0123965336 0.0131162235 0 0 0
nt@synapse_cleft 1695 0.0134261337 -0.021322677 0.0014602415 0 0 0
nt@synapse_cleft 1701 0.00592899363 -0.00336696996 0.0137233831 0 0 0
nt@synapse_cleft 1707 -0.0191341046 0.00151976604 0.0156031543 0 0 0
nt@synapse_cleft 1708 -0.0273670506 0.0196562812 0.00140100679 0 0 0
nt@synapse_cleft 1715 0.00113746349 0.0130043748 0.0118928222 0 0 0
nt@synapse_cleft 1721 0.0123244947 -0.0512539583 0.0120664681 0 0 0
nt@synapse_cleft 1729 -0.0101103829 -0.0172807629 0.00284548396 0 0 0
nt@synapse_cleft 1736 0.0289328195 0.00308443234 0.0107426788 0 0 0
nt@synapse_cleft 1741 0.0148245917 -0.0203464473 0.012859116 0 0 0
nt@synapse_cleft 1742 0.0169742331 -0.0498947568 0.00297124997 0 0 0
nt@synapse_cleft 1743 0.0349509618 0.0310800766 0.0186296345 0 0 0
nt@synapse_cleft 1745 -0.0404964274 0.0172649903 0.000487566452 0 0 0
nt@synapse_cleft 1746 0.0170683521 -0.0310618728 0.00433736116 0 0 0
nt@synapse_cleft 1748 0.0531283244 0.0264754125 0.00900997898 0 0 0
nt@synapse_cleft 1751 0.0381706991 0.00342642472 0.0138592304 0 0 0
nt@synapse_cleft 1759 0.00141051096 -0.0197264042 0.0150773253 0 0 0
nt@synapse_cleft 1761 -0.0186157217 0.0227483636 0.0136259644 0 0 0
nt@synapse_cleft 1762 -0.0231412978 -0.0214415539 0.0197107924 0 0 0
nt@synapse_cleft 1768 0.0157182205 -0.0554255088 0.0108016791 0 0 0
nt@synapse_cleft 1775 -0.0220392314 -0.00961871591 0.00741120257 0 0 0
nt@synapse_cleft 1778 0.0482098973 -0.0549769664 0.0188859799 0 0 0
nt@synapse_cleft 1781 -0.0264103194 0.0366669557 0.00167749726 0 0 0
nt@synapse_cleft 1793 0.00547877061 0.0426629346 0.0170676658 0 0 0
nt@synapse_cleft 1795 0.0453726012 -0.0118443774 0.0156229237 0 0 0
nt@synapse_cleft 1804 0.00705452331 0.0253393898 0.0194790484 0 0 0
nt@synapse_cleft 1810 -0.0701528645 -0.0415933958 0.0180504615 0 0 0
nt@synapse_cleft 1811 0.00867393722 0.00770440276 0.0139572663 0 0 0
nt@synapse_cleft 1812 6.66080623e-05 0.0488047234 0.00952604187 0 0 0
nt@synapse_cleft 1815 -0.0226280032 -0.00600107395 0.0070535588 0 0 0
nt@synapse_cleft 1824 0.0192960173 0.000146454579 0.000107029789 0 0 0
nt@synapse_cleft 1829 0.0419827201 -0.015144048 0.000684641735 0 0 0
nt@synapse_cleft 1830 -0.0395302282 -0.0142954239 0.0198026306 0 0 0
nt@synapse_cleft 1837 -0.0446706604 -0.0133060358 0.00129613167 0 0 0
nt@synapse_cleft 1838 0.00626665468 -0.0438696825 0.0121985301 0 0 0
nt@synapse_cleft 1843 0.0283360585 0.0170354016 0.0114534389 0 0 0
nt@synapse_cleft 1846 -0.022149946 0.00206411204 0.0027388038 0 0 0
nt@synapse_cleft 1849 0.0352808734 0.0111837219 0.00439513243 0 0 0
nt@synapse_cleft 1853 0.0603469527 -0.0269344875 0.0123383175 0 0 0
nt@synapse_cleft 1854 0.0182144313 -0.00217514977 0.00885058022 0 0 0
nt@synapse_cleft 1856 0.0151920406 -0.0343421228 0.0138973796 0 0 0
nt@synapse_cleft 1872 0.00434460574 -0.00932958873 0.00849834 0 0 0
nt@synapse_cleft 1877 0.0108046905 0.0179917282 0.0178260382 0 0 0
nt@synapse_cleft 1880 -0.0283324126 -0.0111990339 0.00762081924 0 0 0
nt@synapse_cleft 1883 0.0253693246 0.0153475747 0.00830127843 0 0 0
nt@synapse_cleft 1885 -0.0119301412 -0.00906213123 0.0164188294 0 0 0
nt@synapse_cleft 1887 -0.000128487618 0.0310969391 0.00152578141 0 0 0
nt@synapse_cleft 1892 -0.00345649876 -0.00455534029 0.0138174399 0 0 0
nt@synapse_cleft 1896 0.0126574005 0.0104706766 0.00789053382 0 0 0
nt@synapse_cleft 1900 -0.01910103 -0.0227893397 0.00243635886 0 0 0
nt@synapse_cleft 1904 -0.026657298 0.033369411 0.000123800836 0 0 0
nt@synapse_cleft 1918 -0.01858471 0.0703827574 0.0132380817 0 0 0
nt@synapse_cleft 1923 -0.0255008808 0.0219971962 0.0148384715 0 0 0
nt@synapse_cleft 1925 0.0220665554 0.0268614955 0.0111767766 0 0 0
nt@synapse_cleft 1926 0.0127387234 -0.0116192132 0.0139086244 0 0 0
nt@synapse_cleft 1932 0.0102322509 -0.021125708 0.0162861707 0 0 0
nt@synapse_cleft 1942 0.0409967607 -0.0274981123 0.00133170439 0 0 0
nt@synapse_cleft 1944 -0.00131870159 0.0304653662 0.00782187806 0 0 0
nt@synapse_cleft 1946 -0.0225276742 -0.016064571 0.0184461156 0 0 0
nt@synapse_cleft 1953 -0.0188392977 0.00494301005 0.00780821837 0 0 0
nt@synapse_cleft 1961 0.0395450501 0.0169207248 0.00437300327 0 0 0
nt@synapse_cleft 1964 -0.0144446163 0.00608176621 0.0119933207 0 0 0
nt@synapse_cleft 1967 0.0056071523 -0.0391883069 0.00846174826 0 0 0
nt@synapse_cleft 1970 -0.0219583639 -0.0429676312 0.0186290515 0 0 0
nt@synapse_cleft 1973 0.0361703096 0.0234066741 0.014407801 0 0 0
nt@synapse_cleft 1976 -0.0446065064 -0.0161237348 0.000194803058 0 0 0
nt@synapse_cleft 1980 -0.0205829867 -0.0260597161 0.00102299071 0 0 0
nt@synapse_cleft 1984 -0.048370376 -0.0388264446 0.000942258875 0 0 0
nt@synapse_cleft 1989 -0.0169926251 0.0175235356 0.0185468135 0 0 0
nt@synapse_cleft 1990 0.0155151055 0.0216077134 0.00228543269 0 0 0
nt@synapse_cleft 1993 0.000801632937 -0.0261287555 0.0194982918 0 0 0
nt@synapse_cleft 1997 -0.00276723298 0.0200127174 0.018997051 0 0 0
nt@synapse_cleft 2004 -0.0175967865 0.0102338842 0.0098919574 0 0 0
nt@synapse_cleft 2013 -0.00503201044 -0.0077703375 0.0119675033 0 0 0
nt@synapse_cleft 2014 0.0177365981 0.00112946465 0.0133132021 0 0 0
nt@synapse_cleft 2019 0.0199646251 -0.0189764788 0.017124779 0 0 0
nt@synapse_cleft 2032 -0.0227818565 0.0143145776 0.00253089195 0 0 0
nt@synapse_cleft 2035 0.0578857261 0.032184297 0.00265854548 0 0 0
nt@synapse_cleft 2036 0.0606086128 -0.0430813194 0.00235457779 0 0 0
nt@synapse_cleft 2039 0.0409851199 0.023129464 0.0110847024 0 0 0
nt@synapse_cleft 2061 0.0215701721 0.00986832782 0.010886155 0 0 0
nt@synapse_cleft 2064 0.0216589315 0.0235705727 0.0152963286 0 0 0
nt@synapse_cleft 2091 -0.0114289698 0.03644681 0.00809687019 0 0 0
nt@synapse_cleft 2092 0.00829486901 0.0307458362 0.00439591697 0 0 0
nt@synapse_cleft 2094 -0.0160339565 -0.00108115866 0.0143015504 0 0 0
nt@synapse_cleft 2096 -0.0164712404 -0.00434091641 0.00346751232 0 0 0
nt@synapse_cleft 2104 0.0445218288 -0.0120496109 0.00878362885 0 0 0
nt@synapse_cleft 2112 -0.00823734895 -0.0297230503 0.00193749056 0 0 0
nt@synapse_cleft 2124 -0.000820910071 0.0669527601 0.00669224055 0 0 0
nt@synapse_cleft 2127 0.0325366506 -0.0058455086 0.00537353689 0 0 0
nt@synapse_cleft 2137 -0.0552902718 0.055653554 0.00487450087 0 0 0
nt@synapse_cleft 2148 0.0399999861 -0.0718265041 0.00482699754 0 0 0
nt@synapse_cleft 2156 0.0468291623 -0.0337279928 0.00988613082 0 0 0
nt@synapse_cleft 2162 -0.0108333265 0.00970515221 0.0165779915 0 0 0
nt@synapse_cleft 2163 0.0158474508 -0.0040439757 0.00599642602 0 0 0
nt@synapse_cleft 2185 -0.018015242 -0.0084773305 0.0134076418 0 0 0
nt@synapse_cleft 2187 -0.011868104 0.00798838193 0.00511511856 0 0 0
nt@synapse_cleft 2199 -0.00366426552 -0.0170090609 0.00619331324 0 0 0
nt@synapse_cleft 2204 -0.0322212442 0.0232942796 0.00330630104 0 0 0
nt@synapse_cleft 2207 0.0368968445 -0.000482564101 0.009836113 0 0 0
nt@synapse_cleft 2218 0.0165674674 2.90272277e-05 0.000411485905 0 0 0
nt@synapse_cleft 2223 -0.0248937195 -0.00188199254 0.0117482988 0 0 0
nt@synapse_cleft 2228 -0.00380561293 0.0222847666 0.0108227061 0 0 0
nt@synapse_cleft 2236 0.00609193523 0.000868962291 0.0120216807 0 0 0
nt@synapse_cleft 2251 -0.0101600609 0.0025155215 0.00873760724 0 0 0
nt@synapse_cleft 2254 -0.00913494646 -0.0233937001 0.0150764852 0 0 0
nt@synapse_cleft 2257 0.0166196628 0.00754316434 0.0194281046 0 0 0
nt@synapse_cleft 2262 -0.0152201258 0.0109273688 0.0177689111 0 0 0
nt@synapse_cleft 2271 -0.0597736659 0.0126237611 0.0137418723 0 0 0
nt@synapse_cleft 2274 -0.0085863382 0.0336679859 0.00216024394 0 0 0
nt@synapse_cleft 2278 0.0215515759 0.0298272748 0.00132199111 0 0 0
nt@synapse_cleft 2279 -0.019245713 0.0146474347 0.00853167187 0 0 0
nt@synapse_cleft 2283 0.0391195967 -0.0293195672 0.0185909167 0 0 0
nt@synapse_cleft 2284 0.0349515111 2.97736689e-05 0.000420626427 0 0 0
nt@synapse_cleft 2285 0.00130227733 -0.0124345905 0.0105781417 0 0 0
nt@synapse_cleft 2289 0.0105004689 -0.00522033044 0.00692454122 0 0 0
nt@synapse_cleft 2298 -0.0443229777 -0.0178459466 0.0103572971 0 0 0
nt@synapse_cleft 2306 -0.00240407484 -0.0534962704 0.00859125268 0 0 0
nt@synapse_cleft 2308 -0.0413414767 0.0222858066 0.00565140816 0 0 0
nt@synapse_cleft 2309 -0.0085257433 0.00915908586 0.0199451659 0 0 0
nt@synapse_cleft 2314 -0.00284496316 -0.0214990675 0.00223307273 0 0 0
nt@synapse_cleft 2317 0.049580026 0.00285127662 0.0018948987 0 0 0
nt@synapse_cleft 2320 0.020052726 -0.0264275793 0.000135787707 0 0 0
nt@synapse_cleft 2321 0.047354531 0.0094937198 0.00317424767 0 0 0
nt@synapse_cleft 2327 -0.0369928917 -0.0284990415 0.0146557573 0 0 0
nt@synapse_cleft 2330 -0.0340934503 0.0154348423 0.0178751879 0 0 0
nt@synapse_cleft 2332 -0.0175655085 0.00658430947 0.0113581892 0 0 0
nt@synapse_cleft 2349 0.0533488482 0.0130896784 0.00198282205 0 0 0
nt@synapse_cleft 2367 -0.0367679583 -0.0453576055 0.00592468608 0 0 0
nt@synapse_cleft 2369 -0.0290832514 0.00965974892 0.00283886103 0 0 0
nt@synapse_cleft 2383 0.0101303335 -0.0474049731 0.00938261947 0 0 0
nt@synapse_cleft 2386 -0.0189948624 -0.00799106348 0.0061230082 0 0 0
nt@synapse_cleft 2389 0.0127242588 -0.0238910508 0.00781214201 0 0 0
nt@synapse_cleft 2397 0.00568649919 -0.0571488257 0.00754692221 0 0 0
nt@synapse_cleft 2400 -0.0248600394 -0.0285711129 0.0188247997 0 0 0
nt@synapse_cleft 2411 0.00859521365 -0.0433834626 0.0092244691 0 0 0
nt@synapse_cleft 2412 -0.00120011385 0.00820559459 0.0149653654 0 0 0
nt@synapse_cleft 2417 -0.0150681413 0.00424515365 0.0165327813 0 0 0
nt@synapse_cleft 2421 -0.0021183198 0.0231226957 0.00616554025 0 0 0
nt@synapse_cleft 2423 0.0159164649 -0.0479127176 0.0148501283 0 0 0
nt@synapse_cleft 2437 0.0445808282 0.00656896826 0.00245352448 0 0 0
nt@synapse_cleft 2438 0.00744241297 -0.0305890386 0.00746242646 0 0 0
nt@synapse_cleft 2448 0.00733713101 -0.00137724817 0.0109144624 0 0 0
nt@synapse_cleft 2456 -0.0191597768 -0.012146422 5.52071626e-05 0 0 0
nt@synapse_cleft 2459 0.0205982463 0.0429350049 0.00899918719 0 0 0
nt@synapse_cleft 2462 -0.00132584514 0.0432740879 0.00469556566 0 0 0
nt@synapse_cleft 2468 -0.053814043 -0.0258320346 0.0178320341 0 0 0
nt@synapse_cleft 2472 0.0626905228 -0.0438700453 0.010320831 0 0 0
nt@synapse_cleft 2480 -0.0121881501 -0.0227749933 0.00811708386 0 0 0
nt@synapse_cleft 2481 -0.0119803193 -0.0196212047 0.0118735138 0 0 0
nt@synapse_cleft 2483 0.0300069071 0.0274721971 0.00857673591 0 0 0
nt@synapse_cleft 2491 0.0092566565 0.0159980007 0.0154663122 0 0 0
nt@synapse_cleft 2493 0.0291248168 -0.0369047691 0.008591094 0 0 0
nt@synapse_cleft 2498 0.0148615089 -0.00681610289 0.00230067162 0 0 0
nt@synapse_cleft 2502 0.0187961074 -0.0348636639 0.0179776619 0 0 0
nt@synapse_cleft 2509 -0.00281639363 -0.0160947043 0.0162721702 0 0 0
nt@synapse_cleft 2513 -0.0033917371 0.0153190367 0.0115457377 0 0 0
nt@synapse_cleft 2517 -0.0116587005 -0.00288420859 0.0142466866 0 0 0
nt@synapse_cleft 2520 0.0103994049 0.0273267815 0.00278869634 0 0 0
nt@synapse_cleft 2528 0.0113567644 0.00368484733 0.0175569549 0 0 0
nt@synapse_cleft 2539 -0.00284557165 0.0249244584 0.0117010551 0 0 0
nt@synapse_cleft 2542 0.0206488244 -0.0291461142 0.00886577863 0 0 0
nt@synapse_cleft 2549 -0.00909242787 0.0564317181 0.0110383825 0 0 0
nt@synapse_cleft 2550 0.0395201944 0.00172909171 0.013527103 0 0 0
nt@synapse_cleft 2555 0.0490387554 -0.0305112277 0.011896297 0 0 0
nt@synapse_cleft 2560 -0.0346159604 0.00453689945 0.00343201021 0 0 0
nt@synapse_cleft 2561 0.0235870731 0.0493484357 0.00795993696 0 0 0
nt@synapse_cleft 2563 -0.00336976413 0.00610433224 0.00687994517 0 0 0
nt@synapse_cleft 2564 -0.0103978939 0.0487449627 0.00360321053 0 0 0
nt@synapse_cleft 2566 -0.00493734485 0.0064994261 0.0145837422 0 0 0
nt@synapse_cleft 2570 0.00343695913 0.0036347054 0.000640004375 0 0 0
nt@synapse_cleft 2571 0.0304450423 -0.052747063 0.00429124588 0 0 0
nt@synapse_cleft 2577 -0.0120890403 0.0307124547 0.0142213554 0 0 0
nt@synapse_cleft 2597 -0.020136364 -0.00127057666 0.0151401185 0 0 0
nt@synapse_cleft 2603 0.0414378443 -0.0262426862 0.0147843612 0 0 0
nt@synapse_cleft 2604 0.040071225 -0.0167623562 0.015807283 0 0 0
nt@synapse_cleft 2610 0.0117926948 -0.0383216475 0.00675090538 0 0 0
nt@synapse_cleft 2615 -0.00292066803 -0.0663700636 0.0187838076 0 0 0
nt@synapse_cleft 2617 -0.000959998791 0.0217100693 0.0157989695 0 0 0
nt@synapse_cleft 2625 -0.0583795724 -0.0179508697 0.000877407479 0 0 0
nt@synapse_cleft 2628 0.0163846263 -0.0258846452 0.0190410612 0 0 0
nt@synapse_cleft 2639 0.00899385274 -0.0115243295 0.000779574329 0 0 0
nt@synapse_cleft 2641 -0.015038134 -0.00256223611 0.0083696623 0 0 0
nt@synapse_cleft 2645 0.012711973 0.024898686 3.77786493e-06 0 0 0
nt@synapse_cleft 2652 -0.00811137277 0.012596347 0.00748486822 0 0 0
nt@synapse_cleft 2660 -0.0245367153 -0.0169849503 0.0023832197 0 0 0
nt@synapse_cleft 2670 -0.0128427596 -0.0123460862 0.0122963743 0 0 0
nt@synapse_cleft 2680 -0.0581066683 -0.0386529359 0.0122605247 0 0 0
nt@synapse_cleft 2681 -0.0421865661 -0.0335252163 0.0196416856 0 0 0
nt@synapse_cleft 2688 -0.0521768735 0.066853204 0.000254187582 0 0 0
nt@synapse_cleft 2702 -0.0100445522 -0.0085489108 0.00156693816 0 0 0
nt@synapse_cleft 2708 -0.0438176243 0.0131957533 0.00523453421 0 0 0
nt@synapse_cleft 2709 0.0116882432 -0.00322072504 0.00858503986 0 0 0
nt@synapse_cleft 2713 -0.00364225661 -0.0232785965 0.00417803017 0 0 0
nt@synapse_cleft 2720 0.006463179 0.0180891222 0.0183482536 0 0 0
nt@synapse_cleft 2724 0.00551102929 -0.00785916097 0.00496455537 0 0 0
nt@synapse_cleft 2729 0.012388468 -0.0320797754 0.0142768762 0 0 0
nt@synapse_cleft 2734 0.036239012 0.00595824393 0.0184899828 0 0 0
nt@synapse_cleft 2743 -0.00182353489 -0.0325177775 0.0196112752 0 0 0
nt@synapse_cleft 2750 0.0217629978 -0.0511158054 0.0120992856 0 0 0
nt@synapse_cleft 2752 -0.0243171229 -0.0235530035 0.0142731639 0 0 0
nt@synapse_cleft 2756 0.045281972 -0.0259752396 0.00283118718 0 0 0
nt@synapse_cleft 2766 -0.0312570952 0.0414542159 0.0150932519 0 0 0
nt@synapse_cleft 2775 0.0310332362 -0.0159919077 0.0102054649 0 0 0
nt@synapse_cleft 2785 0.00532290859 0.0379970052 0.0158675636 0 0 0
nt@synapse_cleft 2798 -0.0235645762 0.0146551078 0.0130325711 0 0 0
nt@synapse_cleft 2807 -0.022356364 0.0150389256 0.00742225723 0 0 0
nt@synapse_cleft 2808 0.016796385 0.0630070533 0.0111651582 0 0 0
nt@synapse_cleft 2820 0.0162263316 -0.002314874 0.0187672899 0 0 0
nt@synapse_cleft 2828 0.0176075445 -0.0555967835 0.0137987771 0 0 0
nt@synapse_cleft 2837 -0.0127907096 0.0185431407 0.0131905564 0 0 0
nt@synapse_cleft 2857 0.023409298 -0.0216225112 0.0161659536 0 0 0
nt@synapse_cleft 2861 -0.0112289029 0.011821464 0.000320617751 0 0 0
nt@synapse_cleft 2863 -0.0334311188 0.0005046733 0.000387631823 0 0 0
nt@synapse_cleft 2871 0.0128365625 -0.0467524697 0.0185985471 0 0 0
nt@synapse_cleft 2875 0.00944444387 0.00320173385 0.00266281683 0 0 0
nt@synapse_cleft 2876 -0.00942869761 -0.00238111751 0.0103916096 0 0 0
nt@synapse_cleft 2880 0.0250822271 0.00180454873 0.00699066614 0 0 0
nt@synapse_cleft 2884 0.0347963722 0.019626652 0.011584005 0 0 0
nt@synapse_cleft 2894 0.00195879832 0.00723147585 0.00571498787 0 0 0
nt@synapse_cleft 2895 0.0641283594 -0.00999009277 0.00934667917 0 0 0
nt@synapse_cleft 2897 0.00537407859 -0.0326290551 0.0181364069 0 0 0
nt@synapse_cleft 2905 0.00278756495 0.00742349959 0.00511774013 0 0 0
nt@synapse_cleft 2909 0.0433927685 -0.0124745113 0.0139628431 0 0 0
nt@synapse_cleft 2910 -0.0595943543 0.0193003507 0.015402295 0 0 0
nt@synapse_cleft 2912 -0.00377092614 -0.0196414396 0.00646688613 0 0 0
nt@synapse_cleft 2915 0.0376173142 -0.0515563617 0.0151109986 0 0 0
nt@synapse_cleft 2920 0.00900446335 2.34715118e-05 0.0179780524 0 0 0
nt@synapse_cleft 2921 0.0041007325 0.0582543411 0.00265470059 0 0 0
nt@synapse_cleft 2925 -0.00492682925 0.0404029951 0.0142040663 0 0 0
nt@synapse_cleft 2933 -0.00499157293 -0.0117957074 0.000594405879 0 0 0
nt@synapse_cleft 2935 -0.0415680648 0.0110800078 0.0163996359 0 0 0
nt@synapse_cleft 2940 -0.00877392616 -0.0200069892 0.00211203645 0 0 0
nt@synapse_cleft 2945 -0.0382874365 -0.00532506421 0.00843880278 0 0 0
nt@synapse_cleft 2961 0.0671200671 -0.044920182 0.00384225031 0 0 0
nt@synapse_cleft 2962 0.0130846638 0.00333114441 0.00789389597 0 0 0
nt@synapse_cleft 2967 0.00315227427 -0.0446805558 0.00754641669 0 0 0
nt@synapse_cleft 2983 0.0166668871 -0.0375296429 0.0151020235 0 0 0
nt@synapse_cleft 2993 -0.00870358704 0.0486437164 0.00687537219 0 0 0
nt@synapse_cleft 3006 0.0267516204 0.0449290227 0.00223586665 0 0 0
nt@synapse_cleft 3008 0.0282835523 0.0478340661 0.0163574567 0 0 0
nt@synapse_cleft 3012 0.0234612362 -0.00524287555 0.00387703404 0 0 0
nt@synapse_cleft 3019 -0.0145805952 0.00326377887 0.00793916071 0 0 0
nt@synapse_cleft 3020 -0.0106764995 -0.0223557759 0.0034178731 0 0 0
nt@synapse_cleft 3024 0.0289143409 0.0106414872 0.0158627546 0 0 0
nt@synapse_cleft 3026 -0.0229657286 0.0170194904 0.00456370651 0 0 0
nt@synapse_cleft 3042 -0.00658021696 0.0142218044 0.0165099434 0 0 0
nt@synapse_cleft 3047 0.030179795 0.0558701443 0.0116689249 0 0 0
nt@synapse_cleft 3057 0.0353447518 -0.00155930512 0.0130436032 0 0 0
nt@synapse_cleft 3061 -0.010245927 0.0288455648 0.00818574543 0 0 0
nt@synapse_cleft 3062 0.0075263551 -0.0202317514 0.00199660991 0 0 0
nt@synapse_cleft 3069 0.0553721402 -0.0338169455 0.0166544975 0 0 0
nt@synapse_cleft 3073 0.0106238189 0.031440806 0.00853041211 0 0 0
nt@synapse_cleft 3082 0.018536953 0.0190527646 0.0190976804 0 0 0
nt@synapse_cleft 3089 -0.00758718252 -0.0137346918 2.31998451e-05 0 0 0
nt@synapse_cleft 3096 -0.00665215711 0.0328988181 0.0042035102 0 0 0
nt@synapse_cleft 3097 0.0508171158 0.0133203501 0.01314053 0 0 0
nt@synapse_cleft 3099 -0.0271998993 0.00576036148 0.00621450302 0 0 0
nt@synapse_cleft 3111 -0.00837772276 -0.0150639522 0.000219361603 0 0 0
nt@synapse_cleft 3114 0.0327594546 0.039214689 0.00400598732 0 0 0
nt@synapse_cleft 3132 -0.0190112328 -0.00120030833 0.0104325577 0 0 0
nt@synapse_cleft 3134 0.0158797046 0.0389299163 0.0195207133 0 0 0
nt@synapse_cleft 3150 0.0408622796 -0.0719032245 0.00661590112 0 0 0
nt@synapse_cleft 3155 -0.0155077239 0.011819821 0.0142303108 0 0 0
nt@synapse_cleft 3158 -0.00370134664 -0.00969819967 0.0140705842 0 0 0
nt@synapse_cleft 3159 -0.014565728 0.0142339249 0.0196980062 0 0 0
nt@synapse_cleft 3177 0.0319643942 -0.0309039899 0.00493278085 0 0 0
nt@synapse_cleft 3178 -0.0217366413 -0.013756319 0.00672866822 0 0 0
nt@synapse_cleft 3179 0.0245157499 -0.0103809506 0.0157169904 0 0 0
nt@synapse_cleft 3181 0.0130578482 -0.00754494594 0.0154064353 0 0 0
nt@synapse_cleft 3183 0.00881227128 -0.0284929523 0.0174700407 0 0 0
nt@synapse_cleft 3184 0.0197356721 0.0242441404 0.00461312528 0 0 0
nt@synapse_cleft 3185 -0.00133136189 0.00194067705 0.0125400922 0 0 0
nt@synapse_cleft 3199 0.00577274183 0.030000985 0.019453289 0 0 0
nt@synapse_cleft 3202 0.0125044329 0.0376735918 0.0162340342 0 0 0
nt@synapse_cleft 3207 -0.00995791603 -0.00396256727 0.00653475991 0 0 0
nt@synapse_cleft 3220 0.00856516059 0.024268473 0.01685904 0 0 0
nt@synapse_cleft 3222 -0.0541013128 -0.024606346 0.00327628983 0 0 0
nt@synapse_cleft 3227 0.0107228734 0.0113563192 0.00731080396 0 0 0
nt@synapse_cleft 3247 0.0118052969 -0.00311598965 0.0153937048 0 0 0
nt@synapse_cleft 3249 -0.0194665013 -0.00961441567 0.0125974646 0 0 0
nt@synapse_cleft 3275 0.0110022462 -0.0123992066 0.00706037394 0 0 0
nt@synapse_cleft 3304 0.023703911 0.0667369006 0.0122818657 0 0 0
nt@synapse_cleft 3308 -0.0273451354 0.0497411717 0.0112058038 0 0 0
nt@synapse_cleft 3312 0.00101855174 -0.0175545952 0.0131209071 0 0 0
nt@synapse_cleft 3313 -0.00909189992 -0.00735075328 0.00340942356 0 0 0
nt@synapse_cleft 3326 0.0131499778 -0.00579404709 0.00482500099 0 0 0
nt@synapse_cleft 3327 -0.0177678764 -0.058207851 0.0156232709 0 0 0
nt@synapse_cleft 3334 0.00958557035 0.00666189073 0.00246966911 0 0 0
nt@synapse_cleft 3335 0.0476070207 0.00757933115 0.00581095845 0 0 0
nt@synapse_cleft 3338 -0.00176126968 -0.0440634212 0.00818298641 0 0 0
nt@synapse_cleft 3341 0.0168537952 -0.00515982022 0.00357649654 0 0 0
nt@synapse_cleft 3342 0.0126083339 -0.0150558499 0.00737800686 0 0 0
nt@synapse_cleft 3347 0.0285146135 -0.0396584633 0.00857218402 0 0 0
nt@synapse_cleft 3367 0.0123017006 0.00884467709 0.00306429708 0 0 0
nt@synapse_cleft 3375 0.0529320676 0.0340335368 0.0151714724 0 0 0
nt@synapse_cleft 3378 0.0193770216 0.0278335781 0.0048544301 0 0 0
nt@synapse_cleft 3394 0.00382865256 -0.0268092602 0.00501929052 0 0 0
nt@synapse_cleft 3401 0.0481850961 -0.00161770221 0.012055767 0 0 0
nt@synapse_cleft 3402 -0.00936222308 -0.0135834354 0.002829747 0 0 0
nt@synapse_cleft 3404 0.0211450927 -0.0265270149 0.00659957466 0 0 0
nt@synapse_cleft 3407 0.00220952725 0.0659333453 0.0118848177 0 0 0
nt@synapse_cleft 3413 0.0274151009 0.0207226646 0.0096914263 0 0 0
nt@synapse_cleft 3419 -0.0224217038 0.0237468395 0.00611763083 0 0 0
nt@synapse_cleft 3429 0.0527364493 -0.0128926237 0.0141364963 0 0 0
nt@synapse_cleft 3432 0.0521899164 -0.064928013 0.00311739496 0 0 0
nt@synapse_cleft 3445 0.0334398457 0.02304646 0.0146674694 0 0 0
nt@synapse_cleft 3451 0.00852963345 0.0155218396 0.0107008832 0 0 0
nt@synapse_cleft 3455 -0.0012470672 -0.0218525669 0.0166142389 0 0 0
nt@synapse_cleft 3467 -0.070457667 0.00245282745 0.0115479438 0 0 0
nt@synapse_cleft 3474 0.0451016755 -0.0022800456 0.00587031944 0 0 0
nt@synapse_cleft 3482 -0.0711935549 -0.0376193149 0.0182911552 0 0 0
nt@synapse_cleft 3484 -0.00572679884 0.0208203142 0.0158881622 0 0 0
nt@synapse_cleft 3496 0.0158664387 -0.00625756838 0.0162581771 0 0 0
nt@synapse_cleft 3500 0.0150322945 -0.0316227655 0.0172673396 0 0 0
nt@synapse_cleft 3507 -0.0251920882 -0.00731145622 0.0193775891 0 0 0
nt@synapse_cleft 3511 0.0133951507 -0.0317174148 0.0114679271 0 0 0
nt@synapse_cleft 3514 0.00313883088 0.00861789292 0.0143202467 0 0 0
nt@synapse_cleft 3526 0.0166582061 -0.0471482021 0.011267896 0 0 0
nt@synapse_cleft 3535 0.0104682585 0.0120370842 0.00101043593 0 0 0
nt@synapse_cleft 3536 0.0143660903 0.00144977951 0.0122706549 0 0 0
nt@synapse_cleft 3538 -0.0310625868 0.0125279064 0.00149940491 0 0 0
nt@synapse_cleft 3542 -0.00183790811 0.0295714819 0.00314680024 0 0 0
nt@synapse_cleft 3543 -0.0312874769 -0.0167417479 0.000174472172 0 0 0
nt@synapse_cleft 3546 0.0155131423 0.0270857475 0.00577782726 0 0 0
nt@synapse_cleft 3561 -0.0191074798 -0.00729413377 0.0102023813 0 0 0
nt@synapse_cleft 3562 -0.0669130956 -0.00645534064 0.0177773841 0 0 0
nt@synapse_cleft 3563 0.0103627369 -0.0127434839 0.0188627553 0 0 0
nt@synapse_cleft 3565 0.0321773498 -0.0286707152 0.00657292072 0 0 0
nt@synapse_cleft 3566 -0.0118010952 0.0622771807 0.0180144108 0 0 0
nt@synapse_cleft 3568 0.0215347786 -0.0406884501 0.0185346154 0 0 0
nt@synapse_cleft 3575 -0.0142618761 0.00403921229 0.00350753632 0 0 0
nt@synapse_cleft 3576 0.0536969816 0.00540528444 0.00639471253 0 0 0
nt@synapse_cleft 3592 0.0225554754 0.0437435119 0.0163320734 0 0 0
nt@synapse_cleft 3602 -0.0310780518 -0.0101597248 0.0175782223 0 0 0
nt@synapse_cleft 3603 -0.0224882994 0.0184741538 0.0171495164 0 0 0
nt@synapse_cleft 3606 -0.00690368462 0.00484222795 0.00654686554 0 0 0
nt@synapse_cleft 3610 0.000473723198 -0.00144137236 0.0115429536 0 0 0
nt@synapse_cleft 3611 0.00839634205 0.000121147153 0.0187234346 0 0 0
nt@synapse_cleft 3616 -0.0328214676 0.0272028606 0.0128651024 0 0 0
nt@synapse_cleft 3617 -0.00269421279 -0.0664814695 0.0143558854 0 0 0
nt@synapse_cleft 3620 0.00304844477 0.0264992652 0.0129803917 0 0 0
nt@synapse_cleft 3625 0.0313784881 0.00811330122 0.0134245005 0 0 0
nt@synapse_cleft 3630 0.0252598242 0.0373334601 0.0189038407 0 0 0
nt@synapse_cleft 3635 -0.00202114358 0.0131639323 0.00551736951 0 0 0
nt@synapse_cleft 3636 -0.00132229927 0.00188092089 0.0142198308 0 0 0
nt@synapse_cleft 3645 -0.00548740876 -0.0226874655 0.00198798124 0 0 0
nt@synapse_cleft 3658 0.0191400177 -0.0228714278 0.0179342806 0 0 0
nt@synapse_cleft 3661 0.0287012358 0.0140110185 0.0177989563 0 0 0
nt@synapse_cleft 3664 0.051316511 -0.0478728254 0.00190532375 0 0 0
nt@synapse_cleft 3667 -0.0281718032 -0.00448718975 0.0113723498 0 0 0
nt@synapse_cleft 3681 0.0340571325 -0.021010844 0.00410437407 0 0 0
nt@synapse_cleft 3689 -0.0146210714 -0.0236066056 0.00832143877 0 0 0
nt@synapse_cleft 3690 0.0388965857 -0.0146963273 0.0172397576 0 0 0
nt@synapse_cleft 3693 -0.0545883015 -0.0299283812 0.00904005286 0 0 0
nt@synapse_cleft 3706 0.0376405527 -0.0192351017 0.0192846239 0 0 0
nt@synapse_cleft 3707 -0.061036654 -0.0138991345 0.00242587686 0 0 0
nt@synapse_cleft 3714 -0.0485368663 -0.0118705508 0.0187924964 0 0 0
nt@synapse_cleft 3730 0.0175598388 0.0182401814 0.000142249681 0 0 0
nt@synapse_cleft 3731 0.00185944279 0.0040932909 0.000489381995 0 0 0
nt@synapse_cleft 3737 0.00995866938 0.0187651031 0.00605926027 0 0 0
nt@synapse_cleft 3738 -0.0092551467 0.0244111309 0.018138101 0 0 0
nt@synapse_cleft 3739 0.0277067793 0.0531172283 0.00279744778 0 0 0
nt@synapse_cleft 3745 0.00723209864 0.028898664 0.0191720254 0 0 0
nt@synapse_cleft 3751 0.0025325699 0.00700023942 0.0139170046 0 0 0
nt@synapse_cleft 3758 -0.0136475977 -0.0416405322 0.00810687336 0 0 0
nt@synapse_cleft 3759 -0.01528987 -0.0159519451 0.00633923965 0 0 0
nt@synapse_cleft 3763 0.0417107463 0.0410071063 0.0139351556 0 0 0
nt@synapse_cleft 3768 0.0203778509 -0.0130272364 0.0188953277 0 0 0
nt@synapse_cleft 3771 0.0228488421 -0.0254354585 0.0151565181 0 0 0
nt@synapse_cleft 3775 0.00636482262 0.0128743516 0.0129246078 0 0 0
nt@synapse_cleft 3783 -0.0244108415 -0.0244727831 0.00207877298 0 0 0
nt@synapse_cleft 3788 -0.00945196344 -0.0173439323 0.0111120596 0 0 0
nt@synapse_cleft 3793 -0.0210037117 -0.0102449403 0.00480983721 0 0 0
nt@synapse_cleft 3800 0.011511376 -0.00346753644 0.00802113416 0 0 0
nt@synapse_cleft 3802 0.0162891814 0.017409479 0.0113806325 0 0 0
nt@synapse_cleft 3811 -0.0168721245 -0.0216920223 0.00105928738 0 0 0
nt@synapse_cleft 3827 -0.000672334416 0.0473452837 0.00671624916 0 0 0
nt@synapse_cleft 3831 0.00692758627 -0.0464882314 0.012287154 0 0 0
nt@synapse_cleft 3834 0.0448979088 -0.0249253633 0.0154819343 0 0 0
nt@synapse_cleft 3835 0.00389668365 -0.0426037297 0.00545311144 0 0 0
nt@synapse_cleft 3841 0.029851381 -0.0192152868 0.00340263374 0 0 0
nt@synapse_cleft 3844 0.00328624599 0.00606336355 0.00989530634 0 0 0
nt@synapse_cleft 3846 -0.0235875409 0.0119908324 0.0160527319 0 0 0
nt@synapse_cleft 3848 0.033682077 0.0327770006 0.0196112864 0 0 0
nt@synapse_cleft 3850 -0.0275860824 -0.00606944844 0.0113507243 0 0 0
nt@synapse_cleft 3859 0.0482346252 -0.00722908208 0.000188144191 0 0 0
nt@synapse_cleft 3879 0.0346747102 -0.0581582176 0.0101927346 0 0 0
nt@synapse_cleft 3886 0.0381942696 0.0432262679 9.30672959e-05 0 0 0
nt@synapse_cleft 3891 0.0082116578 -0.0247767231 0.00559464618 0 0 0
nt@synapse_cleft 3902 -0.0380684974 0.00716473982 0.0172178927 0 0 0
nt@synapse_cleft 3907 -0.0318294343 -0.0270808542 0.0109116544 0 0 0
nt@synapse_cleft 3909 0.0199499513 0.0367154976 0.00620932004 0 0 0
nt@synapse_cleft 3917 -0.00681045289 -0.0314484722 0.00548222596 0 0 0
nt@synapse_cleft 3918 -0.00937007508 -0.00955829995 0.013093123 0 0 0
nt@synapse_cleft 3921 0.0307566376 0.0542228424 0.0122439362 0 0 0
nt@synapse_cleft 3927 -0.0076363479 0.0421681728 0.00616976747 0 0 0
nt@synapse_cleft 3932 0.0251430483 -0.016418152 0.0146944659 0 0 0
nt@synapse_cleft 3941 -0.0261652219 0.00438351455 0.000987369909 0 0 0
nt@synapse_cleft 3952 -0.0296979255 0.0189972123 0.0128503716 0 0 0
nt@synapse_cleft 3953 0.0260574172 -0.0278026118 0.00136629459 0 0 0
nt@synapse_cleft 3957 0.0326272333 -0.0149229801 0.0119401714 0 0 0
nt@synapse_cleft 3958 0.0112948949 0.0186351452 0.00815824433 0 0 0
nt@synapse_cleft 3962 -0.0307876203 -0.00630701455 0.00579844931 0 0 0
nt@synapse_cleft 3963 0.0297684956 0.0233874687 0.0131992826 0 0 0
nt@synapse_cleft 3965 -0.0375214244 -0.00274118549 0.00843984434 0 0 0
nt@synapse_cleft 3967 0.0156671838 -0.0198977482 0.00953701104 0 0 0
nt@synapse_cleft 3968 0.0153275159 -0.013825784 0.00246326058 0 0 0
nt@synapse_cleft 3973 0.00542621025 -0.017957339 0.0120403979 0 0 0
nt@synapse_cleft 3974 -0.0294982677 0.0587776106 0.00841025819 0 0 0
nt@synapse_cleft 3978 0.0176631395 0.0113393698 0.0124588503 0 0 0
nt@synapse_cleft 3983 -0.030958826 -0.0283752254 0.00791332067 0 0 0
nt@synapse_cleft 3988 -0.00427287134 -0.0362181211 0.00877256616 0 0 0
nt@synapse_cleft 3991 0.0824977419 -0.0208478145 0.00916914627 0 0 0
nt@synapse_cleft 3993 -0.0538978714 0.00451735977 0.0120880152 0 0 0
nt@synapse_cleft 3997 -0.0494348425 -0.00716633278 0.0152945556 0 0 0
nt@synapse_cleft 3999 -0.0456092822 -0.0131334124 0.0107321968 0 0 0
nt@synapse_cleft 4011 0.015875825 0.0255653158 0.00493292027 0 0 0
nt@synapse_cleft 4018 0.0194893215 0.0155706882 0.017535513 0 0 0
nt@synapse_cleft 4027 0.00800426464 -0.0202584127 0.00682697282 0 0 0
nt@synapse_cleft 4028 -0.0277367734 0.0293698993 0.017718448 0 0 0
nt@synapse_cleft 4037 -0.0154782192 0.031292966 0.0136778785 0 0 0
nt@synapse_cleft 4040 0.0103860991 0.015786441 0.0186576208 0 0 0
nt@synapse_cleft 4049 0.0241069473 0.00358935736 0.0198529431 0 0 0
nt@synapse_cleft 4051 0.0162260944 0.00913834175 0.00927611138 0 0 0
nt@synapse_cleft 4064 0.007296986 0.0126390069 0.00961996942 0 0 0
nt@synapse_cleft 4070 -0.0188773106 0.00319368446 0.0191443066 0 0 0
nt@synapse_cleft 4071 -0.0162655159 -0.0463447661 0.0199673657 0 0 0
nt@synapse_cleft 4087 -0.0194585412 0.0225352934 0.0123705688 0 0 0
nt@synapse_cleft 4094 0.0332899522 -0.0279997497 0.00972454767 0 0 0
nt@synapse_cleft 4095 0.0390126597 -0.0176073028 0.017635806 0 0 0
nt@synapse_cleft 4103 -0.0160275261 -0.00224497228 0.0116788777 0 0 0
nt@synapse_cleft 4106 0.0244856884 0.0136908152 0.0160696438 0 0 0
nt@synapse_cleft 4111 0.0547879121 0.022028813 0.010914524 0 0 0
nt@synapse_cleft 4115 -0.00370059719 0.00744386361 0.0153708632 0 0 0
nt@synapse_cleft 4119 0.0144812266 -0.0284908838 0.0196585547 0 0 0
nt@synapse_cleft 4123 -0.0116210025 0.0166310073 0.0142259896 0 0 0
nt@synapse_cleft 4126 0.0306979435 -0.0272856871 0.00129769182 0 0 0
nt@synapse_cleft 4129 -0.0200568341 0.0106601379 0.00635908141 0 0 0
nt@synapse_cleft 4131 -0.013297431 0.0324970127 0.0169634754 0 0 0
nt@synapse_cleft 4132 0.0298620635 0.0284533165 0.013543998 0 0 0
nt@synapse_cleft 4135 0.0127220197 -0.00210063176 0.00632874733 0 0 0
nt@synapse_cleft 4144 0.0375199829 -0.00111425206 0.00165685236 0 0 0
nt@synapse_cleft 4150 -0.0485809424 -0.0516487532 0.00285644964 0 0 0
nt@synapse_cleft 4155 0.0134465425 -0.0598907806 0.00554920888 0 0 0
nt@synapse_cleft 4156 0.0412978993 -0.00708158742 0.00669468065 0 0 0
nt@synapse_cleft 4162 0.0483434788 -0.0167957418 0.00915218983 0 0 0
nt@synapse_cleft 4163 -0.00117801531 0.0505490237 0.00748199452 0 0 0
nt@synapse_cleft 4170 -0.0437148989 0.00620648123 0.0150946434 0 0 0
nt@synapse_cleft 4177 -0.0639760223 0.0692307898 0.00952624462 0 0 0
nt@synapse_cleft 4187 -0.0261822693 -0.0262900786 0.0116179419 0 0 0
nt@synapse_cleft 4193 -0.00158575553 -0.0399222707 0.00437878802 0 0 0
nt@synapse_cleft 4214 -0.0441558308 -0.0115693301 0.0191348892 0 0 0
nt@synapse_cleft 4215 0.0237124141 -0.0615435062 0.0129026629 0 0 0
nt@synapse_cleft 4220 -0.0092823637 -0.0118230477 0.00512858182 0 0 0
nt@synapse_cleft 4228 0.0277682403 -0.0101747445 0.0159357296 0 0 0
nt@synapse_cleft 4230 -0.0288633318 0.0461673992 0.00367736527 0 0 0
nt@synapse_cleft 4233 0.0224655795 0.0247040324 0.0100253288 0 0 0
nt@synapse_cleft 4237 0.0116538093 -0.0198410119 0.0184097736 0 0 0
nt@synapse_cleft 4242 0.0262602644 -0.0329855189 0.0109268897 0 0 0
nt@synapse_cleft 4252 0.0365727327 0.00333840005 0.0167061122 0 0 0
nt@synapse_cleft 4254 -0.015185726 0.0363617056 0.0115854736 0 0 0
nt@synapse_cleft 4255 -0.0270823193 -0.0284731247 0.0166150284 0 0 0
nt@synapse_cleft 4279 0.0120020116 -0.0461489233 0.0145112073 0 0 0
nt@synapse_cleft 4283 -0.0243543301 0.00768123007 0.00861629398 0 0 0
nt@synapse_cleft 4284 0.0645642119 -0.031500902 0.017272927 0 0 0
nt@synapse_cleft 4285 -0.0422294768 0.0528016912 0.000842059814 0 0 0
nt@synapse_cleft 4288 0.0206033687 -0.0176770145 0.0166873485 0 0 0
nt@synapse_cleft 4293 -0.0149578201 -0.0093581258 0.00879979902 0 0 0
nt@synapse_cleft 4297 0.0351843849 -0.026481295 0.00701684635 0 0 0
nt@synapse_cleft 4301 0.0250112469 -0.0012736327 0.0108447907 0 0 0
nt@synapse_cleft 4312 -0.0178698031 -0.0267870687 0.000914844905 0 0 0
nt@synapse_cleft 4317 -0.0184839052 0.041628799 0.00925780536 0 0 0
nt@synapse_cleft 4326 0.0288073 -0.0116494232 0.0165904347 0 0 0
nt@synapse_cleft 4330 -0.0218430735 0.00912000737 0.0144753955 0 0 0
nt@synapse_cleft 4334 0.0123374492 0.0124441462 0.00192993357 0 0 0
nt@synapse_cleft 4339 -0.00209889605 -0.0249273613 0.0152110681 0 0 0
nt@synapse_cleft 4343 -0.0305084428 -0.0494115846 0.00514919979 0 0 0
nt@synapse_cleft 4346 0.0130322385 0.00401660325 0.0186826431 0 0 0
nt@synapse_cleft 4351 0.0386095053 0.0243213176 0.00944942394 0 0 0
nt@synapse_cleft 4360 0.0217889935 0.00411087746 0.0120691758 0 0 0
nt@synapse_cleft 4365 0.00839150191 0.0307049687 0.00773446158 0 0 0
nt@synapse_cleft 4374 -0.00999577337 -0.0184343894 0.0148937292 0 0 0
nt@synapse_cleft 4376 -0.0223410113 -0.00917757537 0.00459534115 0 0 0
nt@synapse_cleft 4381 -0.0206824339 -0.0299487281 0.0135217729 0 0 0
nt@synapse_cleft 4386 -0.00930526474 -0.00452785976 0.00300326834 0 0 0
nt@synapse_cleft 4392 -0.0066802406 0.0111902035 0.0185529799 0 0 0
nt@synapse_cleft 4395 0.0169029385 -0.0306407076 0.0148460188 0 0 0
nt@synapse_cleft 4396 0.00518990295 -0.0604754094 0.00304571932 0 0 0
nt@synapse_cleft 4398 -0.0106163056 0.0232619644 0.0188235701 0 0 0
nt@synapse_cleft 4399 0.0218208798 0.050333892 0.00105392097 0 0 0
nt@synapse_cleft 4403 -0.0144371711 -0.0110885868 0.0112036368 0 0 0
nt@synapse_cleft 4405 -0.0264275235 -0.0227748418 0.0152605947 0 0 0
nt@synapse_cleft 4414 -0.00454139239 -0.0349187758 0.0146951978 0 0 0
nt@synapse_cleft 4416 -0.0173313121 0.00351335852 0.0101925427 0 0 0
nt@synapse_cleft 4423 0.0169481088 -0.00384082049 0.00896756911 0 0 0
nt@synapse_cleft 4424 -0.0328896542 -0.0114763255 0.00604766799 0 0 0
nt@synapse_cleft 4430 -0.00100950767 0.0020387627 0.00797947752 0 0 0
nt@synapse_cleft 4431 0.021473221 -0.032953815 0.00267547298 0 0 0
nt@synapse_cleft 4434 0.0235414067 -0.00247330602 0.00579411278 0 0 0
nt@synapse_cleft 4436 0.00871320528 0.0335651061 0.0179439276 0 0 0
nt@synapse_cleft 4446 -0.0152536022 0.0323067765 0.0143033058 0 0 0
nt@synapse_cleft 4449 0.0173504197 0.0637909427 0.0182611117 0 0 0
nt@synapse_cleft 4464 0.0136546948 -0.0163195943 0.0145295413 0 0 0
nt@synapse_cleft 4470 -0.0167228881 -0.0458083747 0.0106369682 0 0 0
nt@synapse_cleft 4473 -0.00890217057 -0.00243597518 0.00187108504 0 0 0
nt@synapse_cleft 4478 -0.0199399243 0.0305089299 0.00760112529 0 0 0
nt@synapse_cleft 4480 0.0169225589 0.0454350624 0.0175232351 0 0 0
nt@synapse_cleft 4482 -0.0230807226 -0.0171298821 0.00636683968 0 0 0
nt@synapse_cleft 4485 0.0122098316 0.00604868933 0.00959004632 0 0 0
nt@synapse_cleft 4488 0.00793564917 0.000524725137 0.0170996713 0 0 0
nt@synapse_cleft 4489 0.00560010829 -0.00906373172 0.00088020465 0 0 0
nt@synapse_cleft 4496 -0.0428112818 0.0463748245 0.00420419763 0 0 0
nt@synapse_cleft 4499 -0.00321009235 0.0192705461 0.00535716882 0 0 0
nt@synapse_cleft 4501 0.0120974478 0.011837645 0.0189730313 0 0 0
nt@synapse_cleft 4517 -0.0345291205 0.0136758318 0.0033632161 0 0 0
nt@synapse_cleft 4527 0.0149507771 -0.00404392563 0.015070854 0 0 0
nt@synapse_cleft 4538 -0.0398359797 -0.0489275881 0.00204569339 0 0 0
nt@synapse_cleft 4542 0.00234120307 0.0375523851 0.00096101124 0 0 0
nt@synapse_cleft 4545 -0.0325846433 0.0256217412 0.0150680705 0 0 0
nt@synapse_cleft 4551 -0.0151368564 0.0325091367 0.0123132478 0 0 0
nt@synapse_cleft 4553 -0.0285567066 -0.00841603542 0.0184963127 0 0 0
nt@synapse_cleft 4559 -0.0319056207 0.0336805571 0.0141579147 0 0 0
nt@synapse_cleft 4565 -0.0577232616 -0.0140076191 0.00326293594 0 0 0
nt@synapse_cleft 4572 0.00392373634 -0.00927510308 0.00941712661 0 0 0
nt@synapse_cleft 4574 0.0397866384 -0.0329482829 0.00579643976 0 0 0
nt@synapse_cleft 4576 -0.0354075763 -0.0388698886 0.00413428197 0 0 0
nt@synapse_cleft 4583 -0.000116898499 -0.00351980597 0.0023059049 0 0 0
nt@synapse_cleft 4587 0.0238189251 0.0169665376 0.0168549545 0 0 0
nt@synapse_cleft 4590 -0.0464409617 -0.00812861685 0.0180735515 0 0 0
nt@synapse_cleft 4593 -0.0335573429 0.041551077 0.00356876516 0 0 0
nt@synapse_cleft 4594 0.0132820595 0.0155586488 0.00903089159 0 0 0
nt@synapse_cleft 4595 0.0257791431 -0.0374067978 0.000103855798 0 0 0
nt@synapse_cleft 4613 0.0599425365 0.00422202183 0.0096585399 0 0 0
nt@synapse_cleft 4620 0.00373006394 -0.0162603852 0.0140635164 0 0 0
nt@synapse_cleft 4654 0.00564606275 -0.0239315112 0.00300779271 0 0 0
nt@synapse_cleft 4659 -0.0340921827 0.0323549489 0.00861084276 0 0 0
nt@synapse_cleft 4661 -0.0115637682 -0.0357480375 0.0159546253 0 0 0
nt@synapse_cleft 4666 0.0602570185 0.0326833869 0.0175902387 0 0 0
nt@synapse_cleft 4681 0.00262154772 -0.0157248916 0.000815550513 0 0 0
nt@synapse_cleft 4687 0.00593478862 0.0165195115 0.0157457428 0 0 0
nt@synapse_cleft 4700 -0.025433963 0.0648636705 0.0194089464 0 0 0
nt@synapse_cleft 4701 0.0258193685 0.0169031415 0.0187406044 0 0 0
nt@synapse_cleft 4709 -0.00997017547 0.00582974823 0.00349072562 0 0 0
nt@synapse_cleft 4710 -0.0216494264 -0.0370980232 0.00191231696 0 0 0
nt@synapse_cleft 4718 0.0570919495 0.0179783446 0.0130506969 0 0 0
nt@synapse_cleft 4736 -0.00423424823 0.0129007062 0.00959335868 0 0 0
nt@synapse_cleft 4750 0.00327732303 -0.0645923534 0.00400358608 0 0 0
nt@synapse_cleft 4753 -0.0244322767 0.00429116553 0.00577254263 0 0 0
nt@synapse_cleft 4754 -0.0121124522 -0.00206454919 0.00445124543 0 0 0
nt@synapse_cleft 4756 -0.00907760119 -0.0010640738 0.00862648071 0 0 0
nt@synapse_cleft 4758 -0.0379475689 0.00942857317 0.0168265466 0 0 0
nt@synapse_cleft 4764 0.00971193522 -0.00505577162 0.00448376253 0 0 0
nt@synapse_cleft 4779 0.029051235 -0.0343378816 0.0149037126 0 0 0
nt@synapse_cleft 4784 0.0248658342 0.00236272454 0.0121583081 0 0 0
nt@synapse_cleft 4786 -0.0202059259 0.0176651961 0.0116560171 0 0 0
nt@synapse_cleft 4791 0.0444595797 -0.0117765409 0.014739203 0 0 0
nt@synapse_cleft 4793 -0.0355108351 0.00239889922 0.0118144662 0 0 0
nt@synapse_cleft 4800 0.0198006881 -0.00546646499 0.0116553004 0 0 0
nt@synapse_cleft 4801 -0.0157140438 0.00467109899 0.0172167789 0 0 0
nt@synapse_cleft 4814 -0.0292455136 0.0149338175 0.00106882256 0 0 0
nt@synapse_cleft 4816 -0.0378235336 -0.0161444412 0.0163379309 0 0 0
nt@synapse_cleft 4822 -0.0181856936 -0.0180804919 0.0108045903 0 0 0
nt@synapse_cleft 4823 -0.00326518962 0.0213131043 0.0191425907 0 0 0
nt@synapse_cleft 4829 0.0250401901 -0.0697709471 0.00155547616 0 0 0
nt@synapse_cleft 4830 -0.0309698876 0.0111510385 0.0172214932 0 0 0
nt@synapse_cleft 4833 -0.0049006688 -0.0218635208 0.000889821465 0 0 0
nt@synapse_cleft 4839 -0.00366335404 -0.00447757398 0.00903730934 0 0 0
nt@synapse_cleft 4844 0.0626383662 -0.0154000945 0.00617188572 0 0 0
nt@synapse_cleft 4852 -0.018013037 -0.0245847222 0.0105714495 0 0 0
nt@synapse_cleft 4871 0.0165300574 0.0144148077 0.000238050062 0 0 0
nt@synapse_cleft 4880 -0.00591691241 -0.0231602311 0.00739438586 0 0 0
nt@synapse_cleft 4883 -0.0463011559 -0.0116263836 0.0120110394 0 0 0
nt@synapse_cleft 4892 -0.0274104717 0.0275892783 0.00826300534 0 0 0
nt@synapse_cleft 4896 -0.0241279567 -0.0353240355 0.00951341199 0 0 0
nt@synapse_cleft 4897 0.0223992079 -0.0175992118 0.00920937399 0 0 0
nt@synapse_cleft 4901 0.0283017181 0.00551123843 0.00565982647 0 0 0
nt@synapse_cleft 4905 -0.0286672723 -0.00278791742 0.0119051557 0 0 0
nt@synapse_cleft 4906 -0.0126778017 -0.0385659959 0.00592608678 0 0 0
nt@synapse_cleft 4918 -0.0152976628 0.0387811891 0.0159018318 0 0 0
nt@synapse_cleft 4919 -0.0176027001 -0.00239236856 0.00497464892 0 0 0
nt@synapse_cleft 4925 -1.73842561e-05 0.000791912142 0.00616222797 0 0 0
nt@synapse_cleft 4937 -0.0622936671 0.00735096737 0.0116319193 0 0 0
nt@synapse_cleft 4946 -0.0130896051 0.0136128137 0.00201705656 0 0 0
nt@synapse_cleft 4956 0.0314006841 -0.00321272293 0.0172609589 0 0 0
nt@synapse_cleft 4967 -0.0142709712 0.0182280976 0.014814088 0 0 0
nt@synapse_cleft 4973 -0.00821006083 0.0474411786 0.0172842634 0 0 0
nt@synapse_cleft 4979 0.000984778281 -0.00352780336 0.00348464003 0 0 0
nt@synapse_cleft 4981 0.00939867942 -0.0485939023 0.00538384092 0 0 0
nt@synapse_cleft 4982 0.000741553923 0.0146784528 0.00482015567 0 0 0
nt@synapse_cleft 4983 -0.0338918614 0.010572285 0.00306558471 0 0 0
nt@synapse_cleft 4991 -0.00245017416 -0.00663611268 0.00150887988 0 0 0
nt@synapse_cleft 5004 -0.0190661703 -0.00247569978 0.00866704974 0 0 0
nt@synapse_cleft 5006 0.00729608659 -0.00619545611 0.00606650211 0 0 0
nt@synapse_cleft 5009 -0.0365018391 0.00864856936 0.00163136662 0 0 0
nt@synapse_cleft 5011 -0.0253585547 -0.0225935187 0.00909173717 0 0 0
nt@synapse_cleft 5015 -0.0236534284 -0.0166710828 0.0142385119 0 0 0
nt@synapse_cleft 5024 -0.00238419433 -0.00783859869 0.0139645961 0 0 0
nt@synapse_cleft 5044 -0.0352237082 0.0156009499 0.00884653136 0 0 0
nt@synapse_cleft 5045 0.0413823238 0.03226904 0.00976984228 0 0 0
nt@synapse_cleft 5046 0.00215421795 -0.0176245181 0.00154542101 0 0 0
nt@synapse_cleft 5052 0.0116500165 -0.00832195854 0.00560526434 0 0 0
nt@synapse_cleft 5055 -0.00527418924 0.0177087872 0.0174790929 0 0 0
nt@synapse_cleft 5059 -0.0336933028 0.0236728341 0.0178078397 0 0 0
nt@synapse_cleft 5061 0.0165388608 -0.0346625643 7.83757194e-05 0 0 0
nt@synapse_cleft 5063 -0.0290643382 0.04141494 0.0156175421 0 0 0
nt@synapse_cleft 5081 0.0159967277 -0.00538117622 0.0079289847 0 0 0
nt@synapse_cleft 5082 0.000702440212 0.0479907025 0.00519649781 0 0 0
nt@synapse_cleft 5086 0.0194939347 0.0382965712 0.00836097177 0 0 0
nt@synapse_cleft 5106 0.00669762172 -0.00886767925 0.00868765695 0 0 0
nt@synapse_cleft 5133 -0.0196963349 0.0208895822 0.0103502399 0 0 0
nt@synapse_cleft 5145 0.0234183009 0.0344411517 0.0157991844 0 0 0
nt@synapse_cleft 5154 0.00177562896 0.0153253572 0.0159372565 0 0 0
nt@synapse_cleft 5159 -0.0395671115 -0.00982829972 0.00641941994 0 0 0
nt@synapse_cleft 5164 0.0222025368 -0.0024057336 0.00259724677 0 0 0
nt@synapse_cleft 5173 -0.0250924064 0.00349115637 0.0117673428 0 0 0
nt@synapse_cleft 5176 -0.0302551458 0.0636120827 0.0127136325 0 0 0
nt@synapse_cleft 5179 0.0260738935 0.00263851253 0.0115300618 0 0 0
nt@synapse_cleft 5182 0.0546417174 0.0102927033 0.00554461262 0 0 0
nt@synapse_cleft 5183 0.0537832409 -0.00308911731 0.0133577031 0 0 0
nt@synapse_cleft 5196 0.00252458305 0.00850074054 0.00840871155 0 0 0
nt@synapse_cleft 5198 0.00323180459 -0.0054626383 0.0179326395 0 0 0
