nt@synapse_cleft 0 0.0210203014 -0.00846399829 0.0145059101 0 0 0
nt@synapse_cleft 2 -0.0476599818 0.00611012992 0.0176363392 0 0 0
nt@synapse_cleft 7 0.00693363849 0.0167749112 0.0189330973 0 0 0
nt@synapse_cleft 9 0.0336110701 -0.0337851657 0.017572372 0 0 0
nt@synapse_cleft 12 0.00530873821 0.039581939 0.00196322709 0 0 0
nt@synapse_cleft 15 -0.00827357216 0.0183029078 0.0132498703 0 0 0
nt@synapse_cleft 17 0.0201876662 0.012080132 0.00410197715 0 0 0
nt@synapse_cleft 26 -0.0291404758 0.00605968967 0.0130828486 0 0 0
nt@synapse_cleft 30 0.0100764887 -0.031457102 0.0110323115 0 0 0
nt@synapse_cleft 35 0.0079723103 0.0425172084 0.0199022738 0 0 0
nt@synapse_cleft 42 0.000858912518 0.0110357822 0.0183674965 0 0 0
nt@synapse_cleft 45 0.00163294771 0.0110727388 0.00680924568 0 0 0
nt@synapse_cleft 54 -0.00428567973 0.0361717654 0.00557387625 0 0 0
nt@synapse_cleft 56 -0.0237156892 -0.0131707852 0.0124983188 0 0 0
nt@synapse_cleft 59 0.0306130699 0.0156835086 0.0180356564 0 0 0
nt@synapse_cleft 72 -0.0234090512 0.0159084085 0.0140685939 0 0 0
nt@synapse_cleft 81 0.00900803202 -0.0445286224 0.00386106794 0 0 0
nt@synapse_cleft 87 -0.0089355686 -0.00824436971 0.00779015466 0 0 0
nt@synapse_cleft 89 0.0401527067 0.00241143076 0.0130919657 0 0 0
nt@synapse_cleft 100 -0.0118772331 -0.0187852741 0.0139000572 0 0 0
nt@synapse_cleft 103 0.0288133604 -0.0209151788 0.0146657787 0 0 0
nt@synapse_cleft 111 -0.0429807328 0.0428445442 0.0155725154 0 0 0
nt@synapse_cleft 114 0.0376809414 -0.00936597908 0.0198435839 0 0 0
nt@synapse_cleft 115 -0.00465254485 -0.0233729901 0.0113589443 0 0 0
nt@synapse_cleft 116 -0.0279376042 -0.0194496929 0.0117775824 0 0 0
nt@synapse_cleft 135 -0.0297993556 -0.0231835688 0.0175608941 0 0 0
nt@synapse_cleft 137 -0.0550523965 -0.042126817 0.000876743762 0 0 0
nt@synapse_cleft 148 -0.00556250774 0.0673831089 0.000276620442 0 0 0
nt@synapse_cleft 150 -0.0171058855 0.0206151943 0.00728489003 0 0 0
nt@synapse_cleft 156 -0.0195308273 -0.00399354103 0.0196388103 0 0 0
nt@synapse_cleft 162 -0.0124746135 -0.0379510307 0.00625887307 0 0 0
nt@synapse_cleft 167 -0.00281020833 -0.0388137027 0.00954780747 0 0 0
nt@synapse_cleft 168 -0.020635225 -0.0218347438 0.0140214817 0 0 0
nt@synapse_cleft 186 -0.0241788745 0.00224690951 0.0177717178 0 0 0
nt@synapse_cleft 188 -0.00385804979 -0.00949726636 0.0116323006 0 0 0
nt@synapse_cleft 192 -0.0134304208 0.0369942763 0.0130691921 0 0 0
nt@synapse_cleft 194 -0.018765916 -0.00089172822 0.0154094287 0 0 0
nt@synapse_cleft 195 0.0394984666 0.0498971511 0.00248120385 0 0 0
nt@synapse_cleft 197 0.0201203009 -0.0146320936 0.00199074083 0 0 0
nt@synapse_cleft 199 0.0422989396 0.0171598539 0.0107380421 0 0 0
nt@synapse_cleft 203 0.00846613905 0.00197407208 0.00301369723 0 0 0
nt@synapse_cleft 206 0.00076874736 -0.0192374855 0.0152523771 0 0 0
nt@synapse_cleft 210 -0.031563152 0.012269851 0.00604367311 0 0 0
nt@synapse_cleft 224 -0.0120379892 0.0567483889 0.00868722903 0 0 0
nt@synapse_cleft 231 0.0162487203 0.0454054474 0.0100343971 0 0 0
nt@synapse_cleft 235 0.0214674682 -0.0131692989 0.0167605574 0 0 0
nt@synapse_cleft 244 -0.0180477025 0.000629235505 0.0191740791 0 0 0
nt@synapse_cleft 248 0.026801619 -0.0250076793 0.0133422738 0 0 0
nt@synapse_cleft 256 -0.0506834162 -0.0134035028 0.0190141684 0 0 0
nt@synapse_cleft 263 0.0553691405 0.0061469889 0.000801283838 0 0 0
nt@synapse_cleft 268 0.00697457804 -0.0147092249 0.0151922958 0 0 0
nt@synapse_cleft 272 0.0100200913 -0.0584989801 0.00987840348 0 0 0
nt@synapse_cleft 284 -0.0340160157 0.083934654 0.0142070311 0 0 0
nt@synapse_cleft 293 0.0266010264 -0.00782864819 0.00533289611 0 0 0
nt@synapse_cleft 306 0.0195037846 -0.0258225538 0.00595095867 0 0 0
nt@synapse_cleft 307 0.0156949326 -0.000944038797 0.014659148 0 0 0
nt@synapse_cleft 308 0.0188088037 0.0261404373 0.0189033729 0 0 0
nt@synapse_cleft 310 0.0346167724 0.00491758172 0.0016062366 0 0 0
nt@synapse_cleft 318 -0.0303997704 -0.00119993397 0.0090480293 0 0 0
nt@synapse_cleft 319 0.0539267016 0.00520627599 0.0115128621 0 0 0
nt@synapse_cleft 321 0.0365295309 0.008576682 0.0115768938 0 0 0
nt@synapse_cleft 325 -0.0515301992 0.0740247306 0.0130733496 0 0 0
nt@synapse_cleft 347 0.00306712261 0.000879091309 0.00193517557 0 0 0
nt@synapse_cleft 348 0.000170069053 -0.0192400822 0.00488927243 0 0 0
nt@synapse_cleft 350 0.0142873898 -0.00179860917 0.0154496612 0 0 0
nt@synapse_cleft 356 -0.032420754 0.00974371633 0.00761064733 0 0 0
nt@synapse_cleft 361 -0.0242854289 0.00523488078 0.0183127116 0 0 0
nt@synapse_cleft 371 -0.00889786873 0.0349209873 0.0160811476 0 0 0
nt@synapse_cleft 372 0.0078097383 0.0342926211 0.0153557294 0 0 0
nt@synapse_cleft 376 -0.0136654678 0.00211897094 0.00682264396 0 0 0
nt@synapse_cleft 385 0.0212357055 0.00936701261 0.0092230565 0 0 0
nt@synapse_cleft 391 0.0156049749 -0.0296141805 0.0125836801 0 0 0
nt@synapse_cleft 395 -0.00106652489 -0.0158524671 0.0132226939 0 0 0
nt@synapse_cleft 402 0.00284714114 0.0441846119 0.0140374573 0 0 0
nt@synapse_cleft 406 -0.0351207021 -0.0376238636 0.0033136082 0 0 0
nt@synapse_cleft 421 -0.0499409096 0.0293310017 0.0169790784 0 0 0
nt@synapse_cleft 426 0.0457624199 -0.0149414389 0.019270897 0 0 0
nt@synapse_cleft 429 -0.0187187858 0.0301452867 0.0128740164 0 0 0
nt@synapse_cleft 440 0.0334063941 -0.0071924824 0.00739338994 0 0 0
nt@synapse_cleft 444 0.00434194516 0.0445057325 0.00576059554 0 0 0
nt@synapse_cleft 449 0.00126201046 -0.0178469955 0.00474871283 0 0 0
nt@synapse_cleft 452 0.0439387436 0.0460019213 0.0160043698 0 0 0
nt@synapse_cleft 453 0.000405314762 -0.00691915319 0.0103615871 0 0 0
nt@synapse_cleft 455 0.00571445314 -0.0314349518 0.0150987932 0 0 0
nt@synapse_cleft 477 0.0190621965 0.00721666831 0.0154953057 0 0 0
nt@synapse_cleft 479 -0.010718982 0.0186891661 0.0139748203 0 0 0
nt@synapse_cleft 482 0.00747960299 0.00736759728 0.00598057766 0 0 0
nt@synapse_cleft 483 0.00432735768 -0.0189995898 0.00266275773 0 0 0
nt@synapse_cleft 499 0.0140692569 0.0252324153 0.00251088778 0 0 0
nt@synapse_cleft 501 0.0141717919 0.0199261231 0.00613260349 0 0 0
nt@synapse_cleft 503 0.00815994724 -0.0225998662 0.0142822147 0 0 0
nt@synapse_cleft 509 -0.0242790679 0.0528522652 0.00868551947 0 0 0
nt@synapse_cleft 510 0.0134607136 0.0152094848 0.0151988887 0 0 0
nt@synapse_cleft 514 -0.0346894494 0.00234446786 0.0132124919 0 0 0
nt@synapse_cleft 522 -0.0456856939 0.0298732611 0.0138597741 0 0 0
nt@synapse_cleft 524 -0.00942445075 0.0279204938 0.0193927207 0 0 0
nt@synapse_cleft 530 0.023769601 -0.0119951947 0.0126688959 0 0 0
nt@synapse_cleft 536 -0.034295605 -0.0417131013 0.00897255965 0 0 0
nt@synapse_cleft 544 0.0451514318 0.0150134036 0.00455855237 0 0 0
nt@synapse_cleft 546 -0.0495101191 0.0130672758 0.00197881253 0 0 0
nt@synapse_cleft 549 0.042048029 -0.0316232322 0.0189294566 0 0 0
nt@synapse_cleft 551 0.00945628054 -0.00856200488 0.0147953307 0 0 0
nt@synapse_cleft 552 0.0227116783 0.0108170101 0.00769729933 0 0 0
nt@synapse_cleft 557 -0.0270637371 -0.0101828934 0.0133411081 0 0 0
nt@synapse_cleft 558 -0.00527881601 -0.0173757276 0.00938082663 0 0 0
nt@synapse_cleft 563 -0.0200807214 -0.0569982238 0.00975783163 0 0 0
nt@synapse_cleft 568 -0.00849428592 0.00102441429 0.0164655147 0 0 0
nt@synapse_cleft 572 -0.0271682226 0.0120568296 0.0025513724 0 0 0
nt@synapse_cleft 575 0.0026903544 -0.0103761219 0.00704898467 0 0 0
nt@synapse_cleft 581 -0.000871129795 -0.00292078401 0.00589032843 0 0 0
nt@synapse_cleft 583 0.0134091933 0.0192689907 0.0155168522 0 0 0
nt@synapse_cleft 586 0.0127113467 0.00617812862 0.00215885545 0 0 0
nt@synapse_cleft 591 -0.0175063362 0.0137138471 0.0037796849 0 0 0
nt@synapse_cleft 593 0.0047333496 0.0457355381 0.0164746362 0 0 0
nt@synapse_cleft 594 0.0290068202 0.0232898486 0.0132032345 0 0 0
nt@synapse_cleft 595 -0.016724236 -0.0146196403 0.00906003776 0 0 0
nt@synapse_cleft 596 -0.0145759092 0.00306605861 0.018077732 0 0 0
nt@synapse_cleft 598 0.00164318315 0.00587884148 0.0165476135 0 0 0
nt@synapse_cleft 618 -0.00559235539 -0.0282339107 0.000240174984 0 0 0
nt@synapse_cleft 620 -0.0219167547 -0.000854722217 0.0102569102 0 0 0
nt@synapse_cleft 624 0.0155600145 -0.00742378669 0.000821646356 0 0 0
nt@synapse_cleft 627 -0.0175747137 -0.0247792904 0.00834962369 0 0 0
nt@synapse_cleft 629 -0.0025686025 -0.000442989782 0.0126228452 0 0 0
nt@synapse_cleft 633 -0.0254727856 0.0281335504 0.014857046 0 0 0
nt@synapse_cleft 634 0.00580627897 0.00657384919 0.00678028608 0 0 0
nt@synapse_cleft 639 -0.0140579443 -0.0123370214 0.00140167185 0 0 0
nt@synapse_cleft 645 -0.00912280602 -0.00724456015 0.00940249933 0 0 0
nt@synapse_cleft 647 0.0197886029 0.0241002226 0.00303251641 0 0 0
nt@synapse_cleft 661 -0.0227925129 -0.0263981776 0.0192170206 0 0 0
nt@synapse_cleft 664 -0.0139376981 0.00627482118 0.00476164357 0 0 0
nt@synapse_cleft 678 0.0179019999 -0.0288943253 0.00747681099 0 0 0
nt@synapse_cleft 679 -0.0342445884 -0.00371969923 0.0114416335 0 0 0
nt@synapse_cleft 681 0.00784168801 -0.030623723 0.00517324953 0 0 0
nt@synapse_cleft 691 0.0241336136 0.00545476816 0.00552881779 0 0 0
nt@synapse_cleft 693 0.0168508343 0.0155509409 0.0164848132 0 0 0
nt@synapse_cleft 698 0.00466478334 0.017076681 0.0185965218 0 0 0
nt@synapse_cleft 699 -0.0146256561 -0.0720198444 0.0105322212 0 0 0
nt@synapse_cleft 712 -0.0208003942 -0.00295686354 0.0110165229 0 0 0
nt@synapse_cleft 720 0.0230062835 -0.0359148218 0.00585632934 0 0 0
nt@synapse_cleft 721 -0.00201570974 -0.0271685225 0.00631793977 0 0 0
nt@synapse_cleft 726 -0.0156044661 -0.0129707083 0.00946574718 0 0 0
nt@synapse_cleft 727 -0.0226998064 0.0142549502 0.00667093682 0 0 0
nt@synapse_cleft 728 0.0137547697 0.00342859672 0.00521522825 0 0 0
nt@synapse_cleft 732 0.0214447253 0.0505521994 0.00779157703 0 0 0
nt@synapse_cleft 735 -0.0466446037 0.00863521972 0.00884472606 0 0 0
nt@synapse_cleft 737 0.0439623822 0.000842219864 0.018473921 0 0 0
nt@synapse_cleft 741 0.031697013 0.00433468297 0.00015556698 0 0 0
nt@synapse_cleft 750 0.0278295289 0.0181050523 0.0173920901 0 0 0
nt@synapse_cleft 754 -0.00745012338 -0.0141698156 0.00533905131 0 0 0
nt@synapse_cleft 760 -0.0114808912 -0.0408737881 0.00350086597 0 0 0
nt@synapse_cleft 762 0.00505770277 -0.0225307736 0.0162474027 0 0 0
nt@synapse_cleft 765 -0.0424297601 0.0486207174 0.0110641921 0 0 0
nt@synapse_cleft 768 -0.012495827 0.00114354513 0.0175675217 0 0 0
nt@synapse_cleft 769 -0.0035732225 0.0441965561 0.0131535384 0 0 0
nt@synapse_cleft 774 -0.00666580842 0.0242784707 0.00367522192 0 0 0
nt@synapse_cleft 779 -0.0229908166 0.0274800461 0.00173539063 0 0 0
nt@synapse_cleft 797 -0.00725450559 0.0299089971 0.00313973393 0 0 0
nt@synapse_cleft 803 -0.0218749177 -0.0456656196 0.0118539856 0 0 0
nt@synapse_cleft 814 0.0401112475 0.0398271048 0.00414642292 0 0 0
nt@synapse_cleft 816 0.00204095296 -0.00951541794 0.00187324657 0 0 0
nt@synapse_cleft 817 0.0200134809 -0.0113809897 0.014966192 0 0 0
nt@synapse_cleft 828 0.0125945059 -0.0225831284 0.0143224335 0 0 0
nt@synapse_cleft 831 0.00606707191 -0.0131670746 0.00182925295 0 0 0
nt@synapse_cleft 833 -0.0186538734 -0.00990375223 0.0188226731 0 0 0
nt@synapse_cleft 837 -0.022853598 -0.00313127655 0.0176849297 0 0 0
nt@synapse_cleft 844 -0.0153616808 0.0130354805 0.0124050364 0 0 0
nt@synapse_cleft 847 0.0235938925 -0.00837777013 0.0181583713 0 0 0
nt@synapse_cleft 850 -0.00483199735 0.010386235 0.0111386212 0 0 0
nt@synapse_cleft 854 -0.0106002008 0.0312169551 0.000681159922 0 0 0
nt@synapse_cleft 866 -0.00654392639 -0.0216845042 0.0050871667 0 0 0
nt@synapse_cleft 871 0.00409055513 0.0126552195 0.0150739847 0 0 0
nt@synapse_cleft 872 0.019428237 -0.0285167571 0.0187891228 0 0 0
nt@synapse_cleft 877 -0.0419636788 0.0182677296 0.00518662096 0 0 0
nt@synapse_cleft 884 0.0166934482 0.00181744462 0.0167972729 0 0 0
nt@synapse_cleft 904 -0.0456348524 -0.00573692633 0.00648001631 0 0 0
nt@synapse_cleft 908 -0.0495735355 0.00489985017 0.00398833059 0 0 0
nt@synapse_cleft 909 0.0252812138 0.00254389496 0.00706192282 0 0 0
nt@synapse_cleft 913 -0.0246227874 0.00922242391 0.0176729663 0 0 0
nt@synapse_cleft 918 0.0558135331 0.00416820004 0.0186968149 0 0 0
nt@synapse_cleft 920 0.0122263422 -0.00717076115 0.0017700644 0 0 0
nt@synapse_cleft 925 -0.0221062965 0.0298774535 0.0106277075 0 0 0
nt@synapse_cleft 932 0.0211436904 -0.0507492394 0.00938706332 0 0 0
nt@synapse_cleft 938 -0.00822886517 0.00371629291 0.00668346221 0 0 0
nt@synapse_cleft 940 -0.0476242163 -0.0358485884 0.0116678047 0 0 0
nt@synapse_cleft 942 0.00716472064 -0.0316629233 0.00429539435 0 0 0
nt@synapse_cleft 943 0.0244878036 -0.00518842172 0.0182592109 0 0 0
nt@synapse_cleft 944 -0.012564115 -0.0589155017 0.000429141578 0 0 0
nt@synapse_cleft 945 -0.00522747459 0.038516995 0.000751243168 0 0 0
nt@synapse_cleft 947 -0.0197665681 0.0124561157 0.0180699622 0 0 0
nt@synapse_cleft 953 -0.0332777326 0.0207454069 0.0155805511 0 0 0
nt@synapse_cleft 954 0.0132529018 -0.0223003477 0.00708101734 0 0 0
nt@synapse_cleft 957 0.0521444768 -0.00956253582 0.00161966496 0 0 0
nt@synapse_cleft 961 -0.0335971133 -0.00733613094 0.00644751374 0 0 0
nt@synapse_cleft 967 0.0307684236 -0.00911267822 0.00792418843 0 0 0
nt@synapse_cleft 976 -0.00555188849 0.0328129599 0.0124450694 0 0 0
nt@synapse_cleft 978 -0.0384717327 -0.018576635 0.0122168143 0 0 0
nt@synapse_cleft 992 0.0238003853 0.000411680663 0.0147687509 0 0 0
nt@synapse_cleft 994 -0.0415233819 -0.022254305 0.0190383067 0 0 0
nt@synapse_cleft 998 0.00956790204 -0.0110830357 0.00671684016 0 0 0
nt@synapse_cleft 999 0.0543595469 -0.0331457143 0.00369508535 0 0 0
nt@synapse_cleft 1002 0.00683334805 0.0429901862 0.00152754065 0 0 0
nt@synapse_cleft 1004 -0.0208851389 0.000168791979 0.00718119798 0 0 0
nt@synapse_cleft 1013 -0.0328816541 0.0444668311 0.0149741825 0 0 0
nt@synapse_cleft 1016 -0.0386040102 0.015737792 0.0160377327 0 0 0
nt@synapse_cleft 1018 -0.00569502446 -0.010756171 0.00296772398 0 0 0
nt@synapse_cleft 1024 -0.0313155957 -0.0307885937 0.0113099121 0 0 0
nt@synapse_cleft 1025 -0.00398920064 -0.0252877347 0.0105006418 0 0 0
nt@synapse_cleft 1027 0.0273032362 0.0487764287 0.0177317004 0 0 0
nt@synapse_cleft 1035 -0.0331867576 -0.0154538147 0.0193564498 0 0 0
nt@synapse_cleft 1047 0.0251828996 -0.0478276415 0.00237732006 0 0 0
nt@synapse_cleft 1048 -0.0116051697 -0.0577498671 0.00670573505 0 0 0
nt@synapse_cleft 1050 0.0119455916 -0.0460684152 0.0073937729 0 0 0
nt@synapse_cleft 1062 0.0428743282 -0.0102417428 0.0125899974 0 0 0
nt@synapse_cleft 1077 -0.0301031344 -0.00256526231 0.0120677935 0 0 0
nt@synapse_cleft 1080 -0.036429636 0.0236470038 0.0189098841 0 0 0
nt@synapse_cleft 1092 -0.0165604579 -0.0142334721 0.0105206408 0 0 0
nt@synapse_cleft 1107 -0.0161789994 -0.00203686482 0.0191712393 0 0 0
nt@synapse_cleft 1108 0.0148926594 0.0146131323 0.00278981611 0 0 0
nt@synapse_cleft 1110 0.0280362426 0.0200452735 0.017638839 0 0 0
nt@synapse_cleft 1113 -0.0166664666 0.00629886285 0.000626120752 0 0 0
nt@synapse_cleft 1114 0.0168559836 -0.034217107 0.0107833101 0 0 0
nt@synapse_cleft 1121 0.00409740253 0.0518919389 0.00242449891 0 0 0
nt@synapse_cleft 1130 0.0326267631 -0.0176623877 0.0029608829 0 0 0
nt@synapse_cleft 1136 -0.00153889609 -0.0513867421 0.0110717083 0 0 0
nt@synapse_cleft 1138 0.011349734 0.0058721721 0.0163922761 0 0 0
nt@synapse_cleft 1140 -0.00437071913 -0.0493555541 0.0106983447 0 0 0
nt@synapse_cleft 1144 -0.00807727882 -0.00730504136 0.00424910451 0 0 0
nt@synapse_cleft 1145 0.0538323323 -0.00427101982 0.00982005597 0 0 0
nt@synapse_cleft 1149 -0.0289378195 -0.00273183049 0.00900940058 0 0 0
nt@synapse_cleft 1152 0.0349107593 0.0114588362 0.0177575413 0 0 0
nt@synapse_cleft 1157 0.025779637 -0.0650308698 0.0167192613 0 0 0
nt@synapse_cleft 1165 0.0322873006 0.0401761391 0.0027938565 0 0 0
nt@synapse_cleft 1166 -0.00967567135 0.00598874118 0.0037651392 0 0 0
nt@synapse_cleft 1167 0.0389229581 0.0227345462 0.0147428549 0 0 0
nt@synapse_cleft 1172 -0.00291449629 0.00526920433 0.0140949009 0 0 0
nt@synapse_cleft 1177 -0.0114430489 0.0749146254 0.000628679803 0 0 0
nt@synapse_cleft 1179 0.00135956424 -0.0211826383 0.0181811111 0 0 0
nt@synapse_cleft 1186 -0.0642924185 0.00797601684 0.00531994113 0 0 0
nt@synapse_cleft 1188 0.0203710907 -0.0442447915 0.00166163899 0 0 0
nt@synapse_cleft 1193 -0.0354010018 -0.0159959993 0.000864603204 0 0 0
nt@synapse_cleft 1200 -0.0096840801 0.00830628609 0.0150555779 0 0 0
nt@synapse_cleft 1203 0.000610352179 0.0197146214 0.00025843488 0 0 0
nt@synapse_cleft 1204 -0.00555332504 0.0183850036 0.0134045834 0 0 0
nt@synapse_cleft 1205 -0.0265587966 -0.0275892692 0.0121306008 0 0 0
nt@synapse_cleft 1206 -0.0206114717 0.0131808857 0.00565346252 0 0 0
nt@synapse_cleft 1237 -0.0257070675 -0.0404002617 0.00488401553 0 0 0
nt@synapse_cleft 1238 -0.0600059746 -0.0407038634 0.0199786372 0 0 0
nt@synapse_cleft 1243 -0.0208236817 0.000343398525 0.0159231489 0 0 0
nt@synapse_cleft 1248 0.00586224668 0.0425569028 0.0120405013 0 0 0
nt@synapse_cleft 1251 -0.041607132 0.0205240548 0.017320389 0 0 0
nt@synapse_cleft 1252 -0.031056187 -0.00705306544 0.00634458807 0 0 0
nt@synapse_cleft 1254 -0.0203370463 0.0485534542 0.00118055908 0 0 0
nt@synapse_cleft 1270 0.0535595022 0.0199888443 0.0157252337 0 0 0
nt@synapse_cleft 1275 -0.004200896 0.0187515923 0.00946584597 0 0 0
nt@synapse_cleft 1289 0.0577804777 -0.000416047569 0.00873902896 0 0 0
nt@synapse_cleft 1298 -0.0141180304 -0.0103283896 0.00768181331 0 0 0
nt@synapse_cleft 1302 -0.0214629163 0.0335231995 0.00531910586 0 0 0
nt@synapse_cleft 1311 0.010588641 -0.0193197427 0.0027905572 0 0 0
nt@synapse_cleft 1316 -0.0308604166 -0.0220418646 0.00663388079 0 0 0
nt@synapse_cleft 1326 0.0205184965 0.010227091 0.00228641538 0 0 0
nt@synapse_cleft 1328 0.0181630687 0.00138947844 0.00806811412 0 0 0
nt@synapse_cleft 1333 -0.016615481 0.0314232762 0.00693552226 0 0 0
nt@synapse_cleft 1338 -0.00629977495 0.0143291653 0.00106668702 0 0 0
nt@synapse_cleft 1343 0.0209167562 0.00638255316 0.0119720661 0 0 0
nt@synapse_cleft 1347 -0.0497277627 -0.0144123153 0.0197924131 0 0 0
nt@synapse_cleft 1349 0.00333265357 -0.00175813946 0.0181059291 0 0 0
nt@synapse_cleft 1351 0.0405655535 -0.0246089687 0.0065481416 0 0 0
nt@synapse_cleft 1359 -0.0170120261 -0.00962211534 0.00762964047 0 0 0
nt@synapse_cleft 1361 -0.00209402437 -0.0417071029 0.0101275922 0 0 0
nt@synapse_cleft 1368 0.0212480426 0.00158327364 0.0105255521 0 0 0
nt@synapse_cleft 1372 -0.00824665582 0.0388181223 0.00615704212 0 0 0
nt@synapse_cleft 1380 -0.0140033937 0.0157624991 0.0133802401 0 0 0
nt@synapse_cleft 1384 -0.0467713391 -0.00820338157 0.0181403037 0 0 0
nt@synapse_cleft 1390 0.0427471263 -0.0159230463 0.0108000645 0 0 0
nt@synapse_cleft 1393 -0.0241994335 0.043617671 0.0100205054 0 0 0
nt@synapse_cleft 1394 0.00954140768 0.0185178926 0.00955209817 0 0 0
nt@synapse_cleft 1400 -0.0277989137 0.0238019908 0.0141353077 0 0 0
nt@synapse_cleft 1403 0.0127944343 0.0171323927 0.0136140178 0 0 0
nt@synapse_cleft 1406 0.0596609274 -0.0277198463 0.00452987855 0 0 0
nt@synapse_cleft 1408 -0.0118542031 -0.0054119481 0.0124912816 0 0 0
nt@synapse_cleft 1416 -0.00829864091 0.0297728646 0.0100498209 0 0 0
nt@synapse_cleft 1419 0.00404927559 -0.0192451941 0.00356355283 0 0 0
nt@synapse_cleft 1425 -0.0030226762 -0.0400944771 0.0001812327 0 0 0
nt@synapse_cleft 1427 -0.0163492759 -0.0145329769 0.0199753782 0 0 0
nt@synapse_cleft 1438 -0.0183553619 -0.0205074143 0.00279802017 0 0 0
nt@synapse_cleft 1440 -0.0107479795 0.0281317689 0.0184606033 0 0 0
nt@synapse_cleft 1441 -0.0466106988 0.035474921 0.00774977809 0 0 0
nt@synapse_cleft 1442 -0.00649105052 0.031892507 0.0190504388 0 0 0
nt@synapse_cleft 1444 -0.0321179032 -0.00549705762 0.00197014818 0 0 0
nt@synapse_cleft 1446 -0.0185973341 -0.043913283 0.00191694506 0 0 0
nt@synapse_cleft 1449 -0.0283199888 0.00909115022 0.0103918852 0 0 0
nt@synapse_cleft 1452 -0.0310707496 -0.0195267161 0.00735282564 0 0 0
nt@synapse_cleft 1454 -0.0158995956 0.015058173 3.23953277e-05 0 0 0
nt@synapse_cleft 1455 -0.0247366456 0.00457328043 0.0148486583 0 0 0
nt@synapse_cleft 1470 -0.0626912385 -0.0326658805 0.0131332643 0 0 0
nt@synapse_cleft 1472 -0.0617872128 -0.0124504078 0.0105872354 0 0 0
nt@synapse_cleft 1473 -0.0110659127 -0.0122342384 0.0159266401 0 0 0
nt@synapse_cleft 1479 -0.00734282978 0.0410761672 0.0186792744 0 0 0
nt@synapse_cleft 1481 0.026991043 0.0157938788 0.0127065416 0 0 0
nt@synapse_cleft 1484 -0.0094547874 0.0198652797 0.0108893935 0 0 0
nt@synapse_cleft 1485 -0.0103817396 -0.00389523394 0.0175731893 0 0 0
nt@synapse_cleft 1487 -0.00170782899 -0.0365942414 0.00208188551 0 0 0
nt@synapse_cleft 1488 0.0341188248 -0.00226360011 0.0123580156 0 0 0
nt@synapse_cleft 1494 0.00306029741 -0.00239040984 0.0117329183 0 0 0
nt@synapse_cleft 1496 0.00747377059 0.0387435246 0.0187137247 0 0 0
nt@synapse_cleft 1506 0.0330596844 0.00606935359 0.015423396 0 0 0
nt@synapse_cleft 1507 0.00738835755 0.000831479021 0.0146253223 0 0 0
nt@synapse_cleft 1508 0.0339370012 0.00288962173 0.0177933197 0 0 0
nt@synapse_cleft 1512 0.0102781247 -0.0170202143 0.0165574193 0 0 0
nt@synapse_cleft 1519 -0.01327217 -0.00139917814 0.0133462578 0 0 0
nt@synapse_cleft 1527 -0.00446514376 0.0553815503 0.0133774855 0 0 0
nt@synapse_cleft 1528 -0.0363392166 0.00281150256 0.00920434704 0 0 0
nt@synapse_cleft 1531 -0.00663013417 0.0140073127 0.0169327844 0 0 0
nt@synapse_cleft 1538 0.0217252141 0.00955843001 0.0182322241 0 0 0
nt@synapse_cleft 1542 -0.0257632681 0.0251876892 0.00583664082 0 0 0
nt@synapse_cleft 1545 -0.00179030144 0.0111029053 0.0190355753 0 0 0
nt@synapse_cleft 1548 -0.0320601429 -0.0220331412 0.0164038284 0 0 0
nt@synapse_cleft 1553 0.0626632752 0.000329259311 0.00724155878 0 0 0
nt@synapse_cleft 1554 0.0180279978 0.0241966512 0.00132579853 0 0 0
nt@synapse_cleft 1561 -0.00507391967 -0.0510416769 0.00932062012 0 0 0
nt@synapse_cleft 1565 -0.00793891835 -0.00480847866 0.019125409 0 0 0
nt@synapse_cleft 1571 -0.0206693213 -0.0114582499 0.0155060168 0 0 0
nt@synapse_cleft 1573 0.0233626846 0.0296618327 0.0120449702 0 0 0
nt@synapse_cleft 1588 0.00737618773 -0.0273209298 0.0158845261 0 0 0
nt@synapse_cleft 1592 0.0163482804 -0.0213064587 0.00376069282 0 0 0
nt@synapse_cleft 1597 0.0086276877 0.0309975959 0.00590066015 0 0 0
nt@synapse_cleft 1600 0.0221936099 -0.0342118474 0.00711053989 0 0 0
nt@synapse_cleft 1605 0.0154305899 -0.00819375266 0.0171140151 0 0 0
nt@synapse_cleft 1606 -0.042284889 0.0119123037 0.0174233592 0 0 0
nt@synapse_cleft 1611 -0.00624868141 -0.0261535326 0.0111590054 0 0 0
nt@synapse_cleft 1617 0.000845393779 -0.0325849414 0.0184538331 0 0 0
nt@synapse_cleft 1619 0.0185692498 0.00450098259 0.00759706704 0 0 0
nt@synapse_cleft 1628 0.0158891091 0.0314090472 0.0151706575 0 0 0
nt@synapse_cleft 1635 0.0124448333 -0.0102974645 0.0122872449 0 0 0
nt@synapse_cleft 1641 0.036959413 0.0182570797 0.0157415369 0 0 0
nt@synapse_cleft 1642 0.02357047 -0.0264620525 0.0038042612 0 0 0
nt@synapse_cleft 1655 -0.00369295143 0.020569444 0.00822692372 0 0 0
nt@synapse_cleft 1658 0.0259580016 0.0552591199 0.00951025114 0 0 0
nt@synapse_cleft 1660 0.0239966189 0.0200012814 0.0129470396 0 0 0
nt@synapse_cleft 1675 -0.0264741395 -0.00747389669 0.00917050695 0 0 0
nt@synapse_cleft 1678 0.00945697004 -0.0110530381 0.0118106426 0 0 0
nt@synapse_cleft 1681 -0.015865318 -0.00226338419 0.0190112317 0 0 0
nt@synapse_cleft 1686 -0.0131774862 0.00798383682 0.0196488296 0 0 0
nt@synapse_cleft 1687 -0.0320759862 -0.0266528965 0.00389070618 0 0 0
nt@synapse_cleft 1689 0.00650986987 0.0176804325 0.00876334575 0 0 0
nt@synapse_cleft 1692 -0.0118662444 0.0225903682 0.0133439266 0 0 0
nt@synapse_cleft 1695 0.0180840563 -0.0206647211 0.00195775508 0 0 0
nt@synapse_cleft 1701 0.009418274 0.00505922172 0.0197225266 0 0 0
nt@synapse_cleft 1707 -0.0228625411 0.00401788855 0.0165010213 0 0 0
nt@synapse_cleft 1708 -0.0330940129 0.0215431045 0.0072704998 0 0 0
nt@synapse_cleft 1715 0.00849467594 -0.000227193338 0.0132371077 0 0 0
nt@synapse_cleft 1721 0.017494427 -0.0397624295 0.0157906967 0 0 0
nt@synapse_cleft 1729 -0.00435601284 -0.0199291476 0.00155019652 0 0 0
nt@synapse_cleft 1736 0.0232513546 0.00369721339 0.0169213225 0 0 0
nt@synapse_cleft 1741 0.00834616853 -0.0199376775 0.0115457785 0 0 0
nt@synapse_cleft 1742 0.0115155208 -0.0454072312 0.00324668791 0 0 0
nt@synapse_cleft 1743 0.0340264052 0.0385665483 0.0166628252 0 0 0
nt@synapse_cleft 1745 -0.0382095631 0.0229788873 0.00565503604 0 0 0
nt@synapse_cleft 1746 0.0191025734 -0.0300144811 0.0092865311 0 0 0
nt@synapse_cleft 1748 0.0618073663 0.017119785 0.00876521002 0 0 0
nt@synapse_cleft 1751 0.0453794645 0.020669958 0.0147490226 0 0 0
nt@synapse_cleft 1759 -0.000328321875 -0.0112619359 0.00649297289 0 0 0
nt@synapse_cleft 1761 -0.0198537747 0.0165136427 0.00811508042 0 0 0
nt@synapse_cleft 1762 -0.020528519 -0.0237985909 0.0122713076 0 0 0
nt@synapse_cleft 1768 0.00623399806 -0.045274999 0.0156678206 0 0 0
nt@synapse_cleft 1775 -0.0140490153 -0.0118578799 0.004846795 0 0 0
nt@synapse_cleft 1778 0.0478899732 -0.0515006511 0.018024495 0 0 0
nt@synapse_cleft 1781 -0.0282703881 0.0323923303 0.00516197618 0 0 0
nt@synapse_cleft 1793 0.00483531622 0.0417201852 0.00773872431 0 0 0
nt@synapse_cleft 1795 0.0375036984 -0.0106337133 0.0112409405 0 0 0
nt@synapse_cleft 1804 0.00599327873 0.0113963455 0.0121194777 0 0 0
nt@synapse_cleft 1806 -0.0265950549 0.0258055835 0.00877208528 0 0 0
nt@synapse_cleft 1810 -0.0732621895 -0.0417846592 0.0197246432 0 0 0
nt@synapse_cleft 1811 0.00379948373 0.0114450456 0.015913708 0 0 0
nt@synapse_cleft 1812 -0.00280708824 0.0469973692 0.00943418518 0 0 0
nt@synapse_cleft 1815 -0.013099077 0.00444753077 0.0147212583 0 0 0
nt@synapse_cleft 1824 0.0118385658 0.00785617579 0.000570605436 0 0 0
nt@synapse_cleft 1829 0.0392656622 -0.0159640204 0.00254987826 0 0 0
nt@synapse_cleft 1830 -0.0339466682 -0.0157991258 0.00739762687 0 0 0
nt@synapse_cleft 1837 -0.036196205 -0.014801962 0.00465869161 0 0 0
nt@synapse_cleft 1838 -0.00749882231 -0.0359185618 0.00678951054 0 0 0
nt@synapse_cleft 1843 0.0304537604 0.00799418244 0.0104534142 0 0 0
nt@synapse_cleft 1846 -0.0199887132 0.00241375135 0.00329669494 0 0 0
nt@synapse_cleft 1849 0.0455121286 0.0123980559 0.0113751451 0 0 0
nt@synapse_cleft 1853 0.060694719 -0.0217672562 0.00507001996 0 0 0
nt@synapse_cleft 1854 0.0149001608 -0.00430318392 0.00518593153 0 0 0
nt@synapse_cleft 1856 0.0186354807 -0.0364202758 0.0126938487 0 0 0
nt@synapse_cleft 1868 -0.0308772753 0.000204362313 0.00317027899 0 0 0
nt@synapse_cleft 1872 0.00400164886 -0.00884456066 0.0115488347 0 0 0
nt@synapse_cleft 1877 0.00210335612 0.0198578042 0.0167937658 0 0 0
nt@synapse_cleft 1880 -0.0286223446 -0.0139126619 0.0068974995 0 0 0
nt@synapse_cleft 1883 0.0265423036 0.021272667 0.00944584187 0 0 0
nt@synapse_cleft 1885 -0.000864161383 -0.00484542971 0.0193531469 0 0 0
nt@synapse_cleft 1887 -0.000591699819 0.0284569096 0.00784441546 0 0 0
nt@synapse_cleft 1892 -0.00746612854 -0.00699445124 0.0142336144 0 0 0
nt@synapse_cleft 1896 0.0197489334 -0.00115226426 0.00581657564 0 0 0
nt@synapse_cleft 1900 -0.0117750703 -0.025343138 0.00406600975 0 0 0
nt@synapse_cleft 1904 -0.0324220969 0.0326446191 0.00123460307 0 0 0
nt@synapse_cleft 1914 0.00453437565 0.0124127157 0.00533625781 0 0 0
nt@synapse_cleft 1918 -0.0182526469 0.0658208678 0.0156330837 0 0 0
nt@synapse_cleft 1923 -0.0166814653 0.0280049721 0.014787108 0 0 0
nt@synapse_cleft 1925 0.0173841733 0.0209878363 0.0100518123 0 0 0
nt@synapse_cleft 1926 0.00910164795 -0.0188410316 0.0189622735 0 0 0
nt@synapse_cleft 1932 0.0179301412 -0.0162976056 0.0171291364 0 0 0
nt@synapse_cleft 1942 0.038972342 -0.0338437615 0.00610995917 0 0 0
nt@synapse_cleft 1944 -0.00359810382 0.0279950893 0.000176058878 0 0 0
nt@synapse_cleft 1946 -0.0191443425 -0.0141934897 0.0120119505 0 0 0
nt@synapse_cleft 1953 -0.0243762793 -0.00164853713 0.00843332046 0 0 0
nt@synapse_cleft 1961 0.0376180071 0.011562179 0.00143026983 0 0 0
nt@synapse_cleft 1964 -0.00387227259 0.00870745837 0.0130823319 0 0 0
nt@synapse_cleft 1967 0.00763506797 -0.0410009267 0.00817793352 0 0 0
nt@synapse_cleft 1970 -0.027561724 -0.0423143202 0.0149102047 0 0 0
nt@synapse_cleft 1973 0.0320288544 0.0182181785 0.0152310861 0 0 0
nt@synapse_cleft 1976 -0.0336359971 -0.0197127751 0.00102072696 0 0 0
nt@synapse_cleft 1980 -0.022227459 -0.0197532459 0.00183703764 0 0 0
nt@synapse_cleft 1984 -0.0568593467 -0.0353704032 0.00270004749 0 0 0
nt@synapse_cleft 1989 -0.011348041 0.0181222236 0.0148893288 0 0 0
nt@synapse_cleft 1990 0.015679598 0.0143687942 0.0119148897 0 0 0
nt@synapse_cleft 1993 0.00728595794 -0.020145635 0.0139997751 0 0 0
nt@synapse_cleft 1997 0.000723164669 0.0141789383 0.0184944729 0 0 0
nt@synapse_cleft 2004 -0.0152105947 0.00784962598 0.0119070434 0 0 0
nt@synapse_cleft 2013 -0.0058249165 -0.00617278572 0.00348289177 0 0 0
nt@synapse_cleft 2014 0.0168350206 0.00447804359 0.0118565155 0 0 0
nt@synapse_cleft 2019 0.0143409745 -0.0192320928 0.0135612976 0 0 0
nt@synapse_cleft 2027 -0.00587041898 -0.0279897658 0.00561827912 0 0 0
nt@synapse_cleft 2032 -0.0214610748 0.00908471901 0.00469366781 0 0 0
nt@synapse_cleft 2035 0.0589327539 0.0222835876 0.00299698461 0 0 0
nt@synapse_cleft 2036 0.0594324475 -0.0426428953 0.00534312061 0 0 0
nt@synapse_cleft 2039 0.0358318293 0.0174717393 0.0169127451 0 0 0
nt@synapse_cleft 2044 0.0190734656 -0.0222822118 0.0128077834 0 0 0
nt@synapse_cleft 2052 0.00469018039 -0.0171959799 0.0153018206 0 0 0
nt@synapse_cleft 2061 0.0212820963 0.0200062764 0.00482906593 0 0 0
nt@synapse_cleft 2064 0.0228821978 0.0160967815 0.00489113549 0 0 0
nt@synapse_cleft 2091 -0.00713554219 0.0311836746 0.0116703781 0 0 0
nt@synapse_cleft 2092 0.013697809 0.033870591 0.00591008203 0 0 0
nt@synapse_cleft 2094 -0.0133941872 -0.00601993421 0.0199464895 0 0 0
nt@synapse_cleft 2096 -0.0118542794 -0.0138378534 0.00288752343 0 0 0
nt@synapse_cleft 2104 0.0355920275 -0.0237761866 0.00715713324 0 0 0
nt@synapse_cleft 2112 -0.00919011089 -0.0232637174 0.000908311159 0 0 0
nt@synapse_cleft 2124 0.00374626259 0.0601785332 0.01248507 0 0 0
nt@synapse_cleft 2127 0.0256125594 0.00519922377 0.00158680996 0 0 0
nt@synapse_cleft 2133 0.0140156341 -0.00524179618 0.00865662331 0 0 0
nt@synapse_cleft 2137 -0.0572676078 0.0569148326 0.00612804643 0 0 0
nt@synapse_cleft 2148 0.0319553721 -0.0647028294 0.00540363086 0 0 0
nt@synapse_cleft 2156 0.0421157748 -0.0333639753 0.016255588 0 0 0
nt@synapse_cleft 2162 -0.00835141114 0.0146307853 0.0151144972 0 0 0
nt@synapse_cleft 2163 0.01364433 -0.0102350996 0.0132389875 0 0 0
nt@synapse_cleft 2177 -0.0107547222 -0.0256667155 0.00481295887 0 0 0
nt@synapse_cleft 2185 -0.0135868114 -0.00834568247 0.0139432174 0 0 0
nt@synapse_cleft 2187 -0.0165536079 0.0096664144 0.00289450175 0 0 0
nt@synapse_cleft 2188 0.00908365076 0.0293440047 0.00824476212 0 0 0
nt@synapse_cleft 2199 -0.00547854937 -0.0267005119 0.00202701581 0 0 0
nt@synapse_cleft 2204 -0.0301524305 0.0111265961 0.00580155682 0 0 0
nt@synapse_cleft 2207 0.0368330015 0.00498659542 0.0124282994 0 0 0
nt@synapse_cleft 2218 0.0185095553 0.00532535446 0.00600292596 0 0 0
nt@synapse_cleft 2223 -0.0165324647 0.000865775025 0.0119487021 0 0 0
nt@synapse_cleft 2228 -0.00352255147 0.0120322383 0.0088064364 0 0 0
nt@synapse_cleft 2236 0.000507747175 0.00953078281 0.00248594899 0 0 0
nt@synapse_cleft 2251 -0.0126946419 0.0104128179 0.00333398454 0 0 0
nt@synapse_cleft 2254 -0.00983121021 -0.0150227095 0.0167465769 0 0 0
nt@synapse_cleft 2257 0.0122314836 0.00393706002 0.00759800639 0 0 0
nt@synapse_cleft 2262 -0.00293663969 0.0137983678 0.0164583694 0 0 0
nt@synapse_cleft 2271 -0.0567817241 0.00877196214 0.0118721555 0 0 0
nt@synapse_cleft 2274 -0.00702747157 0.0423142605 0.00695441731 0 0 0
nt@synapse_cleft 2278 0.0206294961 0.0319046298 0.00327093762 0 0 0
nt@synapse_cleft 2279 -0.0229874488 0.0149030282 0.00726742291 0 0 0
nt@synapse_cleft 2283 0.0389430488 -0.0323655545 0.0130824848 0 0 0
nt@synapse_cleft 2284 0.0266962068 0.00437992054 0.0113479123 0 0 0
nt@synapse_cleft 2285 -0.00698056908 -0.00744480586 0.0111042998 0 0 0
nt@synapse_cleft 2289 0.0101134273 -0.00663755194 0.00690105735 0 0 0
nt@synapse_cleft 2298 -0.0380624484 -0.0150093247 0.0143505538 0 0 0
nt@synapse_cleft 2306 -0.00753798115 -0.0542759631 0.00664180617 0 0 0
nt@synapse_cleft 2308 -0.0397780166 0.014679354 0.00988533631 0 0 0
nt@synapse_cleft 2309 -0.00607352535 0.00733047826 0.0108090247 0 0 0
nt@synapse_cleft 2314 -0.00563588411 -0.0346771877 0.00382303161 0 0 0
nt@synapse_cleft 2317 0.0331569247 0.00112355093 0.0110619578 0 0 0
nt@synapse_cleft 2320 0.0228493063 -0.0283863507 0.00175231417 0 0 0
nt@synapse_cleft 2321 0.0477937743 0.00822996656 0.00310093312 0 0 0
nt@synapse_cleft 2327 -0.031948366 -0.0412755083 0.0134696419 0 0 0
nt@synapse_cleft 2330 -0.0383164418 0.00767636177 0.0168103185 0 0 0
nt@synapse_cleft 2332 -0.0186010456 -0.00316676115 0.018365789 0 0 0
nt@synapse_cleft 2349 0.0491363304 0.00803927657 0.00924176843 0 0 0
nt@synapse_cleft 2367 -0.0228926613 -0.0417598704 0.00559814804 0 0 0
nt@synapse_cleft 2369 -0.015727505 -0.000570976868 0.00341523443 0 0 0
nt@synapse_cleft 2383 0.0120840998 -0.0371992829 0.0149212449 0 0 0
nt@synapse_cleft 2386 -0.0146879103 -0.0122320898 0.00250897366 0 0 0
nt@synapse_cleft 2389 0.00746859978 -0.024936545 0.0109586263 0 0 0
nt@synapse_cleft 2397 0.00133379804 -0.0534601874 0.00724201771 0 0 0
nt@synapse_cleft 2400 -0.0204576299 -0.0284722637 0.0162867083 0 0 0
nt@synapse_cleft 2410 0.0276715972 0.0122340563 0.00688549367 0 0 0
nt@synapse_cleft 2411 0.0196776803 -0.0432514069 0.00827564709 0 0 0
nt@synapse_cleft 2412 -0.00212782459 0.0249114784 0.0148596653 0 0 0
nt@synapse_cleft 2417 -0.00839718788 0.0075767811 0.0194116143 0 0 0
nt@synapse_cleft 2421 -0.00295036989 0.0167859811 0.000672695401 0 0 0
nt@synapse_cleft 2423 0.0130735038 -0.0410361328 0.0093425871 0 0 0
nt@synapse_cleft 2437 0.0444938272 0.00587248588 0.00320579353 0 0 0
nt@synapse_cleft 2438 -8.91211971e-05 -0.0293397477 0.00406582847 0 0 0
nt@synapse_cleft 2448 0.0120397751 0.00649669128 0.00899450625 0 0 0
nt@synapse_cleft 2456 -0.0228052187 -0.0117412993 0.00707051932 0 0 0
nt@synapse_cleft 2459 0.0108350231 0.0440310004 0.000155047205 0 0 0
nt@synapse_cleft 2462 -0.00560039039 0.0445769132 0.0102100976 0 0 0
nt@synapse_cleft 2468 -0.0479253364 -0.0213997166 0.0107857388 0 0 0
nt@synapse_cleft 2472 0.0621035968 -0.0504472936 0.0146982598 0 0 0
nt@synapse_cleft 2480 -0.0118039159 -0.0269060987 0.00527989865 0 0 0
nt@synapse_cleft 2481 -0.0150339104 -0.015097799 0.007592481 0 0 0
nt@synapse_cleft 2483 0.0274743995 0.0362941563 0.0114089342 0 0 0
nt@synapse_cleft 2491 0.0116892101 0.0141434227 0.00589272935 0 0 0
nt@synapse_cleft 2493 0.0242972861 -0.0421454339 0.0136868063 0 0 0
nt@synapse_cleft 2498 0.0155952715 -0.0151675407 0.0111360717 0 0 0
nt@synapse_cleft 2502 0.0173422751 -0.0331056922 0.0184707657 0 0 0
nt@synapse_cleft 2509 -0.0034469658 -0.0265153478 0.01094881 0 0 0
nt@synapse_cleft 2513 -0.00804634844 0.0174949062 0.00895054984 0 0 0
nt@synapse_cleft 2517 -0.00603957676 -0.00342764546 0.0181273717 0 0 0
nt@synapse_cleft 2520 0.0208067902 0.0162307449 0.000976568969 0 0 0
nt@synapse_cleft 2528 0.0055471244 -0.00240613088 0.0183182761 0 0 0
nt@synapse_cleft 2539 -0.0075840437 0.026303621 0.0121008212 0 0 0
nt@synapse_cleft 2542 0.0200117099 -0.0309302182 0.0180486124 0 0 0
nt@synapse_cleft 2549 -0.00317911724 0.0620533802 0.0104958027 0 0 0
nt@synapse_cleft 2550 0.0375575904 0.00366195218 0.0179636359 0 0 0
nt@synapse_cleft 2555 0.0575943679 -0.0302002531 0.0028934268 0 0 0
nt@synapse_cleft 2560 -0.0316079107 0.00262906796 0.00634684059 0 0 0
nt@synapse_cleft 2561 0.021383203 0.0510167056 0.00389824627 0 0 0
nt@synapse_cleft 2563 -0.000216103667 0.00760679092 0.0199803743 0 0 0
nt@synapse_cleft 2564 -0.0147381644 0.0463413427 0.00680354417 0 0 0
nt@synapse_cleft 2566 -0.00946546564 0.00385608648 0.0182277388 0 0 0
nt@synapse_cleft 2570 0.0042725842 0.00188097738 0.000148802063 0 0 0
nt@synapse_cleft 2571 0.0274170991 -0.0533062366 0.00226515802 0 0 0
nt@synapse_cleft 2577 -0.00731228301 0.0302286639 0.0102760907 0 0 0
nt@synapse_cleft 2597 -0.0231198648 -0.00132820454 0.0133361475 0 0 0
nt@synapse_cleft 2603 0.0347589035 -0.02442091 0.0164028844 0 0 0
nt@synapse_cleft 2604 0.0398246865 -0.0167337752 0.016332181 0 0 0
nt@synapse_cleft 2610 0.0188567074 -0.0386042455 0.00233317889 0 0 0
nt@synapse_cleft 2615 -0.00505144457 -0.0606883617 0.00938541003 0 0 0
nt@synapse_cleft 2617 -0.0103832892 0.0189616249 0.0136347272 0 0 0
nt@synapse_cleft 2623 -0.0235464939 -0.0390928599 0.00219170088 0 0 0
nt@synapse_cleft 2625 -0.0614231162 -0.020037533 0.0067772351 0 0 0
nt@synapse_cleft 2628 0.028206205 -0.0249299922 0.0183150467 0 0 0
nt@synapse_cleft 2639 0.00899470572 -0.0120866405 0.00314346211 0 0 0
nt@synapse_cleft 2641 -0.0245027851 -0.000581102932 0.00066826546 0 0 0
nt@synapse_cleft 2645 0.0257625639 0.0218551499 0.00262635647 0 0 0
nt@synapse_cleft 2652 -0.0136661434 0.0147963354 0.00298085624 0 0 0
nt@synapse_cleft 2660 -0.0109087082 -0.0239253683 0.0125820961 0 0 0
nt@synapse_cleft 2670 -0.0209193873 0.00180947098 0.0126789528 0 0 0
nt@synapse_cleft 2675 -0.0182938662 0.00846786534 0.0174213232 0 0 0
nt@synapse_cleft 2680 -0.0587153182 -0.0445722351 0.000208464409 0 0 0
nt@synapse_cleft 2681 -0.0359340084 -0.0335027036 0.0164484493 0 0 0
nt@synapse_cleft 2688 -0.0503635963 0.062077842 0.00559441023 0 0 0
nt@synapse_cleft 2702 -0.00670088497 -0.0146963681 0.00103167176 0 0 0
nt@synapse_cleft 2708 -0.0429239718 0.00654647479 0.00043114832 0 0 0
nt@synapse_cleft 2709 0.00751984639 0.00550287429 0.0125760746 0 0 0
nt@synapse_cleft 2710 -0.00737768764 -0.0302722182 0.0140341612 0 0 0
nt@synapse_cleft 2713 0.00177375177 -0.0339443435 0.00297013234 0 0 0
nt@synapse_cleft 2720 0.0112273375 0.0158145658 0.011714419 0 0 0
nt@synapse_cleft 2724 0.00107864622 -0.0125306834 0.0062978805 0 0 0
nt@synapse_cleft 2729 0.0149875558 -0.0296620487 0.0184176191 0 0 0
nt@synapse_cleft 2734 0.0345546972 9.42758578e-05 0.0175764271 0 0 0
nt@synapse_cleft 2739 0.0351133142 -0.0109382113 0.00170592914 0 0 0
nt@synapse_cleft 2743 -0.000644498039 -0.0364462799 0.0159243086 0 0 0
nt@synapse_cleft 2750 0.0311438194 -0.0430262424 0.00672648111 0 0 0
nt@synapse_cleft 2752 -0.0226930835 -0.0207724379 0.0185406642 0 0 0
nt@synapse_cleft 2756 0.0403334798 -0.0281199769 0.00333669927 0 0 0
nt@synapse_cleft 2766 -0.0455044502 0.041359941 0.0185009166 0 0 0
nt@synapse_cleft 2775 0.0426569168 -0.022568518 0.00985114449 0 0 0
nt@synapse_cleft 2785 -0.0037768614 0.0268282019 0.0103987486 0 0 0
nt@synapse_cleft 2798 -0.0174993659 0.0174249221 0.0099299838 0 0 0
nt@synapse_cleft 2807 -0.0244631814 0.0228288255 0.0124102284 0 0 0
nt@synapse_cleft 2808 0.0104484386 0.0611731184 0.0157671293 0 0 0
nt@synapse_cleft 2815 -0.0184534704 0.00616852115 0.0186762726 0 0 0
nt@synapse_cleft 2820 0.0136565037 -0.00674197046 0.0199980623 0 0 0
nt@synapse_cleft 2828 0.0121467647 -0.0552428321 0.00631174384 0 0 0
nt@synapse_cleft 2837 -0.00849040026 0.0186454919 0.0164535116 0 0 0
nt@synapse_cleft 2854 0.0201939921 -0.0267746052 0.00163199494 0 0 0
nt@synapse_cleft 2857 0.0230951667 -0.0253488324 0.0122422562 0 0 0
nt@synapse_cleft 2861 -0.0170311886 0.0111369147 0.00768782417 0 0 0
nt@synapse_cleft 2863 -0.0329839972 0.00711816943 0.000451210332 0 0 0
nt@synapse_cleft 2871 0.0145032472 -0.0473270099 0.0154415326 0 0 0
nt@synapse_cleft 2875 0.0121621909 0.0133205529 0.00567364031 0 0 0
nt@synapse_cleft 2876 -0.0131762479 -0.00312521406 0.0176811102 0 0 0
nt@synapse_cleft 2880 0.014180822 0.00411512829 0.00389495562 0 0 0
nt@synapse_cleft 2884 0.0331703502 0.0151700431 0.0164359691 0 0 0
nt@synapse_cleft 2894 0.0090837583 0.00920088296 0.00666380101 0 0 0
nt@synapse_cleft 2895 0.0692160226 -0.00107083919 0.00969183737 0 0 0
nt@synapse_cleft 2897 0.00636654978 -0.0388959349 0.0186774384 0 0 0
nt@synapse_cleft 2905 -0.00709759937 0.0180920228 0.00969762856 0 0 0
nt@synapse_cleft 2909 0.0483960401 -0.0150708997 0.00957879206 0 0 0
nt@synapse_cleft 2910 -0.0529764086 0.018900417 0.017223323 0 0 0
nt@synapse_cleft 2912 0.00212595178 -0.0188792852 0.00449559108 0 0 0
nt@synapse_cleft 2915 0.0319236033 -0.0440927017 0.013864896 0 0 0
nt@synapse_cleft 2920 0.0122252215 -0.00164081502 0.0116560633 0 0 0
nt@synapse_cleft 2921 0.00623250092 0.0504795425 0.004315094 0 0 0
nt@synapse_cleft 2922 0.0689661933 -0.0290903305 0.0156077028 0 0 0
nt@synapse_cleft 2925 -0.0122558268 0.0396697968 0.011832869 0 0 0
nt@synapse_cleft 2933 -0.00656444004 -0.00486183248 0.00576835238 0 0 0
nt@synapse_cleft 2935 -0.0317014155 0.0022912732 0.0129481416 0 0 0
nt@synapse_cleft 2940 -0.0037756951 -0.0254452946 0.00902055329 0 0 0
nt@synapse_cleft 2945 -0.0341459343 -0.00147223231 0.0069275329 0 0 0
nt@synapse_cleft 2946 -0.000487697006 -0.00569546955 0.0160633353 0 0 0
nt@synapse_cleft 2961 0.0580745732 -0.041469459 0.010915562 0 0 0
nt@synapse_cleft 2962 0.0160225038 0.0146177413 0.00495628902 0 0 0
nt@synapse_cleft 2967 -0.00362196024 -0.0375500634 0.0123874933 0 0 0
nt@synapse_cleft 2983 0.0188340569 -0.0348090465 0.0152035374 0 0 0
nt@synapse_cleft 2992 -0.014311301 0.0330036387 0.000206922823 0 0 0
nt@synapse_cleft 2993 -0.00481929321 0.0419904209 0.00862088596 0 0 0
nt@synapse_cleft 2997 0.00716682808 -0.00737008449 0.000756657614 0 0 0
nt@synapse_cleft 3006 0.0207816904 0.0379688811 0.00120688106 0 0 0
nt@synapse_cleft 3008 0.0245954106 0.0464617607 0.0153874953 0 0 0
nt@synapse_cleft 3012 0.0275535905 -0.00357423464 0.0116467068 0 0 0
nt@synapse_cleft 3019 -0.00894517409 0.012726224 0.00396779759 0 0 0
nt@synapse_cleft 3020 -0.0164008577 -0.020008261 0.00137358368 0 0 0
nt@synapse_cleft 3024 0.0216379119 0.0123243366 0.012703609 0 0 0
nt@synapse_cleft 3026 -0.0146162882 0.00998945526 0.000509330233 0 0 0
nt@synapse_cleft 3042 0.000464595537 0.0120057709 0.0187027252 0 0 0
nt@synapse_cleft 3047 0.0307761696 0.0505256685 0.00748940499 0 0 0
nt@synapse_cleft 3057 0.0255175665 -0.0190737509 0.0176935848 0 0 0
nt@synapse_cleft 3061 -0.0127561488 0.0350205973 0.0010488515 0 0 0
nt@synapse_cleft 3062 0.0031613292 -0.0254756861 0.0057701727 0 0 0
nt@synapse_cleft 3069 0.054975766 -0.038537848 0.0193821597 0 0 0
nt@synapse_cleft 3073 -0.00226711739 0.0362665628 0.00446301539 0 0 0
nt@synapse_cleft 3082 0.018860497 0.0269720662 0.0149094507 0 0 0
nt@synapse_cleft 3089 -0.00132114521 -0.0132961158 0.00586018107 0 0 0
nt@synapse_cleft 3096 -0.00900626296 0.0279350041 0.00308390032 0 0 0
nt@synapse_cleft 3097 0.0497261407 0.0132335685 0.00541447343 0 0 0
nt@synapse_cleft 3099 -0.0172713208 -0.000470669978 0.0075209938 0 0 0
nt@synapse_cleft 3111 -0.00411949509 -0.0190032663 0.00403489285 0 0 0
nt@synapse_cleft 3114 0.0283401412 0.0369986924 0.0027498026 0 0 0
nt@synapse_cleft 3132 -0.0187180765 -0.000813618609 0.0101452248 0 0 0
nt@synapse_cleft 3134 0.00888661706 0.0308079094 0.0193732432 0 0 0
nt@synapse_cleft 3150 0.0389100549 -0.0734559845 0.00155349657 0 0 0
nt@synapse_cleft 3155 -0.00971496654 0.0148083969 0.0119375151 0 0 0
nt@synapse_cleft 3158 -0.0158899325 -0.0106222319 0.00772146374 0 0 0
nt@synapse_cleft 3159 -0.0181301319 0.013518332 0.017600413 0 0 0
nt@synapse_cleft 3167 3.22620973e-05 0.0216157207 0.0141660914 0 0 0
nt@synapse_cleft 3177 0.0353956714 -0.0383383292 0.00866786256 0 0 0
nt@synapse_cleft 3178 -0.0242743493 -0.0179528871 0.00566859723 0 0 0
nt@synapse_cleft 3179 0.0244082873 -0.0104248346 0.0175143963 0 0 0
nt@synapse_cleft 3181 0.0065715533 0.00115092582 0.0106133782 0 0 0
nt@synapse_cleft 3183 0.00416078952 -0.0315854848 0.016410077 0 0 0
nt@synapse_cleft 3184 0.0190176442 0.0228804163 0.00296855876 0 0 0
nt@synapse_cleft 3185 -0.00224666634 -0.00274082962 0.0100183043 0 0 0
nt@synapse_cleft 3199 0.00625522402 0.034621671 0.0194377381 0 0 0
nt@synapse_cleft 3202 0.00418868715 0.033675228 0.0117250065 0 0 0
nt@synapse_cleft 3207 -0.00917231712 0.000286501526 0.00271516674 0 0 0
nt@synapse_cleft 3220 0.000166424525 0.0284173185 0.0184801244 0 0 0
nt@synapse_cleft 3222 -0.0509249121 -0.0210429973 0.01213114 0 0 0
nt@synapse_cleft 3227 0.0161237002 0.0138941482 0.00618929919 0 0 0
nt@synapse_cleft 3247 0.00850181162 -0.0116061823 0.01078237 0 0 0
nt@synapse_cleft 3248 -0.0252215719 -0.0394458956 0.01146199 0 0 0
nt@synapse_cleft 3249 -0.0208354899 -0.00881623758 0.0116025125 0 0 0
nt@synapse_cleft 3275 0.00741896003 -0.009943652 0.00606061637 0 0 0
nt@synapse_cleft 3304 0.0289827723 0.0688477269 0.0049416353 0 0 0
nt@synapse_cleft 3308 -0.0257511216 0.0406895878 0.00513621756 0 0 0
nt@synapse_cleft 3312 0.00136199084 -0.0123602922 0.00820846065 0 0 0
nt@synapse_cleft 3313 -0.00991035536 -0.00670242286 0.0119910102 0 0 0
nt@synapse_cleft 3316 0.0164656829 0.0133615566 0.0118099543 0 0 0
nt@synapse_cleft 3324 -0.005882599 -0.00146894702 0.00335115005 0 0 0
nt@synapse_cleft 3326 0.0129082464 -0.0138311194 0.00741072945 0 0 0
nt@synapse_cleft 3327 -0.0107682577 -0.0464199239 0.017937878 0 0 0
nt@synapse_cleft 3334 0.00949734554 0.00690276546 0.00179956743 0 0 0
nt@synapse_cleft 3335 0.0460443018 0.0145078401 0.013939109 0 0 0
nt@synapse_cleft 3338 -0.00221307719 -0.0395495792 0.0105072943 0 0 0
nt@synapse_cleft 3341 0.0178742449 -0.00579955788 0.0060272639 0 0 0
nt@synapse_cleft 3342 0.0133175896 -0.00782576873 0.0136674436 0 0 0
nt@synapse_cleft 3347 0.0255493439 -0.0514367161 0.0146659772 0 0 0
nt@synapse_cleft 3354 -0.0181971107 -0.00776572183 0.00940247035 0 0 0
nt@synapse_cleft 3367 0.00675043203 0.0186209688 0.00767000159 0 0 0
nt@synapse_cleft 3375 0.045832516 0.0196979549 0.017224467 0 0 0
nt@synapse_cleft 3378 0.0200715117 0.0345428866 0.000333737969 0 0 0
nt@synapse_cleft 3394 0.00614482992 -0.0184719859 0.00106506533 0 0 0
nt@synapse_cleft 3401 0.0459600383 0.00705411337 0.0124928148 0 0 0
nt@synapse_cleft 3402 -0.0106362776 -0.0130181111 0.00478299993 0 0 0
nt@synapse_cleft 3404 0.0183505671 -0.0218378282 0.00639796652 0 0 0
nt@synapse_cleft 3407 0.0141547439 0.0682036538 0.00790262493 0 0 0
nt@synapse_cleft 3413 0.0177536056 0.0222720933 0.00933412502 0 0 0
nt@synapse_cleft 3419 -0.021745514 0.026077643 0.000917025829 0 0 0
nt@synapse_cleft 3429 0.0552183978 -0.0115400443 0.0124660258 0 0 0
nt@synapse_cleft 3432 0.0643223671 -0.0685645096 0.00340462071 0 0 0
nt@synapse_cleft 3445 0.0291899981 0.0261725265 0.014984278 0 0 0
nt@synapse_cleft 3451 0.00888239712 0.0221739119 0.00682703857 0 0 0
nt@synapse_cleft 3455 -0.00495867667 -0.0199223549 0.0147166056 0 0 0
nt@synapse_cleft 3467 -0.0709435686 0.000661688391 0.00723902305 0 0 0
nt@synapse_cleft 3470 0.0251558996 -0.0230127684 0.0126653196 0 0 0
nt@synapse_cleft 3472 -0.0273215737 0.022131519 0.0179507625 0 0 0
nt@synapse_cleft 3474 0.044049945 -0.00106374408 0.00465473493 0 0 0
nt@synapse_cleft 3482 -0.0709787408 -0.0407094295 0.0164112392 0 0 0
nt@synapse_cleft 3484 0.00191618163 0.0182484173 0.0171101738 0 0 0
nt@synapse_cleft 3496 0.00432339516 -0.004694317 0.0147887204 0 0 0
nt@synapse_cleft 3500 0.0205666517 -0.0231873199 0.0172511689 0 0 0
nt@synapse_cleft 3507 -0.0197453918 -0.00212677457 0.0193969609 0 0 0
nt@synapse_cleft 3511 0.0134352453 -0.0338834706 0.00767721676 0 0 0
nt@synapse_cleft 3514 0.00414136811 0.0072531876 0.013165684 0 0 0
nt@synapse_cleft 3525 -0.0173612732 -0.0122741004 0.00699264987 0 0 0
nt@synapse_cleft 3526 0.0107329841 -0.0484242552 0.0090002961 0 0 0
nt@synapse_cleft 3535 0.00696772146 0.0169706688 0.00296942088 0 0 0
nt@synapse_cleft 3536 0.00487937523 0.0146690869 0.0161806733 0 0 0
nt@synapse_cleft 3538 -0.0203197837 0.0164976692 0.00741781314 0 0 0
nt@synapse_cleft 3542 -0.00315589807 0.0365037124 0.00544595143 0 0 0
nt@synapse_cleft 3543 -0.0229411062 -0.0162330208 0.000443466427 0 0 0
nt@synapse_cleft 3546 0.0122308519 0.0184862418 0.0109411083 0 0 0
nt@synapse_cleft 3561 -0.0133588625 -0.00250303759 0.0067621209 0 0 0
nt@synapse_cleft 3562 -0.0629195627 -0.00730691243 0.00841504926 0 0 0
nt@synapse_cleft 3563 0.0123918299 -0.00403573547 0.0171695393 0 0 0
nt@synapse_cleft 3565 0.0332788912 -0.0232643957 0.00415432157 0 0 0
nt@synapse_cleft 3566 -0.0116159612 0.0590350049 0.0138019773 0 0 0
nt@synapse_cleft 3568 0.0228499481 -0.0348318552 0.016853009 0 0 0
nt@synapse_cleft 3575 -0.0144511115 0.00987498383 0.000777559342 0 0 0
nt@synapse_cleft 3576 0.049821939 -0.00433244582 0.00279535981 0 0 0
nt@synapse_cleft 3579 -0.0178396552 -0.0231558883 0.00669184301 0 0 0
nt@synapse_cleft 3583 -0.0137170394 -3.95509591e-05 0.0172973807 0 0 0
nt@synapse_cleft 3592 0.0275404961 0.0397337217 0.0160756431 0 0 0
nt@synapse_cleft 3602 -0.0325135855 -0.00827285564 0.0194581697 0 0 0
nt@synapse_cleft 3603 -0.0256712184 0.0281595656 0.0179567906 0 0 0
nt@synapse_cleft 3606 -0.0101781951 -0.00759054155 0.00855413889 0 0 0
nt@synapse_cleft 3610 -0.00625384771 0.00271931665 0.00305241206 0 0 0
nt@synapse_cleft 3611 0.0102429968 -0.00597881339 0.017763741 0 0 0
nt@synapse_cleft 3616 -0.0329952985 0.0401339298 0.0121332881 0 0 0
nt@synapse_cleft 3617 0.000235299201 -0.0650613446 0.0176199243 0 0 0
nt@synapse_cleft 3620 0.00600209097 0.027186144 0.0120570708 0 0 0
nt@synapse_cleft 3625 0.029104923 0.00572541579 0.0121319952 0 0 0
nt@synapse_cleft 3630 0.0246495859 0.0298030525 0.0143487147 0 0 0
nt@synapse_cleft 3635 -0.0105781091 0.0121562927 0.00554918599 0 0 0
nt@synapse_cleft 3636 -0.00662588024 0.00467570159 0.0100767053 0 0 0
nt@synapse_cleft 3645 -0.0040170785 -0.0228914215 0.00409581233 0 0 0
nt@synapse_cleft 3658 0.0268640875 -0.0235118138 0.0199079289 0 0 0
nt@synapse_cleft 3661 0.0246451624 0.00807869093 0.0173851698 0 0 0
nt@synapse_cleft 3664 0.0552302806 -0.0376618376 0.00652404354 0 0 0
nt@synapse_cleft 3667 -0.030558607 0.00250290477 0.0127001692 0 0 0
nt@synapse_cleft 3670 0.0259822466 -0.0254204846 0.0155682461 0 0 0
nt@synapse_cleft 3681 0.0322572363 -0.0164065852 0.00420050301 0 0 0
nt@synapse_cleft 3689 -0.0104510165 -0.0232803025 0.0142400772 0 0 0
nt@synapse_cleft 3690 0.0317125353 -0.00897458247 0.0182322045 0 0 0
nt@synapse_cleft 3693 -0.0571844886 -0.0379529008 0.00801005543 0 0 0
nt@synapse_cleft 3706 0.0363592015 -0.00402750058 0.0130724695 0 0 0
nt@synapse_cleft 3707 -0.0439058425 -0.0145856478 0.00500162086 0 0 0
nt@synapse_cleft 3713 0.0269391505 -0.0147465133 0.016669034 0 0 0
nt@synapse_cleft 3714 -0.0449218325 -0.0119699998 0.0177023427 0 0 0
nt@synapse_cleft 3728 0.00053622437 0.0304275038 0.0065490556 0 0 0
nt@synapse_cleft 3730 0.0235532546 0.0158028149 0.013827392 0 0 0
nt@synapse_cleft 3731 0.00346389043 0.00633514975 0.0097015186 0 0 0
nt@synapse_cleft 3737 0.0151848122 0.0199531649 0.00852591605 0 0 0
nt@synapse_cleft 3738 -0.0119659711 0.0243386849 0.0196771383 0 0 0
nt@synapse_cleft 3739 0.0195490521 0.0558616135 0.00860323914 0 0 0
nt@synapse_cleft 3745 0.00839275926 0.0273803856 0.0161688783 0 0 0
nt@synapse_cleft 3751 0.00639243124 0.00273259214 0.00674618038 0 0 0
nt@synapse_cleft 3758 -0.0252089621 -0.0249772856 0.0101621698 0 0 0
nt@synapse_cleft 3759 -0.0217856086 -0.0275088722 0.00286533232 0 0 0
nt@synapse_cleft 3763 0.0447408265 0.0382735896 0.0158060303 0 0 0
nt@synapse_cleft 3768 0.00696693223 -0.0231028599 0.0117488931 0 0 0
nt@synapse_cleft 3771 0.0165772983 -0.0154759197 0.0159851447 0 0 0
nt@synapse_cleft 3775 0.00545731682 0.00571703663 0.0101558973 0 0 0
nt@synapse_cleft 3783 -0.0195755687 -0.0205513455 0.00189555477 0 0 0
nt@synapse_cleft 3788 -0.0119694549 -0.00861033186 0.00936825773 0 0 0
nt@synapse_cleft 3793 -0.0189527964 -0.0165460348 0.00451005393 0 0 0
nt@synapse_cleft 3800 0.0168467103 -0.00218656593 0.00316247194 0 0 0
nt@synapse_cleft 3802 0.0228101338 0.0214995408 0.00663449172 0 0 0
nt@synapse_cleft 3811 -0.0282725043 -0.0168833958 0.00306769279 0 0 0
nt@synapse_cleft 3827 0.000660485884 0.0475143164 0.0108082304 0 0 0
nt@synapse_cleft 3831 0.00729852432 -0.0456313319 0.00547598415 0 0 0
nt@synapse_cleft 3834 0.0502189938 -0.0283649783 0.016453185 0 0 0
nt@synapse_cleft 3835 0.0150326581 -0.0403534831 0.0107869513 0 0 0
nt@synapse_cleft 3841 0.0322922915 -0.0194233851 2.59740251e-05 0 0 0
nt@synapse_cleft 3844 0.0041625798 -0.00388012885 0.0103121655 0 0 0
nt@synapse_cleft 3846 -0.0221293059 0.0125868285 0.00291143785 0 0 0
nt@synapse_cleft 3848 0.0275549015 0.0262306488 0.0126317054 0 0 0
nt@synapse_cleft 3850 -0.0328309173 0.00308565943 0.0102748991 0 0 0
nt@synapse_cleft 3859 0.0518009561 -0.000856845395 0.00233462946 0 0 0
nt@synapse_cleft 3879 0.0236742703 -0.0473770824 0.00895283882 0 0 0
nt@synapse_cleft 3886 0.0277484515 0.0416515647 0.010154033 0 0 0
nt@synapse_cleft 3891 0.00991438037 -0.0176577388 0.0016883661 0 0 0
nt@synapse_cleft 3902 -0.0234337868 0.0066323444 0.0184370791 0 0 0
nt@synapse_cleft 3907 -0.0174154983 -0.0367006021 0.014333263 0 0 0
nt@synapse_cleft 3909 0.0211559313 0.0301678319 0.00334189298 0 0 0
nt@synapse_cleft 3917 -0.00715255462 -0.0250983989 0.0112112188 0 0 0
nt@synapse_cleft 3918 -0.0168130176 -0.00890523651 0.0117528894 0 0 0
nt@synapse_cleft 3921 0.0287659275 0.0465003284 0.0189900672 0 0 0
nt@synapse_cleft 3927 -6.79705804e-05 0.0394280745 0.00187071174 0 0 0
nt@synapse_cleft 3932 0.0130138883 -0.0138874531 0.00701041981 0 0 0
nt@synapse_cleft 3941 -0.0280355555 0.00150864067 0.001780783 0 0 0
nt@synapse_cleft 3949 -0.036232529 0.00739789102 0.00128293452 0 0 0
nt@synapse_cleft 3952 -0.0328002882 0.0186312406 0.0157821293 0 0 0
nt@synapse_cleft 3953 0.0218090863 -0.0228388704 0.000139619857 0 0 0
nt@synapse_cleft 3957 0.0342454728 -0.0143231249 0.0160728255 0 0 0
nt@synapse_cleft 3958 0.00973962115 0.0170547016 0.01339308 0 0 0
nt@synapse_cleft 3962 -0.0346239455 0.00375334542 0.0108842664 0 0 0
nt@synapse_cleft 3963 0.0260809839 0.0296741513 0.00671470681 0 0 0
nt@synapse_cleft 3965 -0.0339198964 -0.00695899673 0.0135200076 0 0 0
nt@synapse_cleft 3967 0.0133905146 -0.0166308027 0.0019902766 0 0 0
nt@synapse_cleft 3968 0.021503618 -0.00358433512 0.0140420028 0 0 0
nt@synapse_cleft 3973 0.0095381965 -0.0219086373 0.014248737 0 0 0
nt@synapse_cleft 3974 -0.0235303887 0.0426198477 0.00593309119 0 0 0
nt@synapse_cleft 3977 0.004618993 0.039602416 0.00399700049 0 0 0
nt@synapse_cleft 3978 0.017280139 0.00992493019 0.010222216 0 0 0
nt@synapse_cleft 3983 -0.0283747501 -0.0344207179 0.012054547 0 0 0
nt@synapse_cleft 3988 -0.00228844531 -0.0343361454 0.0120705086 0 0 0
nt@synapse_cleft 3989 0.0506581913 -0.00394402358 0.0127503433 0 0 0
nt@synapse_cleft 3991 0.0811789221 -0.0264041421 0.000771596603 0 0 0
nt@synapse_cleft 3993 -0.0455173216 0.00281796042 0.0187697848 0 0 0
nt@synapse_cleft 3997 -0.0569773562 -0.00362348819 0.0128209509 0 0 0
nt@synapse_cleft 3999 -0.0433336838 -0.00329387806 0.0167206188 0 0 0
nt@synapse_cleft 4011 0.0170067417 0.0190374293 0.00281458163 0 0 0
nt@synapse_cleft 4018 0.0118075604 0.0139683829 0.015028325 0 0 0
nt@synapse_cleft 4027 0.0107128574 -0.0279424484 0.00217655094 0 0 0
nt@synapse_cleft 4028 -0.0236443285 0.0346505901 0.0139137496 0 0 0
nt@synapse_cleft 4037 -0.0123167829 0.0345712463 0.0145421617 0 0 0
nt@synapse_cleft 4040 0.00770995932 0.0196981297 0.0194922092 0 0 0
nt@synapse_cleft 4049 0.0327740554 -0.0035040037 0.0190079897 0 0 0
nt@synapse_cleft 4051 0.00517716146 0.00783875046 0.0127943242 0 0 0
nt@synapse_cleft 4064 0.00398353778 0.00839566776 0.0124990544 0 0 0
nt@synapse_cleft 4070 -0.013220284 0.0031440643 0.0090551347 0 0 0
nt@synapse_cleft 4071 -0.0190229084 -0.0424451729 0.0166716718 0 0 0
nt@synapse_cleft 4087 -0.00774993513 0.0352202795 2.4454575e-05 0 0 0
nt@synapse_cleft 4094 0.0320361922 -0.0284830271 0.00771243555 0 0 0
nt@synapse_cleft 4095 0.0389116912 -0.0021655495 0.0118926222 0 0 0
nt@synapse_cleft 4099 -0.00629835838 0.0136688537 0.00211217918 0 0 0
nt@synapse_cleft 4103 -0.0131629999 -0.000889585778 0.00757397901 0 0 0
nt@synapse_cleft 4106 0.0216024785 0.0126020315 0.0163015447 0 0 0
nt@synapse_cleft 4111 0.0633045954 0.0190191694 0.0106990687 0 0 0
nt@synapse_cleft 4115 -0.00901806174 0.00929594088 0.0189304557 0 0 0
nt@synapse_cleft 4119 0.0116518302 -0.0386538415 0.00966136357 0 0 0
nt@synapse_cleft 4123 0.000486731455 0.0180957953 0.0123528759 0 0 0
nt@synapse_cleft 4126 0.0261422241 -0.0264117607 0.00286609823 0 0 0
nt@synapse_cleft 4129 -0.0158274704 0.010003443 0.0149314216 0 0 0
nt@synapse_cleft 4131 -0.0153495164 0.0252531716 0.0181299336 0 0 0
nt@synapse_cleft 4132 0.0301532627 0.0243610136 0.0174745977 0 0 0
nt@synapse_cleft 4135 0.00986086445 -0.000165250328 0.00521912522 0 0 0
nt@synapse_cleft 4144 0.0364530866 0.000915929317 0.00560409383 0 0 0
nt@synapse_cleft 4150 -0.0514950928 -0.0502711426 0.00856302438 0 0 0
nt@synapse_cleft 4153 0.00130461503 -0.0106464839 0.0125242668 0 0 0
nt@synapse_cleft 4155 0.012615847 -0.0652224831 0.0136076437 0 0 0
nt@synapse_cleft 4156 0.0404798089 -0.00153727655 0.0125186448 0 0 0
nt@synapse_cleft 4158 -0.00449872459 -0.0077556464 0.0155968085 0 0 0
nt@synapse_cleft 4162 0.038281 -0.0219830538 0.00838988126 0 0 0
nt@synapse_cleft 4163 0.00615743867 0.0422433042 0.00337985817 0 0 0
nt@synapse_cleft 4170 -0.0453367295 0.00571184136 0.012886117 0 0 0
nt@synapse_cleft 4177 -0.058176741 0.0731481928 0.00982937868 0 0 0
nt@synapse_cleft 4187 -0.0311626417 -0.021655522 0.0122096298 0 0 0
nt@synapse_cleft 4193 0.00255314788 -0.0398531353 0.00119125269 0 0 0
nt@synapse_cleft 4214 -0.0367224612 -0.00557377562 0.0198342843 0 0 0
nt@synapse_cleft 4215 0.0231372491 -0.0466462793 0.0193772287 0 0 0
nt@synapse_cleft 4220 -0.00568982516 -0.0194701625 0.0055062256 0 0 0
nt@synapse_cleft 4228 0.0326213327 -0.00859020722 0.0185936054 0 0 0
nt@synapse_cleft 4230 -0.0255013089 0.0485845875 0.00618432115 0 0 0
nt@synapse_cleft 4233 0.0227753174 0.0154784764 0.000488477696 0 0 0
nt@synapse_cleft 4237 0.00790847696 -0.0184239057 0.00984843613 0 0 0
nt@synapse_cleft 4241 -0.0502596319 0.0202175701 0.0148283943 0 0 0
nt@synapse_cleft 4242 0.0238813985 -0.0256317517 0.0169961428 0 0 0
nt@synapse_cleft 4252 0.0325308395 0.00315682849 0.0189370167 0 0 0
nt@synapse_cleft 4254 -0.0129435 0.0379022962 0.00493183272 0 0 0
nt@synapse_cleft 4255 -0.0266629926 -0.0292407685 0.0199508953 0 0 0
nt@synapse_cleft 4279 0.00259217248 -0.0474525691 0.0184842925 0 0 0
nt@synapse_cleft 4283 -0.0253452424 -0.00335214065 0.00709634723 0 0 0
nt@synapse_cleft 4284 0.060948198 -0.0273056112 0.0112920586 0 0 0
nt@synapse_cleft 4285 -0.0427692823 0.0548925236 0.00229846896 0 0 0
nt@synapse_cleft 4288 0.0248746818 -0.0266897942 0.0160931914 0 0 0
nt@synapse_cleft 4293 -0.00653073034 -0.0173054639 0.00724889941 0 0 0
nt@synapse_cleft 4297 0.0392836437 -0.0311633286 0.0078979827 0 0 0
nt@synapse_cleft 4301 0.0131888939 -0.0117139398 0.0190188155 0 0 0
nt@synapse_cleft 4312 -0.0218138552 -0.0319136645 0.0057090784 0 0 0
nt@synapse_cleft 4317 -0.0105437069 0.0435842305 0.00530179026 0 0 0
nt@synapse_cleft 4326 0.0304910831 -0.0165201045 0.0178832675 0 0 0
nt@synapse_cleft 4330 -0.0240158374 0.00286275256 0.0145191582 0 0 0
nt@synapse_cleft 4334 0.0122859958 0.00889469126 0.00378617125 0 0 0
nt@synapse_cleft 4339 0.00185577283 -0.0223195188 0.0173298698 0 0 0
nt@synapse_cleft 4343 -0.0175931903 -0.0437210663 0.00331585702 0 0 0
nt@synapse_cleft 4346 0.0128816498 -0.00350877823 0.0162566071 0 0 0
nt@synapse_cleft 4351 0.0329173239 0.0159968012 0.0100474657 0 0 0
nt@synapse_cleft 4359 0.0309894601 0.010336242 0.0157223655 0 0 0
nt@synapse_cleft 4360 0.0198477038 0.00308009258 0.0129323965 0 0 0
nt@synapse_cleft 4365 0.00795341143 0.0241585422 0.0123155783 0 0 0
nt@synapse_cleft 4372 -0.00488092483 -0.0244633835 0.00475840848 0 0 0
nt@synapse_cleft 4374 -0.0186232431 -0.017499804 0.0170102565 0 0 0
nt@synapse_cleft 4376 -0.0260698957 -0.012789333 0.00408988783 0 0 0
nt@synapse_cleft 4381 -0.0235162851 -0.0306450072 0.0112140592 0 0 0
nt@synapse_cleft 4386 -0.0088865206 -0.0239949875 0.00725177172 0 0 0
nt@synapse_cleft 4392 -0.00875780012 0.00503446026 0.0161863691 0 0 0
nt@synapse_cleft 4395 0.0237883567 -0.0320481141 0.0157331266 0 0 0
nt@synapse_cleft 4396 0.00495847454 -0.0592734679 0.000909571598 0 0 0
nt@synapse_cleft 4398 -0.0105863255 0.0139841136 0.0156853037 0 0 0
nt@synapse_cleft 4399 0.0258574087 0.0493041002 0.0048241225 0 0 0
nt@synapse_cleft 4403 -0.021517979 -0.0140140697 0.0191124663 0 0 0
nt@synapse_cleft 4405 -0.031527765 -0.0219435309 0.0128377851 0 0 0
nt@synapse_cleft 4414 -0.00489397225 -0.0313756039 0.00718597887 0 0 0
nt@synapse_cleft 4416 -0.00880971167 -0.00291794966 0.0134195965 0 0 0
nt@synapse_cleft 4423 0.0174365789 -0.0129650827 0.00388003532 0 0 0
nt@synapse_cleft 4424 -0.0314347573 -0.00857820083 0.00500635349 0 0 0
nt@synapse_cleft 4430 -0.00164257518 0.0092671237 0.00869502824 0 0 0
nt@synapse_cleft 4431 0.0237102367 -0.0311101284 0.0103942432 0 0 0
nt@synapse_cleft 4434 0.0180761593 -0.0119630599 0.00747771833 0 0 0
nt@synapse_cleft 4436 0.00351092228 0.0276339698 0.0131685332 0 0 0
nt@synapse_cleft 4446 -0.00261572267 0.0343270523 0.0148836261 0 0 0
nt@synapse_cleft 4449 0.0202821959 0.0632464784 0.015436653 0 0 0
nt@synapse_cleft 4464 0.0134073366 -0.0180967406 0.0133746677 0 0 0
nt@synapse_cleft 4470 -0.0125676776 -0.0402596778 0.00490809041 0 0 0
nt@synapse_cleft 4473 -0.00640179131 -0.00768872081 0.00236224624 0 0 0
nt@synapse_cleft 4478 -0.0143425253 0.0301394362 0.0108525949 0 0 0
nt@synapse_cleft 4480 0.00537985177 0.0347898422 0.0152079951 0 0 0
nt@synapse_cleft 4482 -0.0245342177 -0.00571021797 0.00719608531 0 0 0
nt@synapse_cleft 4485 0.0179395337 -0.0101909559 0.0100097563 0 0 0
nt@synapse_cleft 4488 0.0215333659 -0.00226308545 0.0157862222 0 0 0
nt@synapse_cleft 4489 0.00818565863 -0.0136904713 0.00283764099 0 0 0
nt@synapse_cleft 4496 -0.0473806131 0.0393652075 0.00368877145 0 0 0
nt@synapse_cleft 4499 -0.0109051532 0.00920007802 0.0117660242 0 0 0
nt@synapse_cleft 4501 0.00108858942 0.0131573765 0.0152099994 0 0 0
nt@synapse_cleft 4517 -0.0382248077 0.0118574135 0.00859029769 0 0 0
nt@synapse_cleft 4527 0.0240075429 0.00194182072 0.0197811703 0 0 0
nt@synapse_cleft 4538 -0.0438986113 -0.0479806376 0.00108708092 0 0 0
nt@synapse_cleft 4542 0.00328810733 0.0301062497 0.00312005869 0 0 0
nt@synapse_cleft 4545 -0.0297472107 0.0315969896 0.015849322 0 0 0
nt@synapse_cleft 4551 -0.0125406856 0.0300030865 0.0135968142 0 0 0
nt@synapse_cleft 4553 -0.0360392701 -0.00620797965 0.0120706028 0 0 0
nt@synapse_cleft 4559 -0.0243461003 0.0402844493 0.0168104334 0 0 0
nt@synapse_cleft 4565 -0.0518522923 -0.0137367748 0.00785439479 0 0 0
nt@synapse_cleft 4572 0.00414142347 -0.0137273671 0.000554348025 0 0 0
nt@synapse_cleft 4574 0.032565191 -0.021892431 0.00520012923 0 0 0
nt@synapse_cleft 4576 -0.0337081964 -0.033051442 0.00157357309 0 0 0
nt@synapse_cleft 4583 -0.00947220636 -0.00141875237 0.00706640696 0 0 0
nt@synapse_cleft 4587 0.022860042 0.0137291703 0.0125339611 0 0 0
nt@synapse_cleft 4590 -0.0450603963 -0.0126278114 0.0187979073 0 0 0
nt@synapse_cleft 4593 -0.0354353598 0.0407863361 0.0101327671 0 0 0
nt@synapse_cleft 4594 0.0132386798 0.0138946558 0.0131102708 0 0 0
nt@synapse_cleft 4595 0.0182942786 -0.0291799005 0.0045642829 0 0 0
nt@synapse_cleft 4600 -0.0326435064 0.00193999343 0.00431020053 0 0 0
nt@synapse_cleft 4613 0.0583975881 0.0096858579 0.0114180865 0 0 0
nt@synapse_cleft 4620 0.00781881959 -0.00488826293 0.0136809454 0 0 0
nt@synapse_cleft 4654 0.0163327839 -0.030776871 0.0061882095 0 0 0
nt@synapse_cleft 4659 -0.044122495 0.0198049826 0.0159416825 0 0 0
nt@synapse_cleft 4661 -0.00481247262 -0.0344922591 0.0197299957 0 0 0
nt@synapse_cleft 4666 0.0580261617 0.0308085653 0.0151483406 0 0 0
nt@synapse_cleft 4681 0.00240616423 -0.0249209501 0.00888530548 0 0 0
nt@synapse_cleft 4687 0.00422619871 0.00857867246 0.00446958312 0 0 0
nt@synapse_cleft 4699 -0.0221438266 0.0172754912 0.00910224191 0 0 0
nt@synapse_cleft 4700 -0.0320600801 0.0677086152 0.0176757213 0 0 0
nt@synapse_cleft 4701 0.0235754208 0.0163489139 0.0165530053 0 0 0
nt@synapse_cleft 4706 0.0105250628 -0.00916876081 0.00334923886 0 0 0
nt@synapse_cleft 4709 -0.0103601375 0.0150615661 0.0013683932 0 0 0
nt@synapse_cleft 4710 -0.0225785721 -0.0354687679 1.72506781e-05 0 0 0
nt@synapse_cleft 4718 0.0573107951 0.0221507918 0.0134722021 0 0 0
nt@synapse_cleft 4732 -0.00680689622 0.00388253298 0.0120081391 0 0 0
nt@synapse_cleft 4736 0.00316651588 0.00475467868 0.00790281229 0 0 0
nt@synapse_cleft 4750 0.00725675183 -0.0612267865 0.0042649134 0 0 0
nt@synapse_cleft 4753 -0.0144883138 0.00316373637 0.00511738447 0 0 0
nt@synapse_cleft 4754 -0.013451491 0.0028497345 0.0105855166 0 0 0
nt@synapse_cleft 4756 -0.0164998568 0.00593699873 0.00869811467 0 0 0
nt@synapse_cleft 4758 -0.0433737977 0.0157686927 0.0119472754 0 0 0
nt@synapse_cleft 4764 0.00917873248 -0.0102724425 0.00318650596 0 0 0
nt@synapse_cleft 4779 0.0240745434 -0.0341715349 0.00339287639 0 0 0
nt@synapse_cleft 4784 0.0194884145 0.0152474599 0.015782587 0 0 0
nt@synapse_cleft 4786 -0.0185883603 0.0189817462 0.00967438498 0 0 0
nt@synapse_cleft 4791 0.0430690271 -0.00879297448 0.0152962353 0 0 0
nt@synapse_cleft 4793 -0.0399227801 0.0134167123 0.0180651826 0 0 0
nt@synapse_cleft 4800 0.0204576596 -0.00717356176 0.00399105354 0 0 0
nt@synapse_cleft 4801 -0.015485842 0.00658907282 0.0185686921 0 0 0
nt@synapse_cleft 4814 -0.0256021584 0.0246617366 0.00101522942 0 0 0
nt@synapse_cleft 4816 -0.0375620808 -0.0131879096 0.0144178077 0 0 0
nt@synapse_cleft 4822 -0.0153815251 -0.0210739425 0.0131575482 0 0 0
nt@synapse_cleft 4823 0.00155433721 0.0193399211 0.0176225013 0 0 0
nt@synapse_cleft 4824 0.00167190112 -0.0264413445 0.00109379187 0 0 0
nt@synapse_cleft 4829 0.028341869 -0.0719453032 0.000148242939 0 0 0
nt@synapse_cleft 4830 -0.0234399148 0.0203816686 0.0133309866 0 0 0
nt@synapse_cleft 4833 -0.00515136919 -0.0239371248 0.0112551005 0 0 0
nt@synapse_cleft 4839 0.000506712216 -0.00746897198 0.00221562364 0 0 0
nt@synapse_cleft 4844 0.0632704127 -0.019592829 0.00723552681 0 0 0
nt@synapse_cleft 4852 -0.025349023 -0.0297402974 0.00981902714 0 0 0
nt@synapse_cleft 4855 0.0240906309 0.0167623171 0.0142627308 0 0 0
nt@synapse_cleft 4871 0.0172366221 0.0169790017 0.00350091815 0 0 0
nt@synapse_cleft 4880 -0.0146202599 -0.0289484435 0.0020371994 0 0 0
nt@synapse_cleft 4882 -0.0131686544 -0.0307161359 0.00192845494 0 0 0
nt@synapse_cleft 4883 -0.0405367439 -0.00298997567 0.00461962921 0 0 0
nt@synapse_cleft 4892 -0.0161255949 0.0261875332 0.0143241138 0 0 0
nt@synapse_cleft 4896 -0.02249493 -0.0253961957 0.0151993778 0 0 0
nt@synapse_cleft 4897 0.0298331145 -0.0167648643 0.0119775732 0 0 0
nt@synapse_cleft 4901 0.0131016068 0.0130959554 0.00331408268 0 0 0
nt@synapse_cleft 4905 -0.0249898506 -0.00595343904 0.0101076611 0 0 0
nt@synapse_cleft 4906 -0.00720335835 -0.0363169635 0.0125374554 0 0 0
nt@synapse_cleft 4918 -0.0113798461 0.0264416893 0.0197807863 0 0 0
nt@synapse_cleft 4919 -0.00441879191 0.00613891244 0.016197415 0 0 0
nt@synapse_cleft 4925 0.00578825124 0.00602026301 0.0118941653 0 0 0
nt@synapse_cleft 4931 0.00809090011 -0.0181159248 0.0172416972 0 0 0
nt@synapse_cleft 4937 -0.0532495546 0.00414432639 0.00553617774 0 0 0
nt@synapse_cleft 4946 -0.0146893919 0.0222686758 0.00944316111 0 0 0
nt@synapse_cleft 4956 0.0256944781 -0.00389143231 0.0054128381 0 0 0
nt@synapse_cleft 4967 -0.0166122611 0.0129182043 0.0197947319 0 0 0
nt@synapse_cleft 4972 0.0356104712 -0.0234029843 0.010601226 0 0 0
nt@synapse_cleft 4973 -0.00834801283 0.0459427051 0.0188791867 0 0 0
nt@synapse_cleft 4979 0.00143677593 -0.0057290533 0.00823371223 0 0 0
nt@synapse_cleft 4981 0.00659906609 -0.0424276742 0.00784299876 0 0 0
nt@synapse_cleft 4982 -0.00231194014 0.00740088483 0.0129213369 0 0 0
nt@synapse_cleft 4983 -0.0288132236 0.0187028179 0.0101745012 0 0 0
nt@synapse_cleft 4991 -0.00556384782 -0.00128667956 0.00746439203 0 0 0
nt@synapse_cleft 5004 -0.0210573363 0.0050035312 0.00292838074 0 0 0
nt@synapse_cleft 5006 -0.0014664587 -0.0176550731 0.00288514553 0 0 0
nt@synapse_cleft 5009 -0.0383265834 0.0174804966 0.0011634538 0 0 0
nt@synapse_cleft 5011 -0.0214762359 -0.0206044273 0.00572769184 0 0 0
nt@synapse_cleft 5015 -0.0235000795 -0.0185179368 0.0173578971 0 0 0
nt@synapse_cleft 5024 0.0012244953 -0.0176024089 0.00886548376 0 0 0
nt@synapse_cleft 5044 -0.0346230915 0.00559445095 0.00440707611 0 0 0
nt@synapse_cleft 5045 0.0462229518 0.0406465055 0.0111695109 0 0 0
nt@synapse_cleft 5046 0.00732445437 -0.00732869295 0.00491267077 0 0 0
nt@synapse_cleft 5052 0.00309617893 -0.00608580183 0.00737824476 0 0 0
nt@synapse_cleft 5055 -0.0103815183 0.0238097177 0.0151550692 0 0 0
nt@synapse_cleft 5059 -0.0414974551 0.0204804948 0.017756884 0 0 0
nt@synapse_cleft 5061 0.0172665776 -0.0335686278 0.00165508089 0 0 0
nt@synapse_cleft 5063 -0.0263504126 0.0289292625 0.0120167413 0 0 0
nt@synapse_cleft 5081 0.0148442169 0.000439599579 0.00603825313 0 0 0
nt@synapse_cleft 5082 0.00868827048 0.0475248043 0.00545189174 0 0 0
nt@synapse_cleft 5086 0.0245678593 0.0453306173 0.00742105845 0 0 0
nt@synapse_cleft 5106 0.00566177943 -0.0131961523 0.00660291339 0 0 0
nt@synapse_cleft 5133 -0.0190372191 0.0140325251 0.0188311684 0 0 0
nt@synapse_cleft 5145 0.0173672001 0.0316279048 0.0166103907 0 0 0
nt@synapse_cleft 5154 0.00412350943 0.0122133381 0.00760571507 0 0 0
nt@synapse_cleft 5159 -0.0401171809 -0.0123159057 0.00502744111 0 0 0
nt@synapse_cleft 5164 0.0212738728 -0.00382696528 0.00161704932 0 0 0
nt@synapse_cleft 5173 -0.0401429919 -0.00617136804 0.0147884483 0 0 0
nt@synapse_cleft 5176 -0.026905475 0.0623012257 0.0195045068 0 0 0
nt@synapse_cleft 5179 0.0247807668 -0.00255220321 0.00662143462 0 0 0
nt@synapse_cleft 5182 0.0484468176 0.012686152 0.0018507188 0 0 0
nt@synapse_cleft 5183 0.0452627234 -0.000366745166 0.0178167883 0 0 0
nt@synapse_cleft 5193 0.0305480994 0.00891681154 0.0172047896 0 0 0
nt@synapse_cleft 5196 0.00398832787 0.00699247229 0.0122177838 0 0 0
nt@synapse_cleft 5198 -0.00163649752 -0.0189148548 0.0129952686 0 0 0
