nt@synapse_cleft 0 0.00735862254 -0.0011461083 0.0173101352 0 0 0
nt@synapse_cleft 2 -0.0406025475 0.0151886288 0.0174593193 0 0 0
nt@synapse_cleft 7 0.00407865708 0.010956265 0.0109781411 0 0 0
nt@synapse_cleft 9 0.0137656611 -0.0198908672 0.0130660795 0 0 0
nt@synapse_cleft 12 0.00531353169 0.0318730769 0.011857342 0 0 0
nt@synapse_cleft 15 -0.0146202482 0.0221809487 0.00685043125 0 0 0
nt@synapse_cleft 17 0.0201966514 0.00589977406 0.00743658011 0 0 0
nt@synapse_cleft 23 0.00732363744 -0.0492582299 0.00924349125 0 0 0
nt@synapse_cleft 26 -0.0238067164 0.0104575911 0.009328337 0 0 0
nt@synapse_cleft 30 0.0191556375 -0.0317405993 0.00910077127 0 0 0
nt@synapse_cleft 35 -0.00923492556 0.0182775331 0.0194697236 0 0 0
nt@synapse_cleft 42 0.00570439113 0.00416175663 0.0192567233 0 0 0
nt@synapse_cleft 45 -0.00666169984 0.0152805321 0.00991774234 0 0 0
nt@synapse_cleft 54 0.00120846005 0.0215737563 0.0186415853 0 0 0
nt@synapse_cleft 56 -0.0189183294 -0.00681715816 0.0163786929 0 0 0
nt@synapse_cleft 59 0.0344641714 0.0150215925 0.0119011642 0 0 0
nt@synapse_cleft 72 -0.0252823781 0.00938632359 0.0182202671 0 0 0
nt@synapse_cleft 81 0.0129124748 -0.0325882993 0.00996562953 0 0 0
nt@synapse_cleft 87 -0.0116123398 -0.0218827564 0.0191445584 0 0 0
nt@synapse_cleft 89 0.0260502836 0.00310999684 0.0100685453 0 0 0
nt@synapse_cleft 100 -0.0190567559 -0.0237169834 0.00667731575 0 0 0
nt@synapse_cleft 102 -0.0286012858 0.0176776253 0.00050880257 0 0 0
nt@synapse_cleft 103 0.0245267905 -0.0218349498 0.014963544 0 0 0
nt@synapse_cleft 111 -0.0285990316 0.0443111479 0.0181123432 0 0 0
nt@synapse_cleft 114 0.0410916075 -0.0193386613 0.0187930545 0 0 0
nt@synapse_cleft 115 -0.0011717003 -0.0331476372 0.008887735 0 0 0
nt@synapse_cleft 116 -0.0290494121 -0.0178636678 0.0117226051 0 0 0
nt@synapse_cleft 118 0.016819455 0.00171693438 0.0116440258 0 0 0
nt@synapse_cleft 135 -0.0229761801 -0.0280989658 0.0101104642 0 0 0
nt@synapse_cleft 137 -0.0499597481 -0.0386796375 0.0114630066 0 0 0
nt@synapse_cleft 143 -0.00988496701 -0.0504465152 0.0048025041 0 0 0
nt@synapse_cleft 148 -0.00119234459 0.053873001 0.00864693483 0 0 0
nt@synapse_cleft 150 -0.0272895074 0.0136477727 0.00926540332 0 0 0
nt@synapse_cleft 156 -0.0252407124 -0.00130725258 0.019329784 0 0 0
nt@synapse_cleft 157 -0.0268417183 0.0107102421 0.00965041858 0 0 0
nt@synapse_cleft 162 -0.0130259078 -0.0279696748 0.00873213615 0 0 0
nt@synapse_cleft 167 -0.0044952607 -0.0450114264 0.00708702812 0 0 0
nt@synapse_cleft 168 -0.0221654975 -0.0206273282 0.00989212335 0 0 0
nt@synapse_cleft 186 -0.020517811 -0.0104697118 0.0189708819 0 0 0
nt@synapse_cleft 188 -0.0148818734 -0.00406065027 0.00572174564 0 0 0
nt@synapse_cleft 192 -0.00356351518 0.0394384389 0.0191122469 0 0 0
nt@synapse_cleft 194 -0.00311081435 -0.00753873936 0.0143779401 0 0 0
nt@synapse_cleft 195 0.0168198586 0.0447858477 0.00462035062 0 0 0
nt@synapse_cleft 197 0.00859670172 -0.0189547605 0.00537289953 0 0 0
nt@synapse_cleft 199 0.0448232817 0.0131706293 0.00721873279 0 0 0
nt@synapse_cleft 203 0.00817136934 -0.0036500872 0.00638473675 0 0 0
nt@synapse_cleft 206 0.000756457916 -0.0174305664 0.0186298701 0 0 0
nt@synapse_cleft 210 -0.0322553204 0.0178352652 0.00407345084 0 0 0
nt@synapse_cleft 224 -0.0182704971 0.0571821988 0.00208406248 0 0 0
nt@synapse_cleft 231 0.0165731741 0.0376035176 0.0176708187 0 0 0
nt@synapse_cleft 235 0.0227919644 -0.0215001993 0.00645168905 0 0 0
nt@synapse_cleft 244 -0.017768303 0.0035979952 0.0179474442 0 0 0
nt@synapse_cleft 248 0.032492721 -0.0274158193 0.00881873217 0 0 0
nt@synapse_cleft 256 -0.0413160086 -0.0125507582 0.0118786068 0 0 0
nt@synapse_cleft 263 0.0435240554 0.0195810657 0.0170714607 0 0 0
nt@synapse_cleft 268 0.000889318453 -0.00702525949 0.0116465982 0 0 0
nt@synapse_cleft 272 0.00413734946 -0.0482203301 0.0177766902 0 0 0
nt@synapse_cleft 284 -0.0298815784 0.0814941436 0.0092103829 0 0 0
nt@synapse_cleft 289 -0.0396745309 0.0605132844 0.0080770757 0 0 0
nt@synapse_cleft 293 0.0305386869 -0.00507917982 0.0144825992 0 0 0
nt@synapse_cleft 306 0.00951741869 -0.0236681072 0.0133696742 0 0 0
nt@synapse_cleft 307 0.0166889831 0.00483348516 0.0176245533 0 0 0
nt@synapse_cleft 308 0.0206296155 0.0244399688 0.0085283912 0 0 0
nt@synapse_cleft 310 0.0259646017 0.000234469762 0.00966495158 0 0 0
nt@synapse_cleft 318 -0.0343884177 0.0122429789 0.019760116 0 0 0
nt@synapse_cleft 319 0.0599300522 0.00397435772 0.0144549055 0 0 0
nt@synapse_cleft 321 0.0380939825 0.0195448315 0.009947976 0 0 0
nt@synapse_cleft 325 -0.0598160055 0.0702149955 0.014430335 0 0 0
nt@synapse_cleft 331 0.0473209782 -0.0187715643 0.0147545839 0 0 0
nt@synapse_cleft 347 0.00417267888 -0.00947238748 0.00630265767 0 0 0
nt@synapse_cleft 348 0.00390563715 -0.00830232903 0.0122653414 0 0 0
nt@synapse_cleft 350 0.0174033412 0.00692718629 0.00330197747 0 0 0
nt@synapse_cleft 352 -0.0111547029 0.0270482439 0.00304766896 0 0 0
nt@synapse_cleft 356 -0.0329429114 0.0178656034 0.00805575046 0 0 0
nt@synapse_cleft 361 -0.0275257381 0.0106352861 0.0199427895 0 0 0
nt@synapse_cleft 371 -0.00975378274 0.0328203209 0.00537957303 0 0 0
nt@synapse_cleft 372 0.00347039819 0.023790776 0.00699609193 0 0 0
nt@synapse_cleft 376 -0.00833851979 -0.00407507608 0.0165295564 0 0 0
nt@synapse_cleft 381 -0.0149625433 -0.0160613184 0.00519501041 0 0 0
nt@synapse_cleft 385 0.014488286 0.0100229824 0.0152971768 0 0 0
nt@synapse_cleft 391 0.023541208 -0.043829115 0.0153313711 0 0 0
nt@synapse_cleft 395 0.000181009421 -0.0254356181 0.0107958764 0 0 0
nt@synapse_cleft 397 0.0143675697 0.0289871634 0.0164483197 0 0 0
nt@synapse_cleft 402 0.00378068369 0.0443649369 0.00605196291 0 0 0
nt@synapse_cleft 406 -0.024846937 -0.0440383454 0.00753155357 0 0 0
nt@synapse_cleft 421 -0.0347591457 0.0271428656 0.0174041057 0 0 0
nt@synapse_cleft 426 0.0350868134 -0.0187269392 0.017293827 0 0 0
nt@synapse_cleft 429 -0.0201716924 0.0234855887 0.010290975 0 0 0
nt@synapse_cleft 440 0.0337177336 0.00439671977 6.58062243e-05 0 0 0
nt@synapse_cleft 444 -0.0013171816 0.0303221567 0.00668381817 0 0 0
nt@synapse_cleft 449 -0.0022561068 -0.0173520201 0.00996152451 0 0 0
nt@synapse_cleft 452 0.0288549191 0.0447819158 0.0148737161 0 0 0
nt@synapse_cleft 453 0.00483600045 -0.0102757286 0.0170067731 0 0 0
nt@synapse_cleft 455 -0.00316785745 -0.0243166924 0.0176917213 0 0 0
nt@synapse_cleft 477 0.0179701849 0.00788463161 0.0145027541 0 0 0
nt@synapse_cleft 479 -0.00997795274 0.0234298844 0.0144104407 0 0 0
nt@synapse_cleft 480 -0.0563545477 0.0154458599 0.000408328651 0 0 0
nt@synapse_cleft 482 0.0125180942 0.0049713759 0.000523370132 0 0 0
nt@synapse_cleft 483 -0.00814671062 -0.0268334011 0.00905763594 0 0 0
nt@synapse_cleft 484 -0.00826873676 -0.0400752483 0.00280775666 0 0 0
nt@synapse_cleft 499 0.0175919287 0.0163731254 0.00861557747 0 0 0
nt@synapse_cleft 500 -0.00905084675 -0.0129789883 0.00590978395 0 0 0
nt@synapse_cleft 501 0.00680120026 0.0135215429 0.00730464682 0 0 0
nt@synapse_cleft 503 0.0106046653 -0.0204686673 0.0129822668 0 0 0
nt@synapse_cleft 509 -0.0134458265 0.0530823855 0.00179098726 0 0 0
nt@synapse_cleft 510 0.0173526012 0.00409560695 0.010654074 0 0 0
nt@synapse_cleft 514 -0.0224581257 0.00699991149 0.0159327783 0 0 0
nt@synapse_cleft 522 -0.0425323907 0.0195783661 0.0124613237 0 0 0
nt@synapse_cleft 524 -0.0128412689 0.0227236347 0.0190888069 0 0 0
nt@synapse_cleft 530 0.019429996 -0.00479812874 0.00905855438 0 0 0
nt@synapse_cleft 536 -0.0311510438 -0.0394989883 0.000411502804 0 0 0
nt@synapse_cleft 544 0.0349127327 0.0177057942 0.0126644184 0 0 0
nt@synapse_cleft 546 -0.0494526638 0.0155093249 0.00951008842 0 0 0
nt@synapse_cleft 548 -0.0233516645 0.0205112525 0.0182642441 0 0 0
nt@synapse_cleft 549 0.0298352558 -0.0337165508 0.0150922833 0 0 0
nt@synapse_cleft 551 0.00644721223 -0.0162262216 0.0155744538 0 0 0
nt@synapse_cleft 552 0.0198586607 -0.00322243074 0.0122262677 0 0 0
nt@synapse_cleft 557 -0.0336294035 0.000204547163 0.008796128 0 0 0
nt@synapse_cleft 558 -0.00998882143 -0.0222959994 0.00661937745 0 0 0
nt@synapse_cleft 563 -0.0125711243 -0.0552040561 0.0151571197 0 0 0
nt@synapse_cleft 568 -0.00823620164 0.00881857559 0.0170605495 0 0 0
nt@synapse_cleft 572 -0.0337449385 0.0224167795 0.00662884146 0 0 0
nt@synapse_cleft 575 -6.77795269e-05 -0.0112053625 0.00812189912 0 0 0
nt@synapse_cleft 581 0.00291184199 -0.00443447318 0.00808458985 0 0 0
nt@synapse_cleft 583 0.0118291012 0.0202112042 0.0134734981 0 0 0
nt@synapse_cleft 586 0.00651883091 0.0140703344 0.0103909202 0 0 0
nt@synapse_cleft 591 -0.0123472874 0.0248318955 0.0136014823 0 0 0
nt@synapse_cleft 593 0.00353563061 0.0350815439 0.0135270197 0 0 0
nt@synapse_cleft 594 0.0376992657 0.0215346274 0.01077875 0 0 0
nt@synapse_cleft 595 -0.00503691982 -0.0381852755 0.0068603574 0 0 0
nt@synapse_cleft 596 -0.0234862007 0.00709216754 0.0160136423 0 0 0
nt@synapse_cleft 598 -0.00117061008 -0.00277416928 0.0158545352 0 0 0
nt@synapse_cleft 618 -0.0111072793 -0.0327943036 0.00337188788 0 0 0
nt@synapse_cleft 620 -0.0234860713 -0.00276696493 0.00636066627 0 0 0
nt@synapse_cleft 624 0.0174749243 -0.00617799055 0.00711612956 0 0 0
nt@synapse_cleft 627 -0.00857979839 -0.0191727122 0.0179108303 0 0 0
nt@synapse_cleft 629 0.00431207366 0.00336046632 0.000387407379 0 0 0
nt@synapse_cleft 630 0.00702629461 0.0082031716 0.0020636228 0 0 0
nt@synapse_cleft 633 -0.0174242854 0.0211346298 0.00588461433 0 0 0
nt@synapse_cleft 634 0.0107968444 -0.00384704804 0.0131218183 0 0 0
nt@synapse_cleft 639 -0.0214272705 -0.0325022306 2.70171923e-05 0 0 0
nt@synapse_cleft 645 -0.0114154014 -0.0111272171 0.0186628849 0 0 0
nt@synapse_cleft 647 0.0107734629 0.0319755953 0.00125718015 0 0 0
nt@synapse_cleft 661 -0.0300426317 -0.0171159364 0.0178235721 0 0 0
nt@synapse_cleft 662 -0.00842630611 0.00905938983 0.0108881 0 0 0
nt@synapse_cleft 664 -0.012487916 0.0109319035 0.0132331385 0 0 0
nt@synapse_cleft 674 -0.0216502055 0.0118836623 0.00479099326 0 0 0
nt@synapse_cleft 675 0.0173111119 0.00967935322 0.00940629247 0 0 0
nt@synapse_cleft 678 0.0159774787 -0.0148585596 0.0118333667 0 0 0
nt@synapse_cleft 679 -0.0284758357 -0.000137766617 0.014877212 0 0 0
nt@synapse_cleft 681 -0.00785768058 -0.0255836126 0.0126280527 0 0 0
nt@synapse_cleft 684 -0.022956678 -0.0119180272 0.00982974963 0 0 0
nt@synapse_cleft 689 0.0247534429 0.00504820774 0.0157854578 0 0 0
nt@synapse_cleft 691 0.0190129622 0.00741390841 0.00485532488 0 0 0
nt@synapse_cleft 693 0.0125097017 0.0151471255 0.0109135201 0 0 0
nt@synapse_cleft 695 -0.0239609224 0.0274499161 0.0145844716 0 0 0
nt@synapse_cleft 698 0.00265930605 0.0131755774 0.0145872427 0 0 0
nt@synapse_cleft 699 -0.0188060487 -0.0632186569 0.00809696713 0 0 0
nt@synapse_cleft 704 0.0146957982 0.0228077618 0.00127801102 0 0 0
nt@synapse_cleft 710 0.0373845725 -0.00440804118 0.0198130754 0 0 0
nt@synapse_cleft 712 -0.0248935963 -0.00990156258 0.000419208297 0 0 0
nt@synapse_cleft 715 0.020400585 0.0277041325 0.00761796722 0 0 0
nt@synapse_cleft 720 0.0263336655 -0.0405940875 0.00379707869 0 0 0
nt@synapse_cleft 721 0.00408499048 -0.0165717127 0.00231310788 0 0 0
nt@synapse_cleft 726 -0.0251984889 -0.00407771281 0.00818210952 0 0 0
nt@synapse_cleft 727 -0.00945851777 0.0212521623 0.000154932004 0 0 0
nt@synapse_cleft 728 0.000409363258 0.00505165742 0.00541197036 0 0 0
nt@synapse_cleft 732 0.0284354844 0.051407668 0.00032324984 0 0 0
nt@synapse_cleft 735 -0.0458275869 0.00853095913 0.00318969355 0 0 0
nt@synapse_cleft 737 0.0453422696 0.00683709936 0.00630171546 0 0 0
nt@synapse_cleft 741 0.0191092637 0.00228185646 0.00302739666 0 0 0
nt@synapse_cleft 744 -0.0148787871 0.0284927337 0.0112897765 0 0 0
nt@synapse_cleft 746 0.0030429141 0.0128457816 0.000338555574 0 0 0
nt@synapse_cleft 750 0.0268133441 0.0188393013 0.0150533971 0 0 0
nt@synapse_cleft 754 -0.00314816808 -0.0178020022 0.0196499364 0 0 0
nt@synapse_cleft 755 0.0174417628 0.0194589356 0.00532980303 0 0 0
nt@synapse_cleft 760 -0.00304305013 -0.055222138 0.00450575021 0 0 0
nt@synapse_cleft 762 0.00827511406 -0.0137011782 0.0178803054 0 0 0
nt@synapse_cleft 765 -0.0307617626 0.0348023639 0.0167898985 0 0 0
nt@synapse_cleft 768 -0.0209227288 -3.54575643e-05 0.0160787959 0 0 0
nt@synapse_cleft 769 -0.000641191918 0.0413243522 0.0123819801 0 0 0
nt@synapse_cleft 774 0.00612569208 0.0250393214 0.00959228522 0 0 0
nt@synapse_cleft 779 -0.0195552482 0.0157367379 0.00482850089 0 0 0
nt@synapse_cleft 784 0.0154457417 0.00619578367 0.0167766043 0 0 0
nt@synapse_cleft 797 -0.00682057238 0.0374705235 0.00173767864 0 0 0
nt@synapse_cleft 803 -0.0258843673 -0.0355624721 0.0150456173 0 0 0
nt@synapse_cleft 804 0.00130530877 0.0224429587 0.00512599862 0 0 0
nt@synapse_cleft 814 0.0400928836 0.0323122319 0.00312959336 0 0 0
nt@synapse_cleft 816 -0.000255587151 -0.0214364056 0.00560462709 0 0 0
nt@synapse_cleft 817 0.0206164083 -0.0157215005 0.011522212 0 0 0
nt@synapse_cleft 828 0.00923554777 -0.0289218706 0.0160048828 0 0 0
nt@synapse_cleft 831 -0.000108210495 -0.0242931458 0.00143356224 0 0 0
nt@synapse_cleft 833 -0.0150914944 -0.00394974071 0.00942456503 0 0 0
nt@synapse_cleft 837 -0.0209295003 -0.0132036578 0.015047963 0 0 0
nt@synapse_cleft 844 -0.0101711277 0.00815457224 0.018700425 0 0 0
nt@synapse_cleft 847 0.0222518932 -0.000910704646 0.0111900355 0 0 0
nt@synapse_cleft 850 0.00283394073 0.0224937562 0.00167270322 0 0 0
nt@synapse_cleft 854 0.00802478749 0.033148238 0.00784491557 0 0 0
nt@synapse_cleft 866 -0.000657308487 -0.0163480044 0.00854440949 0 0 0
nt@synapse_cleft 871 -0.00690730774 0.013405647 0.0172375047 0 0 0
nt@synapse_cleft 872 0.023650528 -0.0193318475 0.0187431511 0 0 0
nt@synapse_cleft 877 -0.0426058802 0.0130751301 0.0155598258 0 0 0
nt@synapse_cleft 884 -0.00352286666 0.0073615516 0.0179777437 0 0 0
nt@synapse_cleft 900 0.0180296583 -0.0219879385 0.0175529351 0 0 0
nt@synapse_cleft 904 -0.0362751637 0.0101797352 0.00448243994 0 0 0
nt@synapse_cleft 906 -0.0141935291 0.00594180893 0.0156445498 0 0 0
nt@synapse_cleft 908 -0.0396226496 0.00745203958 0.000299621764 0 0 0
nt@synapse_cleft 909 0.0254070541 0.00648962233 0.00636123786 0 0 0
nt@synapse_cleft 913 -0.0252560543 -0.00151711684 0.0194060476 0 0 0
nt@synapse_cleft 918 0.062153812 -0.00556346525 0.0154078663 0 0 0
nt@synapse_cleft 920 0.0180820792 -0.0139247314 0.0159511205 0 0 0
nt@synapse_cleft 924 -0.0355218377 -0.000685645472 0.0119030833 0 0 0
nt@synapse_cleft 925 -0.0283034797 0.0396725569 0.010659168 0 0 0
nt@synapse_cleft 926 -0.0168278107 -0.0543672439 0.0194418501 0 0 0
nt@synapse_cleft 932 0.0178558872 -0.0447742624 0.00269464269 0 0 0
nt@synapse_cleft 938 -0.0115253315 0.0147706031 0.00196167079 0 0 0
nt@synapse_cleft 940 -0.0503430457 -0.0267162326 0.00812711956 0 0 0
nt@synapse_cleft 941 -0.034835273 0.0458771878 0.0193948451 0 0 0
nt@synapse_cleft 942 0.0172965509 -0.0226587608 0.0028097627 0 0 0
nt@synapse_cleft 943 0.0242637258 -0.0106008314 0.00685010554 0 0 0
nt@synapse_cleft 944 -0.00327396223 -0.0559148917 0.00134189468 0 0 0
nt@synapse_cleft 945 -0.00999986142 0.0276245127 0.00115365834 0 0 0
nt@synapse_cleft 947 -0.0225255602 0.0105136911 0.0133869645 0 0 0
nt@synapse_cleft 953 -0.04386174 0.0196789187 0.0144441338 0 0 0
nt@synapse_cleft 954 0.0115698529 -0.00991187198 0.00665368116 0 0 0
nt@synapse_cleft 957 0.0475440675 -0.0256659636 0.00760124481 0 0 0
nt@synapse_cleft 960 -0.0252003883 0.0284908199 0.00742595105 0 0 0
nt@synapse_cleft 961 -0.0259675955 -0.00450993708 0.0132344503 0 0 0
nt@synapse_cleft 967 0.0411548892 -0.00279108519 0.0121347021 0 0 0
nt@synapse_cleft 976 -0.0234798455 0.0199789511 0.0170841994 0 0 0
nt@synapse_cleft 978 -0.0413850631 -0.0179875425 0.0102483528 0 0 0
nt@synapse_cleft 991 0.0290626338 -0.00710926056 0.0188720485 0 0 0
nt@synapse_cleft 992 0.0234760281 0.00756390946 0.00376602275 0 0 0
nt@synapse_cleft 994 -0.0335586421 -0.0126109353 0.0100920938 0 0 0
nt@synapse_cleft 998 0.000953827665 0.00076072889 0.00201884439 0 0 0
nt@synapse_cleft 999 0.044518318 -0.0395364059 0.00232488579 0 0 0
nt@synapse_cleft 1002 0.0146435639 0.0495989155 0.00244184691 0 0 0
nt@synapse_cleft 1004 -0.0155465284 0.00642888905 0.00397665926 0 0 0
nt@synapse_cleft 1011 0.0239497535 0.0204528537 0.0137584172 0 0 0
nt@synapse_cleft 1013 -0.0333888929 0.0399558333 0.0156930708 0 0 0
nt@synapse_cleft 1016 -0.0297950199 0.0183151388 0.014709726 0 0 0
nt@synapse_cleft 1018 -0.00424534077 -0.0238435123 0.0102743291 0 0 0
nt@synapse_cleft 1024 -0.0384166219 -0.014130094 0.0155255992 0 0 0
nt@synapse_cleft 1025 -0.00412198391 -0.0348216818 0.00166393133 0 0 0
nt@synapse_cleft 1027 0.0147266856 0.0340494791 0.0145317131 0 0 0
nt@synapse_cleft 1035 -0.026908036 -0.0192078465 0.0164801091 0 0 0
nt@synapse_cleft 1047 0.0241835501 -0.0460557514 0.000433604571 0 0 0
nt@synapse_cleft 1048 -0.000644435546 -0.0469431193 0.00248350529 0 0 0
nt@synapse_cleft 1050 0.00319789918 -0.0472843649 0.017824679 0 0 0
nt@synapse_cleft 1056 -0.00608486957 0.062266749 0.000726271976 0 0 0
nt@synapse_cleft 1062 0.0415986861 -0.00971185062 0.0129177604 0 0 0
nt@synapse_cleft 1077 -0.0290275751 -0.0128033192 0.0151161712 0 0 0
nt@synapse_cleft 1080 -0.0270564917 0.0191829487 0.0117552148 0 0 0
nt@synapse_cleft 1088 -0.0443189324 -0.00670923391 0.0189362943 0 0 0
nt@synapse_cleft 1092 -0.0164937555 -0.010126041 0.00921782489 0 0 0
nt@synapse_cleft 1102 -0.0182600643 -0.0198810296 0.0145141442 0 0 0
nt@synapse_cleft 1107 -0.0094735471 0.00450911657 0.0125886035 0 0 0
nt@synapse_cleft 1108 0.0148668538 0.0319036002 0.000830978945 0 0 0
nt@synapse_cleft 1110 0.0234167995 0.0162927368 0.0136816321 0 0 0
nt@synapse_cleft 1113 -0.0146797575 0.0142342681 0.00125019823 0 0 0
nt@synapse_cleft 1114 0.0158501396 -0.0233268302 0.00220182953 0 0 0
nt@synapse_cleft 1121 -0.000736732153 0.0434774825 0.000476848607 0 0 0
nt@synapse_cleft 1127 -0.0104103675 0.00338099491 0.00496397916 0 0 0
nt@synapse_cleft 1130 0.0305748956 -0.0206487788 0.00852415802 0 0 0
nt@synapse_cleft 1136 -0.00908640591 -0.0580753696 0.00835597886 0 0 0
nt@synapse_cleft 1138 0.0176594075 0.00584560851 0.0149425898 0 0 0
nt@synapse_cleft 1140 0.00907878492 -0.0314280234 0.0170216411 0 0 0
nt@synapse_cleft 1144 -0.0140319495 -0.00891435141 0.0118347165 0 0 0
nt@synapse_cleft 1145 0.0663634697 -0.016359312 0.0173775527 0 0 0
nt@synapse_cleft 1149 -0.0242993661 -0.00254397641 0.00915347079 0 0 0
nt@synapse_cleft 1152 0.0227547866 -0.00287673264 0.0148272545 0 0 0
nt@synapse_cleft 1157 0.0334536651 -0.0502693839 0.0166366013 0 0 0
nt@synapse_cleft 1165 0.018976396 0.0313669804 0.00231433023 0 0 0
nt@synapse_cleft 1166 -0.0104811767 0.0044718349 0.00863837233 0 0 0
nt@synapse_cleft 1167 0.0372804463 0.0319121233 0.0103283154 0 0 0
nt@synapse_cleft 1172 -0.00675367443 0.00099609738 0.00791323796 0 0 0
nt@synapse_cleft 1177 -0.00594052955 0.0741101324 0.00368292387 0 0 0
nt@synapse_cleft 1179 0.000959829699 -0.0213590861 0.00233938593 0 0 0
nt@synapse_cleft 1186 -0.0624742236 0.00133565955 0.00726951715 0 0 0
nt@synapse_cleft 1188 0.0223672483 -0.0421358519 0.00285894517 0 0 0
nt@synapse_cleft 1192 0.0156151006 -0.0113378506 0.0189764497 0 0 0
nt@synapse_cleft 1193 -0.029105352 -0.00719249718 0.00796945228 0 0 0
nt@synapse_cleft 1200 -0.0148065368 0.0198483195 0.0133083647 0 0 0
nt@synapse_cleft 1203 0.00342719207 0.0051317989 0.00872712377 0 0 0
nt@synapse_cleft 1204 0.00446192038 0.00531857671 0.00883452555 0 0 0
nt@synapse_cleft 1205 -0.0321426796 -0.0187408393 0.0154991476 0 0 0
nt@synapse_cleft 1206 -0.0329828765 -0.00185545899 0.0104101005 0 0 0
nt@synapse_cleft 1218 -0.00960666429 0.0251431581 0.0166211322 0 0 0
nt@synapse_cleft 1219 0.00154607364 0.00984366435 0.0136415806 0 0 0
nt@synapse_cleft 1237 -0.0169317792 -0.0324846421 0.00937377817 0 0 0
nt@synapse_cleft 1238 -0.0621325403 -0.0296634694 0.0184492592 0 0 0
nt@synapse_cleft 1243 -0.0175702889 -0.00076882229 0.00770511734 0 0 0
nt@synapse_cleft 1248 0.00305511283 0.0458533096 0.0128858683 0 0 0
nt@synapse_cleft 1251 -0.032077962 0.0109932916 0.0198726625 0 0 0
nt@synapse_cleft 1252 -0.034574479 0.00118456485 0.00485928167 0 0 0
nt@synapse_cleft 1254 -0.0235874141 0.0248683604 0.00835280782 0 0 0
nt@synapse_cleft 1270 0.0395123478 0.00599761979 0.00942220465 0 0 0
nt@synapse_cleft 1275 -0.0149555259 0.0116575809 0.00820367215 0 0 0
nt@synapse_cleft 1289 0.0421043021 -0.0093679421 0.00106811572 0 0 0
nt@synapse_cleft 1298 -0.00519937093 -0.0171404504 0.00298864654 0 0 0
nt@synapse_cleft 1302 -0.00933310312 0.0320710337 0.00270569141 0 0 0
nt@synapse_cleft 1311 0.0136610668 -0.0120193076 0.0130988507 0 0 0
nt@synapse_cleft 1316 -0.0296856698 -0.0328319623 0.0120874456 0 0 0
nt@synapse_cleft 1326 0.0238989414 0.0151372638 0.00514215839 0 0 0
nt@synapse_cleft 1328 0.0132913959 0.00547421783 0.00994316579 0 0 0
nt@synapse_cleft 1333 -0.0193069961 0.0291800019 0.00849376952 0 0 0
nt@synapse_cleft 1338 -0.0140702873 0.0136800048 0.00689016699 0 0 0
nt@synapse_cleft 1343 0.0124102857 0.0109237328 0.0177495363 0 0 0
nt@synapse_cleft 1347 -0.041791619 -0.0166888269 0.0169536349 0 0 0
nt@synapse_cleft 1348 0.0385661108 -0.0418828382 0.0186424693 0 0 0
nt@synapse_cleft 1349 -0.0125792317 -0.00746433792 0.00953398574 0 0 0
nt@synapse_cleft 1351 0.0413026517 -0.0321314771 0.00248752071 0 0 0
nt@synapse_cleft 1359 -0.0188492788 -0.0161939666 0.0119213036 0 0 0
nt@synapse_cleft 1361 -0.00696179387 -0.0550404961 0.00198873434 0 0 0
nt@synapse_cleft 1366 0.0240390065 -0.00404030128 0.014554077 0 0 0
nt@synapse_cleft 1368 0.030628934 0.0112961616 0.00388579927 0 0 0
nt@synapse_cleft 1372 -0.0211783246 0.0514850813 0.00518076713 0 0 0
nt@synapse_cleft 1380 -0.00664816623 0.0113078648 0.00537523069 0 0 0
nt@synapse_cleft 1381 0.0146124478 -0.0526973537 0.0149990436 0 0 0
nt@synapse_cleft 1382 0.0180722927 0.0153963855 0.00257297923 0 0 0
nt@synapse_cleft 1384 -0.0439202188 -0.0152737887 0.00867210033 0 0 0
nt@synapse_cleft 1390 0.0418598606 -0.00473882038 0.000784614183 0 0 0
nt@synapse_cleft 1393 -0.0345862523 0.0326616915 0.0050047641 0 0 0
nt@synapse_cleft 1394 0.0213347356 0.0232368461 0.0164311197 0 0 0
nt@synapse_cleft 1397 0.030037741 0.0246915622 0.0131901667 0 0 0
nt@synapse_cleft 1400 -0.0310784934 0.0130322222 0.00818916543 0 0 0
nt@synapse_cleft 1403 0.00702328541 -0.00183440019 0.0170679727 0 0 0
nt@synapse_cleft 1406 0.057735462 -0.0270882881 0.00593245799 0 0 0
nt@synapse_cleft 1408 -0.0178532337 -0.0141799658 0.0109575192 0 0 0
nt@synapse_cleft 1411 0.00781939527 0.00999780136 0.0177268486 0 0 0
nt@synapse_cleft 1416 -0.00849211749 0.0249380092 0.00494205307 0 0 0
nt@synapse_cleft 1419 0.00267256354 -0.0209962703 0.0111655969 0 0 0
nt@synapse_cleft 1425 0.00287544954 -0.039292238 0.0124971846 0 0 0
nt@synapse_cleft 1427 -0.0304624888 -0.00893930695 0.01755938 0 0 0
nt@synapse_cleft 1434 0.0131839048 0.0180372295 0.0153565465 0 0 0
nt@synapse_cleft 1438 -0.0113929927 -0.026813898 0.00536802368 0 0 0
nt@synapse_cleft 1440 0.00389502086 0.0216439708 0.00236962272 0 0 0
nt@synapse_cleft 1441 -0.0309241116 0.0132491329 0.0023434999 0 0 0
nt@synapse_cleft 1442 0.00147238201 0.0302262149 0.0198182516 0 0 0
nt@synapse_cleft 1444 -0.0252819797 -0.00811797013 0.00878270693 0 0 0
nt@synapse_cleft 1446 -0.016745207 -0.0305564207 0.00400786555 0 0 0
nt@synapse_cleft 1449 -0.031105786 -0.000806434553 0.00446169147 0 0 0
nt@synapse_cleft 1452 -0.0270138806 -0.0271827413 0.00213145209 0 0 0
nt@synapse_cleft 1454 -0.0174010457 0.0066697382 0.00994285023 0 0 0
nt@synapse_cleft 1455 -0.0264935284 0.0123170296 0.0181387989 0 0 0
nt@synapse_cleft 1464 -0.0521505415 0.0129368252 0.0133758594 0 0 0
nt@synapse_cleft 1470 -0.0656425974 -0.0301668889 0.0194592558 0 0 0
nt@synapse_cleft 1472 -0.0448325368 -0.00905419763 0.00976609505 0 0 0
nt@synapse_cleft 1473 0.00663407774 -0.0109107104 0.0155373377 0 0 0
nt@synapse_cleft 1479 -0.0113422555 0.0280445789 0.0186790568 0 0 0
nt@synapse_cleft 1481 0.0217401758 0.00330952401 0.0194719115 0 0 0
nt@synapse_cleft 1484 -0.00673636015 0.0129835218 0.0131962835 0 0 0
nt@synapse_cleft 1485 -0.01686333 -0.00152583965 0.0118250235 0 0 0
nt@synapse_cleft 1487 -0.0190623959 -0.0362045308 0.000281984971 0 0 0
nt@synapse_cleft 1488 0.0268561825 -0.00362151129 0.00264605051 0 0 0
nt@synapse_cleft 1494 0.00479054719 0.0145586422 0.0188910076 0 0 0
nt@synapse_cleft 1496 -0.000182045402 0.0253245843 0.0189071042 0 0 0
nt@synapse_cleft 1506 0.0280080039 0.00276882687 0.0114973517 0 0 0
nt@synapse_cleft 1507 0.00740674934 0.00246533565 0.00653362477 0 0 0
nt@synapse_cleft 1508 0.0219824655 0.0107331114 0.00856792734 0 0 0
nt@synapse_cleft 1512 0.00285911684 -0.00824216877 0.00486234381 0 0 0
nt@synapse_cleft 1519 -0.00389291648 -0.00645314196 0.0145545744 0 0 0
nt@synapse_cleft 1527 -0.00982980523 0.0416579806 0.00956559189 0 0 0
nt@synapse_cleft 1528 -0.0383380885 -0.00179111248 0.0110547138 0 0 0
nt@synapse_cleft 1531 0.000497898717 0.0243592187 0.0134685567 0 0 0
nt@synapse_cleft 1538 0.00600602991 0.0182187167 0.0182759441 0 0 0
nt@synapse_cleft 1542 -0.0121472592 0.0248580729 0.0092062333 0 0 0
nt@synapse_cleft 1545 0.00377682132 0.00299239931 0.0136007725 0 0 0
nt@synapse_cleft 1548 -0.0311698311 -0.0275032409 0.00919474277 0 0 0
nt@synapse_cleft 1553 0.0579567055 0.0148452172 0.000654242786 0 0 0
nt@synapse_cleft 1554 0.0181137151 0.00932675291 0.00226729607 0 0 0
nt@synapse_cleft 1561 -0.00169857362 -0.0548256842 0.00460204122 0 0 0
nt@synapse_cleft 1565 -0.00754057585 -0.00294743222 0.0148146413 0 0 0
nt@synapse_cleft 1571 -0.0139993213 -0.00225748357 0.0127879592 0 0 0
nt@synapse_cleft 1573 0.0149531583 0.0293058388 0.0033672748 0 0 0
nt@synapse_cleft 1588 0.00537706535 -0.017095056 0.019311615 0 0 0
nt@synapse_cleft 1592 0.00390065563 -0.0207989375 0.00181463537 0 0 0
nt@synapse_cleft 1597 0.00618139162 0.0331540986 0.00540364083 0 0 0
nt@synapse_cleft 1600 0.0222232259 -0.0295489542 0.00229145438 0 0 0
nt@synapse_cleft 1605 0.0184766669 0.000252007742 0.0109160408 0 0 0
nt@synapse_cleft 1606 -0.0364765823 0.00796839042 0.00858519134 0 0 0
nt@synapse_cleft 1611 -0.00523892265 -0.0266902712 0.00150732738 0 0 0
nt@synapse_cleft 1612 -0.0164596122 -0.0163027311 0.00819327717 0 0 0
nt@synapse_cleft 1617 0.0131950895 -0.0276676255 0.0055953346 0 0 0
nt@synapse_cleft 1619 0.0151535706 -0.00217063668 0.0184241313 0 0 0
nt@synapse_cleft 1628 0.0153036267 0.039236606 0.0113455844 0 0 0
nt@synapse_cleft 1635 0.0168782603 -0.0111166242 0.00515511902 0 0 0
nt@synapse_cleft 1641 0.0327089609 0.013598431 0.0127594649 0 0 0
nt@synapse_cleft 1642 0.0238923981 -0.0252876234 0.0122743155 0 0 0
nt@synapse_cleft 1655 0.0049744462 0.0172014831 0.00359393547 0 0 0
nt@synapse_cleft 1658 0.0187357526 0.0404898491 0.0139519823 0 0 0
nt@synapse_cleft 1660 0.0185840966 0.0192303579 0.00889783205 0 0 0
nt@synapse_cleft 1675 -0.0274230491 -0.00928049931 0.0153104552 0 0 0
nt@synapse_cleft 1678 0.00513250292 -0.0146085242 0.00334278081 0 0 0
nt@synapse_cleft 1681 -0.0209354621 0.00300758318 0.00567896281 0 0 0
nt@synapse_cleft 1684 0.00465822472 -0.0359067061 0.00493875878 0 0 0
nt@synapse_cleft 1686 -0.00628322685 0.0109940122 0.0171140335 0 0 0
nt@synapse_cleft 1687 -0.0340845825 -0.0283045614 0.00103243647 0 0 0
nt@synapse_cleft 1689 0.0122864959 0.0140963906 0.00490348187 0 0 0
nt@synapse_cleft 1692 -0.0179917107 0.0198583305 0.0129620484 0 0 0
nt@synapse_cleft 1695 0.0167294623 -0.0148350986 0.00493759501 0 0 0
nt@synapse_cleft 1701 -0.000290144281 0.0117451707 0.0161456546 0 0 0
nt@synapse_cleft 1707 -0.0255529823 -0.00708412302 0.0121734408 0 0 0
nt@synapse_cleft 1708 -0.0386494195 0.0107508461 0.000904362274 0 0 0
nt@synapse_cleft 1715 0.00661283176 0.003087128 0.0185785908 0 0 0
nt@synapse_cleft 1721 -0.00101839744 -0.0301026621 0.0105158923 0 0 0
nt@synapse_cleft 1725 0.0311600902 -0.00444242707 0.00525269498 0 0 0
nt@synapse_cleft 1729 0.00932347033 -0.0124195418 0.0096473765 0 0 0
nt@synapse_cleft 1736 0.0262851578 0.00863415998 0.0128204219 0 0 0
nt@synapse_cleft 1741 0.00418877406 -0.0208723155 0.0144744466 0 0 0
nt@synapse_cleft 1742 0.0124236603 -0.0460816129 0.00744020048 0 0 0
nt@synapse_cleft 1743 0.0392737269 0.0343769896 0.0178134441 0 0 0
nt@synapse_cleft 1745 -0.040839055 0.0276756299 0.000306176464 0 0 0
nt@synapse_cleft 1746 0.0106768352 -0.0147773253 0.0194295486 0 0 0
nt@synapse_cleft 1748 0.0562477985 0.0119123272 0.008601453 0 0 0
nt@synapse_cleft 1749 0.00160089471 -0.00233623233 0.00275819069 0 0 0
nt@synapse_cleft 1751 0.0360476406 0.0207097918 0.0138296107 0 0 0
nt@synapse_cleft 1759 -0.011391746 -0.0100727478 0.0136919297 0 0 0
nt@synapse_cleft 1761 -0.0216962845 0.00749244764 0.0129179119 0 0 0
nt@synapse_cleft 1762 -0.0215693544 -0.027991862 0.0152456106 0 0 0
nt@synapse_cleft 1768 0.00866028425 -0.021998229 0.0135290801 0 0 0
nt@synapse_cleft 1775 -0.00697737472 -0.00401123963 0.0045225028 0 0 0
nt@synapse_cleft 1778 0.0477562889 -0.0523374651 0.0149634451 0 0 0
nt@synapse_cleft 1781 -0.0171624086 0.0394174631 0.00380390163 0 0 0
nt@synapse_cleft 1793 0.0136722729 0.0352007345 0.0161736635 0 0 0
nt@synapse_cleft 1795 0.0271814687 -0.0104566325 0.0176956285 0 0 0
nt@synapse_cleft 1799 -0.0293548873 0.00139189385 0.00649598923 0 0 0
nt@synapse_cleft 1804 0.0128674273 0.00746589111 0.0165137088 0 0 0
nt@synapse_cleft 1805 -0.0115238856 0.00154343422 0.0193076336 0 0 0
nt@synapse_cleft 1806 -0.0105549837 0.00907809688 0.0109956843 0 0 0
nt@synapse_cleft 1810 -0.0533240634 -0.0456688625 0.0173259104 0 0 0
nt@synapse_cleft 1811 -0.000378521982 0.00987001081 0.006828844 0 0 0
nt@synapse_cleft 1812 -0.00130340213 0.0532715039 0.0154987981 0 0 0
nt@synapse_cleft 1815 -0.00487573924 0.0109655482 0.0106866713 0 0 0
nt@synapse_cleft 1824 0.0153314906 -0.000922185116 0.00138250343 0 0 0
nt@synapse_cleft 1826 0.0268975449 -0.0164951236 0.0178778017 0 0 0
nt@synapse_cleft 1829 0.0434589431 -0.0223658773 0.0125916722 0 0 0
nt@synapse_cleft 1830 -0.0366730048 -0.0154966716 0.0115585561 0 0 0
nt@synapse_cleft 1837 -0.0348187166 -0.0112031395 0.0129736537 0 0 0
nt@synapse_cleft 1838 -0.0103748445 -0.0349156281 0.007666834 0 0 0
nt@synapse_cleft 1843 0.0356866473 -0.00665989896 0.00751524321 0 0 0
nt@synapse_cleft 1846 -0.022977954 0.00522506347 0.0106159442 0 0 0
nt@synapse_cleft 1849 0.0435970082 0.00500825914 0.00719862255 0 0 0
nt@synapse_cleft 1853 0.0648721151 -0.0197564113 0.00806101815 0 0 0
nt@synapse_cleft 1854 0.00310592696 -0.0139439028 0.00760508041 0 0 0
nt@synapse_cleft 1856 0.0188084514 -0.0124916098 0.00808789612 0 0 0
nt@synapse_cleft 1864 -0.00322134627 -0.0211279369 0.0136722617 0 0 0
nt@synapse_cleft 1868 -0.0207030194 0.00219858595 0.0127869145 0 0 0
nt@synapse_cleft 1872 0.00178600378 -0.00729610785 0.0153190864 0 0 0
nt@synapse_cleft 1873 -0.0594719024 -0.000140659475 0.00107013865 0 0 0
nt@synapse_cleft 1875 -0.0284321978 0.0150876191 0.00391244166 0 0 0
nt@synapse_cleft 1877 0.00147752746 0.0247835012 0.0180308398 0 0 0
nt@synapse_cleft 1879 0.0586920415 -0.0564714805 0.015176376 0 0 0
nt@synapse_cleft 1880 -0.0214423297 -0.0225664527 0.00690050772 0 0 0
nt@synapse_cleft 1883 0.0110262208 0.0193527403 0.0192641999 0 0 0
nt@synapse_cleft 1885 -0.00793324628 0.00125214131 0.0076866769 0 0 0
nt@synapse_cleft 1887 -0.00599386285 0.0320965483 0.000948045114 0 0 0
nt@synapse_cleft 1892 -0.0022223991 0.00846210507 0.0041337773 0 0 0
nt@synapse_cleft 1894 -0.00911893217 0.0159988878 0.0160758737 0 0 0
nt@synapse_cleft 1896 0.0285032339 -0.00595106762 0.00730917585 0 0 0
nt@synapse_cleft 1900 -0.00744701916 -0.0136744518 0.00110290591 0 0 0
nt@synapse_cleft 1904 -0.0355047785 0.0409616938 0.00798701696 0 0 0
nt@synapse_cleft 1914 0.00520529459 0.0152920128 0.000195888058 0 0 0
nt@synapse_cleft 1918 -0.0136794939 0.057698772 0.010423905 0 0 0
nt@synapse_cleft 1921 0.000340048785 -0.0181605753 0.0102287597 0 0 0
nt@synapse_cleft 1923 -0.0118875895 0.0245283536 0.0158259475 0 0 0
nt@synapse_cleft 1925 0.00311200969 0.0266740864 0.0143774994 0 0 0
nt@synapse_cleft 1926 0.0133878433 -0.0086391963 0.0166022921 0 0 0
nt@synapse_cleft 1932 0.0127370126 -0.0126093895 0.0167496121 0 0 0
nt@synapse_cleft 1942 0.0268882711 -0.0277552057 0.00190618803 0 0 0
nt@synapse_cleft 1944 -0.000954204937 0.0174534053 0.0128440407 0 0 0
nt@synapse_cleft 1946 -0.0182594261 -0.00482824931 0.00286946499 0 0 0
nt@synapse_cleft 1953 -0.026045554 -0.0172278267 0.00581365767 0 0 0
nt@synapse_cleft 1961 0.0338063099 0.0180452713 0.00876855269 0 0 0
nt@synapse_cleft 1964 -0.00973477853 -0.00397050986 0.00513530411 0 0 0
nt@synapse_cleft 1967 0.0225717124 -0.0301133611 0.0120692078 0 0 0
nt@synapse_cleft 1970 -0.0185780228 -0.0391895022 0.00892066037 0 0 0
nt@synapse_cleft 1973 0.0275059911 0.0337915309 0.012789058 0 0 0
nt@synapse_cleft 1976 -0.0309210981 -0.0178094123 0.00433784696 0 0 0
nt@synapse_cleft 1980 -0.0159814011 -0.022933222 0.0033690376 0 0 0
nt@synapse_cleft 1984 -0.0528667559 -0.0142533174 0.00248567874 0 0 0
nt@synapse_cleft 1989 -0.0190149089 0.0106934606 0.014281861 0 0 0
nt@synapse_cleft 1990 0.023913146 0.0242596028 0.00392953784 0 0 0
nt@synapse_cleft 1993 -0.000569525472 -0.0189710113 0.0173755564 0 0 0
nt@synapse_cleft 1997 0.00523428568 0.0172457263 0.011742058 0 0 0
nt@synapse_cleft 2004 -0.0176135547 0.00720134945 0.0191047068 0 0 0
nt@synapse_cleft 2007 0.00626834376 0.0092588721 0.0197526349 0 0 0
nt@synapse_cleft 2008 0.0245174099 0.00619784603 0.011866755 0 0 0
nt@synapse_cleft 2013 -0.0125591422 -0.00318087306 0.00445219325 0 0 0
nt@synapse_cleft 2014 0.0177774202 0.0153760363 0.0152874685 0 0 0
nt@synapse_cleft 2019 0.0171491275 -0.00967123627 0.0168110757 0 0 0
nt@synapse_cleft 2026 0.0571399285 0.00124021234 0.00992271255 0 0 0
nt@synapse_cleft 2027 -0.00811383042 -0.0242197504 0.00242954846 0 0 0
nt@synapse_cleft 2032 -0.0229208706 -0.00496734847 0.0145798293 0 0 0
nt@synapse_cleft 2035 0.0518559621 0.0174181777 0.00241429862 0 0 0
nt@synapse_cleft 2036 0.0486031204 -0.0323082129 0.0150943376 0 0 0
nt@synapse_cleft 2039 0.0328340229 0.0106135247 0.0196196393 0 0 0
nt@synapse_cleft 2041 0.0344669008 -0.00236661231 0.0115248899 0 0 0
nt@synapse_cleft 2044 0.0159295446 -0.0217713722 0.00912960504 0 0 0
nt@synapse_cleft 2052 0.00186895942 -0.014567958 0.0169874704 0 0 0
nt@synapse_cleft 2058 -0.00751696355 -0.0346206784 0.0116621648 0 0 0
nt@synapse_cleft 2061 0.0172340096 -0.0010137117 0.00323643718 0 0 0
nt@synapse_cleft 2064 0.0221609329 0.0256219414 0.00341963227 0 0 0
nt@synapse_cleft 2091 -0.0151998495 0.0225945231 0.0124966677 0 0 0
nt@synapse_cleft 2092 0.0175989339 0.0311578316 0.00518906872 0 0 0
nt@synapse_cleft 2094 -0.00947622384 -0.00158903098 0.0175419232 0 0 0
nt@synapse_cleft 2096 -0.013370803 -0.00693179341 0.000669332048 0 0 0
nt@synapse_cleft 2101 -0.00884879441 -0.0144991543 0.00544680268 0 0 0
nt@synapse_cleft 2104 0.0223320842 0.00384395601 0.00557040834 0 0 0
nt@synapse_cleft 2112 -0.0149254781 -0.0238816778 0.0057130668 0 0 0
nt@synapse_cleft 2115 -0.0248894169 0.00672190317 0.0141235008 0 0 0
nt@synapse_cleft 2124 0.0017735932 0.0422511403 0.00607057049 0 0 0
nt@synapse_cleft 2127 0.0175843431 0.0115338956 0.00456427539 0 0 0
nt@synapse_cleft 2133 0.0122932069 -0.0059671279 0.006647865 0 0 0
nt@synapse_cleft 2137 -0.0349001771 0.0533938192 0.0043938179 0 0 0
nt@synapse_cleft 2148 0.030266475 -0.0568574717 0.00487583331 0 0 0
nt@synapse_cleft 2156 0.0361715131 -0.0276573944 0.0162816338 0 0 0
nt@synapse_cleft 2162 -0.0129164703 0.0174943855 0.0148665886 0 0 0
nt@synapse_cleft 2163 0.0152200305 -0.000483055366 0.019829479 0 0 0
nt@synapse_cleft 2170 0.016363936 0.00399675911 0.014030561 0 0 0
nt@synapse_cleft 2177 -0.0115190376 -0.0336850655 0.00284873817 0 0 0
nt@synapse_cleft 2185 -0.0125207097 -0.0103757299 0.00958257947 0 0 0
nt@synapse_cleft 2187 -0.0156182694 0.00394376104 0.00688911498 0 0 0
nt@synapse_cleft 2188 -0.00415746741 0.0401162162 0.00676813758 0 0 0
nt@synapse_cleft 2199 0.0031613069 -0.0226706301 0.00301767844 0 0 0
nt@synapse_cleft 2204 -0.0354280095 0.00148716016 0.0178832122 0 0 0
nt@synapse_cleft 2206 -0.0156759459 -0.015170905 0.013236708 0 0 0
nt@synapse_cleft 2207 0.0319405858 0.00961896747 0.0149501116 0 0 0
nt@synapse_cleft 2217 0.0208890542 -0.0383683646 0.00464187095 0 0 0
nt@synapse_cleft 2218 0.0135544835 0.0132811205 0.0189724789 0 0 0
nt@synapse_cleft 2223 -0.020610947 0.01888413 0.00186665153 0 0 0
nt@synapse_cleft 2228 -0.00757342336 0.0108905145 0.00795770757 0 0 0
nt@synapse_cleft 2235 -0.00515090671 -0.0148709678 0.011547997 0 0 0
nt@synapse_cleft 2236 0.00303366949 0.0184371715 0.0139464374 0 0 0
nt@synapse_cleft 2248 -0.0314755604 -0.00129754215 0.00374071093 0 0 0
nt@synapse_cleft 2251 -0.00371437341 -8.85120716e-05 0.0134823634 0 0 0
nt@synapse_cleft 2254 -0.00793044625 -0.0206900873 0.0187711356 0 0 0
nt@synapse_cleft 2257 -8.64830935e-05 -0.00292395661 0.00250477786 0 0 0
nt@synapse_cleft 2262 -0.00365926291 0.0351359533 0.0147660666 0 0 0
nt@synapse_cleft 2265 0.031299744 0.0214589564 0.000682020943 0 0 0
nt@synapse_cleft 2269 -0.0333948453 0.0216048637 0.00718810691 0 0 0
nt@synapse_cleft 2271 -0.0628341648 0.0234721849 0.00370940398 0 0 0
nt@synapse_cleft 2274 -0.0143249077 0.0434712184 0.00356848945 0 0 0
nt@synapse_cleft 2278 0.0244414874 0.0345857921 0.00909508516 0 0 0
nt@synapse_cleft 2279 -0.00979020424 0.0103036516 0.0100633246 0 0 0
nt@synapse_cleft 2283 0.0327146571 -0.026611845 0.0075235797 0 0 0
nt@synapse_cleft 2284 0.0263794514 -0.00159154455 0.0123367094 0 0 0
nt@synapse_cleft 2285 -0.0199702158 -0.0131180984 0.0158664529 0 0 0
nt@synapse_cleft 2289 0.00942286563 -0.00299803829 0.0032966096 0 0 0
nt@synapse_cleft 2292 -0.00919627598 0.00149488847 0.0174926369 0 0 0
nt@synapse_cleft 2298 -0.037668922 -0.0233545416 0.0135377006 0 0 0
nt@synapse_cleft 2306 -0.000171796721 -0.048861669 0.0115749317 0 0 0
nt@synapse_cleft 2308 -0.0366766578 0.00951395171 0.00236591601 0 0 0
nt@synapse_cleft 2309 -0.00607265459 -0.00553852367 0.00998778308 0 0 0
nt@synapse_cleft 2314 -0.00697694094 -0.0296997088 0.0106683117 0 0 0
nt@synapse_cleft 2317 0.0335311623 0.00471776446 0.00586311634 0 0 0
nt@synapse_cleft 2320 0.0236005711 -0.0269394022 0.0013652216 0 0 0
nt@synapse_cleft 2321 0.0474708448 0.00623373117 0.00222047266 0 0 0
nt@synapse_cleft 2326 0.0224949391 0.0219297752 0.00426682556 0 0 0
nt@synapse_cleft 2327 -0.0306489297 -0.0385458398 0.0130610952 0 0 0
nt@synapse_cleft 2330 -0.0368249535 0.0123220359 0.0110144155 0 0 0
nt@synapse_cleft 2332 -0.0194815397 -0.00509806187 0.0172319977 0 0 0
nt@synapse_cleft 2343 0.00410544199 0.0018724994 0.0066504411 0 0 0
nt@synapse_cleft 2349 0.0372662358 -0.00156826759 0.00848066186 0 0 0
nt@synapse_cleft 2367 -0.0209316521 -0.0398561023 0.0120223791 0 0 0
nt@synapse_cleft 2369 -0.0117636143 -0.00196810348 0.00836399213 0 0 0
nt@synapse_cleft 2383 0.0171978315 -0.0376240521 0.0157369916 0 0 0
nt@synapse_cleft 2386 -0.0119080357 -0.017414826 0.00503036681 0 0 0
nt@synapse_cleft 2389 -0.0038002047 -0.0242203229 0.00544238975 0 0 0
nt@synapse_cleft 2397 0.00826711435 -0.0535790627 0.0170604792 0 0 0
nt@synapse_cleft 2400 -0.0242650362 -0.0433341164 0.012983923 0 0 0
nt@synapse_cleft 2410 0.0221699979 0.00428771541 0.0171178116 0 0 0
nt@synapse_cleft 2411 0.015907035 -0.0483273423 0.000516731988 0 0 0
nt@synapse_cleft 2412 -0.00486732643 0.0155848361 0.0139674802 0 0 0
nt@synapse_cleft 2417 -0.0173793838 0.0083384185 0.0147197006 0 0 0
nt@synapse_cleft 2421 -0.0071690472 0.0242551874 0.00601563555 0 0 0
nt@synapse_cleft 2423 0.0156108823 -0.0400959953 0.000914106082 0 0 0
nt@synapse_cleft 2437 0.0302113904 0.0124330598 0.0122908573 0 0 0
nt@synapse_cleft 2438 0.0032993739 -0.0421283717 0.00507724957 0 0 0
nt@synapse_cleft 2440 -0.0295968111 -0.0254368043 0.0121306917 0 0 0
nt@synapse_cleft 2448 0.00557278014 -0.000400970974 0.0121501297 0 0 0
nt@synapse_cleft 2456 -0.0215568782 -0.00704675859 0.0143784939 0 0 0
nt@synapse_cleft 2459 -0.00293449263 0.046220875 0.00237613945 0 0 0
nt@synapse_cleft 2462 -0.0115754004 0.046886122 0.00640182231 0 0 0
nt@synapse_cleft 2468 -0.054654106 -0.0164258329 0.0153660815 0 0 0
nt@synapse_cleft 2472 0.0501962808 -0.0513392198 0.0180154258 0 0 0
nt@synapse_cleft 2480 -0.00962374272 -0.0204509006 0.00596719662 0 0 0
nt@synapse_cleft 2481 -0.0238314525 -0.0119671866 0.00574918767 0 0 0
nt@synapse_cleft 2483 0.0360245119 0.0242736835 0.0194470738 0 0 0
nt@synapse_cleft 2491 0.00939809113 0.00594938756 0.0188848522 0 0 0
nt@synapse_cleft 2493 0.0222727975 -0.0454270977 0.00155867209 0 0 0
nt@synapse_cleft 2498 0.0152707297 -0.0193125469 0.000654960552 0 0 0
nt@synapse_cleft 2501 0.00145695298 0.00902338056 0.00172188595 0 0 0
nt@synapse_cleft 2502 0.0139909277 -0.0347078729 0.0179438197 0 0 0
nt@synapse_cleft 2509 -0.00465803358 -0.0214948068 0.0184762751 0 0 0
nt@synapse_cleft 2510 -0.000456102153 0.00324905245 0.0115917108 0 0 0
nt@synapse_cleft 2513 0.00132586921 0.00477057363 0.00758395736 0 0 0
nt@synapse_cleft 2517 0.000608522245 -0.00682203964 0.0197917396 0 0 0
nt@synapse_cleft 2520 0.0228332792 0.0197426121 0.0114269691 0 0 0
nt@synapse_cleft 2521 0.0061092415 0.0181933183 0.00857610054 0 0 0
nt@synapse_cleft 2525 0.0302391497 0.0171921369 0.00503986481 0 0 0
nt@synapse_cleft 2528 -0.0082831028 0.000829510264 0.0158709188 0 0 0
nt@synapse_cleft 2539 -0.00741129884 0.0159671207 0.0167503901 0 0 0
nt@synapse_cleft 2542 0.0189805334 -0.0245356426 0.0115056744 0 0 0
nt@synapse_cleft 2549 -0.00735048906 0.0686987541 0.0140239746 0 0 0
nt@synapse_cleft 2550 0.0375138098 -0.0148202203 0.010406564 0 0 0
nt@synapse_cleft 2555 0.0568519195 -0.023380506 0.000973529027 0 0 0
nt@synapse_cleft 2560 -0.0322048901 0.0179582679 0.00147758516 0 0 0
nt@synapse_cleft 2561 0.0207346537 0.0510099186 0.00249923411 0 0 0
nt@synapse_cleft 2563 0.00651285751 0.0165620277 0.0106195881 0 0 0
nt@synapse_cleft 2564 -0.0215096909 0.043597982 0.00442440741 0 0 0
nt@synapse_cleft 2566 -0.00385980019 6.32772891e-05 0.00508987259 0 0 0
nt@synapse_cleft 2570 0.0148503386 0.00592173524 0.0092045837 0 0 0
nt@synapse_cleft 2571 0.0172993969 -0.042407664 0.00623700272 0 0 0
nt@synapse_cleft 2577 0.00604156772 0.028085991 0.0133837485 0 0 0
nt@synapse_cleft 2586 0.0425184074 -0.00891198073 0.0147430205 0 0 0
nt@synapse_cleft 2591 -0.00416113954 -0.00668132551 0.00311671581 0 0 0
nt@synapse_cleft 2597 -0.0199811177 0.0029114374 0.0101082726 0 0 0
nt@synapse_cleft 2600 0.00977456503 0.049675877 0.0104040433 0 0 0
nt@synapse_cleft 2603 0.0139501232 -0.0169171022 0.0173704435 0 0 0
nt@synapse_cleft 2604 0.0324725581 -0.00836247928 0.0104364723 0 0 0
nt@synapse_cleft 2610 0.00296379309 -0.0352742866 0.00347509615 0 0 0
nt@synapse_cleft 2613 -0.038632772 -0.0255403739 0.0199278869 0 0 0
nt@synapse_cleft 2615 -0.00461436299 -0.0695090147 0.00886166588 0 0 0
nt@synapse_cleft 2617 -0.0120691293 0.020465084 0.0136551091 0 0 0
nt@synapse_cleft 2623 -0.0168647929 -0.0224140373 0.000363582693 0 0 0
nt@synapse_cleft 2625 -0.0528012091 -0.0215982363 0.000555824183 0 0 0
nt@synapse_cleft 2628 0.0328905165 -0.0272383457 0.0154113848 0 0 0
nt@synapse_cleft 2631 -0.00332108301 0.0269823163 0.0156242496 0 0 0
nt@synapse_cleft 2639 0.0131502408 -0.00761620608 0.0079977689 0 0 0
nt@synapse_cleft 2641 -0.0282405891 -0.0212012078 0.0022364786 0 0 0
nt@synapse_cleft 2645 0.0117823284 0.025465858 0.000291854982 0 0 0
nt@synapse_cleft 2650 0.0316673074 -0.00843036322 0.00393762011 0 0 0
nt@synapse_cleft 2652 -0.0117374931 0.00261315497 0.0106247753 0 0 0
nt@synapse_cleft 2660 -0.0119670707 -0.0258773638 0.0196362111 0 0 0
nt@synapse_cleft 2670 -0.0320645467 -0.00805990571 0.00547636456 0 0 0
nt@synapse_cleft 2674 -0.016148338 0.00542652837 0.00580866851 0 0 0
nt@synapse_cleft 2675 -0.0136476288 0.00801404231 0.0138215399 0 0 0
nt@synapse_cleft 2680 -0.056423716 -0.0272505953 0.00659368127 0 0 0
nt@synapse_cleft 2681 -0.0304534074 -0.0213652599 0.0184140032 0 0 0
nt@synapse_cleft 2688 -0.0533643842 0.0572337538 0.0145013966 0 0 0
nt@synapse_cleft 2702 -0.00188043573 -0.00987880139 0.000157419219 0 0 0
nt@synapse_cleft 2708 -0.0413141931 -0.00154996014 0.00157552034 0 0 0
nt@synapse_cleft 2709 0.00332790421 0.00445943952 0.0186090024 0 0 0
nt@synapse_cleft 2710 -0.00482719795 -0.0221038697 0.00961877677 0 0 0
nt@synapse_cleft 2713 0.000156679744 -0.0254254123 0.0142481657 0 0 0
nt@synapse_cleft 2714 0.0442048365 0.0233389786 0.0083985026 0 0 0
nt@synapse_cleft 2720 0.0121350981 0.0183696511 0.00953417862 0 0 0
nt@synapse_cleft 2724 0.00816507562 -0.0132195664 0.0149428227 0 0 0
nt@synapse_cleft 2729 0.027901233 -0.0111942122 0.0189777277 0 0 0
nt@synapse_cleft 2734 0.0326193942 0.00315696035 0.014544789 0 0 0
nt@synapse_cleft 2739 0.0308109756 -0.0139645866 0.00901010192 0 0 0
nt@synapse_cleft 2743 -0.000935544465 -0.0321746709 0.0161805315 0 0 0
nt@synapse_cleft 2750 0.0390726544 -0.0349363941 0.0152520398 0 0 0
nt@synapse_cleft 2752 -0.0165685915 -0.0153174138 0.0157401799 0 0 0
nt@synapse_cleft 2756 0.0336773198 -0.0173732168 0.0070649933 0 0 0
nt@synapse_cleft 2758 -0.000385995748 -0.0141531188 0.0155209252 0 0 0
nt@synapse_cleft 2766 -0.0449360799 0.0298202167 0.0152702077 0 0 0
nt@synapse_cleft 2775 0.0403106787 -0.0198779103 0.0154572101 0 0 0
nt@synapse_cleft 2785 0.00511002701 0.0229023796 0.00719106449 0 0 0
nt@synapse_cleft 2798 -0.0239020687 0.0229494866 0.0136890036 0 0 0
nt@synapse_cleft 2807 -0.0157502335 0.0213876097 0.010692109 0 0 0
nt@synapse_cleft 2808 0.0135509615 0.0499451272 0.0127932299 0 0 0
nt@synapse_cleft 2815 -0.00438689497 0.0054029417 0.0195695981 0 0 0
nt@synapse_cleft 2820 0.0152034021 -4.5509546e-05 0.014222879 0 0 0
nt@synapse_cleft 2828 0.01966137 -0.0516438417 0.00362237379 0 0 0
nt@synapse_cleft 2837 -0.00716381036 0.00520972336 0.0198008802 0 0 0
nt@synapse_cleft 2848 0.00815943968 0.0112814624 0.00145601509 0 0 0
nt@synapse_cleft 2854 0.0165634897 -0.00781095981 0.00299991759 0 0 0
nt@synapse_cleft 2855 -0.0233470726 -0.0261752838 0.00146799792 0 0 0
nt@synapse_cleft 2857 0.0212476192 -0.0279613158 0.0175041024 0 0 0
nt@synapse_cleft 2861 -0.026584933 -0.00301738291 0.00330515968 0 0 0
nt@synapse_cleft 2863 -0.0281271673 0.0118821775 0.00415017338 0 0 0
nt@synapse_cleft 2868 0.00361734177 0.0140642002 0.00183647531 0 0 0
nt@synapse_cleft 2871 0.00745736286 -0.0521972562 0.018161821 0 0 0
nt@synapse_cleft 2875 0.0104572603 0.0140820802 0.0190651182 0 0 0
nt@synapse_cleft 2876 -0.0196197389 0.00169580897 0.0166908708 0 0 0
nt@synapse_cleft 2880 0.0035885008 0.0149503553 0.00929027622 0 0 0
nt@synapse_cleft 2884 0.0374209559 -0.00462065259 0.0153606202 0 0 0
nt@synapse_cleft 2887 0.00134095201 -0.023103987 0.0162208018 0 0 0
nt@synapse_cleft 2894 0.0122351863 0.00891594797 0.00332069238 0 0 0
nt@synapse_cleft 2895 0.0674706643 -0.00606327344 0.0134243862 0 0 0
nt@synapse_cleft 2897 0.000144340684 -0.0372057602 0.012879235 0 0 0
nt@synapse_cleft 2905 -0.0209583926 0.0209114069 0.0101158024 0 0 0
nt@synapse_cleft 2909 0.0371523206 -0.0114109628 0.0156292394 0 0 0
nt@synapse_cleft 2910 -0.0424376006 0.0154162875 0.0175953494 0 0 0
nt@synapse_cleft 2912 0.0146747643 -0.0138688024 0.00549488395 0 0 0
nt@synapse_cleft 2915 0.0141733099 -0.0307584158 0.0156646302 0 0 0
nt@synapse_cleft 2918 -0.0115966368 -0.0620499625 0.0113394803 0 0 0
nt@synapse_cleft 2920 0.0119930197 -0.00426575163 0.0198849843 0 0 0
nt@synapse_cleft 2921 -0.000291761088 0.0481727207 0.000694607566 0 0 0
nt@synapse_cleft 2922 0.0656313532 -0.0236843767 0.0164744292 0 0 0
nt@synapse_cleft 2925 -0.011904594 0.0232369874 0.0136748781 0 0 0
nt@synapse_cleft 2928 -0.00817621741 0.0577341811 0.00173950925 0 0 0
nt@synapse_cleft 2933 -0.0152796815 -0.00984876326 0.00739885483 0 0 0
nt@synapse_cleft 2935 -0.0304745253 -0.00272836855 0.0169352582 0 0 0
nt@synapse_cleft 2940 0.00435566822 -0.0253148137 0.000804297464 0 0 0
nt@synapse_cleft 2945 -0.0254671032 -0.0114743174 0.010369349 0 0 0
nt@synapse_cleft 2946 0.0122721484 -0.0128224058 0.00890889189 0 0 0
nt@synapse_cleft 2961 0.0772158485 -0.0305713355 0.00275239736 0 0 0
nt@synapse_cleft 2962 0.0180149199 0.012249229 0.0048122684 0 0 0
nt@synapse_cleft 2967 -0.0174525065 -0.0495303169 0.00689914397 0 0 0
nt@synapse_cleft 2983 0.00851479661 -0.0435055664 0.00229067264 0 0 0
nt@synapse_cleft 2992 -0.0241083431 0.0214350976 0.00935715558 0 0 0
nt@synapse_cleft 2993 -0.00138132715 0.0429858044 0.0017199354 0 0 0
nt@synapse_cleft 2997 0.0232685027 -0.0172026209 0.00185851917 0 0 0
nt@synapse_cleft 3006 0.0237760781 0.0280317983 0.0102539792 0 0 0
nt@synapse_cleft 3008 0.0194379733 0.0573984936 0.0114608519 0 0 0
nt@synapse_cleft 3012 0.0259052555 -0.00663311831 0.0116339193 0 0 0
nt@synapse_cleft 3019 -0.0119423357 0.00294213864 0.00910147128 0 0 0
nt@synapse_cleft 3020 -0.0205436222 -0.0171517237 0.00641804206 0 0 0
nt@synapse_cleft 3024 0.0189629008 0.018412145 0.0125685976 0 0 0
nt@synapse_cleft 3026 -0.0137101561 0.00573359052 0.00962701838 0 0 0
nt@synapse_cleft 3042 0.000671363885 0.00950219057 0.00874514586 0 0 0
nt@synapse_cleft 3047 0.0290949917 0.0450162784 0.00345730255 0 0 0
nt@synapse_cleft 3057 0.0124447575 -0.0136627797 0.0185048111 0 0 0
nt@synapse_cleft 3061 0.00174551727 0.0321528703 0.000395192898 0 0 0
nt@synapse_cleft 3062 -0.00384429523 -0.0159157372 0.00556740594 0 0 0
nt@synapse_cleft 3069 0.0444698117 -0.0363029302 0.0150812279 0 0 0
nt@synapse_cleft 3073 -0.00458082905 0.0379094034 0.00480642122 0 0 0
nt@synapse_cleft 3078 -0.0245919607 -0.0140509489 0.00682771105 0 0 0
nt@synapse_cleft 3082 0.0134414935 0.0227980567 0.0188382959 0 0 0
nt@synapse_cleft 3089 -0.00247068747 -0.0105945905 0.0049928551 0 0 0
nt@synapse_cleft 3096 -0.00439694534 0.0377050672 0.00431362874 0 0 0
nt@synapse_cleft 3097 0.0385041983 0.0184931031 0.000247539727 0 0 0
nt@synapse_cleft 3099 -0.0233120427 0.0160664076 0.00181309218 0 0 0
nt@synapse_cleft 3111 -0.0107771049 -0.00994881184 0.00413122505 0 0 0
nt@synapse_cleft 3113 -0.0108322354 0.0208177234 0.0133772898 0 0 0
nt@synapse_cleft 3114 0.0225263409 0.0283820979 0.0169189268 0 0 0
nt@synapse_cleft 3122 -0.012349385 -0.000507123431 0.00110195554 0 0 0
nt@synapse_cleft 3132 -0.0206498653 -0.00610438193 0.000969603726 0 0 0
nt@synapse_cleft 3134 0.00571061677 0.0326092347 0.0170956506 0 0 0
nt@synapse_cleft 3150 0.0288843079 -0.0741303988 0.0100356164 0 0 0
nt@synapse_cleft 3155 0.000461158548 0.0148595544 0.01795586 0 0 0
nt@synapse_cleft 3158 -0.0133279839 -0.00617007755 0.00267045961 0 0 0
nt@synapse_cleft 3159 -0.0208475206 0.0149630508 0.0139027733 0 0 0
nt@synapse_cleft 3165 0.0184725692 -0.0025431741 0.00831683178 0 0 0
nt@synapse_cleft 3167 0.00477611696 0.0236704329 0.0138563026 0 0 0
nt@synapse_cleft 3177 0.0192785468 -0.0407580798 0.00253508406 0 0 0
nt@synapse_cleft 3178 -0.00929206683 -0.0231220756 0.0037144951 0 0 0
nt@synapse_cleft 3179 0.0187618557 -0.00448684195 0.00843569165 0 0 0
nt@synapse_cleft 3181 0.0041110495 0.0232709232 0.00252152958 0 0 0
nt@synapse_cleft 3182 -0.00647969532 -0.00976023352 0.0150929991 0 0 0
nt@synapse_cleft 3183 0.000653094924 -0.0256112486 0.0180751228 0 0 0
nt@synapse_cleft 3184 0.00405899217 0.0200615038 0.00267002684 0 0 0
nt@synapse_cleft 3185 -0.00519364805 -0.0141693308 0.000893851908 0 0 0
nt@synapse_cleft 3187 -0.0254501294 0.00564448273 0.0166344797 0 0 0
nt@synapse_cleft 3190 0.0207112978 -1.71554727e-05 0.00782972977 0 0 0
nt@synapse_cleft 3199 -0.00450771601 0.0452329734 0.014097247 0 0 0
nt@synapse_cleft 3202 0.00445162908 0.0356272613 0.0117009918 0 0 0
nt@synapse_cleft 3207 -0.0105944742 -0.007933789 0.00910843701 0 0 0
nt@synapse_cleft 3211 0.0189227441 0.0122917721 0.00392047243 0 0 0
nt@synapse_cleft 3214 -0.00513418074 -0.00429663019 0.0108636783 0 0 0
nt@synapse_cleft 3220 0.0060341136 0.0172101849 0.00395506414 0 0 0
nt@synapse_cleft 3222 -0.0472703053 -0.0154021214 0.00830001129 0 0 0
nt@synapse_cleft 3227 0.00161492234 0.00871773635 0.00867256304 0 0 0
nt@synapse_cleft 3230 -0.068582793 -0.0212967717 0.00551160231 0 0 0
nt@synapse_cleft 3247 0.00398632073 -0.00652070618 0.0172308315 0 0 0
nt@synapse_cleft 3248 -0.0236165457 -0.0295525787 0.0181380724 0 0 0
nt@synapse_cleft 3249 -0.0165570503 0.00858183437 0.00385825077 0 0 0
nt@synapse_cleft 3275 -0.00428855679 -0.00888537893 0.0094560875 0 0 0
nt@synapse_cleft 3304 0.026662699 0.0716239657 0.0117034843 0 0 0
nt@synapse_cleft 3308 -0.0232036624 0.0349934057 0.00575245794 0 0 0
nt@synapse_cleft 3312 0.00380257186 -0.00687405353 0.000139238189 0 0 0
nt@synapse_cleft 3313 -0.00341842539 -0.0114968168 0.0182244065 0 0 0
nt@synapse_cleft 3316 0.0224577028 -0.000238083359 0.0096385795 0 0 0
nt@synapse_cleft 3324 -0.0113746495 -0.00161165785 0.00468343814 0 0 0
nt@synapse_cleft 3326 0.0112639614 -0.0155437001 0.00241787178 0 0 0
nt@synapse_cleft 3327 -0.00178719195 -0.0347280488 0.0111093831 0 0 0
nt@synapse_cleft 3334 0.0195813078 -0.00274317996 0.00716610848 0 0 0
nt@synapse_cleft 3335 0.0376424237 0.00688357212 0.0121183345 0 0 0
nt@synapse_cleft 3338 0.0116854059 -0.0332697681 0.0126389966 0 0 0
nt@synapse_cleft 3341 0.023161599 0.0028474766 0.00441784912 0 0 0
nt@synapse_cleft 3342 0.0124175851 -0.00951222311 0.0198276472 0 0 0
nt@synapse_cleft 3347 0.0216396775 -0.0414446074 0.00399232749 0 0 0
nt@synapse_cleft 3354 -0.0138139965 -0.0201172712 0.00730515025 0 0 0
nt@synapse_cleft 3367 0.00511464857 0.0183415801 0.0191502926 0 0 0
nt@synapse_cleft 3372 -0.047988716 -0.0215275696 0.0186762945 0 0 0
nt@synapse_cleft 3375 0.0440002258 0.024543247 0.0100575661 0 0 0
nt@synapse_cleft 3378 0.0112569303 0.0381457236 0.00434879673 0 0 0
nt@synapse_cleft 3394 -0.00774859582 -0.00916284482 0.0103202064 0 0 0
nt@synapse_cleft 3401 0.0403709513 -0.00808646672 0.0193209421 0 0 0
nt@synapse_cleft 3402 -0.00461643441 -0.0137622522 0.0040358929 0 0 0
nt@synapse_cleft 3404 0.0174118962 -0.0225141725 0.0036516862 0 0 0
nt@synapse_cleft 3405 0.0231084561 0.0294314143 0.01429915 0 0 0
nt@synapse_cleft 3407 0.0142328357 0.0484939711 0.00440059242 0 0 0
nt@synapse_cleft 3413 0.0234414949 0.0190714107 0.00345224069 0 0 0
nt@synapse_cleft 3415 -0.0229566442 0.0177551084 0.0131917335 0 0 0
nt@synapse_cleft 3419 -0.024362283 0.0241863688 0.00270605777 0 0 0
nt@synapse_cleft 3429 0.0372131914 -0.0192918748 0.0188596972 0 0 0
nt@synapse_cleft 3432 0.0487706914 -0.0710621881 0.000516029497 0 0 0
nt@synapse_cleft 3445 0.00932204005 0.0148852833 0.0198215012 0 0 0
nt@synapse_cleft 3451 0.0166254823 0.0145129524 0.00107252707 0 0 0
nt@synapse_cleft 3455 -0.0013103047 -0.00541958853 0.00821651911 0 0 0
nt@synapse_cleft 3467 -0.0682185815 0.0073609357 0.00690014143 0 0 0
nt@synapse_cleft 3470 0.0232467718 -0.0128963698 0.0191758688 0 0 0
nt@synapse_cleft 3472 -0.0199428131 0.0165409281 0.0194222648 0 0 0
nt@synapse_cleft 3474 0.0347246845 0.0025848185 0.0030359432 0 0 0
nt@synapse_cleft 3482 -0.0708131663 -0.0510741065 0.0175452761 0 0 0
nt@synapse_cleft 3484 -0.00462186624 0.0167778434 0.0141470489 0 0 0
nt@synapse_cleft 3496 0.00180614954 -0.00549508862 0.0174698925 0 0 0
nt@synapse_cleft 3500 0.018552301 -0.0313113754 0.0195406325 0 0 0
nt@synapse_cleft 3507 -0.0148313483 -0.0060870127 0.016468662 0 0 0
nt@synapse_cleft 3511 0.0242573045 -0.0208370376 0.00887877337 0 0 0
nt@synapse_cleft 3514 -0.0041184649 -0.0136704912 0.00955480728 0 0 0
nt@synapse_cleft 3519 0.0401259524 -0.0364986917 0.0138768875 0 0 0
nt@synapse_cleft 3525 -0.00852010586 -0.0139721649 0.0109081995 0 0 0
nt@synapse_cleft 3526 0.0165712394 -0.0467531402 0.00294078711 0 0 0
nt@synapse_cleft 3535 0.00376914812 -0.00354068034 0.00123967461 0 0 0
nt@synapse_cleft 3536 -0.00527023576 0.00950710022 0.0156317812 0 0 0
nt@synapse_cleft 3538 -0.0203536981 0.0127855968 0.000108308082 0 0 0
nt@synapse_cleft 3542 0.00301165217 0.04032374 0.00321834046 0 0 0
nt@synapse_cleft 3543 -0.0199598689 -0.0110218526 0.00120922666 0 0 0
nt@synapse_cleft 3546 0.00575970618 0.0149665948 0.00975587514 0 0 0
nt@synapse_cleft 3561 -0.0166464116 0.00862594202 0.00700801432 0 0 0
nt@synapse_cleft 3562 -0.0610085444 -0.0052170533 0.00244568059 0 0 0
nt@synapse_cleft 3563 0.012381743 -0.00759982685 0.0188559032 0 0 0
nt@synapse_cleft 3565 0.0281572036 -0.0349932577 0.0040284277 0 0 0
nt@synapse_cleft 3566 -0.0037214709 0.0500217423 0.0010711632 0 0 0
nt@synapse_cleft 3567 0.00663847923 0.00479807992 0.0111770061 0 0 0
nt@synapse_cleft 3568 0.0285726193 -0.0365535324 0.0108575562 0 0 0
nt@synapse_cleft 3569 0.024283109 -0.0126262664 0.00912945692 0 0 0
nt@synapse_cleft 3575 -0.0108075773 0.00623101461 0.000970781192 0 0 0
nt@synapse_cleft 3576 0.041978571 -0.00607938783 0.00835646728 0 0 0
nt@synapse_cleft 3579 -0.00465271108 -0.0199016181 0.00705446813 0 0 0
nt@synapse_cleft 3583 -0.00998339571 0.0072109082 0.00993997201 0 0 0
nt@synapse_cleft 3592 0.040435895 0.0325174916 0.0186383086 0 0 0
nt@synapse_cleft 3597 0.0170572316 -0.0458819932 0.0197930431 0 0 0
nt@synapse_cleft 3602 -0.0359748857 -0.00889687431 0.0096027351 0 0 0
nt@synapse_cleft 3603 -0.0104828578 0.028913187 0.0143930107 0 0 0
nt@synapse_cleft 3606 -0.0160859233 0.00249312905 0.00720292188 0 0 0
nt@synapse_cleft 3610 0.00197250902 0.00870551493 0.00120762737 0 0 0
nt@synapse_cleft 3611 0.017080662 -0.00785464862 0.0122166386 0 0 0
nt@synapse_cleft 3616 -0.0234322592 0.0402945635 0.0146277479 0 0 0
nt@synapse_cleft 3617 0.00406786344 -0.0554051567 0.0118188813 0 0 0
nt@synapse_cleft 3620 0.00615922575 0.0225570608 0.0151755576 0 0 0
nt@synapse_cleft 3625 0.0286652835 0.00465698106 0.0106601099 0 0 0
nt@synapse_cleft 3630 0.0177007659 0.0196834533 0.0130887373 0 0 0
nt@synapse_cleft 3635 -0.0134664836 0.0112422404 0.00239470543 0 0 0
nt@synapse_cleft 3636 -0.0268034762 -0.0048855126 0.0157760139 0 0 0
nt@synapse_cleft 3637 0.035908566 0.0200087675 0.00175103988 0 0 0
nt@synapse_cleft 3640 -0.0171438144 0.00264226706 0.0119387917 0 0 0
nt@synapse_cleft 3645 -0.00109499673 -0.019048842 0.00318325948 0 0 0
nt@synapse_cleft 3656 0.0224465977 -0.0117748726 0.00789813601 0 0 0
nt@synapse_cleft 3658 0.0158775012 -0.025169944 0.0124748387 0 0 0
nt@synapse_cleft 3661 0.0296192836 0.00695419051 0.0199405022 0 0 0
nt@synapse_cleft 3664 0.0450264174 -0.0244432715 0.00762758916 0 0 0
nt@synapse_cleft 3667 -0.0232900814 0.00906341885 0.00864371097 0 0 0
nt@synapse_cleft 3670 0.0218023243 -0.0262325098 0.0172235893 0 0 0
nt@synapse_cleft 3681 0.0416114753 -0.0157399631 0.0136340882 0 0 0
nt@synapse_cleft 3689 -0.0011951179 -0.0158523476 0.0196747008 0 0 0
nt@synapse_cleft 3690 0.0224768217 -0.0192425486 0.0169412559 0 0 0
nt@synapse_cleft 3693 -0.0610600309 -0.04140923 0.00910623272 0 0 0
nt@synapse_cleft 3706 0.031722196 -0.00350614817 0.0194074225 0 0 0
nt@synapse_cleft 3707 -0.0447813113 -0.00930103201 0.0179801846 0 0 0
nt@synapse_cleft 3713 0.0304936479 -0.0221203658 0.0108201725 0 0 0
nt@synapse_cleft 3714 -0.05924669 -0.00993473093 0.00860782201 0 0 0
nt@synapse_cleft 3726 0.000967297044 -0.0631735995 0.00736993894 0 0 0
nt@synapse_cleft 3728 -0.00258589045 0.0249184636 0.00230034163 0 0 0
nt@synapse_cleft 3730 0.0218457449 0.0294024243 0.0192249445 0 0 0
nt@synapse_cleft 3731 -0.00257527405 0.00641424837 0.0171469742 0 0 0
nt@synapse_cleft 3737 0.00356962609 0.0213551023 0.0168977966 0 0 0
nt@synapse_cleft 3738 -0.00147038043 0.0233315763 0.0148548215 0 0 0
nt@synapse_cleft 3739 0.00902593909 0.0487479444 0.0093526513 0 0 0
nt@synapse_cleft 3745 -0.00144307721 0.0141316247 0.00778247042 0 0 0
nt@synapse_cleft 3751 0.00645521523 -0.00225708501 0.0116714245 0 0 0
nt@synapse_cleft 3758 -0.0225601188 -0.0363577262 0.00264609094 0 0 0
nt@synapse_cleft 3759 -0.00661807346 -0.0229660318 0.00916801928 0 0 0
nt@synapse_cleft 3760 -0.0204438046 0.037063083 0.00161822581 0 0 0
nt@synapse_cleft 3763 0.0503648936 0.0374264367 0.00999983428 0 0 0
nt@synapse_cleft 3768 0.00970696538 -0.0259087267 0.0156728558 0 0 0
nt@synapse_cleft 3770 0.00900111441 0.00717005498 0.0183071577 0 0 0
nt@synapse_cleft 3771 0.0148276009 -0.00164106491 0.0182590942 0 0 0
nt@synapse_cleft 3775 0.00411149806 0.00302724036 0.0185919627 0 0 0
nt@synapse_cleft 3783 -0.0173698559 -0.0161623768 0.0170757649 0 0 0
nt@synapse_cleft 3788 -0.0281666129 -0.00888868953 0.00393231146 0 0 0
nt@synapse_cleft 3793 -0.0170100961 -0.0204985481 0.00241901662 0 0 0
nt@synapse_cleft 3800 0.0336242509 0.00288004637 0.0114435625 0 0 0
nt@synapse_cleft 3802 0.0274973114 0.0159432349 0.0115246079 0 0 0
nt@synapse_cleft 3811 -0.0296866331 -0.00391999534 0.0165668802 0 0 0
nt@synapse_cleft 3827 0.00622724292 0.0318617886 0.00374450309 0 0 0
nt@synapse_cleft 3831 0.00388421721 -0.0379309762 0.00208256786 0 0 0
nt@synapse_cleft 3834 0.0411724745 -0.0204078645 0.0147177415 0 0 0
nt@synapse_cleft 3835 0.0197863542 -0.036859245 0.014859289 0 0 0
nt@synapse_cleft 3841 0.0155451078 -0.0258738019 0.0127376054 0 0 0
nt@synapse_cleft 3844 -0.0062420397 -0.0107293033 0.000367343874 0 0 0
nt@synapse_cleft 3846 -0.0223796619 0.0116711547 0.00490987012 0 0 0
nt@synapse_cleft 3848 0.0247020576 0.0176914089 0.016189224 0 0 0
nt@synapse_cleft 3850 -0.0314819343 0.00862428931 0.00991648089 0 0 0
nt@synapse_cleft 3859 0.0497536516 0.000627827986 0.012729844 0 0 0
nt@synapse_cleft 3879 0.018496402 -0.0334356055 0.0013876386 0 0 0
nt@synapse_cleft 3886 0.0174755837 0.0407649775 0.0123652421 0 0 0
nt@synapse_cleft 3891 -0.000273407613 -0.0148825483 0.00974644397 0 0 0
nt@synapse_cleft 3902 -0.0110082901 0.00131649136 0.0143277347 0 0 0
nt@synapse_cleft 3907 -0.0254573458 -0.0173756083 0.00158128612 0 0 0
nt@synapse_cleft 3909 0.0054250232 0.0390319143 0.00998330076 0 0 0
nt@synapse_cleft 3917 -0.00662779807 -0.0231760571 0.00662430649 0 0 0
nt@synapse_cleft 3918 -0.00629072032 -0.0123358875 0.00923633293 0 0 0
nt@synapse_cleft 3921 0.0177572791 0.0350484061 0.014055677 0 0 0
nt@synapse_cleft 3927 0.00850607322 0.0335201315 0.00470657016 0 0 0
nt@synapse_cleft 3932 0.0145330422 -0.0149991183 0.00847276555 0 0 0
nt@synapse_cleft 3940 -0.00214195492 -0.0271228568 0.00864816116 0 0 0
nt@synapse_cleft 3941 -0.021102117 0.013615471 0.00597694127 0 0 0
nt@synapse_cleft 3949 -0.0213914933 0.00298952796 0.00388813627 0 0 0
nt@synapse_cleft 3952 -0.0221115673 0.0134864524 0.00828322511 0 0 0
nt@synapse_cleft 3953 0.0115407722 -0.0180709889 0.000438529875 0 0 0
nt@synapse_cleft 3956 -0.0172112742 -0.0188426103 0.0161060085 0 0 0
nt@synapse_cleft 3957 0.0375561012 -0.000798628232 0.0154937895 0 0 0
nt@synapse_cleft 3958 0.0178200587 0.0121171522 0.011379114 0 0 0
nt@synapse_cleft 3962 -0.0292221771 0.018014347 0.00994365055 0 0 0
nt@synapse_cleft 3963 0.018514519 0.0388097802 0.0187780597 0 0 0
nt@synapse_cleft 3965 -0.0296667264 -0.00422410286 0.0138799993 0 0 0
nt@synapse_cleft 3967 0.0118558532 -0.0195138519 0.000294493363 0 0 0
nt@synapse_cleft 3968 0.0116428489 -0.0102120897 0.0199416599 0 0 0
nt@synapse_cleft 3969 0.000414351765 -0.0259011679 0.00555227032 0 0 0
nt@synapse_cleft 3973 0.0215931845 -0.0109695949 0.0177933754 0 0 0
nt@synapse_cleft 3974 -0.0345119567 0.0392380434 0.00217699013 0 0 0
nt@synapse_cleft 3977 0.00273330037 0.0288331002 0.00380145599 0 0 0
nt@synapse_cleft 3978 0.0123432982 0.00285365555 0.0135098101 0 0 0
nt@synapse_cleft 3983 -0.0215557065 -0.0372366941 0.00525667744 0 0 0
nt@synapse_cleft 3988 -0.00563168833 -0.0259109928 0.0152822202 0 0 0
nt@synapse_cleft 3989 0.0504943929 -0.00480870821 0.01166623 0 0 0
nt@synapse_cleft 3991 0.0740824578 -0.0285068402 0.000304755652 0 0 0
nt@synapse_cleft 3993 -0.0452887242 0.00606456409 0.0172222116 0 0 0
nt@synapse_cleft 3997 -0.0588376553 -0.00200809514 0.0151776086 0 0 0
nt@synapse_cleft 3999 -0.049160076 -0.0032172771 0.0180467148 0 0 0
nt@synapse_cleft 4009 -0.00186749999 -0.0229296351 0.00564401403 0 0 0
nt@synapse_cleft 4011 0.0172942929 0.0102632558 0.00345148226 0 0 0
nt@synapse_cleft 4016 0.00450970152 0.0514825707 0.00578851681 0 0 0
nt@synapse_cleft 4018 0.0118992458 0.00838434444 0.00757604202 0 0 0
nt@synapse_cleft 4024 -0.0116454341 0.0417255583 0.003770349 0 0 0
nt@synapse_cleft 4025 -0.0385522269 -0.0068756432 0.000981365644 0 0 0
nt@synapse_cleft 4027 0.00641263877 -0.0235783797 0.000234027497 0 0 0
nt@synapse_cleft 4028 -0.0215787777 0.0274245558 0.014076245 0 0 0
nt@synapse_cleft 4037 -0.0258064918 0.0268192839 0.0109274492 0 0 0
nt@synapse_cleft 4040 0.0102057873 0.0187266217 0.0176038482 0 0 0
nt@synapse_cleft 4047 -0.00886995103 0.0147004432 0.0123953145 0 0 0
nt@synapse_cleft 4049 0.0252554936 0.00117644192 0.0192099305 0 0 0
nt@synapse_cleft 4051 0.0138781344 0.0190911744 0.0154928407 0 0 0
nt@synapse_cleft 4064 0.00887090124 0.00918384132 0.00745122526 0 0 0
nt@synapse_cleft 4070 -0.00785881716 0.0144917784 0.00848211857 0 0 0
nt@synapse_cleft 4071 -0.0336005276 -0.0326171155 0.0198445933 0 0 0
nt@synapse_cleft 4087 -0.00484925153 0.0364849023 0.0100346027 0 0 0
nt@synapse_cleft 4094 0.0371612278 -0.0277998157 0.00256607632 0 0 0
nt@synapse_cleft 4095 0.0284557988 0.0126037195 0.0137773697 0 0 0
nt@synapse_cleft 4099 -0.0115890868 0.0276894922 3.8810307e-05 0 0 0
nt@synapse_cleft 4102 0.03095503 -0.0283113558 0.0147274846 0 0 0
nt@synapse_cleft 4103 -0.00863329454 -0.00728568864 0.00429990468 0 0 0
nt@synapse_cleft 4106 0.0206671705 0.0115083743 0.00594924275 0 0 0
nt@synapse_cleft 4110 -0.0281417242 0.0248435236 0.00580563402 0 0 0
nt@synapse_cleft 4111 0.0526946924 0.0111094772 0.00125633114 0 0 0
nt@synapse_cleft 4115 -0.00284947615 0.0204745991 0.0155410423 0 0 0
nt@synapse_cleft 4116 0.0152886968 -0.00154539244 0.00706223028 0 0 0
nt@synapse_cleft 4119 0.0193776316 -0.0246089095 0.0175688516 0 0 0
nt@synapse_cleft 4123 -0.00148869711 0.0161776481 0.0156652776 0 0 0
nt@synapse_cleft 4126 0.0182523143 -0.0241573544 0.0106364119 0 0 0
nt@synapse_cleft 4129 -0.0156890168 0.00387915001 0.0128695578 0 0 0
nt@synapse_cleft 4131 -0.0280683158 0.0235761178 0.0155257084 0 0 0
nt@synapse_cleft 4132 0.023328668 0.0216672105 0.019850729 0 0 0
nt@synapse_cleft 4135 0.00426737404 -0.0150229234 0.000978342203 0 0 0
nt@synapse_cleft 4144 0.0174266922 -0.011468169 0.00282351625 0 0 0
nt@synapse_cleft 4150 -0.0437863833 -0.0612242371 0.00501133982 0 0 0
nt@synapse_cleft 4153 0.0061122222 -0.0137461576 0.00571246445 0 0 0
nt@synapse_cleft 4155 0.0111618338 -0.0534419117 0.0199928478 0 0 0
nt@synapse_cleft 4156 0.0295433829 0.00551505339 0.0111598249 0 0 0
nt@synapse_cleft 4157 0.0180391062 0.0139916069 0.0166735203 0 0 0
nt@synapse_cleft 4158 0.00171424094 -0.000106734754 0.0144116482 0 0 0
nt@synapse_cleft 4162 0.0254338845 -0.0218354879 0.00829111203 0 0 0
nt@synapse_cleft 4163 -0.00795268177 0.0322853158 4.32275725e-05 0 0 0
nt@synapse_cleft 4170 -0.0557309756 0.00203692772 0.00931761439 0 0 0
nt@synapse_cleft 4177 -0.0435274977 0.066814451 0.0108860132 0 0 0
nt@synapse_cleft 4178 -0.0159917244 -0.0408444139 0.00967128392 0 0 0
nt@synapse_cleft 4184 0.000198312023 -0.013680568 0.00690596213 0 0 0
nt@synapse_cleft 4187 -0.0305118812 -0.00873433477 0.0159692878 0 0 0
nt@synapse_cleft 4193 -0.00884463131 -0.0370458756 0.0129944512 0 0 0
nt@synapse_cleft 4196 -0.0175914655 0.0064684591 0.00129547739 0 0 0
nt@synapse_cleft 4210 0.0142312359 0.000422675933 0.0137237196 0 0 0
nt@synapse_cleft 4214 -0.0396440414 0.00349229901 0.0185371548 0 0 0
nt@synapse_cleft 4215 0.0220930642 -0.0524297494 0.00505874314 0 0 0
nt@synapse_cleft 4220 -0.000807758483 -0.0226989667 0.0179798442 0 0 0
nt@synapse_cleft 4228 0.0338110403 -0.0096592725 0.00519107644 0 0 0
nt@synapse_cleft 4229 -0.0199053716 -0.0149177955 0.019021046 0 0 0
nt@synapse_cleft 4230 -0.0195809913 0.0395679034 0.00817503049 0 0 0
nt@synapse_cleft 4233 0.021389843 0.0159858102 0.0120488524 0 0 0
nt@synapse_cleft 4234 -0.00309637299 -0.015932165 0.00626645905 0 0 0
nt@synapse_cleft 4236 0.00162804003 0.0162484359 0.0151964912 0 0 0
nt@synapse_cleft 4237 0.00473374337 -0.0176149412 0.0141700404 0 0 0
nt@synapse_cleft 4238 -0.0188994867 -0.0213970489 0.00260883951 0 0 0
nt@synapse_cleft 4241 -0.0523619432 0.0119369515 0.00475145922 0 0 0
nt@synapse_cleft 4242 0.0188682225 -0.0144595524 0.0196201475 0 0 0
nt@synapse_cleft 4243 0.0198863087 -0.00556600511 0.0136937595 0 0 0
nt@synapse_cleft 4252 0.0452474486 -0.0082451639 0.0104179071 0 0 0
nt@synapse_cleft 4254 -0.013486427 0.036419606 0.00617515995 0 0 0
nt@synapse_cleft 4255 -0.0302646045 -0.0388558028 0.0195949179 0 0 0
nt@synapse_cleft 4271 0.0112482921 -0.00999582782 0.0175975833 0 0 0
nt@synapse_cleft 4272 -0.0111013514 0.0295523148 0.0105873502 0 0 0
nt@synapse_cleft 4279 0.0114585031 -0.0334199703 0.0165249442 0 0 0
nt@synapse_cleft 4283 -0.0209394894 -0.00718532486 0.00639119626 0 0 0
nt@synapse_cleft 4284 0.0419884843 -0.0183238171 0.00938358066 0 0 0
nt@synapse_cleft 4285 -0.0327145876 0.0504033079 0.00896026966 0 0 0
nt@synapse_cleft 4288 0.0197307887 -0.0251030523 0.0185752607 0 0 0
nt@synapse_cleft 4293 -0.00460424939 -0.0205283234 0.0127638964 0 0 0
nt@synapse_cleft 4297 0.0356524083 -0.0159081163 0.00409131555 0 0 0
nt@synapse_cleft 4301 0.0090024372 -0.0035745302 0.00300626756 0 0 0
nt@synapse_cleft 4312 -0.0226759963 -0.0274670141 0.0084970359 0 0 0
nt@synapse_cleft 4317 -0.0107688448 0.0341449663 0.00724301047 0 0 0
nt@synapse_cleft 4326 0.0226711626 -0.0079853125 0.0141987605 0 0 0
nt@synapse_cleft 4330 -0.0207114744 0.00899046605 0.0164720215 0 0 0
nt@synapse_cleft 4334 0.00554227911 0.00246797565 0.000581515106 0 0 0
nt@synapse_cleft 4339 -0.00163935427 -0.010091197 0.00858574296 0 0 0
nt@synapse_cleft 4343 -0.0226166794 -0.039173357 0.0123387075 0 0 0
nt@synapse_cleft 4346 -0.000569066082 -0.00770343401 0.0158554717 0 0 0
nt@synapse_cleft 4351 0.0453132735 0.00936837837 0.00563052314 0 0 0
nt@synapse_cleft 4359 0.0208608997 0.0169956936 0.0019733868 0 0 0
nt@synapse_cleft 4360 0.021350362 0.00926322454 0.0171264781 0 0 0
nt@synapse_cleft 4363 -0.0374927785 0.011055223 0.0122656294 0 0 0
nt@synapse_cleft 4365 0.0165367123 0.02041674 0.00894973639 0 0 0
nt@synapse_cleft 4372 -0.00195039756 -0.0262608742 0.00607296083 0 0 0
nt@synapse_cleft 4374 -0.0158006739 -0.00934796154 0.0136286383 0 0 0
nt@synapse_cleft 4376 -0.02179314 -1.04026166e-05 0.00277999775 0 0 0
nt@synapse_cleft 4381 -0.0140724519 -0.0400090198 0.005519749 0 0 0
nt@synapse_cleft 4386 -0.0210447912 -0.0335389739 0.00124300942 0 0 0
nt@synapse_cleft 4391 0.0218253128 -0.0292489235 0.00975936776 0 0 0
nt@synapse_cleft 4392 -0.0130656297 0.0013692903 0.00250319155 0 0 0
nt@synapse_cleft 4394 0.0102114017 -0.00752180511 0.000991845102 0 0 0
nt@synapse_cleft 4395 0.0294065986 -0.0327700291 0.015872215 0 0 0
nt@synapse_cleft 4396 0.0128583709 -0.0504561345 0.00470751831 0 0 0
nt@synapse_cleft 4398 -0.0133306499 0.009318421 0.0147960216 0 0 0
nt@synapse_cleft 4399 0.0270064955 0.0357143396 0.0143755521 0 0 0
nt@synapse_cleft 4403 -0.0208795423 -0.0122346008 0.0141719044 0 0 0
nt@synapse_cleft 4405 -0.0295493786 -0.0216399703 0.00722318641 0 0 0
nt@synapse_cleft 4414 0.00107847629 -0.0235539071 0.00144309375 0 0 0
nt@synapse_cleft 4416 -0.0112656415 1.5053152e-05 0.0177880229 0 0 0
nt@synapse_cleft 4423 0.0328514902 -0.0153682583 0.0179917423 0 0 0
nt@synapse_cleft 4424 -0.0305568502 -0.0142869848 0.00173986318 0 0 0
nt@synapse_cleft 4426 0.00928251115 -0.0154542289 0.015065679 0 0 0
nt@synapse_cleft 4430 -0.00845259197 0.00456820497 0.00291813217 0 0 0
nt@synapse_cleft 4431 0.015299163 -0.0208950222 0.00646757236 0 0 0
nt@synapse_cleft 4434 0.0242088967 -0.0292213352 0.0162197798 0 0 0
nt@synapse_cleft 4436 0.0205918422 0.0212121861 0.0125326519 0 0 0
nt@synapse_cleft 4446 0.00905162517 0.0407896291 0.0199263884 0 0 0
nt@synapse_cleft 4449 0.0279104353 0.0468458656 0.0188167607 0 0 0
nt@synapse_cleft 4464 0.0010335263 -0.0266837884 0.0117371091 0 0 0
nt@synapse_cleft 4470 -0.00590938572 -0.028000446 0.0186111812 0 0 0
nt@synapse_cleft 4473 -0.00441986913 -0.0143775571 0.0026577962 0 0 0
nt@synapse_cleft 4478 -0.0151522856 0.0272570989 0.0181015302 0 0 0
nt@synapse_cleft 4480 0.0084940275 0.0337780031 0.0149586284 0 0 0
nt@synapse_cleft 4482 -0.0233294289 -0.00224888129 0.00522327186 0 0 0
nt@synapse_cleft 4485 0.0195090228 -0.0102622931 0.00461399888 0 0 0
nt@synapse_cleft 4488 0.0243251179 0.000872819993 0.014194959 0 0 0
nt@synapse_cleft 4489 0.0124577789 -0.00747878237 0.00691323223 0 0 0
nt@synapse_cleft 4496 -0.055590575 0.0378724467 0.0120175268 0 0 0
nt@synapse_cleft 4499 -0.00852302136 0.0109692965 0.0192882092 0 0 0
nt@synapse_cleft 4501 0.00963404432 0.00418279891 0.0182778161 0 0 0
nt@synapse_cleft 4514 0.0013907624 0.0176008252 0.009616729 0 0 0
nt@synapse_cleft 4517 -0.0384904875 0.0277144556 0.00446737186 0 0 0
nt@synapse_cleft 4524 0.000839505687 -0.0381752043 0.0191877066 0 0 0
nt@synapse_cleft 4527 0.0308529041 -0.0219986384 0.0118301454 0 0 0
nt@synapse_cleft 4538 -0.030108879 -0.0333986486 0.0098023068 0 0 0
nt@synapse_cleft 4540 0.0265588628 -0.0120839585 0.00991460671 0 0 0
nt@synapse_cleft 4542 0.0104752307 0.0263802786 4.25088457e-05 0 0 0
nt@synapse_cleft 4545 -0.022075392 0.0225307618 0.0135098713 0 0 0
nt@synapse_cleft 4551 -0.0153170128 0.0226186112 0.0188845991 0 0 0
nt@synapse_cleft 4553 -0.0317367736 0.00771843175 0.00687821503 0 0 0
nt@synapse_cleft 4559 -0.0146885836 0.035033039 0.0144901427 0 0 0
nt@synapse_cleft 4565 -0.0371990844 -0.0120601303 0.0153621839 0 0 0
nt@synapse_cleft 4572 0.00497414606 -0.00172576163 0.00749395813 0 0 0
nt@synapse_cleft 4574 0.0358978489 -0.0190013995 0.000946692554 0 0 0
nt@synapse_cleft 4576 -0.041466784 -0.0270985979 0.00900351656 0 0 0
nt@synapse_cleft 4583 -0.011480119 -0.005625527 0.00642003789 0 0 0
nt@synapse_cleft 4587 0.022100177 -0.0029574907 0.0120229031 0 0 0
nt@synapse_cleft 4590 -0.0409609847 -0.0231608268 0.0130107725 0 0 0
nt@synapse_cleft 4593 -0.0411945619 0.0471685388 0.0199883993 0 0 0
nt@synapse_cleft 4594 0.00237929381 0.00185767274 0.00735615594 0 0 0
nt@synapse_cleft 4595 0.0349209857 -0.0309946355 0.0124274639 0 0 0
nt@synapse_cleft 4600 -0.0360222022 0.00403325833 0.00572107356 0 0 0
nt@synapse_cleft 4613 0.0570674131 -0.00331526357 0.000522875052 0 0 0
nt@synapse_cleft 4620 0.010250416 -0.00994199606 0.00971337731 0 0 0
nt@synapse_cleft 4622 0.052497842 0.0477896821 0.00496773999 0 0 0
nt@synapse_cleft 4624 0.0159564825 -0.0180310449 0.0168160268 0 0 0
nt@synapse_cleft 4626 0.024144038 0.00335589705 0.0186646696 0 0 0
nt@synapse_cleft 4628 0.00283457578 0.0136013514 0.00651070346 0 0 0
nt@synapse_cleft 4654 0.0142338666 -0.0331664631 0.0128390017 0 0 0
nt@synapse_cleft 4658 -0.0324731965 0.0268890966 0.0069832184 0 0 0
nt@synapse_cleft 4659 -0.0483158808 0.021883755 0.0150852331 0 0 0
nt@synapse_cleft 4660 0.0300002137 -0.0330049693 0.00511733246 0 0 0
nt@synapse_cleft 4661 0.0105939411 -0.0354196491 0.00515216061 0 0 0
nt@synapse_cleft 4664 0.0105766908 -0.00452944562 0.00215818522 0 0 0
nt@synapse_cleft 4666 0.064148409 0.0204122811 0.0148381235 0 0 0
nt@synapse_cleft 4671 -0.00145362918 -0.0168320579 0.00296462801 0 0 0
nt@synapse_cleft 4681 0.00735577177 -0.0220699216 0.0116345107 0 0 0
nt@synapse_cleft 4687 0.00924183343 -0.00446379309 0.0151956704 0 0 0
nt@synapse_cleft 4699 -0.0324369673 0.0150044057 0.00560736351 0 0 0
nt@synapse_cleft 4700 -0.0354898655 0.0553402769 0.0146912323 0 0 0
nt@synapse_cleft 4701 0.0241900806 0.0209854683 0.0164028025 0 0 0
nt@synapse_cleft 4706 0.0090889458 -0.00905908273 0.00522036276 0 0 0
nt@synapse_cleft 4709 -0.00950320209 0.004053874 0.000308697547 0 0 0
nt@synapse_cleft 4710 -0.0187798401 -0.0437313521 0.00127561625 0 0 0
nt@synapse_cleft 4718 0.0508667869 0.0101250715 0.0121310604 0 0 0
nt@synapse_cleft 4732 -0.0153236658 0.0200365818 0.0162945948 0 0 0
nt@synapse_cleft 4736 0.00726130349 -0.000379179998 0.00294000085 0 0 0
nt@synapse_cleft 4746 -0.0460072802 -0.00762967864 0.00667360516 0 0 0
nt@synapse_cleft 4750 0.0127884895 -0.0642952321 0.00840661911 0 0 0
nt@synapse_cleft 4753 -0.0103960519 -0.00191443355 0.0110045796 0 0 0
nt@synapse_cleft 4754 -0.00895908987 0.00837061987 0.00980379214 0 0 0
nt@synapse_cleft 4756 -0.0136796433 0.0149842529 0.0107983726 0 0 0
nt@synapse_cleft 4758 -0.0409813581 0.0171878817 0.0136808458 0 0 0
nt@synapse_cleft 4764 0.012333806 -0.015610876 0.00742816143 0 0 0
nt@synapse_cleft 4767 -0.00118175266 0.0197759518 0.00174286432 0 0 0
nt@synapse_cleft 4779 0.0279226932 -0.0307949551 0.00344791808 0 0 0
nt@synapse_cleft 4784 0.0208910741 0.00552840895 0.0133105913 0 0 0
nt@synapse_cleft 4786 -0.0129268509 0.00754906753 0.00499900553 0 0 0
nt@synapse_cleft 4791 0.0399366463 -0.0128286673 0.00465549801 0 0 0
nt@synapse_cleft 4793 -0.0346376759 0.0217198793 0.016421101 0 0 0
nt@synapse_cleft 4800 0.0130647011 -0.00936889637 0.00400825391 0 0 0
nt@synapse_cleft 4801 -0.0200875355 0.00620095566 0.00651158846 0 0 0
nt@synapse_cleft 4807 0.011692289 -0.0129135202 0.0161177276 0 0 0
nt@synapse_cleft 4809 -0.0354892415 -0.0367698279 0.0179933312 0 0 0
nt@synapse_cleft 4814 -0.0279974034 0.0277665692 0.00280825176 0 0 0
nt@synapse_cleft 4816 -0.0372073193 -0.0138244307 0.0161186191 0 0 0
nt@synapse_cleft 4822 -0.00846548844 -0.0236347529 0.0142006397 0 0 0
nt@synapse_cleft 4823 -0.00327432279 0.0100229358 0.0174534983 0 0 0
nt@synapse_cleft 4824 0.000389340794 -0.0353456043 0.000555656137 0 0 0
nt@synapse_cleft 4829 0.0264371397 -0.0643749788 0.00938806152 0 0 0
nt@synapse_cleft 4830 -0.0162434906 0.0167197702 0.0195666785 0 0 0
nt@synapse_cleft 4833 -0.0119015809 -0.0277103271 0.0182548912 0 0 0
nt@synapse_cleft 4838 -0.00892406705 0.0312830912 0.0169813238 0 0 0
nt@synapse_cleft 4839 0.00509536923 0.000606900471 0.00486559602 0 0 0
nt@synapse_cleft 4844 0.0596253129 -0.017165386 0.0170952057 0 0 0
nt@synapse_cleft 4852 -0.0327106468 -0.012051998 0.0109676267 0 0 0
nt@synapse_cleft 4855 0.0219074066 0.01305895 0.0180299172 0 0 0
nt@synapse_cleft 4869 -0.0413765141 0.0168307081 0.0137985889 0 0 0
nt@synapse_cleft 4871 0.0239266364 0.0136926451 0.00769475377 0 0 0
nt@synapse_cleft 4880 -0.0154631573 -0.0170281335 0.0160226482 0 0 0
nt@synapse_cleft 4882 -0.0179746962 -0.0271040991 0.00370175473 0 0 0
nt@synapse_cleft 4883 -0.0366603113 0.00311484938 0.0140857222 0 0 0
nt@synapse_cleft 4890 -0.0163781359 0.00459004823 0.01117761 0 0 0
nt@synapse_cleft 4891 -0.00196820356 -0.00846076814 0.0101055107 0 0 0
nt@synapse_cleft 4892 -0.0193410324 0.0248258536 0.0160024032 0 0 0
nt@synapse_cleft 4896 -0.016441597 -0.0239290873 0.0115423156 0 0 0
nt@synapse_cleft 4897 0.0300125547 -0.0193083031 0.00824566618 0 0 0
nt@synapse_cleft 4901 0.00971521573 0.014668241 0.0055530368 0 0 0
nt@synapse_cleft 4905 -0.0130510948 -0.0120837319 0.00189628863 0 0 0
nt@synapse_cleft 4906 -0.001443661 -0.0293009611 0.00779863599 0 0 0
nt@synapse_cleft 4918 -0.0111433055 0.0127373703 0.0119326833 0 0 0
nt@synapse_cleft 4919 0.0126498512 0.00719260936 0.0137404206 0 0 0
nt@synapse_cleft 4925 0.0125550079 0.0066153166 0.00910445188 0 0 0
nt@synapse_cleft 4928 0.00314482458 0.0592375086 0.00617131599 0 0 0
nt@synapse_cleft 4931 0.015784387 -0.0095276232 0.0160227545 0 0 0
nt@synapse_cleft 4937 -0.0472265056 -0.00133954333 0.00565282836 0 0 0
nt@synapse_cleft 4946 -0.018442381 0.0231168747 0.00929424481 0 0 0
nt@synapse_cleft 4956 0.0165876678 -0.00549240666 0.00948880343 0 0 0
nt@synapse_cleft 4967 -0.0049399665 0.00602218199 0.00451882286 0 0 0
nt@synapse_cleft 4972 0.0284125741 -0.0211317176 0.0156000083 0 0 0
nt@synapse_cleft 4973 -0.0011043135 0.0457482372 0.0192597238 0 0 0
nt@synapse_cleft 4979 -0.00543577667 -0.0044515655 0.000863436758 0 0 0
nt@synapse_cleft 4980 0.00989898879 0.00824265588 0.0180329316 0 0 0
nt@synapse_cleft 4981 0.00613450705 -0.02689858 0.00931793944 0 0 0
nt@synapse_cleft 4982 0.00916676253 -0.00676668744 0.0181396257 0 0 0
nt@synapse_cleft 4983 -0.0169070322 0.0254224446 0.00588181644 0 0 0
nt@synapse_cleft 4988 0.0141465174 -0.0205605481 0.00185534413 0 0 0
nt@synapse_cleft 4989 -0.00287003383 -0.0183261209 0.0181467206 0 0 0
nt@synapse_cleft 4991 0.00514629802 -0.0165029978 0.00955347796 0 0 0
nt@synapse_cleft 5004 -0.0173741512 0.0198112235 0.000619439887 0 0 0
nt@synapse_cleft 5006 0.000894279937 -0.0100061724 0.00522765977 0 0 0
nt@synapse_cleft 5009 -0.0300743191 0.0190124715 0.00583108756 0 0 0
nt@synapse_cleft 5011 -0.0128613934 -0.0192697968 0.00571273348 0 0 0
nt@synapse_cleft 5015 -0.0218617788 -0.0188553451 0.0129643403 0 0 0
nt@synapse_cleft 5024 -0.00327548025 -0.00575326252 0.00763759138 0 0 0
nt@synapse_cleft 5044 -0.0315404822 0.00882648655 0.0159881267 0 0 0
nt@synapse_cleft 5045 0.0330429308 0.0261691971 0.00369989552 0 0 0
nt@synapse_cleft 5046 0.0015270534 -0.00915178336 0.0103885471 0 0 0
nt@synapse_cleft 5052 -0.00602956529 -0.00826815126 0.00784432086 0 0 0
nt@synapse_cleft 5055 -0.0136866754 0.00866293054 0.00875799504 0 0 0
nt@synapse_cleft 5059 -0.0332628968 0.0320337174 0.0169280657 0 0 0
nt@synapse_cleft 5061 0.0250176369 -0.0240325966 0.00115099335 0 0 0
nt@synapse_cleft 5063 -0.0285085891 0.0260491629 0.0122574002 0 0 0
nt@synapse_cleft 5077 0.0438174117 -0.0130261209 0.00941655834 0 0 0
nt@synapse_cleft 5081 0.0123603179 0.0102339659 0.00132170342 0 0 0
nt@synapse_cleft 5082 -0.00130058072 0.0505393606 0.00757270731 0 0 0
nt@synapse_cleft 5086 0.0243258651 0.0332300435 0.0103159873 0 0 0
nt@synapse_cleft 5106 0.000395195769 -0.0126293828 0.00308453773 0 0 0
nt@synapse_cleft 5133 -0.0204778087 0.0259016708 0.0179928173 0 0 0
nt@synapse_cleft 5145 0.0203857024 0.0294926338 0.0163324254 0 0 0
nt@synapse_cleft 5154 0.00921826504 0.0257281387 0.0153094242 0 0 0
nt@synapse_cleft 5159 -0.0320219445 0.000445430391 0.0145867856 0 0 0
nt@synapse_cleft 5163 -0.00523167709 0.0167829382 0.0109192095 0 0 0
nt@synapse_cleft 5164 0.00558431797 -0.0157427721 0.000976790236 0 0 0
nt@synapse_cleft 5173 -0.0434956647 -0.00561017153 0.0197333587 0 0 0
nt@synapse_cleft 5176 -0.0226318774 0.0521420142 0.0181129066 0 0 0
nt@synapse_cleft 5179 0.0254785877 0.0114729977 0.0093940152 0 0 0
nt@synapse_cleft 5182 0.0528670204 0.00995291477 0.00739810976 0 0 0
nt@synapse_cleft 5183 0.0385035027 0.00599352702 0.0114942482 0 0 0
nt@synapse_cleft 5193 0.0278164508 0.00306223786 0.0172179141 0 0 0
nt@synapse_cleft 5196 -0.00416459567 -0.00551571583 0.00973618393 0 0 0
nt@synapse_cleft 5198 0.00302403795 -0.0232133585 0.00112864379 0 0 0
