nt@synapse_cleft 0 0.00332752319 -0.00308723008 0.0154800665 0 0 0
nt@synapse_cleft 2 -0.0389903258 0.0135321995 0.00168454286 0 0 0
nt@synapse_cleft 7 0.000184520699 0.00435773666 0.0160278793 0 0 0
nt@synapse_cleft 9 0.0010232651 -0.0149685248 0.00402271927 0 0 0
nt@synapse_cleft 12 0.00612586342 0.0263055699 0.0100384477 0 0 0
nt@synapse_cleft 15 -0.0178993271 0.0136739334 0.00989775972 0 0 0
nt@synapse_cleft 17 0.0101795631 0.00523417103 0.00709552117 0 0 0
nt@synapse_cleft 23 0.00701862952 -0.0498716879 0.00834610429 0 0 0
nt@synapse_cleft 26 -0.0247281115 0.00313817448 0.0107138164 0 0 0
nt@synapse_cleft 30 0.0191830232 -0.0314115639 0.00200331574 0 0 0
nt@synapse_cleft 35 -0.0188273925 0.00744281852 0.0163706314 0 0 0
nt@synapse_cleft 42 0.00791514989 0.00379589801 0.0160795739 0 0 0
nt@synapse_cleft 45 -0.00640412872 0.019184373 0.0143192291 0 0 0
nt@synapse_cleft 54 0.011150507 0.0264608598 0.0134204412 0 0 0
nt@synapse_cleft 56 -0.0192680244 -0.0165649856 0.0177531929 0 0 0
nt@synapse_cleft 59 0.0225221553 0.0171925317 0.0136141158 0 0 0
nt@synapse_cleft 69 0.0180892348 -0.00745171638 0.00254426393 0 0 0
nt@synapse_cleft 72 -0.0190415447 0.0139115621 0.0156704401 0 0 0
nt@synapse_cleft 81 0.01155353 -0.0266504848 0.00284259964 0 0 0
nt@synapse_cleft 87 -0.0296236019 -0.0149236268 0.015813371 0 0 0
nt@synapse_cleft 89 0.0238200398 0.000158481903 0.00887082801 0 0 0
nt@synapse_cleft 100 -0.0203260031 -0.0176755914 0.019123407 0 0 0
nt@synapse_cleft 102 -0.0313849546 0.0196179878 0.00279731436 0 0 0
nt@synapse_cleft 103 0.0174144642 -0.0269132859 0.0046895708 0 0 0
nt@synapse_cleft 111 -0.0370154332 0.0333885982 0.0126383734 0 0 0
nt@synapse_cleft 114 0.0389377106 -0.028156268 0.0122866576 0 0 0
nt@synapse_cleft 115 -0.00493500345 -0.0515304559 0.00123894371 0 0 0
nt@synapse_cleft 116 -0.0176610397 -0.0195986849 0.00973934443 0 0 0
nt@synapse_cleft 118 0.0193825 -0.00628822895 0.0189137425 0 0 0
nt@synapse_cleft 127 -0.0175193645 -0.0186230537 0.0169879711 0 0 0
nt@synapse_cleft 135 -0.0178497236 -0.0189912095 0.0178083061 0 0 0
nt@synapse_cleft 137 -0.050420189 -0.0297078475 0.0101729701 0 0 0
nt@synapse_cleft 143 -0.00444733042 -0.0474609145 0.0143051171 0 0 0
nt@synapse_cleft 148 1.8298216e-05 0.0513626764 0.00190595183 0 0 0
nt@synapse_cleft 150 -0.0252713743 0.0156767902 0.000302602369 0 0 0
nt@synapse_cleft 156 -0.0182991912 0.00569680372 0.0151465171 0 0 0
nt@synapse_cleft 157 -0.0363650995 0.0216659628 0.0110247111 0 0 0
nt@synapse_cleft 160 0.0123470062 0.00431040727 0.012198481 0 0 0
nt@synapse_cleft 162 -0.0106139844 -0.0235387752 0.00944314637 0 0 0
nt@synapse_cleft 167 -0.00337965366 -0.0377244631 0.00802690196 0 0 0
nt@synapse_cleft 168 -0.0200401261 -0.0190389622 0.0194840418 0 0 0
nt@synapse_cleft 186 -0.0207618088 -0.0237018805 0.0191208145 0 0 0
nt@synapse_cleft 188 -0.0171104308 -0.000499244578 0.0124776666 0 0 0
nt@synapse_cleft 192 -0.0137561154 0.0280235256 0.00546344374 0 0 0
nt@synapse_cleft 194 -0.00240430151 -0.0176729592 0.0189695281 0 0 0
nt@synapse_cleft 195 0.01486942 0.0344284469 0.00762627397 0 0 0
nt@synapse_cleft 197 0.00943992261 -0.00766037283 0.0121940827 0 0 0
nt@synapse_cleft 199 0.0318327013 0.0215155412 0.0122179426 0 0 0
nt@synapse_cleft 203 0.00732958188 -0.00632267762 0.00174628862 0 0 0
nt@synapse_cleft 206 -0.00235890453 -0.0128702531 0.0198784176 0 0 0
nt@synapse_cleft 210 -0.0319370539 0.00681319804 0.00489768591 0 0 0
nt@synapse_cleft 219 0.0241795434 0.0491351731 0.0154129789 0 0 0
nt@synapse_cleft 224 -0.0090244809 0.0522433705 0.00571319283 0 0 0
nt@synapse_cleft 227 -0.0192088466 0.0308758066 0.0169770972 0 0 0
nt@synapse_cleft 231 0.00915604694 0.0403304523 0.0185166687 0 0 0
nt@synapse_cleft 235 0.01554268 -0.036342496 0.00545234934 0 0 0
nt@synapse_cleft 244 -0.0305806497 0.00763738047 0.01054352 0 0 0
nt@synapse_cleft 246 -0.0247093258 0.023252672 0.0126142834 0 0 0
nt@synapse_cleft 248 0.0188108305 -0.0273746267 0.0196407079 0 0 0
nt@synapse_cleft 256 -0.0444947015 -0.00710289279 0.0019035586 0 0 0
nt@synapse_cleft 263 0.0419849998 0.0203184351 0.009269486 0 0 0
nt@synapse_cleft 268 -0.0102416027 -0.00801384523 0.0124881659 0 0 0
nt@synapse_cleft 272 0.00752494843 -0.0304668904 0.0187916177 0 0 0
nt@synapse_cleft 284 -0.0276021001 0.0827926349 0.0189350318 0 0 0
nt@synapse_cleft 289 -0.0407360435 0.0513202611 0.0010863261 0 0 0
nt@synapse_cleft 293 0.0315140183 -0.00446027266 0.0111916555 0 0 0
nt@synapse_cleft 297 -0.0127563555 -0.0158486507 0.00676907621 0 0 0
nt@synapse_cleft 304 -0.0126035855 0.0204748465 0.0196177551 0 0 0
nt@synapse_cleft 306 0.0191858257 -0.0296922306 0.00780811776 0 0 0
nt@synapse_cleft 307 0.0210118632 0.0101460978 0.0199056871 0 0 0
nt@synapse_cleft 308 0.0164845365 0.0255032058 0.0126774317 0 0 0
nt@synapse_cleft 310 0.0268017227 -0.011510758 0.000471845326 0 0 0
nt@synapse_cleft 315 0.00482751253 0.0151156422 0.0108203262 0 0 0
nt@synapse_cleft 318 -0.0247235475 0.00106196119 0.0183967418 0 0 0
nt@synapse_cleft 319 0.0588138227 0.0051401346 0.0190631635 0 0 0
nt@synapse_cleft 321 0.0436709308 0.0151931256 0.00337764037 0 0 0
nt@synapse_cleft 325 -0.0673240242 0.0593895483 0.00286213477 0 0 0
nt@synapse_cleft 331 0.040770755 -0.0198606391 0.0172989962 0 0 0
nt@synapse_cleft 334 0.0226853592 -0.00773546732 0.0147004737 0 0 0
nt@synapse_cleft 335 0.0223314462 0.0188080887 0.0121784697 0 0 0
nt@synapse_cleft 339 -0.0427391602 -0.0397552333 0.00131141933 0 0 0
nt@synapse_cleft 347 0.0109895593 -0.0102614209 0.00697004543 0 0 0
nt@synapse_cleft 348 0.00971198164 -0.00578034521 0.0104242221 0 0 0
nt@synapse_cleft 350 0.0153088386 0.00560680675 0.000921892178 0 0 0
nt@synapse_cleft 352 -0.0137836007 0.00221879306 0.00232772247 0 0 0
nt@synapse_cleft 356 -0.0343957963 0.019759355 0.00749391403 0 0 0
nt@synapse_cleft 360 0.00901444524 0.0342078327 0.019415883 0 0 0
nt@synapse_cleft 361 -0.0284397223 0.0132199566 0.0172369298 0 0 0
nt@synapse_cleft 364 -0.00924522704 -0.0359397666 0.0167346029 0 0 0
nt@synapse_cleft 371 -0.0204253688 0.0419294454 0.00667075458 0 0 0
nt@synapse_cleft 372 -0.00594249777 0.0160816059 0.015127452 0 0 0
nt@synapse_cleft 376 -0.00321050168 0.00919416588 0.0165771285 0 0 0
nt@synapse_cleft 381 -0.020709248 -0.0167826009 0.00910494818 0 0 0
nt@synapse_cleft 383 -0.00794320995 0.0283310354 0.0136422376 0 0 0
nt@synapse_cleft 385 0.0155294739 0.0197451695 0.0156972089 0 0 0
nt@synapse_cleft 388 -0.0100381714 0.0094774731 0.0170202948 0 0 0
nt@synapse_cleft 391 0.029349591 -0.0390364201 0.00809663718 0 0 0
nt@synapse_cleft 392 0.000985496399 5.84635564e-05 0.0177530277 0 0 0
nt@synapse_cleft 395 -0.00185132155 -0.0288117505 0.0056769744 0 0 0
nt@synapse_cleft 397 0.00968088103 0.0213671064 0.0106534033 0 0 0
nt@synapse_cleft 399 -0.0140206188 0.0108857791 0.00156092864 0 0 0
nt@synapse_cleft 402 0.00400891311 0.0448907752 0.00230165435 0 0 0
nt@synapse_cleft 406 -0.020579266 -0.0352502393 0.0115712709 0 0 0
nt@synapse_cleft 415 0.000614216648 -0.0157788195 0.000204379438 0 0 0
nt@synapse_cleft 421 -0.0370809213 0.0343316024 0.0125802354 0 0 0
nt@synapse_cleft 426 0.031836372 -0.0172816017 0.00285985063 0 0 0
nt@synapse_cleft 429 -0.0157204736 0.030785374 0.0123394974 0 0 0
nt@synapse_cleft 440 0.0263724207 0.00647098749 0.00372839452 0 0 0
nt@synapse_cleft 444 0.0031385492 0.0288133382 0.013136266 0 0 0
nt@synapse_cleft 449 0.0127591819 -0.0157918049 0.00248703733 0 0 0
nt@synapse_cleft 452 0.0187859405 0.0324889601 0.0090963732 0 0 0
nt@synapse_cleft 453 0.00203245129 -0.00115935794 0.0174002336 0 0 0
nt@synapse_cleft 455 0.00407320275 -0.0336814206 0.0178492676 0 0 0
nt@synapse_cleft 461 -0.0205072558 -0.00812049831 0.00980610346 0 0 0
nt@synapse_cleft 477 0.00954172334 0.0043068405 0.0141805027 0 0 0
nt@synapse_cleft 479 -0.0119346941 0.00481960003 0.0148434783 0 0 0
nt@synapse_cleft 480 -0.0559340226 0.0238871429 0.000323849129 0 0 0
nt@synapse_cleft 482 -0.000380918348 0.0030114706 0.00230071888 0 0 0
nt@synapse_cleft 483 -0.00101662174 -0.0256372101 0.0162954277 0 0 0
nt@synapse_cleft 484 -0.0176331314 -0.0316647626 0.00848601016 0 0 0
nt@synapse_cleft 499 0.0168044363 0.0178565542 0.00848914868 0 0 0
nt@synapse_cleft 500 -0.00458879329 -0.0188164318 0.00988110005 0 0 0
nt@synapse_cleft 501 -0.000630729558 0.0192852258 0.013480129 0 0 0
nt@synapse_cleft 503 0.0130354002 -0.01970372 0.00758507254 0 0 0
nt@synapse_cleft 504 0.00849833763 0.0344935894 0.0098761317 0 0 0
nt@synapse_cleft 509 0.00192407568 0.0426704347 0.00143309972 0 0 0
nt@synapse_cleft 510 0.0169534835 0.0079849963 0.0136170011 0 0 0
nt@synapse_cleft 514 -0.0205912458 0.00061419263 0.0104175346 0 0 0
nt@synapse_cleft 522 -0.0338028464 0.0115655661 0.0126414346 0 0 0
nt@synapse_cleft 524 -0.00697070545 0.0110696744 0.0134417666 0 0 0
nt@synapse_cleft 530 0.0271036494 -0.0084105885 0.00854112604 0 0 0
nt@synapse_cleft 536 -0.0279879647 -0.0410236615 9.52486259e-06 0 0 0
nt@synapse_cleft 544 0.0251420154 0.0158323021 0.00753275448 0 0 0
nt@synapse_cleft 546 -0.0482902764 0.0271391059 0.0114195037 0 0 0
nt@synapse_cleft 548 -0.0148850656 0.0203265468 0.0176697922 0 0 0
nt@synapse_cleft 549 0.0418872455 -0.0376352083 0.00956881033 0 0 0
nt@synapse_cleft 551 0.00826739626 -0.0157023684 0.00817728977 0 0 0
nt@synapse_cleft 552 0.0155402047 -0.00346353213 0.0139956068 0 0 0
nt@synapse_cleft 557 -0.0287173796 0.00894552834 0.0178663998 0 0 0
nt@synapse_cleft 558 -0.0223513995 -0.0236359433 0.00377815187 0 0 0
nt@synapse_cleft 563 -0.0125277345 -0.0555590731 0.0186169524 0 0 0
nt@synapse_cleft 568 0.00199307279 0.00846924026 0.0121882822 0 0 0
nt@synapse_cleft 572 -0.0301153747 0.0140197523 0.00969713186 0 0 0
nt@synapse_cleft 575 0.00243216936 -0.00818912878 0.00941482595 0 0 0
nt@synapse_cleft 581 0.00701072391 0.00305071097 0.00124748587 0 0 0
nt@synapse_cleft 583 0.00881859187 0.0257650793 0.0122634944 0 0 0
nt@synapse_cleft 586 0.00467134082 0.0128344346 0.010408984 0 0 0
nt@synapse_cleft 591 -0.00597487979 0.0374859014 0.0145303789 0 0 0
nt@synapse_cleft 593 0.0106393847 0.0349765549 0.0196145841 0 0 0
nt@synapse_cleft 594 0.0378713784 0.0260301428 0.0128446406 0 0 0
nt@synapse_cleft 595 -0.00171685146 -0.0397378486 0.0103195116 0 0 0
nt@synapse_cleft 596 -0.0221805128 0.0125347795 0.0191588791 0 0 0
nt@synapse_cleft 598 -0.00502228987 0.00977327146 0.019217843 0 0 0
nt@synapse_cleft 611 -0.0194345051 0.00349442317 0.0146639238 0 0 0
nt@synapse_cleft 616 0.00210866009 -0.00942356439 0.00863165054 0 0 0
nt@synapse_cleft 618 -0.0163404127 -0.0324781805 0.00867026603 0 0 0
nt@synapse_cleft 620 -0.013186414 -0.00221898908 0.00411521037 0 0 0
nt@synapse_cleft 624 0.0234357864 -0.00788268125 0.0107206416 0 0 0
nt@synapse_cleft 627 -0.000457173791 -0.0176141007 0.0146633406 0 0 0
nt@synapse_cleft 629 0.0139927296 -0.0014689867 0.00594753064 0 0 0
nt@synapse_cleft 630 0.00466376345 0.00515112877 0.00650287222 0 0 0
nt@synapse_cleft 633 -0.0132984229 0.0311037143 0.00237241032 0 0 0
nt@synapse_cleft 634 0.0108200583 -0.0117096442 0.0170416003 0 0 0
nt@synapse_cleft 639 -0.0249195719 -0.0465638631 0.00948293593 0 0 0
nt@synapse_cleft 645 -0.00831118161 -0.0106702714 0.01092873 0 0 0
nt@synapse_cleft 647 0.00825999137 0.031428979 0.000539420925 0 0 0
nt@synapse_cleft 660 -0.0134216384 -0.0194245255 0.00349278236 0 0 0
nt@synapse_cleft 661 -0.0420135585 -0.0144356358 0.0018484692 0 0 0
nt@synapse_cleft 662 -0.00524184519 0.0036279132 0.00516877817 0 0 0
nt@synapse_cleft 664 -0.012311509 0.00464412552 0.00776080567 0 0 0
nt@synapse_cleft 674 -0.0143114916 0.00916584916 0.00322580527 0 0 0
nt@synapse_cleft 675 0.00251476307 0.0170522293 0.0188966404 0 0 0
nt@synapse_cleft 678 0.0200597367 -0.00431648651 0.00940858359 0 0 0
nt@synapse_cleft 679 -0.0156490921 -0.0123861908 0.00817973059 0 0 0
nt@synapse_cleft 681 -0.00513585485 -0.0199292024 0.0166226868 0 0 0
nt@synapse_cleft 684 -0.0191876105 -0.0111980012 0.0071901616 0 0 0
nt@synapse_cleft 689 0.0145926394 0.00173105976 0.0132275995 0 0 0
nt@synapse_cleft 691 0.0261608075 -0.00277054427 0.00620118902 0 0 0
nt@synapse_cleft 693 0.0178770288 0.0265740999 0.0164104777 0 0 0
nt@synapse_cleft 695 -0.0186784786 0.0247021609 0.0174287608 0 0 0
nt@synapse_cleft 698 0.00881305509 0.0141390279 0.0126510848 0 0 0
nt@synapse_cleft 699 -0.0153891122 -0.0647384989 0.00557817268 0 0 0
nt@synapse_cleft 704 0.00372905576 0.0139243825 0.00633220092 0 0 0
nt@synapse_cleft 710 0.035590347 -0.0105616069 0.00968230957 0 0 0
nt@synapse_cleft 712 -0.018555036 -0.0120544049 0.0138894509 0 0 0
nt@synapse_cleft 715 0.0124860715 0.0166796099 0.0188657352 0 0 0
nt@synapse_cleft 720 0.0336008826 -0.0376754862 0.000397159171 0 0 0
nt@synapse_cleft 721 0.00566908707 -0.00205667154 0.00386421103 0 0 0
nt@synapse_cleft 726 -0.0271181369 -0.0038366941 0.00740363376 0 0 0
nt@synapse_cleft 727 0.00117893566 0.0195002497 0.0140903517 0 0 0
nt@synapse_cleft 728 -0.00745596084 0.0109088226 0.000782748977 0 0 0
nt@synapse_cleft 732 0.0338827955 0.0483679352 0.00271214136 0 0 0
nt@synapse_cleft 735 -0.0444501827 0.00791642022 0.00470472713 0 0 0
nt@synapse_cleft 737 0.0405148698 -0.00183044793 0.0129317332 0 0 0
nt@synapse_cleft 741 0.00798994827 0.00234780364 0.00348481052 0 0 0
nt@synapse_cleft 744 -0.0149549305 0.0265019251 0.00450124059 0 0 0
nt@synapse_cleft 746 -0.00696493271 0.0126360515 0.00559993178 0 0 0
nt@synapse_cleft 750 0.0261287512 0.00558652343 0.0138579453 0 0 0
nt@synapse_cleft 754 -0.00830733753 -0.0241179646 0.01939394 0 0 0
nt@synapse_cleft 755 0.0221146392 0.0182952967 0.00301847764 0 0 0
nt@synapse_cleft 760 -0.00831637158 -0.061053395 0.00918105057 0 0 0
nt@synapse_cleft 762 0.00622911576 -0.0191121284 0.00846496802 0 0 0
nt@synapse_cleft 765 -0.0283872129 0.0175459724 0.0168315054 0 0 0
nt@synapse_cleft 768 -0.0215425905 -0.00893955074 0.0189696377 0 0 0
nt@synapse_cleft 769 0.00838479667 0.034824009 0.0117535275 0 0 0
nt@synapse_cleft 774 0.00404306658 0.0267302 0.0179933139 0 0 0
nt@synapse_cleft 777 0.0489211065 -0.0406242629 0.00368528569 0 0 0
nt@synapse_cleft 779 -0.0150257919 0.0123051327 0.015983784 0 0 0
nt@synapse_cleft 784 0.00952471638 0.00834460858 0.0196863618 0 0 0
nt@synapse_cleft 797 -0.00380844729 0.0333214101 0.00552135217 0 0 0
nt@synapse_cleft 803 -0.0290271004 -0.0448314663 0.0146036304 0 0 0
nt@synapse_cleft 804 0.00698902671 0.0247829124 0.00503227179 0 0 0
nt@synapse_cleft 814 0.0243216116 0.0264316016 0.00326553593 0 0 0
nt@synapse_cleft 816 -0.00563609116 -0.0200407969 0.00617984835 0 0 0
nt@synapse_cleft 817 0.00749075236 -0.0147311869 0.000993822118 0 0 0
nt@synapse_cleft 828 0.0162705137 -0.0285147795 0.0174352175 0 0 0
nt@synapse_cleft 831 -0.00586069589 -0.0222629694 0.0049923889 0 0 0
nt@synapse_cleft 833 -0.0213338573 -0.000892295716 0.0170075233 0 0 0
nt@synapse_cleft 837 -0.0216913788 -0.0201252211 0.0183938673 0 0 0
nt@synapse_cleft 844 -0.00903343725 -0.000359631527 0.0154855922 0 0 0
nt@synapse_cleft 847 0.0176190937 -0.0022686318 0.000836320743 0 0 0
nt@synapse_cleft 850 -0.0107766719 0.0290350939 0.0129241202 0 0 0
nt@synapse_cleft 854 0.00181179006 0.0300311099 0.000169761918 0 0 0
nt@synapse_cleft 866 -0.0049667183 -0.021602588 0.012920701 0 0 0
nt@synapse_cleft 871 -0.00915740725 0.00932432711 0.0129131996 0 0 0
nt@synapse_cleft 872 0.0182509854 -0.015881469 0.0100644546 0 0 0
nt@synapse_cleft 875 -0.020025706 -0.0299786458 0.0107829069 0 0 0
nt@synapse_cleft 877 -0.0435234801 0.0104278647 0.0126219671 0 0 0
nt@synapse_cleft 881 -0.0183046665 0.0142759317 0.0125287635 0 0 0
nt@synapse_cleft 884 -0.000450699055 0.0134642594 0.0161953844 0 0 0
nt@synapse_cleft 900 0.0182178197 -0.0130937798 0.018624185 0 0 0
nt@synapse_cleft 904 -0.034303364 0.00553364624 0.0045272006 0 0 0
nt@synapse_cleft 906 -0.0277439512 0.00937807524 0.00834338902 0 0 0
nt@synapse_cleft 908 -0.0389674176 -0.00734142532 0.0066107244 0 0 0
nt@synapse_cleft 909 0.0194436779 0.0102419678 0.0193778739 0 0 0
nt@synapse_cleft 913 -0.0152978567 -0.00562563249 0.00481375753 0 0 0
nt@synapse_cleft 918 0.0473980596 -0.00530465281 0.0179165235 0 0 0
nt@synapse_cleft 920 0.0166887303 -0.0080410708 0.0190443406 0 0 0
nt@synapse_cleft 924 -0.0247135097 0.0189050281 0.0164360951 0 0 0
nt@synapse_cleft 925 -0.0299174196 0.0525571597 0.0189639942 0 0 0
nt@synapse_cleft 926 -0.0105513944 -0.051971372 0.0187588748 0 0 0
nt@synapse_cleft 932 0.0170795841 -0.0383772197 0.00702855069 0 0 0
nt@synapse_cleft 938 -0.0169561297 0.018913885 0.0170480669 0 0 0
nt@synapse_cleft 940 -0.0578250008 -0.0274481045 0.0151100528 0 0 0
nt@synapse_cleft 941 -0.0242034323 0.0437148871 0.0161424647 0 0 0
nt@synapse_cleft 942 0.0185446213 -0.0303309173 0.00560537527 0 0 0
nt@synapse_cleft 943 0.0231098575 -0.0166797583 0.0188421494 0 0 0
nt@synapse_cleft 944 -0.0103388911 -0.0510905626 0.00864211713 0 0 0
nt@synapse_cleft 945 -0.0172610812 0.0201288156 0.00423716192 0 0 0
nt@synapse_cleft 947 -0.0207309236 0.00372652843 0.0132787406 0 0 0
nt@synapse_cleft 951 -0.00263785951 -0.0126369721 0.00425602712 0 0 0
nt@synapse_cleft 953 -0.0451141555 0.0185074912 0.0177905294 0 0 0
nt@synapse_cleft 954 0.00967816912 -0.017149181 0.00705497828 0 0 0
nt@synapse_cleft 957 0.0515262223 -0.0227851179 0.00160661422 0 0 0
nt@synapse_cleft 960 -0.0206620838 0.0388384887 0.00394316474 0 0 0
nt@synapse_cleft 961 -0.0314396166 -0.00420921722 0.0129923261 0 0 0
nt@synapse_cleft 967 0.0239553311 -0.000166212431 0.00975918776 0 0 0
nt@synapse_cleft 976 -0.0313894514 0.022277954 0.00692334372 0 0 0
nt@synapse_cleft 978 -0.0248016389 -0.0139434934 0.0095266237 0 0 0
nt@synapse_cleft 981 -0.034592703 0.00307766375 0.0144390644 0 0 0
nt@synapse_cleft 991 0.0328428929 -0.00133072799 0.0101577719 0 0 0
nt@synapse_cleft 992 0.0195377906 0.0154972157 0.012343575 0 0 0
nt@synapse_cleft 993 -0.0382531172 0.0397803573 0.000454325972 0 0 0
nt@synapse_cleft 994 -0.0245205074 -0.00963956247 0.00164952 0 0 0
nt@synapse_cleft 998 -0.000582385824 0.0164340114 0.013027513 0 0 0
nt@synapse_cleft 999 0.0378938467 -0.0267490482 0.00993787499 0 0 0
nt@synapse_cleft 1002 0.0229136584 0.0457838697 0.0191331113 0 0 0
nt@synapse_cleft 1004 -0.0096687393 0.010641437 0.00321034042 0 0 0
nt@synapse_cleft 1011 0.0210889226 0.0144982977 0.0149895409 0 0 0
nt@synapse_cleft 1013 -0.0167711687 0.0330698036 0.00317979954 0 0 0
nt@synapse_cleft 1016 -0.0334494595 0.0170322206 0.0154811732 0 0 0
nt@synapse_cleft 1018 0.0124724248 -0.0128389944 0.00858953096 0 0 0
nt@synapse_cleft 1024 -0.0310397942 -0.00114378972 0.0124106554 0 0 0
nt@synapse_cleft 1025 -0.0127591755 -0.0305092917 0.00582071008 0 0 0
nt@synapse_cleft 1027 0.0100804 0.031966239 0.0160201634 0 0 0
nt@synapse_cleft 1035 -0.0200063361 -0.00404900035 0.0179952019 0 0 0
nt@synapse_cleft 1047 0.00356338161 -0.0376697087 0.00816469271 0 0 0
nt@synapse_cleft 1048 -0.000520507076 -0.0437328435 0.00102092879 0 0 0
nt@synapse_cleft 1050 0.0111075677 -0.039977704 0.0142306672 0 0 0
nt@synapse_cleft 1056 -0.00123098978 0.0353433741 0.00397905282 0 0 0
nt@synapse_cleft 1062 0.0433959703 -0.00241824754 0.0153063467 0 0 0
nt@synapse_cleft 1065 -0.00476864506 0.018219387 0.0187756314 0 0 0
nt@synapse_cleft 1074 0.0110073037 -0.0103391298 0.0130847929 0 0 0
nt@synapse_cleft 1077 -0.0215027293 -0.0181591493 0.0110682758 0 0 0
nt@synapse_cleft 1080 -0.0190684659 0.014341866 0.0122084523 0 0 0
nt@synapse_cleft 1088 -0.0355291672 -0.0147786384 0.0156897256 0 0 0
nt@synapse_cleft 1092 -0.0206221518 -0.00993300014 0.00999052325 0 0 0
nt@synapse_cleft 1098 -0.0101203244 0.0258326873 0.00369267648 0 0 0
nt@synapse_cleft 1102 -0.0139540032 -0.00828527093 0.0164743049 0 0 0
nt@synapse_cleft 1107 -0.0151234233 0.015890756 0.00441632808 0 0 0
nt@synapse_cleft 1108 0.0162525333 0.0342318242 0.000155532227 0 0 0
nt@synapse_cleft 1110 0.0248988065 0.015570927 0.0198222188 0 0 0
nt@synapse_cleft 1113 -0.015670222 -0.00343581831 0.00337025964 0 0 0
nt@synapse_cleft 1114 0.00966611627 -0.0312178619 0.00910195905 0 0 0
nt@synapse_cleft 1121 -0.000811897877 0.0507568278 0.0101437874 0 0 0
nt@synapse_cleft 1127 -0.0122448533 -0.0003430688 0.00163571567 0 0 0
nt@synapse_cleft 1130 0.0237887114 -0.00576757507 0.0193889802 0 0 0
nt@synapse_cleft 1136 -0.0187341241 -0.0621506693 0.00480616182 0 0 0
nt@synapse_cleft 1138 0.00468664778 0.00721367427 0.00993495606 0 0 0
nt@synapse_cleft 1140 -0.00197838793 -0.0292968803 0.0197543609 0 0 0
nt@synapse_cleft 1144 -0.0190728985 -0.0223007932 0.00670657458 0 0 0
nt@synapse_cleft 1145 0.0621918275 -0.0162970728 0.0170175501 0 0 0
nt@synapse_cleft 1149 -0.0160590697 -0.00525966043 0.0187302235 0 0 0
nt@synapse_cleft 1152 0.0292432433 -0.00198887122 0.0162410878 0 0 0
nt@synapse_cleft 1157 0.0357811009 -0.0646504615 0.0162083849 0 0 0
nt@synapse_cleft 1165 0.0204981086 0.0276854297 0.00160516512 0 0 0
nt@synapse_cleft 1166 -0.00320144748 0.00634539031 0.00427593866 0 0 0
nt@synapse_cleft 1167 0.0439405456 0.0260842527 0.000971616798 0 0 0
nt@synapse_cleft 1172 -0.0101344594 -0.00165059192 0.0151135549 0 0 0
nt@synapse_cleft 1173 -0.0086868614 0.0026698208 0.0112581615 0 0 0
nt@synapse_cleft 1177 0.00767709426 0.058644722 0.00145210591 0 0 0
nt@synapse_cleft 1179 0.00708220663 -0.0170521171 0.0185660738 0 0 0
nt@synapse_cleft 1186 -0.0508395096 -0.00113403033 0.0164038085 0 0 0
nt@synapse_cleft 1188 0.0130152247 -0.0416864666 0.00289586926 0 0 0
nt@synapse_cleft 1192 0.0109655903 -0.0284262531 0.0100327889 0 0 0
nt@synapse_cleft 1193 -0.0298469007 -0.00844668747 0.0148668159 0 0 0
nt@synapse_cleft 1200 -0.026878497 0.02718655 0.0177514569 0 0 0
nt@synapse_cleft 1203 0.00294979019 0.00911537185 0.0050814245 0 0 0
nt@synapse_cleft 1204 0.0109308072 -0.00110307873 0.0186333969 0 0 0
nt@synapse_cleft 1205 -0.0382840893 -0.0145689539 0.0141485654 0 0 0
nt@synapse_cleft 1206 -0.0306644128 -0.0084522525 0.0161161662 0 0 0
nt@synapse_cleft 1218 -0.010566148 0.034205804 0.0139000232 0 0 0
nt@synapse_cleft 1219 0.00500265381 0.0122244058 0.0137830283 0 0 0
nt@synapse_cleft 1231 0.00871450716 0.0139681597 0.00222201386 0 0 0
nt@synapse_cleft 1237 -0.0170108272 -0.0321961841 0.0070161188 0 0 0
nt@synapse_cleft 1238 -0.0555556852 -0.018262916 0.0186488456 0 0 0
nt@synapse_cleft 1243 -0.0266367332 0.00814381055 0.0109612567 0 0 0
nt@synapse_cleft 1248 -0.00344124558 0.0324441607 0.0087561254 0 0 0
nt@synapse_cleft 1251 -0.016815851 0.0156319046 0.0190954234 0 0 0
nt@synapse_cleft 1252 -0.0293561622 0.0128049225 0.000498578677 0 0 0
nt@synapse_cleft 1253 -0.0197532137 -0.0239429532 0.00917363129 0 0 0
nt@synapse_cleft 1254 -0.0216060034 0.0308018942 0.0168831715 0 0 0
nt@synapse_cleft 1262 0.0137996944 0.00727859366 0.0158540939 0 0 0
nt@synapse_cleft 1270 0.0391386218 0.00113048777 0.00408115898 0 0 0
nt@synapse_cleft 1275 -0.0285896804 0.00834550229 0.00331228888 0 0 0
nt@synapse_cleft 1289 0.0298409018 0.00313130267 0.00365553296 0 0 0
nt@synapse_cleft 1298 -0.00512808474 -0.021411121 0.00535493416 0 0 0
nt@synapse_cleft 1299 -0.0273899747 -0.00426909161 0.000356449794 0 0 0
nt@synapse_cleft 1302 -0.0286663147 0.0282174277 0.00401931825 0 0 0
nt@synapse_cleft 1303 0.00339870814 0.0235407424 0.00557076774 0 0 0
nt@synapse_cleft 1311 0.00942165965 0.001908408 0.0186337145 0 0 0
nt@synapse_cleft 1316 -0.0348035651 -0.0325735197 0.0154113888 0 0 0
nt@synapse_cleft 1326 0.0129817241 0.0173530383 0.00560586741 0 0 0
nt@synapse_cleft 1328 0.013190562 0.00387239138 0.0132776042 0 0 0
nt@synapse_cleft 1330 -0.00155190567 -0.0220992337 0.00811386363 0 0 0
nt@synapse_cleft 1331 -0.0105004981 0.00356111031 0.0168464829 0 0 0
nt@synapse_cleft 1333 -0.0246965091 0.027710965 0.00428491475 0 0 0
nt@synapse_cleft 1338 -0.0146198743 0.0101163557 0.0100094568 0 0 0
nt@synapse_cleft 1343 0.0270695614 0.0088047177 0.0168845306 0 0 0
nt@synapse_cleft 1347 -0.037607926 -0.0155883555 0.0159678783 0 0 0
nt@synapse_cleft 1348 0.0363242986 -0.0296337636 0.019567751 0 0 0
nt@synapse_cleft 1349 -0.00812217678 -0.0142209831 0.0140213588 0 0 0
nt@synapse_cleft 1351 0.0416155025 -0.023555019 0.00146066862 0 0 0
nt@synapse_cleft 1356 0.0144771032 0.00288031078 0.00376839843 0 0 0
nt@synapse_cleft 1359 -0.0216703962 -0.00743603714 0.0176788864 0 0 0
nt@synapse_cleft 1361 -0.0119280084 -0.0572045064 0.00271492214 0 0 0
nt@synapse_cleft 1366 0.0222884791 -0.00640016655 0.00593330707 0 0 0
nt@synapse_cleft 1368 0.0371411633 -0.000861374176 0.00122789778 0 0 0
nt@synapse_cleft 1372 -0.0387933455 0.0464386714 0.00178843851 0 0 0
nt@synapse_cleft 1380 -0.00119300384 0.0185688253 0.00231476996 0 0 0
nt@synapse_cleft 1381 0.0191927646 -0.0576822242 0.0156633038 0 0 0
nt@synapse_cleft 1382 0.00983315285 0.0227970261 0.00369449513 0 0 0
nt@synapse_cleft 1384 -0.0414831159 -0.00370044621 0.0196240848 0 0 0
nt@synapse_cleft 1390 0.0494906285 0.000788758589 0.00914203208 0 0 0
nt@synapse_cleft 1393 -0.0341725456 0.0333915633 0.0142835303 0 0 0
nt@synapse_cleft 1394 0.0180250369 0.0195885424 0.0144902293 0 0 0
nt@synapse_cleft 1397 0.0259064723 0.0288666155 0.0183275343 0 0 0
nt@synapse_cleft 1400 -0.0370091469 0.0255529426 0.0014484208 0 0 0
nt@synapse_cleft 1403 0.00815708786 -0.00341858229 0.0198409796 0 0 0
nt@synapse_cleft 1406 0.0549056142 -0.0245146634 0.00638937883 0 0 0
nt@synapse_cleft 1408 -0.014227593 -0.00860750629 0.0141956237 0 0 0
nt@synapse_cleft 1411 -0.00247659535 0.0171735924 0.0159716031 0 0 0
nt@synapse_cleft 1416 -0.00354308466 0.0346139497 0.0129134711 0 0 0
nt@synapse_cleft 1419 0.0145476972 -0.0140946405 0.0157690163 0 0 0
nt@synapse_cleft 1425 0.000104943602 -0.0442966601 0.0101655015 0 0 0
nt@synapse_cleft 1427 -0.0335752212 -0.00772401076 0.00555982788 0 0 0
nt@synapse_cleft 1434 0.01248591 0.0270071668 0.00628670071 0 0 0
nt@synapse_cleft 1438 -0.00209521248 -0.0310263235 0.00668333897 0 0 0
nt@synapse_cleft 1440 0.00126288269 0.0174072403 0.00103003257 0 0 0
nt@synapse_cleft 1441 -0.0392656235 0.0184754295 0.00550693853 0 0 0
nt@synapse_cleft 1442 0.00634508505 0.0259338708 0.012702225 0 0 0
nt@synapse_cleft 1444 -0.0210147579 -0.0023668535 0.013386906 0 0 0
nt@synapse_cleft 1446 -0.0215138911 -0.0282755418 0.0102562798 0 0 0
nt@synapse_cleft 1449 -0.0247020944 -0.0117602141 0.00972912632 0 0 0
nt@synapse_cleft 1452 -0.0261485505 -0.0268147423 0.00654944923 0 0 0
nt@synapse_cleft 1454 -0.0190791786 0.0197096814 0.00472684631 0 0 0
nt@synapse_cleft 1455 -0.0147616097 0.0149254358 0.00493646785 0 0 0
nt@synapse_cleft 1464 -0.0513671351 0.0108246927 0.0111312567 0 0 0
nt@synapse_cleft 1468 0.0433436862 0.0223221066 0.00939959429 0 0 0
nt@synapse_cleft 1470 -0.0616053723 -0.0263626016 0.0174500738 0 0 0
nt@synapse_cleft 1472 -0.0455773524 -0.000637710376 0.0198391449 0 0 0
nt@synapse_cleft 1473 0.0172755895 -0.00644142008 0.0018228384 0 0 0
nt@synapse_cleft 1479 -0.0289538206 0.029782822 0.0124987504 0 0 0
nt@synapse_cleft 1481 0.0179599041 0.00257948051 0.0170680173 0 0 0
nt@synapse_cleft 1484 -0.0088601105 0.00946455886 0.0199127761 0 0 0
nt@synapse_cleft 1485 -0.0211733368 -0.00380662345 0.000184535703 0 0 0
nt@synapse_cleft 1487 -0.0168889535 -0.0300491464 0.00971318 0 0 0
nt@synapse_cleft 1488 0.0277230645 0.0068225984 0.00437172662 0 0 0
nt@synapse_cleft 1491 -0.0148062562 -0.0188719721 0.00536671468 0 0 0
nt@synapse_cleft 1494 0.00165178943 0.0110336345 0.0141547629 0 0 0
nt@synapse_cleft 1496 -0.00333055272 0.0186700961 0.0157963547 0 0 0
nt@synapse_cleft 1503 -0.0236420122 -0.0160824716 0.0156171331 0 0 0
nt@synapse_cleft 1506 0.0237459023 -0.00692384789 0.00878241313 0 0 0
nt@synapse_cleft 1507 0.00412087437 0.00426838824 0.00339509046 0 0 0
nt@synapse_cleft 1508 0.0124604957 0.00700854415 0.0131625696 0 0 0
nt@synapse_cleft 1512 -0.00580363111 -0.0126972111 0.0120349557 0 0 0
nt@synapse_cleft 1515 0.0155036804 0.0461414748 0.0103227865 0 0 0
nt@synapse_cleft 1519 0.0014838987 -0.0137830091 0.0119283731 0 0 0
nt@synapse_cleft 1526 0.0186804134 -0.0155453386 0.016724813 0 0 0
nt@synapse_cleft 1527 -0.00316999213 0.0378469583 0.0141946146 0 0 0
nt@synapse_cleft 1528 -0.0452046484 0.000935787698 0.0175220416 0 0 0
nt@synapse_cleft 1531 0.00153039919 0.0249690262 0.0188030184 0 0 0
nt@synapse_cleft 1538 -0.00216222789 0.0195155156 0.00549021314 0 0 0
nt@synapse_cleft 1542 -0.0152773403 0.018014761 0.0127281103 0 0 0
nt@synapse_cleft 1545 0.000205261435 0.000848247739 0.014909852 0 0 0
nt@synapse_cleft 1548 -0.0272934895 -0.0200423256 0.00402624147 0 0 0
nt@synapse_cleft 1553 0.0545407825 0.0213157722 0.0085540591 0 0 0
nt@synapse_cleft 1554 0.0182070004 0.00582176571 0.00367910933 0 0 0
nt@synapse_cleft 1561 0.0109942308 -0.058396942 0.00542183709 0 0 0
nt@synapse_cleft 1565 -0.0225448672 0.00577297626 0.0152981377 0 0 0
nt@synapse_cleft 1571 -0.016621875 0.00959901236 0.0116847275 0 0 0
nt@synapse_cleft 1573 0.0119347278 0.0232223098 0.00204677894 0 0 0
nt@synapse_cleft 1583 -0.0226044276 -0.0137237941 0.00892533361 0 0 0
nt@synapse_cleft 1584 -0.0091596792 0.00347575108 0.0125394725 0 0 0
nt@synapse_cleft 1588 0.00810250146 -0.0113282674 0.0131289049 0 0 0
nt@synapse_cleft 1590 -0.0381280342 0.0442465806 0.00638601725 0 0 0
nt@synapse_cleft 1592 0.00926698114 -0.015075437 0.0185104637 0 0 0
nt@synapse_cleft 1596 -0.00432800556 -0.0204260192 0.00856159741 0 0 0
nt@synapse_cleft 1597 0.0055792448 0.0381260917 0.00834247307 0 0 0
nt@synapse_cleft 1598 -0.0303671216 -0.00650880323 0.0133114018 0 0 0
nt@synapse_cleft 1600 0.0222676608 -0.0234855618 0.00277724143 0 0 0
nt@synapse_cleft 1605 0.0164181527 0.00836012652 0.013479531 0 0 0
nt@synapse_cleft 1606 -0.0341291379 -0.000610458266 0.00367552551 0 0 0
nt@synapse_cleft 1611 -0.00334483961 -0.0248446133 0.00331622286 0 0 0
nt@synapse_cleft 1612 -0.0219237752 -0.00868085554 0.00447567082 0 0 0
nt@synapse_cleft 1615 0.0121585438 -0.057956288 0.00639188919 0 0 0
nt@synapse_cleft 1617 0.00320017274 -0.0259974229 0.0125756991 0 0 0
nt@synapse_cleft 1619 0.0256180932 -0.00246402963 0.0165717605 0 0 0
nt@synapse_cleft 1625 -0.0253006777 0.0153039813 0.0142253509 0 0 0
nt@synapse_cleft 1628 0.0177577893 0.0278554223 0.0121848512 0 0 0
nt@synapse_cleft 1635 0.014078281 -0.0131421813 0.0156867305 0 0 0
nt@synapse_cleft 1641 0.0274010775 0.0144126406 0.00417301454 0 0 0
nt@synapse_cleft 1642 0.0239880465 -0.0154130379 0.0150093799 0 0 0
nt@synapse_cleft 1655 0.000177551156 0.0215785487 0.00717386832 0 0 0
nt@synapse_cleft 1658 0.0233871136 0.036052724 0.0116275496 0 0 0
nt@synapse_cleft 1660 0.0160734974 0.0169097367 0.000663789816 0 0 0
nt@synapse_cleft 1675 -0.0322301448 -0.00849684898 0.0169776469 0 0 0
nt@synapse_cleft 1678 -0.00560803934 -0.00860681562 0.00359923914 0 0 0
nt@synapse_cleft 1681 -0.0197381077 0.0136848067 0.0177533921 0 0 0
nt@synapse_cleft 1684 -0.00562933413 -0.0269036796 0.0102950213 0 0 0
nt@synapse_cleft 1686 -0.0112600827 0.0164667191 0.0180991437 0 0 0
nt@synapse_cleft 1687 -0.0197918794 -0.0158276707 0.00403295162 0 0 0
nt@synapse_cleft 1689 0.0177744505 0.0210131637 0.00349016785 0 0 0
nt@synapse_cleft 1692 -0.012872387 0.0189711844 0.00963679776 0 0 0
nt@synapse_cleft 1695 0.0194796325 -0.00961793754 0.00688598834 0 0 0
nt@synapse_cleft 1701 -0.0131333323 0.0119785673 0.0109238488 0 0 0
nt@synapse_cleft 1702 0.0147978467 -0.0196500211 0.0188342058 0 0 0
nt@synapse_cleft 1703 -0.0039506093 0.0102531069 0.00651538662 0 0 0
nt@synapse_cleft 1707 -0.0213810838 -0.0111154296 0.00761063753 0 0 0
nt@synapse_cleft 1708 -0.0295372198 0.0172153273 0.00147170983 0 0 0
nt@synapse_cleft 1715 0.00370030504 -0.0026500834 0.0191248815 0 0 0
nt@synapse_cleft 1721 0.00611961274 -0.02914484 0.00501701389 0 0 0
nt@synapse_cleft 1725 0.0314913212 0.00268883824 0.00146038131 0 0 0
nt@synapse_cleft 1729 0.00106456723 0.00287971515 0.0154373533 0 0 0
nt@synapse_cleft 1736 0.026308413 0.00282230072 0.0176595924 0 0 0
nt@synapse_cleft 1741 0.000144414705 -0.020957314 0.0197150516 0 0 0
nt@synapse_cleft 1742 0.0111188919 -0.053267732 0.00894102918 0 0 0
nt@synapse_cleft 1743 0.034693029 0.0411984129 0.0112408905 0 0 0
nt@synapse_cleft 1745 -0.0305149722 0.0178033043 0.000377704514 0 0 0
nt@synapse_cleft 1746 0.00885393308 -0.0115739992 0.0140078564 0 0 0
nt@synapse_cleft 1748 0.0628334691 0.0181574235 0.0198021975 0 0 0
nt@synapse_cleft 1749 -0.00400187393 -0.0069494012 0.00285663203 0 0 0
nt@synapse_cleft 1751 0.0414903196 0.00305146898 0.00981834973 0 0 0
nt@synapse_cleft 1759 -0.0106468176 -0.00173895339 0.0196028639 0 0 0
nt@synapse_cleft 1761 -0.0302700076 0.00611618037 0.0153051765 0 0 0
nt@synapse_cleft 1762 -0.0130202307 -0.0325523602 0.0145071276 0 0 0
nt@synapse_cleft 1763 0.0381396439 -0.0275113549 0.0167638307 0 0 0
nt@synapse_cleft 1768 0.0113000695 -0.0307740355 0.00992947156 0 0 0
nt@synapse_cleft 1769 -0.0242700973 0.00984672176 0.0173543286 0 0 0
nt@synapse_cleft 1775 -0.000935220774 -0.00406109867 0.00682193583 0 0 0
nt@synapse_cleft 1777 0.000337844359 0.00313582807 0.0150845654 0 0 0
nt@synapse_cleft 1778 0.0328701948 -0.0520976396 0.000614015819 0 0 0
nt@synapse_cleft 1781 -0.00921738755 0.0332132906 0.0122195848 0 0 0
nt@synapse_cleft 1793 0.0137291067 0.02623297 0.0172901253 0 0 0
nt@synapse_cleft 1795 0.0274549883 -0.00919178017 0.00505208055 0 0 0
nt@synapse_cleft 1799 -0.0260971819 0.00689655398 0.00376119907 0 0 0
nt@synapse_cleft 1804 0.00982668098 -0.0142649241 0.00568538577 0 0 0
nt@synapse_cleft 1805 -0.01029664 -0.00200417667 0.00362692937 0 0 0
nt@synapse_cleft 1806 -0.0117862628 0.00296793609 0.0148807232 0 0 0
nt@synapse_cleft 1810 -0.0501533007 -0.0407885902 0.0181552604 0 0 0
nt@synapse_cleft 1811 -0.00874444583 -0.00388616984 0.0079443889 0 0 0
nt@synapse_cleft 1812 -0.000632169734 0.0270047667 0.0196955839 0 0 0
nt@synapse_cleft 1815 0.00392965735 0.0182140017 0.00276313849 0 0 0
nt@synapse_cleft 1824 0.00536762425 -0.0014145167 0.00275998738 0 0 0
nt@synapse_cleft 1826 0.0275803464 -0.00935270667 0.0173943622 0 0 0
nt@synapse_cleft 1829 0.0368747839 -0.0204481714 0.0157382947 0 0 0
nt@synapse_cleft 1830 -0.038377166 -0.00400691484 0.0198116765 0 0 0
nt@synapse_cleft 1837 -0.0303415799 -0.0117757525 0.0115174516 0 0 0
nt@synapse_cleft 1838 -0.0136839949 -0.0267192687 0.00663610521 0 0 0
nt@synapse_cleft 1840 -0.0197817209 0.00158577296 0.0106020335 0 0 0
nt@synapse_cleft 1843 0.0270126215 -0.00753219303 0.0120122345 0 0 0
nt@synapse_cleft 1846 -0.0156887122 0.00300870236 0.00310734408 0 0 0
nt@synapse_cleft 1849 0.0422288468 0.00603387202 0.0075819503 0 0 0
nt@synapse_cleft 1853 0.0590323376 -0.0136025349 0.0134832074 0 0 0
nt@synapse_cleft 1854 0.00945511626 -0.00732827688 0.0019681608 0 0 0
nt@synapse_cleft 1855 -0.0256471963 0.0091034635 0.00686459417 0 0 0
nt@synapse_cleft 1856 0.0112258303 -0.00217803185 0.00798461693 0 0 0
nt@synapse_cleft 1864 0.00562677098 -0.0233728526 0.0126994992 0 0 0
nt@synapse_cleft 1868 -0.0264476242 0.00582432449 0.0145155046 0 0 0
nt@synapse_cleft 1872 -0.00311942084 -0.00118494395 0.00837016315 0 0 0
nt@synapse_cleft 1873 -0.0614493437 -0.00212919144 0.00848813451 0 0 0
nt@synapse_cleft 1875 -0.024260266 0.0169926836 0.000899916112 0 0 0
nt@synapse_cleft 1877 0.00380586313 0.0347953713 0.0152564228 0 0 0
nt@synapse_cleft 1879 0.0565687055 -0.0468738048 0.0156562577 0 0 0
nt@synapse_cleft 1880 -0.028428463 -0.0184647868 0.00849689421 0 0 0
nt@synapse_cleft 1883 0.00821612794 0.0115747895 0.0133071343 0 0 0
nt@synapse_cleft 1885 -0.0067834657 0.0081513011 0.018112333 0 0 0
nt@synapse_cleft 1887 -0.015246404 0.0328268907 0.00210355273 0 0 0
nt@synapse_cleft 1890 -0.0280492373 0.00121535676 0.00751558406 0 0 0
nt@synapse_cleft 1892 -0.00119858545 0.00474055683 0.0114965152 0 0 0
nt@synapse_cleft 1894 -0.0149630757 0.0185089891 0.0178348004 0 0 0
nt@synapse_cleft 1896 0.0219718536 -0.00973569606 0.00720904671 0 0 0
nt@synapse_cleft 1900 -0.00750490891 -0.00832393735 0.00600043285 0 0 0
nt@synapse_cleft 1904 -0.0373211363 0.0352870053 0.0103824357 0 0 0
nt@synapse_cleft 1914 0.0042403597 0.0122372852 0.00445208064 0 0 0
nt@synapse_cleft 1918 -0.0194363433 0.0548170673 0.0193844547 0 0 0
nt@synapse_cleft 1921 0.000107053095 -0.00871565433 0.00589035365 0 0 0
nt@synapse_cleft 1923 -0.00894225314 0.0284596927 0.0132962371 0 0 0
nt@synapse_cleft 1925 0.00531628064 0.023652256 0.0150666447 0 0 0
nt@synapse_cleft 1926 0.0207048034 0.00384171263 0.00296250669 0 0 0
nt@synapse_cleft 1932 0.0104520029 -0.0145085208 0.012180208 0 0 0
nt@synapse_cleft 1942 0.0185068878 -0.0327043688 0.00435842133 0 0 0
nt@synapse_cleft 1944 0.00246412254 0.00788919784 0.00779813683 0 0 0
nt@synapse_cleft 1946 -0.0143786588 -0.000839073953 0.0116037489 0 0 0
nt@synapse_cleft 1953 -0.0155042814 -0.0212445866 0.00447573626 0 0 0
nt@synapse_cleft 1959 -0.00567068817 -0.0315947104 0.00599420887 0 0 0
nt@synapse_cleft 1961 0.0298371512 0.0110384065 0.0166579089 0 0 0
nt@synapse_cleft 1964 -0.0150229038 6.16274407e-06 0.00877829036 0 0 0
nt@synapse_cleft 1967 0.0132691885 -0.0230341687 0.0104625656 0 0 0
nt@synapse_cleft 1970 -0.0208578949 -0.0205294999 0.00593395474 0 0 0
nt@synapse_cleft 1973 0.0200029867 0.0357549647 0.0155850993 0 0 0
nt@synapse_cleft 1976 -0.0316155603 -0.0164724298 0.00252132081 0 0 0
nt@synapse_cleft 1980 -0.0167411902 -0.0211437904 0.00509123791 0 0 0
nt@synapse_cleft 1982 0.000412561544 0.0147382642 0.0171338301 0 0 0
nt@synapse_cleft 1984 -0.0654102056 -0.0162457198 0.00223846154 0 0 0
nt@synapse_cleft 1989 -0.0193437609 0.0104136097 0.0199995529 0 0 0
nt@synapse_cleft 1990 0.0151739632 0.0324458919 0.00231275243 0 0 0
nt@synapse_cleft 1993 0.00430149438 -0.0258766775 0.0145167016 0 0 0
nt@synapse_cleft 1997 0.00228568372 0.0197521194 0.015772036 0 0 0
nt@synapse_cleft 2004 -0.0208415903 0.00390746557 0.0110529675 0 0 0
nt@synapse_cleft 2007 0.00248106618 0.00758956627 0.0189146029 0 0 0
nt@synapse_cleft 2008 0.0174277756 0.00832160451 0.0193825419 0 0 0
nt@synapse_cleft 2013 -0.0164844987 -0.0124632707 0.0159527214 0 0 0
nt@synapse_cleft 2014 0.0136423308 0.0237469124 0.00464368857 0 0 0
nt@synapse_cleft 2016 -0.0122631743 -0.00337438075 0.00491358489 0 0 0
nt@synapse_cleft 2019 0.0250455866 -0.0249608593 0.0160562365 0 0 0
nt@synapse_cleft 2026 0.0434190471 -0.0081089999 0.00930181032 0 0 0
nt@synapse_cleft 2027 -0.0172009565 -0.016342879 0.000753971783 0 0 0
nt@synapse_cleft 2032 -0.0287984463 0.00512061749 0.00625915287 0 0 0
nt@synapse_cleft 2035 0.0422265218 0.0200663447 0.00868728206 0 0 0
nt@synapse_cleft 2036 0.0497241383 -0.0063172373 0.0137664986 0 0 0
nt@synapse_cleft 2039 0.0271156289 0.0115302277 0.018157123 0 0 0
nt@synapse_cleft 2041 0.0238369588 0.00577636086 0.0162160613 0 0 0
nt@synapse_cleft 2044 0.0182822546 -0.0173686057 0.00993159324 0 0 0
nt@synapse_cleft 2052 0.000623305917 -0.0127780459 0.0137233284 0 0 0
nt@synapse_cleft 2058 -0.00931125049 -0.0401307532 0.016889629 0 0 0
nt@synapse_cleft 2061 0.0121562284 -0.00474999606 0.00182267477 0 0 0
nt@synapse_cleft 2064 0.0297169859 0.0241889419 0.00951459862 0 0 0
nt@synapse_cleft 2074 0.0087669436 -0.0488079421 0.0163307786 0 0 0
nt@synapse_cleft 2091 -0.0167070547 0.0235473702 0.0184872254 0 0 0
nt@synapse_cleft 2092 0.00986551195 0.0209127734 0.0162314811 0 0 0
nt@synapse_cleft 2094 -0.00900882539 0.00498523197 0.00787735341 0 0 0
nt@synapse_cleft 2095 0.0111663391 0.0158601958 0.0174124228 0 0 0
nt@synapse_cleft 2096 -0.00663658211 -0.0044408173 0.007866156 0 0 0
nt@synapse_cleft 2101 -0.00705294285 -0.0211398153 0.00342329447 0 0 0
nt@synapse_cleft 2104 0.0274165651 0.000389879589 0.015567212 0 0 0
nt@synapse_cleft 2112 -0.0164830063 -0.0201840698 0.00174470744 0 0 0
nt@synapse_cleft 2115 -0.0282766943 -0.00137588195 0.0153562998 0 0 0
nt@synapse_cleft 2121 0.0415376065 -0.00712431187 0.00598377381 0 0 0
nt@synapse_cleft 2124 0.00504833542 0.0415187789 0.0146677355 0 0 0
nt@synapse_cleft 2127 0.0192368372 0.0111268063 0.00116850279 0 0 0
nt@synapse_cleft 2133 0.0127026005 -0.00941657919 0.000973390673 0 0 0
nt@synapse_cleft 2137 -0.0389536269 0.040143191 0.00745490145 0 0 0
nt@synapse_cleft 2148 0.0269446695 -0.0440388421 0.00538862799 0 0 0
nt@synapse_cleft 2156 0.0185344461 -0.0302464064 0.0126778828 0 0 0
nt@synapse_cleft 2160 0.0209061994 0.00759540098 0.011578378 0 0 0
nt@synapse_cleft 2162 -0.0234429449 0.0227746698 0.0104634403 0 0 0
nt@synapse_cleft 2163 0.0193310671 -0.00694589147 0.0164663577 0 0 0
nt@synapse_cleft 2170 0.0359203792 0.00296746487 0.0167115084 0 0 0
nt@synapse_cleft 2177 -0.0137869477 -0.0222178276 0.00226717112 0 0 0
nt@synapse_cleft 2185 -0.0084055589 -0.00257203819 0.000615712617 0 0 0
nt@synapse_cleft 2187 -0.0187961974 0.00894007139 0.00613654154 0 0 0
nt@synapse_cleft 2188 -0.00878273687 0.0405372392 0.00560194873 0 0 0
nt@synapse_cleft 2199 0.00789670512 -0.0179489388 0.0106115835 0 0 0
nt@synapse_cleft 2204 -0.0330005717 -0.00267432278 0.0190099147 0 0 0
nt@synapse_cleft 2206 -0.0211840017 -0.0140520223 0.0160441702 0 0 0
nt@synapse_cleft 2207 0.0231092848 0.00124495325 0.0146504408 0 0 0
nt@synapse_cleft 2217 0.0240695222 -0.0349824906 0.00525867958 0 0 0
nt@synapse_cleft 2218 0.00737670235 0.0145130591 0.0172638991 0 0 0
nt@synapse_cleft 2223 -0.0182115537 0.0189583337 0.0119155474 0 0 0
nt@synapse_cleft 2228 -0.00898988227 -0.00231246798 0.00132371254 0 0 0
nt@synapse_cleft 2235 -0.00227668099 -0.0110426442 0.012868212 0 0 0
nt@synapse_cleft 2236 0.00622963137 0.0225354071 0.0198843807 0 0 0
nt@synapse_cleft 2248 -0.0260739158 -0.00611144768 0.0056738382 0 0 0
nt@synapse_cleft 2251 0.00629668176 -0.000828225874 0.0164082146 0 0 0
nt@synapse_cleft 2254 -0.0057330324 -0.0130331998 0.0125730895 0 0 0
nt@synapse_cleft 2256 -0.0314376148 -0.0347477035 0.000512131313 0 0 0
nt@synapse_cleft 2257 0.0089721677 -0.00891936493 0.00952010522 0 0 0
nt@synapse_cleft 2262 -0.00910961531 0.0317032119 0.0175675116 0 0 0
nt@synapse_cleft 2265 0.026299844 0.0235149236 0.010979195 0 0 0
nt@synapse_cleft 2269 -0.0372528905 0.014708311 0.00278319386 0 0 0
nt@synapse_cleft 2271 -0.0728688211 0.0195319567 0.0005075201 0 0 0
nt@synapse_cleft 2274 -0.00569318004 0.0376711306 0.00449637731 0 0 0
nt@synapse_cleft 2278 0.0311991279 0.0367979706 0.0113891527 0 0 0
nt@synapse_cleft 2279 -0.00326290236 0.00909910899 0.0063859211 0 0 0
nt@synapse_cleft 2283 0.0318205541 -0.0230692361 0.0144735816 0 0 0
nt@synapse_cleft 2284 0.0234784655 -0.00876576695 0.0182643768 0 0 0
nt@synapse_cleft 2285 -0.0100199795 -0.00643726991 0.0170167934 0 0 0
nt@synapse_cleft 2289 0.00176951687 0.000806677081 0.00118724486 0 0 0
nt@synapse_cleft 2292 -0.0154246531 0.00913130952 0.0110489018 0 0 0
nt@synapse_cleft 2298 -0.0384397235 -0.0217340272 0.0132725853 0 0 0
nt@synapse_cleft 2304 -0.0171611886 0.0297733548 0.00102493348 0 0 0
nt@synapse_cleft 2306 0.00469876088 -0.0329611787 0.00395165358 0 0 0
nt@synapse_cleft 2308 -0.017459038 0.0140002813 0.00182801045 0 0 0
nt@synapse_cleft 2309 0.00469575887 -0.0130280996 0.0197769413 0 0 0
nt@synapse_cleft 2314 -0.0102029681 -0.026116949 0.018540098 0 0 0
nt@synapse_cleft 2317 0.0367803146 0.00684618595 0.00831792134 0 0 0
nt@synapse_cleft 2320 0.0136335423 -0.0359250506 0.00939809459 0 0 0
nt@synapse_cleft 2321 0.0532906032 -0.00217592365 0.00410748507 0 0 0
nt@synapse_cleft 2326 0.0219848093 0.0188723762 0.00168491941 0 0 0
nt@synapse_cleft 2327 -0.0291632935 -0.0345337471 0.0140839241 0 0 0
nt@synapse_cleft 2330 -0.044070177 0.0269905838 0.0031163734 0 0 0
nt@synapse_cleft 2332 -0.018230113 -0.00834680336 0.0122897745 0 0 0
nt@synapse_cleft 2343 0.01377355 -0.00731179019 0.00678483472 0 0 0
nt@synapse_cleft 2349 0.0294294208 0.00698082773 0.0142352198 0 0 0
nt@synapse_cleft 2366 0.0235241548 0.0254355177 0.0107285459 0 0 0
nt@synapse_cleft 2367 -0.0232959534 -0.0215978648 0.0125996863 0 0 0
nt@synapse_cleft 2369 -0.0105794956 0.00634068215 0.0113379068 0 0 0
nt@synapse_cleft 2370 0.0133923602 -0.0196482878 0.00560077515 0 0 0
nt@synapse_cleft 2375 0.00390829396 0.0056513838 0.00850650042 0 0 0
nt@synapse_cleft 2383 0.0239850154 -0.0464363299 0.0122016502 0 0 0
nt@synapse_cleft 2386 -0.00764789289 -0.0148828787 0.000922487497 0 0 0
nt@synapse_cleft 2389 -0.00423380065 -0.0165905922 0.00387466942 0 0 0
nt@synapse_cleft 2397 0.00774501377 -0.0601824375 0.0092265246 0 0 0
nt@synapse_cleft 2400 -0.0216064529 -0.0361652131 0.0148800785 0 0 0
nt@synapse_cleft 2410 0.00995068654 0.000886141444 0.014775608 0 0 0
nt@synapse_cleft 2411 0.0144689154 -0.0434293894 0.00156722858 0 0 0
nt@synapse_cleft 2412 0.00191909479 0.00949644431 0.0111930189 0 0 0
nt@synapse_cleft 2417 -0.0123200684 0.00855375999 0.00827657659 0 0 0
nt@synapse_cleft 2421 -0.00209154311 0.0209071663 0.00548517234 0 0 0
nt@synapse_cleft 2423 0.00900755264 -0.0383645744 0.00196575043 0 0 0
nt@synapse_cleft 2434 0.00699594342 -0.023354855 0.014711285 0 0 0
nt@synapse_cleft 2437 0.0253883988 0.0134139848 0.00162797769 0 0 0
nt@synapse_cleft 2438 0.00338672435 -0.0403987514 0.0020402557 0 0 0
nt@synapse_cleft 2440 -0.0190339124 -0.0275912035 0.0102220403 0 0 0
nt@synapse_cleft 2446 -0.0216255588 0.0189661784 0.00748336323 0 0 0
nt@synapse_cleft 2448 -0.00298346406 0.00572936532 0.0147605215 0 0 0
nt@synapse_cleft 2456 -0.0207945197 -0.00688889525 0.0190201435 0 0 0
nt@synapse_cleft 2459 0.000705053291 0.0432021503 0.00106186313 0 0 0
nt@synapse_cleft 2462 -0.0158514008 0.0421212216 0.0013333314 0 0 0
nt@synapse_cleft 2463 0.00970930936 -0.0284149226 0.014536879 0 0 0
nt@synapse_cleft 2466 -0.00113520314 -0.0317205457 0.00362199092 0 0 0
nt@synapse_cleft 2467 -0.00617913296 0.0278449552 0.00808920929 0 0 0
nt@synapse_cleft 2468 -0.0479731405 -0.0172610796 0.00810042799 0 0 0
nt@synapse_cleft 2470 0.00905419169 0.0170027283 0.00483360199 0 0 0
nt@synapse_cleft 2472 0.0382095552 -0.0515341127 0.01929177 0 0 0
nt@synapse_cleft 2480 -0.0171993864 -0.0161010207 0.0154394478 0 0 0
nt@synapse_cleft 2481 -0.0211161761 -0.0058826661 0.00667513841 0 0 0
nt@synapse_cleft 2483 0.0304882871 0.00929874163 0.00920755474 0 0 0
nt@synapse_cleft 2491 0.00416891968 -0.00236828958 0.0183808919 0 0 0
nt@synapse_cleft 2493 0.0216633125 -0.052491937 0.0190763217 0 0 0
nt@synapse_cleft 2495 -0.0218166651 0.0114963006 0.0109703748 0 0 0
nt@synapse_cleft 2498 0.0207556454 -0.00763759867 0.00921978521 0 0 0
nt@synapse_cleft 2501 0.000823236823 0.0119388856 0.00443692447 0 0 0
nt@synapse_cleft 2502 0.0171562319 -0.0344963122 0.0199939147 0 0 0
nt@synapse_cleft 2509 -0.00466583142 -0.0262204312 0.0158781773 0 0 0
nt@synapse_cleft 2510 0.0004446463 -0.00417755622 0.0145095212 0 0 0
nt@synapse_cleft 2513 -0.0031689568 0.00869417683 0.00148732276 0 0 0
nt@synapse_cleft 2517 -0.0159231454 -0.00606580979 0.0188930368 0 0 0
nt@synapse_cleft 2520 0.027098038 0.0264591431 0.00191434705 0 0 0
nt@synapse_cleft 2521 -0.0061425432 0.0185953702 0.0083217217 0 0 0
nt@synapse_cleft 2525 0.0273539108 0.0104893735 0.0145193006 0 0 0
nt@synapse_cleft 2528 -0.0110364043 0.00186716647 0.00700515648 0 0 0
nt@synapse_cleft 2539 -0.0175426376 0.0207938769 0.0194150441 0 0 0
nt@synapse_cleft 2542 0.0266369925 -0.028253906 0.0147832775 0 0 0
nt@synapse_cleft 2549 -0.0209196655 0.053019906 0.0117836127 0 0 0
nt@synapse_cleft 2550 0.0237155122 -0.0105065112 0.00178333142 0 0 0
nt@synapse_cleft 2555 0.0461688005 -0.0162930863 0.00035039687 0 0 0
nt@synapse_cleft 2560 -0.0339453782 0.00523717952 0.00627502789 0 0 0
nt@synapse_cleft 2561 0.0217601783 0.0449870083 0.0115789201 0 0 0
nt@synapse_cleft 2563 0.00480306497 0.00680857187 0.0175549517 0 0 0
nt@synapse_cleft 2564 -0.00464926163 0.0386226003 0.00296022006 0 0 0
nt@synapse_cleft 2566 -0.00603557506 -0.0107246033 0.00762274749 0 0 0
nt@synapse_cleft 2570 0.0196592374 0.00399347179 0.00774930914 0 0 0
nt@synapse_cleft 2571 0.0107279146 -0.0442369684 0.00956380272 0 0 0
nt@synapse_cleft 2577 0.0086008217 0.0235582078 0.0132984559 0 0 0
nt@synapse_cleft 2586 0.0399953614 0.00224344857 0.0128548373 0 0 0
nt@synapse_cleft 2591 -0.00506110184 -0.0073410059 0.00101731038 0 0 0
nt@synapse_cleft 2593 0.0605705263 0.0422658795 0.0191097174 0 0 0
nt@synapse_cleft 2597 -0.0138688166 0.0193589834 0.00484836364 0 0 0
nt@synapse_cleft 2600 0.0139654921 0.0472777754 0.0127662268 0 0 0
nt@synapse_cleft 2603 0.0154962424 -0.0119264839 0.0125355462 0 0 0
nt@synapse_cleft 2604 0.036490794 -0.00724249056 0.00432299244 0 0 0
nt@synapse_cleft 2610 0.00942139419 -0.0361838808 0.00172114367 0 0 0
nt@synapse_cleft 2613 -0.0361373556 -0.0277457201 0.0183380146 0 0 0
nt@synapse_cleft 2615 -0.0203355895 -0.0616754701 0.00366113697 0 0 0
nt@synapse_cleft 2617 -0.0217667507 0.0225618269 0.00882329263 0 0 0
nt@synapse_cleft 2620 0.0040131958 -0.0370984533 0.000591427625 0 0 0
nt@synapse_cleft 2623 -0.0215473913 -0.0323705638 0.0149545079 0 0 0
nt@synapse_cleft 2625 -0.035976334 -0.0230181915 0.0127861546 0 0 0
nt@synapse_cleft 2628 0.0305588614 -0.0237781288 0.019198641 0 0 0
nt@synapse_cleft 2631 -0.00433954996 0.0246644934 0.0131964264 0 0 0
nt@synapse_cleft 2639 0.0158465573 -0.00299309017 0.00630251629 0 0 0
nt@synapse_cleft 2641 -0.0104694459 -0.0252790218 0.0114412412 0 0 0
nt@synapse_cleft 2642 -0.0411100606 -0.00815780313 0.0101880415 0 0 0
nt@synapse_cleft 2645 0.00887563238 0.0286307882 0.00405132315 0 0 0
nt@synapse_cleft 2650 0.0283130546 -0.0107016907 0.0125863785 0 0 0
nt@synapse_cleft 2652 -0.0182452618 -0.00129209424 0.0170132565 0 0 0
nt@synapse_cleft 2660 -0.0165439276 -0.0277672138 0.008165018 0 0 0
nt@synapse_cleft 2661 0.0358399987 -0.0283840221 0.00438141005 0 0 0
nt@synapse_cleft 2670 -0.029875652 -0.0164310642 0.0163283436 0 0 0
nt@synapse_cleft 2674 -0.0204119486 -0.00375723967 0.00197194517 0 0 0
nt@synapse_cleft 2675 -0.00565673841 0.0082301717 0.0059732161 0 0 0
nt@synapse_cleft 2680 -0.0596988114 -0.0186370955 0.00825052763 0 0 0
nt@synapse_cleft 2681 -0.0306574013 -0.0198448626 0.00985482834 0 0 0
nt@synapse_cleft 2688 -0.0610137849 0.05534913 0.00402724716 0 0 0
nt@synapse_cleft 2692 0.0278460879 -0.0173597254 0.00712709594 0 0 0
nt@synapse_cleft 2702 -0.00329180302 -0.0180875438 0.000431612166 0 0 0
nt@synapse_cleft 2708 -0.0352634034 0.00625112886 0.0104157002 0 0 0
nt@synapse_cleft 2709 -0.0084726743 -0.00013407412 0.0155904475 0 0 0
nt@synapse_cleft 2710 -0.00219400731 -0.0130186007 0.00868074793 0 0 0
nt@synapse_cleft 2713 0.00424103949 -0.0247342338 0.0174740962 0 0 0
nt@synapse_cleft 2714 0.0395930072 0.0225989178 0.00160138943 0 0 0
nt@synapse_cleft 2720 0.0116843029 0.0182135627 0.00160865416 0 0 0
nt@synapse_cleft 2724 0.00615219343 -0.00620521203 0.00110764668 0 0 0
nt@synapse_cleft 2729 0.0187786735 -0.00940030651 0.0139615986 0 0 0
nt@synapse_cleft 2734 0.0482284027 -0.000768217446 0.0191294015 0 0 0
nt@synapse_cleft 2739 0.0346777126 -0.0147350532 0.0100813779 0 0 0
nt@synapse_cleft 2743 -0.00421159921 -0.0392210089 0.0153405558 0 0 0
nt@synapse_cleft 2750 0.0436061922 -0.0286227612 0.00971183247 0 0 0
nt@synapse_cleft 2752 -0.0255656376 -0.0132797292 0.0140353168 0 0 0
nt@synapse_cleft 2756 0.0300186602 -0.00238751637 0.00554345498 0 0 0
nt@synapse_cleft 2758 0.000661469021 -0.0239310811 0.00858885086 0 0 0
nt@synapse_cleft 2760 0.000530069938 -0.0185472813 0.0176718749 0 0 0
nt@synapse_cleft 2766 -0.0496263512 0.0210523595 0.0172961768 0 0 0
nt@synapse_cleft 2775 0.0351113795 -0.00872601486 0.0171533921 0 0 0
nt@synapse_cleft 2785 -0.000295309594 0.0225047147 0.0091509733 0 0 0
nt@synapse_cleft 2798 -0.022239823 0.00992530601 0.00970671841 0 0 0
nt@synapse_cleft 2807 -0.0104337289 0.00207765425 0.010502442 0 0 0
nt@synapse_cleft 2808 0.0173653059 0.0454290108 0.00223994339 0 0 0
nt@synapse_cleft 2812 -0.049976293 -0.0336386418 0.000703793641 0 0 0
nt@synapse_cleft 2815 0.00314810787 0.00171733593 0.00898000672 0 0 0
nt@synapse_cleft 2820 0.0187670171 -0.00114948953 0.0106029149 0 0 0
nt@synapse_cleft 2828 0.0164791705 -0.0437004069 0.00654410782 0 0 0
nt@synapse_cleft 2837 -0.0118891731 0.00454568309 0.0167805385 0 0 0
nt@synapse_cleft 2848 0.0184589836 0.0177951067 0.0127711829 0 0 0
nt@synapse_cleft 2854 0.0222321392 0.00276380345 0.00381427841 0 0 0
nt@synapse_cleft 2855 -0.025774504 -0.0246944939 0.00167139454 0 0 0
nt@synapse_cleft 2857 0.0194354186 -0.0160165843 0.0160679254 0 0 0
nt@synapse_cleft 2861 -0.0256094483 -0.00158865839 0.00217763432 0 0 0
nt@synapse_cleft 2863 -0.0284365964 0.0138240302 0.0068860558 0 0 0
nt@synapse_cleft 2868 0.00632294837 0.0110245171 0.00542341073 0 0 0
nt@synapse_cleft 2871 0.0102898307 -0.053474245 0.0103638229 0 0 0
nt@synapse_cleft 2875 -0.00115594616 0.00796028828 0.0196463021 0 0 0
nt@synapse_cleft 2876 -0.0237666989 -0.00243566483 0.0150228661 0 0 0
nt@synapse_cleft 2880 -0.00369424684 0.0221653331 0.014758015 0 0 0
nt@synapse_cleft 2884 0.0310431479 -0.00900917378 0.0071707667 0 0 0
nt@synapse_cleft 2887 0.00348767553 -0.0277614278 0.0182252004 0 0 0
nt@synapse_cleft 2894 0.00635123581 0.0100307539 0.00527860586 0 0 0
nt@synapse_cleft 2895 0.0524193945 -0.000469669242 0.00872801386 0 0 0
nt@synapse_cleft 2897 0.00875387065 -0.0415129508 0.0171361491 0 0 0
nt@synapse_cleft 2905 -0.0164042476 0.0221478921 0.00988408119 0 0 0
nt@synapse_cleft 2909 0.0384511092 -0.00970161492 0.0102104939 0 0 0
nt@synapse_cleft 2910 -0.0395519735 0.0107535667 0.0116020161 0 0 0
nt@synapse_cleft 2912 0.0284371152 -0.00820842225 0.00542151655 0 0 0
nt@synapse_cleft 2915 0.0258546595 -0.0288808384 0.0073796069 0 0 0
nt@synapse_cleft 2918 -0.00640388976 -0.0496826518 0.0158641993 0 0 0
nt@synapse_cleft 2920 0.0181074048 -0.0110164075 0.019879697 0 0 0
nt@synapse_cleft 2921 0.00146396889 0.0390976538 0.00379145594 0 0 0
nt@synapse_cleft 2922 0.0584162441 -0.00968911207 0.0139382114 0 0 0
nt@synapse_cleft 2925 -0.0150734466 0.0157752877 0.0162532836 0 0 0
nt@synapse_cleft 2928 0.00039735256 0.0502176152 0.0116151719 0 0 0
nt@synapse_cleft 2933 -0.0166703026 -0.00321093385 0.00863160979 0 0 0
nt@synapse_cleft 2935 -0.0382669502 0.000252217117 0.0177481024 0 0 0
nt@synapse_cleft 2938 0.00931049698 -0.0283379738 0.0055847044 0 0 0
nt@synapse_cleft 2940 -0.00161646458 -0.0178613804 0.00622034038 0 0 0
nt@synapse_cleft 2945 -0.0326716404 -0.0110604217 0.00616230753 0 0 0
nt@synapse_cleft 2946 0.00569303456 -0.00122369128 0.00612833382 0 0 0
nt@synapse_cleft 2951 -0.018142125 0.00465963755 0.00980300713 0 0 0
nt@synapse_cleft 2955 -0.0237461952 -0.0100050235 0.0103504737 0 0 0
nt@synapse_cleft 2961 0.0579553052 -0.0354002463 0.00774008244 0 0 0
nt@synapse_cleft 2962 0.0187356524 0.00893446128 0.0191463795 0 0 0
nt@synapse_cleft 2967 -0.0259566913 -0.0526954747 0.0103539365 0 0 0
nt@synapse_cleft 2982 -0.00895097547 0.00505434395 0.012859681 0 0 0
nt@synapse_cleft 2983 0.0159301776 -0.0477744619 0.00756010189 0 0 0
nt@synapse_cleft 2992 -0.041656891 0.0215151448 0.00902551197 0 0 0
nt@synapse_cleft 2993 -0.00961384634 0.0375127584 0.00567410349 0 0 0
nt@synapse_cleft 2997 0.0223025185 -0.0229575935 0.00145309161 0 0 0
nt@synapse_cleft 3006 0.0123612761 0.0363434195 0.0131862628 0 0 0
nt@synapse_cleft 3008 0.0150019883 0.0601387386 0.0141188675 0 0 0
nt@synapse_cleft 3012 0.0238265112 -0.0027463934 0.00498077476 0 0 0
nt@synapse_cleft 3019 -0.00675317838 -0.00297199534 0.0052205332 0 0 0
nt@synapse_cleft 3020 -0.0224458978 -0.0222675869 0.00572645911 0 0 0
nt@synapse_cleft 3024 0.0144771765 0.0186485687 0.00419535078 0 0 0
nt@synapse_cleft 3026 -0.0104028905 0.0071939119 0.0130771664 0 0 0
nt@synapse_cleft 3042 -0.00827580539 0.00643605084 0.016278214 0 0 0
nt@synapse_cleft 3047 0.0341174656 0.0427680366 0.0018583185 0 0 0
nt@synapse_cleft 3057 0.00950422533 -0.0217947335 0.0197239339 0 0 0
nt@synapse_cleft 3061 -0.00875570165 0.0252192063 0.0080327289 0 0 0
nt@synapse_cleft 3062 0.00391094233 -0.0241286843 0.0109860002 0 0 0
nt@synapse_cleft 3069 0.0475613909 -0.0333156081 0.000947655419 0 0 0
nt@synapse_cleft 3073 0.00432806566 0.0302368881 0.00393810517 0 0 0
nt@synapse_cleft 3076 -0.0254115724 -0.0120658498 0.00374415742 0 0 0
nt@synapse_cleft 3078 -0.0274539903 -0.0235299387 0.00149951323 0 0 0
nt@synapse_cleft 3082 0.00330458758 0.02261718 0.0160991152 0 0 0
nt@synapse_cleft 3089 0.0085700456 -0.00937809189 0.00591223334 0 0 0
nt@synapse_cleft 3092 -0.0144103148 0.0101597465 0.0180016422 0 0 0
nt@synapse_cleft 3096 -0.00394453969 0.0257129366 0.0058357213 0 0 0
nt@synapse_cleft 3097 0.0380879193 0.0157207625 0.00846799319 0 0 0
nt@synapse_cleft 3099 -0.0193108241 0.0172703852 0.0118433624 0 0 0
nt@synapse_cleft 3109 -0.0213816682 0.0244482559 0.00883728492 0 0 0
nt@synapse_cleft 3111 -0.00584623434 -0.0170753034 0.00120799116 0 0 0
nt@synapse_cleft 3113 -0.0116980886 0.0197099385 0.013425671 0 0 0
nt@synapse_cleft 3114 0.0197586188 0.024447622 0.0165550566 0 0 0
nt@synapse_cleft 3122 -0.00368055331 -0.00323346478 0.00219138636 0 0 0
nt@synapse_cleft 3132 -0.0239753529 -0.00355267074 0.00651037627 0 0 0
nt@synapse_cleft 3134 0.00163256831 0.0279879014 0.0163089185 0 0 0
nt@synapse_cleft 3144 -0.000209399083 -0.0506560203 0.0190643031 0 0 0
nt@synapse_cleft 3147 -0.00578621403 0.00774579639 0.00832474419 0 0 0
nt@synapse_cleft 3150 0.0285514346 -0.0627361622 0.00993675385 0 0 0
nt@synapse_cleft 3155 -0.00462763735 0.0176302632 0.016572574 0 0 0
nt@synapse_cleft 3158 -0.0189049151 0.00409758965 0.00229675892 0 0 0
nt@synapse_cleft 3159 -0.0232787135 0.0224565422 0.0185345081 0 0 0
nt@synapse_cleft 3165 0.0289337862 -0.000305882227 0.0123387833 0 0 0
nt@synapse_cleft 3167 0.00294345894 0.0112269066 0.0129289514 0 0 0
nt@synapse_cleft 3177 0.0110996644 -0.0345032754 0.00640160862 0 0 0
nt@synapse_cleft 3178 -0.00385368565 -0.0160000762 0.00750356445 0 0 0
nt@synapse_cleft 3179 0.0146958778 -0.000614789616 0.0091792065 0 0 0
nt@synapse_cleft 3181 0.00455562642 0.0238617483 0.0145279855 0 0 0
nt@synapse_cleft 3182 -0.00863666879 -0.0100585607 0.014245167 0 0 0
nt@synapse_cleft 3183 -0.0106315705 -0.0188508336 0.0183295388 0 0 0
nt@synapse_cleft 3184 -0.000513381997 0.0134555215 0.000377615612 0 0 0
nt@synapse_cleft 3185 -0.00922231185 -0.0101220775 0.00173557212 0 0 0
nt@synapse_cleft 3187 -0.0198717195 0.00397966887 0.0107027516 0 0 0
nt@synapse_cleft 3190 0.0236549709 -0.00866016595 0.00682247437 0 0 0
nt@synapse_cleft 3195 -0.0127149112 0.00133119231 0.00362078923 0 0 0
nt@synapse_cleft 3199 -0.000628813796 0.0406167763 0.0172678909 0 0 0
nt@synapse_cleft 3202 0.00198348896 0.0272046758 0.0199866789 0 0 0
nt@synapse_cleft 3207 -0.0189934999 -0.00807123122 0.0170557736 0 0 0
nt@synapse_cleft 3211 0.00865469236 0.00645143693 0.00890533618 0 0 0
nt@synapse_cleft 3214 0.00971881371 -0.0101896775 0.0153082172 0 0 0
nt@synapse_cleft 3220 -0.0054240461 0.0150805119 0.0110440726 0 0 0
nt@synapse_cleft 3222 -0.0533991146 -0.0139036461 0.00573991772 0 0 0
nt@synapse_cleft 3227 -0.0021174498 0.00461946638 0.0148618441 0 0 0
nt@synapse_cleft 3230 -0.0646953147 -0.0208722419 0.00442299144 0 0 0
nt@synapse_cleft 3247 0.0118661125 -0.00132200978 0.0159543576 0 0 0
nt@synapse_cleft 3248 -0.0155919565 -0.0247834829 0.0194246478 0 0 0
nt@synapse_cleft 3249 -0.00598795541 0.00744235969 0.0061506273 0 0 0
nt@synapse_cleft 3275 0.00311159831 -0.0119405015 0.0154334608 0 0 0
nt@synapse_cleft 3284 0.0125364367 0.00133136558 0.00767139229 0 0 0
nt@synapse_cleft 3302 0.000719727685 -0.0329215371 0.00068411743 0 0 0
nt@synapse_cleft 3304 0.0249529875 0.0622151481 0.000675117175 0 0 0
nt@synapse_cleft 3308 -0.0156601154 0.0330594306 0.00356343806 0 0 0
nt@synapse_cleft 3311 -0.029923231 0.0170056615 0.0177648344 0 0 0
nt@synapse_cleft 3312 -0.00711222167 -0.0122775192 0.00481195817 0 0 0
nt@synapse_cleft 3313 1.32199921e-05 -0.0162651234 0.0153050895 0 0 0
nt@synapse_cleft 3316 0.0117315789 -0.0100927289 0.00475165282 0 0 0
nt@synapse_cleft 3324 -0.00827853942 -0.00409601949 0.00182249152 0 0 0
nt@synapse_cleft 3326 -4.14803739e-05 -0.0118879701 0.00172462765 0 0 0
nt@synapse_cleft 3327 0.0047171012 -0.0416105617 0.0182778308 0 0 0
nt@synapse_cleft 3334 0.024528753 0.0120427607 0.0131280184 0 0 0
nt@synapse_cleft 3335 0.0326264738 0.000831981634 0.013486652 0 0 0
nt@synapse_cleft 3338 0.00586772562 -0.0295153261 0.00815220031 0 0 0
nt@synapse_cleft 3341 0.0150900276 0.0101427433 0.0066394509 0 0 0
nt@synapse_cleft 3342 0.0021353225 -0.00358089246 0.0163405148 0 0 0
nt@synapse_cleft 3347 0.0273269622 -0.0447530617 0.00882993644 0 0 0
nt@synapse_cleft 3354 -0.0135728427 -0.0228336055 0.00879083214 0 0 0
nt@synapse_cleft 3367 -0.00472265727 0.0198524668 0.00783424672 0 0 0
nt@synapse_cleft 3372 -0.0338781002 -0.0136642173 0.0100788228 0 0 0
nt@synapse_cleft 3375 0.0521406703 0.0201583669 0.0190908061 0 0 0
nt@synapse_cleft 3378 0.015426808 0.0322238829 0.00674998459 0 0 0
nt@synapse_cleft 3394 -0.0104299302 -0.0264399298 0.00797739727 0 0 0
nt@synapse_cleft 3401 0.035339086 -0.00300133107 0.0174490652 0 0 0
nt@synapse_cleft 3402 -0.0106097361 -0.00290810304 0.00168181314 0 0 0
nt@synapse_cleft 3404 0.0219322396 -0.025033613 0.0160265621 0 0 0
nt@synapse_cleft 3405 0.0223598384 0.0256388157 0.00451415553 0 0 0
nt@synapse_cleft 3407 0.00384111362 0.0448149776 0.0085617193 0 0 0
nt@synapse_cleft 3413 0.0140902887 0.00942326791 0.00443661835 0 0 0
nt@synapse_cleft 3415 -0.0189648924 0.0182365981 0.0191365135 0 0 0
nt@synapse_cleft 3419 -0.0328245463 0.0196111003 0.0141672415 0 0 0
nt@synapse_cleft 3429 0.0344389919 -0.016990239 0.0157416263 0 0 0
nt@synapse_cleft 3432 0.0547633334 -0.0701858746 0.00815443485 0 0 0
nt@synapse_cleft 3434 0.00282008449 -0.0250018991 0.00289035183 0 0 0
nt@synapse_cleft 3445 0.00892739355 0.014526792 0.0176883697 0 0 0
nt@synapse_cleft 3451 0.0200798561 0.0194974185 0.00176940958 0 0 0
nt@synapse_cleft 3455 -0.00450777436 -0.00716890428 0.0197408988 0 0 0
nt@synapse_cleft 3467 -0.053935574 0.0105867869 0.00556431833 0 0 0
nt@synapse_cleft 3470 0.0311063118 -0.0144051975 0.0194942349 0 0 0
nt@synapse_cleft 3472 -0.0221055047 0.00966605934 0.0199264737 0 0 0
nt@synapse_cleft 3474 0.0351357009 -0.00421644602 0.00568009718 0 0 0
nt@synapse_cleft 3482 -0.0539753475 -0.0437053361 0.0160475065 0 0 0
nt@synapse_cleft 3484 -0.00806072327 0.0217124625 0.0169993098 0 0 0
nt@synapse_cleft 3496 0.00331163204 -0.00874472471 0.0153211635 0 0 0
nt@synapse_cleft 3500 0.0157905312 -0.0250090201 0.0100463131 0 0 0
nt@synapse_cleft 3502 0.0315669315 0.0286826299 0.00898985967 0 0 0
nt@synapse_cleft 3507 -0.0213768655 -0.00999863041 0.00981701239 0 0 0
nt@synapse_cleft 3511 0.0267760473 -0.017725676 0.0184365016 0 0 0
nt@synapse_cleft 3514 -0.00408086407 -0.0175016937 0.0151696536 0 0 0
nt@synapse_cleft 3519 0.0321825513 -0.0286175036 0.0031715655 0 0 0
nt@synapse_cleft 3525 -0.00746716724 -0.0217752875 0.00124565985 0 0 0
nt@synapse_cleft 3526 0.0203107095 -0.0343210419 0.00279630665 0 0 0
nt@synapse_cleft 3529 -0.0408812322 0.00478926837 0.008636598 0 0 0
nt@synapse_cleft 3535 0.00118514571 -0.00640055197 0.00863337673 0 0 0
nt@synapse_cleft 3536 -0.0117200612 0.0100402837 0.000870692809 0 0 0
nt@synapse_cleft 3538 -0.0192592061 0.00382328841 0.000789750035 0 0 0
nt@synapse_cleft 3539 -0.0409432003 0.0219886377 0.00166571331 0 0 0
nt@synapse_cleft 3542 0.00738363193 0.0394294703 0.0130638777 0 0 0
nt@synapse_cleft 3543 -0.0139348966 -0.00405104345 0.0153021198 0 0 0
nt@synapse_cleft 3546 -0.00839339849 0.00836383089 0.00983716209 0 0 0
nt@synapse_cleft 3561 -0.0236315585 0.0178610011 0.00271518091 0 0 0
nt@synapse_cleft 3562 -0.0588127354 -0.00307419067 0.0176827674 0 0 0
nt@synapse_cleft 3563 0.00910334368 -0.00837762861 0.0191508499 0 0 0
nt@synapse_cleft 3565 0.0283186316 -0.017064384 0.00761029531 0 0 0
nt@synapse_cleft 3566 0.00177884744 0.0495982492 0.00240362864 0 0 0
nt@synapse_cleft 3567 0.00928352471 0.0164714504 0.016331837 0 0 0
nt@synapse_cleft 3568 0.025181945 -0.0391320752 0.0173794744 0 0 0
nt@synapse_cleft 3569 0.0246036534 -0.00576361602 0.015763893 0 0 0
nt@synapse_cleft 3575 -0.0211663655 0.0112817481 0.00195429979 0 0 0
nt@synapse_cleft 3576 0.028526258 0.00233989922 0.00646916118 0 0 0
nt@synapse_cleft 3579 0.00328100459 -0.0176573474 0.00233766881 0 0 0
nt@synapse_cleft 3583 -0.00688431514 0.00554443538 0.0174063702 0 0 0
nt@synapse_cleft 3585 0.0142863244 6.23843662e-05 0.0162336474 0 0 0
nt@synapse_cleft 3592 0.0311861453 0.0275388868 0.0154658428 0 0 0
nt@synapse_cleft 3595 -0.020802103 -0.00525692504 0.00275381795 0 0 0
nt@synapse_cleft 3597 0.0148316149 -0.0282615153 0.0142533005 0 0 0
nt@synapse_cleft 3599 0.0175521914 -0.0383612804 0.0163905396 0 0 0
nt@synapse_cleft 3602 -0.038429392 -0.0114270397 0.00311748423 0 0 0
nt@synapse_cleft 3603 -0.00321655334 0.0281108098 0.0146589795 0 0 0
nt@synapse_cleft 3606 -0.00939949562 -0.00787483012 0.0156224566 0 0 0
nt@synapse_cleft 3610 -0.00977908303 0.00213061221 0.00938270549 0 0 0
nt@synapse_cleft 3611 0.0205108816 -0.0010007542 0.000911184433 0 0 0
nt@synapse_cleft 3616 -0.0303657021 0.0371540488 0.01650559 0 0 0
nt@synapse_cleft 3617 -0.000525466586 -0.050207135 0.0187356475 0 0 0
nt@synapse_cleft 3620 0.0130072589 0.0233436995 0.00830824374 0 0 0
nt@synapse_cleft 3625 0.0201217451 0.00879697713 0.0162323879 0 0 0
nt@synapse_cleft 3630 0.0172616545 0.022441472 0.0156620558 0 0 0
nt@synapse_cleft 3635 -0.0156776034 0.00447632242 0.000113644746 0 0 0
nt@synapse_cleft 3636 -0.0258876889 -0.0124648028 0.00955155387 0 0 0
nt@synapse_cleft 3637 0.0393076281 0.0188630315 0.00562750353 0 0 0
nt@synapse_cleft 3640 -0.0137544236 0.00607735033 0.009279692 0 0 0
nt@synapse_cleft 3642 -0.014594721 -0.00207209694 0.0165971176 0 0 0
nt@synapse_cleft 3645 -0.00933181028 -0.0151030657 0.00405113613 0 0 0
nt@synapse_cleft 3654 0.00732010336 0.048712522 0.000835364825 0 0 0
nt@synapse_cleft 3656 0.0136571463 -0.0168892744 0.00935417228 0 0 0
nt@synapse_cleft 3658 0.022013788 -0.0313369839 0.0195205317 0 0 0
nt@synapse_cleft 3661 0.0265127423 0.000122461959 0.0161005997 0 0 0
nt@synapse_cleft 3664 0.0360052688 -0.0196860248 0.0117559102 0 0 0
nt@synapse_cleft 3667 -0.009568573 0.00589470625 0.00347283014 0 0 0
nt@synapse_cleft 3670 0.0249152047 -0.036531422 0.0199186007 0 0 0
nt@synapse_cleft 3676 -0.037890972 -0.00625626673 0.00678852634 0 0 0
nt@synapse_cleft 3681 0.0377006898 -0.0119184102 0.00107495102 0 0 0
nt@synapse_cleft 3689 -0.00800149757 -0.00791419781 0.0111866186 0 0 0
nt@synapse_cleft 3690 0.018572938 -0.0188179105 0.0197790015 0 0 0
nt@synapse_cleft 3693 -0.0542616084 -0.0309543092 0.000384067182 0 0 0
nt@synapse_cleft 3706 0.0339506885 0.00306322613 0.0159748619 0 0 0
nt@synapse_cleft 3707 -0.0380163567 -0.00232392511 0.0175164782 0 0 0
nt@synapse_cleft 3713 0.0334491087 -0.0285429588 0.0121899257 0 0 0
nt@synapse_cleft 3714 -0.0611749093 -0.00496396832 0.00918291853 0 0 0
nt@synapse_cleft 3726 0.0128397779 -0.0586830479 0.00920848686 0 0 0
nt@synapse_cleft 3728 0.00913215637 0.0243372534 0.00727069809 0 0 0
nt@synapse_cleft 3730 0.0142738683 0.0316131287 0.0191240624 0 0 0
nt@synapse_cleft 3731 -0.00129159306 0.00847186445 0.0192549309 0 0 0
nt@synapse_cleft 3732 0.000860091027 -0.00906812132 0.0167191157 0 0 0
nt@synapse_cleft 3734 0.00924017098 0.00521835773 0.00939843673 0 0 0
nt@synapse_cleft 3737 -0.000905404796 0.00654684235 0.0125716764 0 0 0
nt@synapse_cleft 3738 0.00110381575 0.0252720865 0.0189994249 0 0 0
nt@synapse_cleft 3739 0.0097038325 0.0524081591 0.00687059242 0 0 0
nt@synapse_cleft 3745 0.000629504169 0.0189772909 0.00320713819 0 0 0
nt@synapse_cleft 3751 0.0125039426 -0.00223828491 0.00395429604 0 0 0
nt@synapse_cleft 3758 -0.01882685 -0.0285821054 0.00544205034 0 0 0
nt@synapse_cleft 3759 0.000334652902 -0.00927763231 0.00239019485 0 0 0
nt@synapse_cleft 3760 -0.0154875067 0.0491738727 0.00425082789 0 0 0
nt@synapse_cleft 3763 0.0503489533 0.0333631721 0.0162221692 0 0 0
nt@synapse_cleft 3768 0.00562123062 -0.02080636 0.00374253408 0 0 0
nt@synapse_cleft 3770 0.00769276189 0.00145949117 0.0100960898 0 0 0
nt@synapse_cleft 3771 0.0159126733 0.0129848984 0.017876983 0 0 0
nt@synapse_cleft 3775 0.00687618613 0.00728678647 0.00907095497 0 0 0
nt@synapse_cleft 3783 -0.0306556378 0.00172696029 0.0176816765 0 0 0
nt@synapse_cleft 3788 -0.0241194257 -0.00862492009 0.00338936724 0 0 0
nt@synapse_cleft 3793 -0.020778893 -0.0168848396 0.0104011962 0 0 0
nt@synapse_cleft 3800 0.0345484435 -0.0099415212 0.0115413375 0 0 0
nt@synapse_cleft 3802 0.0279810249 0.00728433662 0.0106730577 0 0 0
nt@synapse_cleft 3811 -0.0301253523 -0.0129245363 0.0144713172 0 0 0
nt@synapse_cleft 3821 0.0373390757 0.0303930847 0.00783634044 0 0 0
nt@synapse_cleft 3827 0.0107807805 0.0227017626 0.0110876866 0 0 0
nt@synapse_cleft 3831 -0.00684428109 -0.046903318 9.81924877e-06 0 0 0
nt@synapse_cleft 3834 0.0473474823 -0.0108720967 0.0115543713 0 0 0
nt@synapse_cleft 3835 0.018551813 -0.0331935368 0.0141287819 0 0 0
nt@synapse_cleft 3841 0.017460809 -0.0189316845 0.0166540387 0 0 0
nt@synapse_cleft 3844 -0.0183485603 -0.00548436815 0.0179039831 0 0 0
nt@synapse_cleft 3846 -0.0100480512 0.00698410378 0.0139118197 0 0 0
nt@synapse_cleft 3848 0.0216639329 0.0126173913 0.0193387759 0 0 0
nt@synapse_cleft 3850 -0.0172426101 -0.00241313436 0.0181251366 0 0 0
nt@synapse_cleft 3859 0.0381954322 0.0103208168 0.0147537517 0 0 0
nt@synapse_cleft 3879 0.0132618752 -0.0381768342 0.00232943767 0 0 0
nt@synapse_cleft 3886 0.0211302932 0.0424322082 0.0127227 0 0 0
nt@synapse_cleft 3891 -0.00154729466 -0.0190729268 0.0121089823 0 0 0
nt@synapse_cleft 3902 -0.014594611 0.00459261547 0.00524666572 0 0 0
nt@synapse_cleft 3907 -0.0242572878 -0.0214593458 0.00519913558 0 0 0
nt@synapse_cleft 3909 0.0101149446 0.0381206879 0.000149630292 0 0 0
nt@synapse_cleft 3917 -0.00212773942 -0.0129881435 0.00363060572 0 0 0
nt@synapse_cleft 3918 -0.00193953079 -0.00866456131 0.00428403136 0 0 0
nt@synapse_cleft 3921 0.0209629678 0.0308777092 0.0188572853 0 0 0
nt@synapse_cleft 3927 0.00558878933 0.0258745648 0.0190425277 0 0 0
nt@synapse_cleft 3932 0.0105068299 -0.00991717474 0.0115286504 0 0 0
nt@synapse_cleft 3936 -0.0265157016 0.0162678656 0.0149503627 0 0 0
nt@synapse_cleft 3940 0.00284134063 -0.0214834837 0.00470576273 0 0 0
nt@synapse_cleft 3941 -0.021572985 0.00629398861 0.006440933 0 0 0
nt@synapse_cleft 3949 -0.0196294766 0.00396428123 0.0146461446 0 0 0
nt@synapse_cleft 3952 -0.0188578687 0.0023576828 0.00597719952 0 0 0
nt@synapse_cleft 3953 0.0147829862 -0.0141986931 0.00211332704 0 0 0
nt@synapse_cleft 3956 -0.00796394866 -0.0172216239 0.00913182889 0 0 0
nt@synapse_cleft 3957 0.0256911296 -0.000156149863 0.0165661092 0 0 0
nt@synapse_cleft 3958 0.0177322405 0.024360443 0.0153838813 0 0 0
nt@synapse_cleft 3962 -0.0324582256 0.0224894846 0.00616609376 0 0 0
nt@synapse_cleft 3963 0.0200302718 0.0376346363 0.00590945448 0 0 0
nt@synapse_cleft 3965 -0.0319466424 0.00340488515 0.0110083079 0 0 0
nt@synapse_cleft 3967 0.019475869 -0.0153072586 0.000972454617 0 0 0
nt@synapse_cleft 3968 0.0186517175 -0.0035592904 0.0189010143 0 0 0
nt@synapse_cleft 3969 0.00314285777 -0.0329386997 0.00745753572 0 0 0
nt@synapse_cleft 3973 0.0185125294 0.000346653171 0.018190112 0 0 0
nt@synapse_cleft 3974 -0.0325853798 0.0321399938 0.0158959319 0 0 0
nt@synapse_cleft 3977 0.00132245854 0.0322557083 0.00209512047 0 0 0
nt@synapse_cleft 3978 0.0199676608 0.00677573458 0.0171033537 0 0 0
nt@synapse_cleft 3983 -0.0152851523 -0.0287834281 0.00389497892 0 0 0
nt@synapse_cleft 3988 -0.0113943146 -0.0252135174 0.0106676136 0 0 0
nt@synapse_cleft 3989 0.0485245831 0.00417255769 0.00682776414 0 0 0
nt@synapse_cleft 3991 0.0669361444 -0.0134707026 0.00439770267 0 0 0
nt@synapse_cleft 3992 0.0063137386 0.0110282625 0.0180193263 0 0 0
nt@synapse_cleft 3993 -0.0260514646 -0.00205159118 0.00623225009 0 0 0
nt@synapse_cleft 3995 -0.0419383078 0.0197883177 0.00112032177 0 0 0
nt@synapse_cleft 3997 -0.0501650541 -0.00122744799 0.0158793599 0 0 0
nt@synapse_cleft 3999 -0.0366271548 -0.0125790665 0.0112758622 0 0 0
nt@synapse_cleft 4009 0.00823610533 -0.0104341225 0.00308952633 0 0 0
nt@synapse_cleft 4011 0.0143503934 0.000176512768 0.00111974123 0 0 0
nt@synapse_cleft 4016 0.000612771067 0.0590113905 0.00493687268 0 0 0
nt@synapse_cleft 4018 0.0149625962 0.00952521492 0.00175839693 0 0 0
nt@synapse_cleft 4022 -0.0184258146 -0.00837132484 0.0083496391 0 0 0
nt@synapse_cleft 4024 -0.00687723333 0.0376523798 0.00564253783 0 0 0
nt@synapse_cleft 4025 -0.0306677345 -0.00720258259 0.0114153344 0 0 0
nt@synapse_cleft 4027 0.0112438539 -0.0200563297 0.00584274895 0 0 0
nt@synapse_cleft 4028 -0.0191035689 0.0257694665 0.0021840999 0 0 0
nt@synapse_cleft 4033 -0.00956490009 -0.0156196445 0.00526290841 0 0 0
nt@synapse_cleft 4037 -0.0145415058 0.0324676599 0.0169946903 0 0 0
nt@synapse_cleft 4040 0.000319153716 0.0113266233 0.0184940484 0 0 0
nt@synapse_cleft 4047 -0.011494069 0.0179432866 0.0129432042 0 0 0
nt@synapse_cleft 4049 0.0269014055 0.00254504014 0.0118639198 0 0 0
nt@synapse_cleft 4051 0.0112974375 0.0109826702 0.012502011 0 0 0
nt@synapse_cleft 4064 0.0105866898 0.00226618182 0.0173222609 0 0 0
nt@synapse_cleft 4070 -0.0140485221 0.0197314443 0.0160404048 0 0 0
nt@synapse_cleft 4071 -0.0372340212 -0.0339954591 0.0123638896 0 0 0
nt@synapse_cleft 4087 -0.00276268553 0.0391101895 0.00874345133 0 0 0
nt@synapse_cleft 4094 0.0369938394 -0.0391560227 0.0106090888 0 0 0
nt@synapse_cleft 4095 0.0138871473 0.0169162957 0.015423753 0 0 0
nt@synapse_cleft 4099 -0.00818997623 0.0321780632 0.00721562203 0 0 0
nt@synapse_cleft 4102 0.0307279874 -0.0197756595 0.0197205704 0 0 0
nt@synapse_cleft 4103 -0.00778277328 -0.000232067932 0.000134062172 0 0 0
nt@synapse_cleft 4106 0.0181739653 0.017503856 0.0122594169 0 0 0
nt@synapse_cleft 4110 -0.0210560646 0.0187790926 0.00481516851 0 0 0
nt@synapse_cleft 4111 0.0454464184 0.00701310565 0.0021836275 0 0 0
nt@synapse_cleft 4115 -0.00169991239 0.0108895612 0.0125186731 0 0 0
nt@synapse_cleft 4116 0.00840044152 -0.00478893438 0.0155157426 0 0 0
nt@synapse_cleft 4119 0.0243135657 -0.0439703368 0.0175937072 0 0 0
nt@synapse_cleft 4123 0.0234472331 0.020855242 0.00553737918 0 0 0
nt@synapse_cleft 4126 0.0294153655 -0.0228511828 0.0145829931 0 0 0
nt@synapse_cleft 4129 -0.0212899923 0.0053211197 0.00151321328 0 0 0
nt@synapse_cleft 4131 -0.0303349502 0.0151429783 0.010461009 0 0 0
nt@synapse_cleft 4132 0.0170396847 0.0212011624 0.01491697 0 0 0
nt@synapse_cleft 4135 0.00272248487 -0.0106902242 0.00739257768 0 0 0
nt@synapse_cleft 4144 -1.61511453e-05 -0.000367809504 0.0037835178 0 0 0
nt@synapse_cleft 4150 -0.037724002 -0.0622838193 0.00943273541 0 0 0
nt@synapse_cleft 4153 -0.00885553433 -0.018771382 0.00160731621 0 0 0
nt@synapse_cleft 4155 0.0217004964 -0.042434364 0.0174980583 0 0 0
nt@synapse_cleft 4156 0.0253709693 -0.0097410994 0.00412761289 0 0 0
nt@synapse_cleft 4157 0.00756764626 0.0164784736 0.0152019371 0 0 0
nt@synapse_cleft 4158 -0.00311765137 0.000698918189 0.00163469871 0 0 0
nt@synapse_cleft 4162 0.0285932405 -0.0264742783 0.00811783947 0 0 0
nt@synapse_cleft 4163 -0.003676788 0.0290773158 0.00473504755 0 0 0
nt@synapse_cleft 4170 -0.0519663386 0.00423795179 0.0110948877 0 0 0
nt@synapse_cleft 4172 -0.0291110576 0.00118946452 0.016138198 0 0 0
nt@synapse_cleft 4177 -0.0402728365 0.057606608 0.00438595709 0 0 0
nt@synapse_cleft 4178 -0.0115735174 -0.0472519708 0.00700490643 0 0 0
nt@synapse_cleft 4184 0.00612564357 -0.016593485 0.00206503703 0 0 0
nt@synapse_cleft 4187 -0.0244894088 -0.0132631495 0.0169985806 0 0 0
nt@synapse_cleft 4193 -0.00925700866 -0.0314066589 0.0159065523 0 0 0
nt@synapse_cleft 4196 -0.0276979953 0.0118571698 0.00389941345 0 0 0
nt@synapse_cleft 4210 0.0144382294 -0.00366799336 0.0103198632 0 0 0
nt@synapse_cleft 4214 -0.044924352 0.00788136232 0.00691976893 0 0 0
nt@synapse_cleft 4215 0.0205776624 -0.0450811386 0.0117884668 0 0 0
nt@synapse_cleft 4220 -0.00805571456 -0.0151845344 0.0187868277 0 0 0
nt@synapse_cleft 4228 0.0172158939 -0.0104056608 0.0120982783 0 0 0
nt@synapse_cleft 4229 -0.0246262288 -0.0142276005 0.0169215078 0 0 0
nt@synapse_cleft 4230 -0.00653707614 0.025616875 0.00458077704 0 0 0
nt@synapse_cleft 4233 0.0092013485 0.0158208757 0.00385549176 0 0 0
nt@synapse_cleft 4234 -0.00415289158 -0.0118150008 0.00505152597 0 0 0
nt@synapse_cleft 4236 -0.0107099679 0.00458067386 0.0193747994 0 0 0
nt@synapse_cleft 4237 0.00712090532 -0.0224048059 0.0146962267 0 0 0
nt@synapse_cleft 4238 -0.0145013022 -0.0324576159 0.00806674267 0 0 0
nt@synapse_cleft 4241 -0.0413258149 0.00858898747 0.00718944083 0 0 0
nt@synapse_cleft 4242 0.0124061564 0.00140492508 0.0190038084 0 0 0
nt@synapse_cleft 4243 0.0203410914 0.000516175891 0.0150120918 0 0 0
nt@synapse_cleft 4252 0.0472772887 -0.0166293827 0.0146311563 0 0 0
nt@synapse_cleft 4254 0.0053907121 0.0232608632 0.00898900082 0 0 0
nt@synapse_cleft 4255 -0.021828542 -0.0486127282 0.0167452494 0 0 0
nt@synapse_cleft 4262 0.0369652641 -0.00692617987 0.00252356619 0 0 0
nt@synapse_cleft 4271 0.000508772387 -0.0216008057 0.0151922272 0 0 0
nt@synapse_cleft 4272 -0.0110024095 0.0269937596 0.010947882 0 0 0
nt@synapse_cleft 4279 0.00600826851 -0.0209026766 0.0132652879 0 0 0
nt@synapse_cleft 4283 -0.0289630457 0.0022469395 0.0177634972 0 0 0
nt@synapse_cleft 4284 0.0364311708 -0.0155947738 0.0043556596 0 0 0
nt@synapse_cleft 4285 -0.0246096906 0.0442301 0.000800509207 0 0 0
nt@synapse_cleft 4287 0.0518929188 0.00621621493 0.0150743391 0 0 0
nt@synapse_cleft 4288 0.0167655555 -0.0212348026 0.0158479549 0 0 0
nt@synapse_cleft 4293 -0.00602690818 -0.0219908853 0.00422956157 0 0 0
nt@synapse_cleft 4297 0.0398855756 -0.0259094717 0.00292869444 0 0 0
nt@synapse_cleft 4301 0.0137561704 -0.0107804609 0.00562097117 0 0 0
nt@synapse_cleft 4308 0.00575893431 0.00197618284 0.0172591913 0 0 0
nt@synapse_cleft 4312 -0.0174297403 -0.025194104 0.0155497005 0 0 0
nt@synapse_cleft 4317 -0.00652363786 0.0245301564 0.00757217514 0 0 0
nt@synapse_cleft 4318 -0.0242522033 -0.019840652 0.0131564823 0 0 0
nt@synapse_cleft 4322 0.0102806216 0.0193869141 0.012075546 0 0 0
nt@synapse_cleft 4326 0.0197822311 -0.00981201209 0.00284543728 0 0 0
nt@synapse_cleft 4330 -0.0122833147 0.0029426029 0.00485473336 0 0 0
nt@synapse_cleft 4334 -0.00121172364 -0.00126487776 0.00715017049 0 0 0
nt@synapse_cleft 4339 -0.00930551268 -0.00779201794 0.0061827549 0 0 0
nt@synapse_cleft 4343 -0.0104589557 -0.0315043586 0.0174490857 0 0 0
nt@synapse_cleft 4346 -0.00420544645 -0.0180078472 0.0197538814 0 0 0
nt@synapse_cleft 4351 0.0452143511 0.00846448461 0.000795166696 0 0 0
nt@synapse_cleft 4359 0.017589894 0.0138604439 0.0123244599 0 0 0
nt@synapse_cleft 4360 0.0192033138 0.0103258498 0.0180814462 0 0 0
nt@synapse_cleft 4363 -0.0389085948 -0.00330494756 0.00726286736 0 0 0
nt@synapse_cleft 4365 0.0202412502 0.00816201519 0.019747809 0 0 0
nt@synapse_cleft 4372 -0.00417082025 -0.0065296917 0.00886672545 0 0 0
nt@synapse_cleft 4374 -0.016809019 -0.00363274197 0.0190692956 0 0 0
nt@synapse_cleft 4376 -0.0290976202 -0.00167172165 0.00117740071 0 0 0
nt@synapse_cleft 4381 -0.00797340588 -0.0321108176 0.00248658807 0 0 0
nt@synapse_cleft 4386 -0.00594667568 -0.031863981 0.0048399536 0 0 0
nt@synapse_cleft 4391 0.010985258 -0.034742348 0.00640831477 0 0 0
nt@synapse_cleft 4392 -0.00799462357 0.00054197088 0.00209226895 0 0 0
nt@synapse_cleft 4394 0.0139371296 -0.018480089 0.0086545232 0 0 0
nt@synapse_cleft 4395 0.00950388293 -0.0263060399 0.00518046309 0 0 0
nt@synapse_cleft 4396 0.00959243068 -0.0352916617 0.0175280062 0 0 0
nt@synapse_cleft 4398 -0.0182521305 0.00434635002 0.00760836417 0 0 0
nt@synapse_cleft 4399 0.02891237 0.0307301913 0.0196225115 0 0 0
nt@synapse_cleft 4403 -0.010117728 -0.0311151345 0.00932994038 0 0 0
nt@synapse_cleft 4405 -0.0184646933 -0.0132366103 0.000758597566 0 0 0
nt@synapse_cleft 4407 0.0385605417 -0.0365388267 0.00502425313 0 0 0
nt@synapse_cleft 4414 0.0159992535 -0.0125294693 0.00241715144 0 0 0
nt@synapse_cleft 4416 -0.0155485213 0.00440240937 0.00953188029 0 0 0
nt@synapse_cleft 4423 0.0246454441 -0.00925219992 0.00478956553 0 0 0
nt@synapse_cleft 4424 -0.0269838085 -0.00801176085 0.0118794966 0 0 0
nt@synapse_cleft 4426 0.0109318344 -0.0107674068 0.00140785173 0 0 0
nt@synapse_cleft 4430 -0.0075483911 -0.00464284081 0.0142745066 0 0 0
nt@synapse_cleft 4431 0.00592011185 -0.0139875804 0.0031368922 0 0 0
nt@synapse_cleft 4434 0.0207737162 -0.0302505172 0.0149552768 0 0 0
nt@synapse_cleft 4436 0.0205677841 0.0161600846 0.00752603597 0 0 0
nt@synapse_cleft 4446 0.00508984781 0.0467978039 0.0164227404 0 0 0
nt@synapse_cleft 4449 0.0314092061 0.0445770001 0.0151761097 0 0 0
nt@synapse_cleft 4453 -0.0314659619 0.01736388 0.00486175814 0 0 0
nt@synapse_cleft 4464 0.00869910683 -0.0336030923 0.0152716386 0 0 0
nt@synapse_cleft 4470 -0.00588332592 -0.0265440403 0.0106084077 0 0 0
nt@synapse_cleft 4473 -0.00856134539 -0.0213680728 0.00400372147 0 0 0
nt@synapse_cleft 4478 -0.00608116917 0.0268376394 0.0126430872 0 0 0
nt@synapse_cleft 4480 0.00100380112 0.0169856783 0.018401461 0 0 0
nt@synapse_cleft 4482 -0.0135080462 0.00387947838 0.00706403116 0 0 0
nt@synapse_cleft 4485 0.0246403367 -0.00513954431 0.000876900926 0 0 0
nt@synapse_cleft 4488 0.0281569964 0.00209054697 0.017215928 0 0 0
nt@synapse_cleft 4489 0.018936678 -0.00131245469 0.00245017492 0 0 0
nt@synapse_cleft 4491 -0.00876630972 0.0354723816 0.0112428166 0 0 0
nt@synapse_cleft 4496 -0.055607942 0.0372839622 0.0130047498 0 0 0
nt@synapse_cleft 4499 -0.00544566744 -0.00158882897 0.00261313738 0 0 0
nt@synapse_cleft 4501 0.0124601809 0.00535798506 0.0159453195 0 0 0
nt@synapse_cleft 4514 0.00607441968 0.00794976578 0.0029511475 0 0 0
nt@synapse_cleft 4517 -0.0428683456 0.0474344622 0.00010929946 0 0 0
nt@synapse_cleft 4524 0.00595646974 -0.0356563277 0.0167508108 0 0 0
nt@synapse_cleft 4527 0.0302658064 -0.0212120201 0.0110848221 0 0 0
nt@synapse_cleft 4533 0.00625983929 -0.00437237947 7.66544564e-05 0 0 0
nt@synapse_cleft 4538 -0.0313557566 -0.0354744192 0.000534532599 0 0 0
nt@synapse_cleft 4540 0.0302143555 -0.00170483056 0.00306019007 0 0 0
nt@synapse_cleft 4542 0.00312285648 0.0291515174 0.000600920576 0 0 0
nt@synapse_cleft 4545 -0.0173720882 0.0187415877 0.0118634352 0 0 0
nt@synapse_cleft 4551 -0.0070072606 0.0153518103 0.0172003539 0 0 0
nt@synapse_cleft 4553 -0.0262467852 0.000374114338 0.00983888722 0 0 0
nt@synapse_cleft 4559 -0.00754293145 0.0302447627 0.00845551644 0 0 0
nt@synapse_cleft 4565 -0.0375976258 -0.0212173366 0.0177821174 0 0 0
nt@synapse_cleft 4572 -0.000714603505 0.00806644552 0.00924775459 0 0 0
nt@synapse_cleft 4574 0.0347438144 -0.0151584286 0.00376094304 0 0 0
nt@synapse_cleft 4576 -0.042199779 -0.0201576871 0.0150798577 0 0 0
nt@synapse_cleft 4583 -0.00998537563 -0.00181860422 0.00343199207 0 0 0
nt@synapse_cleft 4587 0.0252346375 -0.000532544227 0.0160358209 0 0 0
nt@synapse_cleft 4590 -0.0482061898 -0.025524116 0.012771567 0 0 0
nt@synapse_cleft 4593 -0.0334514808 0.0477760001 0.0119539583 0 0 0
nt@synapse_cleft 4594 0.0102389728 0.00511824868 0.00194258922 0 0 0
nt@synapse_cleft 4595 0.0290314359 -0.028702924 0.0188756871 0 0 0
nt@synapse_cleft 4598 0.0318527871 0.0100769676 0.00600088456 0 0 0
nt@synapse_cleft 4600 -0.0250265029 0.000320548232 0.00594646191 0 0 0
nt@synapse_cleft 4607 -0.00437840801 0.0475340935 0.0124359938 0 0 0
nt@synapse_cleft 4613 0.0435985192 -0.0122831623 0.00456228859 0 0 0
nt@synapse_cleft 4620 0.00329482256 -0.000304099162 0.0120934513 0 0 0
nt@synapse_cleft 4622 0.0556641009 0.0484812939 0.00644248724 0 0 0
nt@synapse_cleft 4624 0.0138840233 -0.0156967466 0.0145301565 0 0 0
nt@synapse_cleft 4626 0.0205174323 0.00344951154 0.0139579259 0 0 0
nt@synapse_cleft 4628 -0.00782252176 0.00307008311 0.00533874298 0 0 0
nt@synapse_cleft 4641 0.0218211995 -0.0152745827 0.00255891796 0 0 0
nt@synapse_cleft 4654 0.00966171622 -0.0371849829 0.0158181854 0 0 0
nt@synapse_cleft 4658 -0.0235793945 0.0295152472 0.0154512905 0 0 0
nt@synapse_cleft 4659 -0.0535970459 0.0230030731 0.0118740208 0 0 0
nt@synapse_cleft 4660 0.0279920352 -0.0241706161 0.015587688 0 0 0
nt@synapse_cleft 4661 0.0209637946 -0.0319122522 0.00597114239 0 0 0
nt@synapse_cleft 4664 0.0087529349 -0.00723635815 0.00713387913 0 0 0
nt@synapse_cleft 4666 0.0529742196 0.0228670255 0.0178843984 0 0 0
nt@synapse_cleft 4671 -0.00333569799 -0.0232276422 0.00419058584 0 0 0
nt@synapse_cleft 4681 0.0163590676 -0.0224044246 0.0172053097 0 0 0
nt@synapse_cleft 4687 -0.00595621121 -0.00527368591 0.0131619645 0 0 0
nt@synapse_cleft 4699 -0.0383707076 0.0183787088 0.00279234509 0 0 0
nt@synapse_cleft 4700 -0.0313628171 0.062545546 0.0198706565 0 0 0
nt@synapse_cleft 4701 0.0196584108 0.0184633357 0.00901490312 0 0 0
nt@synapse_cleft 4706 0.00937038859 -0.018816717 0.00850168905 0 0 0
nt@synapse_cleft 4709 -0.0092425204 0.0147154301 0.00796479841 0 0 0
nt@synapse_cleft 4710 -0.013690413 -0.0480998881 0.00200749869 0 0 0
nt@synapse_cleft 4718 0.0326480741 0.0109165184 0.00598962898 0 0 0
nt@synapse_cleft 4732 -0.0175105038 0.00937722524 0.00383536388 0 0 0
nt@synapse_cleft 4736 7.66426716e-05 -0.00319608396 0.00535730923 0 0 0
nt@synapse_cleft 4746 -0.0520169546 -0.00133503374 0.000957811617 0 0 0
nt@synapse_cleft 4750 0.00789398225 -0.0622712431 0.00974442367 0 0 0
nt@synapse_cleft 4752 -0.00298900326 -0.00229194573 0.019064274 0 0 0
nt@synapse_cleft 4753 -0.018989604 0.000753387435 0.00628937075 0 0 0
nt@synapse_cleft 4754 -0.0114150055 0.0108990481 0.0129453607 0 0 0
nt@synapse_cleft 4756 -0.0155060302 0.0170165379 0.0113883806 0 0 0
nt@synapse_cleft 4758 -0.0440066735 0.013865229 0.016912796 0 0 0
nt@synapse_cleft 4764 0.0160823881 -0.0136327251 0.0107981069 0 0 0
nt@synapse_cleft 4767 0.0162341192 0.02250179 0.00023959043 0 0 0
nt@synapse_cleft 4779 0.0331013958 -0.0260359511 0.00438884684 0 0 0
nt@synapse_cleft 4784 0.0179647128 0.00944328094 0.0137625013 0 0 0
nt@synapse_cleft 4786 -0.00454057709 0.00498735152 0.0130251774 0 0 0
nt@synapse_cleft 4791 0.0264995909 -0.0123506611 0.00610571287 0 0 0
nt@synapse_cleft 4793 -0.0315302413 0.0169506249 0.0194984715 0 0 0
nt@synapse_cleft 4800 0.00966717544 -0.00570315378 0.000384504189 0 0 0
nt@synapse_cleft 4801 -0.0250893378 0.00128563766 0.00441542634 0 0 0
nt@synapse_cleft 4807 0.00504289842 -0.01285107 0.00850030037 0 0 0
nt@synapse_cleft 4809 -0.036406447 -0.0361887119 0.0176100889 0 0 0
nt@synapse_cleft 4812 0.00279854605 -0.0516911413 0.00871341491 0 0 0
nt@synapse_cleft 4813 -0.0371517459 -0.0785197052 0.0124700954 0 0 0
nt@synapse_cleft 4814 -0.0275506861 0.0227697309 0.000783351696 0 0 0
nt@synapse_cleft 4816 -0.0280378216 -0.0182118458 0.0144787524 0 0 0
nt@synapse_cleft 4822 0.00169677182 -0.0116304378 0.000747185227 0 0 0
nt@synapse_cleft 4823 -0.0030271454 0.0153629252 0.0191647918 0 0 0
nt@synapse_cleft 4824 0.00441467064 -0.0173433416 0.00717057135 0 0 0
nt@synapse_cleft 4829 0.0290007381 -0.0632484172 0.0163795167 0 0 0
nt@synapse_cleft 4830 -0.00925453236 0.0128348263 0.00790349789 0 0 0
nt@synapse_cleft 4833 -0.0165800841 -0.0292784194 0.0164238698 0 0 0
nt@synapse_cleft 4838 -0.0132446194 0.0269729485 0.0104002226 0 0 0
nt@synapse_cleft 4839 0.00520344146 -0.00324667146 0.0185432748 0 0 0
nt@synapse_cleft 4844 0.0507213136 -0.0169794192 0.0144683104 0 0 0
nt@synapse_cleft 4852 -0.0165731819 -0.00744647819 0.0143882272 0 0 0
nt@synapse_cleft 4854 0.0462309924 -0.00885436239 0.00146375049 0 0 0
nt@synapse_cleft 4855 0.0346952121 0.00571565034 0.0169377485 0 0 0
nt@synapse_cleft 4869 -0.0230878867 0.0134961386 0.0185851962 0 0 0
nt@synapse_cleft 4871 0.0214010318 0.0238121322 0.010663958 0 0 0
nt@synapse_cleft 4872 -0.0350732056 0.021671802 0.0109384834 0 0 0
nt@synapse_cleft 4880 -0.00722854878 -0.0152704308 0.0139809207 0 0 0
nt@synapse_cleft 4882 -0.0209422766 -0.0341711083 0.00128009631 0 0 0
nt@synapse_cleft 4883 -0.0241143583 0.0089699788 0.0185146024 0 0 0
nt@synapse_cleft 4886 0.0205702248 -0.0014350112 0.0135049591 0 0 0
nt@synapse_cleft 4890 -0.00717703024 0.00584017931 0.00565595011 0 0 0
nt@synapse_cleft 4891 -0.00446508978 -0.0160084904 0.0126836248 0 0 0
nt@synapse_cleft 4892 -0.0240070414 0.018011948 0.00699129849 0 0 0
nt@synapse_cleft 4896 -0.0186554617 -0.0321374394 0.0192053408 0 0 0
nt@synapse_cleft 4897 0.0339003684 -0.0173717622 0.000142606209 0 0 0
nt@synapse_cleft 4901 0.00158977498 0.0139039001 0.00653914527 0 0 0
nt@synapse_cleft 4905 -0.0133598013 -0.00416638467 0.00931560814 0 0 0
nt@synapse_cleft 4906 0.00361709734 -0.0284778568 0.0124758402 0 0 0
nt@synapse_cleft 4918 -0.0077265122 0.0184397114 0.00877677444 0 0 0
nt@synapse_cleft 4919 0.016695569 -0.000966263024 0.00942278388 0 0 0
nt@synapse_cleft 4925 0.0204815814 -0.00320166115 0.0179163872 0 0 0
nt@synapse_cleft 4928 0.00530781994 0.0524710369 0.00794750769 0 0 0
nt@synapse_cleft 4931 0.0147167879 -0.0108926213 0.0078150867 0 0 0
nt@synapse_cleft 4937 -0.0589488699 -0.00958997604 0.00109616055 0 0 0
nt@synapse_cleft 4939 -0.0169983108 -0.0111627114 0.0106222677 0 0 0
nt@synapse_cleft 4946 -0.0188380501 0.00701859778 0.000337383233 0 0 0
nt@synapse_cleft 4956 0.0127378193 0.000642629757 0.0112274694 0 0 0
nt@synapse_cleft 4967 -0.00177529808 -0.00143851072 0.00409642958 0 0 0
nt@synapse_cleft 4972 0.0326699197 -0.0186164212 0.015365015 0 0 0
nt@synapse_cleft 4973 0.00146780914 0.0432385683 0.0178588977 0 0 0
nt@synapse_cleft 4979 -0.00786955374 -0.010273793 0.00192415472 0 0 0
nt@synapse_cleft 4980 0.00477638208 0.00934700279 0.0166900141 0 0 0
nt@synapse_cleft 4981 -0.00935699437 -0.0255412886 0.00980937246 0 0 0
nt@synapse_cleft 4982 0.00965427426 -0.0163875011 0.0100501767 0 0 0
nt@synapse_cleft 4983 -0.0236566125 0.0264567581 0.00532205668 0 0 0
nt@synapse_cleft 4988 0.00948539177 -0.0120303372 0.00715279951 0 0 0
nt@synapse_cleft 4989 -0.00934018534 -0.0160080298 0.0117492015 0 0 0
nt@synapse_cleft 4991 0.000776144332 -0.018758182 0.0180842335 0 0 0
nt@synapse_cleft 4994 -0.0338412034 0.0148684503 0.00784893974 0 0 0
nt@synapse_cleft 5004 -0.0193871664 0.0314838126 0.00379034886 0 0 0
nt@synapse_cleft 5006 0.00982349681 -0.00905406467 0.0024837594 0 0 0
nt@synapse_cleft 5009 -0.0255398135 0.0122919845 0.00300663708 0 0 0
nt@synapse_cleft 5011 -0.00514398768 -0.0171759583 0.00128396908 0 0 0
nt@synapse_cleft 5015 -0.0329768248 -0.0232876488 0.0072248575 0 0 0
nt@synapse_cleft 5024 -0.00181602961 -0.0125157171 0.00853159452 0 0 0
nt@synapse_cleft 5030 0.00403639716 0.0323067767 0.00961616264 0 0 0
nt@synapse_cleft 5044 -0.035006756 0.00738070299 0.0190839592 0 0 0
nt@synapse_cleft 5045 0.0298285279 0.0174334251 0.00242295423 0 0 0
nt@synapse_cleft 5046 0.00267405074 -0.00805521485 0.00517184528 0 0 0
nt@synapse_cleft 5052 -0.0135268807 -0.0101365361 0.0128907939 0 0 0
nt@synapse_cleft 5055 -0.0173288207 0.016953219 0.00830673019 0 0 0
nt@synapse_cleft 5059 -0.0317557989 0.024463414 0.0163365236 0 0 0
nt@synapse_cleft 5061 0.0225619527 -0.0260623885 0.00682230026 0 0 0
nt@synapse_cleft 5063 -0.0214470226 0.0154073146 0.0020702735 0 0 0
nt@synapse_cleft 5065 0.0174838821 -0.027948624 0.0155824385 0 0 0
nt@synapse_cleft 5077 0.045863438 -0.00741618034 0.0166867509 0 0 0
nt@synapse_cleft 5081 0.0112168112 0.0177474667 0.00049938847 0 0 0
nt@synapse_cleft 5082 0.0149391547 0.0559687103 0.016180756 0 0 0
nt@synapse_cleft 5086 0.0333049902 0.0272102001 0.00777736334 0 0 0
nt@synapse_cleft 5105 -0.00224226367 -0.0225795309 0.014966471 0 0 0
nt@synapse_cleft 5106 -0.00434817449 -0.0153966498 0.0139149516 0 0 0
nt@synapse_cleft 5111 -0.0239559323 -0.0370439905 0.0126897119 0 0 0
nt@synapse_cleft 5126 -0.0303720205 -0.0129419996 0.0126484632 0 0 0
nt@synapse_cleft 5133 -0.0189236755 0.02800086 0.0190528491 0 0 0
nt@synapse_cleft 5135 -0.0145955157 0.0062315 0.00902137083 0 0 0
nt@synapse_cleft 5145 0.0147078616 0.0208086611 0.012177944 0 0 0
nt@synapse_cleft 5154 0.0105902642 0.031154774 0.0150870489 0 0 0
nt@synapse_cleft 5159 -0.0325499288 -0.0004174248 0.0181740692 0 0 0
nt@synapse_cleft 5160 0.0384954804 -0.0164669192 0.0147829414 0 0 0
nt@synapse_cleft 5163 0.00265363444 0.0249646623 0.0162327472 0 0 0
nt@synapse_cleft 5164 0.000876098158 -0.0259689707 0.00268681077 0 0 0
nt@synapse_cleft 5173 -0.0353351287 -0.00627746788 0.0166798356 0 0 0
nt@synapse_cleft 5175 -0.0298719678 0.0107220154 0.0156946469 0 0 0
nt@synapse_cleft 5176 -0.0256286486 0.0602911808 0.0172546253 0 0 0
nt@synapse_cleft 5179 0.0343575872 0.00499163247 0.00402653116 0 0 0
nt@synapse_cleft 5182 0.0425391836 0.0124843272 0.00093903719 0 0 0
nt@synapse_cleft 5183 0.0246057224 0.0092558734 0.00670030989 0 0 0
nt@synapse_cleft 5186 0.0159480886 -0.0188699675 0.0140860926 0 0 0
nt@synapse_cleft 5193 0.0164885242 0.00251616087 0.0168835793 0 0 0
nt@synapse_cleft 5196 -0.0159469749 -0.00910206292 0.0142437896 0 0 0
nt@synapse_cleft 5198 -0.0057094153 -0.0163771487 0.000874654331 0 0 0
