nt@synapse_cleft 0 0.0322690487 0.0018805337 0.0175659204 0 0 0
nt@synapse_cleft 2 -0.0469758461 0.0309358477 0.0044665919 0 0 0
nt@synapse_cleft 7 0.0212666695 0.0236678728 0.00289111782 0 0 0
nt@synapse_cleft 9 0.034675685 -0.0359405103 0.0141520561 0 0 0
nt@synapse_cleft 12 0.00709046563 0.0412407126 0.00794021011 0 0 0
nt@synapse_cleft 15 0.00444475827 0.0226671862 0.0192348988 0 0 0
nt@synapse_cleft 17 0.0357495129 0.0021121339 0.00518884316 0 0 0
nt@synapse_cleft 26 -0.0296867256 0.00990337811 0.0188100696 0 0 0
nt@synapse_cleft 35 0.0153755375 0.0628972921 0.0109219586 0 0 0
nt@synapse_cleft 42 0.00874814281 0.00295078829 0.0114570867 0 0 0
nt@synapse_cleft 45 -0.0205504954 0.0186705156 0.00489254178 0 0 0
nt@synapse_cleft 54 0.00909276764 0.0215408749 0.0149505061 0 0 0
nt@synapse_cleft 56 -0.0305272583 -0.0315619209 0.00667498627 0 0 0
nt@synapse_cleft 72 -0.0315805482 0.0164755366 0.0158913195 0 0 0
nt@synapse_cleft 87 -0.00472632474 -0.00259800023 0.000768687611 0 0 0
nt@synapse_cleft 89 0.0357544783 -0.0167325384 0.0150303723 0 0 0
nt@synapse_cleft 100 -0.0288010946 -0.0348556269 0.00273726554 0 0 0
nt@synapse_cleft 103 0.0357581393 -0.0147658823 0.00782871458 0 0 0
nt@synapse_cleft 111 -0.0379772372 0.0465709292 0.0035296101 0 0 0
nt@synapse_cleft 114 0.0469952859 -0.0267069903 0.00173410289 0 0 0
nt@synapse_cleft 115 -0.00365982325 -0.0168655845 0.0144751772 0 0 0
nt@synapse_cleft 116 -0.0178972774 -0.021786273 0.0016364921 0 0 0
nt@synapse_cleft 135 -0.0351737069 -0.0137175324 0.0165098528 0 0 0
nt@synapse_cleft 137 -0.0547074936 -0.0383764547 0.000954732889 0 0 0
nt@synapse_cleft 148 -0.0101925505 0.0792472328 0.00270967301 0 0 0
nt@synapse_cleft 150 -0.0118028154 0.0233301053 0.0110238232 0 0 0
nt@synapse_cleft 156 -0.00290643701 -0.0148148023 0.000408667744 0 0 0
nt@synapse_cleft 167 -0.00536035387 -0.0357644302 0.00206318417 0 0 0
nt@synapse_cleft 188 -0.00992237457 -0.0254480637 0.0149788969 0 0 0
nt@synapse_cleft 194 -0.0132656704 -0.0221822407 0.0154904745 0 0 0
nt@synapse_cleft 195 0.0364230829 0.0554802324 0.00807726086 0 0 0
nt@synapse_cleft 199 0.0380660222 0.0187944692 0.0144556939 0 0 0
nt@synapse_cleft 206 -0.0012445978 -0.0234022435 0.0160927946 0 0 0
nt@synapse_cleft 210 -0.023309724 0.00840479005 0.000894723377 0 0 0
nt@synapse_cleft 224 -0.021933731 0.0461098432 0.011493103 0 0 0
nt@synapse_cleft 231 0.0195638588 0.0564328548 0.00375515111 0 0 0
nt@synapse_cleft 235 -0.00152814271 -0.00969709922 0.0125091872 0 0 0
nt@synapse_cleft 244 -0.017217326 0.0195741939 0.00554756431 0 0 0
nt@synapse_cleft 248 0.0310481993 -0.0254165079 0.0159307845 0 0 0
nt@synapse_cleft 256 -0.0376404298 0.00290890661 0.00588884656 0 0 0
nt@synapse_cleft 268 -0.000272954002 -0.0324187011 0.0116641656 0 0 0
nt@synapse_cleft 284 -0.0418362603 0.0852518221 0.0119928422 0 0 0
nt@synapse_cleft 293 0.0270307833 -0.0158255434 0.0187737997 0 0 0
nt@synapse_cleft 306 0.0184147906 -0.030394961 0.0127397108 0 0 0
nt@synapse_cleft 307 0.0072721821 -0.0125686564 0.00980868057 0 0 0
nt@synapse_cleft 318 -0.0224649658 -0.00838146739 0.010802127 0 0 0
nt@synapse_cleft 321 0.0422424917 0.0138919234 0.0190164364 0 0 0
nt@synapse_cleft 325 -0.060931818 0.0812966853 0.0199423531 0 0 0
nt@synapse_cleft 347 -0.00767156081 0.00808535513 0.00705592264 0 0 0
nt@synapse_cleft 348 -0.0110250848 -0.0294997703 0.00295945961 0 0 0
nt@synapse_cleft 350 0.00520525876 -0.003156397 0.0018509924 0 0 0
nt@synapse_cleft 356 -0.0423966968 0.0155713604 0.0100845511 0 0 0
nt@synapse_cleft 361 -0.037614281 0.0116719754 0.014552977 0 0 0
nt@synapse_cleft 371 -0.00715227525 0.0379486493 0.00478316255 0 0 0
nt@synapse_cleft 372 0.00984423375 0.0356729127 0.0100133655 0 0 0
nt@synapse_cleft 376 -0.0224759293 0.00364419522 0.00716114106 0 0 0
nt@synapse_cleft 385 0.0217537682 0.0203666077 0.002823056 0 0 0
nt@synapse_cleft 402 0.00908001665 0.0438468983 0.0178573257 0 0 0
nt@synapse_cleft 406 -0.0280462686 -0.0369835685 0.0037690472 0 0 0
nt@synapse_cleft 421 -0.0538712666 0.0199406 0.00596177573 0 0 0
nt@synapse_cleft 426 0.0573159672 -0.0224932563 0.0137061691 0 0 0
nt@synapse_cleft 429 -0.021953334 0.0259422728 0.0169861151 0 0 0
nt@synapse_cleft 440 0.0402237661 -0.0113635231 0.0171253411 0 0 0
nt@synapse_cleft 444 0.00444491296 0.0578511167 0.00928467501 0 0 0
nt@synapse_cleft 449 -0.0105847573 -0.016710822 0.000388521375 0 0 0
nt@synapse_cleft 452 0.0419092897 0.049925602 0.0121763434 0 0 0
nt@synapse_cleft 455 0.0154237248 -0.033416768 0.0180637769 0 0 0
nt@synapse_cleft 477 -0.000417717601 0.0114556203 0.00977736321 0 0 0
nt@synapse_cleft 479 -0.0179749567 0.0129438975 0.0129660903 0 0 0
nt@synapse_cleft 482 0.0148893302 0.00462073419 0.00634822689 0 0 0
nt@synapse_cleft 499 0.0189938925 0.0155849091 0.00540133576 0 0 0
nt@synapse_cleft 501 0.00702183313 0.013434594 0.0099160378 0 0 0
nt@synapse_cleft 503 0.0147438944 -0.0261876455 0.0180712472 0 0 0
nt@synapse_cleft 509 -0.0375310573 0.0429699457 0.00151365709 0 0 0
nt@synapse_cleft 510 0.0210284211 0.00376212224 0.00981601871 0 0 0
nt@synapse_cleft 514 -0.0291193822 0.00219775209 0.0080000754 0 0 0
nt@synapse_cleft 522 -0.058370807 0.0244898732 0.0158640033 0 0 0
nt@synapse_cleft 524 -0.018040783 0.0348773196 0.00554623306 0 0 0
nt@synapse_cleft 530 0.0144952506 -0.00800166858 0.00691729283 0 0 0
nt@synapse_cleft 536 -0.0266685812 -0.0462657653 0.0105684145 0 0 0
nt@synapse_cleft 544 0.0182516103 -0.00845016461 0.0148001016 0 0 0
nt@synapse_cleft 546 -0.0679126383 0.0144047295 0.00968373234 0 0 0
nt@synapse_cleft 549 0.0562910058 -0.0247687994 0.00546525855 0 0 0
nt@synapse_cleft 551 0.0186494527 -0.0218913363 0.00453000216 0 0 0
nt@synapse_cleft 552 0.0250266385 0.0159321564 2.63916292e-05 0 0 0
nt@synapse_cleft 557 -0.0441831129 0.0110422502 0.00610818316 0 0 0
nt@synapse_cleft 558 0.00437209871 -0.00527612785 0.00910538105 0 0 0
nt@synapse_cleft 563 -0.018552755 -0.0649039343 0.000748485914 0 0 0
nt@synapse_cleft 572 -0.0150799282 0.0116962457 0.00510355848 0 0 0
nt@synapse_cleft 575 -0.010494167 -0.000451172696 0.00445729983 0 0 0
nt@synapse_cleft 591 -0.00896432858 0.0115835419 0.00652885694 0 0 0
nt@synapse_cleft 596 -0.0121580873 0.0175979206 0.0150021541 0 0 0
nt@synapse_cleft 598 0.00316958091 0.0243307213 0.00954410074 0 0 0
nt@synapse_cleft 620 -0.0311351215 -0.0137564668 0.0158791826 0 0 0
nt@synapse_cleft 624 0.0185067866 -0.00792967063 0.00338570791 0 0 0
nt@synapse_cleft 627 -0.019383491 -0.0349128987 0.00672194582 0 0 0
nt@synapse_cleft 629 -0.00614994324 -0.00657182456 0.00625683598 0 0 0
nt@synapse_cleft 633 -0.0296889806 0.0325801643 0.0116515772 0 0 0
nt@synapse_cleft 634 0.0226687954 0.0169025651 0.0100335726 0 0 0
nt@synapse_cleft 639 -0.0103490042 -0.0218036017 0.00914125384 0 0 0
nt@synapse_cleft 645 -0.00785006857 0.0132968761 0.016536332 0 0 0
nt@synapse_cleft 647 -0.000149437016 0.0263971493 0.00387086739 0 0 0
nt@synapse_cleft 661 -0.0325497218 -0.0454018663 0.0199784968 0 0 0
nt@synapse_cleft 664 -0.00540860254 0.0195364555 0.00316257366 0 0 0
nt@synapse_cleft 678 0.00982966477 -0.025663298 0.00607612735 0 0 0
nt@synapse_cleft 681 0.0101213857 -0.0370774507 0.0053434506 0 0 0
nt@synapse_cleft 693 0.00733466119 0.0204352043 0.000515790556 0 0 0
nt@synapse_cleft 698 0.00504856676 0.00597911753 0.0142608319 0 0 0
nt@synapse_cleft 699 -0.0189455455 -0.0761397814 0.000706749929 0 0 0
nt@synapse_cleft 712 -0.0147007135 -0.00266419387 0.0105379169 0 0 0
nt@synapse_cleft 721 0.0110604568 -0.0303373449 0.00139761767 0 0 0
nt@synapse_cleft 726 -0.00794622752 0.0037312297 0.0116634029 0 0 0
nt@synapse_cleft 727 -0.0297150386 0.00680056123 0.00578297041 0 0 0
nt@synapse_cleft 728 0.011799544 0.00553344105 0.00173449283 0 0 0
nt@synapse_cleft 732 0.0158172375 0.044298597 0.00652742942 0 0 0
nt@synapse_cleft 735 -0.0659404012 0.00896592968 0.00553705329 0 0 0
nt@synapse_cleft 741 0.0403579789 0.00876211975 0.0126184352 0 0 0
nt@synapse_cleft 750 0.0274987963 0.0243497732 0.0192051266 0 0 0
nt@synapse_cleft 754 -0.0175558569 -0.0181876789 0.0142682658 0 0 0
nt@synapse_cleft 760 -0.012953699 -0.0542347593 0.0152717011 0 0 0
nt@synapse_cleft 762 0.00165631457 -0.0171284918 0.0187134633 0 0 0
nt@synapse_cleft 765 -0.0315976564 0.0453050887 0.0148218608 0 0 0
nt@synapse_cleft 768 -0.00463630282 -0.00834286453 0.0178055248 0 0 0
nt@synapse_cleft 769 -0.0095958669 0.0525619193 0.0191642142 0 0 0
nt@synapse_cleft 779 -0.0235993628 0.0131042452 0.00408139959 0 0 0
nt@synapse_cleft 797 -0.00278644077 0.0417113265 0.00272420202 0 0 0
nt@synapse_cleft 803 -0.0218536598 -0.0514164114 0.00535773105 0 0 0
nt@synapse_cleft 816 0.00372576665 -0.0025668603 0.00759100161 0 0 0
nt@synapse_cleft 831 0.0219250786 -0.00267596146 0.00174403715 0 0 0
nt@synapse_cleft 833 -0.00851659113 -0.00579341828 0.015354856 0 0 0
nt@synapse_cleft 837 -0.0189186144 -0.012447792 0.00795333837 0 0 0
nt@synapse_cleft 844 -0.0199590926 0.0142559272 0.019689515 0 0 0
nt@synapse_cleft 847 0.0122790476 -0.00406122876 0.0125858905 0 0 0
nt@synapse_cleft 850 -0.00411485106 0.0160799971 0.0180660046 0 0 0
nt@synapse_cleft 854 -0.00639887504 0.0410878291 0.000145195066 0 0 0
nt@synapse_cleft 866 -0.0172525895 -0.0244501749 0.00202533279 0 0 0
nt@synapse_cleft 871 0.0209759316 0.0232476809 0.00828730621 0 0 0
nt@synapse_cleft 877 -0.0372187787 0.0210969051 0.000881497829 0 0 0
nt@synapse_cleft 884 0.0176914444 -0.00901062248 0.0177807642 0 0 0
nt@synapse_cleft 904 -0.0588050477 0.0102352018 0.017013282 0 0 0
nt@synapse_cleft 908 -0.0663048387 -0.0186582387 0.00176036228 0 0 0
nt@synapse_cleft 909 0.0319821037 0.000385901285 0.00925245666 0 0 0
nt@synapse_cleft 913 -0.0266811715 0.0197793012 0.0169746617 0 0 0
nt@synapse_cleft 918 0.0754784382 0.0140781449 0.0195629066 0 0 0
nt@synapse_cleft 932 0.0260624063 -0.0730052781 0.00103572739 0 0 0
nt@synapse_cleft 938 -0.0158500989 -0.00533613694 0.0184923193 0 0 0
nt@synapse_cleft 940 -0.0556570209 -0.0498751316 0.013155645 0 0 0
nt@synapse_cleft 942 0.00764706171 -0.0457875968 0.0195312321 0 0 0
nt@synapse_cleft 943 0.0318062835 0.00346239537 0.00753645916 0 0 0
nt@synapse_cleft 944 -0.00690551396 -0.0520627368 0.00566398055 0 0 0
nt@synapse_cleft 945 -0.0117812378 0.0307025998 0.00871514771 0 0 0
nt@synapse_cleft 947 -0.0244299799 0.0217069648 0.00665806683 0 0 0
nt@synapse_cleft 953 -0.0315415553 0.0149122895 0.00823783749 0 0 0
nt@synapse_cleft 957 0.0639254625 -0.0248076625 0.000595010866 0 0 0
nt@synapse_cleft 961 -0.0197382299 -0.00390000495 0.00280419087 0 0 0
nt@synapse_cleft 967 0.0420827111 0.00974560342 0.00817284665 0 0 0
nt@synapse_cleft 978 -0.0506071244 -0.0136567396 0.00469032292 0 0 0
nt@synapse_cleft 998 -0.00297625686 -0.0175826518 0.0114218487 0 0 0
nt@synapse_cleft 999 0.055582682 -0.0329477789 0.00367975848 0 0 0
nt@synapse_cleft 1002 0.00780851316 0.0293155975 0.0185535294 0 0 0
nt@synapse_cleft 1004 -0.0136415735 -0.00264011052 0.0021798348 0 0 0
nt@synapse_cleft 1013 -0.0349966402 0.0480359375 0.0190921711 0 0 0
nt@synapse_cleft 1018 -0.000549357764 -0.0116585631 0.00824024334 0 0 0
nt@synapse_cleft 1027 0.0325035989 0.0496647796 0.00820195084 0 0 0
nt@synapse_cleft 1035 -0.0338682215 -0.0253835585 0.0114440296 0 0 0
nt@synapse_cleft 1048 -0.0146292446 -0.0509025198 0.0161021859 0 0 0
nt@synapse_cleft 1050 0.0326322807 -0.0485849242 0.0037221883 0 0 0
nt@synapse_cleft 1062 0.0426974245 0.00335940891 0.0153218193 0 0 0
nt@synapse_cleft 1077 -0.0471830462 -0.00282760342 0.0170975395 0 0 0
nt@synapse_cleft 1080 -0.0401322487 0.0212578528 0.0132093281 0 0 0
nt@synapse_cleft 1092 -0.0235354454 -0.0099565185 0.0018488586 0 0 0
nt@synapse_cleft 1107 -0.00038332828 0.00618145475 0.00377343466 0 0 0
nt@synapse_cleft 1108 0.0102086009 0.0185404645 0.00644366097 0 0 0
nt@synapse_cleft 1113 -0.0266867365 0.00386312445 0.00653190702 0 0 0
nt@synapse_cleft 1114 0.00748787617 -0.0264619434 0.0125420589 0 0 0
nt@synapse_cleft 1130 0.0231055942 -0.0120008239 0.0142672406 0 0 0
nt@synapse_cleft 1136 -0.0072424306 -0.0386053595 0.00206461954 0 0 0
nt@synapse_cleft 1140 0.00415346564 -0.0490634857 0.0194365503 0 0 0
nt@synapse_cleft 1144 -0.00555225061 -0.00730791706 0.000213123596 0 0 0
nt@synapse_cleft 1145 0.0703917155 -0.00250151753 0.0138846191 0 0 0
nt@synapse_cleft 1149 -0.0237507636 0.00835876461 0.0169087752 0 0 0
nt@synapse_cleft 1152 0.0423427092 0.00432143281 0.00739453154 0 0 0
nt@synapse_cleft 1165 0.0506811873 0.0316155246 0.010209879 0 0 0
nt@synapse_cleft 1167 0.039680116 0.0314533911 0.0155069881 0 0 0
nt@synapse_cleft 1172 -0.00442771183 -0.00230271716 0.0149463427 0 0 0
nt@synapse_cleft 1177 -0.01279067 0.0812752087 0.00481609167 0 0 0
nt@synapse_cleft 1179 0.0114376605 -0.0146454566 0.0111999405 0 0 0
nt@synapse_cleft 1186 -0.0673725442 0.0177690181 0.00220913946 0 0 0
nt@synapse_cleft 1188 0.0214689564 -0.0261772177 0.00909414522 0 0 0
nt@synapse_cleft 1193 -0.0195546774 -0.0300913047 0.002853936 0 0 0
nt@synapse_cleft 1200 -0.00838865103 0.0131382734 0.016894258 0 0 0
nt@synapse_cleft 1203 -0.00513531259 0.0339103375 0.0114471202 0 0 0
nt@synapse_cleft 1204 0.0177343723 0.0231413976 0.00664295863 0 0 0
nt@synapse_cleft 1205 -0.0264293312 -0.0230647578 0.0125477099 0 0 0
nt@synapse_cleft 1206 -0.0162775165 -0.00168662236 0.00183819859 0 0 0
nt@synapse_cleft 1237 -0.0394423608 -0.0229090315 0.00195429497 0 0 0
nt@synapse_cleft 1238 -0.0576045149 -0.0390486662 0.0100177309 0 0 0
nt@synapse_cleft 1243 -0.0210227857 -0.00820928178 0.0140025318 0 0 0
nt@synapse_cleft 1248 0.010431088 0.040941444 0.00160213038 0 0 0
nt@synapse_cleft 1251 -0.0380089577 0.00942583595 0.0118953947 0 0 0
nt@synapse_cleft 1252 -0.0244138513 -0.0157807218 0.0150228227 0 0 0
nt@synapse_cleft 1254 -0.0110856141 0.0394901427 0.0097654972 0 0 0
nt@synapse_cleft 1270 0.0493136524 0.0348813474 0.0075619534 0 0 0
nt@synapse_cleft 1289 0.0656543887 0.00589483359 0.00284126857 0 0 0
nt@synapse_cleft 1298 -0.0119515351 -0.0239556797 0.0189999814 0 0 0
nt@synapse_cleft 1302 -0.022391888 0.0446241142 0.00432795447 0 0 0
nt@synapse_cleft 1311 0.00429841554 -0.0317541102 0.00340871903 0 0 0
nt@synapse_cleft 1316 -0.0308932493 -0.0249091428 0.0023414883 0 0 0
nt@synapse_cleft 1326 0.0129452558 0.0115932966 0.00528760014 0 0 0
nt@synapse_cleft 1328 0.0131326374 0.00989748664 0.0138921192 0 0 0
nt@synapse_cleft 1333 -0.0268972899 0.0421460714 0.00519170169 0 0 0
nt@synapse_cleft 1338 -0.00705706834 0.0143038116 0.0187451061 0 0 0
nt@synapse_cleft 1343 0.0240163342 -0.00467838944 0.00523000091 0 0 0
nt@synapse_cleft 1347 -0.0420563556 -0.0160376147 0.0138485325 0 0 0
nt@synapse_cleft 1349 0.0279262893 -0.0199169149 0.00733784251 0 0 0
nt@synapse_cleft 1351 0.0375923322 -0.0298074584 0.00449587734 0 0 0
nt@synapse_cleft 1361 0.00113639124 -0.0255405121 0.00482432115 0 0 0
nt@synapse_cleft 1368 0.0177241248 -0.0010932347 0.0161908748 0 0 0
nt@synapse_cleft 1372 -0.0145794712 0.0381662758 0.00285080176 0 0 0
nt@synapse_cleft 1380 -0.0244323071 0.0251359545 0.0171733432 0 0 0
nt@synapse_cleft 1384 -0.0459901999 0.0146298494 0.0138160472 0 0 0
nt@synapse_cleft 1394 0.0115691165 0.0141844197 0.0192380341 0 0 0
nt@synapse_cleft 1400 -0.0373644159 0.0365724498 0.00931371928 0 0 0
nt@synapse_cleft 1403 -0.00690538463 0.0155131136 0.00434617671 0 0 0
nt@synapse_cleft 1408 -0.0174473224 -0.00777945851 0.0161580454 0 0 0
nt@synapse_cleft 1416 0.0115347089 0.0342419166 0.0155425217 0 0 0
nt@synapse_cleft 1419 0.00760908236 -0.00798594843 0.0136967934 0 0 0
nt@synapse_cleft 1425 -0.0100873855 -0.0313911166 0.00192206595 0 0 0
nt@synapse_cleft 1427 -0.00611077673 -0.0219828447 0.0126363585 0 0 0
nt@synapse_cleft 1438 -0.0281392613 -0.00999884992 0.00559344633 0 0 0
nt@synapse_cleft 1440 -0.0258917138 0.0334752603 0.00917178924 0 0 0
nt@synapse_cleft 1442 -0.0130734224 0.0194969993 0.00966904739 0 0 0
nt@synapse_cleft 1444 -0.0248811839 0.00145631161 0.00245573953 0 0 0
nt@synapse_cleft 1446 -0.00905192719 -0.0362318254 0.00831884862 0 0 0
nt@synapse_cleft 1452 -0.0363629119 -0.0394730031 0.000300765444 0 0 0
nt@synapse_cleft 1455 -0.0246742896 0.0031843717 0.0187617363 0 0 0
nt@synapse_cleft 1470 -0.0875283631 -0.039515051 0.0010358428 0 0 0
nt@synapse_cleft 1472 -0.0642913734 -0.00745324971 0.0142816742 0 0 0
nt@synapse_cleft 1479 -0.002980047 0.0387115647 0.0127026847 0 0 0
nt@synapse_cleft 1481 0.013394928 0.00306318143 0.00745355435 0 0 0
nt@synapse_cleft 1484 -0.00663259843 0.0215142789 0.0187327957 0 0 0
nt@synapse_cleft 1485 -0.00702223635 -0.0233694864 0.0178429405 0 0 0
nt@synapse_cleft 1487 -0.00582846681 -0.0391668598 0.0147290033 0 0 0
nt@synapse_cleft 1488 0.0443334746 0.0177825256 0.0159025216 0 0 0
nt@synapse_cleft 1496 -0.00790464383 0.0466496825 0.00247377264 0 0 0
nt@synapse_cleft 1506 0.0229183702 0.0101949603 0.0157767463 0 0 0
nt@synapse_cleft 1507 -0.000649744522 0.00129034138 0.000497396927 0 0 0
nt@synapse_cleft 1508 0.0469852336 0.00781840543 0.0149982072 0 0 0
nt@synapse_cleft 1512 0.0245814596 -0.0114228231 0.00888940722 0 0 0
nt@synapse_cleft 1527 -0.0111018757 0.0397562768 0.00191702047 0 0 0
nt@synapse_cleft 1528 -0.0409910177 4.36081105e-05 0.00194306784 0 0 0
nt@synapse_cleft 1531 -0.00111610882 0.014871781 0.002468432 0 0 0
nt@synapse_cleft 1538 0.00405206747 0.000145183654 0.00442858785 0 0 0
nt@synapse_cleft 1542 -0.0125230974 0.00922546005 0.0141968708 0 0 0
nt@synapse_cleft 1553 0.0562681253 0.0107140264 0.0141094953 0 0 0
nt@synapse_cleft 1561 0.00881144919 -0.0367712531 0.00333237213 0 0 0
nt@synapse_cleft 1565 -0.0116399557 -0.00539114526 0.0113019243 0 0 0
nt@synapse_cleft 1571 -0.028621712 -0.0201306588 0.0124298725 0 0 0
nt@synapse_cleft 1573 0.00839337612 0.0300460186 0.0153676082 0 0 0
nt@synapse_cleft 1588 0.0218503265 -0.029104122 0.0116309765 0 0 0
nt@synapse_cleft 1592 0.021992658 -0.0328970692 0.00238527551 0 0 0
nt@synapse_cleft 1597 0.000752351363 0.0394929345 0.00188456471 0 0 0
nt@synapse_cleft 1600 0.0201053932 -0.0322829301 0.0155362754 0 0 0
nt@synapse_cleft 1605 0.0152057276 -0.000686688865 0.0196054483 0 0 0
nt@synapse_cleft 1606 -0.0453115919 0.00897530372 0.0078579454 0 0 0
nt@synapse_cleft 1611 0.0101746667 -0.014948212 0.0198675608 0 0 0
nt@synapse_cleft 1617 -0.0151056002 -0.0404664093 0.00777847199 0 0 0
nt@synapse_cleft 1628 0.00700549955 0.036627721 0.00974331353 0 0 0
nt@synapse_cleft 1635 0.00368977611 -0.00374118727 0.0180279808 0 0 0
nt@synapse_cleft 1641 0.0279529179 0.0348781487 0.017012501 0 0 0
nt@synapse_cleft 1655 0.00360891466 0.0319939977 0.0102862455 0 0 0
nt@synapse_cleft 1658 0.0387781989 0.0499096716 0.00696886973 0 0 0
nt@synapse_cleft 1660 0.00567500933 0.0251267542 0.0151992385 0 0 0
nt@synapse_cleft 1675 -0.0158300625 0.0119071019 0.0162911878 0 0 0
nt@synapse_cleft 1678 0.0025607028 -0.0136342129 0.00896735557 0 0 0
nt@synapse_cleft 1681 -0.0078137205 -0.0130457936 0.0170103183 0 0 0
nt@synapse_cleft 1686 -0.00863066357 0.0328122598 0.00884184101 0 0 0
nt@synapse_cleft 1687 -0.0361716363 -0.0421254518 0.00145518035 0 0 0
nt@synapse_cleft 1689 0.00409569542 0.0148120435 0.0100085943 0 0 0
nt@synapse_cleft 1692 -0.020699717 0.0135979166 0.0193263021 0 0 0
nt@synapse_cleft 1695 0.0158581495 -0.0187785403 0.0042360824 0 0 0
nt@synapse_cleft 1701 0.00910222388 -0.00438927524 0.0118552303 0 0 0
nt@synapse_cleft 1707 -0.0292248833 -0.0139449534 0.0185299743 0 0 0
nt@synapse_cleft 1708 -0.0266944921 0.0136063478 0.00502114651 0 0 0
nt@synapse_cleft 1715 -0.00177396452 0.011329274 0.0149711186 0 0 0
nt@synapse_cleft 1721 0.0207260737 -0.0590930056 0.00513631653 0 0 0
nt@synapse_cleft 1729 -0.00266336243 -0.0210116847 0.0104585718 0 0 0
nt@synapse_cleft 1736 0.034758944 0.00834424993 0.0124656405 0 0 0
nt@synapse_cleft 1742 0.019712737 -0.0486950789 0.00537365624 0 0 0
nt@synapse_cleft 1743 0.0286155992 0.0337915669 0.0109263612 0 0 0
nt@synapse_cleft 1745 -0.0313755551 0.0174754711 0.00301105835 0 0 0
nt@synapse_cleft 1746 0.0130137561 -0.0239948614 0.0170921191 0 0 0
nt@synapse_cleft 1748 0.0533233115 0.0191907997 0.0130833875 0 0 0
nt@synapse_cleft 1751 0.0513003624 0.0033917659 0.00849582574 0 0 0
nt@synapse_cleft 1759 -0.00320842199 -0.0172961924 0.0196942131 0 0 0
nt@synapse_cleft 1762 -0.0298790877 -0.0146006464 0.00698193264 0 0 0
nt@synapse_cleft 1768 0.00596028488 -0.057373091 0.0121950173 0 0 0
nt@synapse_cleft 1775 -0.0149637529 -0.0064192242 0.0110422542 0 0 0
nt@synapse_cleft 1781 -0.0154785038 0.050961167 0.00674031867 0 0 0
nt@synapse_cleft 1793 0.0133448721 0.0416099005 0.0096109798 0 0 0
nt@synapse_cleft 1795 0.0425498943 -0.0177943175 0.017398364 0 0 0
nt@synapse_cleft 1804 0.00996071925 0.0222640392 0.0116859155 0 0 0
nt@synapse_cleft 1815 -0.0284931616 -0.0145529105 0.00606956301 0 0 0
nt@synapse_cleft 1824 0.0212476033 -0.00234522976 0.000702004242 0 0 0
nt@synapse_cleft 1829 0.0530220369 -0.0161480742 0.0109888173 0 0 0
nt@synapse_cleft 1830 -0.0444008655 -0.00694766215 0.0186129329 0 0 0
nt@synapse_cleft 1837 -0.0455012449 -0.0124451211 0.0087994056 0 0 0
nt@synapse_cleft 1838 0.00878542639 -0.0554467546 0.00596262723 0 0 0
nt@synapse_cleft 1843 0.00691290154 0.0178611202 0.0116954951 0 0 0
nt@synapse_cleft 1846 -0.0179338401 -0.0131457394 0.00954627428 0 0 0
nt@synapse_cleft 1853 0.0516396045 -0.0354931723 0.0104648846 0 0 0
nt@synapse_cleft 1854 0.0202869369 0.00535392465 0.00663222516 0 0 0
nt@synapse_cleft 1856 0.0208639023 -0.0185246465 0.014937997 0 0 0
nt@synapse_cleft 1872 0.00121984995 -0.0112118386 0.0122386814 0 0 0
nt@synapse_cleft 1877 0.0150247702 0.0259664072 0.0183961084 0 0 0
nt@synapse_cleft 1880 -0.0341953159 -0.0210170207 0.00421862702 0 0 0
nt@synapse_cleft 1883 0.0259946348 0.0170403317 0.0166797589 0 0 0
nt@synapse_cleft 1885 -0.0183090224 -0.00359023816 0.0058962149 0 0 0
nt@synapse_cleft 1887 0.00976731323 0.023270275 0.00340205421 0 0 0
nt@synapse_cleft 1892 -0.000327860612 0.000385357004 0.0072464935 0 0 0
nt@synapse_cleft 1896 0.0210430041 0.0147177155 0.00911929002 0 0 0
nt@synapse_cleft 1904 -0.0383859637 0.0472680508 0.00278629218 0 0 0
nt@synapse_cleft 1918 -0.0197218253 0.0643615724 0.0114643327 0 0 0
nt@synapse_cleft 1923 -0.0131856138 0.0186169724 0.0145487386 0 0 0
nt@synapse_cleft 1926 0.00772846066 -0.0103915041 0.0175443985 0 0 0
nt@synapse_cleft 1932 0.02253669 -0.00999157252 0.0136487178 0 0 0
nt@synapse_cleft 1942 0.0469812295 -0.0385857145 0.00688694793 0 0 0
nt@synapse_cleft 1944 -0.00136653992 0.0340592126 0.00593486578 0 0 0
nt@synapse_cleft 1946 -0.0220909261 -0.0174843251 0.00584693204 0 0 0
nt@synapse_cleft 1961 0.0448109159 0.0170831713 0.0129710325 0 0 0
nt@synapse_cleft 1967 -0.00215285417 -0.0402824402 0.00458565971 0 0 0
nt@synapse_cleft 1970 -0.0208561934 -0.0373175473 0.0129567111 0 0 0
nt@synapse_cleft 1973 0.0240065479 0.025458619 0.017183246 0 0 0
nt@synapse_cleft 1976 -0.050504224 -0.00977324703 0.000520073477 0 0 0
nt@synapse_cleft 1980 -0.00414066071 -0.0100760724 0.0121280723 0 0 0
nt@synapse_cleft 1984 -0.0388364558 -0.0281922975 0.000867194365 0 0 0
nt@synapse_cleft 1990 0.0257524539 0.0222876157 0.00264828179 0 0 0
nt@synapse_cleft 1997 -0.0143859168 0.0268890549 0.0160023316 0 0 0
nt@synapse_cleft 2004 -0.0141157987 0.0123687956 0.0167970112 0 0 0
nt@synapse_cleft 2013 -0.00736672974 -0.00596405767 0.0141471776 0 0 0
nt@synapse_cleft 2014 0.0124497854 -0.000256711304 0.00923940839 0 0 0
nt@synapse_cleft 2019 0.0207193571 -0.0110343202 0.0189348958 0 0 0
nt@synapse_cleft 2032 -0.0257442917 0.0146316736 0.0107004311 0 0 0
nt@synapse_cleft 2036 0.0604286304 -0.0419592071 0.0172937272 0 0 0
nt@synapse_cleft 2061 0.0174388442 0.00090356099 0.00624724471 0 0 0
nt@synapse_cleft 2064 0.0220585628 0.0229234382 0.0143110708 0 0 0
nt@synapse_cleft 2091 -0.00630050863 0.0395860141 0.0123657163 0 0 0
nt@synapse_cleft 2092 0.0174146837 0.0213424442 0.0110284821 0 0 0
nt@synapse_cleft 2096 -0.011505575 -0.0113109737 0.00542968692 0 0 0
nt@synapse_cleft 2104 0.0497993792 -0.0188956063 0.0152874314 0 0 0
nt@synapse_cleft 2112 -0.00424458993 -0.0290063545 0.000916986528 0 0 0
nt@synapse_cleft 2124 -0.00854115863 0.06558789 0.00742162969 0 0 0
nt@synapse_cleft 2127 0.0284568027 -0.0152949274 0.00804411771 0 0 0
nt@synapse_cleft 2137 -0.0631705346 0.0524325467 0.0132735277 0 0 0
nt@synapse_cleft 2148 0.036080779 -0.081558034 0.00726352563 0 0 0
nt@synapse_cleft 2156 0.0452020459 -0.0405432106 0.0161116846 0 0 0
nt@synapse_cleft 2162 -0.00767466929 0.00583302299 0.0150379612 0 0 0
nt@synapse_cleft 2163 0.0151954492 -0.00324208121 0.0056658615 0 0 0
nt@synapse_cleft 2185 -0.0278227426 -0.00597847587 0.0172528587 0 0 0
nt@synapse_cleft 2187 -0.0156314753 0.00282996485 0.000260163667 0 0 0
nt@synapse_cleft 2199 -0.00139445469 -0.0159338753 0.00379568452 0 0 0
nt@synapse_cleft 2204 -0.0229738569 0.0262640364 0.00206685382 0 0 0
nt@synapse_cleft 2218 4.71428603e-05 -0.0086530856 0.00616344336 0 0 0
nt@synapse_cleft 2223 -0.0202348256 -0.0121074376 0.0182551262 0 0 0
nt@synapse_cleft 2228 -0.00788134657 0.0166969287 0.0144195426 0 0 0
nt@synapse_cleft 2236 -0.00166010619 0.00344240916 0.0198501957 0 0 0
nt@synapse_cleft 2251 -0.00293801775 0.00424900242 0.00504546324 0 0 0
nt@synapse_cleft 2254 -0.00898459227 -0.0284094574 0.00760225529 0 0 0
nt@synapse_cleft 2257 0.0193783746 -0.000574971134 0.0141415037 0 0 0
nt@synapse_cleft 2262 -0.018665281 0.000530670684 0.016507888 0 0 0
nt@synapse_cleft 2271 -0.0477172763 0.0145101802 0.0196558137 0 0 0
nt@synapse_cleft 2274 -0.00506144639 0.0364499677 0.000529500219 0 0 0
nt@synapse_cleft 2278 0.029708575 0.033885476 0.000111334821 0 0 0
nt@synapse_cleft 2279 -0.0220525138 0.00636656205 0.0162360055 0 0 0
nt@synapse_cleft 2283 0.0408758401 -0.0172702852 0.0173412264 0 0 0
nt@synapse_cleft 2284 0.0282897224 0.000538967254 0.000600608041 0 0 0
nt@synapse_cleft 2285 0.000140543121 -0.00539829377 0.0140343512 0 0 0
nt@synapse_cleft 2298 -0.058177892 -0.0343915755 0.0125925264 0 0 0
nt@synapse_cleft 2306 -0.0133599129 -0.0609073271 0.00127587221 0 0 0
nt@synapse_cleft 2308 -0.0526242797 0.0410676108 0.00842747448 0 0 0
nt@synapse_cleft 2309 0.00496857339 0.0124741137 0.0152691937 0 0 0
nt@synapse_cleft 2314 -0.00690959421 -0.02453776 0.00335736735 0 0 0
nt@synapse_cleft 2317 0.0427135172 0.0070236845 9.51162778e-05 0 0 0
nt@synapse_cleft 2320 0.0130465811 -0.0326837255 0.00430466294 0 0 0
nt@synapse_cleft 2321 0.0496276456 0.0040651302 0.00641979146 0 0 0
nt@synapse_cleft 2327 -0.031890742 -0.016232928 0.0183987858 0 0 0
nt@synapse_cleft 2330 -0.0304017637 0.0180975151 0.0163954823 0 0 0
nt@synapse_cleft 2349 0.0523580602 0.0265677345 0.0106592964 0 0 0
nt@synapse_cleft 2367 -0.0315420155 -0.0511754825 0.000424630603 0 0 0
nt@synapse_cleft 2369 -0.0308303325 0.00880693929 0.00245507299 0 0 0
nt@synapse_cleft 2383 0.00310520189 -0.07507116 0.00774263426 0 0 0
nt@synapse_cleft 2389 0.00171049482 -0.015322624 0.0146363042 0 0 0
nt@synapse_cleft 2400 -0.020196797 -0.0238220068 0.0161169075 0 0 0
nt@synapse_cleft 2411 0.0157438232 -0.0396355646 0.0149499719 0 0 0
nt@synapse_cleft 2412 -0.00468601982 0.00691389616 0.017342686 0 0 0
nt@synapse_cleft 2417 -0.0181062784 0.00544872857 0.0176651557 0 0 0
nt@synapse_cleft 2421 -0.004111665 0.0208881168 0.00158424601 0 0 0
nt@synapse_cleft 2423 0.00745534678 -0.0502183171 0.00464864952 0 0 0
nt@synapse_cleft 2437 0.0495267964 -0.00541208114 0.0166502668 0 0 0
nt@synapse_cleft 2438 0.0116145778 -0.0312250014 0.000946813802 0 0 0
nt@synapse_cleft 2448 0.00205011561 0.0158277277 0.00284852212 0 0 0
nt@synapse_cleft 2456 -0.0176742498 -0.00868551972 0.00137921472 0 0 0
nt@synapse_cleft 2462 -0.0133396376 0.0306807548 0.001866881 0 0 0
nt@synapse_cleft 2468 -0.046919734 -0.0238983767 0.016421404 0 0 0
nt@synapse_cleft 2472 0.0604403362 -0.0342316179 0.0164303284 0 0 0
nt@synapse_cleft 2480 -0.00373130495 -0.0323862523 0.00649332163 0 0 0
nt@synapse_cleft 2481 -0.0130461846 -0.0199367839 0.0160141153 0 0 0
nt@synapse_cleft 2483 0.0244403447 0.0156020881 0.00730947832 0 0 0
nt@synapse_cleft 2491 0.00248168653 0.0205443362 0.0173395546 0 0 0
nt@synapse_cleft 2493 0.0233478122 -0.0387002476 0.0111233218 0 0 0
nt@synapse_cleft 2498 0.0142993552 -0.0256511563 0.00409268542 0 0 0
nt@synapse_cleft 2502 0.0245422168 -0.03000475 0.00614782076 0 0 0
nt@synapse_cleft 2509 -0.00239202173 -0.0201764209 0.00459351931 0 0 0
nt@synapse_cleft 2513 -0.0040931621 0.0234017695 0.0112083134 0 0 0
nt@synapse_cleft 2517 -0.0108202328 0.00629302368 0.0114396633 0 0 0
nt@synapse_cleft 2520 0.0211779655 0.0275509058 0.00265483561 0 0 0
nt@synapse_cleft 2528 0.0140495834 0.00163450294 0.0127998418 0 0 0
nt@synapse_cleft 2539 -0.00455151178 0.0293757054 0.0047056927 0 0 0
nt@synapse_cleft 2542 0.0234744092 -0.0321227831 0.00440210865 0 0 0
nt@synapse_cleft 2549 -0.0124492267 0.0628822956 0.0159637804 0 0 0
nt@synapse_cleft 2550 0.0455244634 0.00690328414 0.0100323842 0 0 0
nt@synapse_cleft 2555 0.0588867207 -0.0217284508 0.00580641963 0 0 0
nt@synapse_cleft 2560 -0.0317811976 -0.00875311548 0.00263492287 0 0 0
nt@synapse_cleft 2561 0.0225077292 0.0539324377 0.0101755641 0 0 0
nt@synapse_cleft 2563 0.00588134515 0.000224953956 0.0098987178 0 0 0
nt@synapse_cleft 2564 -0.0132585221 0.0516981374 0.0103842152 0 0 0
nt@synapse_cleft 2566 -0.00202405781 0.00438328251 0.0102733244 0 0 0
nt@synapse_cleft 2570 0.00149198554 0.00441597844 0.00731416938 0 0 0
nt@synapse_cleft 2577 -0.00689808754 0.0273855289 0.0160779909 0 0 0
nt@synapse_cleft 2597 -0.0162453573 -0.00143077876 0.000675337482 0 0 0
nt@synapse_cleft 2603 0.0363282126 -0.0263331171 0.0161815913 0 0 0
nt@synapse_cleft 2604 0.0530860449 -0.0163745295 0.0159081168 0 0 0
nt@synapse_cleft 2610 0.0104462199 -0.0295671875 0.0193210337 0 0 0
nt@synapse_cleft 2615 0.00502958705 -0.0705700153 0.0149679507 0 0 0
nt@synapse_cleft 2625 -0.0543313975 -0.0255082892 0.00192279288 0 0 0
nt@synapse_cleft 2628 0.0132529907 -0.0372720078 0.00572573443 0 0 0
nt@synapse_cleft 2639 0.0118745386 -0.024717528 0.00680362559 0 0 0
nt@synapse_cleft 2641 -0.016468808 -0.0118346357 0.00779382911 0 0 0
nt@synapse_cleft 2652 -0.00505161457 0.00408081885 0.0179435866 0 0 0
nt@synapse_cleft 2660 -0.0199671158 -0.0241112622 0.00201931391 0 0 0
nt@synapse_cleft 2670 -0.00195278806 -0.0124795557 0.00865301284 0 0 0
nt@synapse_cleft 2680 -0.0597693686 -0.0419411884 0.00649891312 0 0 0
nt@synapse_cleft 2681 -0.0362974132 -0.0298021259 0.0196354535 0 0 0
nt@synapse_cleft 2688 -0.0414880355 0.0676498628 0.00284366273 0 0 0
nt@synapse_cleft 2702 -0.0149925497 -0.0128344595 0.00407070629 0 0 0
nt@synapse_cleft 2708 -0.0470327995 0.0159131923 0.00515013545 0 0 0
nt@synapse_cleft 2709 0.0148513699 -0.00397778919 0.00750111111 0 0 0
nt@synapse_cleft 2713 -0.0110874182 -0.0248806505 0.00147347819 0 0 0
nt@synapse_cleft 2720 0.0165022259 0.0230558883 0.0132097514 0 0 0
nt@synapse_cleft 2724 0.00235454725 -0.00933161276 0.0077617171 0 0 0
nt@synapse_cleft 2729 0.00194921006 -0.0418261273 0.0133613888 0 0 0
nt@synapse_cleft 2743 -0.00149496722 -0.0460246867 0.0189291735 0 0 0
nt@synapse_cleft 2750 0.0101222567 -0.0499137592 0.0183512401 0 0 0
nt@synapse_cleft 2752 -0.0271815965 -0.030894945 0.00328406276 0 0 0
nt@synapse_cleft 2756 0.0352718504 -0.0244590468 0.0108445506 0 0 0
nt@synapse_cleft 2766 -0.0297859444 0.0254342113 0.00200924154 0 0 0
nt@synapse_cleft 2775 0.0352990056 -0.0267859075 0.0155547328 0 0 0
nt@synapse_cleft 2785 0.00869947709 0.0477231069 0.0161588228 0 0 0
nt@synapse_cleft 2798 -0.0360430754 0.0133580669 0.00799997288 0 0 0
nt@synapse_cleft 2807 -0.0243665318 0.00945532874 0.00726632008 0 0 0
nt@synapse_cleft 2808 0.0294088322 0.0545228252 0.0144062835 0 0 0
nt@synapse_cleft 2820 0.0129037927 -0.00136326043 0.0148403439 0 0 0
nt@synapse_cleft 2828 0.00525694 -0.0357951217 0.00168736242 0 0 0
nt@synapse_cleft 2857 0.0139794471 -0.0256175236 0.0116318797 0 0 0
nt@synapse_cleft 2861 -0.00576995923 0.0178641703 0.00140067967 0 0 0
nt@synapse_cleft 2863 -0.0518270431 -0.00315241384 0.000127653102 0 0 0
nt@synapse_cleft 2875 0.0208193593 0.0175605745 0.0189916029 0 0 0
nt@synapse_cleft 2876 -0.00247105473 -0.00163772862 0.0171330072 0 0 0
nt@synapse_cleft 2880 0.0231371412 -0.0077860295 0.000899977697 0 0 0
nt@synapse_cleft 2884 0.0234450291 0.0137429191 0.014038423 0 0 0
nt@synapse_cleft 2894 0.0146251438 0.00892272952 0.00322859335 0 0 0
nt@synapse_cleft 2895 0.0667941194 -0.00658515459 0.0128840029 0 0 0
nt@synapse_cleft 2905 -0.0047706618 0.00616414589 0.014216309 0 0 0
nt@synapse_cleft 2909 0.0480581829 0.00136721732 0.0101293111 0 0 0
nt@synapse_cleft 2910 -0.0679943829 0.0096326688 0.0154263133 0 0 0
nt@synapse_cleft 2912 0.000483713812 -0.0201989433 0.0140524075 0 0 0
nt@synapse_cleft 2915 0.0352749185 -0.0474388287 0.0120512604 0 0 0
nt@synapse_cleft 2920 0.00353224907 0.000583732779 0.0198891017 0 0 0
nt@synapse_cleft 2933 -0.00401923798 -0.019363546 0.00430713776 0 0 0
nt@synapse_cleft 2935 -0.0343902134 0.0116417125 0.0159045189 0 0 0
nt@synapse_cleft 2940 -0.00332759592 -0.0155643595 0.00185465938 0 0 0
nt@synapse_cleft 2962 0.0189423402 -0.00829318982 0.00947937689 0 0 0
nt@synapse_cleft 2967 0.0100463657 -0.0407949053 0.0101134324 0 0 0
nt@synapse_cleft 2983 0.0105702619 -0.03786303 0.00970895429 0 0 0
nt@synapse_cleft 2993 -0.0257394675 0.0533645034 0.0177304511 0 0 0
nt@synapse_cleft 3006 0.0389524782 0.0561520235 0.00236185665 0 0 0
nt@synapse_cleft 3008 0.0207714232 0.0549191641 0.0134426354 0 0 0
nt@synapse_cleft 3012 0.0217989612 -0.00373173068 0.0118346685 0 0 0
nt@synapse_cleft 3019 -0.0301178254 -0.00482471689 0.00497678017 0 0 0
nt@synapse_cleft 3020 -0.012051489 -0.0232557087 0.000609424764 0 0 0
nt@synapse_cleft 3042 -0.00559311349 0.00706830062 0.0152369798 0 0 0
nt@synapse_cleft 3047 0.0245545901 0.0607316825 0.013652168 0 0 0
nt@synapse_cleft 3057 0.0316925419 -0.00661859332 0.0124303413 0 0 0
nt@synapse_cleft 3061 -0.0164615437 0.0324447775 0.0029527186 0 0 0
nt@synapse_cleft 3062 0.0190366395 -0.0173280618 0.0026539486 0 0 0
nt@synapse_cleft 3069 0.0525073172 -0.0309279793 0.0165362209 0 0 0
nt@synapse_cleft 3073 0.0108970419 0.0333715979 0.00105340836 0 0 0
nt@synapse_cleft 3082 0.0291430143 0.0260119792 0.00369911862 0 0 0
nt@synapse_cleft 3089 -0.00901870305 -0.0234683001 0.000459862999 0 0 0
nt@synapse_cleft 3096 -0.00712461136 0.0240716947 0.00316309809 0 0 0
nt@synapse_cleft 3099 -0.0364272342 0.0128047531 0.0198948111 0 0 0
nt@synapse_cleft 3114 0.0422247615 0.0251012655 0.0165805027 0 0 0
nt@synapse_cleft 3132 -0.0111574317 -0.0111965522 0.0123939075 0 0 0
nt@synapse_cleft 3134 0.013340158 0.0298170902 0.016916994 0 0 0
nt@synapse_cleft 3150 0.0358608015 -0.0723087502 0.00555770234 0 0 0
nt@synapse_cleft 3155 -0.0136187957 0.00511640285 0.0111714394 0 0 0
nt@synapse_cleft 3159 -0.012462713 0.0113548116 0.018324022 0 0 0
nt@synapse_cleft 3177 0.0307514504 -0.0186205082 0.010220347 0 0 0
nt@synapse_cleft 3178 -0.0203172591 -0.0137869034 0.0157136813 0 0 0
nt@synapse_cleft 3181 0.00671609243 -0.00605614297 0.0190168345 0 0 0
nt@synapse_cleft 3183 0.00374209753 -0.0317108216 0.00745054944 0 0 0
nt@synapse_cleft 3184 0.028423198 0.0276184829 0.0138656534 0 0 0
nt@synapse_cleft 3185 0.0188750267 0.00926925862 0.0149829411 0 0 0
nt@synapse_cleft 3199 0.00972129024 0.0245078508 0.0191077181 0 0 0
nt@synapse_cleft 3202 0.00872769628 0.0490189518 0.00921691207 0 0 0
nt@synapse_cleft 3207 -0.0189084427 -0.0115419799 0.0053758299 0 0 0
nt@synapse_cleft 3220 0.00687267128 0.0361315966 0.00875213738 0 0 0
nt@synapse_cleft 3222 -0.0617685324 -0.0208858042 0.00972656555 0 0 0
nt@synapse_cleft 3227 0.0146428592 0.00655797372 0.00757998092 0 0 0
nt@synapse_cleft 3247 0.00427494649 -0.00541205484 0.01404704 0 0 0
nt@synapse_cleft 3249 -0.0222309041 -0.00869209746 0.00853756357 0 0 0
nt@synapse_cleft 3275 0.00904928057 -0.0175915839 0.0157937612 0 0 0
nt@synapse_cleft 3304 0.0238064955 0.0747951029 0.0105013992 0 0 0
nt@synapse_cleft 3308 -0.0235442622 0.0486590211 0.00763723989 0 0 0
nt@synapse_cleft 3313 -0.00535189912 -0.00678703396 0.000657174939 0 0 0
nt@synapse_cleft 3326 0.0177461382 -0.0019636133 0.00158465701 0 0 0
nt@synapse_cleft 3334 0.00519708982 0.0040279804 0.0108860378 0 0 0
nt@synapse_cleft 3338 0.00077108228 -0.0588821354 0.0197173185 0 0 0
nt@synapse_cleft 3341 0.0236247778 -0.00695997688 0.00971944903 0 0 0
nt@synapse_cleft 3347 0.0215639296 -0.0362895002 0.0136751019 0 0 0
nt@synapse_cleft 3367 0.0163111448 0.0160322849 0.00431524517 0 0 0
nt@synapse_cleft 3375 0.0418907233 0.0320810936 0.0197682383 0 0 0
nt@synapse_cleft 3378 0.0119754418 0.0297824997 0.00188354988 0 0 0
nt@synapse_cleft 3394 -0.00437516124 -0.0377925024 0.000568163641 0 0 0
nt@synapse_cleft 3401 0.0430676749 -0.00796047501 0.00533494597 0 0 0
nt@synapse_cleft 3402 -0.00443446576 -0.0172791764 0.00197822155 0 0 0
nt@synapse_cleft 3404 0.0183928644 -0.032681498 0.00162486142 0 0 0
nt@synapse_cleft 3407 -0.00877704752 0.0681116582 0.0118868666 0 0 0
nt@synapse_cleft 3413 0.0154075571 0.0210184578 0.0156629625 0 0 0
nt@synapse_cleft 3419 -0.0377568512 0.0145816121 0.000343227823 0 0 0
nt@synapse_cleft 3429 0.0589702216 -0.015576889 0.0170310195 0 0 0
nt@synapse_cleft 3432 0.0507313042 -0.0597165192 0.00105632946 0 0 0
nt@synapse_cleft 3445 0.0239488681 0.036551445 0.0146931525 0 0 0
nt@synapse_cleft 3451 0.010262529 0.0160789519 0.0160828538 0 0 0
nt@synapse_cleft 3467 -0.0791786179 -0.000837305351 1.23837803e-05 0 0 0
nt@synapse_cleft 3474 0.0501959275 -0.00344915209 0.00593978501 0 0 0
nt@synapse_cleft 3482 -0.0692097779 -0.0395176331 0.00990124519 0 0 0
nt@synapse_cleft 3484 -0.00643162721 0.0239571155 0.0154671778 0 0 0
nt@synapse_cleft 3500 0.0200267061 -0.0296331733 0.0199019643 0 0 0
nt@synapse_cleft 3507 -0.0311944076 0.00348499767 0.0193034294 0 0 0
nt@synapse_cleft 3511 0.0276368497 -0.036059828 0.003987352 0 0 0
nt@synapse_cleft 3514 0.00227205356 -0.00843712908 0.013096712 0 0 0
nt@synapse_cleft 3526 0.0189348303 -0.0413331832 0.0149948139 0 0 0
nt@synapse_cleft 3535 0.0111078659 0.0143744482 0.00197635826 0 0 0
nt@synapse_cleft 3536 0.0155290762 0.0152727777 0.00750225811 0 0 0
nt@synapse_cleft 3538 -0.0345981835 0.014703138 0.00204683247 0 0 0
nt@synapse_cleft 3542 -0.0024215105 0.029284582 0.00163246421 0 0 0
nt@synapse_cleft 3543 -0.0301721653 -0.0220449417 0.00911121583 0 0 0
nt@synapse_cleft 3546 0.014187784 0.0282548236 0.0130931322 0 0 0
nt@synapse_cleft 3561 -0.0188697789 -0.0100329026 0.00101105857 0 0 0
nt@synapse_cleft 3562 -0.0560172694 -0.0061348116 0.00691058002 0 0 0
nt@synapse_cleft 3563 0.0256136087 -0.0199706772 0.0183832204 0 0 0
nt@synapse_cleft 3565 0.0329169426 -0.024270544 0.000523357916 0 0 0
nt@synapse_cleft 3566 -0.0102246045 0.067765666 0.01794274 0 0 0
nt@synapse_cleft 3568 0.0165498226 -0.0452956373 0.0118420669 0 0 0
nt@synapse_cleft 3575 -0.00920632444 0.00448465372 0.01847887 0 0 0
nt@synapse_cleft 3576 0.047881577 0.00269643738 0.00955010518 0 0 0
nt@synapse_cleft 3592 0.0152830166 0.045667035 0.011518322 0 0 0
nt@synapse_cleft 3602 -0.0362531323 -0.0111327165 0.00323786554 0 0 0
nt@synapse_cleft 3603 -0.0167485481 0.0215845967 0.0151266262 0 0 0
nt@synapse_cleft 3606 0.00375017105 0.000543482151 0.00757521639 0 0 0
nt@synapse_cleft 3611 0.0187754173 0.00582096736 0.0170287177 0 0 0
nt@synapse_cleft 3616 -0.0387696856 0.0338347468 0.0168010898 0 0 0
nt@synapse_cleft 3617 -0.0120142339 -0.0640337389 0.0183888482 0 0 0
nt@synapse_cleft 3620 0.0155537436 0.0279585983 0.00494722132 0 0 0
nt@synapse_cleft 3625 0.0221636462 0.0215053213 0.0170332482 0 0 0
nt@synapse_cleft 3635 -0.0116692518 0.0192580423 0.00442484851 0 0 0
nt@synapse_cleft 3636 0.011070079 -0.00698400349 0.00966229877 0 0 0
nt@synapse_cleft 3645 -0.0022556175 -0.0296115938 0.00897220939 0 0 0
nt@synapse_cleft 3658 0.0171670584 -0.021349345 0.013401435 0 0 0
nt@synapse_cleft 3661 0.0262679794 -0.00292441169 0.015469112 0 0 0
nt@synapse_cleft 3664 0.0299873026 -0.0503419162 0.00845302135 0 0 0
nt@synapse_cleft 3667 -0.0342869059 -0.000921712546 0.00405351929 0 0 0
nt@synapse_cleft 3681 0.0377221658 -0.024581908 0.00375143337 0 0 0
nt@synapse_cleft 3690 0.0417588421 -0.0166242767 0.0141620071 0 0 0
nt@synapse_cleft 3693 -0.0630903352 -0.0244013544 0.0173158728 0 0 0
nt@synapse_cleft 3706 0.0299531612 -0.0253385746 0.00781669135 0 0 0
nt@synapse_cleft 3707 -0.0677089596 -0.011604357 0.0158795922 0 0 0
nt@synapse_cleft 3714 -0.0626416818 -0.00687599073 0.0182011321 0 0 0
nt@synapse_cleft 3730 0.0106160152 0.0128777182 0.001047051 0 0 0
nt@synapse_cleft 3731 -0.00178835312 0.00525782833 0.0140314225 0 0 0
nt@synapse_cleft 3737 0.0106367593 0.0256801908 0.00811619314 0 0 0
nt@synapse_cleft 3739 0.027752471 0.0599757585 0.0126365847 0 0 0
nt@synapse_cleft 3745 0.00293975536 0.0222287629 0.0101639406 0 0 0
nt@synapse_cleft 3751 -0.0025916735 0.00367146464 0.00633382344 0 0 0
nt@synapse_cleft 3758 -0.0143012047 -0.0355813354 0.0034915704 0 0 0
nt@synapse_cleft 3759 -0.024221096 -0.0167901893 0.0112307104 0 0 0
nt@synapse_cleft 3763 0.0373522572 0.0354116084 0.00484560123 0 0 0
nt@synapse_cleft 3768 0.0231422891 -0.00555404474 0.0115352659 0 0 0
nt@synapse_cleft 3771 0.0268397651 -0.0286164967 0.010468597 0 0 0
nt@synapse_cleft 3775 0.00421661447 -0.00762105911 0.0144891374 0 0 0
nt@synapse_cleft 3783 -0.0229265602 -0.0209931732 0.00324519024 0 0 0
nt@synapse_cleft 3788 -0.00596162352 -0.0169912648 0.0187607753 0 0 0
nt@synapse_cleft 3793 -0.0171546897 -0.00962254177 0.0112771065 0 0 0
nt@synapse_cleft 3800 0.0115594725 -0.010588469 0.0122970172 0 0 0
nt@synapse_cleft 3802 0.00770969643 0.0219746627 0.000392078611 0 0 0
nt@synapse_cleft 3811 -0.0134585586 -0.036480501 0.00451670073 0 0 0
nt@synapse_cleft 3827 0.0134544791 0.0603657512 0.0147637633 0 0 0
nt@synapse_cleft 3831 0.000951796271 -0.0482063811 0.00415851542 0 0 0
nt@synapse_cleft 3834 0.0392642552 -0.0327737764 0.0144009572 0 0 0
nt@synapse_cleft 3835 0.0189513965 -0.0499829885 0.00960480906 0 0 0
nt@synapse_cleft 3841 0.0453594666 -0.0290169662 0.00451770072 0 0 0
nt@synapse_cleft 3844 -0.00412364342 -0.0093870599 0.0173248217 0 0 0
nt@synapse_cleft 3846 -0.0229492396 0.00408100764 0.0186705853 0 0 0
nt@synapse_cleft 3848 0.0268303836 0.041012888 0.0180665514 0 0 0
nt@synapse_cleft 3850 -0.02684008 -0.0191544759 0.0152248681 0 0 0
nt@synapse_cleft 3859 0.0497489442 0.00122287013 0.00225425839 0 0 0
nt@synapse_cleft 3879 0.0527462521 -0.0643294078 0.017285661 0 0 0
nt@synapse_cleft 3886 0.041966953 0.0486411326 0.00534001073 0 0 0
nt@synapse_cleft 3891 0.0124197926 -0.0138587329 0.00959423173 0 0 0
nt@synapse_cleft 3902 -0.0356943808 0.0064120813 0.00708703132 0 0 0
nt@synapse_cleft 3907 -0.0291663423 -0.0165036446 0.0141614252 0 0 0
nt@synapse_cleft 3918 -0.00680672657 -0.00512614786 0.00970534837 0 0 0
nt@synapse_cleft 3921 0.0326103066 0.0551100041 5.89972244e-05 0 0 0
nt@synapse_cleft 3927 0.006496009 0.0470083508 0.0182249911 0 0 0
nt@synapse_cleft 3932 0.0230834627 -0.0165624124 0.0193333492 0 0 0
nt@synapse_cleft 3952 -0.0407657597 0.0243059377 0.00408590797 0 0 0
nt@synapse_cleft 3953 0.0284472621 -0.0317944208 0.00488406983 0 0 0
nt@synapse_cleft 3957 0.0248148336 0.0120140801 0.0151276741 0 0 0
nt@synapse_cleft 3958 0.0113833658 0.0159258354 0.0130549285 0 0 0
nt@synapse_cleft 3963 0.0215566585 0.0182598456 0.00864433663 0 0 0
nt@synapse_cleft 3965 -0.0429390144 0.00400383513 0.00380804264 0 0 0
nt@synapse_cleft 3967 0.0201816727 -0.02074325 0.0195729607 0 0 0
nt@synapse_cleft 3968 0.0175648454 -0.00582297112 0.00241523111 0 0 0
nt@synapse_cleft 3973 -0.00484803409 0.00403729459 0.0121922552 0 0 0
nt@synapse_cleft 3974 -0.0289683824 0.0602668137 0.00121268047 0 0 0
nt@synapse_cleft 3978 0.0287411397 0.00241581252 0.016807908 0 0 0
nt@synapse_cleft 3983 -0.0398520836 -0.0297096403 0.00162883208 0 0 0
nt@synapse_cleft 3988 -0.006908254 -0.0328409064 0.00474375887 0 0 0
nt@synapse_cleft 3991 0.0735467549 -0.0267811183 0.00852034998 0 0 0
nt@synapse_cleft 3993 -0.0542701004 0.00170118961 0.0133177161 0 0 0
nt@synapse_cleft 3997 -0.0504680264 0.00640332205 0.0131087869 0 0 0
nt@synapse_cleft 3999 -0.0341467436 -0.0143182694 0.00544078829 0 0 0
nt@synapse_cleft 4018 0.0169837775 0.00132556103 0.0178532778 0 0 0
nt@synapse_cleft 4037 -0.0135168215 0.0335566197 0.0193764522 0 0 0
nt@synapse_cleft 4040 0.00150176052 0.00181089991 0.0168085752 0 0 0
nt@synapse_cleft 4049 0.0294084338 0.0134100175 0.014330451 0 0 0
nt@synapse_cleft 4051 0.0151180743 0.00190482998 0.00636131754 0 0 0
nt@synapse_cleft 4064 0.0031926405 0.0235395544 0.0117042633 0 0 0
nt@synapse_cleft 4070 -0.0232102656 -0.00137718786 0.0154818294 0 0 0
nt@synapse_cleft 4071 -0.012810183 -0.0509969094 0.0133446275 0 0 0
nt@synapse_cleft 4103 -0.00767007635 0.00501045524 0.00862075201 0 0 0
nt@synapse_cleft 4106 0.0242715655 0.01843276 0.0178941577 0 0 0
nt@synapse_cleft 4111 0.0657020577 0.0265478195 0.00094302488 0 0 0
nt@synapse_cleft 4115 0.00170917389 0.00918498694 0.00393146109 0 0 0
nt@synapse_cleft 4119 0.012490953 -0.0284279663 0.0148891991 0 0 0
nt@synapse_cleft 4123 -0.00867597712 0.0101634863 0.0127732301 0 0 0
nt@synapse_cleft 4126 0.0361971325 -0.0288263076 0.000830476356 0 0 0
nt@synapse_cleft 4129 -0.00896419597 0.0115969112 0.0136393831 0 0 0
nt@synapse_cleft 4132 0.0360747991 0.0310529478 0.0195593679 0 0 0
nt@synapse_cleft 4135 0.00923269819 -0.00176165931 0.0182385095 0 0 0
nt@synapse_cleft 4150 -0.0363455477 -0.053139751 0.0140862102 0 0 0
nt@synapse_cleft 4155 0.0194656978 -0.0610177049 0.00126426431 0 0 0
nt@synapse_cleft 4156 0.0557795752 -0.00284457982 0.00707543001 0 0 0
nt@synapse_cleft 4163 0.000762030887 0.049890688 0.000173338129 0 0 0
nt@synapse_cleft 4177 -0.0525238817 0.0716926472 0.0196985638 0 0 0
nt@synapse_cleft 4187 -0.0249128183 -0.0282808802 0.0135813301 0 0 0
nt@synapse_cleft 4193 0.00784663182 -0.0408181284 0.0140555161 0 0 0
nt@synapse_cleft 4214 -0.038305893 -0.0141908565 0.0176029284 0 0 0
nt@synapse_cleft 4215 0.0314204441 -0.0662302384 0.0141446588 0 0 0
nt@synapse_cleft 4220 -0.00866819713 -0.00547458246 0.0152719184 0 0 0
nt@synapse_cleft 4228 0.032010045 -0.0167121832 0.0199849237 0 0 0
nt@synapse_cleft 4230 -0.0219183516 0.0598346627 0.00481110432 0 0 0
nt@synapse_cleft 4233 0.0171662738 0.0221442291 0.00500514182 0 0 0
nt@synapse_cleft 4237 0.0112516383 -0.0104435157 0.0171719034 0 0 0
nt@synapse_cleft 4242 0.0308527298 -0.0387571409 0.0139645609 0 0 0
nt@synapse_cleft 4252 0.0393524801 -0.00186562957 0.0180835565 0 0 0
nt@synapse_cleft 4254 -0.00922228959 0.0412760618 0.00751028907 0 0 0
nt@synapse_cleft 4255 -0.0221245965 -0.0369052033 0.0136590811 0 0 0
nt@synapse_cleft 4279 0.0240713987 -0.0469660773 0.00911338127 0 0 0
nt@synapse_cleft 4285 -0.0448148921 0.0376817687 0.00509820014 0 0 0
nt@synapse_cleft 4288 0.0222915726 -0.0146192893 0.0164106762 0 0 0
nt@synapse_cleft 4293 -0.0169261201 -0.0142387188 0.00766417084 0 0 0
nt@synapse_cleft 4297 0.0426914747 -0.0270933701 0.00738291204 0 0 0
nt@synapse_cleft 4301 0.0320022726 0.00139307879 0.0101594898 0 0 0
nt@synapse_cleft 4312 -0.0118193595 -0.0273341423 0.00920865779 0 0 0
nt@synapse_cleft 4317 -0.00569649796 0.0467099855 0.0111503321 0 0 0
nt@synapse_cleft 4326 0.0282056209 -0.0126514496 0.0137270327 0 0 0
nt@synapse_cleft 4330 -0.0228418106 0.0120324152 0.0175688019 0 0 0
nt@synapse_cleft 4334 0.0153464608 -0.00138444706 0.00868842239 0 0 0
nt@synapse_cleft 4339 0.0116065294 -0.0299148799 0.00941566817 0 0 0
nt@synapse_cleft 4343 -0.0196508439 -0.0629732755 0.00147444985 0 0 0
nt@synapse_cleft 4346 0.0248517376 0.00876833077 0.00873090804 0 0 0
nt@synapse_cleft 4351 0.0501803962 0.0133353176 0.0074391001 0 0 0
nt@synapse_cleft 4360 0.00985583173 0.00640626162 0.0152658693 0 0 0
nt@synapse_cleft 4365 0.00243053122 0.0405726288 0.0153493939 0 0 0
nt@synapse_cleft 4374 -0.0159183534 -0.0203102956 0.00216859643 0 0 0
nt@synapse_cleft 4376 -0.0134556744 -0.0106662041 0.00803363743 0 0 0
nt@synapse_cleft 4381 -0.0207423364 -0.029849755 0.0148336979 0 0 0
nt@synapse_cleft 4386 -0.00918006184 0.00718590918 0.00796102314 0 0 0
nt@synapse_cleft 4392 -0.00787177538 0.0164014343 0.0119823445 0 0 0
nt@synapse_cleft 4395 0.0112674188 -0.0385643057 0.0178361975 0 0 0
nt@synapse_cleft 4396 0.0137491178 -0.0546018296 0.000593663892 0 0 0
nt@synapse_cleft 4398 -0.020958193 0.0223257831 0.00570578252 0 0 0
nt@synapse_cleft 4399 0.0103177375 0.0329312 0.00285837791 0 0 0
nt@synapse_cleft 4414 -0.00130575818 -0.0263804295 0.0111553413 0 0 0
nt@synapse_cleft 4416 -0.0242355326 -0.00752703106 0.0142730052 0 0 0
nt@synapse_cleft 4423 0.00951615006 -0.000259484033 0.0126875403 0 0 0
nt@synapse_cleft 4424 -0.0303595503 -0.00089416408 0.00258533113 0 0 0
nt@synapse_cleft 4430 -0.00348753112 -0.012732847 0.0049060962 0 0 0
nt@synapse_cleft 4431 0.0110054337 -0.028610038 0.0125283138 0 0 0
nt@synapse_cleft 4434 0.0172747545 -0.00354048378 0.00244249464 0 0 0
nt@synapse_cleft 4446 -0.0123340365 0.0246980495 0.0198325332 0 0 0
nt@synapse_cleft 4464 0.0275500313 -0.0121728128 0.0131153383 0 0 0
nt@synapse_cleft 4473 -0.0103508408 -0.0036556748 0.0087730134 0 0 0
nt@synapse_cleft 4478 -0.0196347758 0.0419469521 0.0174693122 0 0 0
nt@synapse_cleft 4480 0.0120133031 0.0419396609 0.0105061263 0 0 0
nt@synapse_cleft 4482 -0.0387789839 -0.0272186214 0.0139424151 0 0 0
nt@synapse_cleft 4485 0.00905701174 0.0235575276 0.0101026919 0 0 0
nt@synapse_cleft 4488 0.0237485895 -0.0016231963 0.0065102423 0 0 0
nt@synapse_cleft 4489 -0.00603306696 -0.00328548343 0.00053830466 0 0 0
nt@synapse_cleft 4496 -0.0487116215 0.0537404133 0.00113025245 0 0 0
nt@synapse_cleft 4499 -0.00358305529 0.0167346362 0.00312663235 0 0 0
nt@synapse_cleft 4501 0.0201674709 0.00869561781 0.00976163162 0 0 0
nt@synapse_cleft 4517 -0.0448216799 0.0146624548 0.007430164 0 0 0
nt@synapse_cleft 4527 0.0164070269 -0.00334073935 0.0176258626 0 0 0
nt@synapse_cleft 4538 -0.0426278704 -0.0431526156 0.00394542895 0 0 0
nt@synapse_cleft 4542 0.0108187877 0.0504170616 0.00293507932 0 0 0
nt@synapse_cleft 4545 -0.023516568 0.034960418 0.0155443405 0 0 0
nt@synapse_cleft 4551 -0.0110420254 0.0372818439 0.019124744 0 0 0
nt@synapse_cleft 4553 -0.0384847858 -0.0159706639 0.0191970053 0 0 0
nt@synapse_cleft 4559 -0.0303750623 0.0286495239 0.012347004 0 0 0
nt@synapse_cleft 4574 0.0470085049 -0.0260745486 0.0114862028 0 0 0
nt@synapse_cleft 4576 -0.0349641741 -0.0285890805 0.0187764755 0 0 0
nt@synapse_cleft 4583 0.0100386072 0.0008230154 0.00156264382 0 0 0
nt@synapse_cleft 4590 -0.0538502591 -0.00344013337 0.0189669712 0 0 0
nt@synapse_cleft 4593 -0.0420965112 0.0540429094 0.00142687138 0 0 0
nt@synapse_cleft 4594 0.00969746691 0.0190528469 0.00217378412 0 0 0
nt@synapse_cleft 4595 0.0344102277 -0.0511358662 0.00350354009 0 0 0
nt@synapse_cleft 4613 0.0601624311 0.00437627946 0.0124397449 0 0 0
nt@synapse_cleft 4620 0.00505679399 0.0033430964 0.0134635117 0 0 0
nt@synapse_cleft 4654 0.00694152032 -0.035043324 0.0110016396 0 0 0
nt@synapse_cleft 4659 -0.0324332361 0.0361062194 0.0132165153 0 0 0
nt@synapse_cleft 4661 -0.00524991659 -0.0476657733 0.0151251562 0 0 0
nt@synapse_cleft 4681 0.0160179505 -0.00990545896 0.00748206135 0 0 0
nt@synapse_cleft 4700 -0.0274737791 0.0586200394 0.00526287646 0 0 0
nt@synapse_cleft 4701 0.0235642866 0.0239216739 0.0161052729 0 0 0
nt@synapse_cleft 4709 -0.0161459696 0.00058592208 0.00525101493 0 0 0
nt@synapse_cleft 4710 -0.0121238896 -0.0163785736 0.00237936188 0 0 0
nt@synapse_cleft 4718 0.0463842554 0.0124911613 0.0115496269 0 0 0
nt@synapse_cleft 4736 -0.00201024353 0.0215138297 0.0104047536 0 0 0
nt@synapse_cleft 4750 -0.00106493597 -0.0672261365 0.00123189782 0 0 0
nt@synapse_cleft 4753 -0.021725829 0.00461274189 0.00745983537 0 0 0
nt@synapse_cleft 4754 -0.012910369 -0.00726118864 0.00330595923 0 0 0
nt@synapse_cleft 4756 -0.0079540898 -0.00857825928 0.0189305294 0 0 0
nt@synapse_cleft 4758 -0.0304665236 0.00246544209 0.0178340056 0 0 0
nt@synapse_cleft 4764 0.029363394 -0.0124244007 0.00149866738 0 0 0
nt@synapse_cleft 4779 0.0279715219 -0.0259492035 0.0135124723 0 0 0
nt@synapse_cleft 4784 0.0299277875 0.00903907624 0.00132905863 0 0 0
nt@synapse_cleft 4786 -0.0252821702 0.0197420766 0.0171788118 0 0 0
nt@synapse_cleft 4791 0.0463001953 -0.00353115593 0.0162587798 0 0 0
nt@synapse_cleft 4793 -0.023700514 0.000511857113 0.0198083618 0 0 0
nt@synapse_cleft 4800 0.0246826503 -0.00405284396 0.0118394863 0 0 0
nt@synapse_cleft 4801 -0.013128264 0.0139270442 0.0166444734 0 0 0
nt@synapse_cleft 4816 -0.03695239 -0.0195749 0.0140009467 0 0 0
nt@synapse_cleft 4822 -0.0132141559 -0.0199046196 0.00497511758 0 0 0
nt@synapse_cleft 4823 -0.00529190244 0.0188015734 0.0156853517 0 0 0
nt@synapse_cleft 4829 0.0125411303 -0.0639431853 0.00558554672 0 0 0
nt@synapse_cleft 4839 -0.00661876358 -0.00521611138 0.00564843336 0 0 0
nt@synapse_cleft 4844 0.0655629352 -0.0245383373 0.0169560636 0 0 0
nt@synapse_cleft 4852 -0.0207200338 -0.0244323496 0.00689668164 0 0 0
nt@synapse_cleft 4871 0.0101064861 0.00856625135 0.0042061749 0 0 0
nt@synapse_cleft 4880 0.0054742894 -0.0310111897 0.0188474754 0 0 0
nt@synapse_cleft 4883 -0.0511558949 0.00200160894 0.016890519 0 0 0
nt@synapse_cleft 4892 -0.0269826507 0.0393096594 0.0190570539 0 0 0
nt@synapse_cleft 4897 0.0146150085 -0.0156407904 0.00801661912 0 0 0
nt@synapse_cleft 4901 0.0247293441 0.0154351917 0.000136797766 0 0 0
nt@synapse_cleft 4905 -0.0318435606 -0.00425514105 0.00514007021 0 0 0
nt@synapse_cleft 4906 -0.0184210523 -0.0352796819 0.00549391556 0 0 0
nt@synapse_cleft 4919 -0.0101555585 0.00819854954 0.000763243075 0 0 0
nt@synapse_cleft 4925 -0.00679188237 -0.00103767344 0.00156301982 0 0 0
nt@synapse_cleft 4937 -0.0711290169 0.00682578406 0.00897209796 0 0 0
nt@synapse_cleft 4946 -0.00312484476 0.000937299364 0.00244916831 0 0 0
nt@synapse_cleft 4967 -0.023133779 0.00957197921 0.0163363733 0 0 0
nt@synapse_cleft 4973 -0.00522809052 0.0536975549 0.0176686882 0 0 0
nt@synapse_cleft 4979 0.00726833658 -0.00781933138 0.0016366771 0 0 0
nt@synapse_cleft 4981 0.00515893222 -0.0614624794 0.000761640295 0 0 0
nt@synapse_cleft 4982 1.37544499e-05 0.0165034556 0.00387334451 0 0 0
nt@synapse_cleft 4983 -0.0382104934 0.00832282372 0.00417402823 0 0 0
nt@synapse_cleft 4991 -0.019896442 -0.00890324603 0.0114502813 0 0 0
nt@synapse_cleft 5004 -0.0166468641 -0.013759558 0.00213499388 0 0 0
nt@synapse_cleft 5006 0.0242338969 -0.0187939586 0.00233335424 0 0 0
nt@synapse_cleft 5009 -0.0249890548 -0.000324583006 0.00662700604 0 0 0
nt@synapse_cleft 5015 -0.024984339 -0.0252937928 0.0150565785 0 0 0
nt@synapse_cleft 5044 -0.034318861 0.0207157363 0.00726265966 0 0 0
nt@synapse_cleft 5046 -0.00944551382 -0.0331932676 0.00167008539 0 0 0
nt@synapse_cleft 5052 0.0253096077 -0.0087713412 0.00582209813 0 0 0
nt@synapse_cleft 5055 -0.00785421561 0.0241427969 0.0157635199 0 0 0
nt@synapse_cleft 5061 0.00454410517 -0.037060806 0.0110121869 0 0 0
nt@synapse_cleft 5063 -0.0316211996 0.038262882 0.0162043931 0 0 0
nt@synapse_cleft 5081 0.021247775 -0.00746943643 0.00111176219 0 0 0
nt@synapse_cleft 5082 -0.00439834924 0.0430072135 0.0117946824 0 0 0
nt@synapse_cleft 5086 0.0277100405 0.0489803407 0.00258760942 0 0 0
nt@synapse_cleft 5133 -0.0210448987 0.0209731372 0.00953853125 0 0 0
nt@synapse_cleft 5145 0.0201089395 0.0300404225 0.00495657619 0 0 0
nt@synapse_cleft 5154 0.013823113 0.0138960886 0.0186130417 0 0 0
nt@synapse_cleft 5159 -0.0307874933 -0.0176247908 0.018259341 0 0 0
nt@synapse_cleft 5164 0.015053642 -0.00270792638 0.00125651227 0 0 0
nt@synapse_cleft 5173 -0.0240142371 0.00345398256 0.00870041521 0 0 0
nt@synapse_cleft 5176 -0.0324377952 0.0745572173 0.00248806553 0 0 0
nt@synapse_cleft 5179 0.0219235768 0.00515785653 0.0103608882 0 0 0
nt@synapse_cleft 5182 0.0550350494 -0.00127359589 0.00515809835 0 0 0
nt@synapse_cleft 5183 0.0566607671 0.00390112459 0.00293178082 0 0 0
