nt@synapse_cleft 0 0.0109522714 -0.00468808556 0.0137442257 0 0 0
nt@synapse_cleft 2 -0.043901009 0.0167003907 0.0186447787 0 0 0
nt@synapse_cleft 7 0.0107268671 0.0135664478 0.0113503259 0 0 0
nt@synapse_cleft 9 0.0230512885 -0.0265665029 0.017292974 0 0 0
nt@synapse_cleft 12 0.00132952835 0.0347230777 0.00764153886 0 0 0
nt@synapse_cleft 15 -0.0162683167 0.0174628172 0.012873879 0 0 0
nt@synapse_cleft 17 0.0207108982 0.00247086826 0.00284631184 0 0 0
nt@synapse_cleft 23 9.9149367e-05 -0.0529446537 0.00875200763 0 0 0
nt@synapse_cleft 26 -0.0286256748 0.00084980162 0.0116562607 0 0 0
nt@synapse_cleft 30 0.0106561543 -0.0309748641 0.00875549263 0 0 0
nt@synapse_cleft 35 -0.000833552001 0.0293575589 0.0188661396 0 0 0
nt@synapse_cleft 42 0.00167147217 0.00691274155 0.0168008958 0 0 0
nt@synapse_cleft 45 -0.00209966152 0.0168410637 0.00649522038 0 0 0
nt@synapse_cleft 54 0.00345153887 0.0327745879 0.0121154464 0 0 0
nt@synapse_cleft 56 -0.025851978 -0.00577628497 0.0181317467 0 0 0
nt@synapse_cleft 59 0.0380497316 0.0179837561 0.0172636548 0 0 0
nt@synapse_cleft 72 -0.0214449069 0.0145113246 0.00898735407 0 0 0
nt@synapse_cleft 81 0.0108901064 -0.0336329582 0.000400090021 0 0 0
nt@synapse_cleft 87 -0.0128276828 -0.0202878382 0.0129259228 0 0 0
nt@synapse_cleft 89 0.0351300464 0.00105131705 0.0107832753 0 0 0
nt@synapse_cleft 100 -0.0107599086 -0.0205696568 0.0119130348 0 0 0
nt@synapse_cleft 102 -0.0200684751 0.0236042493 0.00758063647 0 0 0
nt@synapse_cleft 103 0.029189528 -0.0214351393 0.010879905 0 0 0
nt@synapse_cleft 111 -0.0331315321 0.0321672424 0.0190259196 0 0 0
nt@synapse_cleft 114 0.0387464614 -0.0163545149 0.0189758034 0 0 0
nt@synapse_cleft 115 -0.00744536379 -0.028632386 0.00968045706 0 0 0
nt@synapse_cleft 116 -0.0319370712 -0.0154962389 0.0124938955 0 0 0
nt@synapse_cleft 135 -0.0218208172 -0.0251767179 0.0121894751 0 0 0
nt@synapse_cleft 137 -0.0488050775 -0.0421245202 0.000395690838 0 0 0
nt@synapse_cleft 148 -0.00392797538 0.0594574657 0.00506184745 0 0 0
nt@synapse_cleft 150 -0.0226126345 0.0182376729 0.00424471055 0 0 0
nt@synapse_cleft 156 -0.0240782849 -0.0107847527 0.0183652821 0 0 0
nt@synapse_cleft 157 -0.0311609418 0.00274434213 0.0175819651 0 0 0
nt@synapse_cleft 162 -0.02078802 -0.0284815927 0.0141293624 0 0 0
nt@synapse_cleft 167 -0.00241158273 -0.0370358005 0.00288845468 0 0 0
nt@synapse_cleft 168 -0.0238093664 -0.0248312322 0.0126001431 0 0 0
nt@synapse_cleft 186 -0.0199809221 0.00116545845 0.012334666 0 0 0
nt@synapse_cleft 188 -0.00960550128 -0.00925853546 0.0103331917 0 0 0
nt@synapse_cleft 192 -0.0109256428 0.0390552313 0.0168658495 0 0 0
nt@synapse_cleft 194 -0.0129724397 -0.00911160953 0.0172758703 0 0 0
nt@synapse_cleft 195 0.0299160432 0.0481824951 0.00968541291 0 0 0
nt@synapse_cleft 197 0.0113974221 -0.0186123978 0.00186546576 0 0 0
nt@synapse_cleft 199 0.0371493727 0.0225325219 0.0115008517 0 0 0
nt@synapse_cleft 203 0.0103112835 -0.00499169587 0.00306901378 0 0 0
nt@synapse_cleft 206 0.00160153134 -0.0145536678 0.0186303118 0 0 0
nt@synapse_cleft 210 -0.0305529378 0.0160915646 0.00102269682 0 0 0
nt@synapse_cleft 224 -0.0140591778 0.0524516881 0.00297714385 0 0 0
nt@synapse_cleft 231 0.0167750547 0.0383005584 0.0104574023 0 0 0
nt@synapse_cleft 235 0.0235603431 -0.0207403135 0.0144399431 0 0 0
nt@synapse_cleft 244 -0.0153629682 0.00285538011 0.0154576923 0 0 0
nt@synapse_cleft 248 0.033893647 -0.0204256381 0.0104059555 0 0 0
nt@synapse_cleft 256 -0.0416397506 -0.0147158447 0.0181867891 0 0 0
nt@synapse_cleft 263 0.0518014072 0.0122830454 0.000135929463 0 0 0
nt@synapse_cleft 268 0.00272323333 -0.0114531292 0.012013376 0 0 0
nt@synapse_cleft 272 0.0102778234 -0.0565059712 0.0149797363 0 0 0
nt@synapse_cleft 284 -0.0380790927 0.0805177134 0.0193184351 0 0 0
nt@synapse_cleft 293 0.029568565 -0.00465127207 0.0162395736 0 0 0
nt@synapse_cleft 306 0.0149883118 -0.0324499096 0.000513788181 0 0 0
nt@synapse_cleft 307 0.0159258043 0.00450401889 0.0112535672 0 0 0
nt@synapse_cleft 308 0.0204875997 0.0301430556 0.0107667915 0 0 0
nt@synapse_cleft 310 0.0304124899 0.00197109527 0.00825600994 0 0 0
nt@synapse_cleft 318 -0.0310994631 0.00886210305 0.0120874037 0 0 0
nt@synapse_cleft 319 0.0573694049 0.00452551857 0.00684419054 0 0 0
nt@synapse_cleft 321 0.0423922601 0.0102379945 0.00064770569 0 0 0
nt@synapse_cleft 325 -0.0495406974 0.0717120395 0.0117302719 0 0 0
nt@synapse_cleft 331 0.0493480246 -0.0157377102 0.0177450463 0 0 0
nt@synapse_cleft 347 0.00921547614 -0.00141387153 0.00596663187 0 0 0
nt@synapse_cleft 348 7.44969683e-06 -0.0192665321 0.00218934093 0 0 0
nt@synapse_cleft 350 0.0148631098 0.00962321205 0.0146361165 0 0 0
nt@synapse_cleft 352 -0.0108775384 0.0298097417 0.00202759674 0 0 0
nt@synapse_cleft 356 -0.0327563326 0.0132722523 0.00352316601 0 0 0
nt@synapse_cleft 361 -0.027200147 0.00628672493 0.0199938473 0 0 0
nt@synapse_cleft 371 -0.00352184552 0.0320152969 0.0126236599 0 0 0
nt@synapse_cleft 372 0.00709554092 0.0326630349 0.00942189554 0 0 0
nt@synapse_cleft 376 -0.0111823949 0.00158075604 0.0101840455 0 0 0
nt@synapse_cleft 381 -0.0164291585 -0.023397942 0.00481320816 0 0 0
nt@synapse_cleft 385 0.0124182544 0.0165570842 0.0145974349 0 0 0
nt@synapse_cleft 391 0.018725052 -0.0335778848 0.0143746707 0 0 0
nt@synapse_cleft 395 -0.00142023675 -0.0139148382 0.013479131 0 0 0
nt@synapse_cleft 402 -0.00413414228 0.0489972187 0.0174216834 0 0 0
nt@synapse_cleft 406 -0.0349357468 -0.0368922497 0.00628888193 0 0 0
nt@synapse_cleft 421 -0.0436507892 0.0269081014 0.0154257023 0 0 0
nt@synapse_cleft 426 0.0368618955 -0.0101970251 0.0194531392 0 0 0
nt@synapse_cleft 429 -0.0200633203 0.0326750126 0.0160755819 0 0 0
nt@synapse_cleft 440 0.0328228517 0.00133112842 0.00474546829 0 0 0
nt@synapse_cleft 444 0.00522874802 0.0384762912 0.0106270384 0 0 0
nt@synapse_cleft 449 0.00306958297 -0.0152554031 0.00636266905 0 0 0
nt@synapse_cleft 452 0.0364516015 0.0509503476 0.0197475636 0 0 0
nt@synapse_cleft 453 0.00804278534 -0.0105192257 0.00907932765 0 0 0
nt@synapse_cleft 455 0.00343568567 -0.0285719501 0.0191650682 0 0 0
nt@synapse_cleft 477 0.0152078647 0.0119377164 0.0136365479 0 0 0
nt@synapse_cleft 479 -0.00844037318 0.0180331953 0.0170150851 0 0 0
nt@synapse_cleft 480 -0.049920842 0.0233404321 0.000832471194 0 0 0
nt@synapse_cleft 482 0.00534182105 0.00103508282 0.00334433006 0 0 0
nt@synapse_cleft 483 0.000347638041 -0.0255411528 0.00258637113 0 0 0
nt@synapse_cleft 484 -0.00426673384 -0.0400516896 0.00764545064 0 0 0
nt@synapse_cleft 499 0.021701287 0.0236221203 0.00286925678 0 0 0
nt@synapse_cleft 501 0.00889087986 0.0118732281 0.00597388268 0 0 0
nt@synapse_cleft 503 0.0135374457 -0.0228538446 0.0173550239 0 0 0
nt@synapse_cleft 509 -0.0169123369 0.0535408486 0.00299513974 0 0 0
nt@synapse_cleft 510 0.0163388336 0.0113695094 0.0110542685 0 0 0
nt@synapse_cleft 514 -0.0296935325 0.00315516791 0.0156846185 0 0 0
nt@synapse_cleft 522 -0.0456239275 0.0179059468 0.0134681991 0 0 0
nt@synapse_cleft 524 -0.0117235916 0.0325377065 0.0136401314 0 0 0
nt@synapse_cleft 530 0.020373446 -0.00811042325 0.0160003682 0 0 0
nt@synapse_cleft 536 -0.0294609658 -0.0372498558 0.0058975882 0 0 0
nt@synapse_cleft 544 0.0359659442 0.0162878767 0.00621703798 0 0 0
nt@synapse_cleft 546 -0.0447077655 0.0146699641 0.00735659084 0 0 0
nt@synapse_cleft 548 -0.0170479597 0.0193827427 0.0128387726 0 0 0
nt@synapse_cleft 549 0.0306924516 -0.0315590625 0.0138603103 0 0 0
nt@synapse_cleft 551 0.0015463623 -0.00903844893 0.0194999637 0 0 0
nt@synapse_cleft 552 0.0244779842 0.00709665001 0.00524331311 0 0 0
nt@synapse_cleft 557 -0.0269500954 -0.0115258767 0.0165472681 0 0 0
nt@synapse_cleft 558 -0.00847910012 -0.0207644358 0.000150046933 0 0 0
nt@synapse_cleft 563 -0.0147876437 -0.0548136218 0.00639005909 0 0 0
nt@synapse_cleft 568 -0.00331099998 0.00441966853 0.0116470498 0 0 0
nt@synapse_cleft 572 -0.0329816579 0.011990307 0.00083306579 0 0 0
nt@synapse_cleft 575 0.0048054357 -0.00471657949 0.0102685368 0 0 0
nt@synapse_cleft 581 0.00199703956 -0.00648798065 0.0116493869 0 0 0
nt@synapse_cleft 583 0.0128888925 0.0198263415 0.0185232075 0 0 0
nt@synapse_cleft 586 0.00760949503 0.0167762292 0.00217671128 0 0 0
nt@synapse_cleft 591 -0.0198516428 0.0179576682 0.00411566496 0 0 0
nt@synapse_cleft 593 -0.00158315166 0.0368160121 0.0193199067 0 0 0
nt@synapse_cleft 594 0.0321313099 0.0179723388 0.0113075688 0 0 0
nt@synapse_cleft 595 -0.00575766253 -0.0328130849 0.00991943446 0 0 0
nt@synapse_cleft 596 -0.0207260163 -0.0017820393 0.0195713132 0 0 0
nt@synapse_cleft 598 -0.00124239177 0.00354423744 0.018633994 0 0 0
nt@synapse_cleft 618 -0.0084420828 -0.0334778619 0.00152025699 0 0 0
nt@synapse_cleft 620 -0.0271949627 8.43237081e-08 0.0102924125 0 0 0
nt@synapse_cleft 624 0.0164697967 -0.0041618822 0.00519665208 0 0 0
nt@synapse_cleft 627 -0.00947417038 -0.0266996417 0.00999643096 0 0 0
nt@synapse_cleft 629 -0.00446358856 0.00680347461 0.000844459932 0 0 0
nt@synapse_cleft 630 0.00479544061 0.01025786 0.00186038951 0 0 0
nt@synapse_cleft 633 -0.0137022022 0.02728072 0.0083815071 0 0 0
nt@synapse_cleft 634 0.00947567261 -0.000190581683 0.00767629105 0 0 0
nt@synapse_cleft 639 -0.010760952 -0.0238401014 0.000778783393 0 0 0
nt@synapse_cleft 645 -0.00805013903 -0.0131451843 0.0182960754 0 0 0
nt@synapse_cleft 647 0.0158775869 0.032051193 0.004081508 0 0 0
nt@synapse_cleft 661 -0.0189950645 -0.0236007029 0.0167557984 0 0 0
nt@synapse_cleft 662 -0.0113632334 0.00844286669 0.00730685112 0 0 0
nt@synapse_cleft 664 -0.0126820679 0.0112472206 0.0168333813 0 0 0
nt@synapse_cleft 674 -0.0200040339 0.0266371463 0.000391882288 0 0 0
nt@synapse_cleft 675 0.0106133079 0.00237023738 0.00898092753 0 0 0
nt@synapse_cleft 678 0.010937424 -0.0200915663 0.00401521559 0 0 0
nt@synapse_cleft 679 -0.0315454757 0.000493734229 0.0193498219 0 0 0
nt@synapse_cleft 681 0.00241762526 -0.0260450207 0.00376042557 0 0 0
nt@synapse_cleft 684 -0.0159807638 -0.0124085382 0.000310455635 0 0 0
nt@synapse_cleft 689 0.0254831378 0.00713682703 0.0173618163 0 0 0
nt@synapse_cleft 691 0.0210060014 0.0142871711 0.000114043434 0 0 0
nt@synapse_cleft 693 0.0185531139 0.0199363144 0.00908149385 0 0 0
nt@synapse_cleft 695 -0.0215704136 0.0368851752 0.0147726897 0 0 0
nt@synapse_cleft 698 0.0111907521 0.0229925709 0.0162002804 0 0 0
nt@synapse_cleft 699 -0.026136014 -0.0689154843 0.0196031035 0 0 0
nt@synapse_cleft 704 0.00926479741 0.0256586037 0.000381892517 0 0 0
nt@synapse_cleft 712 -0.0216355155 -0.00330774581 0.00228322179 0 0 0
nt@synapse_cleft 720 0.027027246 -0.0453049702 0.00254881794 0 0 0
nt@synapse_cleft 721 0.00666879863 -0.023247928 0.00360686836 0 0 0
nt@synapse_cleft 726 -0.0199000912 -0.0127747568 0.00887970938 0 0 0
nt@synapse_cleft 727 -0.0121494169 0.0180874096 0.00974511238 0 0 0
nt@synapse_cleft 728 0.0092459838 0.00381760023 0.00520806594 0 0 0
nt@synapse_cleft 732 0.0181523939 0.0443132949 0.00660421098 0 0 0
nt@synapse_cleft 735 -0.0499799624 0.0136443354 0.000251936084 0 0 0
nt@synapse_cleft 737 0.0459078278 0.00434212866 0.01597899 0 0 0
nt@synapse_cleft 741 0.0288969095 0.00261661535 0.00146921729 0 0 0
nt@synapse_cleft 750 0.0250693234 0.0177427628 0.0174242203 0 0 0
nt@synapse_cleft 754 -0.0038163926 -0.0102919698 0.0147310004 0 0 0
nt@synapse_cleft 755 0.0146427523 0.0179933685 0.00302300728 0 0 0
nt@synapse_cleft 760 -0.00667845385 -0.0545095265 0.00240322947 0 0 0
nt@synapse_cleft 762 0.00655910626 -0.0215375197 0.0184817587 0 0 0
nt@synapse_cleft 765 -0.0333768581 0.0455700044 0.0139205739 0 0 0
nt@synapse_cleft 768 -0.0199141612 0.00216974195 0.0160275597 0 0 0
nt@synapse_cleft 769 0.00354290737 0.0463861717 0.0107238925 0 0 0
nt@synapse_cleft 774 0.00201824602 0.0278024778 0.0031291081 0 0 0
nt@synapse_cleft 779 -0.0197902526 0.0236470052 0.00179658582 0 0 0
nt@synapse_cleft 784 0.01575862 0.00729295122 0.0143515891 0 0 0
nt@synapse_cleft 797 -0.00697829437 0.0272809249 0.00620962928 0 0 0
nt@synapse_cleft 803 -0.0208224508 -0.0461180681 0.0123013598 0 0 0
nt@synapse_cleft 814 0.0376830654 0.0375011511 0.00339168967 0 0 0
nt@synapse_cleft 816 0.00475936054 -0.0186905689 0.00320268652 0 0 0
nt@synapse_cleft 817 0.0214179134 -0.00714438112 0.0185053592 0 0 0
nt@synapse_cleft 828 0.00873346503 -0.0240057552 0.0170125102 0 0 0
nt@synapse_cleft 831 0.00568284209 -0.0168173218 0.000706426959 0 0 0
nt@synapse_cleft 833 -0.0100373808 -0.00401613197 0.0163986153 0 0 0
nt@synapse_cleft 837 -0.0187487393 -0.0119590437 0.0181890832 0 0 0
nt@synapse_cleft 844 -0.0150437785 0.01264525 0.0184876906 0 0 0
nt@synapse_cleft 847 0.025235685 -0.00557861597 0.0199574196 0 0 0
nt@synapse_cleft 850 0.00346671668 0.0166696529 0.00745992631 0 0 0
nt@synapse_cleft 854 -0.000638223639 0.0244213379 0.000691894741 0 0 0
nt@synapse_cleft 866 -0.000580971526 -0.0192558312 0.00693633582 0 0 0
nt@synapse_cleft 871 0.00267243658 0.0094369517 0.0195973866 0 0 0
nt@synapse_cleft 872 0.0253667143 -0.0290524071 0.0108649195 0 0 0
nt@synapse_cleft 877 -0.0426361884 0.015516722 0.0129194659 0 0 0
nt@synapse_cleft 884 0.00566640719 0.0021464061 0.0187570126 0 0 0
nt@synapse_cleft 904 -0.0486378682 0.00466612103 0.0062716198 0 0 0
nt@synapse_cleft 908 -0.0437367868 0.00516707832 0.00423289665 0 0 0
nt@synapse_cleft 909 0.0247521596 0.00302032087 0.00141529167 0 0 0
nt@synapse_cleft 913 -0.0239367696 0.00824332794 0.0199096459 0 0 0
nt@synapse_cleft 918 0.0648582756 0.000848870864 0.016119586 0 0 0
nt@synapse_cleft 920 0.0173502814 -0.0130447005 0.0104879104 0 0 0
nt@synapse_cleft 925 -0.0226071711 0.0327462148 0.00934765271 0 0 0
nt@synapse_cleft 932 0.0199912246 -0.0471595416 0.00103031396 0 0 0
nt@synapse_cleft 938 -0.00634217863 0.00726600952 0.006251544 0 0 0
nt@synapse_cleft 940 -0.0556996025 -0.0298721167 0.00469639005 0 0 0
nt@synapse_cleft 942 0.0052922012 -0.0271370946 0.00424530322 0 0 0
nt@synapse_cleft 943 0.0247010556 -0.00690208485 0.0126907566 0 0 0
nt@synapse_cleft 944 -0.010309509 -0.0566131729 0.000678903078 0 0 0
nt@synapse_cleft 945 -0.00666331216 0.0279246545 0.00156282846 0 0 0
nt@synapse_cleft 947 -0.0190701864 0.018188956 0.014257298 0 0 0
nt@synapse_cleft 953 -0.0371050412 0.0202306257 0.0142730858 0 0 0
nt@synapse_cleft 954 0.0140910741 -0.0168949518 0.00188603404 0 0 0
nt@synapse_cleft 957 0.0480701672 -0.0210592399 0.0106650361 0 0 0
nt@synapse_cleft 961 -0.0296217057 -0.0125150899 0.0073396725 0 0 0
nt@synapse_cleft 967 0.0311078723 -0.00502838715 0.0109561633 0 0 0
nt@synapse_cleft 976 -0.0176807686 0.0280583341 0.0154326342 0 0 0
nt@synapse_cleft 978 -0.0429113243 -0.0128941488 0.0132962127 0 0 0
nt@synapse_cleft 991 0.0285542463 -0.00263940563 0.0153203334 0 0 0
nt@synapse_cleft 992 0.0253973151 0.00223038332 0.0102131672 0 0 0
nt@synapse_cleft 994 -0.0357070336 -0.0185381971 0.0196371021 0 0 0
nt@synapse_cleft 998 0.00298771224 -0.00239836825 0.00180525768 0 0 0
nt@synapse_cleft 999 0.0508999141 -0.0304818322 0.00487890607 0 0 0
nt@synapse_cleft 1002 0.018944016 0.0447650856 0.00854534949 0 0 0
nt@synapse_cleft 1004 -0.0144489582 0.00251878344 0.00402740657 0 0 0
nt@synapse_cleft 1011 0.0247823343 0.0219610664 0.0112424714 0 0 0
nt@synapse_cleft 1013 -0.035250966 0.0453879592 0.0194945642 0 0 0
nt@synapse_cleft 1016 -0.0308877539 0.01247959 0.0117931034 0 0 0
nt@synapse_cleft 1018 -0.00676075512 -0.0169984423 0.00429291451 0 0 0
nt@synapse_cleft 1024 -0.0360970855 -0.0184484147 0.0137600764 0 0 0
nt@synapse_cleft 1025 -0.00548087723 -0.0254146381 0.00874270062 0 0 0
nt@synapse_cleft 1027 0.0229043084 0.0411360181 0.014466783 0 0 0
nt@synapse_cleft 1035 -0.0290713015 -0.0126237366 0.0142609731 0 0 0
nt@synapse_cleft 1047 0.0231740688 -0.0503014153 0.00278161256 0 0 0
nt@synapse_cleft 1048 -0.0058017731 -0.0529498731 0.00357649379 0 0 0
nt@synapse_cleft 1050 0.0113512815 -0.0489715102 0.0114600997 0 0 0
nt@synapse_cleft 1056 -0.00654935679 0.0653047775 0.0053625161 0 0 0
nt@synapse_cleft 1062 0.0385310844 -0.00759948018 0.00770074364 0 0 0
nt@synapse_cleft 1077 -0.0343052272 -0.00735608944 0.0172041108 0 0 0
nt@synapse_cleft 1080 -0.0340187789 0.0195586105 0.0160745118 0 0 0
nt@synapse_cleft 1092 -0.010566149 -0.0147807582 0.00972885507 0 0 0
nt@synapse_cleft 1107 -0.0108836554 0.00251999987 0.0193093935 0 0 0
nt@synapse_cleft 1108 0.0167295634 0.0209684871 0.00340061668 0 0 0
nt@synapse_cleft 1110 0.0183519709 0.0165218563 0.0128583964 0 0 0
nt@synapse_cleft 1113 -0.0183358734 0.0128810692 0.00433887267 0 0 0
nt@synapse_cleft 1114 0.0155200985 -0.0287856261 0.00929113292 0 0 0
nt@synapse_cleft 1121 0.00833552278 0.0456354783 0.00188653539 0 0 0
nt@synapse_cleft 1127 -0.00990505538 0.0078182192 0.00509427375 0 0 0
nt@synapse_cleft 1130 0.0351211893 -0.0181114693 0.00766580378 0 0 0
nt@synapse_cleft 1136 -0.0030047947 -0.0575983004 0.00893362858 0 0 0
nt@synapse_cleft 1138 0.0223842543 0.00495052813 0.0192487468 0 0 0
nt@synapse_cleft 1140 0.00829009744 -0.0354683021 0.0180413336 0 0 0
nt@synapse_cleft 1144 -0.0118186281 -0.00563174787 0.00485850459 0 0 0
nt@synapse_cleft 1145 0.0604823995 -0.0083469466 0.0089529645 0 0 0
nt@synapse_cleft 1149 -0.0296297102 -0.00195580895 0.00808363791 0 0 0
nt@synapse_cleft 1152 0.0246939281 0.00561440829 0.0180075215 0 0 0
nt@synapse_cleft 1157 0.0225979363 -0.0537272946 0.0155245174 0 0 0
nt@synapse_cleft 1165 0.0222913571 0.0419970572 0.00795722334 0 0 0
nt@synapse_cleft 1166 -0.00829606641 0.00834608575 0.00635520939 0 0 0
nt@synapse_cleft 1167 0.0377110525 0.0255955084 0.00539239533 0 0 0
nt@synapse_cleft 1172 -0.00462816283 0.000576444298 0.00894748328 0 0 0
nt@synapse_cleft 1177 -0.00215248677 0.0779448332 0.0015658689 0 0 0
nt@synapse_cleft 1179 0.0064535783 -0.0193358117 0.0165239335 0 0 0
nt@synapse_cleft 1186 -0.0639599833 0.00232476926 0.000647494878 0 0 0
nt@synapse_cleft 1188 0.0215087898 -0.0535488199 6.02230972e-05 0 0 0
nt@synapse_cleft 1193 -0.039163846 -0.00618045652 0.00760774084 0 0 0
nt@synapse_cleft 1200 -0.00951503791 0.016842195 0.0125335828 0 0 0
nt@synapse_cleft 1203 0.00207874172 0.00646334606 0.00599188303 0 0 0
nt@synapse_cleft 1204 0.000336798385 0.0202009618 0.0121532491 0 0 0
nt@synapse_cleft 1205 -0.0300398245 -0.0206031592 0.0124270691 0 0 0
nt@synapse_cleft 1206 -0.0280482767 0.00517434434 0.0119458351 0 0 0
nt@synapse_cleft 1218 -0.00385396073 0.0311574029 0.016121172 0 0 0
nt@synapse_cleft 1219 -0.00565888942 0.0104798045 0.0188545051 0 0 0
nt@synapse_cleft 1237 -0.0198027569 -0.0346972636 0.0112205411 0 0 0
nt@synapse_cleft 1238 -0.0609771881 -0.0353610548 0.0172261583 0 0 0
nt@synapse_cleft 1243 -0.0135293572 -0.000321234607 0.0154782233 0 0 0
nt@synapse_cleft 1248 0.0113029173 0.045961674 0.011288657 0 0 0
nt@synapse_cleft 1251 -0.0345477739 0.0118532376 0.0159450725 0 0 0
nt@synapse_cleft 1252 -0.0289565675 -0.00381694265 0.00309717838 0 0 0
nt@synapse_cleft 1254 -0.0286418561 0.0382901332 0.00927049382 0 0 0
nt@synapse_cleft 1270 0.0434496505 0.0185553107 0.0102694305 0 0 0
nt@synapse_cleft 1275 -0.0161774214 0.0178190883 0.0129333986 0 0 0
nt@synapse_cleft 1289 0.0510174974 -0.00289551073 0.0078068461 0 0 0
nt@synapse_cleft 1298 -0.00875062529 -0.0176978908 0.00885245113 0 0 0
nt@synapse_cleft 1302 -0.01074519 0.0279594535 0.00662313211 0 0 0
nt@synapse_cleft 1311 0.013584463 -0.0176261852 0.00345245034 0 0 0
nt@synapse_cleft 1316 -0.026746369 -0.0178273432 0.0125677258 0 0 0
nt@synapse_cleft 1326 0.0206634897 0.0139183325 0.0034457041 0 0 0
nt@synapse_cleft 1328 0.018977901 -0.00213424049 0.0031754316 0 0 0
nt@synapse_cleft 1333 -0.0164549799 0.0292115898 0.00583136547 0 0 0
nt@synapse_cleft 1338 -0.0122060069 0.0151730983 0.0109905787 0 0 0
nt@synapse_cleft 1343 0.0147764033 0.00364136626 0.0197163111 0 0 0
nt@synapse_cleft 1347 -0.0501151313 -0.00909645523 0.0195491735 0 0 0
nt@synapse_cleft 1349 -0.00593327125 -0.0122754516 0.0137151456 0 0 0
nt@synapse_cleft 1351 0.0355167077 -0.0282000865 0.00439524194 0 0 0
nt@synapse_cleft 1359 -0.0130876608 -0.0198748108 0.0137912657 0 0 0
nt@synapse_cleft 1361 -0.00637717368 -0.0544656013 0.00253466857 0 0 0
nt@synapse_cleft 1366 0.0210522347 -0.0110685492 0.00487367113 0 0 0
nt@synapse_cleft 1368 0.022986842 0.0112988019 0.00438700924 0 0 0
nt@synapse_cleft 1372 -0.0097132669 0.0427369596 0.00921040453 0 0 0
nt@synapse_cleft 1380 -0.0144805852 0.0153046636 0.0134228724 0 0 0
nt@synapse_cleft 1382 0.0220258456 0.0225799096 0.00596257177 0 0 0
nt@synapse_cleft 1384 -0.045903426 -0.0176402811 0.0164634806 0 0 0
nt@synapse_cleft 1390 0.0472446964 -0.0134106403 0.00764494249 0 0 0
nt@synapse_cleft 1393 -0.0232277227 0.0372122428 0.00819692429 0 0 0
nt@synapse_cleft 1394 0.0143140968 0.0200106432 0.013321114 0 0 0
nt@synapse_cleft 1397 0.0334341611 0.0343740082 0.0177146173 0 0 0
nt@synapse_cleft 1400 -0.0334900286 0.0199676193 0.0114879608 0 0 0
nt@synapse_cleft 1403 0.0120800065 0.00233703838 0.0155768545 0 0 0
nt@synapse_cleft 1406 0.0585941476 -0.0240413767 0.0034653848 0 0 0
nt@synapse_cleft 1408 -0.0217521175 -0.011136656 0.0134352101 0 0 0
nt@synapse_cleft 1411 0.011411411 0.00886712387 0.0134352608 0 0 0
nt@synapse_cleft 1416 -0.00978558733 0.0287481636 0.00522681408 0 0 0
nt@synapse_cleft 1419 0.00272642441 -0.0185359896 0.000864129788 0 0 0
nt@synapse_cleft 1425 -0.00267938893 -0.0358149251 0.000874778009 0 0 0
nt@synapse_cleft 1427 -0.0241589424 -0.0120982923 0.0198588585 0 0 0
nt@synapse_cleft 1438 -0.0150740468 -0.0275089738 0.0073866794 0 0 0
nt@synapse_cleft 1440 -0.0121005726 0.0267028197 0.0123419587 0 0 0
nt@synapse_cleft 1441 -0.0301178811 0.0303533817 0.00178435804 0 0 0
nt@synapse_cleft 1442 -0.00855821113 0.0322490245 0.0160832481 0 0 0
nt@synapse_cleft 1444 -0.0243668633 -0.00642036486 0.00450266584 0 0 0
nt@synapse_cleft 1446 -0.0225538847 -0.040516206 0.00697591193 0 0 0
nt@synapse_cleft 1449 -0.0266905724 -0.000104145485 0.00749746853 0 0 0
nt@synapse_cleft 1452 -0.0288031952 -0.026186873 0.000550302263 0 0 0
nt@synapse_cleft 1454 -0.0223386684 0.013794379 0.00953464931 0 0 0
nt@synapse_cleft 1455 -0.026500835 0.00542305265 0.0184076469 0 0 0
nt@synapse_cleft 1464 -0.0542911422 0.0129540785 0.00974611814 0 0 0
nt@synapse_cleft 1470 -0.0636492715 -0.0336395247 0.0149601778 0 0 0
nt@synapse_cleft 1472 -0.0585532837 -0.0156485799 0.00794203048 0 0 0
nt@synapse_cleft 1473 0.00357697051 -0.0139827739 0.0164433622 0 0 0
nt@synapse_cleft 1479 -0.00896596705 0.0391074386 0.0160944794 0 0 0
nt@synapse_cleft 1481 0.0243922933 0.0139813265 0.0170519396 0 0 0
nt@synapse_cleft 1484 0.00135891988 0.0177210361 0.00939955487 0 0 0
nt@synapse_cleft 1485 -0.0175758742 -0.00439092558 0.0188480006 0 0 0
nt@synapse_cleft 1487 -0.00665672292 -0.0344015554 0.00836011441 0 0 0
nt@synapse_cleft 1488 0.0382488474 -0.00520705089 0.00911559573 0 0 0
nt@synapse_cleft 1494 0.00785266094 0.00183468913 0.00941364288 0 0 0
nt@synapse_cleft 1496 0.00479192526 0.025728031 0.0107763875 0 0 0
nt@synapse_cleft 1506 0.0318631647 0.00843494874 0.018007437 0 0 0
nt@synapse_cleft 1507 0.00452788628 -0.00187934864 0.0140267526 0 0 0
nt@synapse_cleft 1508 0.0310935205 0.0101265653 0.0142642876 0 0 0
nt@synapse_cleft 1512 0.0073629043 -0.0203938746 0.0143665415 0 0 0
nt@synapse_cleft 1519 -0.00584542617 -0.00586866149 0.0158864716 0 0 0
nt@synapse_cleft 1527 0.000936926755 0.0493883136 0.0106623851 0 0 0
nt@synapse_cleft 1528 -0.0333636236 0.00914048711 0.0042594591 0 0 0
nt@synapse_cleft 1531 0.00229656746 0.0155821153 0.019649014 0 0 0
nt@synapse_cleft 1538 0.0114378888 0.0145588101 0.0147867106 0 0 0
nt@synapse_cleft 1542 -0.0247819299 0.0203856889 0.0100109544 0 0 0
nt@synapse_cleft 1545 -0.00556424439 0.0134944651 0.0194597752 0 0 0
nt@synapse_cleft 1548 -0.0356467885 -0.0262696956 0.00727999103 0 0 0
nt@synapse_cleft 1553 0.0566412006 0.0109770572 0.00285306669 0 0 0
nt@synapse_cleft 1554 0.0211890778 0.0149199748 0.00117322889 0 0 0
nt@synapse_cleft 1561 -0.00395826709 -0.0556344414 0.00721204412 0 0 0
nt@synapse_cleft 1565 -0.00630577485 0.00156618882 0.0183809593 0 0 0
nt@synapse_cleft 1571 -0.0182929694 -0.00672034572 0.00851164728 0 0 0
nt@synapse_cleft 1573 0.0171556293 0.0301174492 0.00118716773 0 0 0
nt@synapse_cleft 1588 0.000134552052 -0.0195698718 0.0199590592 0 0 0
nt@synapse_cleft 1592 0.0186963095 -0.0233006811 0.000547554154 0 0 0
nt@synapse_cleft 1597 0.0108119864 0.0309762221 0.00434425845 0 0 0
nt@synapse_cleft 1600 0.0164988832 -0.0311286985 0.0070565662 0 0 0
nt@synapse_cleft 1605 0.0178751665 -0.00573837752 0.00987071217 0 0 0
nt@synapse_cleft 1606 -0.0412899672 0.0168175383 0.0133891204 0 0 0
nt@synapse_cleft 1611 -0.00859110255 -0.0268546276 0.0100702388 0 0 0
nt@synapse_cleft 1612 -0.0156155784 -0.0134457646 0.00546130645 0 0 0
nt@synapse_cleft 1617 0.00927506141 -0.0305190386 0.0162553724 0 0 0
nt@synapse_cleft 1619 0.0206905889 0.000488701149 0.0078549931 0 0 0
nt@synapse_cleft 1628 0.0117892579 0.0354437002 0.0130554335 0 0 0
nt@synapse_cleft 1635 0.0111075375 -0.0147981253 0.00172990107 0 0 0
nt@synapse_cleft 1641 0.0325553858 0.0208265197 0.0146094109 0 0 0
nt@synapse_cleft 1642 0.0202682634 -0.0243102456 0.00524969391 0 0 0
nt@synapse_cleft 1655 -0.00294132005 0.0146551622 0.00207698249 0 0 0
nt@synapse_cleft 1658 0.0195716216 0.0452317727 0.0176129227 0 0 0
nt@synapse_cleft 1660 0.0237399157 0.015605646 0.00947058127 0 0 0
nt@synapse_cleft 1675 -0.0232946487 -0.00066922881 0.0124129652 0 0 0
nt@synapse_cleft 1678 0.00410201445 -0.00903605287 0.0137200014 0 0 0
nt@synapse_cleft 1681 -0.0169163336 0.00411003369 0.0118046388 0 0 0
nt@synapse_cleft 1686 -0.00429279254 0.0148539133 0.0193296332 0 0 0
nt@synapse_cleft 1687 -0.0321334196 -0.0270111543 0.00205152479 0 0 0
nt@synapse_cleft 1689 0.00749017509 0.0206662578 0.00306352839 0 0 0
nt@synapse_cleft 1692 -0.0213295671 0.0241686727 0.0127682687 0 0 0
nt@synapse_cleft 1695 0.0213298478 -0.0187285541 0.00530448117 0 0 0
nt@synapse_cleft 1701 0.00179808914 0.00635140638 0.0191348336 0 0 0
nt@synapse_cleft 1707 -0.0240127418 -0.00635141764 0.00910990114 0 0 0
nt@synapse_cleft 1708 -0.0378960775 0.00953023969 0.00580395957 0 0 0
nt@synapse_cleft 1715 0.00634031172 -0.00314501255 0.0182572796 0 0 0
nt@synapse_cleft 1721 0.0111563333 -0.0357440471 0.0197827063 0 0 0
nt@synapse_cleft 1725 0.0301282079 -0.0112860506 0.00416049979 0 0 0
nt@synapse_cleft 1729 0.000789549173 -0.0182647172 0.00685110949 0 0 0
nt@synapse_cleft 1736 0.0191056964 0.00848369248 0.0111975477 0 0 0
nt@synapse_cleft 1741 0.00824127864 -0.0180266131 0.0109438295 0 0 0
nt@synapse_cleft 1742 0.0139074803 -0.0462515732 0.00637759817 0 0 0
nt@synapse_cleft 1743 0.0337851728 0.0335479274 0.0187252786 0 0 0
nt@synapse_cleft 1745 -0.0328432261 0.022175078 0.00241212374 0 0 0
nt@synapse_cleft 1746 0.0132252391 -0.0210234934 0.0146144272 0 0 0
nt@synapse_cleft 1748 0.0611998293 0.01292614 0.010129881 0 0 0
nt@synapse_cleft 1751 0.045623931 0.0300290894 0.0123653993 0 0 0
nt@synapse_cleft 1759 -0.00397712105 -0.0133885405 0.0130404356 0 0 0
nt@synapse_cleft 1761 -0.0208005358 0.00794241472 0.00633260888 0 0 0
nt@synapse_cleft 1762 -0.0185620718 -0.0272284462 0.0134786959 0 0 0
nt@synapse_cleft 1768 0.00704892692 -0.0317817312 0.0138004776 0 0 0
nt@synapse_cleft 1775 -0.0157869923 -0.00314686382 0.00900110079 0 0 0
nt@synapse_cleft 1778 0.04513662 -0.0539108498 0.0173401958 0 0 0
nt@synapse_cleft 1781 -0.0196250733 0.0356571126 0.00163351748 0 0 0
nt@synapse_cleft 1793 0.00645962445 0.0360466539 0.00874525002 0 0 0
nt@synapse_cleft 1795 0.0311827985 -0.00713037779 0.0165295376 0 0 0
nt@synapse_cleft 1804 0.0122635228 0.005979678 0.0108538544 0 0 0
nt@synapse_cleft 1806 -0.0250729667 0.0163074059 0.0159717958 0 0 0
nt@synapse_cleft 1810 -0.0643259944 -0.0488709563 0.0165087199 0 0 0
nt@synapse_cleft 1811 0.00117622858 0.0156729956 0.0192659778 0 0 0
nt@synapse_cleft 1812 0.00234107209 0.0456119129 0.0140501078 0 0 0
nt@synapse_cleft 1815 -0.00913127728 0.000979441584 0.0178238631 0 0 0
nt@synapse_cleft 1824 0.0189705446 0.00376148632 0.00759429302 0 0 0
nt@synapse_cleft 1826 0.0163374362 -0.0139303215 0.0128282246 0 0 0
nt@synapse_cleft 1829 0.0382131872 -0.0163119143 0.00356374548 0 0 0
nt@synapse_cleft 1830 -0.0356066051 -0.0145741053 0.0115083371 0 0 0
nt@synapse_cleft 1837 -0.040381897 -0.00750965397 0.00948319693 0 0 0
nt@synapse_cleft 1838 -0.00826167814 -0.0342979437 0.0070464874 0 0 0
nt@synapse_cleft 1843 0.0289137353 -0.000720142146 0.00857931393 0 0 0
nt@synapse_cleft 1846 -0.0237874924 0.000851509907 0.000709786956 0 0 0
nt@synapse_cleft 1849 0.0394704252 0.0131457276 0.011335141 0 0 0
nt@synapse_cleft 1853 0.0713425366 -0.025138541 0.00363302637 0 0 0
nt@synapse_cleft 1854 0.00863900237 -0.0022216292 0.0130525342 0 0 0
nt@synapse_cleft 1856 0.0192366765 -0.0289325127 0.0119266229 0 0 0
nt@synapse_cleft 1868 -0.0256787452 0.000140471322 0.00490509312 0 0 0
nt@synapse_cleft 1872 0.00876096413 -0.0114424429 0.00645857369 0 0 0
nt@synapse_cleft 1877 0.00725312652 0.0313380047 0.0163390533 0 0 0
nt@synapse_cleft 1880 -0.0255951033 -0.0181618513 0.0124304276 0 0 0
nt@synapse_cleft 1883 0.018544558 0.0155559673 0.0108397644 0 0 0
nt@synapse_cleft 1885 -0.00674536536 -0.00495578169 0.00907572109 0 0 0
nt@synapse_cleft 1887 -0.00148589295 0.0328894648 0.000605201958 0 0 0
nt@synapse_cleft 1892 -0.00166439395 -0.00167127863 0.00535498737 0 0 0
nt@synapse_cleft 1896 0.0212902026 -0.00492908115 0.0122169871 0 0 0
nt@synapse_cleft 1900 -0.0156131853 -0.0212723099 0.0105640352 0 0 0
nt@synapse_cleft 1904 -0.0365154418 0.0416121302 0.000432157816 0 0 0
nt@synapse_cleft 1914 0.00794391582 0.0103786092 0.00679898867 0 0 0
nt@synapse_cleft 1918 -0.0121219171 0.0638137692 0.0146192112 0 0 0
nt@synapse_cleft 1921 -0.000343105281 -0.0185757693 0.0102667889 0 0 0
nt@synapse_cleft 1923 -0.0145710225 0.0244769295 0.0115998573 0 0 0
nt@synapse_cleft 1925 0.0106984982 0.0154058684 0.0100025638 0 0 0
nt@synapse_cleft 1926 0.00799900273 -0.0179276229 0.0158316114 0 0 0
nt@synapse_cleft 1932 0.0145033617 -0.0101735003 0.0112658972 0 0 0
nt@synapse_cleft 1942 0.0346839742 -0.0319183331 0.00395626091 0 0 0
nt@synapse_cleft 1944 -0.00563980397 0.0265987767 0.0123509496 0 0 0
nt@synapse_cleft 1946 -0.0156276231 -0.0157887297 0.00458481687 0 0 0
nt@synapse_cleft 1953 -0.0189929526 -0.00908121763 0.00546748288 0 0 0
nt@synapse_cleft 1961 0.0331382669 0.0154670133 0.00485110194 0 0 0
nt@synapse_cleft 1964 -0.00195393418 -0.000423776666 0.0115651507 0 0 0
nt@synapse_cleft 1967 0.0131182022 -0.0305873548 0.00965783046 0 0 0
nt@synapse_cleft 1970 -0.0263234199 -0.041635781 0.0176262189 0 0 0
nt@synapse_cleft 1973 0.0319669401 0.0219296561 0.0179259589 0 0 0
nt@synapse_cleft 1976 -0.034288142 -0.0156529487 0.00572575944 0 0 0
nt@synapse_cleft 1980 -0.0175908678 -0.0232104009 0.00521676479 0 0 0
nt@synapse_cleft 1984 -0.0596461615 -0.020004113 0.0107855538 0 0 0
nt@synapse_cleft 1989 -0.00762631441 0.0142250699 0.014159387 0 0 0
nt@synapse_cleft 1990 0.0211381722 0.0199715844 0.0115989063 0 0 0
nt@synapse_cleft 1993 0.0114190718 -0.0163901001 0.0183853473 0 0 0
nt@synapse_cleft 1997 0.0036562995 0.0144737566 0.0147834082 0 0 0
nt@synapse_cleft 2004 -0.0192368079 0.0050972501 0.0170046572 0 0 0
nt@synapse_cleft 2013 -0.0146608956 -0.00214215336 0.00454313447 0 0 0
nt@synapse_cleft 2014 0.0168849844 0.0102953108 0.0133920092 0 0 0
nt@synapse_cleft 2019 0.0117871623 -0.00856086366 0.0124133082 0 0 0
nt@synapse_cleft 2027 -0.00556951979 -0.0287772431 0.0101751995 0 0 0
nt@synapse_cleft 2032 -0.0248013048 0.0031324926 0.0123441913 0 0 0
nt@synapse_cleft 2035 0.0611446675 0.022407283 0.00359763054 0 0 0
nt@synapse_cleft 2036 0.0513695285 -0.0384346976 0.0159580878 0 0 0
nt@synapse_cleft 2039 0.0409499372 0.0109176645 0.0192654893 0 0 0
nt@synapse_cleft 2041 0.027400132 -0.0144761236 0.0196053076 0 0 0
nt@synapse_cleft 2044 0.0121485163 -0.0203251153 0.0144709726 0 0 0
nt@synapse_cleft 2052 -0.00202043465 -0.0225620261 0.0178938367 0 0 0
nt@synapse_cleft 2061 0.0211237028 0.0128887679 0.00610521446 0 0 0
nt@synapse_cleft 2064 0.0200404701 0.0184321913 0.000975115429 0 0 0
nt@synapse_cleft 2091 -0.00396020706 0.024547246 0.0125407115 0 0 0
nt@synapse_cleft 2092 0.0203515796 0.0382125068 0.00394301966 0 0 0
nt@synapse_cleft 2094 -0.0156583654 -0.00700876086 0.0120606121 0 0 0
nt@synapse_cleft 2096 -0.0166819914 -0.0131181538 0.00191655656 0 0 0
nt@synapse_cleft 2104 0.0296534379 -0.0107942949 0.00866155355 0 0 0
nt@synapse_cleft 2112 -0.00483469019 -0.0231558884 0.00641762871 0 0 0
nt@synapse_cleft 2124 0.00128950035 0.0521285729 0.00756816158 0 0 0
nt@synapse_cleft 2127 0.0244936268 0.0103584918 0.000999125064 0 0 0
nt@synapse_cleft 2133 0.012342939 -0.00439968612 0.0093569345 0 0 0
nt@synapse_cleft 2137 -0.0447159391 0.0540104252 0.001768123 0 0 0
nt@synapse_cleft 2148 0.0302341634 -0.0683246711 0.00310192967 0 0 0
nt@synapse_cleft 2156 0.0348771861 -0.0333980975 0.0168810594 0 0 0
nt@synapse_cleft 2162 -0.0128205567 0.011504334 0.0172378376 0 0 0
nt@synapse_cleft 2163 0.0114670583 -0.00593009218 0.0174431004 0 0 0
nt@synapse_cleft 2177 -0.0050907902 -0.0315735129 0.00225124333 0 0 0
nt@synapse_cleft 2185 -0.00878655391 -0.0122070194 0.0108908228 0 0 0
nt@synapse_cleft 2187 -0.0138531471 0.00626859888 0.0155146861 0 0 0
nt@synapse_cleft 2188 -0.00471099595 0.029929112 0.0103814931 0 0 0
nt@synapse_cleft 2199 -0.00299844919 -0.0230829269 0.00502847563 0 0 0
nt@synapse_cleft 2204 -0.0345617342 0.0122767879 0.0110251721 0 0 0
nt@synapse_cleft 2206 -0.0201211405 -0.0198152374 0.00217905687 0 0 0
nt@synapse_cleft 2207 0.0282740585 0.00616592033 0.0118283927 0 0 0
nt@synapse_cleft 2217 0.026627943 -0.0415412968 0.0150849143 0 0 0
nt@synapse_cleft 2218 0.0242973373 0.01089003 0.0111805088 0 0 0
nt@synapse_cleft 2223 -0.0143934428 0.00723311602 0.0132690593 0 0 0
nt@synapse_cleft 2228 -0.000892352134 0.00995418843 0.00265374016 0 0 0
nt@synapse_cleft 2235 -0.00527810605 -0.0155542164 0.0111662302 0 0 0
nt@synapse_cleft 2236 -0.00445202219 0.0130559068 0.00612198841 0 0 0
nt@synapse_cleft 2248 -0.0290304145 -0.00321116439 0.00241200364 0 0 0
nt@synapse_cleft 2251 -0.00983133124 0.0064423782 0.0125666215 0 0 0
nt@synapse_cleft 2254 -0.00589128807 -0.0219131494 0.018329442 0 0 0
nt@synapse_cleft 2257 0.00334063655 0.000620992109 0.0100007481 0 0 0
nt@synapse_cleft 2262 0.00242338166 0.021292591 0.017530016 0 0 0
nt@synapse_cleft 2271 -0.0597810048 0.0140894588 0.00145331407 0 0 0
nt@synapse_cleft 2274 -0.0126277713 0.0392812796 0.0072395549 0 0 0
nt@synapse_cleft 2278 0.0294164663 0.0321647931 0.0130781406 0 0 0
nt@synapse_cleft 2279 -0.0174297854 0.0117806864 0.0147435084 0 0 0
nt@synapse_cleft 2283 0.0370374716 -0.0279651514 0.00955961379 0 0 0
nt@synapse_cleft 2284 0.0209539427 0.0105702947 0.0165091136 0 0 0
nt@synapse_cleft 2285 -0.0156782488 -0.0101600227 0.00730089258 0 0 0
nt@synapse_cleft 2289 0.00767838211 -0.00738376928 0.00355202931 0 0 0
nt@synapse_cleft 2292 -0.00442716139 -0.00748093304 0.0183167852 0 0 0
nt@synapse_cleft 2298 -0.0373563004 -0.0202820806 0.00643510615 0 0 0
nt@synapse_cleft 2306 -0.0108321894 -0.0515556202 0.00367038003 0 0 0
nt@synapse_cleft 2308 -0.0390934049 0.00797414042 0.00916857091 0 0 0
nt@synapse_cleft 2309 -0.00332806683 0.00533752841 0.0068961786 0 0 0
nt@synapse_cleft 2314 -0.000664771967 -0.0278381465 0.0118499775 0 0 0
nt@synapse_cleft 2317 0.0388480668 0.00591630893 0.00764826651 0 0 0
nt@synapse_cleft 2320 0.0260100587 -0.0270328592 0.0035415656 0 0 0
nt@synapse_cleft 2321 0.0496793328 0.015893913 0.00506201729 0 0 0
nt@synapse_cleft 2327 -0.0357009033 -0.0287445398 0.0144484913 0 0 0
nt@synapse_cleft 2330 -0.0363927877 0.00865093678 0.0118890122 0 0 0
nt@synapse_cleft 2332 -0.0187036191 -0.00404303503 0.0162361001 0 0 0
nt@synapse_cleft 2349 0.0449337346 0.00143103145 0.00723515982 0 0 0
nt@synapse_cleft 2367 -0.0223353333 -0.0426510047 0.0113747388 0 0 0
nt@synapse_cleft 2369 -0.00828999292 -0.00418237223 0.00186609537 0 0 0
nt@synapse_cleft 2383 0.0125621278 -0.0394776249 0.00972068862 0 0 0
nt@synapse_cleft 2386 -0.0235630901 -0.0192639174 0.00540391381 0 0 0
nt@synapse_cleft 2389 0.00307726932 -0.029088984 0.00523989161 0 0 0
nt@synapse_cleft 2397 0.00170049945 -0.0563023217 0.00899456933 0 0 0
nt@synapse_cleft 2400 -0.0231599768 -0.0386613126 0.0103648672 0 0 0
nt@synapse_cleft 2410 0.0228294411 0.00528481355 0.00994791664 0 0 0
nt@synapse_cleft 2411 0.0167261159 -0.0512607403 0.00526162108 0 0 0
nt@synapse_cleft 2412 -0.00236733678 0.021838704 0.0138016624 0 0 0
nt@synapse_cleft 2417 -0.0127190579 0.0115014127 0.0176893908 0 0 0
nt@synapse_cleft 2421 -0.00450721409 0.0146932238 0.00849619866 0 0 0
nt@synapse_cleft 2423 0.0137326199 -0.0435866502 0.00829680737 0 0 0
nt@synapse_cleft 2437 0.0381910242 0.0112686566 0.000411732414 0 0 0
nt@synapse_cleft 2438 -0.00672457187 -0.0351518154 0.00277232875 0 0 0
nt@synapse_cleft 2440 -0.0345557508 -0.0246319281 0.00841456424 0 0 0
nt@synapse_cleft 2448 0.00530631588 0.00637325062 0.00983375678 0 0 0
nt@synapse_cleft 2456 -0.0267727304 -0.00915625702 0.0180948183 0 0 0
nt@synapse_cleft 2459 0.0114052084 0.050363526 0.00633088074 0 0 0
nt@synapse_cleft 2462 -0.00509356066 0.0441751107 0.00546948201 0 0 0
nt@synapse_cleft 2468 -0.0490590394 -0.0204014414 0.0146993241 0 0 0
nt@synapse_cleft 2472 0.0587378016 -0.0469936978 0.0178828976 0 0 0
nt@synapse_cleft 2480 -0.00352602001 -0.0269422213 0.00117517983 0 0 0
nt@synapse_cleft 2481 -0.0168312099 -0.0170793279 0.00361057375 0 0 0
nt@synapse_cleft 2483 0.0250988944 0.0311428082 0.0189000628 0 0 0
nt@synapse_cleft 2491 0.00806100098 0.00911872215 0.0129372422 0 0 0
nt@synapse_cleft 2493 0.0303274107 -0.0515509453 0.00330506698 0 0 0
nt@synapse_cleft 2498 0.0151101098 -0.0200993524 0.00299800374 0 0 0
nt@synapse_cleft 2501 0.00597451758 0.020750381 0.00162590896 0 0 0
nt@synapse_cleft 2502 0.0106707631 -0.032216528 0.013019097 0 0 0
nt@synapse_cleft 2509 -0.0029566708 -0.0178603589 0.0180612137 0 0 0
nt@synapse_cleft 2513 -0.00717344853 0.013068302 0.00591962799 0 0 0
nt@synapse_cleft 2517 -0.00366276638 -0.00427712812 0.0135468862 0 0 0
nt@synapse_cleft 2520 0.0180965802 0.0175784163 0.00322395941 0 0 0
nt@synapse_cleft 2521 0.00166478606 0.014492845 0.0121194596 0 0 0
nt@synapse_cleft 2528 -0.00145742341 -0.00260464671 0.0166037087 0 0 0
nt@synapse_cleft 2539 -0.00942208424 0.0234553641 0.0159401996 0 0 0
nt@synapse_cleft 2542 0.0165450501 -0.0236733485 0.0173496279 0 0 0
nt@synapse_cleft 2549 -0.00752377247 0.0696776498 0.00426920873 0 0 0
nt@synapse_cleft 2550 0.0374232899 -0.00422854027 0.0142402359 0 0 0
nt@synapse_cleft 2555 0.0559711327 -0.0263142782 0.00250152203 0 0 0
nt@synapse_cleft 2560 -0.03044525 0.0100941299 0.000729052066 0 0 0
nt@synapse_cleft 2561 0.0217015449 0.0553651453 6.96208462e-05 0 0 0
nt@synapse_cleft 2563 0.00164423716 0.0197015968 0.0172227254 0 0 0
nt@synapse_cleft 2564 -0.0192996355 0.044115163 0.013328837 0 0 0
nt@synapse_cleft 2566 -0.00431103619 -0.00120322701 0.0160100794 0 0 0
nt@synapse_cleft 2570 -1.50833409e-05 0.0078081057 0.0104155568 0 0 0
nt@synapse_cleft 2571 0.0248232875 -0.0424647292 0.00074172584 0 0 0
nt@synapse_cleft 2577 0.00164480234 0.0310527522 0.011263134 0 0 0
nt@synapse_cleft 2591 -0.00342832193 -0.00924334596 0.00948499236 0 0 0
nt@synapse_cleft 2597 -0.0232989784 0.00162559808 0.0170013837 0 0 0
nt@synapse_cleft 2603 0.0278298878 -0.0169333508 0.0195967928 0 0 0
nt@synapse_cleft 2604 0.0339995036 -0.0139609269 0.0135815044 0 0 0
nt@synapse_cleft 2610 0.00658712563 -0.0400103792 0.0113022757 0 0 0
nt@synapse_cleft 2613 -0.0329970984 -0.0196346153 0.0177210457 0 0 0
nt@synapse_cleft 2615 -0.00380593677 -0.0671656055 0.0103141152 0 0 0
nt@synapse_cleft 2617 -0.0198848862 0.0220681667 0.0128806588 0 0 0
nt@synapse_cleft 2623 -0.0214900941 -0.0409459673 0.000616723379 0 0 0
nt@synapse_cleft 2625 -0.0591436653 -0.023708449 0.00337446772 0 0 0
nt@synapse_cleft 2628 0.0359554312 -0.0265120946 0.0169667952 0 0 0
nt@synapse_cleft 2639 0.0114399567 -0.0114827322 0.00622635931 0 0 0
nt@synapse_cleft 2641 -0.0257403902 -0.00287843242 0.00160543493 0 0 0
nt@synapse_cleft 2645 0.021541832 0.0203474794 0.00126812232 0 0 0
nt@synapse_cleft 2652 -0.0106994253 0.013801064 0.00518169995 0 0 0
nt@synapse_cleft 2660 -0.00856159069 -0.0221361076 0.0170220709 0 0 0
nt@synapse_cleft 2670 -0.0275575526 0.0019020918 0.00855180114 0 0 0
nt@synapse_cleft 2674 -0.00977293034 0.00579982921 0.0160797687 0 0 0
nt@synapse_cleft 2675 -0.0146878629 0.00892811061 0.0185663768 0 0 0
nt@synapse_cleft 2680 -0.0512680841 -0.0412981854 0.00241060128 0 0 0
nt@synapse_cleft 2681 -0.0365594697 -0.0266887173 0.0176138284 0 0 0
nt@synapse_cleft 2688 -0.0465002975 0.058385114 0.00801883036 0 0 0
nt@synapse_cleft 2702 -0.00484017151 -0.0115115096 0.000268610076 0 0 0
nt@synapse_cleft 2708 -0.0397037251 0.00374537977 0.00103041456 0 0 0
nt@synapse_cleft 2709 0.0110604878 0.00671107373 0.0192696443 0 0 0
nt@synapse_cleft 2710 -0.00536978782 -0.0295484826 0.0115812146 0 0 0
nt@synapse_cleft 2713 0.004833205 -0.0285695224 0.00913528433 0 0 0
nt@synapse_cleft 2720 0.0117690423 0.02510439 0.00428128583 0 0 0
nt@synapse_cleft 2724 0.0107400919 -0.00955277974 0.00517415084 0 0 0
nt@synapse_cleft 2729 0.0230689861 -0.0217465075 0.0152865218 0 0 0
nt@synapse_cleft 2734 0.0379043095 0.00192856778 0.0118959736 0 0 0
nt@synapse_cleft 2739 0.0283167103 -0.0144761164 0.0116515878 0 0 0
nt@synapse_cleft 2743 0.000679667094 -0.0344102928 0.0172874528 0 0 0
nt@synapse_cleft 2750 0.030641726 -0.0360501737 0.0164179754 0 0 0
nt@synapse_cleft 2752 -0.0235791184 -0.0222581396 0.0184966389 0 0 0
nt@synapse_cleft 2756 0.0354982283 -0.0223866413 0.0024145028 0 0 0
nt@synapse_cleft 2758 0.00113131629 -0.0115021812 0.0122991959 0 0 0
nt@synapse_cleft 2766 -0.0400671667 0.0413584777 0.0196856732 0 0 0
nt@synapse_cleft 2775 0.0400220944 -0.025173809 0.0131051993 0 0 0
nt@synapse_cleft 2785 0.0052822759 0.0252650957 0.00450977756 0 0 0
nt@synapse_cleft 2798 -0.0254311092 0.0198264132 0.00795509598 0 0 0
nt@synapse_cleft 2807 -0.0170795945 0.021200319 0.014262685 0 0 0
nt@synapse_cleft 2808 0.0114498975 0.0613398416 0.0135396427 0 0 0
nt@synapse_cleft 2815 -0.00538506813 0.00797561336 0.0131792871 0 0 0
nt@synapse_cleft 2820 0.00803647676 0.000928149388 0.0173277345 0 0 0
nt@synapse_cleft 2828 0.0103368781 -0.0566800071 0.00219754025 0 0 0
nt@synapse_cleft 2837 -0.00439836072 0.0158465664 0.0104333888 0 0 0
nt@synapse_cleft 2854 0.0187958434 -0.0181041068 0.0116738053 0 0 0
nt@synapse_cleft 2857 0.0260578189 -0.0241351682 0.0148792327 0 0 0
nt@synapse_cleft 2861 -0.0222583779 0.00740974267 0.00694728535 0 0 0
nt@synapse_cleft 2863 -0.0278775189 0.017320378 0.00276482028 0 0 0
nt@synapse_cleft 2868 -0.00227638511 0.0188333926 0.00185208411 0 0 0
nt@synapse_cleft 2871 0.00595112874 -0.0457500246 0.0186195309 0 0 0
nt@synapse_cleft 2875 0.0139627675 0.0155487911 0.0185573016 0 0 0
nt@synapse_cleft 2876 -0.0164955489 0.00303700141 0.0177119985 0 0 0
nt@synapse_cleft 2880 0.00517789871 0.0068490883 0.00448387507 0 0 0
nt@synapse_cleft 2884 0.037301081 0.0079222229 0.0198591945 0 0 0
nt@synapse_cleft 2894 0.0157859755 0.0123008937 0.00324502234 0 0 0
nt@synapse_cleft 2895 0.0667706805 -0.00745289955 0.0174780914 0 0 0
nt@synapse_cleft 2897 -0.00159628624 -0.0385086647 0.0198353591 0 0 0
nt@synapse_cleft 2905 -0.0110987354 0.0189838837 0.0115230161 0 0 0
nt@synapse_cleft 2909 0.0427780166 -0.0164466662 0.0111815338 0 0 0
nt@synapse_cleft 2910 -0.0417251257 0.00746546506 0.0199682261 0 0 0
nt@synapse_cleft 2912 0.00830652443 -0.0157250933 0.000637410751 0 0 0
nt@synapse_cleft 2915 0.0251803613 -0.0441258375 0.0110960915 0 0 0
nt@synapse_cleft 2918 -0.017228878 -0.0563402797 0.0191440111 0 0 0
nt@synapse_cleft 2920 0.0151709199 -0.000711660985 0.0196111456 0 0 0
nt@synapse_cleft 2921 0.000619281737 0.0490599931 0.00328694201 0 0 0
nt@synapse_cleft 2922 0.0681742889 -0.0253877599 0.0108130296 0 0 0
nt@synapse_cleft 2925 -0.010843644 0.0347417226 0.0127429499 0 0 0
nt@synapse_cleft 2933 -0.0074053054 -0.0127400635 0.0075283758 0 0 0
nt@synapse_cleft 2935 -0.0229984818 0.0060936768 0.0155685597 0 0 0
nt@synapse_cleft 2940 -0.00251843092 -0.0210739413 0.000389144265 0 0 0
nt@synapse_cleft 2945 -0.0261947781 -0.00901611973 0.0141180461 0 0 0
nt@synapse_cleft 2946 0.00230869655 -0.00268032453 0.0173903357 0 0 0
nt@synapse_cleft 2961 0.0651359013 -0.0261341471 0.00802025606 0 0 0
nt@synapse_cleft 2962 0.0144763896 0.0122343958 0.000169820341 0 0 0
nt@synapse_cleft 2967 -0.00933726393 -0.042037681 0.00918374512 0 0 0
nt@synapse_cleft 2983 0.0132992798 -0.0302198794 0.0051747489 0 0 0
nt@synapse_cleft 2992 -0.0231747693 0.0264122272 0.00079540412 0 0 0
nt@synapse_cleft 2993 -0.00390807433 0.0455194506 0.00194650477 0 0 0
nt@synapse_cleft 2997 0.0147791419 -0.0127752462 0.00289400991 0 0 0
nt@synapse_cleft 3006 0.0265476899 0.0353401356 0.00443222831 0 0 0
nt@synapse_cleft 3008 0.0203540493 0.0519414788 0.00995106156 0 0 0
nt@synapse_cleft 3012 0.0268100007 -0.00397427139 0.0124792347 0 0 0
nt@synapse_cleft 3019 -0.0134260845 0.00762741895 0.00656213272 0 0 0
nt@synapse_cleft 3020 -0.0199130499 -0.0168510917 0.00328770241 0 0 0
nt@synapse_cleft 3024 0.0241736382 0.0141592813 0.0147682567 0 0 0
nt@synapse_cleft 3026 -0.0138134671 0.00147014455 0.000526730499 0 0 0
nt@synapse_cleft 3042 -0.00302587375 0.00924693124 0.0197240808 0 0 0
nt@synapse_cleft 3047 0.0285010401 0.0561813434 0.0137239112 0 0 0
nt@synapse_cleft 3057 0.012024103 -0.0166700657 0.0189923747 0 0 0
nt@synapse_cleft 3061 -0.0115868213 0.0293570361 0.00517115137 0 0 0
nt@synapse_cleft 3062 -0.00354271548 -0.0194222833 0.00413616541 0 0 0
nt@synapse_cleft 3069 0.0614882441 -0.0378858156 0.0195125754 0 0 0
nt@synapse_cleft 3073 -0.00421230944 0.0382604106 0.00712943906 0 0 0
nt@synapse_cleft 3082 0.0111075199 0.0203864206 0.0175218161 0 0 0
nt@synapse_cleft 3089 0.00118932458 -0.0130870448 0.00775076609 0 0 0
nt@synapse_cleft 3096 -0.00589972951 0.035162922 0.00663051755 0 0 0
nt@synapse_cleft 3097 0.0448696685 0.0165327085 0.00163611517 0 0 0
nt@synapse_cleft 3099 -0.0104206454 0.0112662456 0.00434579728 0 0 0
nt@synapse_cleft 3111 -0.00831629634 -0.0166714079 0.00247745507 0 0 0
nt@synapse_cleft 3113 -0.01793324 0.0231571506 0.013833207 0 0 0
nt@synapse_cleft 3114 0.029992263 0.0316514379 0.0122231284 0 0 0
nt@synapse_cleft 3122 -0.0107125964 -0.00696804307 0.00267604768 0 0 0
nt@synapse_cleft 3132 -0.0215101509 -0.00101090868 5.85745012e-05 0 0 0
nt@synapse_cleft 3134 0.00911233878 0.0272457236 0.0166078943 0 0 0
nt@synapse_cleft 3150 0.0391199927 -0.0732433309 0.00581450567 0 0 0
nt@synapse_cleft 3155 -0.00868169814 0.0131308137 0.0124347972 0 0 0
nt@synapse_cleft 3158 -0.019852094 -0.0122490633 0.00653945504 0 0 0
nt@synapse_cleft 3159 -0.0150165753 0.0186327435 0.0163484437 0 0 0
nt@synapse_cleft 3165 0.0112427691 -0.0106286234 0.00872342363 0 0 0
nt@synapse_cleft 3167 0.00433661842 0.0170730482 0.0121654689 0 0 0
nt@synapse_cleft 3177 0.0257805951 -0.0419431013 0.0140059489 0 0 0
nt@synapse_cleft 3178 -0.0205175508 -0.0184992667 0.00380989124 0 0 0
nt@synapse_cleft 3179 0.0158517612 -0.00862810607 0.0137550773 0 0 0
nt@synapse_cleft 3181 0.00493576252 0.0119909433 0.00345928649 0 0 0
nt@synapse_cleft 3183 0.00266002127 -0.028101 0.0188237617 0 0 0
nt@synapse_cleft 3184 0.00733943985 0.0223730507 0.00110094645 0 0 0
nt@synapse_cleft 3185 -0.00578882383 -0.0160036406 0.00703969482 0 0 0
nt@synapse_cleft 3199 -0.00628075086 0.0416394028 0.0156312175 0 0 0
nt@synapse_cleft 3202 -0.000163714552 0.0331510815 0.00997561198 0 0 0
nt@synapse_cleft 3207 -0.00672333516 -0.00121138851 0.000730980458 0 0 0
nt@synapse_cleft 3220 0.00207308148 0.0230107817 0.0126998036 0 0 0
nt@synapse_cleft 3222 -0.0493201403 -0.0190713353 0.00606386811 0 0 0
nt@synapse_cleft 3227 0.00959225815 0.0103172789 0.0111168178 0 0 0
nt@synapse_cleft 3247 0.00495240268 -0.00984288201 0.01013652 0 0 0
nt@synapse_cleft 3248 -0.0195082778 -0.0319606866 0.0195398242 0 0 0
nt@synapse_cleft 3249 -0.0163630336 -0.00209053221 0.00764277068 0 0 0
nt@synapse_cleft 3275 -0.00682219338 -0.00567659088 0.00913412077 0 0 0
nt@synapse_cleft 3304 0.028412486 0.0694338507 0.0071760705 0 0 0
nt@synapse_cleft 3308 -0.0301904114 0.0363818142 0.0135977752 0 0 0
nt@synapse_cleft 3312 -0.000945419792 -0.00724823083 0.00131228345 0 0 0
nt@synapse_cleft 3313 0.000389109339 -0.00757015264 0.0169498884 0 0 0
nt@synapse_cleft 3316 0.0171521595 0.00545665783 0.016327052 0 0 0
nt@synapse_cleft 3324 -0.00968635727 4.49074868e-05 0.00734767712 0 0 0
nt@synapse_cleft 3326 0.0151842401 -0.0201684535 0.00824654424 0 0 0
nt@synapse_cleft 3327 -0.00783654387 -0.0428631007 0.0140554145 0 0 0
nt@synapse_cleft 3334 0.0154229081 0.00512857801 0.00956595543 0 0 0
nt@synapse_cleft 3335 0.0461047224 0.0141940489 0.00741817009 0 0 0
nt@synapse_cleft 3338 -0.00177008789 -0.0421397649 0.0127232871 0 0 0
nt@synapse_cleft 3341 0.0190359503 -0.00866927171 0.00758773018 0 0 0
nt@synapse_cleft 3342 0.0127746967 -0.0124340945 0.01323301 0 0 0
nt@synapse_cleft 3347 0.0232368358 -0.0503393698 0.0141521295 0 0 0
nt@synapse_cleft 3354 -0.0147069237 -0.0164749875 0.000307499271 0 0 0
nt@synapse_cleft 3367 0.00635737945 0.0259238143 0.0124653569 0 0 0
nt@synapse_cleft 3372 -0.0463036896 -0.0233768646 0.0166570616 0 0 0
nt@synapse_cleft 3375 0.0421812146 0.0177932946 0.0188556161 0 0 0
nt@synapse_cleft 3378 0.0151079109 0.0351802467 0.00102859696 0 0 0
nt@synapse_cleft 3394 -0.00176604038 -0.0204286427 0.003241411 0 0 0
nt@synapse_cleft 3401 0.0409488457 -0.00100755625 0.0150295771 0 0 0
nt@synapse_cleft 3402 -0.00291429884 -0.0136370957 0.00587171305 0 0 0
nt@synapse_cleft 3404 0.0183470591 -0.0247154595 0.00196778173 0 0 0
nt@synapse_cleft 3407 0.0128610773 0.0571982686 0.00385043737 0 0 0
nt@synapse_cleft 3413 0.0176260334 0.0155289243 0.00590188429 0 0 0
nt@synapse_cleft 3419 -0.0245407566 0.0284518258 0.00407166446 0 0 0
nt@synapse_cleft 3429 0.0484327715 -0.00613716793 0.0171182355 0 0 0
nt@synapse_cleft 3432 0.0595513385 -0.0737288593 0.00846631989 0 0 0
nt@synapse_cleft 3445 0.0208425999 0.0207286902 0.0197768811 0 0 0
nt@synapse_cleft 3451 0.0133913959 0.0183557031 0.0078588404 0 0 0
nt@synapse_cleft 3455 -0.00167507821 -0.014094985 0.0135128112 0 0 0
nt@synapse_cleft 3467 -0.0703993524 0.0053056881 0.0102496417 0 0 0
nt@synapse_cleft 3470 0.0273332478 -0.0226473717 0.00761307498 0 0 0
nt@synapse_cleft 3472 -0.0202171801 0.0215442233 0.0169375164 0 0 0
nt@synapse_cleft 3474 0.0424590312 -0.00179293378 0.000437042756 0 0 0
nt@synapse_cleft 3482 -0.0683495707 -0.0415440815 0.0144849534 0 0 0
nt@synapse_cleft 3484 0.00364304614 0.0196776589 0.0138038609 0 0 0
nt@synapse_cleft 3496 0.00848245902 0.000218319178 0.0111829305 0 0 0
nt@synapse_cleft 3500 0.0270426069 -0.0360620366 0.011702624 0 0 0
nt@synapse_cleft 3507 -0.014238489 -0.00364357785 0.0191526418 0 0 0
nt@synapse_cleft 3511 0.0160829412 -0.0256881766 0.00117553417 0 0 0
nt@synapse_cleft 3514 -0.000753089881 0.00574104101 0.0129500105 0 0 0
nt@synapse_cleft 3525 -0.0107990498 -0.0179825425 0.015745625 0 0 0
nt@synapse_cleft 3526 0.0134036314 -0.0468470952 0.00143804822 0 0 0
nt@synapse_cleft 3535 0.0128626396 0.00464702619 0.00737838059 0 0 0
nt@synapse_cleft 3536 0.00181716952 0.0106622104 0.0169231582 0 0 0
nt@synapse_cleft 3538 -0.0226078604 0.0200323441 0.00402703456 0 0 0
nt@synapse_cleft 3542 0.00143163242 0.0434468223 0.00124765726 0 0 0
nt@synapse_cleft 3543 -0.0196337119 -0.0124103449 0.00410754828 0 0 0
nt@synapse_cleft 3546 0.00643436916 0.0243984694 0.0151313906 0 0 0
nt@synapse_cleft 3561 -0.00462333223 0.00896721882 0.00888487433 0 0 0
nt@synapse_cleft 3562 -0.066271128 -0.00445032097 0.00968173306 0 0 0
nt@synapse_cleft 3563 0.0130936427 -0.00469473361 0.0141686418 0 0 0
nt@synapse_cleft 3565 0.0327247666 -0.0284545718 0.00483668098 0 0 0
nt@synapse_cleft 3566 -0.000796016935 0.0555532738 0.000948709502 0 0 0
nt@synapse_cleft 3567 0.00880548165 -0.0045464206 0.0139822835 0 0 0
nt@synapse_cleft 3568 0.0280078944 -0.0406291135 0.0145545091 0 0 0
nt@synapse_cleft 3575 -0.0119624734 0.00823271064 0.00583652657 0 0 0
nt@synapse_cleft 3576 0.0467100312 -0.00509377556 0.006795632 0 0 0
nt@synapse_cleft 3579 -0.00785837566 -0.017559156 0.00690326481 0 0 0
nt@synapse_cleft 3583 -0.0121160903 0.00574059757 0.017990756 0 0 0
nt@synapse_cleft 3592 0.029738343 0.0379902392 0.0170653383 0 0 0
nt@synapse_cleft 3602 -0.0324716755 -0.00946670929 0.0172002756 0 0 0
nt@synapse_cleft 3603 -0.0171878543 0.0269475994 0.015574097 0 0 0
nt@synapse_cleft 3606 -0.0101261224 -0.000260470803 0.0141285303 0 0 0
nt@synapse_cleft 3610 -0.00495734257 0.00366431302 0.00629715489 0 0 0
nt@synapse_cleft 3611 0.0132470708 -0.00691463393 0.0145933874 0 0 0
nt@synapse_cleft 3616 -0.0233251985 0.0381135586 0.0109010007 0 0 0
nt@synapse_cleft 3617 0.00381189917 -0.0608443166 0.016967886 0 0 0
nt@synapse_cleft 3620 0.00651718094 0.0257106841 0.0122248422 0 0 0
nt@synapse_cleft 3625 0.0291578333 -0.00174026494 0.00608738759 0 0 0
nt@synapse_cleft 3630 0.0221474525 0.0271089629 0.0137606068 0 0 0
nt@synapse_cleft 3635 -0.00826209281 0.0118112659 0.000903563316 0 0 0
nt@synapse_cleft 3636 -0.0152384603 0.00131971603 0.0131750769 0 0 0
nt@synapse_cleft 3645 0.00732825204 -0.0242413584 0.0016523106 0 0 0
nt@synapse_cleft 3658 0.0172433082 -0.0251988065 0.0130008547 0 0 0
nt@synapse_cleft 3661 0.0288528719 0.00861442286 0.0174912674 0 0 0
nt@synapse_cleft 3664 0.0503804334 -0.0312586293 0.00380657556 0 0 0
nt@synapse_cleft 3667 -0.0289200593 0.00366159715 0.0168287499 0 0 0
nt@synapse_cleft 3670 0.0208598152 -0.0249369545 0.0184712325 0 0 0
nt@synapse_cleft 3681 0.037962267 -0.0176599881 0.00616286021 0 0 0
nt@synapse_cleft 3689 -0.0106044214 -0.0220538301 0.0187767306 0 0 0
nt@synapse_cleft 3690 0.0258290255 -0.0125782791 0.0170179117 0 0 0
nt@synapse_cleft 3693 -0.0572572132 -0.0408580472 0.00719536259 0 0 0
nt@synapse_cleft 3706 0.0330932788 -0.00302068165 0.01505734 0 0 0
nt@synapse_cleft 3707 -0.0429083947 -0.00959726849 0.0129037742 0 0 0
nt@synapse_cleft 3713 0.0236898158 -0.0137605612 0.00732630921 0 0 0
nt@synapse_cleft 3714 -0.0457629828 -0.0112925751 0.0144176943 0 0 0
nt@synapse_cleft 3726 0.00340505197 -0.0624563662 0.0108971684 0 0 0
nt@synapse_cleft 3728 -0.00254121503 0.0366967057 0.00466839025 0 0 0
nt@synapse_cleft 3730 0.0249838524 0.0190694532 0.0150490993 0 0 0
nt@synapse_cleft 3731 0.00202052965 0.00128840239 0.0121109068 0 0 0
nt@synapse_cleft 3737 0.00946097252 0.0153570987 0.0143770683 0 0 0
nt@synapse_cleft 3738 -0.00372201951 0.0286538784 0.0154328849 0 0 0
nt@synapse_cleft 3739 0.0179635098 0.053353534 0.00636968926 0 0 0
nt@synapse_cleft 3745 -0.00298156249 0.0233952295 0.0148249337 0 0 0
nt@synapse_cleft 3751 0.000793153204 -0.00823913595 0.0111241825 0 0 0
nt@synapse_cleft 3758 -0.0242847203 -0.0265384689 0.00148378 0 0 0
nt@synapse_cleft 3759 -0.0106796662 -0.0223140388 0.00806933394 0 0 0
nt@synapse_cleft 3763 0.0480986391 0.0422173936 0.0130790703 0 0 0
nt@synapse_cleft 3768 0.00635834895 -0.025953988 0.00984244149 0 0 0
nt@synapse_cleft 3770 0.00998695364 0.00994966291 0.0164576688 0 0 0
nt@synapse_cleft 3771 0.0163699407 -0.009340907 0.0162470258 0 0 0
nt@synapse_cleft 3775 0.00449504674 0.00615532317 0.0166423486 0 0 0
nt@synapse_cleft 3783 -0.0235096718 -0.0218112932 0.00584203808 0 0 0
nt@synapse_cleft 3788 -0.0149649247 -0.00964215969 0.00763393703 0 0 0
nt@synapse_cleft 3793 -0.0188784061 -0.0198861029 0.00104482911 0 0 0
nt@synapse_cleft 3800 0.022414028 -0.00382668748 0.0010395164 0 0 0
nt@synapse_cleft 3802 0.022098687 0.0203223154 0.00952668246 0 0 0
nt@synapse_cleft 3811 -0.0341553848 -0.0146920144 0.0154767766 0 0 0
nt@synapse_cleft 3827 0.00110705033 0.0373913866 0.0006630441 0 0 0
nt@synapse_cleft 3831 -0.00177867319 -0.0380968388 0.00293889575 0 0 0
nt@synapse_cleft 3834 0.0456088165 -0.0277891146 0.0197143044 0 0 0
nt@synapse_cleft 3835 0.0257635713 -0.0310424016 0.0143560042 0 0 0
nt@synapse_cleft 3841 0.0235631015 -0.0277513006 0.0066640042 0 0 0
nt@synapse_cleft 3844 0.00295619076 -0.0034782831 0.00686373568 0 0 0
nt@synapse_cleft 3846 -0.0173548464 0.00872420063 0.00205130844 0 0 0
nt@synapse_cleft 3848 0.0254073026 0.0193741694 0.0163151969 0 0 0
nt@synapse_cleft 3850 -0.0307757504 0.0112218343 0.0133677121 0 0 0
nt@synapse_cleft 3859 0.0610706627 -0.00463374721 0.0108229017 0 0 0
nt@synapse_cleft 3879 0.0161604633 -0.0409536753 0.00196900212 0 0 0
nt@synapse_cleft 3886 0.0232917563 0.0329039876 0.0198312117 0 0 0
nt@synapse_cleft 3891 0.00323686986 -0.0162789539 0.000586735126 0 0 0
nt@synapse_cleft 3902 -0.0142555778 0.00930411014 0.0174337484 0 0 0
nt@synapse_cleft 3907 -0.0275441524 -0.0231955353 0.00890672028 0 0 0
nt@synapse_cleft 3909 0.0173988799 0.027522182 0.00664734615 0 0 0
nt@synapse_cleft 3917 -0.0101714456 -0.0267916921 0.00207236551 0 0 0
nt@synapse_cleft 3918 -0.0112068225 -0.00946027416 0.00887824821 0 0 0
nt@synapse_cleft 3921 0.0249265606 0.0429925665 0.0196932179 0 0 0
nt@synapse_cleft 3927 0.00130716781 0.0405041121 0.00161091365 0 0 0
nt@synapse_cleft 3932 0.0162535833 -0.0179758856 0.0168164827 0 0 0
nt@synapse_cleft 3941 -0.0244644196 0.0152653197 0.00607806782 0 0 0
nt@synapse_cleft 3949 -0.0250844358 0.0146311442 0.00587295323 0 0 0
nt@synapse_cleft 3952 -0.0274432171 0.0149607831 0.0172626839 0 0 0
nt@synapse_cleft 3953 0.0250420804 -0.0109357561 0.00124116102 0 0 0
nt@synapse_cleft 3956 -0.0109091039 -0.0167756003 0.0151995843 0 0 0
nt@synapse_cleft 3957 0.0268878023 -0.00981113421 0.0121292958 0 0 0
nt@synapse_cleft 3958 0.0146362828 0.016063008 0.0186123876 0 0 0
nt@synapse_cleft 3962 -0.0328068265 0.0144742961 0.00179418305 0 0 0
nt@synapse_cleft 3963 0.0215346933 0.035966246 0.0123726132 0 0 0
nt@synapse_cleft 3965 -0.0273483641 -0.00633220082 0.0168741891 0 0 0
nt@synapse_cleft 3967 0.0103680236 -0.0141622245 0.00127768182 0 0 0
nt@synapse_cleft 3968 0.0161227905 -0.00303236541 0.013383712 0 0 0
nt@synapse_cleft 3973 0.0157663901 -0.0130004082 0.0177451464 0 0 0
nt@synapse_cleft 3974 -0.0253033293 0.036542117 0.00596779252 0 0 0
nt@synapse_cleft 3977 0.002288266 0.0388606097 0.00305045336 0 0 0
nt@synapse_cleft 3978 0.017559924 -5.03734225e-05 0.00989704672 0 0 0
nt@synapse_cleft 3983 -0.0246009917 -0.0336569934 0.00143757879 0 0 0
nt@synapse_cleft 3988 -0.00289759 -0.0359561483 0.00753238612 0 0 0
nt@synapse_cleft 3989 0.0498265505 -0.00158452745 0.0126458636 0 0 0
nt@synapse_cleft 3991 0.0841617767 -0.0316719006 0.00267219413 0 0 0
nt@synapse_cleft 3993 -0.0435776507 0.00148193676 0.0185643752 0 0 0
nt@synapse_cleft 3997 -0.05581977 -0.00596294329 0.0101122807 0 0 0
nt@synapse_cleft 3999 -0.0508384528 -0.00635322752 0.019982088 0 0 0
nt@synapse_cleft 4011 0.0164379116 0.00525551232 0.0018159623 0 0 0
nt@synapse_cleft 4018 0.0049758563 0.00905709567 0.0131273351 0 0 0
nt@synapse_cleft 4024 -0.0143884356 0.0376029805 0.00364502481 0 0 0
nt@synapse_cleft 4025 -0.0339819766 -0.0176608388 0.00802988326 0 0 0
nt@synapse_cleft 4027 0.00917942522 -0.0268402251 0.00146899183 0 0 0
nt@synapse_cleft 4028 -0.0151305433 0.0275936108 0.0189743712 0 0 0
nt@synapse_cleft 4037 -0.0208669078 0.0292985327 0.0141627437 0 0 0
nt@synapse_cleft 4040 0.00704209371 0.0223526937 0.0163493347 0 0 0
nt@synapse_cleft 4049 0.0292356893 -0.0030708722 0.0168671661 0 0 0
nt@synapse_cleft 4051 0.00458902932 0.016661552 0.00863884246 0 0 0
nt@synapse_cleft 4064 0.0112587199 0.0119275372 0.0110246035 0 0 0
nt@synapse_cleft 4070 -0.010253271 0.00699167539 0.00534009749 0 0 0
nt@synapse_cleft 4071 -0.0279012958 -0.0427459533 0.0183966095 0 0 0
nt@synapse_cleft 4087 -0.00609019407 0.0328461298 0.0019188983 0 0 0
nt@synapse_cleft 4094 0.0363217694 -0.0306456543 0.00314849926 0 0 0
nt@synapse_cleft 4095 0.0319541451 0.0176806828 0.011303169 0 0 0
nt@synapse_cleft 4099 -0.00555060765 0.0180417702 0.00138864939 0 0 0
nt@synapse_cleft 4102 0.0256167764 -0.0348624417 0.00966111314 0 0 0
nt@synapse_cleft 4103 -0.0114039923 -0.00773391629 0.00448264115 0 0 0
nt@synapse_cleft 4106 0.0238187602 0.0140306076 0.0179434765 0 0 0
nt@synapse_cleft 4111 0.0648362634 0.0134190117 0.00263748537 0 0 0
nt@synapse_cleft 4115 -0.00382988616 0.0156375794 0.0165240299 0 0 0
nt@synapse_cleft 4116 0.0134299529 -0.00684308251 0.00148127259 0 0 0
nt@synapse_cleft 4119 0.011107628 -0.0315960843 0.00716162725 0 0 0
nt@synapse_cleft 4123 -0.00230566597 0.0138278412 0.0197511024 0 0 0
nt@synapse_cleft 4126 0.0239891542 -0.0250491183 0.000271632835 0 0 0
nt@synapse_cleft 4129 -0.0139608158 0.0067865887 0.0161164226 0 0 0
nt@synapse_cleft 4131 -0.0215656167 0.0168025033 0.0185716468 0 0 0
nt@synapse_cleft 4132 0.0251819122 0.0253080096 0.0118984351 0 0 0
nt@synapse_cleft 4135 0.00400827363 -0.00209722689 0.00248541635 0 0 0
nt@synapse_cleft 4144 0.0311939236 -0.00483267805 0.00586589187 0 0 0
nt@synapse_cleft 4150 -0.0482526851 -0.0518415814 0.0112451478 0 0 0
nt@synapse_cleft 4153 0.00552761302 -0.00988338592 0.0110954249 0 0 0
nt@synapse_cleft 4155 0.0172849378 -0.0579994492 0.0151437222 0 0 0
nt@synapse_cleft 4156 0.0319158969 -0.00229658334 0.0127594455 0 0 0
nt@synapse_cleft 4157 0.0153917209 0.0125378371 0.013407725 0 0 0
nt@synapse_cleft 4158 -0.0101742879 0.000579810176 0.0170661931 0 0 0
nt@synapse_cleft 4162 0.0346699034 -0.0242939332 0.00282187368 0 0 0
nt@synapse_cleft 4163 0.000533411843 0.0322604858 0.000911306764 0 0 0
nt@synapse_cleft 4170 -0.0515165493 -0.000447966223 0.00856076331 0 0 0
nt@synapse_cleft 4177 -0.0532851231 0.0628456184 0.0164476968 0 0 0
nt@synapse_cleft 4178 -0.00925550204 -0.0367184638 0.000310449527 0 0 0
nt@synapse_cleft 4184 -0.00777541163 -0.0123417297 9.44947099e-05 0 0 0
nt@synapse_cleft 4187 -0.0300850347 -0.0138239502 0.0157471795 0 0 0
nt@synapse_cleft 4193 -0.0113743184 -0.0296652707 0.0115701407 0 0 0
nt@synapse_cleft 4210 0.0270069683 -0.00324655616 0.0182036845 0 0 0
nt@synapse_cleft 4214 -0.0339109215 -0.0035689238 0.0171431092 0 0 0
nt@synapse_cleft 4215 0.0252393393 -0.0506357031 0.0110556292 0 0 0
nt@synapse_cleft 4220 -0.000931509084 -0.0198381101 0.0105110874 0 0 0
nt@synapse_cleft 4228 0.0285725876 -0.011915948 0.0113161339 0 0 0
nt@synapse_cleft 4230 -0.0234630071 0.0430628155 0.0143527434 0 0 0
nt@synapse_cleft 4233 0.0247714627 0.0129857224 0.00821391329 0 0 0
nt@synapse_cleft 4234 0.00310046202 -0.0073540721 0.00709652532 0 0 0
nt@synapse_cleft 4237 0.00453575402 -0.0197443744 0.0174484343 0 0 0
nt@synapse_cleft 4241 -0.0485107348 0.0171506432 0.0136759275 0 0 0
nt@synapse_cleft 4242 0.0231959365 -0.0137629093 0.0101755971 0 0 0
nt@synapse_cleft 4252 0.0424310272 0.00358380204 0.01314009 0 0 0
nt@synapse_cleft 4254 -0.00699326417 0.0332008967 0.00612319752 0 0 0
nt@synapse_cleft 4255 -0.0303112787 -0.0422239059 0.0133309274 0 0 0
nt@synapse_cleft 4271 0.00673309704 -0.0104785732 0.0180014596 0 0 0
nt@synapse_cleft 4279 0.0068699699 -0.0417559254 0.0161110382 0 0 0
nt@synapse_cleft 4283 -0.0252097464 -0.00211257394 0.00826500819 0 0 0
nt@synapse_cleft 4284 0.0560524861 -0.0194244675 0.0104778417 0 0 0
nt@synapse_cleft 4285 -0.0404725254 0.0437694022 0.00816843326 0 0 0
nt@synapse_cleft 4288 0.0221093005 -0.0247219444 0.0165761014 0 0 0
nt@synapse_cleft 4293 -0.00358974066 -0.0196662375 0.0104198492 0 0 0
nt@synapse_cleft 4297 0.0325624072 -0.024380322 0.0017041171 0 0 0
nt@synapse_cleft 4301 0.0131093191 -0.0104774045 0.0164194027 0 0 0
nt@synapse_cleft 4312 -0.0256123304 -0.0353046004 0.0136204888 0 0 0
nt@synapse_cleft 4317 -0.019197366 0.0399877866 0.0054067676 0 0 0
nt@synapse_cleft 4326 0.0242686979 -0.0169708551 0.0133263873 0 0 0
nt@synapse_cleft 4330 -0.0198609012 0.00112994636 0.0149275984 0 0 0
nt@synapse_cleft 4334 0.00250380847 0.00662968868 0.000694529647 0 0 0
nt@synapse_cleft 4339 0.00589812926 -0.0190003726 0.0127908264 0 0 0
nt@synapse_cleft 4343 -0.0236537077 -0.0399589182 0.00690928024 0 0 0
nt@synapse_cleft 4346 0.0059266964 -0.0061906299 0.0142103613 0 0 0
nt@synapse_cleft 4351 0.0363426573 0.0213759968 0.00112445926 0 0 0
nt@synapse_cleft 4359 0.028851174 0.0196439028 0.00635590152 0 0 0
nt@synapse_cleft 4360 0.0283145228 0.00634757251 0.0188661505 0 0 0
nt@synapse_cleft 4363 -0.0424596291 0.0122019281 0.018864266 0 0 0
nt@synapse_cleft 4365 0.0124420051 0.0242162569 0.0105152522 0 0 0
nt@synapse_cleft 4372 -0.00433966535 -0.0243248086 0.00370300917 0 0 0
nt@synapse_cleft 4374 -0.0169690578 -0.0142099033 0.0180228022 0 0 0
nt@synapse_cleft 4376 -0.0209381067 -0.00157263934 0.00267464461 0 0 0
nt@synapse_cleft 4381 -0.0119550628 -0.034599121 0.00788393255 0 0 0
nt@synapse_cleft 4386 -0.0112377107 -0.0321371516 0.000593567179 0 0 0
nt@synapse_cleft 4391 0.0250525304 -0.0233051752 0.00603988295 0 0 0
nt@synapse_cleft 4392 -0.0132226068 -0.000159393485 0.0116384521 0 0 0
nt@synapse_cleft 4395 0.0310548986 -0.0301708785 0.0165587301 0 0 0
nt@synapse_cleft 4396 0.0088458404 -0.0588858737 0.00687540097 0 0 0
nt@synapse_cleft 4398 -0.0083231948 0.0151528426 0.019470023 0 0 0
nt@synapse_cleft 4399 0.026515944 0.0413616978 0.0181381892 0 0 0
nt@synapse_cleft 4403 -0.0156723977 -0.0185506754 0.0193481514 0 0 0
nt@synapse_cleft 4405 -0.0390134213 -0.0186507015 0.0138564159 0 0 0
nt@synapse_cleft 4414 -0.00603613826 -0.01916108 0.00480283641 0 0 0
nt@synapse_cleft 4416 -0.0112605564 -0.000698301473 0.0186247627 0 0 0
nt@synapse_cleft 4423 0.0280631262 -0.014413119 0.0130765327 0 0 0
nt@synapse_cleft 4424 -0.0329100039 -0.0220251949 0.00026307273 0 0 0
nt@synapse_cleft 4430 -0.00353826642 0.00170619443 0.0014809218 0 0 0
nt@synapse_cleft 4431 0.0257826671 -0.0230605142 0.00388196743 0 0 0
nt@synapse_cleft 4434 0.0190710899 -0.0213191871 0.0181466387 0 0 0
nt@synapse_cleft 4436 0.0108266741 0.0197430399 0.0194072975 0 0 0
nt@synapse_cleft 4446 -0.00819240401 0.0431089946 0.0194791049 0 0 0
nt@synapse_cleft 4449 0.0240010254 0.0532894188 0.0119597863 0 0 0
nt@synapse_cleft 4464 0.00939541698 -0.0249127554 0.0134743809 0 0 0
nt@synapse_cleft 4470 -0.00855107713 -0.0343801629 0.0123155518 0 0 0
nt@synapse_cleft 4473 -0.00747559007 -0.00532500275 0.00767568154 0 0 0
nt@synapse_cleft 4478 -0.0127983859 0.0275501489 0.0103994218 0 0 0
nt@synapse_cleft 4480 0.0127512642 0.0292495943 0.0184770837 0 0 0
nt@synapse_cleft 4482 -0.0247419889 -0.00413779866 0.00517378088 0 0 0
nt@synapse_cleft 4485 0.0235703827 -0.00679230171 0.0151048362 0 0 0
nt@synapse_cleft 4488 0.0286926704 -0.00691130449 0.0184519834 0 0 0
nt@synapse_cleft 4489 0.00741139362 -0.0128037988 0.000941620772 0 0 0
nt@synapse_cleft 4496 -0.0469733398 0.0372185449 0.000641616094 0 0 0
nt@synapse_cleft 4499 -0.0168790929 0.0091528632 0.0143579016 0 0 0
nt@synapse_cleft 4501 0.00622935571 0.00788564957 0.0189487339 0 0 0
nt@synapse_cleft 4514 0.00122396003 0.0191217762 0.0067910884 0 0 0
nt@synapse_cleft 4517 -0.0377653727 0.0135549475 0.0135773014 0 0 0
nt@synapse_cleft 4524 -0.00401724593 -0.0441499415 0.0146540008 0 0 0
nt@synapse_cleft 4527 0.0272473157 -0.00721972004 0.019075367 0 0 0
nt@synapse_cleft 4538 -0.0421803072 -0.0393909003 0.0037369825 0 0 0
nt@synapse_cleft 4542 0.0102191348 0.0286037271 0.00249915835 0 0 0
nt@synapse_cleft 4545 -0.0321339038 0.031522283 0.0149151754 0 0 0
nt@synapse_cleft 4551 -0.00792257106 0.0167135131 0.0179349226 0 0 0
nt@synapse_cleft 4553 -0.0277654441 0.00297931017 0.0132227667 0 0 0
nt@synapse_cleft 4559 -0.0166875607 0.0393041957 0.0121829558 0 0 0
nt@synapse_cleft 4565 -0.0358982573 -0.0148627626 0.00947778719 0 0 0
nt@synapse_cleft 4572 0.00551213062 -0.0103580599 0.000107369475 0 0 0
nt@synapse_cleft 4574 0.0386624811 -0.0179044629 0.00253679302 0 0 0
nt@synapse_cleft 4576 -0.034390854 -0.0240601519 0.00535466129 0 0 0
nt@synapse_cleft 4583 -0.0118328577 -0.00219715447 0.00631148918 0 0 0
nt@synapse_cleft 4587 0.0272388974 0.0104234706 0.00852794645 0 0 0
nt@synapse_cleft 4590 -0.0415769137 -0.0197433953 0.0156889849 0 0 0
nt@synapse_cleft 4593 -0.0394697239 0.0475666667 0.00802309788 0 0 0
nt@synapse_cleft 4594 0.00219326877 0.00842383479 0.0112269559 0 0 0
nt@synapse_cleft 4595 0.0300661212 -0.0270880429 0.0147068826 0 0 0
nt@synapse_cleft 4600 -0.0335761189 0.00394791709 0.0047118515 0 0 0
nt@synapse_cleft 4613 0.0547595422 0.00421346314 0.00755294733 0 0 0
nt@synapse_cleft 4620 0.0105251375 -0.00605540035 0.0148811329 0 0 0
nt@synapse_cleft 4624 0.0169961182 -0.0238059541 0.0151774539 0 0 0
nt@synapse_cleft 4654 0.0111920262 -0.0289343051 0.000321355624 0 0 0
nt@synapse_cleft 4658 -0.0264928354 0.0253098325 0.00558399233 0 0 0
nt@synapse_cleft 4659 -0.0421544322 0.020499885 0.0185316044 0 0 0
nt@synapse_cleft 4661 8.56359996e-05 -0.0399294041 0.0142364055 0 0 0
nt@synapse_cleft 4664 0.00723498902 -0.0102054797 0.00240505488 0 0 0
nt@synapse_cleft 4666 0.066033085 0.0207911553 0.0175394319 0 0 0
nt@synapse_cleft 4671 -0.00523427946 -0.0176227943 0.00588838541 0 0 0
nt@synapse_cleft 4681 0.0132267801 -0.0248337635 0.0102607938 0 0 0
nt@synapse_cleft 4687 0.00434392081 0.00427466897 0.0155610743 0 0 0
nt@synapse_cleft 4699 -0.0328112836 0.00942963183 0.00751669357 0 0 0
nt@synapse_cleft 4700 -0.0348442815 0.0578695585 0.0180693832 0 0 0
nt@synapse_cleft 4701 0.024433684 0.0203508492 0.0152808992 0 0 0
nt@synapse_cleft 4706 0.00961045326 -0.00961225272 0.00392125763 0 0 0
nt@synapse_cleft 4709 -0.00219650322 0.00688363705 0.00361736388 0 0 0
nt@synapse_cleft 4710 -0.0199361577 -0.037958264 0.00111674798 0 0 0
nt@synapse_cleft 4718 0.055673252 0.0196833993 0.0110063435 0 0 0
nt@synapse_cleft 4732 -0.00777700634 0.0169047671 0.0142052177 0 0 0
nt@synapse_cleft 4736 0.00278708671 -2.89284136e-05 0.0036798576 0 0 0
nt@synapse_cleft 4746 -0.0543459413 -0.0112122012 0.0186013375 0 0 0
nt@synapse_cleft 4750 0.00315332938 -0.062020992 0.001450444 0 0 0
nt@synapse_cleft 4753 -0.00944773378 -0.00149294102 0.011069938 0 0 0
nt@synapse_cleft 4754 -0.00833985818 0.00408923591 0.01063027 0 0 0
nt@synapse_cleft 4756 -0.0094507769 0.0154542977 0.0114712294 0 0 0
nt@synapse_cleft 4758 -0.0386165516 0.0178840612 0.0136479742 0 0 0
nt@synapse_cleft 4764 0.0176748175 -0.00585738189 0.00183144342 0 0 0
nt@synapse_cleft 4767 -0.00822019681 0.0203948406 0.0054904254 0 0 0
nt@synapse_cleft 4779 0.0264756811 -0.023914768 0.00374077313 0 0 0
nt@synapse_cleft 4784 0.0225046918 0.015198487 0.0189013936 0 0 0
nt@synapse_cleft 4786 -0.00515128976 0.0127891095 0.00454481942 0 0 0
nt@synapse_cleft 4791 0.0448891541 -0.0138012001 0.0128015091 0 0 0
nt@synapse_cleft 4793 -0.0408031632 0.012682653 0.0173946392 0 0 0
nt@synapse_cleft 4800 0.0155241436 -0.00500498511 0.00123089161 0 0 0
nt@synapse_cleft 4801 -0.0228844005 0.00810603761 0.00979596287 0 0 0
nt@synapse_cleft 4809 -0.0343499392 -0.0503173337 0.013849459 0 0 0
nt@synapse_cleft 4814 -0.0209779482 0.0292624192 0.00798319243 0 0 0
nt@synapse_cleft 4816 -0.0356844 -0.0113555972 0.00970759668 0 0 0
nt@synapse_cleft 4822 -0.00824417855 -0.0189818775 0.0114995383 0 0 0
nt@synapse_cleft 4823 0.000895143119 0.019731078 0.0179060164 0 0 0
nt@synapse_cleft 4824 0.00309375678 -0.0291498364 0.00135741802 0 0 0
nt@synapse_cleft 4829 0.0287784037 -0.0639521824 0.00199028189 0 0 0
nt@synapse_cleft 4830 -0.0138197859 0.0151907314 0.0113985047 0 0 0
nt@synapse_cleft 4833 -0.0094468026 -0.0356921502 0.00717240242 0 0 0
nt@synapse_cleft 4839 -0.00767528852 -0.00796492281 0.00660999163 0 0 0
nt@synapse_cleft 4844 0.0644514448 -0.0114169909 0.00850536476 0 0 0
nt@synapse_cleft 4852 -0.0235372619 -0.0224767338 0.00769386178 0 0 0
nt@synapse_cleft 4855 0.0217760479 0.00968932002 0.0146297839 0 0 0
nt@synapse_cleft 4869 -0.0314803032 0.016625114 0.00939083533 0 0 0
nt@synapse_cleft 4871 0.0238860091 0.0145474639 0.00397971354 0 0 0
nt@synapse_cleft 4880 -0.0113215551 -0.025278312 0.00583472693 0 0 0
nt@synapse_cleft 4882 -0.00917669458 -0.0218899476 0.000248945035 0 0 0
nt@synapse_cleft 4883 -0.0398659162 -0.00637680069 0.0109555994 0 0 0
nt@synapse_cleft 4891 0.0092354565 -0.0142900171 0.0104244817 0 0 0
nt@synapse_cleft 4892 -0.0110731058 0.0118188971 0.0136237835 0 0 0
nt@synapse_cleft 4896 -0.0184212502 -0.0254374242 0.00820679224 0 0 0
nt@synapse_cleft 4897 0.0402495329 -0.0218848225 0.0134607074 0 0 0
nt@synapse_cleft 4901 0.009998118 0.0123672366 0.00195008604 0 0 0
nt@synapse_cleft 4905 -0.0198962501 -0.0128255812 0.00915787046 0 0 0
nt@synapse_cleft 4906 0.000170845876 -0.0319571457 0.0107075476 0 0 0
nt@synapse_cleft 4918 -0.0121949661 0.0247046821 0.0155239431 0 0 0
nt@synapse_cleft 4919 0.0076524703 0.00984997684 0.0140678576 0 0 0
nt@synapse_cleft 4925 0.00378321928 -0.0014113145 0.0122043527 0 0 0
nt@synapse_cleft 4928 0.00113090492 0.0682431536 0.00184876499 0 0 0
nt@synapse_cleft 4931 0.0135581926 -0.0125695302 0.0145362709 0 0 0
nt@synapse_cleft 4937 -0.0564409523 0.000119928138 0.0112144166 0 0 0
nt@synapse_cleft 4946 -0.0153388465 0.0270525872 0.012635001 0 0 0
nt@synapse_cleft 4956 0.0290296354 -0.0069367502 0.0052441563 0 0 0
nt@synapse_cleft 4967 -0.0134530393 0.00757675565 0.0100749436 0 0 0
nt@synapse_cleft 4972 0.0326978424 -0.016532301 0.0134918366 0 0 0
nt@synapse_cleft 4973 -0.00797709261 0.0470311047 0.0195211126 0 0 0
nt@synapse_cleft 4979 0.00110750978 -0.00591938803 0.0108929041 0 0 0
nt@synapse_cleft 4980 0.00281319489 0.00517454868 0.0140494725 0 0 0
nt@synapse_cleft 4981 0.00903503567 -0.0300485244 0.0139728379 0 0 0
nt@synapse_cleft 4982 0.00842560262 3.84785989e-05 0.0185866974 0 0 0
nt@synapse_cleft 4983 -0.02779266 0.022828863 0.00950643541 0 0 0
nt@synapse_cleft 4988 0.0227078659 -0.0223028481 0.00854543148 0 0 0
nt@synapse_cleft 4989 -0.00855498652 -0.0106968574 0.0127147427 0 0 0
nt@synapse_cleft 4991 -0.00705537709 -0.00760976887 0.00979608254 0 0 0
nt@synapse_cleft 5004 -0.0233648498 0.0123465362 0.00213186453 0 0 0
nt@synapse_cleft 5006 -0.000193315197 -0.0113361228 0.000963268285 0 0 0
nt@synapse_cleft 5009 -0.0307004328 0.0199470448 0.00321049442 0 0 0
nt@synapse_cleft 5011 -0.01421502 -0.0179862149 0.00530509272 0 0 0
nt@synapse_cleft 5015 -0.0143504509 -0.0147381401 0.0114406604 0 0 0
nt@synapse_cleft 5024 -0.00201995142 -0.0109944061 0.0124632351 0 0 0
nt@synapse_cleft 5044 -0.0297031851 0.00349955015 0.00930938994 0 0 0
nt@synapse_cleft 5045 0.0381831123 0.0365489597 0.0126873383 0 0 0
nt@synapse_cleft 5046 0.00563888537 -0.00670155917 0.00627719565 0 0 0
nt@synapse_cleft 5052 0.000632441349 -0.000406799811 0.00844167694 0 0 0
nt@synapse_cleft 5055 -0.013141484 0.0158255797 0.00375237409 0 0 0
nt@synapse_cleft 5059 -0.0360360076 0.0296812088 0.0192776683 0 0 0
nt@synapse_cleft 5061 0.014599802 -0.0282755665 0.000563653279 0 0 0
nt@synapse_cleft 5063 -0.0359896198 0.0258057743 0.0171852575 0 0 0
nt@synapse_cleft 5081 0.0132706143 0.00860306125 0.00224077756 0 0 0
nt@synapse_cleft 5082 0.00958083837 0.0452081084 0.00450273017 0 0 0
nt@synapse_cleft 5086 0.0178718694 0.0413544966 0.00773781698 0 0 0
nt@synapse_cleft 5106 0.00220441432 -0.0125718019 0.000710183303 0 0 0
nt@synapse_cleft 5133 -0.0142869666 0.0228114752 0.0170992798 0 0 0
nt@synapse_cleft 5145 0.0208470681 0.0357359041 0.017846116 0 0 0
nt@synapse_cleft 5154 0.00571170437 0.016555331 0.0188026763 0 0 0
nt@synapse_cleft 5159 -0.0341693522 -0.010918163 0.00435003502 0 0 0
nt@synapse_cleft 5163 0.0075813987 0.0143380365 0.0165141764 0 0 0
nt@synapse_cleft 5164 0.0142381458 -0.00482616907 0.0102333888 0 0 0
nt@synapse_cleft 5173 -0.0408268259 -0.00904941998 0.0153341328 0 0 0
nt@synapse_cleft 5176 -0.0281911159 0.0578756103 0.0195442341 0 0 0
nt@synapse_cleft 5179 0.026003652 0.00726607509 0.0084832555 0 0 0
nt@synapse_cleft 5182 0.0475270299 0.0109877174 0.00311766789 0 0 0
nt@synapse_cleft 5183 0.0431643548 0.00641065303 0.0164438666 0 0 0
nt@synapse_cleft 5193 0.0303936972 0.00159613497 0.0153910628 0 0 0
nt@synapse_cleft 5196 -0.00206988017 -0.00180195571 0.0190314465 0 0 0
nt@synapse_cleft 5198 -0.0040020448 -0.0273069284 0.00810522545 0 0 0
