nt@synapse_cleft 0 0.0122430081 -0.000919334265 0.0160932217 0 0 0
nt@synapse_cleft 2 -0.0400130695 0.0199570572 0.017756079 0 0 0
nt@synapse_cleft 7 0.00415187577 0.0101150312 0.0118542614 0 0 0
nt@synapse_cleft 9 0.0127544827 -0.0229030364 0.013518744 0 0 0
nt@synapse_cleft 12 0.00642278119 0.0329736405 0.00984550252 0 0 0
nt@synapse_cleft 15 -0.0144058906 0.0176397692 0.00861990659 0 0 0
nt@synapse_cleft 17 0.0179701412 0.00342634694 0.00457817452 0 0 0
nt@synapse_cleft 23 0.00784368905 -0.047440564 0.00943968783 0 0 0
nt@synapse_cleft 26 -0.0250080427 0.00969310399 0.0077403731 0 0 0
nt@synapse_cleft 30 0.018168179 -0.0337328183 0.0100658078 0 0 0
nt@synapse_cleft 35 -0.00829625239 0.0204224277 0.0191451979 0 0 0
nt@synapse_cleft 42 0.00396068563 0.00550559223 0.019954259 0 0 0
nt@synapse_cleft 45 -0.00810374417 0.0118301672 0.00779831299 0 0 0
nt@synapse_cleft 54 0.00153036828 0.025728136 0.0176051832 0 0 0
nt@synapse_cleft 56 -0.0204069095 -0.00549230202 0.0154795043 0 0 0
nt@synapse_cleft 59 0.0364725731 0.0148447479 0.0151077854 0 0 0
nt@synapse_cleft 72 -0.0257193892 0.0150950806 0.0185974178 0 0 0
nt@synapse_cleft 81 0.0152094638 -0.0324955164 0.00972412758 0 0 0
nt@synapse_cleft 87 -0.00990266932 -0.0244937689 0.0184466232 0 0 0
nt@synapse_cleft 89 0.029122625 0.00417171516 0.0110681186 0 0 0
nt@synapse_cleft 100 -0.0190148063 -0.0219010161 0.00814320901 0 0 0
nt@synapse_cleft 102 -0.0294214842 0.0186473229 0.0018914708 0 0 0
nt@synapse_cleft 103 0.022438523 -0.018916756 0.0104703638 0 0 0
nt@synapse_cleft 111 -0.0284624239 0.0414016356 0.0164470871 0 0 0
nt@synapse_cleft 114 0.0402851085 -0.0176964441 0.016583014 0 0 0
nt@synapse_cleft 115 -0.00353483952 -0.0356835021 0.00987450341 0 0 0
nt@synapse_cleft 116 -0.0295321977 -0.0155476411 0.0116086019 0 0 0
nt@synapse_cleft 118 0.0161654044 0.000109648771 0.0118866283 0 0 0
nt@synapse_cleft 135 -0.0238457158 -0.0273516876 0.00921683261 0 0 0
nt@synapse_cleft 137 -0.0508268634 -0.0413644523 0.00573561906 0 0 0
nt@synapse_cleft 143 -0.00848561016 -0.0483468806 0.00274448641 0 0 0
nt@synapse_cleft 148 -0.000412748275 0.0555578577 0.00919084739 0 0 0
nt@synapse_cleft 150 -0.0260250529 0.0126274746 0.010187252 0 0 0
nt@synapse_cleft 156 -0.0236147112 -0.00613794233 0.0170968792 0 0 0
nt@synapse_cleft 157 -0.0202027246 0.00603916367 0.0114611325 0 0 0
nt@synapse_cleft 162 -0.0188237612 -0.0300970428 0.00709293269 0 0 0
nt@synapse_cleft 167 -0.00470285498 -0.0443233563 0.00441572465 0 0 0
nt@synapse_cleft 168 -0.0221754345 -0.0237300368 0.00766192773 0 0 0
nt@synapse_cleft 186 -0.0192641238 -0.0122774572 0.0199088384 0 0 0
nt@synapse_cleft 188 -0.0130787267 -0.00251252107 0.00577262288 0 0 0
nt@synapse_cleft 192 -0.00387593603 0.0377949478 0.0197227347 0 0 0
nt@synapse_cleft 194 -0.00482561709 -0.0100769388 0.0139469576 0 0 0
nt@synapse_cleft 195 0.0191261105 0.0442672724 0.00365234324 0 0 0
nt@synapse_cleft 197 0.00925171994 -0.0178943712 0.0045595079 0 0 0
nt@synapse_cleft 199 0.0423558956 0.0116076972 0.00497351178 0 0 0
nt@synapse_cleft 203 0.00877812632 -0.00250452474 0.00623364562 0 0 0
nt@synapse_cleft 206 -0.000739065883 -0.0156655584 0.0171829862 0 0 0
nt@synapse_cleft 210 -0.0337034556 0.0146347126 0.00206106819 0 0 0
nt@synapse_cleft 224 -0.0190274865 0.0565544311 5.93707726e-05 0 0 0
nt@synapse_cleft 231 0.0175053676 0.0375559772 0.0169124068 0 0 0
nt@synapse_cleft 235 0.0249300249 -0.0216808958 0.00966760684 0 0 0
nt@synapse_cleft 244 -0.0181256189 0.00176095456 0.0179112359 0 0 0
nt@synapse_cleft 248 0.0344893846 -0.0289759886 0.0111267729 0 0 0
nt@synapse_cleft 256 -0.0410338623 -0.010949114 0.0125910775 0 0 0
nt@synapse_cleft 263 0.0442352121 0.0206764713 0.0152177123 0 0 0
nt@synapse_cleft 268 0.000763123272 -0.00760691025 0.0102283525 0 0 0
nt@synapse_cleft 272 0.00640496348 -0.048837076 0.0179813169 0 0 0
nt@synapse_cleft 284 -0.0295514067 0.083739892 0.0119734324 0 0 0
nt@synapse_cleft 289 -0.0400570005 0.0576801994 0.00967001145 0 0 0
nt@synapse_cleft 293 0.0318660435 -0.00558007065 0.0156862172 0 0 0
nt@synapse_cleft 306 0.0125662823 -0.0291238172 0.010228923 0 0 0
nt@synapse_cleft 307 0.0142463412 0.00378861045 0.0125295976 0 0 0
nt@synapse_cleft 308 0.0222588889 0.0279841715 0.00908563095 0 0 0
nt@synapse_cleft 310 0.0278265553 0.00079768896 0.00839364318 0 0 0
nt@synapse_cleft 318 -0.0345749679 0.0146081407 0.0175862864 0 0 0
nt@synapse_cleft 319 0.0570316598 0.00202697813 0.0115948931 0 0 0
nt@synapse_cleft 321 0.0408842418 0.016533543 0.00954771755 0 0 0
nt@synapse_cleft 325 -0.0615377579 0.072444188 0.0136369006 0 0 0
nt@synapse_cleft 331 0.0465435475 -0.0173137486 0.0142494756 0 0 0
nt@synapse_cleft 347 0.00535477503 -0.00567292276 0.00484200691 0 0 0
nt@synapse_cleft 348 0.00428973225 -0.00809889578 0.010384056 0 0 0
nt@synapse_cleft 350 0.0200988437 0.00907976404 0.00554600419 0 0 0
nt@synapse_cleft 352 -0.00923524914 0.0242914162 0.00058367352 0 0 0
nt@synapse_cleft 356 -0.0332946564 0.0166437327 0.00846781244 0 0 0
nt@synapse_cleft 361 -0.0281097136 0.0109533036 0.0184926314 0 0 0
nt@synapse_cleft 371 -0.00772476447 0.0298750728 0.00509234818 0 0 0
nt@synapse_cleft 372 0.00420263626 0.0257785813 0.00646441091 0 0 0
nt@synapse_cleft 376 -0.00921007693 -0.0011377209 0.0174840729 0 0 0
nt@synapse_cleft 381 -0.0111552679 -0.0153946649 0.00412705967 0 0 0
nt@synapse_cleft 385 0.0128544991 0.0109284115 0.0150145963 0 0 0
nt@synapse_cleft 391 0.0251970871 -0.0455688817 0.0149482758 0 0 0
nt@synapse_cleft 395 0.000471690146 -0.0232250542 0.00893379001 0 0 0
nt@synapse_cleft 397 0.0166235596 0.0268380807 0.0141906152 0 0 0
nt@synapse_cleft 402 0.00463116613 0.0452853762 0.00474780606 0 0 0
nt@synapse_cleft 406 -0.0240141221 -0.0466526962 0.00834395254 0 0 0
nt@synapse_cleft 421 -0.0392645336 0.0244812865 0.0190041476 0 0 0
nt@synapse_cleft 426 0.0342121117 -0.0182577211 0.0182587083 0 0 0
nt@synapse_cleft 429 -0.0208571477 0.0251151416 0.0137607383 0 0 0
nt@synapse_cleft 440 0.0350896692 0.00268204838 0.000920087422 0 0 0
nt@synapse_cleft 444 0.00385095247 0.0345899114 0.00888144318 0 0 0
nt@synapse_cleft 449 0.00382737527 -0.013373704 0.0115043966 0 0 0
nt@synapse_cleft 452 0.0311595701 0.0483989892 0.0185651928 0 0 0
nt@synapse_cleft 453 0.00427718647 -0.0140147421 0.0151279471 0 0 0
nt@synapse_cleft 455 -0.00227543244 -0.0262699772 0.0190318951 0 0 0
nt@synapse_cleft 477 0.0178276156 0.008635038 0.0112704311 0 0 0
nt@synapse_cleft 479 -0.0102694066 0.0216595678 0.0131409598 0 0 0
nt@synapse_cleft 480 -0.0552182543 0.0163209429 0.00208762564 0 0 0
nt@synapse_cleft 482 0.0140587835 0.00161325512 0.00233262508 0 0 0
nt@synapse_cleft 483 -0.00752132056 -0.0263756914 0.00549684359 0 0 0
nt@synapse_cleft 484 -0.00868558339 -0.0430911683 0.00235582612 0 0 0
nt@synapse_cleft 499 0.0177946469 0.0200549901 0.00543136717 0 0 0
nt@synapse_cleft 500 -0.00553374247 -0.0133192182 0.00286920284 0 0 0
nt@synapse_cleft 501 0.00632470033 0.0135859662 0.0078620743 0 0 0
nt@synapse_cleft 503 0.0120094571 -0.0157757779 0.0164182969 0 0 0
nt@synapse_cleft 509 -0.0130039592 0.0538309535 0.00404599135 0 0 0
nt@synapse_cleft 510 0.0196589313 0.003926676 0.0086481086 0 0 0
nt@synapse_cleft 514 -0.0265338718 0.00717304672 0.015940001 0 0 0
nt@synapse_cleft 522 -0.0459176528 0.0215450785 0.0128322833 0 0 0
nt@synapse_cleft 524 -0.0141955236 0.0276398139 0.0188713072 0 0 0
nt@synapse_cleft 530 0.0214194462 -0.00486902576 0.007515631 0 0 0
nt@synapse_cleft 536 -0.0340863069 -0.043523161 0.00307015188 0 0 0
nt@synapse_cleft 544 0.0302210804 0.0154000131 0.0138403265 0 0 0
nt@synapse_cleft 546 -0.0493466517 0.0154651497 0.0117475797 0 0 0
nt@synapse_cleft 548 -0.0237536525 0.0192460833 0.0172293013 0 0 0
nt@synapse_cleft 549 0.0317231377 -0.0320933673 0.0142378741 0 0 0
nt@synapse_cleft 551 0.00049841868 -0.0121551731 0.017861663 0 0 0
nt@synapse_cleft 552 0.0222928822 -0.000374094302 0.0111349863 0 0 0
nt@synapse_cleft 557 -0.0379486776 -0.0040928828 0.0117730124 0 0 0
nt@synapse_cleft 558 -0.0116870621 -0.0205640623 0.00316212827 0 0 0
nt@synapse_cleft 563 -0.0137148271 -0.0563279379 0.0109556136 0 0 0
nt@synapse_cleft 568 -0.00663984174 0.00786970255 0.0153105031 0 0 0
nt@synapse_cleft 572 -0.0322825281 0.0196442423 0.00615210033 0 0 0
nt@synapse_cleft 575 0.00129934772 -0.00711174565 0.00715132885 0 0 0
nt@synapse_cleft 581 0.00442071234 -0.00801062811 0.00676633044 0 0 0
nt@synapse_cleft 583 0.0088869832 0.0180479896 0.0125333988 0 0 0
nt@synapse_cleft 586 0.00964310662 0.016996881 0.00873414577 0 0 0
nt@synapse_cleft 591 -0.0138543054 0.021878539 0.0122056611 0 0 0
nt@synapse_cleft 593 0.0035123726 0.0332052768 0.0140165496 0 0 0
nt@synapse_cleft 594 0.0366635736 0.0218069492 0.00886976102 0 0 0
nt@synapse_cleft 595 -0.00397745371 -0.0360900409 0.0081374477 0 0 0
nt@synapse_cleft 596 -0.0205418206 0.0059993079 0.0184216389 0 0 0
nt@synapse_cleft 598 0.00087342277 -0.00241422976 0.0155611568 0 0 0
nt@synapse_cleft 618 -0.0104665938 -0.032785938 0.00164642324 0 0 0
nt@synapse_cleft 620 -0.021373594 -0.00148081546 0.00324108229 0 0 0
nt@synapse_cleft 624 0.0157831399 -0.00497093571 0.00994249362 0 0 0
nt@synapse_cleft 627 -0.00866870467 -0.019294616 0.0150078411 0 0 0
nt@synapse_cleft 629 0.00109098903 0.00610136329 0.00174370529 0 0 0
nt@synapse_cleft 630 0.00995059598 0.00722344375 0.000764719436 0 0 0
nt@synapse_cleft 633 -0.0140947693 0.0230736706 0.00671616607 0 0 0
nt@synapse_cleft 634 0.0137725634 -0.00286380496 0.0143752057 0 0 0
nt@synapse_cleft 639 -0.0230668948 -0.035000602 0.000678393434 0 0 0
nt@synapse_cleft 645 -0.0130255058 -0.00743099385 0.0183358349 0 0 0
nt@synapse_cleft 647 0.00763353082 0.0306482064 0.0043127098 0 0 0
nt@synapse_cleft 661 -0.0288844819 -0.0169454474 0.0186970896 0 0 0
nt@synapse_cleft 662 -0.00874823804 0.0078740521 0.0101393495 0 0 0
nt@synapse_cleft 664 -0.00796657525 0.00997907936 0.0131912609 0 0 0
nt@synapse_cleft 674 -0.0186706419 0.0131530826 0.00448992099 0 0 0
nt@synapse_cleft 675 0.0181219356 0.00674253156 0.00833784024 0 0 0
nt@synapse_cleft 678 0.0126062024 -0.016390236 0.00933692147 0 0 0
nt@synapse_cleft 679 -0.0308529381 -0.00077737676 0.0146686702 0 0 0
nt@synapse_cleft 681 -0.00324092107 -0.0266618871 0.0119856736 0 0 0
nt@synapse_cleft 684 -0.0229789245 -0.0152795177 0.0118033503 0 0 0
nt@synapse_cleft 689 0.0235157577 0.00450646103 0.0138448931 0 0 0
nt@synapse_cleft 691 0.0206175706 0.00672397972 0.00535600926 0 0 0
nt@synapse_cleft 693 0.0109774995 0.0194554749 0.0113703854 0 0 0
nt@synapse_cleft 695 -0.0208141517 0.0277407444 0.0146689429 0 0 0
nt@synapse_cleft 698 0.00275614947 0.0154114314 0.0160778153 0 0 0
nt@synapse_cleft 699 -0.0220238627 -0.0641967287 0.0110842697 0 0 0
nt@synapse_cleft 704 0.0160192506 0.0262406612 0.00387499336 0 0 0
nt@synapse_cleft 712 -0.0268620424 -0.0102712052 6.7304681e-05 0 0 0
nt@synapse_cleft 715 0.022155951 0.0248519868 0.00975668701 0 0 0
nt@synapse_cleft 720 0.0294883408 -0.0418501971 0.00726785629 0 0 0
nt@synapse_cleft 721 0.00629978739 -0.0177221575 0.00471692333 0 0 0
nt@synapse_cleft 726 -0.0290111101 -0.00510381482 0.0087748143 0 0 0
nt@synapse_cleft 727 -0.00351920692 0.0188238979 0.00210940391 0 0 0
nt@synapse_cleft 728 -1.57154479e-05 0.0055956516 0.00515880668 0 0 0
nt@synapse_cleft 732 0.0237586823 0.0473208278 0.00274993636 0 0 0
nt@synapse_cleft 735 -0.0465597729 0.00822341105 0.000744155326 0 0 0
nt@synapse_cleft 737 0.044348422 0.00764851435 0.00888942498 0 0 0
nt@synapse_cleft 741 0.0216431546 0.00102690086 0.00303418804 0 0 0
nt@synapse_cleft 744 -0.0170707859 0.0287671528 0.00907087559 0 0 0
nt@synapse_cleft 746 0.00494964673 0.0127977776 0.000683317386 0 0 0
nt@synapse_cleft 750 0.028508592 0.0197190152 0.0125402496 0 0 0
nt@synapse_cleft 754 -0.0040628404 -0.0157969955 0.0199863942 0 0 0
nt@synapse_cleft 755 0.0126731543 0.0177390745 0.00542386925 0 0 0
nt@synapse_cleft 760 -0.00430638072 -0.0550328699 0.00263461607 0 0 0
nt@synapse_cleft 762 0.00837320337 -0.0160754774 0.0156962365 0 0 0
nt@synapse_cleft 765 -0.0284285988 0.0360847222 0.0168776447 0 0 0
nt@synapse_cleft 768 -0.0214632836 0.00171324732 0.0152773569 0 0 0
nt@synapse_cleft 769 -0.00340611045 0.0428597229 0.0154556407 0 0 0
nt@synapse_cleft 774 0.00512011731 0.029627437 0.00812773685 0 0 0
nt@synapse_cleft 779 -0.0180293163 0.0181103319 0.00872759752 0 0 0
nt@synapse_cleft 784 0.0177364288 0.00398977748 0.0197466434 0 0 0
nt@synapse_cleft 797 -0.00703029083 0.0349009272 0.000583284565 0 0 0
nt@synapse_cleft 803 -0.0238028936 -0.0400651042 0.0138659554 0 0 0
nt@synapse_cleft 814 0.0392258015 0.0348066411 0.00273076038 0 0 0
nt@synapse_cleft 816 0.00554412536 -0.0220358657 0.00258118245 0 0 0
nt@synapse_cleft 817 0.0216722276 -0.0117781077 0.0109971698 0 0 0
nt@synapse_cleft 828 0.00895869092 -0.0259317633 0.0197177631 0 0 0
nt@synapse_cleft 831 -0.00135018082 -0.0255898222 0.000409961837 0 0 0
nt@synapse_cleft 833 -0.0123242326 -0.00330723568 0.00904724929 0 0 0
nt@synapse_cleft 837 -0.0201176551 -0.0129941791 0.0120512914 0 0 0
nt@synapse_cleft 844 -0.00915176868 0.00681739942 0.0193636792 0 0 0
nt@synapse_cleft 847 0.0244067818 -0.0034964557 0.0132913516 0 0 0
nt@synapse_cleft 850 0.00190353566 0.0207185986 0.00536824087 0 0 0
nt@synapse_cleft 854 0.00687095373 0.0313828272 0.00610313074 0 0 0
nt@synapse_cleft 866 -0.0015096115 -0.0204068861 0.00983614894 0 0 0
nt@synapse_cleft 871 -0.00306055604 0.0131806548 0.0174146348 0 0 0
nt@synapse_cleft 872 0.0275904766 -0.0184416905 0.0117950092 0 0 0
nt@synapse_cleft 877 -0.0384216169 0.0120619463 0.0146844212 0 0 0
nt@synapse_cleft 884 -0.00502138278 0.0097992593 0.0195584726 0 0 0
nt@synapse_cleft 904 -0.0375214044 0.00584446919 0.00183065311 0 0 0
nt@synapse_cleft 906 -0.0122580368 0.00626454547 0.0175223993 0 0 0
nt@synapse_cleft 908 -0.0386433172 0.00576866193 0.000418015963 0 0 0
nt@synapse_cleft 909 0.0253162258 0.0018435411 0.00558195639 0 0 0
nt@synapse_cleft 913 -0.0230693558 0.00158067192 0.0184434608 0 0 0
nt@synapse_cleft 918 0.0671481823 -0.00804051573 0.0153576055 0 0 0
nt@synapse_cleft 920 0.0214599148 -0.0152273273 0.0172647309 0 0 0
nt@synapse_cleft 924 -0.0365988197 -0.000111092295 0.0109173467 0 0 0
nt@synapse_cleft 925 -0.0295005271 0.0418183256 0.00989740349 0 0 0
nt@synapse_cleft 926 -0.0125827756 -0.0527751863 0.0180755906 0 0 0
nt@synapse_cleft 932 0.0218504417 -0.0439466682 0.00319815028 0 0 0
nt@synapse_cleft 938 -0.00863987185 0.0133042547 0.000429064304 0 0 0
nt@synapse_cleft 940 -0.0521610017 -0.0266181034 0.00840612426 0 0 0
nt@synapse_cleft 941 -0.0331426082 0.0437306878 0.0158303986 0 0 0
nt@synapse_cleft 942 0.0180550639 -0.0210369112 0.00762608395 0 0 0
nt@synapse_cleft 943 0.0211578261 -0.00992080376 0.00451756607 0 0 0
nt@synapse_cleft 944 -0.00682686839 -0.055516387 0.00129826321 0 0 0
nt@synapse_cleft 945 -0.00626465186 0.0273805651 0.000127166676 0 0 0
nt@synapse_cleft 947 -0.0208691216 0.0117537859 0.0172643145 0 0 0
nt@synapse_cleft 953 -0.0399323803 0.0199457526 0.0152553221 0 0 0
nt@synapse_cleft 954 0.0119105571 -0.0107839669 0.00518264956 0 0 0
nt@synapse_cleft 957 0.0475287523 -0.0239117562 0.00977428895 0 0 0
nt@synapse_cleft 960 -0.0253996111 0.0257051235 0.00929257485 0 0 0
nt@synapse_cleft 961 -0.0303745213 -0.00700795519 0.0115347742 0 0 0
nt@synapse_cleft 967 0.0365664418 -0.00159627798 0.0156924245 0 0 0
nt@synapse_cleft 976 -0.0247448846 0.0224553923 0.0183387342 0 0 0
nt@synapse_cleft 978 -0.0430251136 -0.0163946794 0.010182608 0 0 0
nt@synapse_cleft 991 0.0294359169 -0.00238798979 0.017799791 0 0 0
nt@synapse_cleft 992 0.0221778329 0.0107108204 0.00931095105 0 0 0
nt@synapse_cleft 994 -0.0341489236 -0.0151995327 0.00990282923 0 0 0
nt@synapse_cleft 998 -0.000576384429 0.00127110595 0.00129649757 0 0 0
nt@synapse_cleft 999 0.0434257757 -0.0405017989 0.00196519935 0 0 0
nt@synapse_cleft 1002 0.0173398728 0.04737973 0.00670605957 0 0 0
nt@synapse_cleft 1004 -0.0154483712 0.0065057061 0.00356253573 0 0 0
nt@synapse_cleft 1011 0.0265426038 0.0200372567 0.0114381463 0 0 0
nt@synapse_cleft 1013 -0.0321498577 0.0410936377 0.0178105327 0 0 0
nt@synapse_cleft 1016 -0.030343792 0.0176305995 0.0155618391 0 0 0
nt@synapse_cleft 1018 -0.00537323936 -0.0225191103 0.00814983165 0 0 0
nt@synapse_cleft 1024 -0.0394437807 -0.0140491847 0.0156919338 0 0 0
nt@synapse_cleft 1025 -0.00656644752 -0.0319113648 0.00087262421 0 0 0
nt@synapse_cleft 1027 0.0135477236 0.0357269616 0.019261722 0 0 0
nt@synapse_cleft 1035 -0.0316232985 -0.01733527 0.0147516983 0 0 0
nt@synapse_cleft 1047 0.0256494428 -0.0454859166 0.000157614581 0 0 0
nt@synapse_cleft 1048 -0.00573981209 -0.0452838877 3.33649104e-05 0 0 0
nt@synapse_cleft 1050 0.0056520665 -0.0469707429 0.0188099164 0 0 0
nt@synapse_cleft 1056 -0.0100830197 0.0628780793 0.000138911437 0 0 0
nt@synapse_cleft 1062 0.0414931633 -0.0122298473 0.0145225412 0 0 0
nt@synapse_cleft 1077 -0.0281446426 -0.0134591587 0.0136101409 0 0 0
nt@synapse_cleft 1080 -0.0243726351 0.0156123221 0.0107958387 0 0 0
nt@synapse_cleft 1092 -0.0138648831 -0.00996758344 0.00667009831 0 0 0
nt@synapse_cleft 1102 -0.0193667748 -0.0177467284 0.0106948724 0 0 0
nt@synapse_cleft 1107 -0.0075045304 0.000905894113 0.0159152974 0 0 0
nt@synapse_cleft 1108 0.0162336815 0.0316058639 0.000382222837 0 0 0
nt@synapse_cleft 1110 0.0268638499 0.0178606526 0.0156908435 0 0 0
nt@synapse_cleft 1113 -0.0154559513 0.0136927704 0.00487249522 0 0 0
nt@synapse_cleft 1114 0.0154746464 -0.0253820513 0.00721723148 0 0 0
nt@synapse_cleft 1121 0.000542855357 0.0463220488 0.000830020737 0 0 0
nt@synapse_cleft 1127 -0.0125866599 0.00542269952 0.00517352085 0 0 0
nt@synapse_cleft 1130 0.0321637555 -0.0241733004 0.00987982651 0 0 0
nt@synapse_cleft 1136 -0.0100550863 -0.0590632474 0.0125011996 0 0 0
nt@synapse_cleft 1138 0.0202387905 0.00611159831 0.0163459938 0 0 0
nt@synapse_cleft 1140 0.0126412498 -0.0309272713 0.0130377955 0 0 0
nt@synapse_cleft 1144 -0.0112442287 -0.00794408244 0.0111496452 0 0 0
nt@synapse_cleft 1145 0.0670758553 -0.0154491498 0.0142183615 0 0 0
nt@synapse_cleft 1149 -0.0245026454 -0.00494567829 0.0107918608 0 0 0
nt@synapse_cleft 1152 0.0219830177 -0.00311052653 0.0170556283 0 0 0
nt@synapse_cleft 1157 0.0333736065 -0.0502222929 0.0170964787 0 0 0
nt@synapse_cleft 1165 0.0178724723 0.0319461161 0.00666518674 0 0 0
nt@synapse_cleft 1166 -0.00931157635 0.00728695251 0.00563091468 0 0 0
nt@synapse_cleft 1167 0.0383924744 0.0288651391 0.00956883257 0 0 0
nt@synapse_cleft 1172 -0.00866031954 0.000204611208 0.00873030752 0 0 0
nt@synapse_cleft 1177 -0.00754011886 0.0740577346 0.00280357693 0 0 0
nt@synapse_cleft 1179 0.00432317817 -0.0188275935 0.00455988464 0 0 0
nt@synapse_cleft 1186 -0.0623166178 0.000783561268 0.0059431289 0 0 0
nt@synapse_cleft 1188 0.0218592713 -0.046116134 0.00494091876 0 0 0
nt@synapse_cleft 1193 -0.0335524158 -0.0066359652 0.00941295364 0 0 0
nt@synapse_cleft 1200 -0.0150869784 0.0203864688 0.0144826047 0 0 0
nt@synapse_cleft 1203 8.66740152e-05 0.0071587908 0.00649086391 0 0 0
nt@synapse_cleft 1204 0.00181753408 0.00354462938 0.0059687282 0 0 0
nt@synapse_cleft 1205 -0.0318243276 -0.0204743139 0.0150192793 0 0 0
nt@synapse_cleft 1206 -0.0327523466 0.000882078333 0.0122248955 0 0 0
nt@synapse_cleft 1218 -0.00645795954 0.0284490268 0.0172115459 0 0 0
nt@synapse_cleft 1219 0.00104088827 0.0095179426 0.0107647568 0 0 0
nt@synapse_cleft 1237 -0.017913321 -0.0314655561 0.00714934323 0 0 0
nt@synapse_cleft 1238 -0.0622869249 -0.0287173294 0.0174048168 0 0 0
nt@synapse_cleft 1243 -0.0187377501 0.00378036789 0.0122610857 0 0 0
nt@synapse_cleft 1248 0.00626610306 0.0471845814 0.00851457155 0 0 0
nt@synapse_cleft 1251 -0.0330317964 0.00905419751 0.0195002983 0 0 0
nt@synapse_cleft 1252 -0.0337174383 0.00388811335 0.00551145682 0 0 0
nt@synapse_cleft 1254 -0.0289064959 0.0275355563 0.00914200859 0 0 0
nt@synapse_cleft 1270 0.0404225471 0.00809734502 0.00856242367 0 0 0
nt@synapse_cleft 1275 -0.0186160554 0.0129100613 0.0097828743 0 0 0
nt@synapse_cleft 1289 0.0437250633 -0.00764223486 0.00324236049 0 0 0
nt@synapse_cleft 1298 -0.00903791909 -0.0165422317 0.00549308552 0 0 0
nt@synapse_cleft 1302 -0.00800310457 0.0329829613 0.000193460747 0 0 0
nt@synapse_cleft 1311 0.0146345626 -0.0152730644 0.0100084516 0 0 0
nt@synapse_cleft 1316 -0.0278911278 -0.0320546027 0.012894111 0 0 0
nt@synapse_cleft 1326 0.0229123563 0.014395838 0.00215838314 0 0 0
nt@synapse_cleft 1328 0.012898125 0.00646106411 0.00752121376 0 0 0
nt@synapse_cleft 1333 -0.0195729305 0.032257944 0.00993070552 0 0 0
nt@synapse_cleft 1338 -0.0131023254 0.0123265462 0.00732027415 0 0 0
nt@synapse_cleft 1343 0.0139385059 0.00774165357 0.0179774044 0 0 0
nt@synapse_cleft 1347 -0.0421193406 -0.0171682128 0.0156143361 0 0 0
nt@synapse_cleft 1348 0.0407716428 -0.0429680752 0.0167798611 0 0 0
nt@synapse_cleft 1349 -0.00976523738 -0.0087969241 0.0109617017 0 0 0
nt@synapse_cleft 1351 0.038144 -0.0327272947 0.000267679866 0 0 0
nt@synapse_cleft 1359 -0.0219348366 -0.0150912918 0.00958546811 0 0 0
nt@synapse_cleft 1361 -0.0068088995 -0.0550803803 0.00398112151 0 0 0
nt@synapse_cleft 1366 0.0230754117 -0.00752800168 0.0104627473 0 0 0
nt@synapse_cleft 1368 0.0300840792 0.0134969791 0.00361503419 0 0 0
nt@synapse_cleft 1372 -0.0204344894 0.0502220475 0.0108996374 0 0 0
nt@synapse_cleft 1380 -0.00564398914 0.011623403 0.00644492932 0 0 0
nt@synapse_cleft 1382 0.0232546423 0.0184304219 0.00269538279 0 0 0
nt@synapse_cleft 1384 -0.046704113 -0.0176098595 0.00658308058 0 0 0
nt@synapse_cleft 1390 0.0443248356 -0.00647372625 0.000837487114 0 0 0
nt@synapse_cleft 1393 -0.0336373296 0.0359640153 0.00306199737 0 0 0
nt@synapse_cleft 1394 0.0185461211 0.0241202835 0.0198846454 0 0 0
nt@synapse_cleft 1397 0.0280088405 0.0299263933 0.0169878245 0 0 0
nt@synapse_cleft 1400 -0.033050836 0.0151305068 0.00719196079 0 0 0
nt@synapse_cleft 1403 0.00739205184 0.00120043626 0.0153682392 0 0 0
nt@synapse_cleft 1406 0.0593223223 -0.0265478076 0.00646297532 0 0 0
nt@synapse_cleft 1408 -0.0165704842 -0.0139160808 0.00846360945 0 0 0
nt@synapse_cleft 1411 0.00685121966 0.0093927683 0.0138777536 0 0 0
nt@synapse_cleft 1416 -0.0096515513 0.0265802038 0.00644932356 0 0 0
nt@synapse_cleft 1419 0.00270556077 -0.0201563855 0.00702801691 0 0 0
nt@synapse_cleft 1425 0.00312519315 -0.0362966206 0.0101245319 0 0 0
nt@synapse_cleft 1427 -0.0287081658 -0.00582182721 0.0181139072 0 0 0
nt@synapse_cleft 1434 0.0139989222 0.0205485795 0.0147833884 0 0 0
nt@synapse_cleft 1438 -0.0121236935 -0.0266399324 0.00355126715 0 0 0
nt@synapse_cleft 1440 -0.000158455062 0.0243229639 0.00315749735 0 0 0
nt@synapse_cleft 1441 -0.0316542162 0.0129775216 0.00299642483 0 0 0
nt@synapse_cleft 1442 0.00029844899 0.0293711819 0.019021671 0 0 0
nt@synapse_cleft 1444 -0.024944551 -0.0108507312 0.00618571369 0 0 0
nt@synapse_cleft 1446 -0.0185599031 -0.0326661615 0.00456164465 0 0 0
nt@synapse_cleft 1449 -0.0326279574 -0.001829262 0.00201898491 0 0 0
nt@synapse_cleft 1452 -0.027231415 -0.0277456395 0.00314919589 0 0 0
nt@synapse_cleft 1454 -0.0178839963 0.00703915756 0.00889759911 0 0 0
nt@synapse_cleft 1455 -0.0286953572 0.0120832092 0.0185823838 0 0 0
nt@synapse_cleft 1464 -0.0523479828 0.0116238366 0.0150308908 0 0 0
nt@synapse_cleft 1470 -0.0629784776 -0.0274702198 0.0196508143 0 0 0
nt@synapse_cleft 1472 -0.0459037232 -0.010052737 0.00751586072 0 0 0
nt@synapse_cleft 1473 0.00486064803 -0.0115554421 0.012233742 0 0 0
nt@synapse_cleft 1479 -0.00956179422 0.0285404916 0.0179806544 0 0 0
nt@synapse_cleft 1481 0.0231835824 0.00417064298 0.0197182197 0 0 0
nt@synapse_cleft 1484 -0.00262310333 0.0156008244 0.0125326832 0 0 0
nt@synapse_cleft 1485 -0.0177520591 -0.00313497648 0.0114805105 0 0 0
nt@synapse_cleft 1487 -0.0193718458 -0.0331392075 0.00127785631 0 0 0
nt@synapse_cleft 1488 0.0277257778 -0.00326402636 0.00348191463 0 0 0
nt@synapse_cleft 1494 0.00384289674 0.0133014076 0.0198613278 0 0 0
nt@synapse_cleft 1496 -0.00039738953 0.0228540268 0.0163041203 0 0 0
nt@synapse_cleft 1506 0.0288492443 0.00162747871 0.0164505976 0 0 0
nt@synapse_cleft 1507 0.0072887074 -0.00079335304 0.00703582045 0 0 0
nt@synapse_cleft 1508 0.0224673586 0.00940961095 0.0119502806 0 0 0
nt@synapse_cleft 1512 0.007719681 -0.00932234254 0.0101931081 0 0 0
nt@synapse_cleft 1519 -0.00457482243 -0.0071450478 0.0130617005 0 0 0
nt@synapse_cleft 1527 -0.0031602719 0.0402412405 0.0137777 0 0 0
nt@synapse_cleft 1528 -0.0360296859 -0.000848431684 0.00883305925 0 0 0
nt@synapse_cleft 1531 0.0037267627 0.0238753272 0.01186097 0 0 0
nt@synapse_cleft 1538 0.00780328501 0.0158777773 0.0199867067 0 0 0
nt@synapse_cleft 1542 -0.0117791792 0.021656863 0.00844890659 0 0 0
nt@synapse_cleft 1545 -0.00112441841 0.00366951278 0.0141338082 0 0 0
nt@synapse_cleft 1548 -0.026929633 -0.0267282722 0.00705194536 0 0 0
nt@synapse_cleft 1553 0.0573839692 0.0153566393 0.000964404461 0 0 0
nt@synapse_cleft 1554 0.016255868 0.0112981507 0.00348968527 0 0 0
nt@synapse_cleft 1561 -0.00187263121 -0.0588829522 0.00463419207 0 0 0
nt@synapse_cleft 1565 -0.00635708366 -0.000941701281 0.0166837246 0 0 0
nt@synapse_cleft 1571 -0.0167964556 -0.00438053289 0.0119881686 0 0 0
nt@synapse_cleft 1573 0.016172354 0.0264153678 0.00453778963 0 0 0
nt@synapse_cleft 1588 0.00486469638 -0.015913777 0.0192731196 0 0 0
nt@synapse_cleft 1592 0.00901555431 -0.0238323161 0.00486979591 0 0 0
nt@synapse_cleft 1597 0.00127534138 0.0339645621 0.00412728232 0 0 0
nt@synapse_cleft 1600 0.0210586602 -0.0283343329 0.0034922857 0 0 0
nt@synapse_cleft 1605 0.0142255917 -0.00213708209 0.00963048557 0 0 0
nt@synapse_cleft 1606 -0.0362245385 0.00763955872 0.00981663303 0 0 0
nt@synapse_cleft 1611 -0.00712592545 -0.026087521 0.00250942591 0 0 0
nt@synapse_cleft 1612 -0.0202603846 -0.0176418669 0.0110182073 0 0 0
nt@synapse_cleft 1617 0.0141068578 -0.0317002391 0.00578181567 0 0 0
nt@synapse_cleft 1619 0.012535875 -0.00285112648 0.0198312068 0 0 0
nt@synapse_cleft 1628 0.0147879683 0.039522332 0.0130798927 0 0 0
nt@synapse_cleft 1635 0.0144178454 -0.0142145309 0.00775455307 0 0 0
nt@synapse_cleft 1641 0.0321609643 0.0138556005 0.0133546519 0 0 0
nt@synapse_cleft 1642 0.0261868617 -0.0251519648 0.0100505243 0 0 0
nt@synapse_cleft 1655 -0.00066482701 0.0170350988 0.00200007501 0 0 0
nt@synapse_cleft 1658 0.0154305031 0.0413023534 0.0156400465 0 0 0
nt@synapse_cleft 1660 0.0201333989 0.012907347 0.0126024029 0 0 0
nt@synapse_cleft 1675 -0.0296698207 -0.00515353867 0.0122712293 0 0 0
nt@synapse_cleft 1678 0.00673971578 -0.018966859 0.00696328534 0 0 0
nt@synapse_cleft 1681 -0.0209758222 0.00531900328 0.00488245845 0 0 0
nt@synapse_cleft 1684 0.005062998 -0.0369169306 0.00538212289 0 0 0
nt@synapse_cleft 1686 -0.00532327964 0.0119741144 0.01546895 0 0 0
nt@synapse_cleft 1687 -0.0335221068 -0.0287420322 0.00121342617 0 0 0
nt@synapse_cleft 1689 0.0113258232 0.0163384788 0.00693633489 0 0 0
nt@synapse_cleft 1692 -0.0167833656 0.0237812134 0.0139430194 0 0 0
nt@synapse_cleft 1695 0.0167512889 -0.0169391181 0.00512157621 0 0 0
nt@synapse_cleft 1701 -0.00193257659 0.0109236425 0.0171812234 0 0 0
nt@synapse_cleft 1707 -0.023316032 -0.00783127946 0.0126369198 0 0 0
nt@synapse_cleft 1708 -0.0370616501 0.00874436503 0.000432315624 0 0 0
nt@synapse_cleft 1715 0.00476767767 0.00133054037 0.0189235527 0 0 0
nt@synapse_cleft 1721 -0.000250772468 -0.0322500052 0.0120396369 0 0 0
nt@synapse_cleft 1725 0.0286106059 -0.00560070419 0.00561509902 0 0 0
nt@synapse_cleft 1729 0.0102780565 -0.0131602085 0.0120656097 0 0 0
nt@synapse_cleft 1736 0.0259901052 0.00979838931 0.0165341119 0 0 0
nt@synapse_cleft 1741 0.00407667057 -0.01820296 0.0121650785 0 0 0
nt@synapse_cleft 1742 0.0114961155 -0.0444191655 0.00628192454 0 0 0
nt@synapse_cleft 1743 0.0352873382 0.0321361239 0.0188339992 0 0 0
nt@synapse_cleft 1745 -0.0404077868 0.0288708352 0.000608993406 0 0 0
nt@synapse_cleft 1746 0.0105260841 -0.0171885978 0.0190592324 0 0 0
nt@synapse_cleft 1748 0.0571864861 0.0128497426 0.0059330788 0 0 0
nt@synapse_cleft 1749 0.002535581 -0.00409715554 0.0024013217 0 0 0
nt@synapse_cleft 1751 0.0342328063 0.024983014 0.0147183237 0 0 0
nt@synapse_cleft 1759 -0.0133707657 -0.0119391264 0.0154010921 0 0 0
nt@synapse_cleft 1761 -0.0218678742 0.00598559898 0.0127940228 0 0 0
nt@synapse_cleft 1762 -0.0238362561 -0.0254057629 0.0153464305 0 0 0
nt@synapse_cleft 1768 0.00684717348 -0.0224877458 0.0117545295 0 0 0
nt@synapse_cleft 1775 -0.00563733773 -0.00198195631 0.00463144498 0 0 0
nt@synapse_cleft 1778 0.0472997745 -0.0517937516 0.0163599484 0 0 0
nt@synapse_cleft 1781 -0.017522605 0.0424643955 0.00194479545 0 0 0
nt@synapse_cleft 1793 0.0152190141 0.035035227 0.0160118441 0 0 0
nt@synapse_cleft 1795 0.0293957888 -0.00921677177 0.0187509788 0 0 0
nt@synapse_cleft 1799 -0.029302725 -0.00336534556 0.0055159128 0 0 0
nt@synapse_cleft 1804 0.0145241902 0.00566382 0.0146586468 0 0 0
nt@synapse_cleft 1805 -0.0119254643 0.00152290075 0.01859301 0 0 0
nt@synapse_cleft 1806 -0.0142956826 0.0116709282 0.0088800617 0 0 0
nt@synapse_cleft 1810 -0.0515573881 -0.0482567845 0.0199534351 0 0 0
nt@synapse_cleft 1811 0.00124742595 0.0114324548 0.00842911416 0 0 0
nt@synapse_cleft 1812 0.000335984076 0.0513596732 0.0143784447 0 0 0
nt@synapse_cleft 1815 -0.00496343917 0.00910412641 0.0133360764 0 0 0
nt@synapse_cleft 1824 0.0136658524 -0.000985243963 0.00575104439 0 0 0
nt@synapse_cleft 1826 0.0274118839 -0.0131361095 0.0177540632 0 0 0
nt@synapse_cleft 1829 0.0469633064 -0.0224418918 0.0106805203 0 0 0
nt@synapse_cleft 1830 -0.0371834109 -0.0155482437 0.0150921404 0 0 0
nt@synapse_cleft 1837 -0.0333650857 -0.0123396901 0.00927056114 0 0 0
nt@synapse_cleft 1838 -0.00894603575 -0.0343277723 0.00807310703 0 0 0
nt@synapse_cleft 1843 0.0378891651 -0.00710083006 0.00801983188 0 0 0
nt@synapse_cleft 1846 -0.0225815404 0.00231357884 0.00348543192 0 0 0
nt@synapse_cleft 1849 0.0465017327 0.00769828124 0.00260544679 0 0 0
nt@synapse_cleft 1853 0.0662361091 -0.019347433 0.00762400709 0 0 0
nt@synapse_cleft 1854 0.00226639661 -0.0105787047 0.00587353506 0 0 0
nt@synapse_cleft 1856 0.0179993964 -0.0153694677 0.0118898954 0 0 0
nt@synapse_cleft 1868 -0.0258416178 0.00157022024 0.0116807191 0 0 0
nt@synapse_cleft 1872 0.00293470879 -0.0068665723 0.0181403245 0 0 0
nt@synapse_cleft 1875 -0.0284422023 0.0150792164 0.00782473594 0 0 0
nt@synapse_cleft 1877 0.00116196249 0.0300967011 0.0172134717 0 0 0
nt@synapse_cleft 1880 -0.0209463438 -0.0231874484 0.0085413414 0 0 0
nt@synapse_cleft 1883 0.0119968359 0.0154711395 0.0175647948 0 0 0
nt@synapse_cleft 1885 -0.00694899253 -0.000869760501 0.0066435395 0 0 0
nt@synapse_cleft 1887 -0.00842700225 0.0364406742 0.00179127773 0 0 0
nt@synapse_cleft 1892 -0.00196167713 0.012891423 0.00292033386 0 0 0
nt@synapse_cleft 1894 -0.00795079731 0.0124001725 0.0171085526 0 0 0
nt@synapse_cleft 1896 0.0286493681 -0.00993199333 0.00666198657 0 0 0
nt@synapse_cleft 1900 -0.0101532161 -0.0156156326 0.0041902025 0 0 0
nt@synapse_cleft 1904 -0.0371279314 0.0388675266 0.00699564966 0 0 0
nt@synapse_cleft 1914 0.00710431723 0.0151400811 0.0028072623 0 0 0
nt@synapse_cleft 1918 -0.0131770817 0.0564234713 0.0111641267 0 0 0
nt@synapse_cleft 1921 -0.00130131389 -0.015722049 0.00860252851 0 0 0
nt@synapse_cleft 1923 -0.0163087332 0.0227930688 0.0123586109 0 0 0
nt@synapse_cleft 1925 0.00382434774 0.0246192863 0.00946438575 0 0 0
nt@synapse_cleft 1926 0.0127170574 -0.011744416 0.019712736 0 0 0
nt@synapse_cleft 1932 0.0139134818 -0.0139139788 0.017985108 0 0 0
nt@synapse_cleft 1942 0.028846032 -0.0298544328 0.00229947601 0 0 0
nt@synapse_cleft 1944 0.000348261724 0.0198929097 0.0132949878 0 0 0
nt@synapse_cleft 1946 -0.0233776985 -0.00804295521 0.00573924999 0 0 0
nt@synapse_cleft 1953 -0.0270408545 -0.0180600904 0.00397145439 0 0 0
nt@synapse_cleft 1961 0.0332019375 0.0186081604 0.00834186143 0 0 0
nt@synapse_cleft 1964 -0.011401309 -0.00356859148 0.00842501906 0 0 0
nt@synapse_cleft 1967 0.0220309922 -0.0311713869 0.0108239646 0 0 0
nt@synapse_cleft 1970 -0.0203447418 -0.0370905701 0.0117136811 0 0 0
nt@synapse_cleft 1973 0.0270600617 0.0269289446 0.0154837189 0 0 0
nt@synapse_cleft 1976 -0.0274646991 -0.0164321626 0.00247198086 0 0 0
nt@synapse_cleft 1980 -0.0166668284 -0.0224701339 0.00402146436 0 0 0
nt@synapse_cleft 1984 -0.0532222286 -0.0111496313 0.00757718041 0 0 0
nt@synapse_cleft 1989 -0.0151663094 0.00982338997 0.0146540284 0 0 0
nt@synapse_cleft 1990 0.0194402189 0.0223823306 0.00605925614 0 0 0
nt@synapse_cleft 1993 0.00206360744 -0.0192153424 0.013111833 0 0 0
nt@synapse_cleft 1997 0.00415631807 0.0172537868 0.0138748408 0 0 0
nt@synapse_cleft 2004 -0.0172188225 0.00620954137 0.0187082383 0 0 0
nt@synapse_cleft 2007 0.00612224429 0.00903353778 0.019240995 0 0 0
nt@synapse_cleft 2008 0.0278949203 0.00441674463 0.012611406 0 0 0
nt@synapse_cleft 2013 -0.0114559229 -0.00233941715 0.000460257321 0 0 0
nt@synapse_cleft 2014 0.0171207454 0.0142525283 0.0132583754 0 0 0
nt@synapse_cleft 2019 0.014027124 -0.00922822289 0.0169739668 0 0 0
nt@synapse_cleft 2026 0.0558114059 0.00163340972 0.00865464558 0 0 0
nt@synapse_cleft 2027 -0.00971069301 -0.0249830534 0.00738120503 0 0 0
nt@synapse_cleft 2032 -0.0245927347 -0.00592457493 0.0150957514 0 0 0
nt@synapse_cleft 2035 0.0550056237 0.0194192656 0.00313544165 0 0 0
nt@synapse_cleft 2036 0.0480017916 -0.0322390375 0.0138897197 0 0 0
nt@synapse_cleft 2039 0.03783442 0.0109347904 0.0195224275 0 0 0
nt@synapse_cleft 2041 0.0355519593 -0.00456046244 0.0140933478 0 0 0
nt@synapse_cleft 2044 0.0176349248 -0.0215213684 0.0104107049 0 0 0
nt@synapse_cleft 2052 -0.00178402171 -0.0184768677 0.0136507069 0 0 0
nt@synapse_cleft 2058 -0.0063493571 -0.0371076264 0.0148321242 0 0 0
nt@synapse_cleft 2061 0.0146042947 0.00384838536 0.0038518416 0 0 0
nt@synapse_cleft 2064 0.0215344014 0.0211978137 0.00392264503 0 0 0
nt@synapse_cleft 2091 -0.0136516604 0.027247379 0.0136482913 0 0 0
nt@synapse_cleft 2092 0.019297057 0.0307710861 0.00860144678 0 0 0
nt@synapse_cleft 2094 -0.00473376092 -0.00323975032 0.0132524457 0 0 0
nt@synapse_cleft 2096 -0.0139418685 -0.00637584754 0.000751556016 0 0 0
nt@synapse_cleft 2101 -0.00902412548 -0.0154497875 0.0112981893 0 0 0
nt@synapse_cleft 2104 0.0235665276 0.00506232923 0.00348976607 0 0 0
nt@synapse_cleft 2112 -0.0103799092 -0.0230222241 0.00543394739 0 0 0
nt@synapse_cleft 2115 -0.0248640437 0.00981351788 0.012415763 0 0 0
nt@synapse_cleft 2124 0.00228789245 0.0449051764 0.00548614714 0 0 0
nt@synapse_cleft 2127 0.0179368117 0.0136670973 0.00128306779 0 0 0
nt@synapse_cleft 2133 0.0125173652 -0.0037631887 0.00542485119 0 0 0
nt@synapse_cleft 2137 -0.0330030832 0.0556911213 0.00127409314 0 0 0
nt@synapse_cleft 2148 0.0303658186 -0.0577911315 0.00185491122 0 0 0
nt@synapse_cleft 2156 0.0365043559 -0.0296448939 0.0154449022 0 0 0
nt@synapse_cleft 2162 -0.0171947795 0.0146291365 0.0153604425 0 0 0
nt@synapse_cleft 2163 0.0145789891 -0.00135183847 0.0169647237 0 0 0
nt@synapse_cleft 2170 0.0156340794 0.00694773688 0.0174591734 0 0 0
nt@synapse_cleft 2177 -0.0146206549 -0.0354144762 0.00242199947 0 0 0
nt@synapse_cleft 2185 -0.0104177719 -0.0106404819 0.00701157284 0 0 0
nt@synapse_cleft 2187 -0.0138570295 0.00528833986 0.0089218829 0 0 0
nt@synapse_cleft 2188 -0.00430651375 0.0376329888 0.00811217592 0 0 0
nt@synapse_cleft 2199 0.00284042193 -0.0235880328 0.00351767929 0 0 0
nt@synapse_cleft 2204 -0.0378040955 0.00479492841 0.0168048889 0 0 0
nt@synapse_cleft 2206 -0.0155155921 -0.0213746995 0.0140370305 0 0 0
nt@synapse_cleft 2207 0.0308058845 0.00807941971 0.0159802431 0 0 0
nt@synapse_cleft 2217 0.0200366304 -0.0411735171 0.00330070819 0 0 0
nt@synapse_cleft 2218 0.0167416447 0.0144296708 0.0160840563 0 0 0
nt@synapse_cleft 2223 -0.0191279002 0.0178125932 0.00478942099 0 0 0
nt@synapse_cleft 2228 -0.00385820701 0.011951906 0.0075900157 0 0 0
nt@synapse_cleft 2235 -0.00562462317 -0.016161379 0.0137677292 0 0 0
nt@synapse_cleft 2236 0.0028531332 0.019377197 0.00976040548 0 0 0
nt@synapse_cleft 2248 -0.0333600573 -0.00212914399 0.00238059856 0 0 0
nt@synapse_cleft 2251 -0.00188451596 0.00155339003 0.0134876308 0 0 0
nt@synapse_cleft 2254 -0.00548563072 -0.0197347768 0.0199044105 0 0 0
nt@synapse_cleft 2257 0.00189844616 -0.00442366749 0.00591716722 0 0 0
nt@synapse_cleft 2262 -0.00497968737 0.0345940248 0.0198428439 0 0 0
nt@synapse_cleft 2265 0.0349820436 0.0237130249 0.0041735262 0 0 0
nt@synapse_cleft 2271 -0.0562141061 0.0254221381 0.0021866457 0 0 0
nt@synapse_cleft 2274 -0.00976588619 0.041842745 0.00797938628 0 0 0
nt@synapse_cleft 2278 0.0232149498 0.0342388117 0.00985480373 0 0 0
nt@synapse_cleft 2279 -0.00919076091 0.00960545347 0.0110586423 0 0 0
nt@synapse_cleft 2283 0.0349496323 -0.0254726501 0.00593076058 0 0 0
nt@synapse_cleft 2284 0.0291197205 -0.000443995802 0.0129448422 0 0 0
nt@synapse_cleft 2285 -0.022298659 -0.0112614288 0.0130425509 0 0 0
nt@synapse_cleft 2289 0.0103080454 -0.00051811362 0.00312514751 0 0 0
nt@synapse_cleft 2292 -0.00944568771 0.0023019492 0.0154570561 0 0 0
nt@synapse_cleft 2298 -0.0410162783 -0.0239050749 0.0126782155 0 0 0
nt@synapse_cleft 2306 -0.00028601388 -0.0492280899 0.0126256957 0 0 0
nt@synapse_cleft 2308 -0.0351295169 0.00757643674 0.00661013637 0 0 0
nt@synapse_cleft 2309 -0.00324089296 -0.00164628666 0.00490414541 0 0 0
nt@synapse_cleft 2314 -0.000152984781 -0.0315019872 0.00968828154 0 0 0
nt@synapse_cleft 2317 0.0392539247 0.00504376409 0.00599713445 0 0 0
nt@synapse_cleft 2320 0.0249161664 -0.0295635789 0.00118062145 0 0 0
nt@synapse_cleft 2321 0.0540868152 0.00643820203 0.00137044493 0 0 0
nt@synapse_cleft 2326 0.0183528461 0.0211296302 0.00296298515 0 0 0
nt@synapse_cleft 2327 -0.0327475487 -0.0376578801 0.0171586632 0 0 0
nt@synapse_cleft 2330 -0.035734951 0.012075369 0.011430973 0 0 0
nt@synapse_cleft 2332 -0.0205535851 -0.00702098511 0.0193817954 0 0 0
nt@synapse_cleft 2343 0.00159653494 0.000382713588 0.00745058775 0 0 0
nt@synapse_cleft 2349 0.0370702114 -0.00369986709 0.00861742433 0 0 0
nt@synapse_cleft 2367 -0.0195009243 -0.0408651503 0.012371734 0 0 0
nt@synapse_cleft 2369 -0.0125832388 -0.00251656923 0.00557694699 0 0 0
nt@synapse_cleft 2383 0.0182285154 -0.03601628 0.015788068 0 0 0
nt@synapse_cleft 2386 -0.00970387025 -0.0194148793 0.00306192699 0 0 0
nt@synapse_cleft 2389 -0.00144874584 -0.027248689 0.00271156441 0 0 0
nt@synapse_cleft 2397 0.00782221674 -0.0529698629 0.0156200496 0 0 0
nt@synapse_cleft 2400 -0.0209509917 -0.045350738 0.0127262325 0 0 0
nt@synapse_cleft 2410 0.0223526474 0.00504910892 0.0180801264 0 0 0
nt@synapse_cleft 2411 0.0152647694 -0.0465080032 0.00273127137 0 0 0
nt@synapse_cleft 2412 -0.00455482908 0.0206797776 0.0135525671 0 0 0
nt@synapse_cleft 2417 -0.0148490271 0.00640826219 0.0136196036 0 0 0
nt@synapse_cleft 2421 -0.00323373413 0.0227954881 0.00578681844 0 0 0
nt@synapse_cleft 2423 0.0154922083 -0.0412112302 0.00330900786 0 0 0
nt@synapse_cleft 2437 0.0276473166 0.014096949 0.00777743095 0 0 0
nt@synapse_cleft 2438 -0.00130445207 -0.0478255329 0.00262884912 0 0 0
nt@synapse_cleft 2440 -0.0286297564 -0.0251305446 0.00915972367 0 0 0
nt@synapse_cleft 2448 0.00494233626 0.000219809749 0.0128394802 0 0 0
nt@synapse_cleft 2456 -0.0208392639 -0.00647721054 0.0164300649 0 0 0
nt@synapse_cleft 2459 -0.00226264971 0.0490094644 0.00388465767 0 0 0
nt@synapse_cleft 2462 -0.0119485406 0.0441122689 0.00673092893 0 0 0
nt@synapse_cleft 2468 -0.0550263989 -0.0163620733 0.0146285435 0 0 0
nt@synapse_cleft 2472 0.0458618545 -0.0484840993 0.0180028 0 0 0
nt@synapse_cleft 2480 -0.00865247178 -0.0207899418 0.00620631157 0 0 0
nt@synapse_cleft 2481 -0.0238082787 -0.0163301719 0.00249409129 0 0 0
nt@synapse_cleft 2483 0.0353191861 0.0248468241 0.0171079188 0 0 0
nt@synapse_cleft 2491 0.0105313898 0.00753468813 0.0160915417 0 0 0
nt@synapse_cleft 2493 0.0235943411 -0.0471571419 0.000226660833 0 0 0
nt@synapse_cleft 2498 0.016643054 -0.0210401966 0.000133583062 0 0 0
nt@synapse_cleft 2501 0.0023584572 0.00749507863 0.00236786532 0 0 0
nt@synapse_cleft 2502 0.0190300431 -0.0350975238 0.0163221091 0 0 0
nt@synapse_cleft 2509 -0.00449148576 -0.0214461856 0.0177949535 0 0 0
nt@synapse_cleft 2510 0.00100654148 0.00555479216 0.0105945467 0 0 0
nt@synapse_cleft 2513 -0.000296787348 0.00633334588 0.00634442803 0 0 0
nt@synapse_cleft 2517 0.000607634271 -0.00375170095 0.0184286444 0 0 0
nt@synapse_cleft 2520 0.023479814 0.023886787 0.00841684984 0 0 0
nt@synapse_cleft 2521 0.00728447908 0.015169324 0.0122465552 0 0 0
nt@synapse_cleft 2525 0.0301728614 0.0176076047 0.0117809029 0 0 0
nt@synapse_cleft 2528 -0.00999014815 0.000115109497 0.013965098 0 0 0
nt@synapse_cleft 2539 -0.00669091563 0.0171693785 0.0186105617 0 0 0
nt@synapse_cleft 2542 0.0217706359 -0.0255473035 0.0124827721 0 0 0
nt@synapse_cleft 2549 -0.00689649877 0.0680802283 0.0189137367 0 0 0
nt@synapse_cleft 2550 0.0418329034 -0.0113110124 0.0124480658 0 0 0
nt@synapse_cleft 2555 0.0575638581 -0.021426447 0.000690792786 0 0 0
nt@synapse_cleft 2560 -0.0317030935 0.0172536083 0.00252420791 0 0 0
nt@synapse_cleft 2561 0.0188765608 0.0480536214 0.00078345038 0 0 0
nt@synapse_cleft 2563 0.00687787691 0.0190725612 0.00961836591 0 0 0
nt@synapse_cleft 2564 -0.021377963 0.0439983261 0.00730512966 0 0 0
nt@synapse_cleft 2566 -0.00111042625 -0.00233273887 0.00663552399 0 0 0
nt@synapse_cleft 2570 0.0124475328 0.00751226076 0.0126700159 0 0 0
nt@synapse_cleft 2571 0.0164522264 -0.0418962466 0.00382003892 0 0 0
nt@synapse_cleft 2577 0.00401045122 0.0298019091 0.012507548 0 0 0
nt@synapse_cleft 2586 0.0407591343 -0.0134099863 0.0160907956 0 0 0
nt@synapse_cleft 2591 -0.00169947542 -0.00285411534 0.00700657211 0 0 0
nt@synapse_cleft 2597 -0.0184349221 0.00265884284 0.0137161201 0 0 0
nt@synapse_cleft 2600 0.00644077146 0.0464073738 0.00933780917 0 0 0
nt@synapse_cleft 2603 0.015307971 -0.018157068 0.0198257346 0 0 0
nt@synapse_cleft 2604 0.0318603298 -0.00910635312 0.013139245 0 0 0
nt@synapse_cleft 2610 0.00469382896 -0.0383332647 0.00437398419 0 0 0
nt@synapse_cleft 2613 -0.0382346694 -0.0238051679 0.0198500388 0 0 0
nt@synapse_cleft 2615 -0.00383839958 -0.0713199289 0.00799853375 0 0 0
nt@synapse_cleft 2617 -0.0126038407 0.0177372635 0.0172586672 0 0 0
nt@synapse_cleft 2623 -0.0162153508 -0.0234096587 0.00139446965 0 0 0
nt@synapse_cleft 2625 -0.0531135532 -0.0209655938 0.00240929603 0 0 0
nt@synapse_cleft 2628 0.0335627694 -0.0264631714 0.01778405 0 0 0
nt@synapse_cleft 2631 -0.00363891947 0.0238883482 0.0154531852 0 0 0
nt@synapse_cleft 2639 0.010161494 -0.00672619455 0.00633874749 0 0 0
nt@synapse_cleft 2641 -0.0275569475 -0.0204482824 0.00082470684 0 0 0
nt@synapse_cleft 2645 0.0106385212 0.0267332607 0.00145507113 0 0 0
nt@synapse_cleft 2650 0.0325197746 -0.0086201943 0.00803837921 0 0 0
nt@synapse_cleft 2652 -0.0111020544 0.00110333758 0.0120694716 0 0 0
nt@synapse_cleft 2660 -0.0124670169 -0.0248877083 0.0197664624 0 0 0
nt@synapse_cleft 2670 -0.0287392061 -0.00729562536 0.00500887168 0 0 0
nt@synapse_cleft 2674 -0.0166135485 0.00446473382 0.00674670343 0 0 0
nt@synapse_cleft 2675 -0.0147154177 0.00528591734 0.0158886189 0 0 0
nt@synapse_cleft 2680 -0.0549956237 -0.0268234965 0.00324100515 0 0 0
nt@synapse_cleft 2681 -0.0339880573 -0.0193817376 0.0148840068 0 0 0
nt@synapse_cleft 2688 -0.0560840064 0.0540365199 0.0135488549 0 0 0
nt@synapse_cleft 2702 -0.00444179822 -0.0139793764 0.00250397052 0 0 0
nt@synapse_cleft 2708 -0.043842637 -0.0010613154 0.0042142913 0 0 0
nt@synapse_cleft 2709 0.00500322517 0.00493201093 0.01778233 0 0 0
nt@synapse_cleft 2710 -0.0100116017 -0.0236709007 0.00873550754 0 0 0
nt@synapse_cleft 2713 -0.00130271625 -0.0238492967 0.0141346216 0 0 0
nt@synapse_cleft 2714 0.0458768659 0.0247071904 0.0105314231 0 0 0
nt@synapse_cleft 2720 0.0119121255 0.0194589528 0.00870097902 0 0 0
nt@synapse_cleft 2724 0.0127804835 -0.0160697202 0.00940337936 0 0 0
nt@synapse_cleft 2729 0.0287071602 -0.01128411 0.018824244 0 0 0
nt@synapse_cleft 2734 0.031650257 0.00270779258 0.0157466504 0 0 0
nt@synapse_cleft 2739 0.0295263599 -0.0120210019 0.00991449717 0 0 0
nt@synapse_cleft 2743 0.00291258497 -0.031922499 0.0169336674 0 0 0
nt@synapse_cleft 2750 0.0404381975 -0.036059614 0.0150241378 0 0 0
nt@synapse_cleft 2752 -0.0189298299 -0.0159275219 0.0179503442 0 0 0
nt@synapse_cleft 2756 0.0313741385 -0.0208655117 0.00596694144 0 0 0
nt@synapse_cleft 2758 0.00277581949 -0.0141341204 0.0153898421 0 0 0
nt@synapse_cleft 2766 -0.0462537506 0.0323150231 0.0144851548 0 0 0
nt@synapse_cleft 2775 0.0418316421 -0.020566152 0.0122773363 0 0 0
nt@synapse_cleft 2785 0.00657554313 0.025125987 0.00366442044 0 0 0
nt@synapse_cleft 2798 -0.0239362096 0.0229432724 0.0147782132 0 0 0
nt@synapse_cleft 2807 -0.0168565789 0.0181344976 0.00960014876 0 0 0
nt@synapse_cleft 2808 0.0167168161 0.0516188874 0.0106218721 0 0 0
nt@synapse_cleft 2815 -0.0064454891 0.00598889426 0.0164956508 0 0 0
nt@synapse_cleft 2820 0.0143666168 -0.00151320165 0.0149868483 0 0 0
nt@synapse_cleft 2828 0.0147632117 -0.0492486387 0.0013381394 0 0 0
nt@synapse_cleft 2837 -0.00632394657 0.00777990872 0.0195256938 0 0 0
nt@synapse_cleft 2848 0.0112427373 0.00858085834 0.00462975885 0 0 0
nt@synapse_cleft 2854 0.016308482 -0.0109579483 0.00808395263 0 0 0
nt@synapse_cleft 2855 -0.0224132343 -0.0299146112 0.00368107167 0 0 0
nt@synapse_cleft 2857 0.0251192309 -0.0252716723 0.0164733418 0 0 0
nt@synapse_cleft 2861 -0.0256396102 0.00137604825 0.00691118538 0 0 0
nt@synapse_cleft 2863 -0.0298149449 0.0145467853 0.00173151078 0 0 0
nt@synapse_cleft 2868 0.00318285356 0.0144560068 0.0039860287 0 0 0
nt@synapse_cleft 2871 0.00762607387 -0.0499363647 0.0199457331 0 0 0
nt@synapse_cleft 2875 0.012152448 0.0177117389 0.0187663639 0 0 0
nt@synapse_cleft 2876 -0.0191432822 0.00175693485 0.0170743433 0 0 0
nt@synapse_cleft 2880 0.00167632877 0.0148603537 0.00895414632 0 0 0
nt@synapse_cleft 2884 0.038506767 0.000929926724 0.0145798538 0 0 0
nt@synapse_cleft 2887 0.0016784518 -0.0231516484 0.0186991449 0 0 0
nt@synapse_cleft 2894 0.013665959 0.00851936724 0.00540762968 0 0 0
nt@synapse_cleft 2895 0.0634008636 -0.0071699884 0.0149931191 0 0 0
nt@synapse_cleft 2897 -0.00136104777 -0.0364205267 0.0139817393 0 0 0
nt@synapse_cleft 2905 -0.0176245085 0.018284743 0.0113992671 0 0 0
nt@synapse_cleft 2909 0.036969694 -0.0130599634 0.0189757564 0 0 0
nt@synapse_cleft 2910 -0.0404434075 0.0159924107 0.019415663 0 0 0
nt@synapse_cleft 2912 0.0200486085 -0.0156495748 0.00871597574 0 0 0
nt@synapse_cleft 2915 0.0158542823 -0.031350907 0.0154001412 0 0 0
nt@synapse_cleft 2918 -0.013233297 -0.0572397177 0.0154655473 0 0 0
nt@synapse_cleft 2920 0.0138056252 -0.00858468365 0.0173210546 0 0 0
nt@synapse_cleft 2921 0.00336972534 0.049334241 0.000577285481 0 0 0
nt@synapse_cleft 2922 0.0624697857 -0.0213370071 0.0180144151 0 0 0
nt@synapse_cleft 2925 -0.0103156504 0.0284600372 0.0153879607 0 0 0
nt@synapse_cleft 2928 -0.00563762236 0.0574327346 0.0034682954 0 0 0
nt@synapse_cleft 2933 -0.0148085255 -0.00807914961 0.00628094091 0 0 0
nt@synapse_cleft 2935 -0.0312477607 -0.00117193836 0.0172588809 0 0 0
nt@synapse_cleft 2940 0.0044481493 -0.0236169622 0.00063074955 0 0 0
nt@synapse_cleft 2945 -0.0250261685 -0.0117507031 0.011353068 0 0 0
nt@synapse_cleft 2946 0.00872305355 -0.00912965758 0.012246451 0 0 0
nt@synapse_cleft 2961 0.0742466063 -0.0290870713 0.00198201626 0 0 0
nt@synapse_cleft 2962 0.0177445201 0.0133464579 0.00178332992 0 0 0
nt@synapse_cleft 2967 -0.0160396822 -0.0476690271 0.00504845894 0 0 0
nt@synapse_cleft 2983 0.0110973312 -0.042081039 0.000121400422 0 0 0
nt@synapse_cleft 2992 -0.0240159564 0.0236231188 0.0105658427 0 0 0
nt@synapse_cleft 2993 8.75162216e-05 0.0475458616 0.000409786815 0 0 0
nt@synapse_cleft 2997 0.0237340451 -0.0187149387 0.00398096755 0 0 0
nt@synapse_cleft 3006 0.0252605492 0.0283788232 0.00696514255 0 0 0
nt@synapse_cleft 3008 0.0172952914 0.0619564502 0.00961950995 0 0 0
nt@synapse_cleft 3012 0.0292060665 -0.00383034698 0.00936564582 0 0 0
nt@synapse_cleft 3019 -0.0149516007 0.00702418377 0.00998411515 0 0 0
nt@synapse_cleft 3020 -0.0203032703 -0.0158111859 0.0071027877 0 0 0
nt@synapse_cleft 3024 0.0191339058 0.0166793278 0.0133943709 0 0 0
nt@synapse_cleft 3026 -0.0159173143 0.0051642189 0.00864382944 0 0 0
nt@synapse_cleft 3042 -0.000641911445 0.0134331229 0.0105747192 0 0 0
nt@synapse_cleft 3047 0.0325032791 0.0480222971 0.000814636617 0 0 0
nt@synapse_cleft 3057 0.0117025931 -0.0127570726 0.0179094782 0 0 0
nt@synapse_cleft 3061 -0.00227891073 0.0351734059 0.00114047802 0 0 0
nt@synapse_cleft 3062 -0.00158094108 -0.0163430068 0.00506888685 0 0 0
nt@synapse_cleft 3069 0.047693379 -0.0344789009 0.0148465681 0 0 0
nt@synapse_cleft 3073 -0.0067794292 0.0398414929 0.00537279978 0 0 0
nt@synapse_cleft 3082 0.0137921753 0.0259119687 0.0160271889 0 0 0
nt@synapse_cleft 3089 -0.00455749197 -0.0108510229 0.00176794229 0 0 0
nt@synapse_cleft 3096 -0.00411370047 0.0369263439 0.00344134269 0 0 0
nt@synapse_cleft 3097 0.0397696733 0.018379753 6.15574558e-05 0 0 0
nt@synapse_cleft 3099 -0.0223363705 0.0176778469 0.0052539711 0 0 0
nt@synapse_cleft 3111 -0.0134291259 -0.0107205575 0.00313804298 0 0 0
nt@synapse_cleft 3113 -0.0112811799 0.0231556046 0.0147506702 0 0 0
nt@synapse_cleft 3114 0.0264643511 0.030024112 0.0196257324 0 0 0
nt@synapse_cleft 3122 -0.017360023 0.00194611914 0.000121764228 0 0 0
nt@synapse_cleft 3132 -0.0213706403 -0.00824193554 0.00167311714 0 0 0
nt@synapse_cleft 3134 0.00487156633 0.0316652738 0.0173301994 0 0 0
nt@synapse_cleft 3150 0.03094545 -0.0705072467 0.0114219626 0 0 0
nt@synapse_cleft 3155 -0.000419187401 0.0141788931 0.0189901417 0 0 0
nt@synapse_cleft 3158 -0.0169110467 -0.0106001791 0.00406409943 0 0 0
nt@synapse_cleft 3159 -0.0227456444 0.0139753994 0.0121654354 0 0 0
nt@synapse_cleft 3165 0.0175567464 -0.00359731493 0.0115156514 0 0 0
nt@synapse_cleft 3167 0.00258267938 0.024565436 0.00965724529 0 0 0
nt@synapse_cleft 3177 0.0202358214 -0.0427461854 0.0064328614 0 0 0
nt@synapse_cleft 3178 -0.00813087031 -0.0200640838 0.000829259618 0 0 0
nt@synapse_cleft 3179 0.0180684018 -0.00471078494 0.0101434587 0 0 0
nt@synapse_cleft 3181 0.00507240506 0.0236638835 0.000666372258 0 0 0
nt@synapse_cleft 3182 -0.00882986936 -0.0114385308 0.014165388 0 0 0
nt@synapse_cleft 3183 -0.000164675063 -0.0261241867 0.0197939251 0 0 0
nt@synapse_cleft 3184 0.00534217523 0.0221182138 0.0016843517 0 0 0
nt@synapse_cleft 3185 -0.00285384488 -0.0137523057 0.000512234474 0 0 0
nt@synapse_cleft 3190 0.0208577269 -0.00262416372 0.00346727365 0 0 0
nt@synapse_cleft 3199 -0.00565228418 0.0449791222 0.0144847131 0 0 0
nt@synapse_cleft 3202 0.00375967356 0.0366389708 0.00923134687 0 0 0
nt@synapse_cleft 3207 -0.00860638096 -0.0058246313 0.00582263842 0 0 0
nt@synapse_cleft 3214 -0.00711982521 -0.00331014164 0.0112467783 0 0 0
nt@synapse_cleft 3220 0.00205609876 0.0188193646 0.00465236605 0 0 0
nt@synapse_cleft 3222 -0.0481894061 -0.0174544714 0.00666417094 0 0 0
nt@synapse_cleft 3227 0.000954908806 0.00743887924 0.0116806606 0 0 0
nt@synapse_cleft 3247 0.00557268617 -0.0044532772 0.0134100284 0 0 0
nt@synapse_cleft 3248 -0.0208214357 -0.0305493503 0.0169997512 0 0 0
nt@synapse_cleft 3249 -0.0172351694 0.00687789336 0.00416886095 0 0 0
nt@synapse_cleft 3275 -0.00456919578 -0.0093435848 0.00758452361 0 0 0
nt@synapse_cleft 3304 0.0270108641 0.0709344845 0.0121521503 0 0 0
nt@synapse_cleft 3308 -0.0250392105 0.0355919418 0.00464697615 0 0 0
nt@synapse_cleft 3312 0.00349757138 -0.00745359225 0.00246341191 0 0 0
nt@synapse_cleft 3313 -0.00450313754 -0.00996462334 0.0198975209 0 0 0
nt@synapse_cleft 3316 0.0203160527 0.000500575177 0.00957727038 0 0 0
nt@synapse_cleft 3324 -0.010507663 -0.00312248871 0.00658378286 0 0 0
nt@synapse_cleft 3326 0.0147496803 -0.0178413078 0.00273576367 0 0 0
nt@synapse_cleft 3327 -0.00552640168 -0.0341096588 0.0138467626 0 0 0
nt@synapse_cleft 3334 0.0188447712 0.000518762131 0.00622056592 0 0 0
nt@synapse_cleft 3335 0.039712646 0.0122820889 0.00341920486 0 0 0
nt@synapse_cleft 3338 0.00781034709 -0.0364041186 0.0147363151 0 0 0
nt@synapse_cleft 3341 0.0217046045 -0.00236863238 0.00476445508 0 0 0
nt@synapse_cleft 3342 0.0143415898 -0.0114371187 0.0158777035 0 0 0
nt@synapse_cleft 3347 0.0197524046 -0.0412786792 0.00667821022 0 0 0
nt@synapse_cleft 3354 -0.0149725461 -0.0198089667 0.0118355573 0 0 0
nt@synapse_cleft 3367 0.00636464618 0.0152777186 0.0191200407 0 0 0
nt@synapse_cleft 3372 -0.0454927052 -0.0203460237 0.0157970206 0 0 0
nt@synapse_cleft 3375 0.0439494475 0.0273236006 0.0120480217 0 0 0
nt@synapse_cleft 3378 0.0107987251 0.0364255337 0.000791977854 0 0 0
nt@synapse_cleft 3394 -0.00766772138 -0.0106489747 0.00398707818 0 0 0
nt@synapse_cleft 3401 0.0408042884 -0.00669818391 0.0174836817 0 0 0
nt@synapse_cleft 3402 -0.00795673741 -0.0144616359 7.85587271e-05 0 0 0
nt@synapse_cleft 3404 0.0160165969 -0.0217601838 0.0056565193 0 0 0
nt@synapse_cleft 3407 0.0150660805 0.0487734051 0.00508114947 0 0 0
nt@synapse_cleft 3413 0.0237273617 0.0245014087 0.00151950919 0 0 0
nt@synapse_cleft 3415 -0.0221248505 0.0170747225 0.0115122431 0 0 0
nt@synapse_cleft 3419 -0.0268880159 0.0210726425 0.000413476275 0 0 0
nt@synapse_cleft 3429 0.0395998819 -0.0169777913 0.0198585138 0 0 0
nt@synapse_cleft 3432 0.0506057091 -0.0692793394 0.00043143272 0 0 0
nt@synapse_cleft 3445 0.00944211664 0.0138092841 0.018276577 0 0 0
nt@synapse_cleft 3451 0.0197898743 0.0105364328 0.00318894166 0 0 0
nt@synapse_cleft 3455 -0.00185040401 -0.00206653882 0.0108604292 0 0 0
nt@synapse_cleft 3467 -0.0661399527 0.00501380368 0.00631424606 0 0 0
nt@synapse_cleft 3470 0.0247388901 -0.0131113771 0.019502007 0 0 0
nt@synapse_cleft 3472 -0.0175481353 0.017612415 0.0175015013 0 0 0
nt@synapse_cleft 3474 0.0341567454 0.00137156134 0.00162973105 0 0 0
nt@synapse_cleft 3482 -0.066480306 -0.0466206241 0.0137783534 0 0 0
nt@synapse_cleft 3484 -0.00500783251 0.0204590779 0.0135166391 0 0 0
nt@synapse_cleft 3496 0.00152017462 -0.00682848807 0.0158958093 0 0 0
nt@synapse_cleft 3500 0.0227316554 -0.0326630837 0.0173467014 0 0 0
nt@synapse_cleft 3507 -0.0129795102 -0.0085901585 0.0195613214 0 0 0
nt@synapse_cleft 3511 0.018981055 -0.0214159309 0.00766615799 0 0 0
nt@synapse_cleft 3514 -0.00464456796 -0.0121341154 0.010487461 0 0 0
nt@synapse_cleft 3519 0.0390196435 -0.0408286131 0.0102619325 0 0 0
nt@synapse_cleft 3525 -0.0105627018 -0.0144883605 0.0130451064 0 0 0
nt@synapse_cleft 3526 0.0122114751 -0.0478333857 0.00432153652 0 0 0
nt@synapse_cleft 3535 0.00561569939 0.000861888269 0.00122535545 0 0 0
nt@synapse_cleft 3536 0.00024559121 0.00528577323 0.0174638599 0 0 0
nt@synapse_cleft 3538 -0.0247349202 0.0112182952 0.00200066857 0 0 0
nt@synapse_cleft 3542 0.00158024776 0.0402823992 0.00565297403 0 0 0
nt@synapse_cleft 3543 -0.0164298236 -0.0102492523 0.00212485656 0 0 0
nt@synapse_cleft 3546 0.0055123394 0.018140863 0.00979183057 0 0 0
nt@synapse_cleft 3561 -0.0216416338 0.00929960901 0.00651796749 0 0 0
nt@synapse_cleft 3562 -0.0594600123 -0.00460226942 0.00710737779 0 0 0
nt@synapse_cleft 3563 0.00940820735 -0.00926506938 0.0180251397 0 0 0
nt@synapse_cleft 3565 0.0306956458 -0.0348631565 6.16903318e-06 0 0 0
nt@synapse_cleft 3566 -0.00261589108 0.0498477817 0.000748016844 0 0 0
nt@synapse_cleft 3567 0.00312739547 0.0065132636 0.0117236527 0 0 0
nt@synapse_cleft 3568 0.0326638956 -0.0383728618 0.0119198678 0 0 0
nt@synapse_cleft 3569 0.0264967272 -0.0128119138 0.0100636676 0 0 0
nt@synapse_cleft 3575 -0.0106822542 0.00529841627 0.000417921949 0 0 0
nt@synapse_cleft 3576 0.0434015164 -0.00290742626 0.00613482898 0 0 0
nt@synapse_cleft 3579 -0.00259441267 -0.0198116122 0.00755161959 0 0 0
nt@synapse_cleft 3583 -0.00775029211 0.0103475058 0.0121643835 0 0 0
nt@synapse_cleft 3592 0.0382476704 0.0331609214 0.0173975195 0 0 0
nt@synapse_cleft 3597 0.017316708 -0.0479568628 0.0197353545 0 0 0
nt@synapse_cleft 3602 -0.0310762941 -0.0079111137 0.00787538653 0 0 0
nt@synapse_cleft 3603 -0.0109469041 0.0288074372 0.0179650917 0 0 0
nt@synapse_cleft 3606 -0.0120377573 0.000460440991 0.00749737726 0 0 0
nt@synapse_cleft 3610 -0.00119543136 0.0104694688 7.78539973e-05 0 0 0
nt@synapse_cleft 3611 0.0146116706 -0.00899609343 0.0076856325 0 0 0
nt@synapse_cleft 3616 -0.0229908586 0.0424426898 0.0152055517 0 0 0
nt@synapse_cleft 3617 0.00640871424 -0.0576129253 0.0132113694 0 0 0
nt@synapse_cleft 3620 0.00590568899 0.0216667764 0.0150625333 0 0 0
nt@synapse_cleft 3625 0.0287396902 0.00011163878 0.00741503137 0 0 0
nt@synapse_cleft 3630 0.0189566831 0.0208358099 0.0185565794 0 0 0
nt@synapse_cleft 3635 -0.0110409417 0.00971262809 0.00249230266 0 0 0
nt@synapse_cleft 3636 -0.0241677976 -0.00338209146 0.0153936 0 0 0
nt@synapse_cleft 3645 0.00136258375 -0.0199587258 0.00616908723 0 0 0
nt@synapse_cleft 3658 0.0112768755 -0.0214861768 0.0102512619 0 0 0
nt@synapse_cleft 3661 0.0305509955 0.00768960527 0.0195598347 0 0 0
nt@synapse_cleft 3664 0.0474668735 -0.0279539154 0.00446449449 0 0 0
nt@synapse_cleft 3667 -0.0197218401 0.00820314316 0.00955381847 0 0 0
nt@synapse_cleft 3670 0.0214854264 -0.0256280157 0.0160946341 0 0 0
nt@synapse_cleft 3681 0.0398889827 -0.0138308529 0.0131405198 0 0 0
nt@synapse_cleft 3689 -0.00423410283 -0.0172746906 0.0197922212 0 0 0
nt@synapse_cleft 3690 0.0249816929 -0.0182551857 0.0187963973 0 0 0
nt@synapse_cleft 3693 -0.0577195173 -0.0429047249 0.0112190428 0 0 0
nt@synapse_cleft 3706 0.0296304296 -0.00226408478 0.0175892893 0 0 0
nt@synapse_cleft 3707 -0.0423229757 -0.0145279521 0.0182249782 0 0 0
nt@synapse_cleft 3713 0.0284282538 -0.0204512309 0.01053593 0 0 0
nt@synapse_cleft 3714 -0.0578595624 -0.00711220447 0.00867214517 0 0 0
nt@synapse_cleft 3726 -0.0014469256 -0.064840797 0.0109580116 0 0 0
nt@synapse_cleft 3728 0.00178127095 0.0295725489 0.0024249422 0 0 0
nt@synapse_cleft 3730 0.0217142744 0.0283082093 0.0154948434 0 0 0
nt@synapse_cleft 3731 -0.00188780506 0.00423861099 0.0169609757 0 0 0
nt@synapse_cleft 3737 0.00152668359 0.0200629826 0.0189588581 0 0 0
nt@synapse_cleft 3738 -0.00332785367 0.0229315153 0.0140337345 0 0 0
nt@synapse_cleft 3739 0.00791438314 0.0529513982 0.00992905376 0 0 0
nt@synapse_cleft 3745 -0.00349047451 0.0139366997 0.0103738277 0 0 0
nt@synapse_cleft 3751 0.00425921985 0.000888017668 0.0113826009 0 0 0
nt@synapse_cleft 3758 -0.0212622323 -0.0348796201 0.00282399118 0 0 0
nt@synapse_cleft 3759 -0.00390988336 -0.0217518339 0.00793430094 0 0 0
nt@synapse_cleft 3760 -0.0160818868 0.0359623346 0.00108180053 0 0 0
nt@synapse_cleft 3763 0.0467399772 0.0387673785 0.00871013866 0 0 0
nt@synapse_cleft 3768 0.0137234352 -0.0237310053 0.0109980617 0 0 0
nt@synapse_cleft 3770 0.0115410495 0.00853437596 0.0182389608 0 0 0
nt@synapse_cleft 3771 0.0164040989 -0.00524163463 0.0172999103 0 0 0
nt@synapse_cleft 3775 0.00680854546 0.00263205812 0.0194864112 0 0 0
nt@synapse_cleft 3783 -0.0170439123 -0.0176131564 0.0171248228 0 0 0
nt@synapse_cleft 3788 -0.0284375906 -0.010324125 0.00033226272 0 0 0
nt@synapse_cleft 3793 -0.0141224324 -0.0190573428 0.0013480145 0 0 0
nt@synapse_cleft 3800 0.0340333519 0.00314692021 0.00957900285 0 0 0
nt@synapse_cleft 3802 0.0301707645 0.0203138502 0.0127962695 0 0 0
nt@synapse_cleft 3811 -0.0316398445 -0.00619459938 0.0199523954 0 0 0
nt@synapse_cleft 3827 0.00704074243 0.0320530611 0.00508215421 0 0 0
nt@synapse_cleft 3831 0.00348216032 -0.0358126707 0.00346615101 0 0 0
nt@synapse_cleft 3834 0.0416582203 -0.0213017968 0.0134088656 0 0 0
nt@synapse_cleft 3835 0.0245435664 -0.0379024039 0.0156919195 0 0 0
nt@synapse_cleft 3841 0.0175862632 -0.026304434 0.0116738873 0 0 0
nt@synapse_cleft 3844 -0.00393974546 -0.0114230244 0.000222883763 0 0 0
nt@synapse_cleft 3846 -0.019400109 0.0126670673 0.0059015171 0 0 0
nt@synapse_cleft 3848 0.0249594511 0.0210239372 0.016466826 0 0 0
nt@synapse_cleft 3850 -0.0331041536 0.00840055299 0.0110218825 0 0 0
nt@synapse_cleft 3859 0.0511171807 -0.00155559302 0.0160748766 0 0 0
nt@synapse_cleft 3879 0.0202555933 -0.0326630169 0.000451591065 0 0 0
nt@synapse_cleft 3886 0.0158898545 0.043972354 0.013873126 0 0 0
nt@synapse_cleft 3891 -0.000340302777 -0.014843288 0.0111329959 0 0 0
nt@synapse_cleft 3902 -0.0116965888 0.00339669593 0.0138151339 0 0 0
nt@synapse_cleft 3907 -0.0247979281 -0.0154931226 0.006609732 0 0 0
nt@synapse_cleft 3909 0.00636526528 0.0386858757 0.00607018371 0 0 0
nt@synapse_cleft 3917 -0.0061207163 -0.0232897637 0.00654426055 0 0 0
nt@synapse_cleft 3918 -0.00908570267 -0.0111644975 0.00997184146 0 0 0
nt@synapse_cleft 3921 0.0200160874 0.0368182639 0.0162494798 0 0 0
nt@synapse_cleft 3927 0.00657101434 0.0317870011 0.00668163396 0 0 0
nt@synapse_cleft 3932 0.0148870879 -0.0155504305 0.0111039322 0 0 0
nt@synapse_cleft 3940 -0.00115900518 -0.0267671617 0.00742656342 0 0 0
nt@synapse_cleft 3941 -0.0229728401 0.0134603631 0.00295368253 0 0 0
nt@synapse_cleft 3949 -0.0202208703 0.0071662379 0.00797353072 0 0 0
nt@synapse_cleft 3952 -0.0216604955 0.0141039641 0.00832801302 0 0 0
nt@synapse_cleft 3953 0.0169140609 -0.0174326752 0.00509319305 0 0 0
nt@synapse_cleft 3956 -0.0196721561 -0.0196198271 0.0140230208 0 0 0
nt@synapse_cleft 3957 0.0382865779 -0.00323539911 0.0171113125 0 0 0
nt@synapse_cleft 3958 0.018229726 0.0147889391 0.0109374324 0 0 0
nt@synapse_cleft 3962 -0.0323732436 0.0171629998 0.00988587731 0 0 0
nt@synapse_cleft 3963 0.0148887763 0.0398298216 0.0187549927 0 0 0
nt@synapse_cleft 3965 -0.0295848584 -0.00383851294 0.0147250648 0 0 0
nt@synapse_cleft 3967 0.0129966378 -0.0184440874 0.000731149873 0 0 0
nt@synapse_cleft 3968 0.0115540598 -0.0100962479 0.0177714112 0 0 0
nt@synapse_cleft 3973 0.0244997692 -0.00679223952 0.0192058541 0 0 0
nt@synapse_cleft 3974 -0.0323533665 0.0410282891 0.00305802121 0 0 0
nt@synapse_cleft 3977 0.00167618902 0.0259112106 0.00513166931 0 0 0
nt@synapse_cleft 3978 0.0179958413 0.000247017251 0.0084222373 0 0 0
nt@synapse_cleft 3983 -0.0214654859 -0.0387622279 0.00125015983 0 0 0
nt@synapse_cleft 3988 -0.00370828093 -0.0256762735 0.0132645216 0 0 0
nt@synapse_cleft 3989 0.047040352 -0.00257075505 0.0142293877 0 0 0
nt@synapse_cleft 3991 0.0761607409 -0.0312155517 0.00066359748 0 0 0
nt@synapse_cleft 3993 -0.0467915246 0.00578794574 0.011185102 0 0 0
nt@synapse_cleft 3997 -0.0595581051 -0.000795143359 0.0103819037 0 0 0
nt@synapse_cleft 3999 -0.0500182691 -0.00481116673 0.0179906624 0 0 0
nt@synapse_cleft 4011 0.0169054335 0.0121744127 0.00360914611 0 0 0
nt@synapse_cleft 4018 0.00876743272 0.0124754722 0.0084125449 0 0 0
nt@synapse_cleft 4024 -0.0128071778 0.0395798264 0.000587559824 0 0 0
nt@synapse_cleft 4025 -0.0362924061 -0.00750693722 0.00212468357 0 0 0
nt@synapse_cleft 4027 0.00991248764 -0.024079421 0.00369601571 0 0 0
nt@synapse_cleft 4028 -0.0215144575 0.0306691612 0.015919926 0 0 0
nt@synapse_cleft 4037 -0.025118473 0.0264376393 0.0126137858 0 0 0
nt@synapse_cleft 4040 0.0102211512 0.0188850497 0.0185449332 0 0 0
nt@synapse_cleft 4047 -0.00844470356 0.0156600653 0.0117277391 0 0 0
nt@synapse_cleft 4049 0.0239604126 -0.0004917488 0.0172895834 0 0 0
nt@synapse_cleft 4051 0.0154313454 0.0196030559 0.0142587846 0 0 0
nt@synapse_cleft 4064 0.00985619672 0.0108021573 0.0113701847 0 0 0
nt@synapse_cleft 4070 -0.0047152603 0.0103974972 0.0126643285 0 0 0
nt@synapse_cleft 4071 -0.0330727803 -0.0362087774 0.0184265902 0 0 0
nt@synapse_cleft 4087 -0.00596530751 0.0357388033 0.00281025234 0 0 0
nt@synapse_cleft 4094 0.0353459075 -0.0273595669 0.00229229229 0 0 0
nt@synapse_cleft 4095 0.0322235201 0.0157469881 0.0119220142 0 0 0
nt@synapse_cleft 4099 -0.0103713739 0.0253746868 7.94133267e-06 0 0 0
nt@synapse_cleft 4102 0.0274714658 -0.0268278655 0.0133572568 0 0 0
nt@synapse_cleft 4103 -0.00641797179 -0.00546290322 0.00423774236 0 0 0
nt@synapse_cleft 4106 0.0198740853 0.0134445788 0.00660749158 0 0 0
nt@synapse_cleft 4110 -0.0260331139 0.0238200287 0.010334598 0 0 0
nt@synapse_cleft 4111 0.0527624519 0.0127038125 0.000338993284 0 0 0
nt@synapse_cleft 4115 -0.00160508326 0.0211008001 0.0171079499 0 0 0
nt@synapse_cleft 4116 0.0129151983 0.00140570596 0.0077748295 0 0 0
nt@synapse_cleft 4119 0.018073174 -0.0241013404 0.0141050945 0 0 0
nt@synapse_cleft 4123 -0.00225450111 0.0133709107 0.0190787315 0 0 0
nt@synapse_cleft 4126 0.0203281894 -0.0257863672 0.00568835533 0 0 0
nt@synapse_cleft 4129 -0.0159194871 0.00137896404 0.0146158695 0 0 0
nt@synapse_cleft 4131 -0.0280098872 0.0255990531 0.0197271431 0 0 0
nt@synapse_cleft 4132 0.0252807083 0.0235214941 0.0198232594 0 0 0
nt@synapse_cleft 4135 0.00181715131 -0.0149462184 0.000175846354 0 0 0
nt@synapse_cleft 4144 0.0182014642 -0.0105338773 0.000197267345 0 0 0
nt@synapse_cleft 4150 -0.0467916303 -0.0607949683 0.0062339135 0 0 0
nt@synapse_cleft 4153 0.0050191642 -0.0129285239 0.00656794395 0 0 0
nt@synapse_cleft 4155 0.0142840338 -0.0524770806 0.0148047622 0 0 0
nt@synapse_cleft 4156 0.0289196731 0.00362714285 0.0109254488 0 0 0
nt@synapse_cleft 4157 0.016282365 0.0140110281 0.0189021012 0 0 0
nt@synapse_cleft 4158 0.00178812463 -0.00348400533 0.0109496178 0 0 0
nt@synapse_cleft 4162 0.0258165873 -0.0208839513 0.00538801543 0 0 0
nt@synapse_cleft 4163 -0.00895831317 0.0277381636 0.00146423156 0 0 0
nt@synapse_cleft 4170 -0.056217332 0.00122636475 0.0156081835 0 0 0
nt@synapse_cleft 4177 -0.0438942774 0.0663960763 0.0119170436 0 0 0
nt@synapse_cleft 4178 -0.0154322035 -0.0360695188 0.00395535912 0 0 0
nt@synapse_cleft 4184 -0.00171957555 -0.0121938818 0.00696122854 0 0 0
nt@synapse_cleft 4187 -0.0333992416 -0.00869922687 0.0166090182 0 0 0
nt@synapse_cleft 4193 -0.00891657591 -0.0370426064 0.0122078534 0 0 0
nt@synapse_cleft 4196 -0.0182792448 0.00493359968 0.000313171387 0 0 0
nt@synapse_cleft 4210 0.0174236691 0.000545552742 0.0161640896 0 0 0
nt@synapse_cleft 4214 -0.0381630899 0.00088182909 0.016663453 0 0 0
nt@synapse_cleft 4215 0.0228406121 -0.0557079089 0.00379372311 0 0 0
nt@synapse_cleft 4220 -0.00173266734 -0.0247465851 0.0183143306 0 0 0
nt@synapse_cleft 4228 0.0342921037 -0.00961396915 0.00255364835 0 0 0
nt@synapse_cleft 4230 -0.0167516997 0.0395215265 0.00493322907 0 0 0
nt@synapse_cleft 4233 0.0195327281 0.014105355 0.0119538425 0 0 0
nt@synapse_cleft 4234 -0.00115736675 -0.0147623864 0.00242515305 0 0 0
nt@synapse_cleft 4236 0.000906647539 0.0183243781 0.0198486247 0 0 0
nt@synapse_cleft 4237 0.00348825876 -0.0168666579 0.0143677023 0 0 0
nt@synapse_cleft 4238 -0.0243817521 -0.0218929922 0.00459186006 0 0 0
nt@synapse_cleft 4241 -0.0491646437 0.0109429307 0.0084560119 0 0 0
nt@synapse_cleft 4242 0.0173540671 -0.0157509583 0.0172218803 0 0 0
nt@synapse_cleft 4252 0.045588216 -0.00392945311 0.014638394 0 0 0
nt@synapse_cleft 4254 -0.0142569328 0.0346369982 0.00539078077 0 0 0
nt@synapse_cleft 4255 -0.0291503385 -0.0412794805 0.0196681064 0 0 0
nt@synapse_cleft 4271 0.00902642879 -0.0106557222 0.0189832888 0 0 0
nt@synapse_cleft 4272 -0.00759381126 0.0286003196 0.0119501798 0 0 0
nt@synapse_cleft 4279 0.0115881325 -0.0316211612 0.0167008564 0 0 0
nt@synapse_cleft 4283 -0.0178636522 -0.00521453879 0.0062631663 0 0 0
nt@synapse_cleft 4284 0.0439373741 -0.0185543883 0.010547046 0 0 0
nt@synapse_cleft 4285 -0.0335765493 0.0496186658 0.00771923668 0 0 0
nt@synapse_cleft 4288 0.0194797352 -0.0262306975 0.0174677631 0 0 0
nt@synapse_cleft 4293 -0.00543736029 -0.0212666013 0.0114853712 0 0 0
nt@synapse_cleft 4297 0.0362259883 -0.0150378515 0.00148483461 0 0 0
nt@synapse_cleft 4301 0.0069760691 -0.00785723182 0.00482892513 0 0 0
nt@synapse_cleft 4312 -0.0222917474 -0.0283752355 0.0104935 0 0 0
nt@synapse_cleft 4317 -0.0112895286 0.0369499939 0.00314419932 0 0 0
nt@synapse_cleft 4326 0.0243362064 -0.00787481472 0.0128370589 0 0 0
nt@synapse_cleft 4330 -0.0177340089 0.00460939069 0.01555235 0 0 0
nt@synapse_cleft 4334 0.00517680449 0.0041087679 0.000201894781 0 0 0
nt@synapse_cleft 4339 0.00108224594 -0.013306074 0.00961270097 0 0 0
nt@synapse_cleft 4343 -0.0232647002 -0.0370170353 0.0106200898 0 0 0
nt@synapse_cleft 4346 -0.000433215549 -0.00773323135 0.0173118688 0 0 0
nt@synapse_cleft 4351 0.0456853809 0.0105713416 0.00668990581 0 0 0
nt@synapse_cleft 4359 0.0208856353 0.0161093468 0.00285660959 0 0 0
nt@synapse_cleft 4360 0.0212006805 0.0100413039 0.0164366732 0 0 0
nt@synapse_cleft 4363 -0.0389389407 0.00818717501 0.0111995166 0 0 0
nt@synapse_cleft 4365 0.0146961192 0.0223988963 0.0113448841 0 0 0
nt@synapse_cleft 4372 -0.00256705994 -0.025616426 0.00739554143 0 0 0
nt@synapse_cleft 4374 -0.0186527964 -0.0139126831 0.0159047147 0 0 0
nt@synapse_cleft 4376 -0.0181369388 -0.000612791065 0.000647283121 0 0 0
nt@synapse_cleft 4381 -0.0140944211 -0.0409260756 0.00130945206 0 0 0
nt@synapse_cleft 4386 -0.017571975 -0.0337068277 0.00261528231 0 0 0
nt@synapse_cleft 4391 0.0265257004 -0.033384958 0.0100180716 0 0 0
nt@synapse_cleft 4392 -0.0116230285 0.00137690737 0.00417176964 0 0 0
nt@synapse_cleft 4394 0.0120654743 -0.0041285375 0.00302178299 0 0 0
nt@synapse_cleft 4395 0.031685282 -0.0323181835 0.0190234631 0 0 0
nt@synapse_cleft 4396 0.0136410129 -0.0520447138 0.00362857577 0 0 0
nt@synapse_cleft 4398 -0.0104607658 0.0092700011 0.0148488082 0 0 0
nt@synapse_cleft 4399 0.0271934516 0.0375728712 0.0170031055 0 0 0
nt@synapse_cleft 4403 -0.0183585688 -0.0128878352 0.0157862352 0 0 0
nt@synapse_cleft 4405 -0.0345815372 -0.0195827186 0.00824560967 0 0 0
nt@synapse_cleft 4414 -0.00130359663 -0.0248484069 0.00108788028 0 0 0
nt@synapse_cleft 4416 -0.0101100464 -0.00186163897 0.0162074349 0 0 0
nt@synapse_cleft 4423 0.0330136373 -0.0173245324 0.0196527389 0 0 0
nt@synapse_cleft 4424 -0.027063789 -0.0149745657 0.00516088276 0 0 0
nt@synapse_cleft 4426 0.00841303761 -0.0141142512 0.0132908535 0 0 0
nt@synapse_cleft 4430 -0.00737683809 0.00749130195 0.00198817283 0 0 0
nt@synapse_cleft 4431 0.0233834782 -0.017169922 0.00390893802 0 0 0
nt@synapse_cleft 4434 0.0219700376 -0.0300341908 0.0170214119 0 0 0
nt@synapse_cleft 4436 0.0214613501 0.0182212505 0.0104604396 0 0 0
nt@synapse_cleft 4446 0.00819455138 0.0435959612 0.0196964793 0 0 0
nt@synapse_cleft 4449 0.0255798944 0.0501339824 0.0186503204 0 0 0
nt@synapse_cleft 4464 0.00143588025 -0.0268553647 0.0143855119 0 0 0
nt@synapse_cleft 4470 -0.00640301797 -0.0331269626 0.0198149184 0 0 0
nt@synapse_cleft 4473 -0.00512360492 -0.0147575491 0.00308972801 0 0 0
nt@synapse_cleft 4478 -0.0144934939 0.0233135327 0.017335736 0 0 0
nt@synapse_cleft 4480 0.00937570701 0.0353273007 0.0181434862 0 0 0
nt@synapse_cleft 4482 -0.0253301105 -0.00136782249 0.00738283605 0 0 0
nt@synapse_cleft 4485 0.0190833086 -0.00893406581 0.00803726982 0 0 0
nt@synapse_cleft 4488 0.0249913942 -0.00320904155 0.0176428327 0 0 0
nt@synapse_cleft 4489 0.00921241152 -0.00823092962 0.00480606936 0 0 0
nt@synapse_cleft 4496 -0.0506408966 0.0376233316 0.0103394929 0 0 0
nt@synapse_cleft 4499 -0.00926603193 0.0146402226 0.0190753995 0 0 0
nt@synapse_cleft 4501 0.00681986852 0.00836607431 0.018295444 0 0 0
nt@synapse_cleft 4514 -0.000611695513 0.0206213176 0.0108810199 0 0 0
nt@synapse_cleft 4517 -0.0411785655 0.0249893594 0.00789158525 0 0 0
nt@synapse_cleft 4524 0.000534434576 -0.0385259646 0.0149180691 0 0 0
nt@synapse_cleft 4527 0.027068334 -0.019830529 0.0149384689 0 0 0
nt@synapse_cleft 4538 -0.0325278213 -0.0331781128 0.0126619873 0 0 0
nt@synapse_cleft 4540 0.0273904182 -0.0119761011 0.00918299846 0 0 0
nt@synapse_cleft 4542 0.0144295628 0.0307871143 0.00171734551 0 0 0
nt@synapse_cleft 4545 -0.0267053959 0.0263664411 0.0178088869 0 0 0
nt@synapse_cleft 4551 -0.0155417542 0.0237278858 0.0170374352 0 0 0
nt@synapse_cleft 4553 -0.0294474253 0.00505134352 0.00935488221 0 0 0
nt@synapse_cleft 4559 -0.0180522418 0.036566293 0.0141866618 0 0 0
nt@synapse_cleft 4565 -0.039657441 -0.0141920491 0.0108514444 0 0 0
nt@synapse_cleft 4572 0.00558176787 -0.000590283171 0.00490178827 0 0 0
nt@synapse_cleft 4574 0.0377628673 -0.0183004102 0.00302413909 0 0 0
nt@synapse_cleft 4576 -0.0413168536 -0.0286670337 0.00881830063 0 0 0
nt@synapse_cleft 4583 -0.0119712508 -0.00317328952 0.00411787106 0 0 0
nt@synapse_cleft 4587 0.0203266744 -0.00165054223 0.0125717562 0 0 0
nt@synapse_cleft 4590 -0.0394023336 -0.0239121894 0.0121757623 0 0 0
nt@synapse_cleft 4593 -0.0407395855 0.0441754568 0.0177130382 0 0 0
nt@synapse_cleft 4594 0.000691035913 0.00535468004 0.00744074583 0 0 0
nt@synapse_cleft 4595 0.0340304927 -0.0293717402 0.0113303384 0 0 0
nt@synapse_cleft 4600 -0.0319349012 0.00546465551 0.00469230885 0 0 0
nt@synapse_cleft 4613 0.05913776 0.001268391 0.0010440703 0 0 0
nt@synapse_cleft 4620 0.00444541036 -0.0070682173 0.0124919354 0 0 0
nt@synapse_cleft 4622 0.052236113 0.0479483916 0.00686096516 0 0 0
nt@synapse_cleft 4624 0.0137621104 -0.0208505342 0.015706027 0 0 0
nt@synapse_cleft 4626 0.0234363811 0.00302579434 0.0155919685 0 0 0
nt@synapse_cleft 4628 0.00469465543 0.0130975833 0.00757210758 0 0 0
nt@synapse_cleft 4654 0.0120333316 -0.0313661177 0.0126072952 0 0 0
nt@synapse_cleft 4658 -0.0322563195 0.0273963103 0.00581156232 0 0 0
nt@synapse_cleft 4659 -0.0447964245 0.0215280928 0.0147850897 0 0 0
nt@synapse_cleft 4660 0.0332779228 -0.0318002786 0.00415925063 0 0 0
nt@synapse_cleft 4661 0.00824289482 -0.0370105877 0.0102681239 0 0 0
nt@synapse_cleft 4664 0.0095882357 -0.00416047946 0.00419147409 0 0 0
nt@synapse_cleft 4666 0.0656245641 0.0200266291 0.0118896284 0 0 0
nt@synapse_cleft 4671 0.000870046527 -0.0164930895 0.00406266641 0 0 0
nt@synapse_cleft 4681 0.0085771373 -0.0234927511 0.00867310833 0 0 0
nt@synapse_cleft 4687 0.00608594525 -0.00217483184 0.0160457147 0 0 0
nt@synapse_cleft 4699 -0.0312965259 0.0160731989 0.00636666988 0 0 0
nt@synapse_cleft 4700 -0.0339792685 0.0558844192 0.0146488458 0 0 0
nt@synapse_cleft 4701 0.0228900198 0.0195229029 0.0164950476 0 0 0
nt@synapse_cleft 4706 0.0147649298 -0.00482470074 0.00712519763 0 0 0
nt@synapse_cleft 4709 -0.00522922928 0.00239954376 0.00169492751 0 0 0
nt@synapse_cleft 4710 -0.0204488486 -0.0458467651 0.0020493257 0 0 0
nt@synapse_cleft 4718 0.0492301692 0.00920011571 0.00964442441 0 0 0
nt@synapse_cleft 4732 -0.0098434574 0.0176580987 0.0129534177 0 0 0
nt@synapse_cleft 4736 0.00563575222 0.00138850426 0.00478387034 0 0 0
nt@synapse_cleft 4746 -0.0473130146 -0.00572564535 0.00947038116 0 0 0
nt@synapse_cleft 4750 0.0126081372 -0.0668807158 0.00783274921 0 0 0
nt@synapse_cleft 4753 -0.0121482152 0.00195282428 0.011319005 0 0 0
nt@synapse_cleft 4754 -0.00924298624 0.00923963234 0.0114748546 0 0 0
nt@synapse_cleft 4756 -0.0147766164 0.0169200997 0.0106261379 0 0 0
nt@synapse_cleft 4758 -0.0397413659 0.0224919023 0.0135388635 0 0 0
nt@synapse_cleft 4764 0.0137839309 -0.0139976769 0.00407071105 0 0 0
nt@synapse_cleft 4767 -0.00335856292 0.0224182114 0.000950718292 0 0 0
nt@synapse_cleft 4779 0.0300729552 -0.0306298222 0.00292496199 0 0 0
nt@synapse_cleft 4784 0.0201054767 0.00980499245 0.0190523974 0 0 0
nt@synapse_cleft 4786 -0.0150882116 0.00628889622 0.00727898161 0 0 0
nt@synapse_cleft 4791 0.0405657469 -0.0137445151 0.0061216139 0 0 0
nt@synapse_cleft 4793 -0.0351871011 0.0223095119 0.016081165 0 0 0
nt@synapse_cleft 4800 0.010965916 -0.00857911934 0.00346833207 0 0 0
nt@synapse_cleft 4801 -0.0171335592 0.00394704348 0.00665202305 0 0 0
nt@synapse_cleft 4807 0.0117832554 -0.0168104911 0.0147644992 0 0 0
nt@synapse_cleft 4809 -0.036930234 -0.0384806486 0.0158977806 0 0 0
nt@synapse_cleft 4814 -0.0276372659 0.0301827122 0.00479919798 0 0 0
nt@synapse_cleft 4816 -0.0337972982 -0.0178989257 0.0136667862 0 0 0
nt@synapse_cleft 4822 -0.00853668986 -0.0225903303 0.0142087056 0 0 0
nt@synapse_cleft 4823 -0.00310186099 0.0160878692 0.0164794467 0 0 0
nt@synapse_cleft 4824 -0.00123047693 -0.033454687 0.00199470939 0 0 0
nt@synapse_cleft 4829 0.0246162209 -0.0619996936 0.00808777213 0 0 0
nt@synapse_cleft 4830 -0.0161391747 0.0139446658 0.0198130143 0 0 0
nt@synapse_cleft 4833 -0.00933737431 -0.0321840376 0.018520712 0 0 0
nt@synapse_cleft 4838 -0.0127326355 0.0288907624 0.0192663744 0 0 0
nt@synapse_cleft 4839 0.00323703472 -0.00396260553 0.00854376138 0 0 0
nt@synapse_cleft 4844 0.0595152609 -0.0170553069 0.0140390927 0 0 0
nt@synapse_cleft 4852 -0.0317882613 -0.0160653557 0.0108216351 0 0 0
nt@synapse_cleft 4855 0.0219066356 0.014404083 0.0168712265 0 0 0
nt@synapse_cleft 4869 -0.0439578319 0.0186035145 0.0126407308 0 0 0
nt@synapse_cleft 4871 0.0190100415 0.0137320915 0.00568198635 0 0 0
nt@synapse_cleft 4880 -0.0171638886 -0.0177311209 0.012588208 0 0 0
nt@synapse_cleft 4882 -0.017199486 -0.0277186167 0.000548762446 0 0 0
nt@synapse_cleft 4883 -0.037195672 0.00322872976 0.0116333723 0 0 0
nt@synapse_cleft 4890 -0.0156963629 0.00534929713 0.00879689046 0 0 0
nt@synapse_cleft 4891 0.00145164038 -0.011368127 0.00798911005 0 0 0
nt@synapse_cleft 4892 -0.0176832073 0.023804045 0.0168449373 0 0 0
nt@synapse_cleft 4896 -0.015277126 -0.0254866797 0.0116542794 0 0 0
nt@synapse_cleft 4897 0.0337124779 -0.0200834455 0.00909013788 0 0 0
nt@synapse_cleft 4901 0.00814960265 0.0120025713 0.00102409318 0 0 0
nt@synapse_cleft 4905 -0.0131147509 -0.0126560483 0.00488363694 0 0 0
nt@synapse_cleft 4906 0.000119283158 -0.0273204483 0.0106282404 0 0 0
nt@synapse_cleft 4918 -0.0131907257 0.0136642142 0.0119774878 0 0 0
nt@synapse_cleft 4919 0.0125515794 0.00834596943 0.0134560594 0 0 0
nt@synapse_cleft 4925 0.00856108793 0.00504142388 0.010428975 0 0 0
nt@synapse_cleft 4928 0.00246014617 0.0584572013 0.00679531365 0 0 0
nt@synapse_cleft 4931 0.0143943815 -0.00744463246 0.0177432603 0 0 0
nt@synapse_cleft 4937 -0.0452579066 0.00168756885 0.00497463439 0 0 0
nt@synapse_cleft 4946 -0.0213189108 0.0249351234 0.00992143832 0 0 0
nt@synapse_cleft 4956 0.0186510011 -0.00591734948 0.00801613073 0 0 0
nt@synapse_cleft 4967 -0.00896768061 0.00543668097 0.00451034867 0 0 0
nt@synapse_cleft 4972 0.0277929617 -0.0179758699 0.0122410536 0 0 0
nt@synapse_cleft 4973 0.000317161989 0.0507267915 0.0185785795 0 0 0
nt@synapse_cleft 4979 -0.00366298197 -0.00536732352 0.00295629731 0 0 0
nt@synapse_cleft 4980 0.00933811968 0.00913863891 0.015667872 0 0 0
nt@synapse_cleft 4981 0.00433643444 -0.0304389086 0.0107907299 0 0 0
nt@synapse_cleft 4982 0.0083583922 -0.00876476059 0.0172634728 0 0 0
nt@synapse_cleft 4983 -0.0175573802 0.0254063802 0.00598362804 0 0 0
nt@synapse_cleft 4988 0.0145053126 -0.0186681783 0.00441977512 0 0 0
nt@synapse_cleft 4989 -0.00321294916 -0.0186058042 0.0142729848 0 0 0
nt@synapse_cleft 4991 0.000293893656 -0.0168946949 0.00893803837 0 0 0
nt@synapse_cleft 5004 -0.0210166952 0.0212139715 0.000675453601 0 0 0
nt@synapse_cleft 5006 -0.00211544901 -0.010751798 0.00204371369 0 0 0
nt@synapse_cleft 5009 -0.0325458617 0.0194395429 0.0044698861 0 0 0
nt@synapse_cleft 5011 -0.0147276794 -0.017852659 0.00530100143 0 0 0
nt@synapse_cleft 5015 -0.0180115989 -0.0155572991 0.0124924888 0 0 0
nt@synapse_cleft 5024 -0.00796795946 -0.00597695953 0.00805527068 0 0 0
nt@synapse_cleft 5044 -0.0306350047 0.00781926317 0.014144935 0 0 0
nt@synapse_cleft 5045 0.0341072607 0.0291891395 0.00614379739 0 0 0
nt@synapse_cleft 5046 0.000267068971 -0.0101201033 0.01067607 0 0 0
nt@synapse_cleft 5052 -0.00701599071 -0.0087116622 0.00730365727 0 0 0
nt@synapse_cleft 5055 -0.0132411334 0.0120477561 0.0104192893 0 0 0
nt@synapse_cleft 5059 -0.0348391264 0.0363872404 0.0175841471 0 0 0
nt@synapse_cleft 5061 0.0241261782 -0.0258883735 0.00274923235 0 0 0
nt@synapse_cleft 5063 -0.0294926471 0.0285248523 0.0125865214 0 0 0
nt@synapse_cleft 5077 0.0470370913 -0.0148977809 0.00647738178 0 0 0
nt@synapse_cleft 5081 0.0131507784 0.0106973643 0.000362299519 0 0 0
nt@synapse_cleft 5082 0.00133424826 0.0510900108 0.00404833329 0 0 0
nt@synapse_cleft 5086 0.0218025111 0.0380084523 0.00613229943 0 0 0
nt@synapse_cleft 5106 0.00324135598 -0.0171356429 0.00442928912 0 0 0
nt@synapse_cleft 5133 -0.0131447659 0.0279503598 0.0129497174 0 0 0
nt@synapse_cleft 5145 0.020622732 0.0311605062 0.0148311397 0 0 0
nt@synapse_cleft 5154 0.00865113833 0.0275656889 0.0140049564 0 0 0
nt@synapse_cleft 5159 -0.0319854872 -0.000645855044 0.00783264167 0 0 0
nt@synapse_cleft 5163 -0.00387568334 0.0188130818 0.011564051 0 0 0
nt@synapse_cleft 5164 0.00835948502 -0.00950109601 0.00502109486 0 0 0
nt@synapse_cleft 5173 -0.0432339466 -0.00555669524 0.017856664 0 0 0
nt@synapse_cleft 5176 -0.0219950505 0.056328481 0.0169054592 0 0 0
nt@synapse_cleft 5179 0.0234999956 0.0109515377 0.00647964882 0 0 0
nt@synapse_cleft 5182 0.0539864368 0.0100652391 0.00588268187 0 0 0
nt@synapse_cleft 5183 0.0403426021 0.00479941079 0.0153437448 0 0 0
nt@synapse_cleft 5193 0.029878392 0.00358437037 0.0194963883 0 0 0
nt@synapse_cleft 5196 -0.00193587602 -0.00383354356 0.0105814396 0 0 0
nt@synapse_cleft 5198 -0.00117459453 -0.0252546906 0.00527134112 0 0 0
