nt@synapse_cleft 0 0.00412513197 -0.00220721885 0.0161652836 0 0 0
nt@synapse_cleft 2 -0.0416337481 0.0140869697 0.0068722974 0 0 0
nt@synapse_cleft 7 -0.00247903667 0.00821226856 0.019699245 0 0 0
nt@synapse_cleft 9 0.00214443652 -0.0182043003 0.00415246953 0 0 0
nt@synapse_cleft 12 0.00844539574 0.0323873372 0.0132010237 0 0 0
nt@synapse_cleft 15 -0.0148579662 0.0151379394 0.0073904725 0 0 0
nt@synapse_cleft 17 0.0100660914 0.00303725884 0.00511146366 0 0 0
nt@synapse_cleft 23 0.00489623304 -0.0469467422 0.010361637 0 0 0
nt@synapse_cleft 26 -0.0277732628 -0.00124301333 0.0103488934 0 0 0
nt@synapse_cleft 30 0.0187230842 -0.0320900885 0.00342003675 0 0 0
nt@synapse_cleft 35 -0.0186596838 0.00848333979 0.0156105668 0 0 0
nt@synapse_cleft 42 0.011398353 0.00475670697 0.0152734082 0 0 0
nt@synapse_cleft 45 -0.00832307429 0.0215835707 0.0114635776 0 0 0
nt@synapse_cleft 54 0.0117197576 0.0289486679 0.0160381295 0 0 0
nt@synapse_cleft 56 -0.0217843202 -0.0191737482 0.0178901415 0 0 0
nt@synapse_cleft 59 0.021490481 0.0152995482 0.0157468867 0 0 0
nt@synapse_cleft 69 0.0195045897 -0.00577457529 0.00466244526 0 0 0
nt@synapse_cleft 72 -0.0188379644 0.0102464704 0.0149914357 0 0 0
nt@synapse_cleft 81 0.0110186172 -0.0314737835 0.000334187959 0 0 0
nt@synapse_cleft 87 -0.0293164059 -0.0154278686 0.0194935211 0 0 0
nt@synapse_cleft 89 0.024769272 -0.00155402627 0.0086223313 0 0 0
nt@synapse_cleft 100 -0.0177449644 -0.0153644641 0.0147879412 0 0 0
nt@synapse_cleft 102 -0.0280472662 0.0213314866 0.00352407362 0 0 0
nt@synapse_cleft 103 0.0195191766 -0.0268989953 0.00707222533 0 0 0
nt@synapse_cleft 111 -0.0364957775 0.0377479175 0.0136745926 0 0 0
nt@synapse_cleft 114 0.0403927675 -0.0255459535 0.0142561413 0 0 0
nt@synapse_cleft 115 -0.00579841659 -0.0503181817 0.000460094456 0 0 0
nt@synapse_cleft 116 -0.0200196035 -0.0156688395 0.00489672203 0 0 0
nt@synapse_cleft 118 0.0216906976 -0.00495091239 0.0189678843 0 0 0
nt@synapse_cleft 127 -0.0157188146 -0.0216179784 0.0176212189 0 0 0
nt@synapse_cleft 135 -0.0181373458 -0.0189909268 0.0156815229 0 0 0
nt@synapse_cleft 137 -0.0514729606 -0.0304584239 0.0086998251 0 0 0
nt@synapse_cleft 143 -0.00627020302 -0.0445901759 0.0111613617 0 0 0
nt@synapse_cleft 148 -0.00234626097 0.0484067555 0.00683655863 0 0 0
nt@synapse_cleft 150 -0.0265161646 0.0121637613 0.00196044615 0 0 0
nt@synapse_cleft 156 -0.0207304076 0.00495377135 0.0136054036 0 0 0
nt@synapse_cleft 157 -0.03545994 0.0175886207 0.0156791368 0 0 0
nt@synapse_cleft 160 0.00937052625 0.00367482389 0.0141767289 0 0 0
nt@synapse_cleft 162 -0.0134773577 -0.019662273 0.00789578771 0 0 0
nt@synapse_cleft 167 -0.000865057204 -0.0366917872 0.012010876 0 0 0
nt@synapse_cleft 168 -0.0184763688 -0.0221482795 0.019482686 0 0 0
nt@synapse_cleft 186 -0.0232801849 -0.0206183768 0.0197167831 0 0 0
nt@synapse_cleft 188 -0.0220685754 0.00106144483 0.00653145045 0 0 0
nt@synapse_cleft 192 -0.00852403874 0.0294739986 0.00462087287 0 0 0
nt@synapse_cleft 194 -0.000996683996 -0.0161748686 0.0172177236 0 0 0
nt@synapse_cleft 195 0.0182467573 0.0332144392 0.00473833529 0 0 0
nt@synapse_cleft 197 0.00814136313 -0.00911731914 0.0102840003 0 0 0
nt@synapse_cleft 199 0.02848151 0.0182574083 0.0187315216 0 0 0
nt@synapse_cleft 203 0.00597616179 -0.00698078315 0.00233557952 0 0 0
nt@synapse_cleft 206 -0.00300511904 -0.0126136111 0.017310022 0 0 0
nt@synapse_cleft 210 -0.0317712004 0.0090733802 0.00761689378 0 0 0
nt@synapse_cleft 219 0.0244854506 0.0474552128 0.0161911417 0 0 0
nt@synapse_cleft 224 -0.0101824557 0.053859857 0.00409001423 0 0 0
nt@synapse_cleft 227 -0.0210081326 0.0337213861 0.0160389446 0 0 0
nt@synapse_cleft 231 0.014416973 0.0421539991 0.0197776084 0 0 0
nt@synapse_cleft 235 0.0148321307 -0.0345641632 0.00696193852 0 0 0
nt@synapse_cleft 244 -0.0281880748 0.00638020179 0.0107728103 0 0 0
nt@synapse_cleft 246 -0.0285095171 0.0235342804 0.0123543631 0 0 0
nt@synapse_cleft 248 0.0214707165 -0.0288480531 0.0179480877 0 0 0
nt@synapse_cleft 256 -0.0454621167 -0.0116439911 0.00594276821 0 0 0
nt@synapse_cleft 263 0.0439916656 0.0204898279 0.0109011415 0 0 0
nt@synapse_cleft 268 -0.00748958259 -0.0112933455 0.0135520628 0 0 0
nt@synapse_cleft 272 0.0074863786 -0.0319000788 0.018279631 0 0 0
nt@synapse_cleft 284 -0.0284866604 0.0800450354 0.0171774645 0 0 0
nt@synapse_cleft 289 -0.0346113537 0.0530843907 0.00126019108 0 0 0
nt@synapse_cleft 293 0.0310195256 -0.00386080676 0.0126682358 0 0 0
nt@synapse_cleft 297 -0.0122258004 -0.0141223429 0.00511297615 0 0 0
nt@synapse_cleft 304 -0.00947413403 0.0214732747 0.0182657314 0 0 0
nt@synapse_cleft 306 0.0210480805 -0.027145197 0.00670655845 0 0 0
nt@synapse_cleft 307 0.0200684244 0.0124216983 0.0174439246 0 0 0
nt@synapse_cleft 308 0.0180265465 0.022592652 0.0112222463 0 0 0
nt@synapse_cleft 310 0.0251496441 -0.0149067219 0.00476587629 0 0 0
nt@synapse_cleft 318 -0.0276407684 0.00530278771 0.0187382043 0 0 0
nt@synapse_cleft 319 0.060386665 0.00212494451 0.0176295602 0 0 0
nt@synapse_cleft 321 0.046082309 0.0132423534 0.00646862619 0 0 0
nt@synapse_cleft 325 -0.0643527774 0.061382947 0.00256799626 0 0 0
nt@synapse_cleft 331 0.045191267 -0.0207967017 0.0189115623 0 0 0
nt@synapse_cleft 334 0.0217800396 -0.0103640465 0.0160911626 0 0 0
nt@synapse_cleft 335 0.0241450444 0.0207264646 0.0119658573 0 0 0
nt@synapse_cleft 339 -0.0437520566 -0.03725062 0.000507381506 0 0 0
nt@synapse_cleft 347 0.0142438087 -0.00969980647 0.00883745183 0 0 0
nt@synapse_cleft 348 0.0130295145 -0.00582368755 0.0100083989 0 0 0
nt@synapse_cleft 350 0.0147404118 0.00749438687 0.00071792784 0 0 0
nt@synapse_cleft 352 -0.0138041725 0.00267009642 0.00302727358 0 0 0
nt@synapse_cleft 356 -0.0315147001 0.0198393047 0.00629321934 0 0 0
nt@synapse_cleft 361 -0.0305529941 0.0125866919 0.0164027622 0 0 0
nt@synapse_cleft 364 -0.014787676 -0.0368158215 0.016341532 0 0 0
nt@synapse_cleft 371 -0.0172542083 0.0466365544 0.00498375213 0 0 0
nt@synapse_cleft 372 -0.00925754728 0.0168861103 0.0116798916 0 0 0
nt@synapse_cleft 376 -0.00148781211 0.00774976851 0.0175235909 0 0 0
nt@synapse_cleft 381 -0.0193037755 -0.0136913484 0.00657156367 0 0 0
nt@synapse_cleft 383 -0.00693486473 0.0286499459 0.0155476849 0 0 0
nt@synapse_cleft 385 0.017533945 0.0194755075 0.0171297783 0 0 0
nt@synapse_cleft 388 -0.00871109591 0.00890701026 0.0197921173 0 0 0
nt@synapse_cleft 391 0.0283912822 -0.0419059248 0.00997401627 0 0 0
nt@synapse_cleft 392 0.000171737714 0.00687460859 0.0173882471 0 0 0
nt@synapse_cleft 395 -0.00177752565 -0.0287290672 0.00293174918 0 0 0
nt@synapse_cleft 397 0.0116269624 0.0210755718 0.0116636837 0 0 0
nt@synapse_cleft 399 -0.0168924917 0.0157273761 0.00474222991 0 0 0
nt@synapse_cleft 402 0.00473674539 0.0446956635 0.000606565991 0 0 0
nt@synapse_cleft 406 -0.0213252564 -0.0345693309 0.011978633 0 0 0
nt@synapse_cleft 415 0.000758581094 -0.0155829284 0.000405162711 0 0 0
nt@synapse_cleft 421 -0.0380062968 0.0323147285 0.0141053601 0 0 0
nt@synapse_cleft 426 0.0348124806 -0.0163862086 0.00674449991 0 0 0
nt@synapse_cleft 429 -0.0171048794 0.0337233234 0.0156108228 0 0 0
nt@synapse_cleft 440 0.0241081436 0.0045291029 0.00435295295 0 0 0
nt@synapse_cleft 444 0.0049026977 0.0275946817 0.0163162929 0 0 0
nt@synapse_cleft 449 0.0100044135 -0.0175977958 0.00171050428 0 0 0
nt@synapse_cleft 452 0.0183525776 0.0352925431 0.00996711738 0 0 0
nt@synapse_cleft 453 0.00299796583 -0.00192855025 0.0169334368 0 0 0
nt@synapse_cleft 455 0.00299502345 -0.0326977329 0.0192013374 0 0 0
nt@synapse_cleft 461 -0.0211719764 -0.00649379342 0.00692744624 0 0 0
nt@synapse_cleft 477 0.0113608263 0.00448105504 0.0168813366 0 0 0
nt@synapse_cleft 479 -0.0136469732 0.0098314861 0.019908555 0 0 0
nt@synapse_cleft 480 -0.055199165 0.0226088501 0.00231699974 0 0 0
nt@synapse_cleft 482 0.00247751897 0.00164246505 0.000985727918 0 0 0
nt@synapse_cleft 483 -0.00435988246 -0.0255537771 0.0162370156 0 0 0
nt@synapse_cleft 484 -0.0152149571 -0.0307822603 0.00590947006 0 0 0
nt@synapse_cleft 499 0.0153064257 0.0163821651 0.0105486836 0 0 0
nt@synapse_cleft 500 -0.0073874126 -0.0154652951 0.0122092674 0 0 0
nt@synapse_cleft 501 0.00446068676 0.0197747003 0.0108011202 0 0 0
nt@synapse_cleft 503 0.0101103123 -0.0216865734 0.00894531192 0 0 0
nt@synapse_cleft 504 0.00517553427 0.0305204687 0.00795839376 0 0 0
nt@synapse_cleft 509 -0.000225504492 0.0462091566 0.00187229003 0 0 0
nt@synapse_cleft 510 0.0194768019 0.00447204303 0.0128986715 0 0 0
nt@synapse_cleft 514 -0.0233729828 0.00324068392 0.00914672436 0 0 0
nt@synapse_cleft 522 -0.0327419202 0.0114714875 0.014324694 0 0 0
nt@synapse_cleft 524 -0.00746760419 0.0159168945 0.0141582307 0 0 0
nt@synapse_cleft 530 0.0278714087 -0.00633925986 0.0110256143 0 0 0
nt@synapse_cleft 536 -0.03602619 -0.0411234341 0.000272454353 0 0 0
nt@synapse_cleft 544 0.029993277 0.00883623931 0.00805620395 0 0 0
nt@synapse_cleft 546 -0.047287588 0.0241647541 0.0150269909 0 0 0
nt@synapse_cleft 548 -0.0181854904 0.0169115341 0.0190372921 0 0 0
nt@synapse_cleft 549 0.0384162029 -0.0356619344 0.00858173113 0 0 0
nt@synapse_cleft 551 0.00764526822 -0.0203489668 0.0117941355 0 0 0
nt@synapse_cleft 552 0.0157924883 -0.00963232118 0.0130844245 0 0 0
nt@synapse_cleft 557 -0.0306183432 0.00558275518 0.0158046739 0 0 0
nt@synapse_cleft 558 -0.0186773661 -0.023914265 0.00536018723 0 0 0
nt@synapse_cleft 563 -0.0112716139 -0.056408762 0.0164983067 0 0 0
nt@synapse_cleft 568 0.00179591457 0.0104145938 0.0130658658 0 0 0
nt@synapse_cleft 572 -0.0315664238 0.0177770127 0.010155318 0 0 0
nt@synapse_cleft 575 -0.000747017808 -0.00824945255 0.01114864 0 0 0
nt@synapse_cleft 581 0.0064972915 0.0019279452 0.00142649225 0 0 0
nt@synapse_cleft 583 0.00707395703 0.0268930767 0.0155823901 0 0 0
nt@synapse_cleft 586 0.00624410535 0.010368107 0.0105655264 0 0 0
nt@synapse_cleft 591 -0.00504177579 0.0340634315 0.0144075909 0 0 0
nt@synapse_cleft 593 0.00707234017 0.0366908064 0.0198675611 0 0 0
nt@synapse_cleft 594 0.0383541856 0.0269637717 0.013250467 0 0 0
nt@synapse_cleft 595 -0.00199539164 -0.0388592943 0.0112864384 0 0 0
nt@synapse_cleft 596 -0.0189777183 0.0117734526 0.0179423739 0 0 0
nt@synapse_cleft 598 -0.00226092457 0.00724106557 0.0157288185 0 0 0
nt@synapse_cleft 611 -0.0225643525 0.00393003634 0.0193082536 0 0 0
nt@synapse_cleft 616 -0.0014358539 -0.00830098392 0.00717755678 0 0 0
nt@synapse_cleft 618 -0.0121692523 -0.0282279385 0.0115762521 0 0 0
nt@synapse_cleft 620 -0.0169110212 -0.00448663475 0.00163543434 0 0 0
nt@synapse_cleft 624 0.020236151 -0.00709958781 0.00738754368 0 0 0
nt@synapse_cleft 627 0.000482025204 -0.0217760398 0.0167579866 0 0 0
nt@synapse_cleft 629 0.0148948001 0.0017541562 0.00648214564 0 0 0
nt@synapse_cleft 630 0.00589688847 0.00784766592 0.00912305338 0 0 0
nt@synapse_cleft 633 -0.0138463197 0.0310360435 0.00150383764 0 0 0
nt@synapse_cleft 634 0.00941993873 -0.00790428413 0.0180513755 0 0 0
nt@synapse_cleft 639 -0.0245836127 -0.0448560144 0.00937301444 0 0 0
nt@synapse_cleft 645 -0.0060784181 -0.0086927948 0.0130569323 0 0 0
nt@synapse_cleft 647 0.00384954859 0.0351337024 0.00325377739 0 0 0
nt@synapse_cleft 660 -0.0122035158 -0.0190731898 0.00128464499 0 0 0
nt@synapse_cleft 661 -0.0411001345 -0.0122748943 0.00425267841 0 0 0
nt@synapse_cleft 662 -0.00378504173 0.00619629289 0.00838493355 0 0 0
nt@synapse_cleft 664 -0.0142011605 0.00549554311 0.00545455123 0 0 0
nt@synapse_cleft 674 -0.0151906694 0.00991046103 0.0031658063 0 0 0
nt@synapse_cleft 675 0.00551746029 0.0157546457 0.0185632773 0 0 0
nt@synapse_cleft 678 0.0200528803 -0.00220085745 0.0102401932 0 0 0
nt@synapse_cleft 679 -0.0163973695 -0.0126225456 0.00874023263 0 0 0
nt@synapse_cleft 681 -0.00689208577 -0.0194676228 0.0159325478 0 0 0
nt@synapse_cleft 684 -0.0158769372 -0.012183081 0.00692939326 0 0 0
nt@synapse_cleft 689 0.0141461556 0.00238365213 0.00891918852 0 0 0
nt@synapse_cleft 691 0.0232521889 -0.000252956658 0.000436525547 0 0 0
nt@synapse_cleft 693 0.0178076101 0.0230248861 0.0183074082 0 0 0
nt@synapse_cleft 695 -0.0185100846 0.0227401839 0.0191954354 0 0 0
nt@synapse_cleft 698 0.00680799245 0.0150011312 0.0131578237 0 0 0
nt@synapse_cleft 699 -0.0169505762 -0.0633159731 0.00386380359 0 0 0
nt@synapse_cleft 704 0.00508397964 0.0159612992 0.00498652679 0 0 0
nt@synapse_cleft 710 0.0400712623 -0.0121069828 0.0088179413 0 0 0
nt@synapse_cleft 712 -0.0212383948 -0.0152320647 0.0148356216 0 0 0
nt@synapse_cleft 715 0.0115568667 0.0181599482 0.0169214136 0 0 0
nt@synapse_cleft 720 0.032949119 -0.031504263 0.00229765286 0 0 0
nt@synapse_cleft 721 0.0058714796 -0.000152360601 0.000921331566 0 0 0
nt@synapse_cleft 726 -0.0256973994 -0.00293317558 0.0105586337 0 0 0
nt@synapse_cleft 727 -0.00176599652 0.021423484 0.00782867019 0 0 0
nt@synapse_cleft 728 -0.00250594937 0.00859503481 0.00241411047 0 0 0
nt@synapse_cleft 732 0.0312699007 0.0483361412 0.00280456744 0 0 0
nt@synapse_cleft 735 -0.045559139 0.00957584347 0.00422959682 0 0 0
nt@synapse_cleft 737 0.0407374431 0.00128496658 0.0113955284 0 0 0
nt@synapse_cleft 741 0.0123958378 -0.00184903429 0.000948228459 0 0 0
nt@synapse_cleft 744 -0.0177626907 0.0304687331 0.00343388311 0 0 0
nt@synapse_cleft 746 -0.00862681254 0.0110968714 0.00250354057 0 0 0
nt@synapse_cleft 750 0.0269959368 0.00588810278 0.0140568254 0 0 0
nt@synapse_cleft 754 -0.0104932675 -0.0154912996 0.0191355862 0 0 0
nt@synapse_cleft 755 0.0207566551 0.0150600704 0.00177016889 0 0 0
nt@synapse_cleft 760 -0.00714039781 -0.0577413507 0.00465612831 0 0 0
nt@synapse_cleft 762 0.00693097983 -0.0181204563 0.0111207798 0 0 0
nt@synapse_cleft 765 -0.0248424049 0.017865721 0.0189960008 0 0 0
nt@synapse_cleft 768 -0.0189938557 -0.00952188423 0.0180330626 0 0 0
nt@synapse_cleft 769 0.00994990033 0.0326371696 0.0127783005 0 0 0
nt@synapse_cleft 774 0.0030050625 0.0227921109 0.0191704585 0 0 0
nt@synapse_cleft 777 0.0517340719 -0.0403127815 0.00401130106 0 0 0
nt@synapse_cleft 779 -0.0140832942 0.00874699731 0.0146453906 0 0 0
nt@synapse_cleft 784 0.00994892134 0.00563498961 0.0183993162 0 0 0
nt@synapse_cleft 797 -0.00400087183 0.0315904233 0.00614842149 0 0 0
nt@synapse_cleft 803 -0.0261197464 -0.0466097611 0.0140627983 0 0 0
nt@synapse_cleft 804 0.0112880207 0.0237266826 0.00193621054 0 0 0
nt@synapse_cleft 814 0.0243172634 0.0280326487 0.000357372199 0 0 0
nt@synapse_cleft 816 -0.0042646863 -0.0216648363 0.00591070155 0 0 0
nt@synapse_cleft 817 0.0130834529 -0.0129972279 0.00316957445 0 0 0
nt@synapse_cleft 828 0.015840641 -0.0285747994 0.0174286111 0 0 0
nt@synapse_cleft 831 -0.00360789542 -0.0239168377 5.0935268e-05 0 0 0
nt@synapse_cleft 833 -0.0174827141 -0.00366698969 0.0112434781 0 0 0
nt@synapse_cleft 837 -0.0231659101 -0.0170550009 0.0198573004 0 0 0
nt@synapse_cleft 844 -0.0115205274 0.00591262878 0.0135880253 0 0 0
nt@synapse_cleft 847 0.0186605487 -0.00178418813 0.000253707175 0 0 0
nt@synapse_cleft 850 -0.0107074546 0.0281351054 0.00997821909 0 0 0
nt@synapse_cleft 854 0.00615976574 0.0292439904 0.000406452615 0 0 0
nt@synapse_cleft 866 -0.00284227267 -0.0212358927 0.0134457735 0 0 0
nt@synapse_cleft 871 -0.00710675255 0.0141914597 0.0162843715 0 0 0
nt@synapse_cleft 872 0.0214836843 -0.0203318205 0.0124551176 0 0 0
nt@synapse_cleft 875 -0.0219231065 -0.0317534911 0.00954741269 0 0 0
nt@synapse_cleft 877 -0.0442555848 0.0122294095 0.0113961353 0 0 0
nt@synapse_cleft 884 -0.00173502708 0.0149576129 0.0148724396 0 0 0
nt@synapse_cleft 900 0.0191998819 -0.0143828354 0.0192235188 0 0 0
nt@synapse_cleft 904 -0.0312614777 0.0103535438 0.00486794409 0 0 0
nt@synapse_cleft 906 -0.02448294 0.00869334454 0.00965885804 0 0 0
nt@synapse_cleft 908 -0.0386195478 -0.00613660335 0.00915024276 0 0 0
nt@synapse_cleft 909 0.0232242986 0.0126105577 0.0199265721 0 0 0
nt@synapse_cleft 913 -0.0111749844 -0.00442376519 0.00857195792 0 0 0
nt@synapse_cleft 918 0.0490420359 -0.00470539514 0.0178062479 0 0 0
nt@synapse_cleft 920 0.0173927456 -0.00890502831 0.0166526418 0 0 0
nt@synapse_cleft 924 -0.0265454648 0.0145387392 0.0116569792 0 0 0
nt@synapse_cleft 925 -0.0294553994 0.0529411272 0.0159154431 0 0 0
nt@synapse_cleft 926 -0.0124830393 -0.054896351 0.0164656409 0 0 0
nt@synapse_cleft 932 0.015497093 -0.0400710419 0.00441549803 0 0 0
nt@synapse_cleft 938 -0.0188166616 0.0175181567 0.0156096523 0 0 0
nt@synapse_cleft 940 -0.0549033276 -0.0279466432 0.0147702116 0 0 0
nt@synapse_cleft 941 -0.0253725441 0.0451771005 0.0153832471 0 0 0
nt@synapse_cleft 942 0.0223397168 -0.0309486464 0.0041767605 0 0 0
nt@synapse_cleft 943 0.0217424603 -0.0157230937 0.0182262717 0 0 0
nt@synapse_cleft 944 -0.0101580171 -0.0491072417 0.00704721804 0 0 0
nt@synapse_cleft 945 -0.0140634514 0.0228725867 0.00208299986 0 0 0
nt@synapse_cleft 947 -0.0197704517 0.00517197361 0.0129817952 0 0 0
nt@synapse_cleft 951 -0.00030006708 -0.0102219764 0.00394310109 0 0 0
nt@synapse_cleft 953 -0.0438053171 0.0196714566 0.0190413056 0 0 0
nt@synapse_cleft 954 0.0123726846 -0.0155427654 0.00942270836 0 0 0
nt@synapse_cleft 957 0.0519987828 -0.0249079955 0.00127889518 0 0 0
nt@synapse_cleft 960 -0.0231986767 0.0399567926 0.00228482312 0 0 0
nt@synapse_cleft 961 -0.0326793851 -0.00416469168 0.0145036096 0 0 0
nt@synapse_cleft 967 0.0257039815 -0.00104355355 0.00802262289 0 0 0
nt@synapse_cleft 976 -0.0299177057 0.0221562969 0.011290908 0 0 0
nt@synapse_cleft 978 -0.024560936 -0.0151804329 0.00999403884 0 0 0
nt@synapse_cleft 981 -0.0382617177 0.000326058987 0.014181267 0 0 0
nt@synapse_cleft 991 0.035904839 -0.00288421807 0.00941883846 0 0 0
nt@synapse_cleft 992 0.0174399704 0.01596732 0.0143550033 0 0 0
nt@synapse_cleft 993 -0.0378543286 0.040031791 0.0014703571 0 0 0
nt@synapse_cleft 994 -0.0248487755 -0.00881466668 0.0022698128 0 0 0
nt@synapse_cleft 998 -0.00364145082 0.0130293052 0.00889342412 0 0 0
nt@synapse_cleft 999 0.0381794205 -0.0288215592 0.00837726057 0 0 0
nt@synapse_cleft 1002 0.0210767124 0.0509606896 0.0188484703 0 0 0
nt@synapse_cleft 1004 -0.00686730846 0.0122276761 0.00450015222 0 0 0
nt@synapse_cleft 1011 0.0232438822 0.0149879162 0.0182435963 0 0 0
nt@synapse_cleft 1013 -0.018605189 0.0338838327 0.00448163521 0 0 0
nt@synapse_cleft 1016 -0.0354433543 0.0169788731 0.0160125653 0 0 0
nt@synapse_cleft 1018 0.00947968508 -0.0126568483 0.0102304345 0 0 0
nt@synapse_cleft 1024 -0.0352059779 -0.00554549281 0.0138155934 0 0 0
nt@synapse_cleft 1025 -0.0129589625 -0.0333601172 0.00810789091 0 0 0
nt@synapse_cleft 1027 0.010563154 0.0310550238 0.015720826 0 0 0
nt@synapse_cleft 1035 -0.0212586789 -0.00771039766 0.0157582252 0 0 0
nt@synapse_cleft 1047 0.00922390895 -0.040433213 0.00564293796 0 0 0
nt@synapse_cleft 1048 0.00269523926 -0.048271159 0.000841650528 0 0 0
nt@synapse_cleft 1050 0.0072670201 -0.0433865505 0.0089329517 0 0 0
nt@synapse_cleft 1056 0.000162483601 0.0364660399 0.003590584 0 0 0
nt@synapse_cleft 1062 0.045454584 -0.00667775705 0.0133606265 0 0 0
nt@synapse_cleft 1065 -0.00275717806 0.0194448236 0.0164999286 0 0 0
nt@synapse_cleft 1074 0.0122208336 -0.00730578858 0.0110223069 0 0 0
nt@synapse_cleft 1077 -0.0208520994 -0.0193983429 0.0131273418 0 0 0
nt@synapse_cleft 1080 -0.0223364229 0.0186717067 0.0132813706 0 0 0
nt@synapse_cleft 1088 -0.0347774281 -0.0164277529 0.0183727123 0 0 0
nt@synapse_cleft 1092 -0.0205946795 -0.0101998392 0.0110119043 0 0 0
nt@synapse_cleft 1098 -0.00452195151 0.0262969394 0.000821995922 0 0 0
nt@synapse_cleft 1102 -0.0187241515 -0.01386797 0.0142063605 0 0 0
nt@synapse_cleft 1107 -0.011718143 0.0146606203 0.00255398748 0 0 0
nt@synapse_cleft 1108 0.0166410791 0.035514383 0.000479308469 0 0 0
nt@synapse_cleft 1110 0.0238378987 0.0133378954 0.0171309171 0 0 0
nt@synapse_cleft 1113 -0.0160676245 5.77176361e-05 0.00356036429 0 0 0
nt@synapse_cleft 1114 0.00978729805 -0.0320205822 0.007254279 0 0 0
nt@synapse_cleft 1121 -0.000271148993 0.0533004289 0.00700186562 0 0 0
nt@synapse_cleft 1127 -0.0138121363 -5.34280277e-05 0.00257414165 0 0 0
nt@synapse_cleft 1130 0.0259740354 -0.00786729654 0.0145851702 0 0 0
nt@synapse_cleft 1136 -0.0188781403 -0.0621668837 0.00500979877 0 0 0
nt@synapse_cleft 1138 0.00586233551 0.00714316514 0.00911669884 0 0 0
nt@synapse_cleft 1140 0.000848286895 -0.0322768754 0.0173524277 0 0 0
nt@synapse_cleft 1144 -0.017910715 -0.0160761098 0.0050345281 0 0 0
nt@synapse_cleft 1145 0.0633382005 -0.0194356651 0.0160164014 0 0 0
nt@synapse_cleft 1149 -0.0190945828 -0.00868708623 0.0179344201 0 0 0
nt@synapse_cleft 1152 0.0250369823 -0.00170417172 0.0177452589 0 0 0
nt@synapse_cleft 1157 0.0346780834 -0.0657965582 0.0159917517 0 0 0
nt@synapse_cleft 1165 0.0199900441 0.0254137342 0.000679716141 0 0 0
nt@synapse_cleft 1166 -0.00742304594 0.00713792893 0.000228948418 0 0 0
nt@synapse_cleft 1167 0.0438685823 0.0291537973 0.000596426217 0 0 0
nt@synapse_cleft 1172 -0.00697337219 -0.00109235588 0.0141617633 0 0 0
nt@synapse_cleft 1177 0.0108372437 0.059072272 0.00160065003 0 0 0
nt@synapse_cleft 1179 0.00643404074 -0.0181160702 0.0178761239 0 0 0
nt@synapse_cleft 1186 -0.0553868285 -0.00127935529 0.014368628 0 0 0
nt@synapse_cleft 1188 0.0195528731 -0.0422262678 0.0003912405 0 0 0
nt@synapse_cleft 1192 0.0140693339 -0.025125129 0.0129568654 0 0 0
nt@synapse_cleft 1193 -0.0273739046 -0.00686708401 0.0116749802 0 0 0
nt@synapse_cleft 1200 -0.0229786762 0.0254204534 0.0189750725 0 0 0
nt@synapse_cleft 1203 0.00321813696 0.00985426982 0.00197808994 0 0 0
nt@synapse_cleft 1204 0.011600995 0.00366302011 0.0163387847 0 0 0
nt@synapse_cleft 1205 -0.038274823 -0.0153896625 0.0147947519 0 0 0
nt@synapse_cleft 1206 -0.0295295259 -0.00837827359 0.0168219656 0 0 0
nt@synapse_cleft 1218 -0.00911621406 0.0337958535 0.0164720542 0 0 0
nt@synapse_cleft 1219 0.00379743712 0.010714734 0.0172238133 0 0 0
nt@synapse_cleft 1231 0.00939969036 0.0121354327 0.00156301943 0 0 0
nt@synapse_cleft 1237 -0.016103464 -0.03163264 0.00317798877 0 0 0
nt@synapse_cleft 1238 -0.0574607244 -0.0168820757 0.0179640265 0 0 0
nt@synapse_cleft 1243 -0.0273181411 0.00774710334 0.00884737829 0 0 0
nt@synapse_cleft 1248 -0.000184540171 0.033948967 0.00974179841 0 0 0
nt@synapse_cleft 1251 -0.0179165051 0.0167141243 0.0191729565 0 0 0
nt@synapse_cleft 1252 -0.0300416528 0.0125377261 0.00282392306 0 0 0
nt@synapse_cleft 1253 -0.0182945187 -0.0293626438 0.00867601748 0 0 0
nt@synapse_cleft 1254 -0.0176311696 0.0294556618 0.0128747898 0 0 0
nt@synapse_cleft 1262 0.0123782624 0.0074055474 0.0129396479 0 0 0
nt@synapse_cleft 1270 0.0377210015 0.00494726026 0.00262044092 0 0 0
nt@synapse_cleft 1275 -0.0274854279 0.00993760802 0.00650112053 0 0 0
nt@synapse_cleft 1289 0.0344285361 -1.47274323e-05 0.00499395574 0 0 0
nt@synapse_cleft 1298 -0.00458725906 -0.0211595575 0.00326120793 0 0 0
nt@synapse_cleft 1299 -0.0311705039 -0.00359543736 0.00368109834 0 0 0
nt@synapse_cleft 1302 -0.0257483393 0.0279226921 0.00453606005 0 0 0
nt@synapse_cleft 1303 0.0079730003 0.024977732 0.00355110218 0 0 0
nt@synapse_cleft 1311 0.00592004058 0.000425410957 0.0196450531 0 0 0
nt@synapse_cleft 1316 -0.0365800498 -0.0322072492 0.0174686505 0 0 0
nt@synapse_cleft 1326 0.0152076959 0.0184187929 0.00333222824 0 0 0
nt@synapse_cleft 1328 0.0155163105 0.00110832123 0.0111870766 0 0 0
nt@synapse_cleft 1330 0.00035945966 -0.0252169021 0.00858146875 0 0 0
nt@synapse_cleft 1331 -0.0105905829 0.00322364617 0.014683474 0 0 0
nt@synapse_cleft 1333 -0.0230932043 0.0255055956 0.00287037499 0 0 0
nt@synapse_cleft 1338 -0.0116854571 0.00850670798 0.00890810086 0 0 0
nt@synapse_cleft 1343 0.027291074 0.00961079989 0.0186077073 0 0 0
nt@synapse_cleft 1347 -0.0362959939 -0.013916082 0.0179818403 0 0 0
nt@synapse_cleft 1348 0.0358228456 -0.0330090952 0.018151415 0 0 0
nt@synapse_cleft 1349 -0.00814316077 -0.013584445 0.00982644286 0 0 0
nt@synapse_cleft 1351 0.0429573966 -0.0246882404 0.000614561412 0 0 0
nt@synapse_cleft 1356 0.0121805578 0.00402480108 0.00462604936 0 0 0
nt@synapse_cleft 1359 -0.0176886703 -0.00876053165 0.0169472023 0 0 0
nt@synapse_cleft 1361 -0.0112917565 -0.0556139293 0.000907667647 0 0 0
nt@synapse_cleft 1366 0.0187504967 -0.00562910531 0.00124601675 0 0 0
nt@synapse_cleft 1368 0.0375700664 -0.00146953726 0.0025807345 0 0 0
nt@synapse_cleft 1372 -0.0376253267 0.0469532199 0.000778945562 0 0 0
nt@synapse_cleft 1380 6.95718291e-05 0.0174240113 0.00157492568 0 0 0
nt@synapse_cleft 1381 0.0192201103 -0.0591784908 0.0186717754 0 0 0
nt@synapse_cleft 1382 0.0113764279 0.0233773842 0.00387844936 0 0 0
nt@synapse_cleft 1384 -0.0428671792 -0.00519250627 0.019366344 0 0 0
nt@synapse_cleft 1390 0.0500900082 0.00246398085 0.0109128135 0 0 0
nt@synapse_cleft 1393 -0.0344315013 0.0339947852 0.0103244743 0 0 0
nt@synapse_cleft 1394 0.0165350513 0.0190008016 0.0165347483 0 0 0
nt@synapse_cleft 1397 0.0275700375 0.0312395059 0.0164795549 0 0 0
nt@synapse_cleft 1400 -0.0355996186 0.0204405685 0.00110121952 0 0 0
nt@synapse_cleft 1403 0.0105242359 -0.00565896858 0.0192050655 0 0 0
nt@synapse_cleft 1406 0.0591843781 -0.0277193631 0.00288715366 0 0 0
nt@synapse_cleft 1408 -0.0131405699 -0.0106698763 0.0121319814 0 0 0
nt@synapse_cleft 1411 -0.00266181309 0.0154831955 0.0196959056 0 0 0
nt@synapse_cleft 1416 -0.00487900773 0.033928095 0.0127529904 0 0 0
nt@synapse_cleft 1419 0.0100434109 -0.0130631451 0.0164157361 0 0 0
nt@synapse_cleft 1425 0.000592270998 -0.0463064545 0.00998618479 0 0 0
nt@synapse_cleft 1427 -0.0347203673 -0.00637241472 0.0063248799 0 0 0
nt@synapse_cleft 1434 0.0140857736 0.0243146835 0.00225178837 0 0 0
nt@synapse_cleft 1438 -0.00275079411 -0.0322501381 0.00750594519 0 0 0
nt@synapse_cleft 1440 0.000534130897 0.0186020215 0.00382773177 0 0 0
nt@synapse_cleft 1441 -0.0400598994 0.0173413494 0.00508021163 0 0 0
nt@synapse_cleft 1442 0.00195368427 0.02195763 0.0128478887 0 0 0
nt@synapse_cleft 1444 -0.0169615476 -0.00565791608 0.0144126157 0 0 0
nt@synapse_cleft 1446 -0.018624017 -0.0243119909 0.0112647249 0 0 0
nt@synapse_cleft 1449 -0.0265431813 -0.0114303891 0.0115614475 0 0 0
nt@synapse_cleft 1452 -0.0245297529 -0.0247922681 0.00853029365 0 0 0
nt@synapse_cleft 1454 -0.0135134787 0.0180434186 0.00502448737 0 0 0
nt@synapse_cleft 1455 -0.0128196335 0.0173899326 0.00737289734 0 0 0
nt@synapse_cleft 1464 -0.0560708791 0.00852467059 0.0140340255 0 0 0
nt@synapse_cleft 1468 0.0457423282 0.0227290759 0.0105725157 0 0 0
nt@synapse_cleft 1470 -0.0649634829 -0.027489786 0.0179179221 0 0 0
nt@synapse_cleft 1472 -0.0421475581 -0.00420813446 0.0186523544 0 0 0
nt@synapse_cleft 1473 0.0175601971 -0.00422046825 0.00466233945 0 0 0
nt@synapse_cleft 1479 -0.0221417432 0.0292710004 0.0134227633 0 0 0
nt@synapse_cleft 1481 0.0180881072 0.000971715462 0.0179051966 0 0 0
nt@synapse_cleft 1484 -0.0102476434 0.0118970048 0.0172735396 0 0 0
nt@synapse_cleft 1485 -0.0184973255 -0.00482817141 0.00491236801 0 0 0
nt@synapse_cleft 1487 -0.0206338875 -0.0322634045 0.00833760079 0 0 0
nt@synapse_cleft 1488 0.0253406393 0.0021467783 0.00429042852 0 0 0
nt@synapse_cleft 1491 -0.0143797865 -0.016273507 0.00333395623 0 0 0
nt@synapse_cleft 1494 0.00232526329 0.00965001777 0.0151540496 0 0 0
nt@synapse_cleft 1496 -0.000950440847 0.0205415774 0.0145927079 0 0 0
nt@synapse_cleft 1503 -0.021455012 -0.0174998971 0.0117890613 0 0 0
nt@synapse_cleft 1506 0.0274732014 -0.00446794649 0.00541337261 0 0 0
nt@synapse_cleft 1507 0.00169514016 0.00324025243 9.17877955e-05 0 0 0
nt@synapse_cleft 1508 0.0144556118 0.00730313556 0.0111099722 0 0 0
nt@synapse_cleft 1512 -0.00452842823 -0.0106738494 0.0158517407 0 0 0
nt@synapse_cleft 1515 0.0161098809 0.0429451265 0.00758811671 0 0 0
nt@synapse_cleft 1519 0.0021353034 -0.0143707674 0.0104707713 0 0 0
nt@synapse_cleft 1526 0.0207428538 -0.015203942 0.0129334686 0 0 0
nt@synapse_cleft 1527 -0.00375004442 0.0400904281 0.0123532073 0 0 0
nt@synapse_cleft 1528 -0.0436400429 -0.00207836307 0.0187615622 0 0 0
nt@synapse_cleft 1531 0.00339340406 0.0245865853 0.0187273184 0 0 0
nt@synapse_cleft 1538 -0.00115969915 0.0191714725 0.00497131606 0 0 0
nt@synapse_cleft 1542 -0.0131824821 0.0184505446 0.0100775641 0 0 0
nt@synapse_cleft 1545 -0.00144238609 0.00491382812 0.0144422702 0 0 0
nt@synapse_cleft 1548 -0.024314716 -0.0207861196 0.00390777037 0 0 0
nt@synapse_cleft 1553 0.0509016693 0.022516572 0.011511961 0 0 0
nt@synapse_cleft 1554 0.0223336682 0.00635233917 0.0037779552 0 0 0
nt@synapse_cleft 1561 0.00804229847 -0.0578182806 0.004443729 0 0 0
nt@synapse_cleft 1565 -0.0220554135 0.00432710498 0.0161934234 0 0 0
nt@synapse_cleft 1571 -0.0147281676 0.00431451019 0.00994880231 0 0 0
nt@synapse_cleft 1573 0.0122443362 0.0245509099 0.000418169496 0 0 0
nt@synapse_cleft 1583 -0.0216111914 -0.0135395027 0.00955002796 0 0 0
nt@synapse_cleft 1584 -0.00841327191 0.00173959549 0.0130821765 0 0 0
nt@synapse_cleft 1588 0.00549291491 -0.0131285351 0.0137862703 0 0 0
nt@synapse_cleft 1590 -0.0344493375 0.0418195539 0.00657845203 0 0 0
nt@synapse_cleft 1592 0.00761975218 -0.0166634737 0.0151987728 0 0 0
nt@synapse_cleft 1596 -0.00379272382 -0.0208241491 0.0113856551 0 0 0
nt@synapse_cleft 1597 0.00707030595 0.0382808018 0.00952520697 0 0 0
nt@synapse_cleft 1598 -0.0297530426 -0.00431222773 0.0140048007 0 0 0
nt@synapse_cleft 1600 0.0233570587 -0.0237262651 0.00124295957 0 0 0
nt@synapse_cleft 1605 0.0140753853 0.00672643566 0.015637393 0 0 0
nt@synapse_cleft 1606 -0.030899103 0.00266483833 0.00280934151 0 0 0
nt@synapse_cleft 1611 -0.00692292622 -0.0267272754 0.00274905079 0 0 0
nt@synapse_cleft 1612 -0.018700012 -0.00697637019 0.00426822089 0 0 0
nt@synapse_cleft 1615 0.00852337268 -0.0598083958 0.00636249521 0 0 0
nt@synapse_cleft 1617 0.00470254626 -0.0274644911 0.0120277466 0 0 0
nt@synapse_cleft 1619 0.0241993053 -0.00429513308 0.0196646228 0 0 0
nt@synapse_cleft 1625 -0.022127753 0.0150267374 0.0129794222 0 0 0
nt@synapse_cleft 1628 0.0197236606 0.029673367 0.0109590558 0 0 0
nt@synapse_cleft 1635 0.0149693033 -0.0123293071 0.013918011 0 0 0
nt@synapse_cleft 1641 0.0248927487 0.0149839306 0.00307195998 0 0 0
nt@synapse_cleft 1642 0.0215258181 -0.0176577317 0.0135820596 0 0 0
nt@synapse_cleft 1655 0.00190865366 0.019100685 0.00387477459 0 0 0
nt@synapse_cleft 1658 0.0231315944 0.0347485571 0.0104272539 0 0 0
nt@synapse_cleft 1660 0.0154627229 0.0195015011 0.000851178035 0 0 0
nt@synapse_cleft 1675 -0.0313934639 -0.00446580673 0.0191387862 0 0 0
nt@synapse_cleft 1678 -0.000175058884 -0.00676376723 0.00327258577 0 0 0
nt@synapse_cleft 1681 -0.0207580005 0.0166697483 0.0154290832 0 0 0
nt@synapse_cleft 1684 -0.00359031479 -0.0246683482 0.0108456994 0 0 0
nt@synapse_cleft 1686 -0.0133553492 0.0103273066 0.0195901327 0 0 0
nt@synapse_cleft 1687 -0.0236259788 -0.0160021334 0.00446889753 0 0 0
nt@synapse_cleft 1689 0.0138885047 0.0208337995 0.00281413733 0 0 0
nt@synapse_cleft 1692 -0.0128158935 0.0207872391 0.0167327948 0 0 0
nt@synapse_cleft 1695 0.0164888159 -0.00947949235 0.0046208939 0 0 0
nt@synapse_cleft 1701 -0.00983855149 0.0132858223 0.0107506614 0 0 0
nt@synapse_cleft 1702 0.0145648806 -0.0184382936 0.0184747252 0 0 0
nt@synapse_cleft 1707 -0.0220635446 -0.0113354832 0.00776747065 0 0 0
nt@synapse_cleft 1708 -0.0292699246 0.0133132852 0.00049113847 0 0 0
nt@synapse_cleft 1715 0.00453907606 -0.00202744209 0.0197075371 0 0 0
nt@synapse_cleft 1721 0.00455945911 -0.0329317801 0.0066246413 0 0 0
nt@synapse_cleft 1725 0.0327015098 0.000668172821 0.00638017444 0 0 0
nt@synapse_cleft 1729 0.00401911746 -0.000171036684 0.0134073385 0 0 0
nt@synapse_cleft 1736 0.0252899302 0.0105342522 0.0151064579 0 0 0
nt@synapse_cleft 1741 -0.00435523933 -0.0221225273 0.0192274928 0 0 0
nt@synapse_cleft 1742 0.0108383199 -0.0499568323 0.00819961125 0 0 0
nt@synapse_cleft 1743 0.037610799 0.0401358931 0.014924279 0 0 0
nt@synapse_cleft 1745 -0.0303680425 0.019959215 0.000307728922 0 0 0
nt@synapse_cleft 1746 0.00601673789 -0.0133061474 0.0152507026 0 0 0
nt@synapse_cleft 1748 0.0654320821 0.0156928972 0.0189275513 0 0 0
nt@synapse_cleft 1749 -0.00193609019 -0.00961887639 0.000119777626 0 0 0
nt@synapse_cleft 1751 0.038679256 0.00516644958 0.0115816809 0 0 0
nt@synapse_cleft 1759 -0.0104363166 0.00125131559 0.0183010797 0 0 0
nt@synapse_cleft 1761 -0.0296950191 0.00658764517 0.0139089733 0 0 0
nt@synapse_cleft 1762 -0.0144480381 -0.0312400038 0.019558935 0 0 0
nt@synapse_cleft 1763 0.0367550876 -0.0253777076 0.013920845 0 0 0
nt@synapse_cleft 1768 0.0122227834 -0.0258408296 0.0101745979 0 0 0
nt@synapse_cleft 1769 -0.0247206644 0.00727517284 0.0175703896 0 0 0
nt@synapse_cleft 1775 -0.00234921341 -0.00471051354 0.00512866606 0 0 0
nt@synapse_cleft 1777 -0.00582763203 0.000734074089 0.0175562507 0 0 0
nt@synapse_cleft 1778 0.0343156624 -0.0534971138 0.000814334776 0 0 0
nt@synapse_cleft 1781 -0.00941394554 0.0292254567 0.0138682427 0 0 0
nt@synapse_cleft 1793 0.0154140784 0.0283386684 0.0156687585 0 0 0
nt@synapse_cleft 1795 0.0297746089 -0.00797038337 0.00478201297 0 0 0
nt@synapse_cleft 1799 -0.0258634525 0.00745689908 0.00304980627 0 0 0
nt@synapse_cleft 1804 0.00716308052 -0.00918207621 0.0083766369 0 0 0
nt@synapse_cleft 1805 -0.0124188852 -0.000108527288 0.00259973081 0 0 0
nt@synapse_cleft 1806 -0.0111010481 0.000454275823 0.0152189668 0 0 0
nt@synapse_cleft 1810 -0.0504258735 -0.0405383065 0.0180758876 0 0 0
nt@synapse_cleft 1811 -0.00672103381 0.0010362253 0.00529967816 0 0 0
nt@synapse_cleft 1812 -0.00142861554 0.0304452827 0.0159927057 0 0 0
nt@synapse_cleft 1815 0.00275192337 0.0170161938 0.00299604632 0 0 0
nt@synapse_cleft 1824 0.00726421708 0.000313624059 0.00254862791 0 0 0
nt@synapse_cleft 1826 0.0237452761 -0.0103268876 0.0199836521 0 0 0
nt@synapse_cleft 1829 0.038300481 -0.0222617911 0.014316546 0 0 0
nt@synapse_cleft 1830 -0.0388790561 -0.00527057918 0.0181522469 0 0 0
nt@synapse_cleft 1837 -0.0325916045 -0.0102491324 0.0100565076 0 0 0
nt@synapse_cleft 1838 -0.0172364646 -0.0283409193 0.00792798092 0 0 0
nt@synapse_cleft 1840 -0.0196019348 -0.000573517761 0.0114548069 0 0 0
nt@synapse_cleft 1843 0.0290765248 -0.00380132414 0.00974241356 0 0 0
nt@synapse_cleft 1846 -0.0137375053 0.00385079033 0.00595661079 0 0 0
nt@synapse_cleft 1849 0.0414457122 0.0029263014 0.0103068171 0 0 0
nt@synapse_cleft 1853 0.0566563554 -0.0159010216 0.0127999546 0 0 0
nt@synapse_cleft 1854 0.012618386 -0.00924684963 0.00349846805 0 0 0
nt@synapse_cleft 1855 -0.0255779376 0.00946399186 0.0035203612 0 0 0
nt@synapse_cleft 1856 0.017461461 -0.00574872847 0.0080480481 0 0 0
nt@synapse_cleft 1864 0.00437896102 -0.0213024797 0.013680751 0 0 0
nt@synapse_cleft 1868 -0.0299461412 0.00641243298 0.0125182746 0 0 0
nt@synapse_cleft 1872 -0.00524209837 0.000121118941 0.00687996525 0 0 0
nt@synapse_cleft 1873 -0.0634404882 -0.00117775268 0.0121579563 0 0 0
nt@synapse_cleft 1875 -0.0271194943 0.0168069668 0.00142829141 0 0 0
nt@synapse_cleft 1877 0.00386443001 0.0309149934 0.0121623752 0 0 0
nt@synapse_cleft 1879 0.0561315195 -0.046326736 0.0182462533 0 0 0
nt@synapse_cleft 1880 -0.0312886958 -0.0181674292 0.00454419198 0 0 0
nt@synapse_cleft 1883 0.0122084974 0.013128993 0.0160720918 0 0 0
nt@synapse_cleft 1885 -0.00797734823 0.00936078075 0.019029326 0 0 0
nt@synapse_cleft 1887 -0.0129753911 0.0364736669 0.000537077298 0 0 0
nt@synapse_cleft 1890 -0.0276135191 0.000960611808 0.0080618286 0 0 0
nt@synapse_cleft 1892 6.51468307e-05 0.00707972565 0.00923529594 0 0 0
nt@synapse_cleft 1894 -0.0180127956 0.0189139709 0.0187810851 0 0 0
nt@synapse_cleft 1896 0.0204928944 -0.0105195967 0.00709695851 0 0 0
nt@synapse_cleft 1900 -0.00951093692 -0.0096033194 0.00588185657 0 0 0
nt@synapse_cleft 1904 -0.0386906889 0.0338561025 0.00797727955 0 0 0
nt@synapse_cleft 1914 0.0054893551 0.0114537609 0.00289355257 0 0 0
nt@synapse_cleft 1918 -0.0203263131 0.0538920065 0.0189660581 0 0 0
nt@synapse_cleft 1921 0.00184392933 -0.0129884213 0.000294073255 0 0 0
nt@synapse_cleft 1923 -0.00828001561 0.0300843021 0.0158164707 0 0 0
nt@synapse_cleft 1925 0.00533460608 0.0245079612 0.0158527501 0 0 0
nt@synapse_cleft 1926 0.0231158967 0.000936805528 0.00696492062 0 0 0
nt@synapse_cleft 1932 0.0130903047 -0.0125961615 0.0115506847 0 0 0
nt@synapse_cleft 1942 0.0229741176 -0.031175981 0.00262890524 0 0 0
nt@synapse_cleft 1944 0.00353284607 0.00556072983 0.0130219612 0 0 0
nt@synapse_cleft 1946 -0.0138792248 -0.00208799974 0.0138827307 0 0 0
nt@synapse_cleft 1953 -0.0149424679 -0.0203255937 0.00104669973 0 0 0
nt@synapse_cleft 1959 -0.00263967652 -0.0309699268 0.00424308081 0 0 0
nt@synapse_cleft 1961 0.0337742501 0.0112851923 0.0162023344 0 0 0
nt@synapse_cleft 1964 -0.0148642937 0.000944673032 0.0090395758 0 0 0
nt@synapse_cleft 1967 0.0163888825 -0.0226201959 0.0114335894 0 0 0
nt@synapse_cleft 1970 -0.0202870991 -0.0204251288 0.00533171492 0 0 0
nt@synapse_cleft 1973 0.0175066215 0.0344482836 0.0172726942 0 0 0
nt@synapse_cleft 1976 -0.0302083998 -0.0130705904 0.00114746706 0 0 0
nt@synapse_cleft 1980 -0.0180428882 -0.0164498436 0.00477633421 0 0 0
nt@synapse_cleft 1982 -0.00134731417 0.0160429898 0.0196464629 0 0 0
nt@synapse_cleft 1984 -0.0632390044 -0.015807704 0.0027303184 0 0 0
nt@synapse_cleft 1989 -0.0216495644 0.00943934976 0.0193432417 0 0 0
nt@synapse_cleft 1990 0.0166824436 0.0295323657 0.00513029863 0 0 0
nt@synapse_cleft 1993 0.00162623282 -0.0265902598 0.0157298357 0 0 0
nt@synapse_cleft 1997 0.00247557044 0.0218056032 0.0167691805 0 0 0
nt@synapse_cleft 2004 -0.0263024112 0.00591278662 0.00886200932 0 0 0
nt@synapse_cleft 2007 0.00661679459 0.0124524815 0.0187329362 0 0 0
nt@synapse_cleft 2008 0.0176864582 0.00697360034 0.0156963337 0 0 0
nt@synapse_cleft 2013 -0.017474527 -0.00796854157 0.0174314522 0 0 0
nt@synapse_cleft 2014 0.0117278384 0.0252878206 0.00726207656 0 0 0
nt@synapse_cleft 2016 -0.0110523659 -0.00357432916 0.00301896853 0 0 0
nt@synapse_cleft 2019 0.0238849311 -0.0227982283 0.014921765 0 0 0
nt@synapse_cleft 2026 0.0476893714 -0.00662181613 0.00691892389 0 0 0
nt@synapse_cleft 2027 -0.0196607963 -0.0167196434 0.00098412396 0 0 0
nt@synapse_cleft 2032 -0.0261016045 0.000410624916 0.00704702217 0 0 0
nt@synapse_cleft 2035 0.0410998823 0.0156511708 0.00726512027 0 0 0
nt@synapse_cleft 2036 0.0508943971 -0.010672237 0.0145950168 0 0 0
nt@synapse_cleft 2039 0.0258632339 0.0129917841 0.0179525097 0 0 0
nt@synapse_cleft 2041 0.0255018213 0.00920426259 0.014632096 0 0 0
nt@synapse_cleft 2044 0.0126099949 -0.0198127085 0.00724421197 0 0 0
nt@synapse_cleft 2052 0.00479246963 -0.008544491 0.0157053878 0 0 0
nt@synapse_cleft 2058 -0.00925987856 -0.0390448839 0.0147217936 0 0 0
nt@synapse_cleft 2061 0.0138123891 -0.0106619208 0.00292041616 0 0 0
nt@synapse_cleft 2064 0.030695665 0.0230130386 0.00745076442 0 0 0
nt@synapse_cleft 2074 0.0107116889 -0.0504051959 0.0173072451 0 0 0
nt@synapse_cleft 2091 -0.0158061518 0.0225089382 0.0172688621 0 0 0
nt@synapse_cleft 2092 0.0141869265 0.0247374553 0.0198371341 0 0 0
nt@synapse_cleft 2094 -0.0109309778 0.00187293672 0.00945255653 0 0 0
nt@synapse_cleft 2095 0.00605310494 0.0167609267 0.0178023912 0 0 0
nt@synapse_cleft 2096 -0.00818404508 -0.00559971631 0.00603739108 0 0 0
nt@synapse_cleft 2101 -0.0125417959 -0.0185714155 0.00578010873 0 0 0
nt@synapse_cleft 2104 0.0257036057 -4.68341443e-06 0.0136090559 0 0 0
nt@synapse_cleft 2112 -0.0154076798 -0.0213519672 0.00106253925 0 0 0
nt@synapse_cleft 2115 -0.0260246398 0.00196927452 0.0152845071 0 0 0
nt@synapse_cleft 2124 0.00118880456 0.0449020351 0.0141308794 0 0 0
nt@synapse_cleft 2127 0.0170500046 0.0117409732 0.00232239079 0 0 0
nt@synapse_cleft 2133 0.0137148974 -0.00881835551 0.00314433076 0 0 0
nt@synapse_cleft 2137 -0.036468489 0.0403674783 0.0080102682 0 0 0
nt@synapse_cleft 2148 0.0283233881 -0.046195309 0.00959415398 0 0 0
nt@synapse_cleft 2156 0.0215273777 -0.0275786005 0.0121225188 0 0 0
nt@synapse_cleft 2160 0.0204571491 0.00383770897 0.0109326252 0 0 0
nt@synapse_cleft 2162 -0.0234789769 0.0229278478 0.0101479149 0 0 0
nt@synapse_cleft 2163 0.0209298394 -0.00763350428 0.0164671081 0 0 0
nt@synapse_cleft 2170 0.0321159041 0.00557819933 0.0189014443 0 0 0
nt@synapse_cleft 2177 -0.0125787656 -0.0185612587 0.00035986112 0 0 0
nt@synapse_cleft 2185 -0.00855345699 -0.00856031512 0.00342522587 0 0 0
nt@synapse_cleft 2187 -0.017143302 0.00813783236 0.00451204952 0 0 0
nt@synapse_cleft 2188 -0.00808114613 0.0456465877 0.00393708774 0 0 0
nt@synapse_cleft 2199 0.00823518168 -0.0201976183 0.00892746696 0 0 0
nt@synapse_cleft 2204 -0.0336348143 -0.00560901087 0.0161661853 0 0 0
nt@synapse_cleft 2206 -0.0211728967 -0.0138568932 0.0188857659 0 0 0
nt@synapse_cleft 2207 0.0226845329 0.000906329975 0.0104478933 0 0 0
nt@synapse_cleft 2217 0.0245352221 -0.0358863758 0.00546522383 0 0 0
nt@synapse_cleft 2218 0.00377167511 0.0134203089 0.0146828606 0 0 0
nt@synapse_cleft 2223 -0.0183029897 0.0199556923 0.0121316098 0 0 0
nt@synapse_cleft 2228 -0.0104958108 -0.00103065575 0.00532211685 0 0 0
nt@synapse_cleft 2235 -0.003499604 -0.0114402758 0.0121344986 0 0 0
nt@synapse_cleft 2236 0.00583413711 0.0232856238 0.0180602055 0 0 0
nt@synapse_cleft 2248 -0.0296829341 -0.00574577982 0.00616188334 0 0 0
nt@synapse_cleft 2251 0.00502995152 -0.00119728136 0.00969099585 0 0 0
nt@synapse_cleft 2254 -0.00435035662 -0.0159664552 0.0183417753 0 0 0
nt@synapse_cleft 2256 -0.0288313825 -0.032495122 0.00040970297 0 0 0
nt@synapse_cleft 2257 0.0101417782 -0.00541276232 0.0104095465 0 0 0
nt@synapse_cleft 2262 -0.0100940036 0.030173536 0.0138908827 0 0 0
nt@synapse_cleft 2265 0.0308398138 0.0221316098 0.00297791524 0 0 0
nt@synapse_cleft 2269 -0.0364996737 0.0157862546 0.00141612325 0 0 0
nt@synapse_cleft 2271 -0.0726133016 0.0185612844 0.00321416913 0 0 0
nt@synapse_cleft 2274 -0.00513832631 0.0381683204 0.00266237794 0 0 0
nt@synapse_cleft 2278 0.0308398935 0.036889047 0.0100725797 0 0 0
nt@synapse_cleft 2279 -0.00274657179 0.013552852 0.0104685267 0 0 0
nt@synapse_cleft 2283 0.0283843163 -0.0259510498 0.00966599141 0 0 0
nt@synapse_cleft 2284 0.0294904886 -0.00813844098 0.0153586852 0 0 0
nt@synapse_cleft 2285 -0.0111143534 -0.00589324599 0.0180448654 0 0 0
nt@synapse_cleft 2289 0.00514044188 -0.00233689854 0.00187290621 0 0 0
nt@synapse_cleft 2292 -0.0162634991 0.00802660775 0.00909598849 0 0 0
nt@synapse_cleft 2298 -0.038752579 -0.0229443513 0.0162130509 0 0 0
nt@synapse_cleft 2304 -0.0173278363 0.0263768978 0.000805095407 0 0 0
nt@synapse_cleft 2306 0.000971592001 -0.0372127801 0.0031150281 0 0 0
nt@synapse_cleft 2308 -0.0207523412 0.0170115365 0.00375177238 0 0 0
nt@synapse_cleft 2309 0.00218615857 -0.00854081651 0.0198439163 0 0 0
nt@synapse_cleft 2314 -0.0101279414 -0.0272376817 0.0174675607 0 0 0
nt@synapse_cleft 2317 0.0358451813 0.00728147844 0.0057976941 0 0 0
nt@synapse_cleft 2320 0.015231562 -0.0348156734 0.00858226651 0 0 0
nt@synapse_cleft 2321 0.051421191 -0.00344060036 0.00420520988 0 0 0
nt@synapse_cleft 2326 0.0215618056 0.0185331116 0.00222223127 0 0 0
nt@synapse_cleft 2327 -0.0303855395 -0.0328272985 0.0133760101 0 0 0
nt@synapse_cleft 2330 -0.0463263031 0.0250555879 0.00360543527 0 0 0
nt@synapse_cleft 2332 -0.0186602435 -0.00590657877 0.0131701373 0 0 0
nt@synapse_cleft 2343 0.0150267591 -0.00846092599 0.00835883999 0 0 0
nt@synapse_cleft 2349 0.0292316731 0.00925721909 0.0121223667 0 0 0
nt@synapse_cleft 2366 0.0228689373 0.0228535752 0.0128782082 0 0 0
nt@synapse_cleft 2367 -0.0241533926 -0.0244430588 0.0136219006 0 0 0
nt@synapse_cleft 2369 -0.0119904927 0.00890619222 0.0107203284 0 0 0
nt@synapse_cleft 2370 0.0109786579 -0.0217234387 2.51235321e-05 0 0 0
nt@synapse_cleft 2375 0.00609981102 0.00311085825 0.0108049505 0 0 0
nt@synapse_cleft 2383 0.0207115059 -0.0464021918 0.0130524767 0 0 0
nt@synapse_cleft 2386 -0.00652218402 -0.0128006918 0.0018657681 0 0 0
nt@synapse_cleft 2389 -0.00499357106 -0.0194568708 0.000510722786 0 0 0
nt@synapse_cleft 2397 0.0117047601 -0.0554822709 0.00740112102 0 0 0
nt@synapse_cleft 2400 -0.0214625736 -0.0387314864 0.0178215468 0 0 0
nt@synapse_cleft 2410 0.0128769609 0.00219038233 0.0116418215 0 0 0
nt@synapse_cleft 2411 0.0172037801 -0.0418388263 0.00111453071 0 0 0
nt@synapse_cleft 2412 0.00316266535 0.0053912399 0.0130432052 0 0 0
nt@synapse_cleft 2417 -0.0122044183 0.00994243671 0.00862005811 0 0 0
nt@synapse_cleft 2421 -0.00653963522 0.0264205838 0.00139314563 0 0 0
nt@synapse_cleft 2423 0.0120037968 -0.0378733972 0.000982094295 0 0 0
nt@synapse_cleft 2434 0.00361352117 -0.0228395865 0.0168154018 0 0 0
nt@synapse_cleft 2437 0.0257444611 0.0148048559 0.0044209117 0 0 0
nt@synapse_cleft 2438 0.00274525816 -0.0433870364 0.00402046878 0 0 0
nt@synapse_cleft 2440 -0.0172992476 -0.0287787498 0.00891083527 0 0 0
nt@synapse_cleft 2446 -0.0250903608 0.0183061343 0.00646072712 0 0 0
nt@synapse_cleft 2448 -0.00127354572 0.00307466771 0.0131290854 0 0 0
nt@synapse_cleft 2456 -0.0166006169 -0.00460444461 0.016375379 0 0 0
nt@synapse_cleft 2459 0.000979267358 0.0430488731 0.000159272158 0 0 0
nt@synapse_cleft 2462 -0.0158937053 0.041146128 0.00175803845 0 0 0
nt@synapse_cleft 2463 0.00837561783 -0.0247367595 0.0169007596 0 0 0
nt@synapse_cleft 2466 0.00156132795 -0.033093937 0.00637007032 0 0 0
nt@synapse_cleft 2467 -0.00746200858 0.0280660778 0.0026740354 0 0 0
nt@synapse_cleft 2468 -0.0512139381 -0.0166851842 0.0108834063 0 0 0
nt@synapse_cleft 2470 0.00494852289 0.0165522699 0.00345533502 0 0 0
nt@synapse_cleft 2472 0.0406969957 -0.0518300225 0.0183631264 0 0 0
nt@synapse_cleft 2480 -0.0160411619 -0.0157224649 0.014047486 0 0 0
nt@synapse_cleft 2481 -0.0225603184 -0.00201709231 0.0045975794 0 0 0
nt@synapse_cleft 2483 0.0313789056 0.0115376121 0.00923918577 0 0 0
nt@synapse_cleft 2491 0.0087587046 0.000629568725 0.0156939833 0 0 0
nt@synapse_cleft 2493 0.0190371924 -0.0517788661 0.019306614 0 0 0
nt@synapse_cleft 2498 0.0161425482 -0.00688271455 0.00724978122 0 0 0
nt@synapse_cleft 2501 -0.00207143033 0.00896720761 0.00233542229 0 0 0
nt@synapse_cleft 2502 0.0166995488 -0.0387971195 0.0151977367 0 0 0
nt@synapse_cleft 2509 -0.00240463718 -0.0266507332 0.0159957982 0 0 0
nt@synapse_cleft 2510 -0.00665592556 -0.00382417769 0.0150019382 0 0 0
nt@synapse_cleft 2513 0.000388928858 0.00993901258 0.000570605491 0 0 0
nt@synapse_cleft 2517 -0.00705838787 -0.00825009614 0.0170702761 0 0 0
nt@synapse_cleft 2520 0.0289510939 0.0267017349 0.000159270426 0 0 0
nt@synapse_cleft 2521 -0.00132079081 0.0203758234 0.00442366451 0 0 0
nt@synapse_cleft 2525 0.0249351819 0.0121442829 0.0108175005 0 0 0
nt@synapse_cleft 2528 -0.0101360425 0.00149140801 0.00421843851 0 0 0
nt@synapse_cleft 2539 -0.0145422885 0.0204100443 0.0181195929 0 0 0
nt@synapse_cleft 2542 0.0259751873 -0.0309602485 0.0168077994 0 0 0
nt@synapse_cleft 2549 -0.0220777576 0.0512908156 0.0124609694 0 0 0
nt@synapse_cleft 2550 0.0234979336 -0.00950029346 0.00494835385 0 0 0
nt@synapse_cleft 2555 0.0494563243 -0.0144746221 0.000408508827 0 0 0
nt@synapse_cleft 2560 -0.034643681 0.00853545319 0.00356341179 0 0 0
nt@synapse_cleft 2561 0.0196645254 0.0469607091 0.010939344 0 0 0
nt@synapse_cleft 2563 0.00420211074 0.00689329041 0.0185777081 0 0 0
nt@synapse_cleft 2564 -0.00620557434 0.0403473707 0.00483374317 0 0 0
nt@synapse_cleft 2566 -0.00279499151 -0.0121020234 0.00593135182 0 0 0
nt@synapse_cleft 2570 0.0216269361 0.00244976298 0.0065622725 0 0 0
nt@synapse_cleft 2571 0.00836174344 -0.0429911631 0.00867559862 0 0 0
nt@synapse_cleft 2577 0.00688818168 0.0254751197 0.0159478891 0 0 0
nt@synapse_cleft 2586 0.0418136502 -0.00123644429 0.0159513257 0 0 0
nt@synapse_cleft 2591 -0.00761512486 -0.0117551594 0.00245332136 0 0 0
nt@synapse_cleft 2593 0.0584123637 0.0461415888 0.0177232815 0 0 0
nt@synapse_cleft 2597 -0.0162657963 0.0176250709 0.00311766741 0 0 0
nt@synapse_cleft 2600 0.0112702047 0.0434940656 0.0142636491 0 0 0
nt@synapse_cleft 2603 0.0166447918 -0.0147748373 0.0135661852 0 0 0
nt@synapse_cleft 2604 0.0343535935 -0.00852043742 0.00399060245 0 0 0
nt@synapse_cleft 2610 0.00762765573 -0.041779255 0.00249661966 0 0 0
nt@synapse_cleft 2613 -0.0332881652 -0.0298794864 0.0191570445 0 0 0
nt@synapse_cleft 2615 -0.0171848653 -0.0613826855 0.00868347911 0 0 0
nt@synapse_cleft 2617 -0.0166123244 0.0244539174 0.00826410415 0 0 0
nt@synapse_cleft 2620 0.00537572503 -0.0355863215 0.000610724037 0 0 0
nt@synapse_cleft 2623 -0.0225808643 -0.0298925257 0.0142554525 0 0 0
nt@synapse_cleft 2625 -0.0427188561 -0.0217322197 0.00698026381 0 0 0
nt@synapse_cleft 2628 0.0320829401 -0.0246325334 0.0181499679 0 0 0
nt@synapse_cleft 2631 -0.0026191359 0.0249665129 0.0159447421 0 0 0
nt@synapse_cleft 2639 0.0146312608 -0.00314146592 0.00569824707 0 0 0
nt@synapse_cleft 2641 -0.0141689644 -0.0273440916 0.00952032178 0 0 0
nt@synapse_cleft 2642 -0.0435717433 -0.00364890309 0.00805432839 0 0 0
nt@synapse_cleft 2645 0.00977137373 0.0292780355 0.00302936916 0 0 0
nt@synapse_cleft 2650 0.0281749814 -0.0113777521 0.0116924754 0 0 0
nt@synapse_cleft 2652 -0.0189925472 0.00140485974 0.0167525658 0 0 0
nt@synapse_cleft 2660 -0.0169862377 -0.0271650181 0.00850202497 0 0 0
nt@synapse_cleft 2661 0.0357088669 -0.0321840792 0.00317658471 0 0 0
nt@synapse_cleft 2670 -0.0323159418 -0.0132418311 0.0164759825 0 0 0
nt@synapse_cleft 2674 -0.0206193146 -0.00310205494 0.00137464671 0 0 0
nt@synapse_cleft 2675 -0.00795588927 0.00736401988 0.00399785587 0 0 0
nt@synapse_cleft 2680 -0.0608856154 -0.0196172129 0.0118737524 0 0 0
nt@synapse_cleft 2681 -0.0322199148 -0.0202769349 0.00674495691 0 0 0
nt@synapse_cleft 2688 -0.0593640792 0.0582370885 0.00606794538 0 0 0
nt@synapse_cleft 2692 0.0277757355 -0.0164941367 0.0123584065 0 0 0
nt@synapse_cleft 2702 -0.00430292356 -0.0197339939 0.00298383611 0 0 0
nt@synapse_cleft 2708 -0.0351031701 0.00519980316 0.0106656285 0 0 0
nt@synapse_cleft 2709 -0.00688467667 -0.00152130356 0.0199946846 0 0 0
nt@synapse_cleft 2710 -0.0017466888 -0.0136495661 0.00858873886 0 0 0
nt@synapse_cleft 2713 0.0008955487 -0.0258860832 0.014937832 0 0 0
nt@synapse_cleft 2714 0.0409113624 0.0250080813 0.00508058402 0 0 0
nt@synapse_cleft 2720 0.00899527387 0.0179072451 0.00482106286 0 0 0
nt@synapse_cleft 2724 0.00382184569 -0.00628033793 0.000584710167 0 0 0
nt@synapse_cleft 2729 0.0169277649 -0.00820715677 0.0162969756 0 0 0
nt@synapse_cleft 2734 0.0463296385 -0.000182556307 0.0181473005 0 0 0
nt@synapse_cleft 2739 0.0353469982 -0.0133960285 0.00965706549 0 0 0
nt@synapse_cleft 2743 -0.00301606108 -0.0417268366 0.0163532259 0 0 0
nt@synapse_cleft 2750 0.0448851618 -0.0331033932 0.00381388229 0 0 0
nt@synapse_cleft 2752 -0.023230668 -0.0128169973 0.00844869811 0 0 0
nt@synapse_cleft 2756 0.0291808764 -0.00401478699 0.00555070555 0 0 0
nt@synapse_cleft 2758 -0.00109097055 -0.0261259791 0.00917431469 0 0 0
nt@synapse_cleft 2760 -0.00134909365 -0.0171861943 0.0164277081 0 0 0
nt@synapse_cleft 2766 -0.0493358317 0.021336146 0.0172739632 0 0 0
nt@synapse_cleft 2775 0.0345036134 -0.00970056263 0.015263976 0 0 0
nt@synapse_cleft 2785 0.00119530736 0.0245289493 0.00882607409 0 0 0
nt@synapse_cleft 2798 -0.0247156255 0.00986600659 0.0146392154 0 0 0
nt@synapse_cleft 2807 -0.0130709141 0.00387645716 0.00697074951 0 0 0
nt@synapse_cleft 2808 0.017306365 0.0466230555 0.0010838897 0 0 0
nt@synapse_cleft 2812 -0.0481913034 -0.0369881112 0.00104213959 0 0 0
nt@synapse_cleft 2815 0.0021162762 0.00280527847 0.0106139393 0 0 0
nt@synapse_cleft 2820 0.0159277441 0.00119402634 0.00990812691 0 0 0
nt@synapse_cleft 2828 0.0199597992 -0.0442438102 0.00613742746 0 0 0
nt@synapse_cleft 2837 -0.0132393025 0.00436356151 0.0162473938 0 0 0
nt@synapse_cleft 2848 0.0133586383 0.0166067126 0.0141637084 0 0 0
nt@synapse_cleft 2854 0.021554391 -0.00069149957 0.00611706237 0 0 0
nt@synapse_cleft 2855 -0.0275567196 -0.0276686725 3.04278945e-05 0 0 0
nt@synapse_cleft 2857 0.0193415845 -0.0155949037 0.0167888452 0 0 0
nt@synapse_cleft 2861 -0.0252848309 -0.00321975531 0.00306000881 0 0 0
nt@synapse_cleft 2863 -0.0315019823 0.0144269357 0.00571724503 0 0 0
nt@synapse_cleft 2868 0.00429893509 0.0144767252 0.00660016296 0 0 0
nt@synapse_cleft 2871 0.00730570092 -0.0506202471 0.0120983887 0 0 0
nt@synapse_cleft 2875 0.00116416981 0.00633204498 0.0194658714 0 0 0
nt@synapse_cleft 2876 -0.024623638 -0.00173173167 0.0125737551 0 0 0
nt@synapse_cleft 2880 -0.00150606723 0.0263396474 0.0144036531 0 0 0
nt@synapse_cleft 2884 0.0286325243 -0.0119060433 0.0109220912 0 0 0
nt@synapse_cleft 2887 0.00521116538 -0.0286928566 0.0168302915 0 0 0
nt@synapse_cleft 2894 0.010437559 0.013717046 0.00581617008 0 0 0
nt@synapse_cleft 2895 0.0544651333 -0.00221834085 0.0118814848 0 0 0
nt@synapse_cleft 2897 0.0110512736 -0.0404201264 0.0168824663 0 0 0
nt@synapse_cleft 2905 -0.0138750447 0.0203302255 0.0139531281 0 0 0
nt@synapse_cleft 2909 0.0377477325 -0.00830393831 0.00941518171 0 0 0
nt@synapse_cleft 2910 -0.037309744 0.0125012999 0.0105106763 0 0 0
nt@synapse_cleft 2912 0.0254402983 -0.011004152 0.00579992114 0 0 0
nt@synapse_cleft 2915 0.0277547485 -0.027603634 0.00903977719 0 0 0
nt@synapse_cleft 2918 -0.00841279826 -0.0532693214 0.0161902514 0 0 0
nt@synapse_cleft 2920 0.0186439928 -0.00844007384 0.0162993322 0 0 0
nt@synapse_cleft 2921 -0.00130870301 0.0443266095 0.00038492392 0 0 0
nt@synapse_cleft 2922 0.058095955 -0.0126033822 0.0144876207 0 0 0
nt@synapse_cleft 2925 -0.0135446995 0.0165321439 0.0146428305 0 0 0
nt@synapse_cleft 2928 0.00161583679 0.0555029109 0.00875016808 0 0 0
nt@synapse_cleft 2933 -0.013664069 -0.0092129306 0.0105165266 0 0 0
nt@synapse_cleft 2935 -0.034947462 0.00086299548 0.0194670109 0 0 0
nt@synapse_cleft 2938 0.00878335453 -0.0294337315 0.00406809488 0 0 0
nt@synapse_cleft 2940 -0.000623621426 -0.0224610257 0.00342472588 0 0 0
nt@synapse_cleft 2945 -0.0330262721 -0.0119775694 0.00454118282 0 0 0
nt@synapse_cleft 2946 0.00890790216 -0.00164856325 0.00772577419 0 0 0
nt@synapse_cleft 2951 -0.0175672182 0.00481548163 0.0112746235 0 0 0
nt@synapse_cleft 2955 -0.0226160765 -0.0071050737 0.00574370351 0 0 0
nt@synapse_cleft 2961 0.0565472326 -0.0346911624 0.00703653664 0 0 0
nt@synapse_cleft 2962 0.0196816096 0.0105243927 0.0192838384 0 0 0
nt@synapse_cleft 2967 -0.0266933891 -0.0492600659 0.0110000788 0 0 0
nt@synapse_cleft 2982 -0.0086756658 0.00460188459 0.00861343255 0 0 0
nt@synapse_cleft 2983 0.011967587 -0.048685034 0.00517278138 0 0 0
nt@synapse_cleft 2992 -0.0383140333 0.0218088007 0.00636628318 0 0 0
nt@synapse_cleft 2993 -0.00960422762 0.0376910136 0.00122199301 0 0 0
nt@synapse_cleft 2997 0.0239675054 -0.0228452765 0.00271655971 0 0 0
nt@synapse_cleft 3006 0.0144012928 0.0333172571 0.0133329004 0 0 0
nt@synapse_cleft 3008 0.0176518342 0.0593421808 0.015666097 0 0 0
nt@synapse_cleft 3012 0.0250357182 -0.00332906409 0.0027884241 0 0 0
nt@synapse_cleft 3019 -0.00514792649 -0.00256594834 0.0037722086 0 0 0
nt@synapse_cleft 3020 -0.0209276807 -0.0173001405 0.00848261226 0 0 0
nt@synapse_cleft 3024 0.0117409141 0.0165156357 0.004209133 0 0 0
nt@synapse_cleft 3026 -0.00965113466 0.00636585535 0.0129779203 0 0 0
nt@synapse_cleft 3042 -0.00883398951 0.0087361086 0.0152353389 0 0 0
nt@synapse_cleft 3047 0.032640712 0.0404358539 0.00294128012 0 0 0
nt@synapse_cleft 3057 0.00901828101 -0.0210597996 0.0170052614 0 0 0
nt@synapse_cleft 3061 -0.00784578507 0.0268415985 0.00852621971 0 0 0
nt@synapse_cleft 3062 0.0066247632 -0.0263183382 0.00846876933 0 0 0
nt@synapse_cleft 3069 0.0464483544 -0.0324565852 0.00293061418 0 0 0
nt@synapse_cleft 3073 0.00429243749 0.0321742455 0.00659232222 0 0 0
nt@synapse_cleft 3076 -0.026397285 -0.012414977 0.00165632963 0 0 0
nt@synapse_cleft 3078 -0.0300157825 -0.0191674166 0.000445311303 0 0 0
nt@synapse_cleft 3082 0.00351457643 0.0221637246 0.0162861416 0 0 0
nt@synapse_cleft 3089 0.00708168804 -0.0103902904 0.000148531159 0 0 0
nt@synapse_cleft 3092 -0.0148909119 0.00691039084 0.0169093818 0 0 0
nt@synapse_cleft 3096 -0.00295034814 0.0263736614 0.00323942938 0 0 0
nt@synapse_cleft 3097 0.0392934504 0.0131001455 0.0102243203 0 0 0
nt@synapse_cleft 3099 -0.0184371699 0.0147024708 0.0150634187 0 0 0
nt@synapse_cleft 3109 -0.0229547211 0.0257336591 0.00906800141 0 0 0
nt@synapse_cleft 3111 -0.00683143132 -0.0159399034 0.00256493799 0 0 0
nt@synapse_cleft 3113 -0.0112978542 0.0217480206 0.0156180068 0 0 0
nt@synapse_cleft 3114 0.0222621982 0.0259432344 0.0162890864 0 0 0
nt@synapse_cleft 3122 -0.001875512 -0.000906348727 0.00214154001 0 0 0
nt@synapse_cleft 3132 -0.0233252378 -0.0048825592 0.00721589756 0 0 0
nt@synapse_cleft 3134 0.00114201793 0.0287513952 0.0172587304 0 0 0
nt@synapse_cleft 3144 -0.00148526692 -0.0497363687 0.0198507243 0 0 0
nt@synapse_cleft 3147 -0.00942373132 0.00687210141 0.00776613351 0 0 0
nt@synapse_cleft 3150 0.0259232054 -0.0667931921 0.0105757986 0 0 0
nt@synapse_cleft 3155 -0.00468815661 0.0203108764 0.0166072908 0 0 0
nt@synapse_cleft 3158 -0.0176322262 0.001885357 0.00181611585 0 0 0
nt@synapse_cleft 3159 -0.0229687446 0.024886005 0.0153113505 0 0 0
nt@synapse_cleft 3165 0.0249973379 -0.00110796465 0.0104506603 0 0 0
nt@synapse_cleft 3167 0.00297033418 0.0141948785 0.0142375132 0 0 0
nt@synapse_cleft 3177 0.0127729225 -0.0325769259 0.00725471676 0 0 0
nt@synapse_cleft 3178 -0.00203566703 -0.0158818856 0.00895755833 0 0 0
nt@synapse_cleft 3179 0.0129733828 -0.00372798283 0.00728642161 0 0 0
nt@synapse_cleft 3181 0.00782821702 0.0237496922 0.0114142791 0 0 0
nt@synapse_cleft 3182 -0.0075870573 -0.00708466945 0.00894340359 0 0 0
nt@synapse_cleft 3183 -0.00888567537 -0.018814327 0.0154848296 0 0 0
nt@synapse_cleft 3184 0.000838162143 0.0147506718 0.000988234728 0 0 0
nt@synapse_cleft 3185 -0.00568201061 -0.0112134277 0.000459170848 0 0 0
nt@synapse_cleft 3187 -0.0205317973 0.00274547391 0.0163584176 0 0 0
nt@synapse_cleft 3190 0.0201560303 -0.0100698746 0.00704862527 0 0 0
nt@synapse_cleft 3199 -0.00140618716 0.0395986314 0.0152310569 0 0 0
nt@synapse_cleft 3202 0.00406287632 0.0265014973 0.0199617629 0 0 0
nt@synapse_cleft 3207 -0.0199228407 -0.00932057774 0.0189440983 0 0 0
nt@synapse_cleft 3211 0.00991328684 0.00564354872 0.00827854538 0 0 0
nt@synapse_cleft 3214 0.0066767468 -0.0101001171 0.01402519 0 0 0
nt@synapse_cleft 3220 -0.00243378814 0.0165466801 0.011595738 0 0 0
nt@synapse_cleft 3222 -0.0530169734 -0.0144795384 0.00597652536 0 0 0
nt@synapse_cleft 3227 0.00291023347 0.00505392112 0.0120303322 0 0 0
nt@synapse_cleft 3230 -0.0655650921 -0.019882849 0.00198799932 0 0 0
nt@synapse_cleft 3247 0.0144344686 -0.00417932131 0.0169903188 0 0 0
nt@synapse_cleft 3248 -0.0190170444 -0.023583236 0.0199325654 0 0 0
nt@synapse_cleft 3249 -0.00344208647 0.009704036 0.00767644472 0 0 0
nt@synapse_cleft 3275 4.38015223e-06 -0.00856145577 0.0186743281 0 0 0
nt@synapse_cleft 3284 0.0130729398 -0.00446513313 0.0113664514 0 0 0
nt@synapse_cleft 3302 -0.0013521858 -0.0331422721 0.0011604646 0 0 0
nt@synapse_cleft 3304 0.0258673985 0.0604331706 0.0051956429 0 0 0
nt@synapse_cleft 3308 -0.015348996 0.0334543285 0.00344655431 0 0 0
nt@synapse_cleft 3311 -0.0295107538 0.0185850435 0.0183354286 0 0 0
nt@synapse_cleft 3312 -0.00491447184 -0.011681841 0.00344768327 0 0 0
nt@synapse_cleft 3313 0.000461973544 -0.0174995233 0.0111344322 0 0 0
nt@synapse_cleft 3316 0.0125318921 -0.0066280422 0.00542150071 0 0 0
nt@synapse_cleft 3324 -0.00996521468 -0.0094870146 0.00241290401 0 0 0
nt@synapse_cleft 3326 0.000216626152 -0.0125228796 0.000617315058 0 0 0
nt@synapse_cleft 3327 0.000383635354 -0.0407197652 0.0199200447 0 0 0
nt@synapse_cleft 3334 0.022803524 0.0109687849 0.0139999539 0 0 0
nt@synapse_cleft 3335 0.0317809842 0.00201894331 0.0142148686 0 0 0
nt@synapse_cleft 3338 0.0109895189 -0.0303698003 0.00882941976 0 0 0
nt@synapse_cleft 3341 0.0141920493 0.0104532514 0.00576396108 0 0 0
nt@synapse_cleft 3342 0.00385212785 -0.00375527009 0.0176456926 0 0 0
nt@synapse_cleft 3347 0.0271003189 -0.0465212074 0.00949240712 0 0 0
nt@synapse_cleft 3354 -0.0142681352 -0.0195592718 0.00885776568 0 0 0
nt@synapse_cleft 3367 -3.13388114e-05 0.0215062498 0.00949880742 0 0 0
nt@synapse_cleft 3372 -0.0335588762 -0.0163264262 0.00624847164 0 0 0
nt@synapse_cleft 3375 0.0526258904 0.0222472809 0.0167835389 0 0 0
nt@synapse_cleft 3378 0.0124059653 0.0319766414 0.0101806408 0 0 0
nt@synapse_cleft 3394 -0.00868929007 -0.0234962852 0.0103593283 0 0 0
nt@synapse_cleft 3401 0.0383346472 -0.00296187907 0.0194901786 0 0 0
nt@synapse_cleft 3402 -0.010716217 -0.00763607275 5.30290505e-05 0 0 0
nt@synapse_cleft 3404 0.0224087914 -0.0250219173 0.0120998555 0 0 0
nt@synapse_cleft 3405 0.0219370457 0.0293371547 0.00766415151 0 0 0
nt@synapse_cleft 3407 0.00471850271 0.0439010989 0.00435284247 0 0 0
nt@synapse_cleft 3413 0.0155932589 0.0113737122 0.00560804209 0 0 0
nt@synapse_cleft 3415 -0.016342701 0.0180878234 0.0143400006 0 0 0
nt@synapse_cleft 3419 -0.0311931703 0.0215916735 0.0153055306 0 0 0
nt@synapse_cleft 3429 0.0351971511 -0.0156562883 0.0140732904 0 0 0
nt@synapse_cleft 3432 0.048964685 -0.0689656279 0.00741639174 0 0 0
nt@synapse_cleft 3434 0.00293947385 -0.023198792 0.00320910236 0 0 0
nt@synapse_cleft 3445 0.00658112259 0.0117851674 0.0187150948 0 0 0
nt@synapse_cleft 3451 0.0192745063 0.020448013 0.00140475711 0 0 0
nt@synapse_cleft 3455 -0.00292732301 -0.00768227912 0.018728811 0 0 0
nt@synapse_cleft 3467 -0.0574515495 0.00832491973 0.00683851729 0 0 0
nt@synapse_cleft 3470 0.0308797468 -0.0165160524 0.0198897305 0 0 0
nt@synapse_cleft 3472 -0.0210765915 0.0117759245 0.0182666308 0 0 0
nt@synapse_cleft 3474 0.0328972858 -0.00595205592 0.000100127685 0 0 0
nt@synapse_cleft 3482 -0.0571420843 -0.0419537169 0.0171415949 0 0 0
nt@synapse_cleft 3484 -0.00637836515 0.0168548803 0.0153925942 0 0 0
nt@synapse_cleft 3496 0.00108273676 -0.00755245356 0.0167684652 0 0 0
nt@synapse_cleft 3500 0.0135621091 -0.0263934566 0.00766444786 0 0 0
nt@synapse_cleft 3502 0.0311421218 0.028282885 0.00790857918 0 0 0
nt@synapse_cleft 3507 -0.0211951994 -0.00899949515 0.0136461607 0 0 0
nt@synapse_cleft 3511 0.0295696464 -0.0211653592 0.0170542079 0 0 0
nt@synapse_cleft 3514 -0.00341386682 -0.0210725444 0.0139877542 0 0 0
nt@synapse_cleft 3519 0.0337842563 -0.0303632917 0.00307037911 0 0 0
nt@synapse_cleft 3525 -0.00460503717 -0.0196366099 0.00369077035 0 0 0
nt@synapse_cleft 3526 0.0194899169 -0.0358288833 0.00265771964 0 0 0
nt@synapse_cleft 3529 -0.040865615 0.00866957222 0.0096796486 0 0 0
nt@synapse_cleft 3535 0.00311502272 -0.00895639826 0.00842402049 0 0 0
nt@synapse_cleft 3536 -0.0087508141 0.00820821699 0.000763868716 0 0 0
nt@synapse_cleft 3538 -0.0191662337 0.00323192022 0.00255593059 0 0 0
nt@synapse_cleft 3539 -0.0402817993 0.0222566626 0.00427473528 0 0 0
nt@synapse_cleft 3542 0.00847166546 0.0418446548 0.0176191093 0 0 0
nt@synapse_cleft 3543 -0.0173526267 -0.00106206543 0.0133114603 0 0 0
nt@synapse_cleft 3546 -0.0063563134 0.00863109701 0.011932513 0 0 0
nt@synapse_cleft 3561 -0.0239158503 0.0157759317 0.00298277663 0 0 0
nt@synapse_cleft 3562 -0.0592491211 0.000351715643 0.0112035784 0 0 0
nt@synapse_cleft 3563 0.00702759804 -0.00987986588 0.0184777354 0 0 0
nt@synapse_cleft 3565 0.030626557 -0.0157129008 0.00685015666 0 0 0
nt@synapse_cleft 3566 0.00429258379 0.0526977978 0.0047561652 0 0 0
nt@synapse_cleft 3567 0.0121660039 0.0147266788 0.0182476156 0 0 0
nt@synapse_cleft 3568 0.0244838692 -0.0368832032 0.0167946279 0 0 0
nt@synapse_cleft 3569 0.0252899553 -0.00759859413 0.0139116493 0 0 0
nt@synapse_cleft 3575 -0.0244128176 0.0107885372 0.00113739736 0 0 0
nt@synapse_cleft 3576 0.0288614919 0.00074853139 0.0087847727 0 0 0
nt@synapse_cleft 3579 -0.000190235483 -0.0188245663 0.000634981909 0 0 0
nt@synapse_cleft 3583 -0.0103919122 0.00613251626 0.0162733375 0 0 0
nt@synapse_cleft 3585 0.0140602938 -0.00172673304 0.0180534661 0 0 0
nt@synapse_cleft 3592 0.032618505 0.0265866649 0.0164605387 0 0 0
nt@synapse_cleft 3597 0.011930632 -0.0294092237 0.0173050625 0 0 0
nt@synapse_cleft 3599 0.0193642269 -0.0382399176 0.0175868961 0 0 0
nt@synapse_cleft 3602 -0.0388231562 -0.0145712532 0.00376666488 0 0 0
nt@synapse_cleft 3603 -0.00560946384 0.0309566706 0.0178417947 0 0 0
nt@synapse_cleft 3606 -0.0108078661 -0.00513208171 0.0126455418 0 0 0
nt@synapse_cleft 3610 -0.00707805007 0.00331464183 0.0086557084 0 0 0
nt@synapse_cleft 3611 0.0202949152 -0.00424612033 0.0014194035 0 0 0
nt@synapse_cleft 3616 -0.0295312499 0.0435540371 0.0148345378 0 0 0
nt@synapse_cleft 3617 0.00359974509 -0.0515731719 0.0158381738 0 0 0
nt@synapse_cleft 3620 0.0112567226 0.0226118461 0.00969717448 0 0 0
nt@synapse_cleft 3625 0.019042737 0.00826656306 0.0177206798 0 0 0
nt@synapse_cleft 3630 0.0209234596 0.0206296626 0.0143672775 0 0 0
nt@synapse_cleft 3635 -0.0143011447 0.00593254831 0.00113753384 0 0 0
nt@synapse_cleft 3636 -0.0270180504 -0.00748760951 0.0087501329 0 0 0
nt@synapse_cleft 3637 0.0399750897 0.0227438781 0.00482753391 0 0 0
nt@synapse_cleft 3640 -0.0137030674 0.00752560556 0.00998171305 0 0 0
nt@synapse_cleft 3642 -0.0137011265 0.00105209012 0.0179134684 0 0 0
nt@synapse_cleft 3645 -0.0101996674 -0.0151323875 0.0013441506 0 0 0
nt@synapse_cleft 3654 0.00464669276 0.0447173293 0.000367985374 0 0 0
nt@synapse_cleft 3656 0.015020282 -0.0134491652 0.0112398424 0 0 0
nt@synapse_cleft 3658 0.0195570328 -0.0272433941 0.0147652849 0 0 0
nt@synapse_cleft 3661 0.0240010777 0.000543858273 0.0198505326 0 0 0
nt@synapse_cleft 3664 0.0385855814 -0.0182079233 0.0144084125 0 0 0
nt@synapse_cleft 3667 -0.0129133489 0.0076191297 0.00623481295 0 0 0
nt@synapse_cleft 3670 0.0246263366 -0.0367853869 0.0190605414 0 0 0
nt@synapse_cleft 3676 -0.0359194913 -0.00720943363 0.00596308371 0 0 0
nt@synapse_cleft 3681 0.0362590526 -0.0100272126 0.000389596086 0 0 0
nt@synapse_cleft 3689 -0.0102044975 -0.0120734444 0.0161874855 0 0 0
nt@synapse_cleft 3690 0.0175743284 -0.0209915671 0.0173748158 0 0 0
nt@synapse_cleft 3693 -0.0516637411 -0.0353237489 0.00232248455 0 0 0
nt@synapse_cleft 3706 0.0355006044 0.000482557266 0.0132193678 0 0 0
nt@synapse_cleft 3707 -0.0426663635 -0.00380368527 0.0198880331 0 0 0
nt@synapse_cleft 3713 0.0323753475 -0.0307959765 0.0151792139 0 0 0
nt@synapse_cleft 3714 -0.0582257584 -0.00453819151 0.00808172064 0 0 0
nt@synapse_cleft 3726 0.011046298 -0.0621565689 0.0110890492 0 0 0
nt@synapse_cleft 3728 0.00771738715 0.0267211132 0.00689582072 0 0 0
nt@synapse_cleft 3730 0.0122157049 0.0276809317 0.0181496271 0 0 0
nt@synapse_cleft 3731 -0.000126519729 0.0131157298 0.0177072614 0 0 0
nt@synapse_cleft 3732 0.000717477471 -0.00471507602 0.0191415194 0 0 0
nt@synapse_cleft 3734 0.0107245522 0.00580065857 0.0103451872 0 0 0
nt@synapse_cleft 3737 0.00289188679 0.00472543602 0.0131337533 0 0 0
nt@synapse_cleft 3738 0.000251936842 0.0288493811 0.0177819922 0 0 0
nt@synapse_cleft 3739 0.0101485667 0.0469345981 0.00853519147 0 0 0
nt@synapse_cleft 3745 -0.00249613474 0.0189243091 0.000212498401 0 0 0
nt@synapse_cleft 3751 0.006824286 -0.00321028686 0.00623903418 0 0 0
nt@synapse_cleft 3758 -0.0207714002 -0.0263368602 0.00432419351 0 0 0
nt@synapse_cleft 3759 0.000945712693 -0.0134007153 9.49779856e-05 0 0 0
nt@synapse_cleft 3760 -0.0147714429 0.0456312012 0.00854522469 0 0 0
nt@synapse_cleft 3763 0.0506529068 0.0363426049 0.0149923568 0 0 0
nt@synapse_cleft 3768 0.00660154886 -0.0199086212 0.00431975154 0 0 0
nt@synapse_cleft 3770 0.016172718 0.00161654486 0.0110467562 0 0 0
nt@synapse_cleft 3771 0.0165268946 0.0173019468 0.0171666799 0 0 0
nt@synapse_cleft 3775 0.00852543124 0.00941776595 0.0124199362 0 0 0
nt@synapse_cleft 3783 -0.025276965 0.000919421352 0.0184843376 0 0 0
nt@synapse_cleft 3788 -0.0241141707 -0.00430353639 0.000658251955 0 0 0
nt@synapse_cleft 3793 -0.0194318396 -0.0186392328 0.0123306227 0 0 0
nt@synapse_cleft 3800 0.0365032743 -0.00910526249 0.00657172493 0 0 0
nt@synapse_cleft 3802 0.0289155922 0.00650118522 0.00737725276 0 0 0
nt@synapse_cleft 3811 -0.0269728128 -0.0101041447 0.0166296604 0 0 0
nt@synapse_cleft 3821 0.0334310424 0.0269128623 0.0047561245 0 0 0
nt@synapse_cleft 3827 0.0126361563 0.0194364587 0.0117747224 0 0 0
nt@synapse_cleft 3831 -0.0048736366 -0.0460448512 0.00156650072 0 0 0
nt@synapse_cleft 3834 0.0464261969 -0.0101823795 0.0169305709 0 0 0
nt@synapse_cleft 3835 0.0147257411 -0.0363573758 0.0139920585 0 0 0
nt@synapse_cleft 3841 0.0169807082 -0.0226537581 0.0190271208 0 0 0
nt@synapse_cleft 3844 -0.0184279133 -0.0051829768 0.0140867958 0 0 0
nt@synapse_cleft 3846 -0.0110025111 0.00575346777 0.0139988422 0 0 0
nt@synapse_cleft 3848 0.0221169081 0.0110778886 0.0170162831 0 0 0
nt@synapse_cleft 3850 -0.0236274366 0.0017194857 0.0152641272 0 0 0
nt@synapse_cleft 3859 0.0391162503 0.00481925506 0.011534388 0 0 0
nt@synapse_cleft 3879 0.014149739 -0.0390308279 0.00225783529 0 0 0
nt@synapse_cleft 3886 0.0218138658 0.0416158395 0.0136403347 0 0 0
nt@synapse_cleft 3891 -0.00282502039 -0.0182598026 0.0134572326 0 0 0
nt@synapse_cleft 3902 -0.0135670986 0.00547523488 0.00319903777 0 0 0
nt@synapse_cleft 3907 -0.0245903506 -0.0224224806 0.00382413905 0 0 0
nt@synapse_cleft 3909 0.0110167926 0.0385634994 0.000283745314 0 0 0
nt@synapse_cleft 3917 0.000699133368 -0.0164867597 0.000602163591 0 0 0
nt@synapse_cleft 3918 -0.00231519048 -0.00929057057 0.00322663038 0 0 0
nt@synapse_cleft 3921 0.0192192841 0.0330207206 0.0198789822 0 0 0
nt@synapse_cleft 3927 0.00606119503 0.0264535621 0.016369721 0 0 0
nt@synapse_cleft 3932 0.00544727385 -0.00837140672 0.00779108237 0 0 0
nt@synapse_cleft 3936 -0.0283508696 0.0161019191 0.00926028396 0 0 0
nt@synapse_cleft 3940 0.000653903546 -0.02098813 0.00398688657 0 0 0
nt@synapse_cleft 3941 -0.0214439105 0.00818944963 0.0101510941 0 0 0
nt@synapse_cleft 3949 -0.0199239708 0.00162284112 0.0114372858 0 0 0
nt@synapse_cleft 3952 -0.0173853447 0.00515708184 0.00617105456 0 0 0
nt@synapse_cleft 3953 0.0127213728 -0.0171792414 0.00155788314 0 0 0
nt@synapse_cleft 3956 -0.010719281 -0.0140136068 0.0112795392 0 0 0
nt@synapse_cleft 3957 0.0284436742 -0.0030247153 0.0163219243 0 0 0
nt@synapse_cleft 3958 0.0173680205 0.0240657427 0.0182054248 0 0 0
nt@synapse_cleft 3962 -0.0307211267 0.025518265 0.00871623783 0 0 0
nt@synapse_cleft 3963 0.0179891777 0.0353219476 0.00853292642 0 0 0
nt@synapse_cleft 3965 -0.0325557214 0.00191086419 0.00605210365 0 0 0
nt@synapse_cleft 3967 0.0206995605 -0.01666846 0.00109385073 0 0 0
nt@synapse_cleft 3968 0.0184551082 -0.00294801416 0.0182643559 0 0 0
nt@synapse_cleft 3969 0.00878222481 -0.0350079587 0.0113350595 0 0 0
nt@synapse_cleft 3973 0.0227390826 -0.00177985448 0.0167352245 0 0 0
nt@synapse_cleft 3974 -0.0262147215 0.0346723813 0.0167370828 0 0 0
nt@synapse_cleft 3977 0.00363419703 0.0289818959 0.00215370426 0 0 0
nt@synapse_cleft 3978 0.0228434838 0.00282188405 0.0182899024 0 0 0
nt@synapse_cleft 3983 -0.017709316 -0.0280873254 0.00197928333 0 0 0
nt@synapse_cleft 3988 -0.00960953638 -0.0237187524 0.0117183957 0 0 0
nt@synapse_cleft 3989 0.0461458504 0.00746509569 0.0084656312 0 0 0
nt@synapse_cleft 3991 0.0717850378 -0.013184846 0.00483884901 0 0 0
nt@synapse_cleft 3992 0.0068712134 0.0101626202 0.0199171705 0 0 0
nt@synapse_cleft 3993 -0.0306572903 0.000911284322 0.00586794883 0 0 0
nt@synapse_cleft 3995 -0.0413726017 0.017470344 0.000858081156 0 0 0
nt@synapse_cleft 3997 -0.0522491454 -0.000951926298 0.0160498942 0 0 0
nt@synapse_cleft 3999 -0.0369498388 -0.00929316672 0.0185577853 0 0 0
nt@synapse_cleft 4009 0.00745202244 -0.0115349875 0.00527930287 0 0 0
nt@synapse_cleft 4011 0.0133254476 0.00222739813 0.00100470042 0 0 0
nt@synapse_cleft 4016 0.000402071696 0.0578959671 0.00328221688 0 0 0
nt@synapse_cleft 4018 0.0139465155 0.0111044785 0.00697498089 0 0 0
nt@synapse_cleft 4022 -0.0177818123 -0.00970413679 0.00853887344 0 0 0
nt@synapse_cleft 4024 -0.00673242229 0.0382181901 0.00601880745 0 0 0
nt@synapse_cleft 4025 -0.027046852 -0.00409309745 0.0113881558 0 0 0
nt@synapse_cleft 4027 0.0130590044 -0.0197087052 0.00435639385 0 0 0
nt@synapse_cleft 4028 -0.0175286481 0.019179529 0.00333569817 0 0 0
nt@synapse_cleft 4033 -0.0134042459 -0.0120328928 0.00268299796 0 0 0
nt@synapse_cleft 4037 -0.0164405948 0.030621958 0.0178084496 0 0 0
nt@synapse_cleft 4040 0.00353830552 0.0121917608 0.0182021427 0 0 0
nt@synapse_cleft 4047 -0.00560248677 0.0178948912 0.0163993264 0 0 0
nt@synapse_cleft 4049 0.0277852892 0.00243430843 0.0127251775 0 0 0
nt@synapse_cleft 4051 0.0129409341 0.00928743406 0.0146422108 0 0 0
nt@synapse_cleft 4064 0.0139860717 0.00348056728 0.0153534153 0 0 0
nt@synapse_cleft 4070 -0.0130080368 0.0170185067 0.0180028965 0 0 0
nt@synapse_cleft 4071 -0.0381718666 -0.0324346494 0.0164804517 0 0 0
nt@synapse_cleft 4087 -0.00313825341 0.0407544031 0.00681505385 0 0 0
nt@synapse_cleft 4094 0.0328266157 -0.0378886538 0.00817832615 0 0 0
nt@synapse_cleft 4095 0.0162806834 0.01465404 0.0197134311 0 0 0
nt@synapse_cleft 4099 -0.00785117619 0.0311125907 0.00154119651 0 0 0
nt@synapse_cleft 4102 0.030929325 -0.0246741029 0.0197143806 0 0 0
nt@synapse_cleft 4103 -0.0124136558 0.00190410256 0.00390061415 0 0 0
nt@synapse_cleft 4106 0.0148868187 0.0159383928 0.0122975153 0 0 0
nt@synapse_cleft 4110 -0.0221742742 0.0178261291 0.00637552603 0 0 0
nt@synapse_cleft 4111 0.0462832811 0.00771597354 0.00161889765 0 0 0
nt@synapse_cleft 4115 -0.00455285463 0.0105023831 0.0106652531 0 0 0
nt@synapse_cleft 4116 0.00856623734 -0.00188978529 0.0128527174 0 0 0
nt@synapse_cleft 4119 0.025537852 -0.0406686397 0.019215929 0 0 0
nt@synapse_cleft 4123 0.0223700124 0.0192052272 0.00430236977 0 0 0
nt@synapse_cleft 4126 0.0296325442 -0.0210413268 0.0156527472 0 0 0
nt@synapse_cleft 4129 -0.0228295812 0.00451041097 0.00039707399 0 0 0
nt@synapse_cleft 4131 -0.0286985866 0.0165488872 0.0155170505 0 0 0
nt@synapse_cleft 4132 0.0175884238 0.0220637335 0.019483811 0 0 0
nt@synapse_cleft 4135 -0.00289539863 -0.0120359077 0.00653306521 0 0 0
nt@synapse_cleft 4144 0.00474911911 -0.00204490916 0.00550897054 0 0 0
nt@synapse_cleft 4150 -0.0406623857 -0.0617872231 0.0110571609 0 0 0
nt@synapse_cleft 4153 -0.00506556832 -0.0159271405 0.00657561687 0 0 0
nt@synapse_cleft 4155 0.0215114592 -0.0388627463 0.0181790106 0 0 0
nt@synapse_cleft 4156 0.0236321556 -0.00796245357 0.00412175873 0 0 0
nt@synapse_cleft 4157 0.00724596224 0.0198863592 0.0174598648 0 0 0
nt@synapse_cleft 4158 -0.00229969445 -4.90442217e-05 0.00748733157 0 0 0
nt@synapse_cleft 4162 0.0302694849 -0.0268323747 0.00539039776 0 0 0
nt@synapse_cleft 4163 -0.00598083771 0.0282887096 0.00468908969 0 0 0
nt@synapse_cleft 4170 -0.0526171338 0.00205578897 0.0109590729 0 0 0
nt@synapse_cleft 4177 -0.0402312336 0.0579613568 0.00257088941 0 0 0
nt@synapse_cleft 4178 -0.0154302442 -0.0450599684 0.00866833045 0 0 0
nt@synapse_cleft 4184 0.00754281802 -0.0139571774 0.00124177988 0 0 0
nt@synapse_cleft 4187 -0.0253254877 -0.0142006056 0.0163792051 0 0 0
nt@synapse_cleft 4193 -0.00733586957 -0.0292348873 0.0133995837 0 0 0
nt@synapse_cleft 4196 -0.030237202 0.0109627525 0.00397278957 0 0 0
nt@synapse_cleft 4210 0.0148929482 -0.00489118684 0.0117001693 0 0 0
nt@synapse_cleft 4214 -0.0425024693 0.0112973901 0.00878579823 0 0 0
nt@synapse_cleft 4215 0.0189309753 -0.0421783953 0.0102895157 0 0 0
nt@synapse_cleft 4220 -0.00611097733 -0.016204718 0.0163962957 0 0 0
nt@synapse_cleft 4228 0.0178201038 -0.0106723607 0.00941143011 0 0 0
nt@synapse_cleft 4229 -0.0250856131 -0.010948208 0.017337866 0 0 0
nt@synapse_cleft 4230 -0.00805800896 0.024224341 0.00402772162 0 0 0
nt@synapse_cleft 4233 0.011662274 0.0200386811 0.00610751617 0 0 0
nt@synapse_cleft 4234 -0.00414235988 -0.00773682685 0.00254376154 0 0 0
nt@synapse_cleft 4236 -0.00572764318 0.00739479914 0.0185697837 0 0 0
nt@synapse_cleft 4237 0.00718219897 -0.0201127544 0.0145555149 0 0 0
nt@synapse_cleft 4238 -0.0159564015 -0.0291512876 0.00756170943 0 0 0
nt@synapse_cleft 4241 -0.0385143336 0.00680119826 0.007857789 0 0 0
nt@synapse_cleft 4242 0.0157939693 0.00169494934 0.0184417778 0 0 0
nt@synapse_cleft 4243 0.0195774558 0.00627111277 0.0159392061 0 0 0
nt@synapse_cleft 4252 0.043317943 -0.0165359092 0.013656988 0 0 0
nt@synapse_cleft 4254 0.00515922829 0.0281987591 0.00931530777 0 0 0
nt@synapse_cleft 4255 -0.0229247922 -0.0467547598 0.0196124741 0 0 0
nt@synapse_cleft 4262 0.0368630822 -0.00415791158 0.00385872117 0 0 0
nt@synapse_cleft 4271 0.000783816319 -0.0193280498 0.0148813695 0 0 0
nt@synapse_cleft 4272 -0.00777839411 0.0236805564 0.0138224505 0 0 0
nt@synapse_cleft 4279 0.00778008413 -0.0187122602 0.0159875334 0 0 0
nt@synapse_cleft 4283 -0.0299753064 0.000642899884 0.0138039028 0 0 0
nt@synapse_cleft 4284 0.0386422725 -0.0197666674 0.00118238394 0 0 0
nt@synapse_cleft 4285 -0.0247572654 0.0452475479 0.000700412873 0 0 0
nt@synapse_cleft 4287 0.0530575621 0.00503772188 0.0152868466 0 0 0
nt@synapse_cleft 4288 0.0207085999 -0.0156253152 0.0197110129 0 0 0
nt@synapse_cleft 4293 -0.0036566301 -0.0245306517 0.0058814109 0 0 0
nt@synapse_cleft 4297 0.0415356831 -0.0269825746 0.0018068491 0 0 0
nt@synapse_cleft 4301 0.0151477057 -0.0142039121 0.00607525169 0 0 0
nt@synapse_cleft 4312 -0.0164282696 -0.0201693462 0.0132083775 0 0 0
nt@synapse_cleft 4317 -0.011981472 0.0267502069 0.00697575212 0 0 0
nt@synapse_cleft 4318 -0.0244217452 -0.0248296918 0.00843873719 0 0 0
nt@synapse_cleft 4322 0.0091767858 0.0146793755 0.0135188253 0 0 0
nt@synapse_cleft 4326 0.0190179473 -0.00867048979 0.00223114864 0 0 0
nt@synapse_cleft 4330 -0.0173266601 0.00498418081 0.00532827725 0 0 0
nt@synapse_cleft 4334 0.00295825199 -0.00316831301 0.00521075375 0 0 0
nt@synapse_cleft 4339 -0.010184941 -0.00913207936 0.00756908768 0 0 0
nt@synapse_cleft 4343 -0.0118076368 -0.0326387142 0.0180975467 0 0 0
nt@synapse_cleft 4346 -0.0022180832 -0.01592719 0.0191461202 0 0 0
nt@synapse_cleft 4351 0.0462791204 0.00912971324 0.00173352775 0 0 0
nt@synapse_cleft 4359 0.0159701384 0.0147770631 0.0155666049 0 0 0
nt@synapse_cleft 4360 0.0186133999 0.0124504207 0.015697058 0 0 0
nt@synapse_cleft 4363 -0.0398578579 -0.00186721018 0.00844127528 0 0 0
nt@synapse_cleft 4365 0.0177268221 0.00873940053 0.0178205253 0 0 0
nt@synapse_cleft 4372 -0.00265032387 -0.0110562615 0.00803177776 0 0 0
nt@synapse_cleft 4374 -0.016501374 -0.00520035478 0.0189109721 0 0 0
nt@synapse_cleft 4376 -0.0282438472 -0.00489498258 0.00389829241 0 0 0
nt@synapse_cleft 4381 -0.0100282292 -0.0327932125 0.00383721099 0 0 0
nt@synapse_cleft 4386 -0.00703850468 -0.0333501393 0.00278225526 0 0 0
nt@synapse_cleft 4391 0.0117270884 -0.0336654638 0.00583886651 0 0 0
nt@synapse_cleft 4392 -0.00900114873 0.00103585254 0.00207684983 0 0 0
nt@synapse_cleft 4394 0.0143277807 -0.0149682608 0.00770212226 0 0 0
nt@synapse_cleft 4395 0.00995222342 -0.0278066474 0.00776509864 0 0 0
nt@synapse_cleft 4396 0.00849750851 -0.0415104583 0.0182907663 0 0 0
nt@synapse_cleft 4398 -0.0193385277 0.00472219513 0.00948856689 0 0 0
nt@synapse_cleft 4399 0.0316850755 0.0327377462 0.0181242714 0 0 0
nt@synapse_cleft 4403 -0.00928815272 -0.027633926 0.0095316229 0 0 0
nt@synapse_cleft 4405 -0.0192331406 -0.0156343754 0.000922828593 0 0 0
nt@synapse_cleft 4407 0.0384396038 -0.0365188066 0.00692075199 0 0 0
nt@synapse_cleft 4414 0.0169865879 -0.0166278634 0.00153503024 0 0 0
nt@synapse_cleft 4416 -0.0142571908 0.00354938165 0.00767775115 0 0 0
nt@synapse_cleft 4423 0.0283459732 -0.0109726376 0.00655276837 0 0 0
nt@synapse_cleft 4424 -0.0258735415 -0.0058533087 0.0100608875 0 0 0
nt@synapse_cleft 4426 0.0121746158 -0.0121229995 0.00695680521 0 0 0
nt@synapse_cleft 4430 -0.0077810755 -0.00481042072 0.0112625604 0 0 0
nt@synapse_cleft 4431 0.00878590778 -0.0137493371 0.00440676841 0 0 0
nt@synapse_cleft 4434 0.0216453713 -0.0311818786 0.0144146253 0 0 0
nt@synapse_cleft 4436 0.0188248181 0.0146324887 0.00810562467 0 0 0
nt@synapse_cleft 4446 0.00871381704 0.0434408163 0.0175970892 0 0 0
nt@synapse_cleft 4449 0.0312422703 0.0437296759 0.0196770544 0 0 0
nt@synapse_cleft 4453 -0.0356128667 0.015823799 0.00718315923 0 0 0
nt@synapse_cleft 4464 0.0043633713 -0.0331219292 0.0168232054 0 0 0
nt@synapse_cleft 4470 -0.00550485572 -0.0308244086 0.0138704584 0 0 0
nt@synapse_cleft 4473 -0.00663591722 -0.0155678536 0.00153116978 0 0 0
nt@synapse_cleft 4478 -0.00825372175 0.025864608 0.0103010776 0 0 0
nt@synapse_cleft 4480 0.000128198435 0.0197885877 0.0157093497 0 0 0
nt@synapse_cleft 4482 -0.0120646643 0.000652524097 0.00559264599 0 0 0
nt@synapse_cleft 4485 0.023033583 -0.00455166859 0.00390904372 0 0 0
nt@synapse_cleft 4488 0.0306402332 0.00692603843 0.0155203521 0 0 0
nt@synapse_cleft 4489 0.0188765647 -0.000189388154 0.0028752282 0 0 0
nt@synapse_cleft 4491 -0.00980968652 0.0339410732 0.0069322947 0 0 0
nt@synapse_cleft 4496 -0.0590232251 0.0389979054 0.0157505082 0 0 0
nt@synapse_cleft 4499 -0.00497973423 0.000326272323 0.00509455954 0 0 0
nt@synapse_cleft 4501 0.0101202479 0.00661765962 0.0141256912 0 0 0
nt@synapse_cleft 4514 0.00663264679 0.00869940751 0.00276700068 0 0 0
nt@synapse_cleft 4517 -0.0430806883 0.0435472771 0.00310224274 0 0 0
nt@synapse_cleft 4524 0.00262687504 -0.0355794195 0.014338449 0 0 0
nt@synapse_cleft 4527 0.0268545246 -0.0220621264 0.00627823558 0 0 0
nt@synapse_cleft 4533 0.00429380344 -0.00599528344 0.0029128008 0 0 0
nt@synapse_cleft 4538 -0.0315624646 -0.0337399099 0.00288442107 0 0 0
nt@synapse_cleft 4540 0.025472019 -0.00265957234 0.00555191323 0 0 0
nt@synapse_cleft 4542 0.00369089957 0.0261879825 0.00274448057 0 0 0
nt@synapse_cleft 4545 -0.014760247 0.0208487373 0.0150760191 0 0 0
nt@synapse_cleft 4551 -0.0114992723 0.0204737942 0.0178838785 0 0 0
nt@synapse_cleft 4553 -0.0269918726 -0.00568054585 0.0113676274 0 0 0
nt@synapse_cleft 4559 -0.00604882233 0.0300603181 0.00685779296 0 0 0
nt@synapse_cleft 4565 -0.0400861978 -0.0187194518 0.017724741 0 0 0
nt@synapse_cleft 4572 0.000689397488 0.00743879528 0.00754764769 0 0 0
nt@synapse_cleft 4574 0.0352747162 -0.0149437291 0.00179111613 0 0 0
nt@synapse_cleft 4576 -0.0430885131 -0.0196944482 0.0153045176 0 0 0
nt@synapse_cleft 4583 -0.00619152894 -0.00417598534 0.00476595523 0 0 0
nt@synapse_cleft 4587 0.0242568166 0.0015816331 0.0158088078 0 0 0
nt@synapse_cleft 4590 -0.0468523212 -0.0260120164 0.0155119778 0 0 0
nt@synapse_cleft 4593 -0.0335000569 0.0461226065 0.0108702318 0 0 0
nt@synapse_cleft 4594 0.00879500791 0.00498528991 0.00139802285 0 0 0
nt@synapse_cleft 4595 0.0308609934 -0.0321816541 0.016714419 0 0 0
nt@synapse_cleft 4600 -0.0225291918 0.000401655266 0.0029458863 0 0 0
nt@synapse_cleft 4607 -0.00434139281 0.0491424289 0.0114910889 0 0 0
nt@synapse_cleft 4613 0.0407153153 -0.00953106309 0.000196797112 0 0 0
nt@synapse_cleft 4620 -2.9101936e-05 -0.000391730884 0.0111942589 0 0 0
nt@synapse_cleft 4622 0.0563591655 0.0453043509 0.0105661406 0 0 0
nt@synapse_cleft 4624 0.0197255955 -0.0170044907 0.01481435 0 0 0
nt@synapse_cleft 4626 0.022363278 0.00410635306 0.0153937228 0 0 0
nt@synapse_cleft 4628 -0.00884600024 0.00236239322 0.00456664114 0 0 0
nt@synapse_cleft 4641 0.0208119308 -0.0109400942 0.00116049668 0 0 0
nt@synapse_cleft 4654 0.00916399336 -0.0379503958 0.0146998961 0 0 0
nt@synapse_cleft 4658 -0.0221194075 0.0299612417 0.0150516085 0 0 0
nt@synapse_cleft 4659 -0.0500589643 0.020828317 0.00976039579 0 0 0
nt@synapse_cleft 4660 0.0273148764 -0.0262772499 0.013173229 0 0 0
nt@synapse_cleft 4661 0.0198976073 -0.0350809597 0.00187256419 0 0 0
nt@synapse_cleft 4664 0.00987366486 -0.00379560956 0.00540124504 0 0 0
nt@synapse_cleft 4666 0.0538963415 0.0185604796 0.0190207122 0 0 0
nt@synapse_cleft 4671 -0.00599295999 -0.0186538055 0.00237425793 0 0 0
nt@synapse_cleft 4681 0.0125899489 -0.022175986 0.0150714225 0 0 0
nt@synapse_cleft 4687 -0.00403063367 -0.00694265281 0.0164379559 0 0 0
nt@synapse_cleft 4699 -0.036548293 0.0126287039 0.00262294505 0 0 0
nt@synapse_cleft 4700 -0.0299443104 0.0607445524 0.0180215683 0 0 0
nt@synapse_cleft 4701 0.0185120366 0.021482031 0.0120746256 0 0 0
nt@synapse_cleft 4706 0.0108437214 -0.0157836382 0.00904234732 0 0 0
nt@synapse_cleft 4709 -0.0107272052 0.0135105673 0.00726506523 0 0 0
nt@synapse_cleft 4710 -0.0151599891 -0.0468839292 0.00090179917 0 0 0
nt@synapse_cleft 4718 0.030893224 0.0103663275 0.00532782529 0 0 0
nt@synapse_cleft 4732 -0.0170276106 0.0139242145 0.00424352172 0 0 0
nt@synapse_cleft 4736 -0.00135477545 -0.00662033964 0.00426578665 0 0 0
nt@synapse_cleft 4746 -0.0501327317 -0.00043911229 0.00110108144 0 0 0
nt@synapse_cleft 4750 0.00856131205 -0.0616398966 0.00999414461 0 0 0
nt@synapse_cleft 4753 -0.0205166029 0.000620094756 0.00549962852 0 0 0
nt@synapse_cleft 4754 -0.0140134758 0.00925166892 0.0134336757 0 0 0
nt@synapse_cleft 4756 -0.0146363485 0.0171894686 0.0133868764 0 0 0
nt@synapse_cleft 4758 -0.0447683232 0.0162602087 0.015108464 0 0 0
nt@synapse_cleft 4764 0.0152359076 -0.0122167853 0.0100734683 0 0 0
nt@synapse_cleft 4767 0.01046126 0.0209185523 0.000532853057 0 0 0
nt@synapse_cleft 4779 0.0330580856 -0.0261144766 0.00708078354 0 0 0
nt@synapse_cleft 4784 0.0203493591 0.00923396757 0.0127903009 0 0 0
nt@synapse_cleft 4786 -0.00755479261 0.00785811277 0.0113851333 0 0 0
nt@synapse_cleft 4791 0.0239901315 -0.00806009464 0.00233258854 0 0 0
nt@synapse_cleft 4793 -0.0289987909 0.0132655176 0.0194808111 0 0 0
nt@synapse_cleft 4800 0.0130170641 -0.00673425876 0.000423964079 0 0 0
nt@synapse_cleft 4801 -0.0288185581 0.00416536139 0.00349080695 0 0 0
nt@synapse_cleft 4807 0.00690605932 -0.00787103497 0.0109772037 0 0 0
nt@synapse_cleft 4809 -0.0377438709 -0.0364359052 0.019785341 0 0 0
nt@synapse_cleft 4812 -0.00178429841 -0.0540699645 0.00768567687 0 0 0
nt@synapse_cleft 4813 -0.0399358745 -0.0784935109 0.0111487032 0 0 0
nt@synapse_cleft 4814 -0.0303152723 0.0271599153 0.00269574977 0 0 0
nt@synapse_cleft 4816 -0.0274877316 -0.0213248588 0.0150273218 0 0 0
nt@synapse_cleft 4822 0.00127414373 -0.01388333 0.00119673526 0 0 0
nt@synapse_cleft 4823 -0.000375042493 0.0149199523 0.0174696044 0 0 0
nt@synapse_cleft 4824 0.00516031222 -0.0169733518 0.00645823304 0 0 0
nt@synapse_cleft 4829 0.0309247708 -0.0644076509 0.0193333795 0 0 0
nt@synapse_cleft 4830 -0.0118584169 0.0149236294 0.00680363165 0 0 0
nt@synapse_cleft 4833 -0.0152801258 -0.0249798563 0.0140787183 0 0 0
nt@synapse_cleft 4838 -0.0128256784 0.0262363071 0.00731162831 0 0 0
nt@synapse_cleft 4839 0.00631256662 -0.00481072809 0.0177483406 0 0 0
nt@synapse_cleft 4844 0.0554385641 -0.0155202931 0.0148091039 0 0 0
nt@synapse_cleft 4852 -0.0211149036 -0.00756403794 0.0131916177 0 0 0
nt@synapse_cleft 4855 0.0351755111 0.00567018127 0.0183224102 0 0 0
nt@synapse_cleft 4869 -0.0269376483 0.0149237879 0.0163609391 0 0 0
nt@synapse_cleft 4871 0.0205333556 0.0233891678 0.00797171938 0 0 0
nt@synapse_cleft 4872 -0.0361255761 0.0242382647 0.0138914745 0 0 0
nt@synapse_cleft 4880 -0.0123241262 -0.0174469732 0.0137043949 0 0 0
nt@synapse_cleft 4882 -0.0227647996 -0.033833995 0.00316030325 0 0 0
nt@synapse_cleft 4883 -0.0257122956 0.00532875813 0.0178856681 0 0 0
nt@synapse_cleft 4890 -0.00230280818 0.00435531766 0.00381254687 0 0 0
nt@synapse_cleft 4891 -0.000997878299 -0.017172658 0.0120756308 0 0 0
nt@synapse_cleft 4892 -0.0231454069 0.016792405 0.00918459736 0 0 0
nt@synapse_cleft 4896 -0.0141791833 -0.0264251487 0.0192149039 0 0 0
nt@synapse_cleft 4897 0.0372937695 -0.0149400735 0.00304405464 0 0 0
nt@synapse_cleft 4901 0.00316522714 0.012648016 0.00616904058 0 0 0
nt@synapse_cleft 4905 -0.0109112674 -0.00167489165 0.0114363496 0 0 0
nt@synapse_cleft 4906 0.00140585763 -0.0290375192 0.0152448482 0 0 0
nt@synapse_cleft 4918 -0.00566852948 0.0183865184 0.00892923169 0 0 0
nt@synapse_cleft 4919 0.0176129518 0.000351649378 0.0104789758 0 0 0
nt@synapse_cleft 4925 0.0221319277 -0.00338050828 0.0199533244 0 0 0
nt@synapse_cleft 4928 0.0016593064 0.0521452642 0.00948261865 0 0 0
nt@synapse_cleft 4931 0.0146085697 -0.010020427 0.0100895059 0 0 0
nt@synapse_cleft 4937 -0.0593331519 -0.00916987056 0.00184748459 0 0 0
nt@synapse_cleft 4946 -0.0212393032 0.0119731749 0.000401305716 0 0 0
nt@synapse_cleft 4956 0.0164300552 0.00270688197 0.0112302381 0 0 0
nt@synapse_cleft 4967 -0.000125015402 -0.00231824332 0.00409728829 0 0 0
nt@synapse_cleft 4972 0.0328738966 -0.0210712165 0.0162455717 0 0 0
nt@synapse_cleft 4973 -0.00162758782 0.0429354243 0.015899123 0 0 0
nt@synapse_cleft 4979 -0.00679558797 -0.0104527117 0.00403075116 0 0 0
nt@synapse_cleft 4980 0.00863981832 0.00915615572 0.018818839 0 0 0
nt@synapse_cleft 4981 -0.0107360471 -0.0219813114 0.0086362297 0 0 0
nt@synapse_cleft 4982 0.0107100035 -0.0157610321 0.00722152231 0 0 0
nt@synapse_cleft 4983 -0.0261275278 0.0272551473 0.0074842652 0 0 0
nt@synapse_cleft 4988 0.0139905105 -0.0123007624 0.00612076009 0 0 0
nt@synapse_cleft 4989 -0.0108247926 -0.0199217429 0.0136141525 0 0 0
nt@synapse_cleft 4991 -0.000376311594 -0.0179956278 0.017554931 0 0 0
nt@synapse_cleft 4994 -0.033298794 0.0153536988 0.01092671 0 0 0
nt@synapse_cleft 5004 -0.0196638322 0.0324060932 0.000301557423 0 0 0
nt@synapse_cleft 5006 0.00899966626 -0.00817207812 0.000323150064 0 0 0
nt@synapse_cleft 5009 -0.0295008852 0.01013195 0.00650950854 0 0 0
nt@synapse_cleft 5011 -0.00815159033 -0.0164827138 0.00263688304 0 0 0
nt@synapse_cleft 5015 -0.0319039828 -0.0264865082 0.00694638347 0 0 0
nt@synapse_cleft 5024 -0.00275481091 -0.00808553338 0.00678294336 0 0 0
nt@synapse_cleft 5044 -0.0362668866 0.00559015492 0.0197834127 0 0 0
nt@synapse_cleft 5045 0.0287272124 0.0153535971 0.00484175876 0 0 0
nt@synapse_cleft 5046 0.00164872206 -0.00987057178 0.00673317072 0 0 0
nt@synapse_cleft 5052 -0.0106731355 -0.0125420912 0.00690035814 0 0 0
nt@synapse_cleft 5055 -0.0172441206 0.0145694226 0.00726526744 0 0 0
nt@synapse_cleft 5059 -0.0292294299 0.0279715448 0.0139322559 0 0 0
nt@synapse_cleft 5061 0.0187336592 -0.0254622902 0.00508682524 0 0 0
nt@synapse_cleft 5063 -0.0237775095 0.0165589983 5.00130107e-05 0 0 0
nt@synapse_cleft 5065 0.0166627798 -0.0275286139 0.0157389468 0 0 0
nt@synapse_cleft 5077 0.0462152673 -0.00751476555 0.0149844145 0 0 0
nt@synapse_cleft 5081 0.0121681988 0.0155195697 0.00134585515 0 0 0
nt@synapse_cleft 5082 0.0119214561 0.0601937137 0.0167020571 0 0 0
nt@synapse_cleft 5086 0.0327534806 0.0295901619 0.0126603759 0 0 0
nt@synapse_cleft 5105 5.01514278e-05 -0.0212663297 0.0141717248 0 0 0
nt@synapse_cleft 5106 -0.00593763127 -0.0152818698 0.0112901645 0 0 0
nt@synapse_cleft 5111 -0.0239922164 -0.0389765524 0.012729801 0 0 0
nt@synapse_cleft 5126 -0.031876274 -0.0142432194 0.0119405518 0 0 0
nt@synapse_cleft 5133 -0.0176893732 0.0266643065 0.0187396347 0 0 0
nt@synapse_cleft 5135 -0.0133004711 0.00634745677 0.00708768446 0 0 0
nt@synapse_cleft 5145 0.0141408888 0.017392805 0.0167069875 0 0 0
nt@synapse_cleft 5154 0.00934826707 0.0268530415 0.0154550806 0 0 0
nt@synapse_cleft 5159 -0.0332927702 0.000545807591 0.0165598159 0 0 0
nt@synapse_cleft 5160 0.0424164855 -0.0172778299 0.0170034412 0 0 0
nt@synapse_cleft 5163 0.00385689716 0.0207348358 0.0151867641 0 0 0
nt@synapse_cleft 5164 0.00092450146 -0.025332358 0.00153295212 0 0 0
nt@synapse_cleft 5173 -0.0371000469 -0.00753473292 0.0182007617 0 0 0
nt@synapse_cleft 5175 -0.0315957841 0.0122471255 0.0158295559 0 0 0
nt@synapse_cleft 5176 -0.0262396197 0.0612948061 0.0192344466 0 0 0
nt@synapse_cleft 5179 0.0325305129 0.0047143151 0.00224814053 0 0 0
nt@synapse_cleft 5182 0.0424956601 0.0121255771 0.000537103811 0 0 0
nt@synapse_cleft 5183 0.0310348696 0.00833261173 0.00990718233 0 0 0
nt@synapse_cleft 5186 0.0176924282 -0.0156948785 0.0118313589 0 0 0
nt@synapse_cleft 5193 0.0177569698 0.0015519874 0.0183273082 0 0 0
nt@synapse_cleft 5196 -0.0170675637 -0.00880509134 0.0134822481 0 0 0
nt@synapse_cleft 5198 -0.000309559151 -0.0170637359 9.14629132e-05 0 0 0
