nt@synapse_cleft 0 0.0349115734 0.00868195069 0.0197291212 0 0 0
nt@synapse_cleft 2 -0.0450228075 0.0192674569 0.00651008376 0 0 0
nt@synapse_cleft 7 0.0277947308 0.026118731 0.00229940928 0 0 0
nt@synapse_cleft 9 0.0397641704 -0.0403429558 0.0128494236 0 0 0
nt@synapse_cleft 12 0.00904371399 0.0432448857 0.00309576013 0 0 0
nt@synapse_cleft 15 -0.00286868909 0.0317456482 0.013253473 0 0 0
nt@synapse_cleft 17 0.0389728791 0.00403192063 0.00149398344 0 0 0
nt@synapse_cleft 26 -0.032234381 0.00825832316 0.0183103861 0 0 0
nt@synapse_cleft 35 0.00540947588 0.0556977675 0.00771137216 0 0 0
nt@synapse_cleft 45 -0.0209865696 0.01344183 0.00895588439 0 0 0
nt@synapse_cleft 54 0.0131151002 0.0179169612 0.0165219396 0 0 0
nt@synapse_cleft 56 -0.0273187837 -0.0324472715 0.00574970448 0 0 0
nt@synapse_cleft 72 -0.0257004332 0.0148966076 0.0158781076 0 0 0
nt@synapse_cleft 87 0.000887923288 3.49038387e-05 0.00326313921 0 0 0
nt@synapse_cleft 89 0.0330893312 -0.0127449263 0.0191460205 0 0 0
nt@synapse_cleft 100 -0.0278153566 -0.0292931232 0.000117052946 0 0 0
nt@synapse_cleft 103 0.0338083816 -0.00806636233 0.00939120891 0 0 0
nt@synapse_cleft 111 -0.033225622 0.0444347547 0.00846287332 0 0 0
nt@synapse_cleft 114 0.0478985475 -0.0388267652 0.00442193058 0 0 0
nt@synapse_cleft 115 -0.00456768982 -0.0196507981 0.016417244 0 0 0
nt@synapse_cleft 116 -0.0281471112 -0.024582352 0.00329867526 0 0 0
nt@synapse_cleft 137 -0.053666199 -0.03149611 0.00438164666 0 0 0
nt@synapse_cleft 148 -0.012887117 0.0803212973 0.000465036265 0 0 0
nt@synapse_cleft 150 -0.0158156191 0.0290536879 0.0142977054 0 0 0
nt@synapse_cleft 156 -0.00287663979 -0.0130784015 0.00108498419 0 0 0
nt@synapse_cleft 167 -0.0107527071 -0.0292836757 0.00211451973 0 0 0
nt@synapse_cleft 188 -0.0149521421 -0.0254656318 0.0105653697 0 0 0
nt@synapse_cleft 194 -0.00694935795 -0.0301991081 0.00906658023 0 0 0
nt@synapse_cleft 195 0.0390643492 0.0659042675 0.0017169645 0 0 0
nt@synapse_cleft 199 0.0302928217 0.0135125377 0.0122589121 0 0 0
nt@synapse_cleft 206 0.00205408888 -0.024718759 0.0187645856 0 0 0
nt@synapse_cleft 224 -0.0135167226 0.049268497 0.0065127234 0 0 0
nt@synapse_cleft 231 0.0132846065 0.054848273 0.00158224831 0 0 0
nt@synapse_cleft 235 -0.00144802893 -0.00231404199 0.0098697103 0 0 0
nt@synapse_cleft 244 -0.0228249897 0.0196180818 0.000407816586 0 0 0
nt@synapse_cleft 248 0.0304776808 -0.0246389255 0.0142459379 0 0 0
nt@synapse_cleft 256 -0.0328351477 0.00397123824 0.00151583664 0 0 0
nt@synapse_cleft 268 0.00442856699 -0.0343281687 0.0105559321 0 0 0
nt@synapse_cleft 284 -0.0399803276 0.0937058904 0.00917941241 0 0 0
nt@synapse_cleft 293 0.0233108696 -0.0156868531 0.0170832274 0 0 0
nt@synapse_cleft 306 0.0162707437 -0.0325421646 0.0180686637 0 0 0
nt@synapse_cleft 307 -0.00467182638 -0.0132867171 0.00571411193 0 0 0
nt@synapse_cleft 318 -0.021214119 -0.00720774829 0.00591870721 0 0 0
nt@synapse_cleft 321 0.0405013608 0.01741663 0.0166195782 0 0 0
nt@synapse_cleft 325 -0.0569268527 0.0889124602 0.0178748097 0 0 0
nt@synapse_cleft 347 -0.00562122132 -0.00207756867 0.000108687144 0 0 0
nt@synapse_cleft 348 -0.0182569412 -0.0321430901 0.00157937648 0 0 0
nt@synapse_cleft 350 0.00534343107 -0.00617627456 0.0059074737 0 0 0
nt@synapse_cleft 356 -0.0431630749 0.0158539918 0.00536574526 0 0 0
nt@synapse_cleft 361 -0.0324902935 0.00761877705 0.014775849 0 0 0
nt@synapse_cleft 371 -0.00767901468 0.0386092131 0.00859723793 0 0 0
nt@synapse_cleft 372 0.00784619389 0.0368589817 0.00946839576 0 0 0
nt@synapse_cleft 376 -0.0187742599 0.0111091738 0.00306558191 0 0 0
nt@synapse_cleft 385 0.0155789411 0.0115747215 0.00386730215 0 0 0
nt@synapse_cleft 402 0.00618834131 0.0411771957 0.0107947967 0 0 0
nt@synapse_cleft 406 -0.0245966313 -0.0394539218 0.00190946384 0 0 0
nt@synapse_cleft 421 -0.056954726 0.017553514 0.000754561635 0 0 0
nt@synapse_cleft 426 0.0587807953 -0.0243608459 0.0176750211 0 0 0
nt@synapse_cleft 429 -0.0189578964 0.0302514061 0.0148553874 0 0 0
nt@synapse_cleft 440 0.0420461793 -0.0080877035 0.0175670331 0 0 0
nt@synapse_cleft 444 0.00954439182 0.0602159899 0.0133370684 0 0 0
nt@synapse_cleft 449 -0.00544720383 -0.0178135053 0.00265986527 0 0 0
nt@synapse_cleft 452 0.0354398928 0.053139272 0.0161484107 0 0 0
nt@synapse_cleft 455 0.025542254 -0.0353189034 0.0184949239 0 0 0
nt@synapse_cleft 477 0.00868115675 0.0120634959 0.0158799907 0 0 0
nt@synapse_cleft 479 -0.0173625891 0.0131390513 0.0146707008 0 0 0
nt@synapse_cleft 482 0.0148777899 0.0086737816 0.00420408698 0 0 0
nt@synapse_cleft 499 0.018704098 0.0107603559 0.0031225609 0 0 0
nt@synapse_cleft 501 0.0145019693 0.00876051203 0.0116653525 0 0 0
nt@synapse_cleft 503 0.0218624428 -0.0250994397 0.0183102417 0 0 0
nt@synapse_cleft 509 -0.0373684322 0.0478074356 0.00425510061 0 0 0
nt@synapse_cleft 510 0.0172390659 0.0108457628 0.010837062 0 0 0
nt@synapse_cleft 514 -0.0228452694 0.00629723261 0.00669326336 0 0 0
nt@synapse_cleft 522 -0.0572500298 0.019444805 0.0194165366 0 0 0
nt@synapse_cleft 524 -0.018890685 0.0319150904 0.00360502046 0 0 0
nt@synapse_cleft 530 0.019269263 -0.00266837329 0.00953365762 0 0 0
nt@synapse_cleft 536 -0.0238308263 -0.0463915711 0.00628460939 0 0 0
nt@synapse_cleft 544 0.0192283693 -0.00550920182 0.0116631625 0 0 0
nt@synapse_cleft 546 -0.0631793677 0.0125052338 0.00535457659 0 0 0
nt@synapse_cleft 549 0.0607653463 -0.0237850857 0.000517010602 0 0 0
nt@synapse_cleft 551 0.0193467478 -0.017176416 0.007038601 0 0 0
nt@synapse_cleft 557 -0.051837473 0.013396199 0.00868356869 0 0 0
nt@synapse_cleft 558 -0.00288725661 -0.00216554431 0.00754034642 0 0 0
nt@synapse_cleft 563 -0.0113170613 -0.0646336318 0.00106392637 0 0 0
nt@synapse_cleft 572 -0.0231246603 0.011035185 0.00137737394 0 0 0
nt@synapse_cleft 575 -0.0141802649 -0.00177924667 0.000861537904 0 0 0
nt@synapse_cleft 591 -0.010242489 0.0172405415 0.00540890161 0 0 0
nt@synapse_cleft 596 -0.0131198033 0.0164852034 0.00544595741 0 0 0
nt@synapse_cleft 598 -0.00685024744 0.0212919496 0.0118685794 0 0 0
nt@synapse_cleft 620 -0.0201686053 -0.0116890092 0.016960088 0 0 0
nt@synapse_cleft 624 0.0218907081 -0.00890800229 0.00196889873 0 0 0
nt@synapse_cleft 627 -0.027014543 -0.0306948404 0.00721020972 0 0 0
nt@synapse_cleft 629 -0.00811112294 -0.0105930952 0.00180595932 0 0 0
nt@synapse_cleft 633 -0.0375740392 0.0329157355 0.0114060637 0 0 0
nt@synapse_cleft 634 0.0265983174 0.0126346182 0.00835066733 0 0 0
nt@synapse_cleft 639 -0.009190088 -0.0223058395 0.00775808418 0 0 0
nt@synapse_cleft 645 -0.00290603307 0.00696451485 0.0115855519 0 0 0
nt@synapse_cleft 647 0.00197940765 0.0301583793 0.00672803613 0 0 0
nt@synapse_cleft 661 -0.0274616447 -0.0432383918 0.017329145 0 0 0
nt@synapse_cleft 664 -0.00477830504 0.0217505966 0.00193019727 0 0 0
nt@synapse_cleft 678 0.0113847617 -0.0268776259 0.00189055287 0 0 0
nt@synapse_cleft 681 0.0130582719 -0.0361325705 0.0118580515 0 0 0
nt@synapse_cleft 693 0.0132877169 0.0131857496 0.00150217599 0 0 0
nt@synapse_cleft 698 0.00513913713 -0.000148419304 0.0173063778 0 0 0
nt@synapse_cleft 699 -0.0143448449 -0.0675757775 0.00759330784 0 0 0
nt@synapse_cleft 712 -0.0158408884 -0.0073537684 0.01670759 0 0 0
nt@synapse_cleft 721 0.0129438713 -0.0269858268 0.00191505238 0 0 0
nt@synapse_cleft 726 -0.0103363908 0.011735861 0.00932281496 0 0 0
nt@synapse_cleft 727 -0.0378744596 0.0106118869 0.00307701183 0 0 0
nt@synapse_cleft 728 0.00782467646 0.0074788177 0.00639740908 0 0 0
nt@synapse_cleft 732 0.00576175133 0.0419715426 0.00552105408 0 0 0
nt@synapse_cleft 735 -0.0677694594 0.00636592766 0.00175430716 0 0 0
nt@synapse_cleft 741 0.0480290427 0.00993999004 0.0102398982 0 0 0
nt@synapse_cleft 750 0.0240961642 0.0218559169 0.0178121949 0 0 0
nt@synapse_cleft 754 -0.0146860467 -0.0181716219 0.00708562737 0 0 0
nt@synapse_cleft 760 -0.00683307995 -0.0556522226 0.00995664193 0 0 0
nt@synapse_cleft 762 0.00186869228 -0.0192091996 0.0140129587 0 0 0
nt@synapse_cleft 765 -0.021721064 0.0414755421 0.0169772344 0 0 0
nt@synapse_cleft 768 -0.00848032583 -0.00307208395 0.0173583617 0 0 0
nt@synapse_cleft 769 -0.00314719081 0.0572587267 0.0185176421 0 0 0
nt@synapse_cleft 779 -0.0204321893 0.0134930471 0.00892968245 0 0 0
nt@synapse_cleft 797 0.0032180318 0.0405109104 0.00124331669 0 0 0
nt@synapse_cleft 803 -0.0176521804 -0.0563489095 0.00339946449 0 0 0
nt@synapse_cleft 816 0.00521477234 0.00928676729 0.00493084333 0 0 0
nt@synapse_cleft 831 0.0268258571 -0.0021911477 0.00034095117 0 0 0
nt@synapse_cleft 833 -0.0160266908 -0.0120539709 0.0127745102 0 0 0
nt@synapse_cleft 837 -0.00584308744 -0.00594158315 0.00680374922 0 0 0
nt@synapse_cleft 844 -0.020501331 0.018500342 0.0160241449 0 0 0
nt@synapse_cleft 847 0.0151393028 -0.00660637074 0.0161798732 0 0 0
nt@synapse_cleft 850 -0.00711462626 0.0101259359 0.0190575258 0 0 0
nt@synapse_cleft 854 -0.00106372973 0.0430605952 0.000551561651 0 0 0
nt@synapse_cleft 866 -0.0167123542 -0.018064041 0.000219681226 0 0 0
nt@synapse_cleft 877 -0.036743321 0.0195444126 0.00208730939 0 0 0
nt@synapse_cleft 884 0.0214819687 -0.0116171378 0.0157436479 0 0 0
nt@synapse_cleft 904 -0.0592018874 0.00958525698 0.0175424813 0 0 0
nt@synapse_cleft 908 -0.0587387507 -0.0263685227 0.0040517814 0 0 0
nt@synapse_cleft 909 0.031881234 -0.00172004612 0.0128357982 0 0 0
nt@synapse_cleft 913 -0.0308351078 0.0251742011 0.0159530714 0 0 0
nt@synapse_cleft 918 0.0708766079 0.0165339478 0.016214879 0 0 0
nt@synapse_cleft 932 0.0237750742 -0.0696452631 0.0042667664 0 0 0
nt@synapse_cleft 938 -0.0105852879 -0.010269409 0.0157854067 0 0 0
nt@synapse_cleft 940 -0.0491077512 -0.0542220021 0.0124363588 0 0 0
nt@synapse_cleft 942 0.0042784505 -0.047625389 0.0139837345 0 0 0
nt@synapse_cleft 943 0.0325587672 0.00811576166 0.0196790332 0 0 0
nt@synapse_cleft 944 -0.00265299063 -0.0503590133 0.00845202377 0 0 0
nt@synapse_cleft 945 -0.00640936271 0.0299518988 0.000868731471 0 0 0
nt@synapse_cleft 947 -0.0318209004 0.022289458 0.00691991043 0 0 0
nt@synapse_cleft 953 -0.0199997009 0.0068747019 0.00466957654 0 0 0
nt@synapse_cleft 957 0.0662027234 -0.0213723646 0.00537693236 0 0 0
nt@synapse_cleft 961 -0.0185945202 -0.0022095853 0.00677605564 0 0 0
nt@synapse_cleft 967 0.0409089729 0.00875339285 0.010875138 0 0 0
nt@synapse_cleft 978 -0.0540361063 -0.011253774 0.0166602807 0 0 0
nt@synapse_cleft 998 -0.00301119714 -0.016961903 0.0132422196 0 0 0
nt@synapse_cleft 999 0.0556883053 -0.0426829607 0.00982547533 0 0 0
nt@synapse_cleft 1002 0.00687578944 0.0198011545 0.0102257164 0 0 0
nt@synapse_cleft 1013 -0.0375897028 0.0437667784 0.0129596661 0 0 0
nt@synapse_cleft 1018 -0.0074686716 -0.00681129625 0.0116515857 0 0 0
nt@synapse_cleft 1027 0.0284773548 0.0506913236 0.00699247796 0 0 0
nt@synapse_cleft 1035 -0.033733368 -0.0282887572 0.0128797779 0 0 0
nt@synapse_cleft 1048 -0.0196387327 -0.0487918169 0.0125824046 0 0 0
nt@synapse_cleft 1050 0.0326371913 -0.0395100153 0.010342209 0 0 0
nt@synapse_cleft 1062 0.0463444108 0.00954659543 0.0192434634 0 0 0
nt@synapse_cleft 1077 -0.0428459403 -0.0022720664 0.00807893053 0 0 0
nt@synapse_cleft 1080 -0.0413871887 0.0180485473 0.0145194933 0 0 0
nt@synapse_cleft 1092 -0.0248312704 -0.00230840267 0.00601332887 0 0 0
nt@synapse_cleft 1107 0.00831454178 0.000580307167 0.00240507521 0 0 0
nt@synapse_cleft 1108 0.00817374925 0.0219033835 0.0038769596 0 0 0
nt@synapse_cleft 1113 -0.031032513 -0.00167984899 0.00657487167 0 0 0
nt@synapse_cleft 1114 0.00813761588 -0.0278913285 0.0127182616 0 0 0
nt@synapse_cleft 1130 0.0153673329 -0.00761530521 0.0136955284 0 0 0
nt@synapse_cleft 1136 -0.00324150379 -0.0359427845 0.00169473739 0 0 0
nt@synapse_cleft 1140 0.00513706345 -0.0509476977 0.0156036478 0 0 0
nt@synapse_cleft 1144 -0.00884066214 -0.0107100123 0.00483468746 0 0 0
nt@synapse_cleft 1145 0.0749220909 -0.000952624687 0.0168302187 0 0 0
nt@synapse_cleft 1149 -0.0263602047 0.0074554271 0.0185771526 0 0 0
nt@synapse_cleft 1152 0.0398026376 0.00350437179 0.00865209017 0 0 0
nt@synapse_cleft 1165 0.0547229446 0.0322654377 0.0127809782 0 0 0
nt@synapse_cleft 1167 0.0476057671 0.0279143491 0.0127772292 0 0 0
nt@synapse_cleft 1172 -0.00319307381 -0.00301840875 0.014064542 0 0 0
nt@synapse_cleft 1177 -0.0160249245 0.0824294028 0.00789777316 0 0 0
nt@synapse_cleft 1179 0.00917299767 -0.00925333603 0.0156502945 0 0 0
nt@synapse_cleft 1186 -0.0679521813 0.017870401 0.00524619789 0 0 0
nt@synapse_cleft 1188 0.0183848507 -0.0211276081 0.0130760153 0 0 0
nt@synapse_cleft 1193 -0.0183640449 -0.0287257676 0.00843494004 0 0 0
nt@synapse_cleft 1200 -0.0131976493 0.00741080497 0.0189847979 0 0 0
nt@synapse_cleft 1203 -0.0154649048 0.0272103579 0.012860231 0 0 0
nt@synapse_cleft 1204 0.0161742976 0.0271140761 0.00125818356 0 0 0
nt@synapse_cleft 1205 -0.0221934709 -0.0202395204 0.0124466556 0 0 0
nt@synapse_cleft 1206 -0.0111696596 -0.00141758214 0.00573614124 0 0 0
nt@synapse_cleft 1237 -0.0350546532 -0.0181133429 0.000244447068 0 0 0
nt@synapse_cleft 1238 -0.0548835334 -0.0412676482 0.0132392369 0 0 0
nt@synapse_cleft 1248 0.0142677653 0.0442634313 0.00914677909 0 0 0
nt@synapse_cleft 1251 -0.0349241503 0.00469337499 0.0100924229 0 0 0
nt@synapse_cleft 1252 -0.02153041 -0.0186048894 0.0187869571 0 0 0
nt@synapse_cleft 1254 -0.0132299674 0.0398519569 0.0103657374 0 0 0
nt@synapse_cleft 1270 0.0526145038 0.0318002529 0.00217201574 0 0 0
nt@synapse_cleft 1289 0.0614692304 0.0036616659 0.00271290861 0 0 0
nt@synapse_cleft 1298 -0.00919537307 -0.0231643985 0.0125509023 0 0 0
nt@synapse_cleft 1302 -0.0244526641 0.0421965889 0.000421159964 0 0 0
nt@synapse_cleft 1311 0.0029394713 -0.0302304734 0.000565069478 0 0 0
nt@synapse_cleft 1316 -0.0340062068 -0.0216695006 0.00416333732 0 0 0
nt@synapse_cleft 1326 0.011183541 0.00841611844 0.0150975467 0 0 0
nt@synapse_cleft 1328 0.00850325883 0.0121174031 0.0182086345 0 0 0
nt@synapse_cleft 1333 -0.0321548814 0.0403134979 0.00447127148 0 0 0
nt@synapse_cleft 1343 0.0211995868 -0.00627868219 0.00445468437 0 0 0
nt@synapse_cleft 1347 -0.0476194391 -0.0158197291 0.01099624 0 0 0
nt@synapse_cleft 1349 0.0280035273 -0.0154066447 0.00691182625 0 0 0
nt@synapse_cleft 1368 0.0240436086 -0.000689768653 0.0163374967 0 0 0
nt@synapse_cleft 1372 -0.013322318 0.0375728981 0.00028485348 0 0 0
nt@synapse_cleft 1380 -0.0272700068 0.0259020304 0.012657453 0 0 0
nt@synapse_cleft 1384 -0.0451271321 0.014545802 0.0168173541 0 0 0
nt@synapse_cleft 1400 -0.0375556848 0.0392597264 0.0102956178 0 0 0
nt@synapse_cleft 1403 0.00320678915 0.013110662 0.00502238458 0 0 0
nt@synapse_cleft 1408 -0.0279598918 -0.0139485528 0.0105199312 0 0 0
nt@synapse_cleft 1416 0.0134431764 0.032831456 0.0196809396 0 0 0
nt@synapse_cleft 1419 0.0024995304 -0.00595683978 0.0158457667 0 0 0
nt@synapse_cleft 1425 -0.0138082764 -0.0277180992 0.00291407845 0 0 0
nt@synapse_cleft 1427 0.000742939001 -0.026772755 0.00878366226 0 0 0
nt@synapse_cleft 1438 -0.0308872783 -0.0157374415 0.000410126792 0 0 0
nt@synapse_cleft 1440 -0.0210502508 0.0363148782 0.000662355358 0 0 0
nt@synapse_cleft 1442 -0.0130280099 0.020140632 0.0133787003 0 0 0
nt@synapse_cleft 1444 -0.0222363261 -0.00184075732 0.000819320093 0 0 0
nt@synapse_cleft 1446 -0.0133404471 -0.0371075355 0.00643037399 0 0 0
nt@synapse_cleft 1452 -0.0382222249 -0.0313250054 0.000704229211 0 0 0
nt@synapse_cleft 1455 -0.0298860653 0.00191613088 0.019892837 0 0 0
nt@synapse_cleft 1470 -0.0942098067 -0.0364679874 3.19615283e-05 0 0 0
nt@synapse_cleft 1472 -0.0692092467 -0.00991000537 0.0146047304 0 0 0
nt@synapse_cleft 1479 -0.0107582697 0.0407179815 0.00553466739 0 0 0
nt@synapse_cleft 1481 0.00102544714 -0.00212733959 0.00231063013 0 0 0
nt@synapse_cleft 1484 -0.00764998325 0.0247322281 0.0141749204 0 0 0
nt@synapse_cleft 1485 -0.00759717324 -0.0317566202 0.0185671122 0 0 0
nt@synapse_cleft 1487 -0.00267531336 -0.0326432538 0.0180954255 0 0 0
nt@synapse_cleft 1488 0.0407047568 0.0121829795 0.0116906414 0 0 0
nt@synapse_cleft 1496 -0.00958218466 0.0409512672 0.00134180538 0 0 0
nt@synapse_cleft 1506 0.0202579569 0.0150338376 0.0150511553 0 0 0
nt@synapse_cleft 1508 0.0456367155 0.0128141022 0.0113364167 0 0 0
nt@synapse_cleft 1512 0.0284107258 -0.00844370815 0.0171023084 0 0 0
nt@synapse_cleft 1527 -0.00619781087 0.0377266532 0.00492967429 0 0 0
nt@synapse_cleft 1528 -0.0434822145 0.00341557809 0.00199843552 0 0 0
nt@synapse_cleft 1531 0.003040673 0.0102352947 0.0034968408 0 0 0
nt@synapse_cleft 1538 0.00946524567 0.00232466357 0.00707307581 0 0 0
nt@synapse_cleft 1542 -0.0105155607 0.0173942031 0.0150614135 0 0 0
nt@synapse_cleft 1553 0.0564705553 0.00916876446 0.0159405473 0 0 0
nt@synapse_cleft 1561 0.0120043439 -0.0445334235 0.00841433613 0 0 0
nt@synapse_cleft 1565 -0.0112847053 -0.00792128496 0.0124108773 0 0 0
nt@synapse_cleft 1571 -0.0304989006 -0.0224661076 0.0144418882 0 0 0
nt@synapse_cleft 1573 0.0111298427 0.0313734622 0.0109263605 0 0 0
nt@synapse_cleft 1592 0.0243326038 -0.0376757016 0.00241235056 0 0 0
nt@synapse_cleft 1597 0.0015315187 0.0450182597 0.00108902595 0 0 0
nt@synapse_cleft 1600 0.0199593985 -0.0318124073 0.0150021476 0 0 0
nt@synapse_cleft 1605 0.023517664 -0.0102251593 0.0195447302 0 0 0
nt@synapse_cleft 1606 -0.0422297764 0.0075644208 0.00715103826 0 0 0
nt@synapse_cleft 1611 0.0123868787 -0.0132662273 0.0161631259 0 0 0
nt@synapse_cleft 1617 -0.0208596647 -0.04354331 0.0143211529 0 0 0
nt@synapse_cleft 1628 0.00898580824 0.0345154408 0.00169789483 0 0 0
nt@synapse_cleft 1635 0.00347077211 -0.00523131658 0.0187500334 0 0 0
nt@synapse_cleft 1641 0.022706571 0.0366041339 0.0083984844 0 0 0
nt@synapse_cleft 1655 0.00577241814 0.0330385154 0.00473955791 0 0 0
nt@synapse_cleft 1658 0.0328202698 0.0447947381 0.0103382632 0 0 0
nt@synapse_cleft 1660 0.00332089011 0.0208324639 0.0164450349 0 0 0
nt@synapse_cleft 1675 -0.0151518298 0.0132471325 0.0194681532 0 0 0
nt@synapse_cleft 1678 0.00820920376 -0.0167690798 0.00566382195 0 0 0
nt@synapse_cleft 1681 0.000102953613 -0.0131414748 0.01647298 0 0 0
nt@synapse_cleft 1686 -0.0108607272 0.0373874027 0.0121487197 0 0 0
nt@synapse_cleft 1687 -0.0369092054 -0.0413008824 0.00430765799 0 0 0
nt@synapse_cleft 1689 0.00441584457 0.0156975867 0.00827570615 0 0 0
nt@synapse_cleft 1692 -0.019330578 0.00760954296 0.0165477462 0 0 0
nt@synapse_cleft 1695 0.026521456 -0.0143171396 0.00708924175 0 0 0
nt@synapse_cleft 1701 0.0136496032 0.00420069369 0.0068008932 0 0 0
nt@synapse_cleft 1707 -0.0317061377 -0.0144474277 0.0172628998 0 0 0
nt@synapse_cleft 1715 0.00635828895 0.0147319644 0.0135886327 0 0 0
nt@synapse_cleft 1721 0.0259699432 -0.0553474661 0.0112112263 0 0 0
nt@synapse_cleft 1729 -0.00344742635 -0.0315041684 0.00344742727 0 0 0
nt@synapse_cleft 1736 0.0306112959 0.0109074165 0.0145673311 0 0 0
nt@synapse_cleft 1742 0.0168772633 -0.0539077172 0.00919845833 0 0 0
nt@synapse_cleft 1743 0.0264522469 0.0339047858 0.0106730797 0 0 0
nt@synapse_cleft 1745 -0.0247710257 0.0185529588 0.000335350369 0 0 0
nt@synapse_cleft 1746 0.0103308566 -0.0262171086 0.0117802349 0 0 0
nt@synapse_cleft 1751 0.0521138886 -0.000858426594 0.0167991103 0 0 0
nt@synapse_cleft 1759 -0.00712628393 -0.013975321 0.0157537994 0 0 0
nt@synapse_cleft 1762 -0.0285267184 -0.0193620604 0.00904745702 0 0 0
nt@synapse_cleft 1768 0.00404905227 -0.0501626423 0.0128437866 0 0 0
nt@synapse_cleft 1775 -0.0174104467 -0.000373150154 0.0175961158 0 0 0
nt@synapse_cleft 1781 -0.00874508512 0.0513585872 0.0069023581 0 0 0
nt@synapse_cleft 1793 0.0203848172 0.0387858886 0.0101127377 0 0 0
nt@synapse_cleft 1795 0.0405059967 -0.0172023776 0.0161189764 0 0 0
nt@synapse_cleft 1804 0.0108523752 0.0253302716 0.0188286567 0 0 0
nt@synapse_cleft 1815 -0.0268410192 -0.0162382331 0.00161358482 0 0 0
nt@synapse_cleft 1824 0.0217122001 0.00366175789 0.000299774664 0 0 0
nt@synapse_cleft 1829 0.0485780065 -0.0143169015 0.0183331758 0 0 0
nt@synapse_cleft 1830 -0.0460536301 -0.0163154188 0.011376494 0 0 0
nt@synapse_cleft 1837 -0.045057118 -0.00855576214 0.0108843541 0 0 0
nt@synapse_cleft 1838 0.00687909971 -0.0531540861 0.00542841316 0 0 0
nt@synapse_cleft 1843 0.00880861422 0.012552382 0.0109635894 0 0 0
nt@synapse_cleft 1846 -0.0210156619 -0.0144423972 0.011511578 0 0 0
nt@synapse_cleft 1853 0.0478255546 -0.0259075734 0.0143722584 0 0 0
nt@synapse_cleft 1854 0.0246062016 -0.000490237088 0.00563957974 0 0 0
nt@synapse_cleft 1856 0.0207036325 -0.0170591078 0.0161976303 0 0 0
nt@synapse_cleft 1872 0.000739816598 -0.011202754 0.0159612145 0 0 0
nt@synapse_cleft 1877 0.0146667581 0.0295609454 0.0183177005 0 0 0
nt@synapse_cleft 1880 -0.0316227372 -0.0273813757 0.00215298519 0 0 0
nt@synapse_cleft 1883 0.0257417978 0.0141831598 0.0154776087 0 0 0
nt@synapse_cleft 1885 -0.0227467335 0.00221928487 0.00398861255 0 0 0
nt@synapse_cleft 1887 0.00391451026 0.0165572683 8.91134884e-05 0 0 0
nt@synapse_cleft 1892 -0.00102212238 0.00672665481 0.0118615713 0 0 0
nt@synapse_cleft 1896 0.00956703617 0.0169812429 0.0104536754 0 0 0
nt@synapse_cleft 1904 -0.044929578 0.0442946618 0.00395780437 0 0 0
nt@synapse_cleft 1918 -0.0206238793 0.0597653433 0.0143674291 0 0 0
nt@synapse_cleft 1923 -0.0127458606 0.0230831935 0.0184145185 0 0 0
nt@synapse_cleft 1926 0.0052817435 0.000561972135 0.0153844143 0 0 0
nt@synapse_cleft 1932 0.02336474 -0.00929003004 0.0131318668 0 0 0
nt@synapse_cleft 1942 0.0395139965 -0.0441747964 0.00773299502 0 0 0
nt@synapse_cleft 1946 -0.0163780949 -0.0230429861 0.00612850491 0 0 0
nt@synapse_cleft 1961 0.0381267537 0.0240394968 0.0162019705 0 0 0
nt@synapse_cleft 1967 -0.0117450328 -0.0358595192 0.012090481 0 0 0
nt@synapse_cleft 1970 -0.0227326726 -0.0394384167 0.0119579182 0 0 0
nt@synapse_cleft 1973 0.0196442331 0.0265877305 0.0189822284 0 0 0
nt@synapse_cleft 1976 -0.0509036806 -0.0150323909 0.00872117633 0 0 0
nt@synapse_cleft 1980 -0.00266635463 -0.0141731616 0.0117674421 0 0 0
nt@synapse_cleft 1984 -0.0389072357 -0.0302539695 0.000129885119 0 0 0
nt@synapse_cleft 1990 0.0208337274 0.0184440832 0.00441053941 0 0 0
nt@synapse_cleft 1997 -0.0120827057 0.0215842718 0.0158401195 0 0 0
nt@synapse_cleft 2004 -0.0218452024 0.0143751353 0.0167709472 0 0 0
nt@synapse_cleft 2013 -0.0115246579 -0.0023183503 0.0149596656 0 0 0
nt@synapse_cleft 2014 0.0112787183 -0.00301816272 0.00984087346 0 0 0
nt@synapse_cleft 2019 0.0127289409 -0.0113277744 0.00792129493 0 0 0
nt@synapse_cleft 2032 -0.0204117708 0.010985395 0.0071519218 0 0 0
nt@synapse_cleft 2036 0.0582534706 -0.0441413227 0.0136121533 0 0 0
nt@synapse_cleft 2061 0.0192528605 -0.00615280529 0.0100869807 0 0 0
nt@synapse_cleft 2064 0.0187911557 0.0301256953 0.0150448866 0 0 0
nt@synapse_cleft 2092 0.0203056481 0.0264329621 0.0127774225 0 0 0
nt@synapse_cleft 2096 -0.0170632953 -0.0154485937 0.00252727875 0 0 0
nt@synapse_cleft 2104 0.0486724154 -0.0224743595 0.0120213071 0 0 0
nt@synapse_cleft 2112 0.000756441196 -0.0294645393 0.00468080724 0 0 0
nt@synapse_cleft 2124 -0.00588890934 0.0591091495 0.00563811505 0 0 0
nt@synapse_cleft 2127 0.0258492284 -0.0123595029 0.00648440125 0 0 0
nt@synapse_cleft 2137 -0.064461902 0.059174018 0.0164083187 0 0 0
nt@synapse_cleft 2156 0.0476658513 -0.030822643 0.00913098406 0 0 0
nt@synapse_cleft 2162 -0.0065517569 0.0210211381 0.0162798654 0 0 0
nt@synapse_cleft 2163 0.0184641079 -0.00935132203 0.0110909533 0 0 0
nt@synapse_cleft 2185 -0.0299289029 0.000342376074 0.014739828 0 0 0
nt@synapse_cleft 2187 -0.0176672378 -0.00345641031 0.00524918099 0 0 0
nt@synapse_cleft 2199 -0.00145809537 -0.0128259794 0.00377079965 0 0 0
nt@synapse_cleft 2204 -0.0185292744 0.0275587352 0.000388156759 0 0 0
nt@synapse_cleft 2218 0.00227723448 -0.00905252125 0.0146247399 0 0 0
nt@synapse_cleft 2223 -0.0155331633 -0.0111468937 0.00987177883 0 0 0
nt@synapse_cleft 2228 -0.0039726895 0.0230478443 0.0164073791 0 0 0
nt@synapse_cleft 2251 0.00151689766 0.00248606388 0.00225783778 0 0 0
nt@synapse_cleft 2254 -0.0116025194 -0.0333528939 0.00964540343 0 0 0
nt@synapse_cleft 2257 0.020655194 -0.00102696863 0.0135124875 0 0 0
nt@synapse_cleft 2262 -0.0212909752 -0.00190475452 0.0170774819 0 0 0
nt@synapse_cleft 2271 -0.0409867512 0.0112083188 0.0160940762 0 0 0
nt@synapse_cleft 2274 -0.00216705041 0.0373404878 0.0031575828 0 0 0
nt@synapse_cleft 2278 0.0302548289 0.0378983315 0.000105104126 0 0 0
nt@synapse_cleft 2279 -0.0294475185 0.000908318896 0.0172114148 0 0 0
nt@synapse_cleft 2283 0.0409462752 -0.0274148582 0.0198146285 0 0 0
nt@synapse_cleft 2284 0.0269552409 0.00331633345 0.00040145436 0 0 0
nt@synapse_cleft 2285 -0.00156234964 -0.00510779256 0.0134873166 0 0 0
nt@synapse_cleft 2298 -0.0485539678 -0.0365283917 0.0100425894 0 0 0
nt@synapse_cleft 2306 -0.0182630606 -0.0649191393 0.00408750606 0 0 0
nt@synapse_cleft 2308 -0.0528139963 0.0403645005 0.00979632941 0 0 0
nt@synapse_cleft 2309 0.00764098144 0.018448674 0.0126296259 0 0 0
nt@synapse_cleft 2314 -0.000245330049 -0.0229657353 0.00747607883 0 0 0
nt@synapse_cleft 2320 0.00830002998 -0.0330424906 0.0022433495 0 0 0
nt@synapse_cleft 2321 0.0467478763 0.0112869975 0.000622165138 0 0 0
nt@synapse_cleft 2327 -0.0312722945 -0.0139055331 0.0164398155 0 0 0
nt@synapse_cleft 2330 -0.0284066366 0.0150226218 0.0139520635 0 0 0
nt@synapse_cleft 2349 0.0428630339 0.0334488119 0.00270500144 0 0 0
nt@synapse_cleft 2367 -0.0306265957 -0.0483728143 0.0053591076 0 0 0
nt@synapse_cleft 2369 -0.0357994106 0.00697114928 0.000325738237 0 0 0
nt@synapse_cleft 2383 0.00435909017 -0.0809811233 0.00952256852 0 0 0
nt@synapse_cleft 2389 0.00436928126 -0.0147032137 0.00925673356 0 0 0
nt@synapse_cleft 2400 -0.0207472874 -0.0202917068 0.0199250562 0 0 0
nt@synapse_cleft 2411 0.0201235809 -0.0374109806 0.0184631583 0 0 0
nt@synapse_cleft 2412 0.00172509457 0.00463988676 0.013940051 0 0 0
nt@synapse_cleft 2421 0.0108448041 0.0201675831 0.00290657704 0 0 0
nt@synapse_cleft 2423 0.013434684 -0.0482599082 0.00288644842 0 0 0
nt@synapse_cleft 2437 0.0486204203 -0.00467450528 0.0198770722 0 0 0
nt@synapse_cleft 2438 0.0179981981 -0.0319113671 0.00543348043 0 0 0
nt@synapse_cleft 2448 -0.000471349872 0.0161664344 0.007156944 0 0 0
nt@synapse_cleft 2456 -0.0220616125 -0.0124325974 0.0056886716 0 0 0
nt@synapse_cleft 2462 -0.0149998665 0.0329857884 0.00639462695 0 0 0
nt@synapse_cleft 2468 -0.0468286151 -0.0303655436 0.0152492247 0 0 0
nt@synapse_cleft 2472 0.0587492884 -0.028188229 0.00501205782 0 0 0
nt@synapse_cleft 2480 -0.00407795727 -0.0274676645 0.0033112004 0 0 0
nt@synapse_cleft 2481 -0.0137433772 -0.0232155034 0.0120121198 0 0 0
nt@synapse_cleft 2483 0.0176299288 0.0166145723 0.00539544141 0 0 0
nt@synapse_cleft 2491 0.0088089855 0.0258227843 0.0192288137 0 0 0
nt@synapse_cleft 2493 0.0256633768 -0.0464526879 0.0106408743 0 0 0
nt@synapse_cleft 2498 0.0109677705 -0.0169545738 0.00465823943 0 0 0
nt@synapse_cleft 2502 0.0222770415 -0.0285547153 0.01029453 0 0 0
nt@synapse_cleft 2509 0.00485702271 -0.0150318307 0.00171364591 0 0 0
nt@synapse_cleft 2513 -0.00733418873 0.0214941367 0.00768126674 0 0 0
nt@synapse_cleft 2517 -0.00849062073 0.00450365817 0.0144272222 0 0 0
nt@synapse_cleft 2520 0.0204122047 0.0305015312 0.0107614638 0 0 0
nt@synapse_cleft 2528 0.010506277 -0.00615633368 0.014604604 0 0 0
nt@synapse_cleft 2539 -0.00461969247 0.0200652238 0.00986344242 0 0 0
nt@synapse_cleft 2542 0.0273353659 -0.028453388 0.00786024089 0 0 0
nt@synapse_cleft 2549 -0.0154654636 0.0561337262 0.0120073374 0 0 0
nt@synapse_cleft 2550 0.0536562764 0.00789335959 0.0166198685 0 0 0
nt@synapse_cleft 2555 0.0602319324 -0.0185729831 0.0111998233 0 0 0
nt@synapse_cleft 2560 -0.0336758507 -0.00714402326 0.000892040373 0 0 0
nt@synapse_cleft 2561 0.0219597725 0.0509072014 0.0124812052 0 0 0
nt@synapse_cleft 2563 0.00911239007 0.0022279468 0.0092790083 0 0 0
nt@synapse_cleft 2564 -0.00737086 0.0511589605 0.0102583269 0 0 0
nt@synapse_cleft 2566 -0.000838037943 0.00766364294 0.00733355642 0 0 0
nt@synapse_cleft 2570 -0.000799750321 0.00845569377 0.00614953814 0 0 0
nt@synapse_cleft 2577 -0.00786025623 0.0244213608 0.013499258 0 0 0
nt@synapse_cleft 2603 0.0375640298 -0.0233823231 0.0180965958 0 0 0
nt@synapse_cleft 2604 0.0563163763 -0.0228086946 0.0169918533 0 0 0
nt@synapse_cleft 2610 0.00890889695 -0.0221864158 0.0169445076 0 0 0
nt@synapse_cleft 2615 0.00263680749 -0.0749743926 0.0161484093 0 0 0
nt@synapse_cleft 2625 -0.0555177833 -0.0165641145 0.00604926248 0 0 0
nt@synapse_cleft 2628 0.0122958164 -0.0312159285 0.00966512673 0 0 0
nt@synapse_cleft 2639 0.00131119387 -0.0206585563 0.00806627436 0 0 0
nt@synapse_cleft 2641 -0.0109378439 -0.01037385 0.0133279391 0 0 0
nt@synapse_cleft 2652 -0.000845221084 0.00215972634 0.0172677285 0 0 0
nt@synapse_cleft 2660 -0.0218715624 -0.0222598424 0.00250889291 0 0 0
nt@synapse_cleft 2670 0.00181409627 -0.0121962046 0.00519454973 0 0 0
nt@synapse_cleft 2680 -0.0527771677 -0.0429774572 0.00206017016 0 0 0
nt@synapse_cleft 2681 -0.0422691753 -0.0303582681 0.0169257292 0 0 0
nt@synapse_cleft 2688 -0.0468022499 0.0727493765 0.00681119108 0 0 0
nt@synapse_cleft 2702 -0.0159821051 -0.00449123562 0.00944882568 0 0 0
nt@synapse_cleft 2708 -0.0422692933 0.0155779698 0.00483263797 0 0 0
nt@synapse_cleft 2709 0.0193637305 -0.00940379148 0.0123258126 0 0 0
nt@synapse_cleft 2720 0.016676622 0.0185068309 0.0116782227 0 0 0
nt@synapse_cleft 2724 -0.00114145108 -0.00991908055 0.00476526319 0 0 0
nt@synapse_cleft 2729 0.00818967752 -0.0442415728 0.0138666681 0 0 0
nt@synapse_cleft 2743 -0.0036398094 -0.0479881143 0.0181169029 0 0 0
nt@synapse_cleft 2750 0.00870398523 -0.0524814195 0.0153784747 0 0 0
nt@synapse_cleft 2752 -0.0253394998 -0.0311003932 0.00577890958 0 0 0
nt@synapse_cleft 2756 0.0315209287 -0.0228762195 0.0127917072 0 0 0
nt@synapse_cleft 2766 -0.0318454857 0.0263626048 0.000624578214 0 0 0
nt@synapse_cleft 2775 0.02977216 -0.0341355442 0.0117608456 0 0 0
nt@synapse_cleft 2785 0.00895669344 0.043191112 0.0193633897 0 0 0
nt@synapse_cleft 2798 -0.0337499411 0.00968110262 0.00430767461 0 0 0
nt@synapse_cleft 2807 -0.0263165782 0.00935149187 0.0104028198 0 0 0
nt@synapse_cleft 2808 0.0262216779 0.0552866983 0.00519555431 0 0 0
nt@synapse_cleft 2820 0.0142826869 -0.00284195268 0.0157754686 0 0 0
nt@synapse_cleft 2828 0.00442455712 -0.0387988999 0.00590781673 0 0 0
nt@synapse_cleft 2857 0.0149395108 -0.032179135 0.00597563487 0 0 0
nt@synapse_cleft 2861 -0.0108606682 0.0189593575 0.00648118469 0 0 0
nt@synapse_cleft 2863 -0.0498326124 -0.000731245963 6.60260973e-05 0 0 0
nt@synapse_cleft 2875 0.0224783695 0.0151576204 0.0186520606 0 0 0
nt@synapse_cleft 2876 -0.0011541383 -0.00211441552 0.0182105368 0 0 0
nt@synapse_cleft 2880 0.0169588052 -0.0113903444 0.00254865375 0 0 0
nt@synapse_cleft 2884 0.0237321084 0.0169283814 0.00830140608 0 0 0
nt@synapse_cleft 2894 0.0190911324 0.0132031785 0.00612185613 0 0 0
nt@synapse_cleft 2895 0.0648343827 -0.00924169643 0.0158564842 0 0 0
nt@synapse_cleft 2905 -0.00152105318 0.00263634309 0.0124893992 0 0 0
nt@synapse_cleft 2909 0.0530986925 0.00105892359 0.0170545673 0 0 0
nt@synapse_cleft 2910 -0.0639650278 0.00598643188 0.018398967 0 0 0
nt@synapse_cleft 2912 -0.00187414266 -0.0148070499 0.00972525707 0 0 0
nt@synapse_cleft 2915 0.0361920133 -0.0407145104 0.0052168509 0 0 0
nt@synapse_cleft 2920 -4.12044949e-05 -0.00498217042 0.0136869143 0 0 0
nt@synapse_cleft 2933 -0.00270686782 -0.0216590073 0.00145470219 0 0 0
nt@synapse_cleft 2935 -0.0358069538 0.00554806605 0.0178496461 0 0 0
nt@synapse_cleft 2940 -0.0102152429 -0.0183488152 0.000835319232 0 0 0
nt@synapse_cleft 2962 0.0168403643 -0.00820933025 0.01014763 0 0 0
nt@synapse_cleft 2983 0.011908669 -0.0337229806 0.0167552956 0 0 0
nt@synapse_cleft 2993 -0.0291057342 0.0468934091 0.0189304228 0 0 0
nt@synapse_cleft 3006 0.0427094254 0.0596577765 0.00850119853 0 0 0
nt@synapse_cleft 3012 0.0220281976 -0.00482434306 0.0149970503 0 0 0
nt@synapse_cleft 3019 -0.0345844744 -0.00600540823 0.0048458329 0 0 0
nt@synapse_cleft 3020 -0.0146958052 -0.0308502615 0.00188453999 0 0 0
nt@synapse_cleft 3042 -0.00630967375 0.0093808222 0.0177977966 0 0 0
nt@synapse_cleft 3047 0.0246916577 0.0581324456 0.0109486699 0 0 0
nt@synapse_cleft 3057 0.0392398049 -0.00301438854 0.0195420321 0 0 0
nt@synapse_cleft 3061 -0.0145853613 0.0295019508 0.00385108538 0 0 0
nt@synapse_cleft 3062 0.0230703066 -0.0222485461 0.00177206373 0 0 0
nt@synapse_cleft 3069 0.0437100548 -0.0272923151 0.0192527048 0 0 0
nt@synapse_cleft 3073 0.0102431911 0.0349672903 0.00148080183 0 0 0
nt@synapse_cleft 3089 -0.00237853175 -0.0179832683 0.00164866322 0 0 0
nt@synapse_cleft 3096 -0.0049722671 0.0164420411 0.00078901177 0 0 0
nt@synapse_cleft 3099 -0.0411747848 0.0107094845 0.0193487131 0 0 0
nt@synapse_cleft 3114 0.0382216225 0.022907363 0.0177893392 0 0 0
nt@synapse_cleft 3132 -0.013190577 -0.0120904578 0.00955794773 0 0 0
nt@synapse_cleft 3134 0.0134839693 0.0374691456 0.00876173799 0 0 0
nt@synapse_cleft 3150 0.0292768349 -0.0640081516 0.00602009789 0 0 0
nt@synapse_cleft 3155 -0.0025827689 0.00791807397 0.00587242064 0 0 0
nt@synapse_cleft 3159 -0.00938112077 0.00932512896 0.0163851584 0 0 0
nt@synapse_cleft 3177 0.0218760814 -0.0237087679 0.00162432954 0 0 0
nt@synapse_cleft 3178 -0.0216417628 -0.0172974008 0.0095719686 0 0 0
nt@synapse_cleft 3181 0.0146264307 -0.00307143126 0.0183051893 0 0 0
nt@synapse_cleft 3183 0.00958088701 -0.0279410318 0.000211761436 0 0 0
nt@synapse_cleft 3184 0.027389443 0.0238377205 0.0148030666 0 0 0
nt@synapse_cleft 3185 0.0214848249 0.00789987657 0.0163057736 0 0 0
nt@synapse_cleft 3199 0.00792284316 0.0267466649 0.0198509147 0 0 0
nt@synapse_cleft 3202 0.0123720597 0.0363732278 0.000900942801 0 0 0
nt@synapse_cleft 3207 -0.0149054372 -0.0105024584 0.00151552365 0 0 0
nt@synapse_cleft 3220 0.00728967633 0.0314545153 0.0075874507 0 0 0
nt@synapse_cleft 3222 -0.0565899717 -0.0180759946 0.004383656 0 0 0
nt@synapse_cleft 3227 0.0187902046 0.00794734241 0.0122321192 0 0 0
nt@synapse_cleft 3247 0.00792996971 -0.00777084807 0.0139288532 0 0 0
nt@synapse_cleft 3249 -0.0186519048 -0.0117872179 0.0106694989 0 0 0
nt@synapse_cleft 3275 0.00586140401 -0.0163812885 0.00986123493 0 0 0
nt@synapse_cleft 3304 0.0192128174 0.0840212751 0.0182734839 0 0 0
nt@synapse_cleft 3308 -0.0330179853 0.0498089704 0.00748971629 0 0 0
nt@synapse_cleft 3313 -0.00367952339 -0.0121096033 0.00378148209 0 0 0
nt@synapse_cleft 3326 0.00895649583 0.00224151683 0.00359571379 0 0 0
nt@synapse_cleft 3334 0.0120018229 0.0113958268 0.00820003874 0 0 0
nt@synapse_cleft 3338 -0.00757502887 -0.0605883753 0.0191723593 0 0 0
nt@synapse_cleft 3341 0.0203796411 -0.00298254451 0.0104082314 0 0 0
nt@synapse_cleft 3367 0.0155782248 0.0157934991 0.00502083286 0 0 0
nt@synapse_cleft 3375 0.0460390724 0.0321461182 0.0165097168 0 0 0
nt@synapse_cleft 3378 0.00992510622 0.0256895074 6.66386689e-05 0 0 0
nt@synapse_cleft 3394 0.00243525194 -0.0289783767 0.00163705972 0 0 0
nt@synapse_cleft 3401 0.0416777727 -0.0130117695 0.00430035018 0 0 0
nt@synapse_cleft 3402 -0.00238303566 -0.0211034598 0.00142885596 0 0 0
nt@synapse_cleft 3404 0.013395415 -0.031628245 0.00308192805 0 0 0
nt@synapse_cleft 3407 -0.00944522794 0.065943396 0.0096161914 0 0 0
nt@synapse_cleft 3413 0.0138316148 0.0226151103 0.014837857 0 0 0
nt@synapse_cleft 3419 -0.0377005885 0.0266027629 0.000276546824 0 0 0
nt@synapse_cleft 3429 0.0507234344 -0.0161591694 0.0170695703 0 0 0
nt@synapse_cleft 3432 0.0527345649 -0.0623767606 0.00612283677 0 0 0
nt@synapse_cleft 3445 0.0269400547 0.0399041577 0.0161552243 0 0 0
nt@synapse_cleft 3451 0.0155621303 0.0191186771 0.0151318042 0 0 0
nt@synapse_cleft 3467 -0.0789610213 -0.00442153454 0.00485330116 0 0 0
nt@synapse_cleft 3474 0.0508453173 -0.00503546569 0.00483207279 0 0 0
nt@synapse_cleft 3482 -0.0720308929 -0.0347725631 0.0039458054 0 0 0
nt@synapse_cleft 3484 -0.00719363993 0.0217296919 0.010114807 0 0 0
nt@synapse_cleft 3500 0.0226023301 -0.0284339445 0.0153965916 0 0 0
nt@synapse_cleft 3507 -0.0307728384 0.0109018091 0.0190732105 0 0 0
nt@synapse_cleft 3511 0.0273763764 -0.0338440215 0.00255304175 0 0 0
nt@synapse_cleft 3526 0.0116429357 -0.0429909985 0.0135697588 0 0 0
nt@synapse_cleft 3535 0.0146683142 0.0196704568 0.00045140271 0 0 0
nt@synapse_cleft 3536 0.0159900994 0.00842066966 0.00819105913 0 0 0
nt@synapse_cleft 3538 -0.0318607839 0.0070634806 0.00488047802 0 0 0
nt@synapse_cleft 3542 -0.000172292392 0.0327215332 0.00541519581 0 0 0
nt@synapse_cleft 3543 -0.031261857 -0.0197542512 0.0109752596 0 0 0
nt@synapse_cleft 3546 0.0123065976 0.0346172468 0.0136222955 0 0 0
nt@synapse_cleft 3561 -0.0128576214 -0.0128452539 0.00130185682 0 0 0
nt@synapse_cleft 3562 -0.0595098624 -0.00794799932 0.00101165567 0 0 0
nt@synapse_cleft 3563 0.0299923394 -0.0199741214 0.0177072424 0 0 0
nt@synapse_cleft 3565 0.0363480794 -0.0226212412 0.00532381716 0 0 0
nt@synapse_cleft 3566 -0.0164413826 0.0620520467 0.016567562 0 0 0
nt@synapse_cleft 3568 0.0177619551 -0.0409390869 0.0116983583 0 0 0
nt@synapse_cleft 3575 -0.0163978755 -0.00104327122 0.0185229637 0 0 0
nt@synapse_cleft 3576 0.0453977378 0.00965904665 0.00460543798 0 0 0
nt@synapse_cleft 3592 0.00892004339 0.0462292639 0.00636471808 0 0 0
nt@synapse_cleft 3602 -0.0384866409 -0.0189353707 0.0125098483 0 0 0
nt@synapse_cleft 3603 -0.0162544622 0.0259262336 0.0131069789 0 0 0
nt@synapse_cleft 3606 -0.0065963845 0.00424209426 0.010066758 0 0 0
nt@synapse_cleft 3611 0.0225041571 0.00868419982 0.0142533073 0 0 0
nt@synapse_cleft 3616 -0.0385493062 0.0375846188 0.0160549276 0 0 0
nt@synapse_cleft 3617 -0.0111415949 -0.064747995 0.0182651578 0 0 0
nt@synapse_cleft 3620 0.0118134004 0.0224093313 0.00461650442 0 0 0
nt@synapse_cleft 3625 0.0235225753 0.0227802808 0.0180335985 0 0 0
nt@synapse_cleft 3635 -0.0190628717 0.0177237406 0.00336388178 0 0 0
nt@synapse_cleft 3636 0.0069540299 -0.00821657398 0.00731408727 0 0 0
nt@synapse_cleft 3645 -0.000515218192 -0.029802088 0.00841522924 0 0 0
nt@synapse_cleft 3661 0.0226042431 -0.00308137731 0.0160098216 0 0 0
nt@synapse_cleft 3664 0.0306902486 -0.0504906075 0.00865474266 0 0 0
nt@synapse_cleft 3667 -0.0332081231 -0.00426025944 0.00322624931 0 0 0
nt@synapse_cleft 3681 0.04300425 -0.0262771242 0.00564585036 0 0 0
nt@synapse_cleft 3690 0.05079387 -0.0199174368 0.0163405453 0 0 0
nt@synapse_cleft 3693 -0.0732654289 -0.0222479451 0.0173665553 0 0 0
nt@synapse_cleft 3706 0.0285834774 -0.0299529668 0.00368440841 0 0 0
nt@synapse_cleft 3707 -0.059618778 -0.0153979381 0.0152839228 0 0 0
nt@synapse_cleft 3714 -0.0617350955 -0.0105485088 0.0160614916 0 0 0
nt@synapse_cleft 3730 0.0024715496 0.00940416768 0.00717558297 0 0 0
nt@synapse_cleft 3731 -0.00303371987 0.00395974737 0.0141342308 0 0 0
nt@synapse_cleft 3737 0.0083094859 0.0214941444 0.00663107171 0 0 0
nt@synapse_cleft 3739 0.0241378611 0.0552440409 0.0155586628 0 0 0
nt@synapse_cleft 3745 -0.000349290225 0.0167318111 0.00837005385 0 0 0
nt@synapse_cleft 3751 -0.00163334822 -0.00374140314 0.0108464288 0 0 0
nt@synapse_cleft 3758 -0.00875585462 -0.0395185131 0.000367183471 0 0 0
nt@synapse_cleft 3759 -0.0150624702 -0.0161992081 0.0183635683 0 0 0
nt@synapse_cleft 3763 0.0357988959 0.0376161821 0.00986780209 0 0 0
nt@synapse_cleft 3768 0.0234648817 -0.00433860612 0.0126966977 0 0 0
nt@synapse_cleft 3771 0.0225816832 -0.0339413804 0.0118231827 0 0 0
nt@synapse_cleft 3775 0.00213949162 -0.00711007028 0.0125046626 0 0 0
nt@synapse_cleft 3783 -0.0239744394 -0.0239644985 0.00684746777 0 0 0
nt@synapse_cleft 3788 -0.00397955941 -0.0169710603 0.0190154844 0 0 0
nt@synapse_cleft 3793 -0.0109900888 -0.0130032105 0.0141628371 0 0 0
nt@synapse_cleft 3800 0.0192351586 -0.0141395266 0.0146671325 0 0 0
nt@synapse_cleft 3802 0.00858567964 0.0238059731 0.00124067699 0 0 0
nt@synapse_cleft 3811 -0.012664367 -0.0305782973 0.00264876683 0 0 0
nt@synapse_cleft 3827 0.0119810689 0.0660377218 0.0129530745 0 0 0
nt@synapse_cleft 3831 0.00236105973 -0.0428784488 0.0050169147 0 0 0
nt@synapse_cleft 3834 0.0436040634 -0.0318647875 0.0185218391 0 0 0
nt@synapse_cleft 3835 0.0177472817 -0.0427122145 0.00644301773 0 0 0
nt@synapse_cleft 3841 0.0423604773 -0.031625549 0.00312775808 0 0 0
nt@synapse_cleft 3844 -0.00207820578 -0.0108749044 0.0156088951 0 0 0
nt@synapse_cleft 3846 -0.021878363 0.00424138122 0.0130788808 0 0 0
nt@synapse_cleft 3848 0.0284756276 0.0397094365 0.0169571442 0 0 0
nt@synapse_cleft 3850 -0.0201944213 -0.0117947926 0.0178516137 0 0 0
nt@synapse_cleft 3859 0.0459670653 0.00154550947 0.0025597179 0 0 0
nt@synapse_cleft 3879 0.0571298065 -0.0602880363 0.00816693341 0 0 0
nt@synapse_cleft 3886 0.0389233797 0.0553933824 0.00522379034 0 0 0
nt@synapse_cleft 3891 0.0087801086 -0.0141018648 0.00773368407 0 0 0
nt@synapse_cleft 3902 -0.0286952573 0.000422317078 0.00437209548 0 0 0
nt@synapse_cleft 3907 -0.028352559 -0.0180726245 0.0112440518 0 0 0
nt@synapse_cleft 3918 -0.00766375835 -0.00925914046 0.00864154949 0 0 0
nt@synapse_cleft 3921 0.0329749934 0.0486365758 0.00438820332 0 0 0
nt@synapse_cleft 3927 0.00443655331 0.0466693556 0.0196803255 0 0 0
nt@synapse_cleft 3932 0.0264609626 -0.017632008 0.0118820923 0 0 0
nt@synapse_cleft 3952 -0.0398737391 0.0291332476 0.0106858673 0 0 0
nt@synapse_cleft 3953 0.0313056484 -0.0356600985 0.000610575242 0 0 0
nt@synapse_cleft 3957 0.0247208962 0.0198433013 0.0139004973 0 0 0
nt@synapse_cleft 3958 0.00528077274 0.0188547239 0.0161333173 0 0 0
nt@synapse_cleft 3963 0.0178331236 0.0196365786 0.00840192353 0 0 0
nt@synapse_cleft 3965 -0.0463422793 0.0044355379 0.0155967123 0 0 0
nt@synapse_cleft 3967 0.0190303764 -0.0155909109 0.0122085703 0 0 0
nt@synapse_cleft 3968 0.0133401117 -0.00720329164 0.000636246428 0 0 0
nt@synapse_cleft 3973 -0.00429432401 0.00450371168 0.0152708598 0 0 0
nt@synapse_cleft 3974 -0.0315414571 0.0682417648 0.00305213713 0 0 0
nt@synapse_cleft 3978 0.0213507615 0.00290669495 0.0172095086 0 0 0
nt@synapse_cleft 3983 -0.0448597258 -0.0286126472 0.00292853471 0 0 0
nt@synapse_cleft 3988 -0.0158762085 -0.0336389278 0.00210833837 0 0 0
nt@synapse_cleft 3991 0.0728802329 -0.0306273287 0.012793444 0 0 0
nt@synapse_cleft 3993 -0.0521202961 -0.00301062557 0.0169533884 0 0 0
nt@synapse_cleft 3997 -0.0471951434 0.00228885475 0.0143151654 0 0 0
nt@synapse_cleft 3999 -0.0351316349 -0.0191072066 0.00536199904 0 0 0
nt@synapse_cleft 4018 0.0263077486 0.00341846128 0.0137290427 0 0 0
nt@synapse_cleft 4037 -0.00545062439 0.0302760922 0.0170300426 0 0 0
nt@synapse_cleft 4040 0.00466169452 0.00548826791 0.013220837 0 0 0
nt@synapse_cleft 4049 0.0279371631 0.0138713975 0.0172644617 0 0 0
nt@synapse_cleft 4051 0.0120360386 0.00716558492 0.00646041301 0 0 0
nt@synapse_cleft 4064 -0.000672921447 0.0171683809 0.0146943131 0 0 0
nt@synapse_cleft 4070 -0.0147729844 0.00415338358 0.0158122277 0 0 0
nt@synapse_cleft 4071 -0.0213722378 -0.0462430434 0.00707714512 0 0 0
nt@synapse_cleft 4103 -0.00344654403 0.0105523951 0.00619171202 0 0 0
nt@synapse_cleft 4106 0.0242899228 0.0158368356 0.00805145466 0 0 0
nt@synapse_cleft 4115 0.00955751321 0.0123637313 0.0074418227 0 0 0
nt@synapse_cleft 4119 0.0161189336 -0.0213334861 0.0160802135 0 0 0
nt@synapse_cleft 4123 -0.0111142686 0.0102418824 0.014721596 0 0 0
nt@synapse_cleft 4126 0.0405612373 -0.026955317 0.00380407344 0 0 0
nt@synapse_cleft 4129 -0.00290120663 0.015478834 0.0189936595 0 0 0
nt@synapse_cleft 4132 0.0349864267 0.0406144922 0.0153162143 0 0 0
nt@synapse_cleft 4135 0.0140927976 -0.00339354053 0.0191348157 0 0 0
nt@synapse_cleft 4150 -0.0387889439 -0.0521049906 0.0198920143 0 0 0
nt@synapse_cleft 4155 0.0239551034 -0.0582226926 0.00864777862 0 0 0
nt@synapse_cleft 4156 0.049589336 -0.00309542798 0.00968237984 0 0 0
nt@synapse_cleft 4163 0.000312330603 0.0456003418 0.00107169359 0 0 0
nt@synapse_cleft 4177 -0.0388257219 0.0694926028 0.0145881444 0 0 0
nt@synapse_cleft 4187 -0.0229633346 -0.0314900115 0.0155759296 0 0 0
nt@synapse_cleft 4193 0.00787881513 -0.0433176987 0.0150969042 0 0 0
nt@synapse_cleft 4214 -0.0317266285 -0.0171281809 0.0169161541 0 0 0
nt@synapse_cleft 4215 0.029884554 -0.0592803317 0.0190544042 0 0 0
nt@synapse_cleft 4220 -0.0198362916 -0.00335859328 0.013066431 0 0 0
nt@synapse_cleft 4228 0.0363618129 -0.0186944365 0.0187099993 0 0 0
nt@synapse_cleft 4230 -0.0144818241 0.0624663045 0.00146723129 0 0 0
nt@synapse_cleft 4233 0.0208143355 0.0177110272 0.00465030165 0 0 0
nt@synapse_cleft 4237 0.0125487539 -0.0121728099 0.0182175969 0 0 0
nt@synapse_cleft 4242 0.031016687 -0.0498110108 0.0161121271 0 0 0
nt@synapse_cleft 4252 0.043391327 0.00203999585 0.0147289402 0 0 0
nt@synapse_cleft 4254 -0.00967972824 0.0436278204 0.00610926647 0 0 0
nt@synapse_cleft 4255 -0.0277369078 -0.0347263555 0.00642634636 0 0 0
nt@synapse_cleft 4279 0.0242835234 -0.0501637577 0.0077541429 0 0 0
nt@synapse_cleft 4285 -0.0416491847 0.0368026957 0.011949964 0 0 0
nt@synapse_cleft 4288 0.023718696 -0.0172658058 0.0161911376 0 0 0
nt@synapse_cleft 4293 -0.0212297291 -0.0126472802 1.4200416e-05 0 0 0
nt@synapse_cleft 4297 0.0335847473 -0.0232842107 0.00880557756 0 0 0
nt@synapse_cleft 4301 0.0434083898 -0.00419949674 0.00689061861 0 0 0
nt@synapse_cleft 4312 -0.0147584508 -0.0310546393 0.00488385873 0 0 0
nt@synapse_cleft 4317 -0.00668215096 0.0526137529 0.00618201422 0 0 0
nt@synapse_cleft 4326 0.0189013429 -0.00791705147 0.0183589259 0 0 0
nt@synapse_cleft 4330 -0.0167475728 0.0162946801 0.016857882 0 0 0
nt@synapse_cleft 4334 0.011304961 -0.000464032496 0.00716315085 0 0 0
nt@synapse_cleft 4339 0.0120614867 -0.0254075761 0.0133374596 0 0 0
nt@synapse_cleft 4343 -0.0224881488 -0.0608852651 0.00614816569 0 0 0
nt@synapse_cleft 4346 0.0237391965 0.00843752966 0.00193976986 0 0 0
nt@synapse_cleft 4351 0.0479914518 0.0100711741 0.0150473561 0 0 0
nt@synapse_cleft 4360 0.00752412284 0.005306712 0.0120793051 0 0 0
nt@synapse_cleft 4365 -0.000228999296 0.0431568004 0.0190579346 0 0 0
nt@synapse_cleft 4374 -0.0207964183 -0.0259693551 0.00339354139 0 0 0
nt@synapse_cleft 4376 -0.0173550459 -0.00271942145 0.00880274372 0 0 0
nt@synapse_cleft 4381 -0.0170979798 -0.0323866301 0.0150615591 0 0 0
nt@synapse_cleft 4386 -0.00788515014 0.00234405099 0.00697979767 0 0 0
nt@synapse_cleft 4392 -0.0101642681 0.0196713679 0.00970384048 0 0 0
nt@synapse_cleft 4395 0.0128255362 -0.0404571646 0.0166393745 0 0 0
nt@synapse_cleft 4396 0.0175656019 -0.0520068989 0.00465180058 0 0 0
nt@synapse_cleft 4398 -0.020520266 0.00862612775 0.0116329803 0 0 0
nt@synapse_cleft 4399 0.0159959613 0.0397352382 0.000478363761 0 0 0
nt@synapse_cleft 4414 -0.00503755711 -0.0243327148 0.0132039078 0 0 0
nt@synapse_cleft 4416 -0.0168583454 0.00376962962 0.0182842902 0 0 0
nt@synapse_cleft 4423 0.00890520257 -0.00719764073 0.0124040509 0 0 0
nt@synapse_cleft 4424 -0.0253363044 0.00266257611 0.000753945208 0 0 0
nt@synapse_cleft 4430 -0.00720621371 -0.0106800384 0.00225173739 0 0 0
nt@synapse_cleft 4431 0.00878887742 -0.0373907619 0.00970240294 0 0 0
nt@synapse_cleft 4434 0.0142798234 -0.0074903648 0.000171846838 0 0 0
nt@synapse_cleft 4446 -0.0154321175 0.0318938493 0.0175308766 0 0 0
nt@synapse_cleft 4464 0.0216933954 -0.0117570237 0.0125365637 0 0 0
nt@synapse_cleft 4478 -0.0144924179 0.0440900744 0.0160718498 0 0 0
nt@synapse_cleft 4480 0.0149099481 0.0458859257 0.00935671014 0 0 0
nt@synapse_cleft 4482 -0.0433411625 -0.0270102137 0.0155984069 0 0 0
nt@synapse_cleft 4485 0.0107085584 0.0239373215 0.00990544268 0 0 0
nt@synapse_cleft 4488 0.0202536945 0.00223191907 0.00503799717 0 0 0
nt@synapse_cleft 4489 -0.0123659392 -0.00592780822 0.00239954487 0 0 0
nt@synapse_cleft 4499 -0.000305280839 0.0139098947 0.00670503279 0 0 0
nt@synapse_cleft 4501 0.0113158261 0.00978813816 0.0177698415 0 0 0
nt@synapse_cleft 4517 -0.0408078127 0.0100479226 0.0108197454 0 0 0
nt@synapse_cleft 4527 0.0104396891 0.00245039885 0.0185437261 0 0 0
nt@synapse_cleft 4538 -0.0344646365 -0.0439755738 0.0074564332 0 0 0
nt@synapse_cleft 4542 0.0125739689 0.0516466542 0.00591771042 0 0 0
nt@synapse_cleft 4545 -0.0248153692 0.0385142611 0.0117730503 0 0 0
nt@synapse_cleft 4551 -0.00145683266 0.0392733697 0.0144542101 0 0 0
nt@synapse_cleft 4553 -0.0351818085 -0.0152559149 0.0141768061 0 0 0
nt@synapse_cleft 4559 -0.0286167775 0.0220479169 0.0189728222 0 0 0
nt@synapse_cleft 4574 0.0445256538 -0.0332467854 0.00549998889 0 0 0
nt@synapse_cleft 4576 -0.0352489544 -0.0237428683 0.0168169934 0 0 0
nt@synapse_cleft 4583 0.0096410359 0.00511089051 0.00370323929 0 0 0
nt@synapse_cleft 4590 -0.0599458945 -0.00665632719 0.0192945061 0 0 0
nt@synapse_cleft 4593 -0.0466395533 0.0480547643 0.00368350321 0 0 0
nt@synapse_cleft 4595 0.0374243459 -0.048316772 0.00233888486 0 0 0
nt@synapse_cleft 4613 0.0625123871 -0.000577605107 0.00657704175 0 0 0
nt@synapse_cleft 4620 0.00458504674 -0.000611561287 0.0197164217 0 0 0
nt@synapse_cleft 4654 0.00231274622 -0.0319863276 0.00512412537 0 0 0
nt@synapse_cleft 4659 -0.0364046249 0.0475950619 0.00942326726 0 0 0
nt@synapse_cleft 4681 0.0175674462 -0.00181324489 0.0155823112 0 0 0
nt@synapse_cleft 4700 -0.0298650541 0.060222219 0.00740031952 0 0 0
nt@synapse_cleft 4701 0.0261635438 0.0321840988 0.0158487381 0 0 0
nt@synapse_cleft 4709 -0.0176485585 -9.43548814e-05 0.00314459345 0 0 0
nt@synapse_cleft 4710 -0.00854321771 -0.0171993743 0.00634644176 0 0 0
nt@synapse_cleft 4718 0.0475500676 0.0163032821 0.0133913233 0 0 0
nt@synapse_cleft 4736 0.00104102999 0.0268544372 0.00838812186 0 0 0
nt@synapse_cleft 4750 -0.00695456756 -0.0681136002 0.00623717721 0 0 0
nt@synapse_cleft 4753 -0.0157698458 0.00245329354 0.0100756336 0 0 0
nt@synapse_cleft 4754 -0.00525529166 -0.00907595963 0.00117977354 0 0 0
nt@synapse_cleft 4756 0.00239580557 -0.0140952127 0.0177530524 0 0 0
nt@synapse_cleft 4758 -0.0283193668 -0.00223358565 0.0174496021 0 0 0
nt@synapse_cleft 4764 0.0323520542 -0.0153786802 0.000844630006 0 0 0
nt@synapse_cleft 4779 0.029292181 -0.0292334293 0.0133164722 0 0 0
nt@synapse_cleft 4784 0.0303076642 0.0128631353 0.00382571788 0 0 0
nt@synapse_cleft 4786 -0.0284154203 0.0209665382 0.0185177831 0 0 0
nt@synapse_cleft 4791 0.0433098132 0.000836958395 0.0178085999 0 0 0
nt@synapse_cleft 4793 -0.0290226685 -0.00236112102 0.0140012813 0 0 0
nt@synapse_cleft 4800 0.0270996907 9.80682866e-05 0.0115314707 0 0 0
nt@synapse_cleft 4801 -0.00634441166 0.0107349366 0.0144901631 0 0 0
nt@synapse_cleft 4816 -0.0328970885 -0.0218566071 0.0144577308 0 0 0
nt@synapse_cleft 4822 -0.013492246 -0.0208418205 0.000924116301 0 0 0
nt@synapse_cleft 4823 -0.0102586643 0.0108369942 0.018786183 0 0 0
nt@synapse_cleft 4829 0.0168120871 -0.0565429862 0.000453883428 0 0 0
nt@synapse_cleft 4839 -0.00884139315 0.000314003271 0.00189818329 0 0 0
nt@synapse_cleft 4844 0.0694430992 -0.0231743441 0.015143401 0 0 0
nt@synapse_cleft 4852 -0.0169918892 -0.0246172433 0.0130812768 0 0 0
nt@synapse_cleft 4871 0.00885242523 0.00718720338 0.00529361631 0 0 0
nt@synapse_cleft 4880 0.00192716199 -0.0285268382 0.0118183424 0 0 0
nt@synapse_cleft 4883 -0.0504634657 0.00702564522 0.014575922 0 0 0
nt@synapse_cleft 4892 -0.0295036657 0.0349276949 0.0199720795 0 0 0
nt@synapse_cleft 4897 0.0184943255 -0.0176893486 0.00918901601 0 0 0
nt@synapse_cleft 4901 0.0245962355 0.00929812211 0.00440332277 0 0 0
nt@synapse_cleft 4905 -0.0274856466 0.00170860341 0.00134472563 0 0 0
nt@synapse_cleft 4906 -0.0102846473 -0.035872493 0.00437630127 0 0 0
nt@synapse_cleft 4919 -0.00116215806 0.0110759837 0.00452085375 0 0 0
nt@synapse_cleft 4925 -0.012445942 0.00256317019 0.0104754508 0 0 0
nt@synapse_cleft 4937 -0.0721237078 0.00970896458 0.0135544031 0 0 0
nt@synapse_cleft 4946 0.00161476985 0.00313780013 0.00332561687 0 0 0
nt@synapse_cleft 4973 -0.00418995993 0.0466599664 0.012540437 0 0 0
nt@synapse_cleft 4979 0.00938301557 -0.011534161 0.00141599313 0 0 0
nt@synapse_cleft 4981 0.00252367026 -0.0604323027 0.00028354928 0 0 0
nt@synapse_cleft 4982 -0.000176429486 0.016366951 0.00717489111 0 0 0
nt@synapse_cleft 4983 -0.0341406552 0.00718326881 0.00398129878 0 0 0
nt@synapse_cleft 4991 -0.0190177529 -0.00620208504 0.00884136924 0 0 0
nt@synapse_cleft 5004 -0.0258244183 -0.0161868553 0.00222721563 0 0 0
nt@synapse_cleft 5006 0.0246077533 -0.0223831872 0.00700767465 0 0 0
nt@synapse_cleft 5009 -0.0214207834 -0.000832422337 0.0103199555 0 0 0
nt@synapse_cleft 5015 -0.0276535016 -0.0244512228 0.00979282147 0 0 0
nt@synapse_cleft 5044 -0.0458626478 0.0201367695 0.00643080458 0 0 0
nt@synapse_cleft 5046 -0.00430212115 -0.0213598849 0.00262849571 0 0 0
nt@synapse_cleft 5052 0.0248587635 -0.00529949508 0.0139675524 0 0 0
nt@synapse_cleft 5055 -0.0138135912 0.0195793612 0.0172403623 0 0 0
nt@synapse_cleft 5061 0.00183729378 -0.0393769988 0.0117790193 0 0 0
nt@synapse_cleft 5063 -0.0344326231 0.0328412953 0.0185812941 0 0 0
nt@synapse_cleft 5082 -0.00666543353 0.0482759303 0.00651504331 0 0 0
nt@synapse_cleft 5086 0.0373849686 0.0449185364 0.0055468319 0 0 0
nt@synapse_cleft 5133 -0.021369092 0.0236525464 0.0134359353 0 0 0
nt@synapse_cleft 5145 0.0231183503 0.0224244227 0.00560591383 0 0 0
nt@synapse_cleft 5154 0.0128953495 0.0145162244 0.0193394634 0 0 0
nt@synapse_cleft 5159 -0.0328853827 -0.01438876 0.0156132768 0 0 0
nt@synapse_cleft 5164 0.0125380968 -0.00361782823 0.00645893995 0 0 0
nt@synapse_cleft 5173 -0.0242735106 0.00795823147 0.0133387893 0 0 0
nt@synapse_cleft 5176 -0.0314013867 0.0788650398 0.00672858987 0 0 0
nt@synapse_cleft 5179 0.0175802755 -0.00227651545 0.00495540962 0 0 0
nt@synapse_cleft 5182 0.0607268521 -0.00241206129 0.00594564933 0 0 0
nt@synapse_cleft 5183 0.0625384043 0.0053034398 0.00395552223 0 0 0
