nt@synapse_cleft 0 0.0266703396 0.00224552732 0.0174804554 0 0 0
nt@synapse_cleft 2 -0.0492967317 0.0142834773 0.0134747852 0 0 0
nt@synapse_cleft 7 0.0158863696 0.0174349383 0.00892824888 0 0 0
nt@synapse_cleft 9 0.0396079654 -0.0335787242 0.0189494861 0 0 0
nt@synapse_cleft 12 -0.00289376305 0.0434393964 0.00453439521 0 0 0
nt@synapse_cleft 15 -0.00983343692 0.022464177 0.0121150279 0 0 0
nt@synapse_cleft 17 0.0206466954 0.00709962239 0.0136698806 0 0 0
nt@synapse_cleft 26 -0.0307680443 0.00213534333 0.0170012251 0 0 0
nt@synapse_cleft 30 0.00931220283 -0.0350436016 0.00774623077 0 0 0
nt@synapse_cleft 35 0.00897576224 0.044668848 0.0167357883 0 0 0
nt@synapse_cleft 42 0.00672643086 0.005964004 0.0189805735 0 0 0
nt@synapse_cleft 45 -0.000626019949 0.0129426909 0.0117161827 0 0 0
nt@synapse_cleft 54 -0.00267982805 0.0318679216 0.0167603047 0 0 0
nt@synapse_cleft 56 -0.035106443 -0.021437176 0.00409214962 0 0 0
nt@synapse_cleft 59 0.0295813479 0.0178670465 0.0100630313 0 0 0
nt@synapse_cleft 72 -0.0273613713 0.0098245917 0.0176229543 0 0 0
nt@synapse_cleft 81 0.00430053731 -0.0413671134 0.00108462604 0 0 0
nt@synapse_cleft 87 -0.0108024362 -0.00123848098 0.000611971079 0 0 0
nt@synapse_cleft 89 0.0350557398 -0.0119068256 0.0109931652 0 0 0
nt@synapse_cleft 100 -0.0123438423 -0.0226282881 0.0111714168 0 0 0
nt@synapse_cleft 103 0.0312770381 -0.0115554185 0.0158995634 0 0 0
nt@synapse_cleft 111 -0.0409028427 0.0426637505 0.019372779 0 0 0
nt@synapse_cleft 114 0.0423689246 -0.0134563834 0.0196330809 0 0 0
nt@synapse_cleft 115 -0.00388214376 -0.0233449777 0.0193919754 0 0 0
nt@synapse_cleft 116 -0.0218914545 -0.0219669144 0.00744181892 0 0 0
nt@synapse_cleft 135 -0.029916568 -0.0234971266 0.0170559644 0 0 0
nt@synapse_cleft 137 -0.0529077626 -0.0441963658 0.00518966022 0 0 0
nt@synapse_cleft 148 -0.018806975 0.0729052819 0.00149586839 0 0 0
nt@synapse_cleft 150 -0.0229196055 0.0247641561 0.00417740757 0 0 0
nt@synapse_cleft 156 -0.0141604967 -0.00612514037 0.0088876651 0 0 0
nt@synapse_cleft 162 -0.0157264565 -0.0400145228 0.00425363518 0 0 0
nt@synapse_cleft 167 8.03693628e-05 -0.036808459 0.00330160021 0 0 0
nt@synapse_cleft 168 -0.0226214273 -0.0210638067 0.0118574872 0 0 0
nt@synapse_cleft 186 -0.0198246881 0.00641892935 0.0180948374 0 0 0
nt@synapse_cleft 188 -0.00630613879 -0.0155313114 0.0178899046 0 0 0
nt@synapse_cleft 192 -0.00521116356 0.0334362522 0.0103815611 0 0 0
nt@synapse_cleft 194 -0.028425631 -0.00393677383 0.0172160778 0 0 0
nt@synapse_cleft 195 0.0358033669 0.0494743672 0.00777921076 0 0 0
nt@synapse_cleft 199 0.0294242653 0.0153942322 0.01880072 0 0 0
nt@synapse_cleft 206 0.0017750774 -0.0209825134 0.0180380053 0 0 0
nt@synapse_cleft 210 -0.0326786498 0.00803081504 0.00112658858 0 0 0
nt@synapse_cleft 224 -0.012502396 0.0563520076 0.00826775479 0 0 0
nt@synapse_cleft 231 0.0166833732 0.0445509565 0.00728998981 0 0 0
nt@synapse_cleft 235 0.0140887439 -0.0148494257 0.0186460138 0 0 0
nt@synapse_cleft 244 -0.0216807289 0.00560077725 0.0195231487 0 0 0
nt@synapse_cleft 248 0.0308505481 -0.020099556 0.019413259 0 0 0
nt@synapse_cleft 256 -0.0488928266 -0.0092295959 0.0193261584 0 0 0
nt@synapse_cleft 263 0.054276829 0.0124801918 0.00933959991 0 0 0
nt@synapse_cleft 268 0.00356400199 -0.0202152455 0.0173630468 0 0 0
nt@synapse_cleft 272 0.00702454124 -0.0542837391 0.00589623788 0 0 0
nt@synapse_cleft 284 -0.0415880223 0.0880632995 0.0151859698 0 0 0
nt@synapse_cleft 293 0.0338604434 -0.0281156843 0.0139912551 0 0 0
nt@synapse_cleft 306 0.023936848 -0.0308133313 5.20026269e-05 0 0 0
nt@synapse_cleft 307 0.023268502 0.00310651348 0.0160288515 0 0 0
nt@synapse_cleft 308 0.0338548114 0.0364524213 0.0149735988 0 0 0
nt@synapse_cleft 310 0.0359951812 0.00432901924 0.00880991512 0 0 0
nt@synapse_cleft 318 -0.0238333167 -0.00153407257 0.0150783031 0 0 0
nt@synapse_cleft 319 0.0564316181 0.00723901732 0.00791796666 0 0 0
nt@synapse_cleft 321 0.0361820213 0.0122503644 0.0085762405 0 0 0
nt@synapse_cleft 325 -0.0499117026 0.0676679932 0.00926950137 0 0 0
nt@synapse_cleft 347 0.0055171279 0.00203006577 0.000941001901 0 0 0
nt@synapse_cleft 348 0.00209560107 -0.0198682511 0.00369585636 0 0 0
nt@synapse_cleft 350 0.0105775685 -0.0018695767 0.0137667469 0 0 0
nt@synapse_cleft 356 -0.0397445449 0.0102775287 0.00980510496 0 0 0
nt@synapse_cleft 361 -0.0342041325 0.000436010544 0.0178795782 0 0 0
nt@synapse_cleft 371 -0.00315035595 0.0309102475 0.0171972164 0 0 0
nt@synapse_cleft 372 0.00412483282 0.0314434678 0.013040065 0 0 0
nt@synapse_cleft 376 -0.0119549718 0.010347862 0.00949599556 0 0 0
nt@synapse_cleft 385 0.0140392446 0.00408745216 0.00656553498 0 0 0
nt@synapse_cleft 391 0.0146838965 -0.0269230417 0.0137369584 0 0 0
nt@synapse_cleft 402 -0.00261212561 0.0432817272 0.0144996409 0 0 0
nt@synapse_cleft 406 -0.0302306121 -0.0402698792 0.00114996488 0 0 0
nt@synapse_cleft 421 -0.0490436722 0.0206170649 0.019689259 0 0 0
nt@synapse_cleft 426 0.0487546398 -0.0237893911 0.0168559045 0 0 0
nt@synapse_cleft 429 -0.0180269691 0.0266473583 0.0184752885 0 0 0
nt@synapse_cleft 440 0.027745074 -0.0116913107 0.00422215347 0 0 0
nt@synapse_cleft 444 0.00311547753 0.048662217 0.0140971883 0 0 0
nt@synapse_cleft 449 -0.00951754931 -0.0144775977 0.00709948669 0 0 0
nt@synapse_cleft 452 0.0415000553 0.0455961157 0.0186551249 0 0 0
nt@synapse_cleft 453 -0.000196980571 -0.00677762066 0.000277784977 0 0 0
nt@synapse_cleft 455 0.00970448179 -0.0285912507 0.0137740249 0 0 0
nt@synapse_cleft 477 0.0165059247 0.0102613757 0.0163216397 0 0 0
nt@synapse_cleft 479 -0.0163896179 0.0127120176 0.0166039431 0 0 0
nt@synapse_cleft 482 0.0135847022 0.00426183325 0.0058536 0 0 0
nt@synapse_cleft 499 0.0143692819 0.0154006492 0.00721438141 0 0 0
nt@synapse_cleft 501 0.0147081422 0.0148003987 0.0141050277 0 0 0
nt@synapse_cleft 503 0.0132119747 -0.0246700975 0.0188316604 0 0 0
nt@synapse_cleft 509 -0.0351507288 0.0505934823 0.000488769781 0 0 0
nt@synapse_cleft 510 0.0201757208 0.0160837306 0.0194836743 0 0 0
nt@synapse_cleft 514 -0.0212535287 0.00516138166 0.0122474843 0 0 0
nt@synapse_cleft 522 -0.0428357539 0.0310324299 0.0171454775 0 0 0
nt@synapse_cleft 524 -0.0104765446 0.0392768863 0.0188540412 0 0 0
nt@synapse_cleft 530 0.0217607801 -0.011532823 0.00936039554 0 0 0
nt@synapse_cleft 536 -0.038549033 -0.0437385992 0.00964037904 0 0 0
nt@synapse_cleft 544 0.0368059213 0.00962921843 0.0076719657 0 0 0
nt@synapse_cleft 546 -0.0515637054 0.0127483399 0.00464853694 0 0 0
nt@synapse_cleft 549 0.0472583763 -0.0237539945 0.0162716983 0 0 0
nt@synapse_cleft 551 0.0171721145 -0.0104508436 0.00738785859 0 0 0
nt@synapse_cleft 552 0.0296913181 0.0161248287 0.00748362276 0 0 0
nt@synapse_cleft 557 -0.032190605 -0.00660847647 0.0080345791 0 0 0
nt@synapse_cleft 558 -0.00267973317 -0.0167135398 0.00603304019 0 0 0
nt@synapse_cleft 563 -0.0291982207 -0.0627156124 0.0018531198 0 0 0
nt@synapse_cleft 572 -0.0220386284 0.0206428837 0.00135703066 0 0 0
nt@synapse_cleft 575 -0.00339282743 0.000254342145 0.000751218294 0 0 0
nt@synapse_cleft 581 -0.00419639341 -0.00616675141 0.000863173313 0 0 0
nt@synapse_cleft 583 0.00735694567 0.0261155398 0.0181543694 0 0 0
nt@synapse_cleft 586 0.0099150199 0.0141845548 5.99777748e-05 0 0 0
nt@synapse_cleft 591 -0.011784419 0.0127623715 0.00582718007 0 0 0
nt@synapse_cleft 596 -0.0102144871 0.00869155366 0.0157238984 0 0 0
nt@synapse_cleft 598 -0.00025146856 0.0163195002 0.00839191761 0 0 0
nt@synapse_cleft 620 -0.0310471734 -0.00191627841 0.0105336915 0 0 0
nt@synapse_cleft 624 0.0228874575 -0.000163780272 0.0061666922 0 0 0
nt@synapse_cleft 627 -0.0214023534 -0.0269887908 0.0107615285 0 0 0
nt@synapse_cleft 629 -0.00127605553 -0.000718916265 0.008833773 0 0 0
nt@synapse_cleft 633 -0.035616795 0.0298647293 0.0188435999 0 0 0
nt@synapse_cleft 634 0.00905300834 0.00526079369 0.00715911267 0 0 0
nt@synapse_cleft 639 -0.00946409297 -0.00928518265 7.53901189e-05 0 0 0
nt@synapse_cleft 645 -0.0073026908 -0.00137727763 0.00511576517 0 0 0
nt@synapse_cleft 647 0.0208838988 0.0136769884 0.00528585562 0 0 0
nt@synapse_cleft 661 -0.0245898526 -0.0315873484 0.00979879648 0 0 0
nt@synapse_cleft 664 -0.0126383796 0.00884147836 0.00327788151 0 0 0
nt@synapse_cleft 678 0.0119247311 -0.020470175 0.0058433138 0 0 0
nt@synapse_cleft 679 -0.0344851154 -0.00124578408 0.018402054 0 0 0
nt@synapse_cleft 681 0.0013163709 -0.028144874 0.000455426624 0 0 0
nt@synapse_cleft 691 0.0285126706 -0.00595306245 0.00320207804 0 0 0
nt@synapse_cleft 693 0.00832510623 0.0208983697 0.0154615047 0 0 0
nt@synapse_cleft 698 -0.00239214545 0.010978058 0.0177289145 0 0 0
nt@synapse_cleft 699 -0.0135234432 -0.0763475078 0.00968986373 0 0 0
nt@synapse_cleft 712 -0.0174316912 -0.00356210804 0.00996386861 0 0 0
nt@synapse_cleft 720 0.0309023592 -0.0403418775 0.00200036506 0 0 0
nt@synapse_cleft 721 0.0018681405 -0.0283116369 0.00855725479 0 0 0
nt@synapse_cleft 726 -0.0161513932 -0.0156135359 0.00951582313 0 0 0
nt@synapse_cleft 727 -0.0207723886 0.0133899266 0.0114953763 0 0 0
nt@synapse_cleft 728 0.0185312678 -0.000578734253 0.00398368303 0 0 0
nt@synapse_cleft 732 0.013054795 0.0492567521 0.00998954675 0 0 0
nt@synapse_cleft 735 -0.0575994239 0.00191983649 0.00534607896 0 0 0
nt@synapse_cleft 737 0.0476565455 0.00292749194 0.0179357857 0 0 0
nt@synapse_cleft 741 0.0310092052 0.0113116622 0.00641423831 0 0 0
nt@synapse_cleft 750 0.0311576406 0.0186546365 0.0192960187 0 0 0
nt@synapse_cleft 754 -0.00387685227 -0.0178990351 0.00717590517 0 0 0
nt@synapse_cleft 760 -0.00538062395 -0.0337240563 0.00767242433 0 0 0
nt@synapse_cleft 762 0.0009350702 -0.0226543147 0.0141832504 0 0 0
nt@synapse_cleft 765 -0.0404467107 0.0471224331 0.00592531996 0 0 0
nt@synapse_cleft 768 -0.00387047195 -0.00199681149 0.0187799201 0 0 0
nt@synapse_cleft 769 -0.00519177054 0.0537369675 0.0108711739 0 0 0
nt@synapse_cleft 774 -0.00887203674 0.0237652489 0.00952958697 0 0 0
nt@synapse_cleft 779 -0.0249728636 0.0210820486 0.000709382366 0 0 0
nt@synapse_cleft 797 -0.0067294515 0.0245803116 0.00852655971 0 0 0
nt@synapse_cleft 803 -0.0255282915 -0.0481059504 0.0193689496 0 0 0
nt@synapse_cleft 814 0.0395572003 0.0381685328 0.006186485 0 0 0
nt@synapse_cleft 816 -0.00208670895 -0.0068439476 0.000500503699 0 0 0
nt@synapse_cleft 828 0.0100778431 -0.029270955 0.0185567452 0 0 0
nt@synapse_cleft 831 0.00876845059 -0.0147242779 0.000549092732 0 0 0
nt@synapse_cleft 833 -0.00758284932 -0.0140514222 0.0184600483 0 0 0
nt@synapse_cleft 837 -0.0166691576 -0.00568900713 0.00994365736 0 0 0
nt@synapse_cleft 844 -0.0237281589 0.0216074774 0.0154382131 0 0 0
nt@synapse_cleft 847 0.0192499181 -0.00950277481 0.0172538576 0 0 0
nt@synapse_cleft 850 -0.00784484855 0.0102133235 0.011717304 0 0 0
nt@synapse_cleft 854 -0.0109653904 0.0291314698 0.00362087442 0 0 0
nt@synapse_cleft 866 -0.00451976695 -0.0270972608 0.00170583092 0 0 0
nt@synapse_cleft 871 0.00575823597 0.0166835972 0.0180485355 0 0 0
nt@synapse_cleft 877 -0.0377858201 0.0181717732 0.0120662058 0 0 0
nt@synapse_cleft 884 0.0168987172 -0.00121591842 0.0126978971 0 0 0
nt@synapse_cleft 904 -0.0462750802 -0.00509193104 0.0137162946 0 0 0
nt@synapse_cleft 908 -0.0607979981 0.00146691731 0.00432909348 0 0 0
nt@synapse_cleft 909 0.0323352007 0.00679483566 0.00273372081 0 0 0
nt@synapse_cleft 913 -0.0208620703 0.01108232 0.0196297903 0 0 0
nt@synapse_cleft 918 0.0506980198 0.00845463522 0.00828306285 0 0 0
nt@synapse_cleft 920 0.00730678291 -0.0131528103 0.0102656425 0 0 0
nt@synapse_cleft 925 -0.0235739098 0.0292729708 0.0164505411 0 0 0
nt@synapse_cleft 932 0.0188860988 -0.0680445129 0.00460004397 0 0 0
nt@synapse_cleft 938 -0.0111703563 0.00109995349 0.0124892891 0 0 0
nt@synapse_cleft 940 -0.0536255134 -0.0450319006 0.0130955667 0 0 0
nt@synapse_cleft 942 0.0152461102 -0.030007136 0.00204748939 0 0 0
nt@synapse_cleft 943 0.0194953427 -0.00308974019 0.0163083649 0 0 0
nt@synapse_cleft 944 -0.0093828274 -0.0497152174 0.000223122299 0 0 0
nt@synapse_cleft 945 -0.00180228855 0.0364308239 0.00217082591 0 0 0
nt@synapse_cleft 947 -0.0277137341 0.00736902732 0.0161697515 0 0 0
nt@synapse_cleft 953 -0.0457046486 0.0233697259 0.0112610721 0 0 0
nt@synapse_cleft 954 0.0117357007 -0.0232597475 0.0081749566 0 0 0
nt@synapse_cleft 957 0.0470882866 -0.0186432044 0.00101965311 0 0 0
nt@synapse_cleft 961 -0.0274095426 -0.00614422201 0.0014600801 0 0 0
nt@synapse_cleft 967 0.0347041393 -0.000606683848 0.00342842195 0 0 0
nt@synapse_cleft 976 -0.00294937192 0.0277634994 0.0149181791 0 0 0
nt@synapse_cleft 978 -0.0374574013 -0.0186639571 0.00494757621 0 0 0
nt@synapse_cleft 992 0.0279891152 0.00040949018 0.00591526437 0 0 0
nt@synapse_cleft 994 -0.0340434325 -0.0226965926 0.0190057996 0 0 0
nt@synapse_cleft 998 0.00366615372 -0.0106686014 0.0019072225 0 0 0
nt@synapse_cleft 999 0.0552330427 -0.0263791828 0.000144213366 0 0 0
nt@synapse_cleft 1002 0.000679994006 0.0400565873 0.00539345703 0 0 0
nt@synapse_cleft 1004 -0.0236979869 0.00244131726 0.0102866468 0 0 0
nt@synapse_cleft 1013 -0.0345265638 0.0384303735 0.0120339708 0 0 0
nt@synapse_cleft 1016 -0.0339327768 0.00788106416 0.0152816921 0 0 0
nt@synapse_cleft 1018 0.00152450039 -0.0170622777 0.00239759308 0 0 0
nt@synapse_cleft 1024 -0.0346079127 -0.0328351453 0.00772923645 0 0 0
nt@synapse_cleft 1025 -0.00729607934 -0.0250077416 0.0120253063 0 0 0
nt@synapse_cleft 1027 0.0290802062 0.0492289918 0.0152662352 0 0 0
nt@synapse_cleft 1035 -0.0358303179 -0.0255051489 0.017724107 0 0 0
nt@synapse_cleft 1047 0.0354544258 -0.0450235804 0.0021994309 0 0 0
nt@synapse_cleft 1048 -0.011904208 -0.0637822811 0.000838899639 0 0 0
nt@synapse_cleft 1050 0.0184754043 -0.0475009897 0.00600506773 0 0 0
nt@synapse_cleft 1062 0.0436110352 -0.0104820662 0.00752798399 0 0 0
nt@synapse_cleft 1077 -0.0321603503 0.00217058675 0.0194914358 0 0 0
nt@synapse_cleft 1080 -0.0396970306 0.0186635522 0.0157146309 0 0 0
nt@synapse_cleft 1092 -0.0200168354 -0.0156400813 0.00548798592 0 0 0
nt@synapse_cleft 1107 -0.00728722584 -0.00223698634 0.0130432416 0 0 0
nt@synapse_cleft 1108 0.0193024355 0.00871835963 0.00137434725 0 0 0
nt@synapse_cleft 1110 0.0232502001 0.0139774719 0.0196816969 0 0 0
nt@synapse_cleft 1113 -0.0129763778 0.00547207868 0.00472231375 0 0 0
nt@synapse_cleft 1114 0.0120776472 -0.0377557316 0.00658057916 0 0 0
nt@synapse_cleft 1130 0.0309677612 -0.0142042729 0.00360036886 0 0 0
nt@synapse_cleft 1136 -0.0079972936 -0.0469546262 0.00405681769 0 0 0
nt@synapse_cleft 1140 0.0043810157 -0.0466097534 0.0194407883 0 0 0
nt@synapse_cleft 1144 -0.0133193542 -0.0108743862 2.35997342e-05 0 0 0
nt@synapse_cleft 1145 0.0517706532 -0.00754153879 0.0148935676 0 0 0
nt@synapse_cleft 1149 -0.020189924 -0.00321577472 0.00907789091 0 0 0
nt@synapse_cleft 1152 0.032747126 0.014339351 0.00956968448 0 0 0
nt@synapse_cleft 1157 0.0313345768 -0.0643477624 0.0116640607 0 0 0
nt@synapse_cleft 1165 0.0346853239 0.0367801011 0.00532712279 0 0 0
nt@synapse_cleft 1166 -0.0116431897 0.00261102142 0.00139521154 0 0 0
nt@synapse_cleft 1167 0.0389091636 0.0288673596 0.0154947481 0 0 0
nt@synapse_cleft 1172 -0.00564018797 0.00246675446 0.0187060835 0 0 0
nt@synapse_cleft 1177 -0.012968203 0.0824129618 0.00109422274 0 0 0
nt@synapse_cleft 1179 0.0064423302 -0.0185533514 0.0179201918 0 0 0
nt@synapse_cleft 1186 -0.0647429866 0.00422484939 0.000929151083 0 0 0
nt@synapse_cleft 1188 0.0106892742 -0.0407446693 0.00488666926 0 0 0
nt@synapse_cleft 1193 -0.0294317237 -0.0221213242 0.00130358327 0 0 0
nt@synapse_cleft 1200 -0.00524679087 0.00352159086 0.0128846928 0 0 0
nt@synapse_cleft 1203 -0.000490258274 0.0250832753 0.000763112848 0 0 0
nt@synapse_cleft 1204 0.000520515904 0.0250908558 0.00713792491 0 0 0
nt@synapse_cleft 1205 -0.021656027 -0.0244166769 0.0150676521 0 0 0
nt@synapse_cleft 1206 -0.0145633468 0.0176195404 0.00244840535 0 0 0
nt@synapse_cleft 1237 -0.036067661 -0.0451896288 0.00513616895 0 0 0
nt@synapse_cleft 1238 -0.0640262008 -0.0472971373 0.018860772 0 0 0
nt@synapse_cleft 1243 -0.021218147 0.000183049427 0.0150919091 0 0 0
nt@synapse_cleft 1248 0.00086755888 0.0421161373 0.0136757623 0 0 0
nt@synapse_cleft 1251 -0.0428588531 0.0175362983 0.0198438473 0 0 0
nt@synapse_cleft 1252 -0.031974489 -0.0060362914 0.0111798691 0 0 0
nt@synapse_cleft 1254 -0.0172316653 0.0470931993 0.00515733854 0 0 0
nt@synapse_cleft 1270 0.0540223249 0.0225027661 0.00847549151 0 0 0
nt@synapse_cleft 1275 -0.00892064866 0.0210293464 0.0113805604 0 0 0
nt@synapse_cleft 1289 0.0570315865 -0.0015384734 0.00538975973 0 0 0
nt@synapse_cleft 1298 -0.00991075033 -0.0187904162 0.010302119 0 0 0
nt@synapse_cleft 1302 -0.0311173826 0.0360813668 0.00393565739 0 0 0
nt@synapse_cleft 1311 0.00668522708 -0.0158196918 0.000412048423 0 0 0
nt@synapse_cleft 1316 -0.0274225007 -0.0131919566 0.012480356 0 0 0
nt@synapse_cleft 1326 0.0174260287 0.013516902 0.00808481624 0 0 0
nt@synapse_cleft 1328 0.0232009264 0.00944537053 0.00663569425 0 0 0
nt@synapse_cleft 1333 -0.0129176244 0.0332164712 0.00392801314 0 0 0
nt@synapse_cleft 1338 -0.0118012556 0.00649780804 0.00679026013 0 0 0
nt@synapse_cleft 1343 0.0209837221 5.77967226e-05 0.0112035648 0 0 0
nt@synapse_cleft 1347 -0.0490318249 -0.0123340405 0.0124958124 0 0 0
nt@synapse_cleft 1349 0.00999222287 -0.00578064267 0.0191961325 0 0 0
nt@synapse_cleft 1351 0.0435402569 -0.0241660698 0.00682353812 0 0 0
nt@synapse_cleft 1361 -0.000421110869 -0.0315303537 0.0017704458 0 0 0
nt@synapse_cleft 1368 0.0198866641 -0.00046457511 0.0113519831 0 0 0
nt@synapse_cleft 1372 -0.0102313433 0.0436112187 0.00958182428 0 0 0
nt@synapse_cleft 1380 -0.021357796 0.00753741636 0.0111633001 0 0 0
nt@synapse_cleft 1384 -0.0522752862 -0.00546065806 0.0193297004 0 0 0
nt@synapse_cleft 1393 -0.0270322658 0.0473623982 0.00730288533 0 0 0
nt@synapse_cleft 1394 0.0136311924 0.0161771988 0.0114933696 0 0 0
nt@synapse_cleft 1400 -0.0198547385 0.0235817437 0.00409924753 0 0 0
nt@synapse_cleft 1403 0.00659088549 0.010781778 0.00191872701 0 0 0
nt@synapse_cleft 1408 -0.0107386112 -0.0069581769 0.0107598319 0 0 0
nt@synapse_cleft 1416 -0.000146256132 0.0265125276 0.0181533568 0 0 0
nt@synapse_cleft 1419 0.00768055339 -0.0165784292 0.00915023561 0 0 0
nt@synapse_cleft 1425 0.000346271351 -0.0282962509 0.00348898728 0 0 0
nt@synapse_cleft 1427 -0.0124132401 -0.0163828052 0.0160321189 0 0 0
nt@synapse_cleft 1438 -0.0161735697 -0.0235330638 0.00232490953 0 0 0
nt@synapse_cleft 1440 -0.0186229691 0.027341043 0.0170112686 0 0 0
nt@synapse_cleft 1441 -0.0496806432 0.0356536944 0.0083999457 0 0 0
nt@synapse_cleft 1442 -0.00217152789 0.031717292 0.0163503711 0 0 0
nt@synapse_cleft 1444 -0.0309215984 -0.0136961259 0.00225985176 0 0 0
nt@synapse_cleft 1446 -0.0182675582 -0.0422046199 0.00191126264 0 0 0
nt@synapse_cleft 1449 -0.0351383177 0.0120301551 0.0109397821 0 0 0
nt@synapse_cleft 1452 -0.0339686768 -0.0268475335 0.011249526 0 0 0
nt@synapse_cleft 1454 -0.014991992 0.0137448289 0.00111109867 0 0 0
nt@synapse_cleft 1455 -0.0246377249 -0.000441819942 0.0147172773 0 0 0
nt@synapse_cleft 1470 -0.0619745778 -0.0361347898 0.00398276165 0 0 0
nt@synapse_cleft 1472 -0.0568820481 -0.00412872272 0.00890527893 0 0 0
nt@synapse_cleft 1473 -0.000873935188 -0.0137574767 0.0104673405 0 0 0
nt@synapse_cleft 1479 -0.0135782843 0.0512793243 0.0178931448 0 0 0
nt@synapse_cleft 1481 0.0271387749 0.00981588632 0.0108618143 0 0 0
nt@synapse_cleft 1484 -0.0146061898 0.018656746 0.0162022741 0 0 0
nt@synapse_cleft 1485 -0.00992568681 -0.0123618573 0.0188241308 0 0 0
nt@synapse_cleft 1487 0.0046529462 -0.0365954999 0.0119313063 0 0 0
nt@synapse_cleft 1488 0.0388202094 0.00448671029 0.00840910491 0 0 0
nt@synapse_cleft 1494 -0.00324865438 -0.00395189892 0.0175312341 0 0 0
nt@synapse_cleft 1496 0.00452912389 0.0354712597 0.0131872072 0 0 0
nt@synapse_cleft 1506 0.0314830993 0.00641802697 0.0181574392 0 0 0
nt@synapse_cleft 1507 0.0067070742 -0.00368028129 0.00542217545 0 0 0
nt@synapse_cleft 1508 0.0340808604 0.00113455483 0.0186531054 0 0 0
nt@synapse_cleft 1512 0.0203843024 -0.0125173979 0.0188428702 0 0 0
nt@synapse_cleft 1519 -0.0133769369 -0.00401063339 0.0123297697 0 0 0
nt@synapse_cleft 1527 -0.00562546631 0.053366334 0.0159641929 0 0 0
nt@synapse_cleft 1528 -0.0377874609 0.00463701333 0.0114901162 0 0 0
nt@synapse_cleft 1531 -0.014403792 0.0121792975 0.00713208233 0 0 0
nt@synapse_cleft 1538 0.017828784 0.00508884378 0.0108659327 0 0 0
nt@synapse_cleft 1542 -0.0146711574 0.0256124922 0.00335954336 0 0 0
nt@synapse_cleft 1545 -0.00589180615 0.00695531563 0.00777822827 0 0 0
nt@synapse_cleft 1548 -0.0255763131 -0.022729091 0.00780103764 0 0 0
nt@synapse_cleft 1553 0.0661347213 -0.00266943032 0.00943397854 0 0 0
nt@synapse_cleft 1554 0.0141834646 0.0133913443 0.00115505547 0 0 0
nt@synapse_cleft 1561 0.00177260799 -0.0479851941 0.00417035055 0 0 0
nt@synapse_cleft 1565 -0.013122239 -0.00499322597 0.0184945161 0 0 0
nt@synapse_cleft 1571 -0.0271393371 -0.0179464399 0.0174777816 0 0 0
nt@synapse_cleft 1573 0.0195605955 0.0366005533 0.0109637411 0 0 0
nt@synapse_cleft 1588 0.0132735084 -0.0289097824 0.0179588169 0 0 0
nt@synapse_cleft 1592 0.0127007101 -0.0254922011 0.00256393969 0 0 0
nt@synapse_cleft 1597 0.000370789738 0.0227860943 0.000955979253 0 0 0
nt@synapse_cleft 1600 0.0211463289 -0.0345667358 0.0107111421 0 0 0
nt@synapse_cleft 1605 0.0199546054 -0.00449052985 0.0169863656 0 0 0
nt@synapse_cleft 1606 -0.0463867928 0.0094486524 0.0156506549 0 0 0
nt@synapse_cleft 1611 -0.00491362689 -0.0191579917 0.0188929157 0 0 0
nt@synapse_cleft 1617 0.00140639751 -0.0341023703 0.0150253763 0 0 0
nt@synapse_cleft 1619 0.0187824761 0.00835500644 0.0024722876 0 0 0
nt@synapse_cleft 1628 0.0143846181 0.0413709943 0.0138716484 0 0 0
nt@synapse_cleft 1635 0.0132976342 -0.0138373385 0.00883349118 0 0 0
nt@synapse_cleft 1641 0.0290255061 0.0231974228 0.00805373953 0 0 0
nt@synapse_cleft 1642 0.015952596 -0.0355898759 0.000820387591 0 0 0
nt@synapse_cleft 1655 0.0031868621 0.0182522734 0.003773526 0 0 0
nt@synapse_cleft 1658 0.0312102181 0.0547904166 0.00156955223 0 0 0
nt@synapse_cleft 1660 0.0187277521 0.0213239745 0.0180543289 0 0 0
nt@synapse_cleft 1675 -0.0256551981 -0.0105230083 0.00960730397 0 0 0
nt@synapse_cleft 1678 -0.000839493664 -0.0266791819 0.0175950733 0 0 0
nt@synapse_cleft 1681 -0.0144886235 -0.00331455594 0.0145567954 0 0 0
nt@synapse_cleft 1686 -0.0138451758 0.0120129077 0.0148187188 0 0 0
nt@synapse_cleft 1687 -0.0398194105 -0.0408362002 0.000888498493 0 0 0
nt@synapse_cleft 1689 0.0140075566 0.00890116116 0.00684484677 0 0 0
nt@synapse_cleft 1692 -0.0151836261 0.0149846574 0.0101794182 0 0 0
nt@synapse_cleft 1695 0.0140821179 -0.0208726097 0.00348429566 0 0 0
nt@synapse_cleft 1701 0.00854188804 -0.0023013436 0.0128998174 0 0 0
nt@synapse_cleft 1707 -0.0187411711 -0.00126283332 0.0159066072 0 0 0
nt@synapse_cleft 1708 -0.0288679685 0.0214280266 0.001635142 0 0 0
nt@synapse_cleft 1715 0.00588542945 0.00761174175 0.00821861605 0 0 0
nt@synapse_cleft 1721 0.0118790283 -0.0469708665 0.012566941 0 0 0
nt@synapse_cleft 1729 -0.0111200054 -0.0137236788 0.00129983253 0 0 0
nt@synapse_cleft 1736 0.0270752763 0.00143108148 0.0168466874 0 0 0
nt@synapse_cleft 1741 0.012746452 -0.0171779499 0.0110093902 0 0 0
nt@synapse_cleft 1742 0.0162994654 -0.0513727107 0.00650221972 0 0 0
nt@synapse_cleft 1743 0.0338522962 0.0365887281 0.0181074889 0 0 0
nt@synapse_cleft 1745 -0.042889282 0.0200972574 0.000455881564 0 0 0
nt@synapse_cleft 1746 0.0163651303 -0.0290150725 0.000923699038 0 0 0
nt@synapse_cleft 1748 0.0560754898 0.0238563543 0.0109799371 0 0 0
nt@synapse_cleft 1751 0.0369158645 0.0103572784 0.0132996843 0 0 0
nt@synapse_cleft 1759 0.00672748509 -0.0176697034 0.0148409352 0 0 0
nt@synapse_cleft 1761 -0.0249816677 0.0220736986 0.0131821893 0 0 0
nt@synapse_cleft 1762 -0.0266573488 -0.0237270616 0.0164711269 0 0 0
nt@synapse_cleft 1768 0.0135609363 -0.0539085975 0.00977978451 0 0 0
nt@synapse_cleft 1775 -0.0181091057 -0.0100973811 0.0060356271 0 0 0
nt@synapse_cleft 1778 0.0495368423 -0.0532920724 0.0173605641 0 0 0
nt@synapse_cleft 1781 -0.0273880954 0.03430769 0.00856267289 0 0 0
nt@synapse_cleft 1793 0.00787465762 0.0432964369 0.0124721286 0 0 0
nt@synapse_cleft 1795 0.0427959963 -0.014174021 0.01460794 0 0 0
nt@synapse_cleft 1804 0.00306356576 0.021880704 0.0148162224 0 0 0
nt@synapse_cleft 1806 -0.0210395999 0.0278051748 0.0197093276 0 0 0
nt@synapse_cleft 1810 -0.0690639641 -0.0409288602 0.0165912271 0 0 0
nt@synapse_cleft 1811 0.00965025069 0.0107629209 0.0136473312 0 0 0
nt@synapse_cleft 1812 -9.60646726e-05 0.0488295499 0.00611735621 0 0 0
nt@synapse_cleft 1815 -0.0234517805 -0.00475339657 0.00754653895 0 0 0
nt@synapse_cleft 1824 0.0192300091 -0.00134771278 0.00334116653 0 0 0
nt@synapse_cleft 1829 0.0464372288 -0.0171352297 0.00021215496 0 0 0
nt@synapse_cleft 1830 -0.0362792914 -0.0133402645 0.0144328543 0 0 0
nt@synapse_cleft 1837 -0.0433628153 -0.0134043951 0.00158367194 0 0 0
nt@synapse_cleft 1838 0.00159918857 -0.0453557566 0.00881204725 0 0 0
nt@synapse_cleft 1843 0.0278385621 0.0193888758 0.00949801215 0 0 0
nt@synapse_cleft 1846 -0.0199358672 0.00130488718 0.000213242697 0 0 0
nt@synapse_cleft 1849 0.034596533 0.0104222425 0.00362689155 0 0 0
nt@synapse_cleft 1853 0.0618739699 -0.0239076836 0.0109019522 0 0 0
nt@synapse_cleft 1854 0.0145733895 0.00173023032 0.0134878081 0 0 0
nt@synapse_cleft 1856 0.0142750292 -0.0349180961 0.01023713 0 0 0
nt@synapse_cleft 1872 0.00635821291 0.000202951935 0.00682839132 0 0 0
nt@synapse_cleft 1877 0.00375914775 0.01898317 0.0180070763 0 0 0
nt@synapse_cleft 1880 -0.0277763265 -0.0146022293 0.0048121115 0 0 0
nt@synapse_cleft 1883 0.0275399684 0.0157690348 0.00722036779 0 0 0
nt@synapse_cleft 1885 -0.0103838104 -0.00997582143 0.0154662026 0 0 0
nt@synapse_cleft 1887 -0.00249946789 0.025730549 5.64663565e-05 0 0 0
nt@synapse_cleft 1892 -0.00261110776 -0.0107415978 0.0175754405 0 0 0
nt@synapse_cleft 1896 0.0156583202 0.00710207459 0.00526258568 0 0 0
nt@synapse_cleft 1900 -0.0186945006 -0.0257709788 0.00139241612 0 0 0
nt@synapse_cleft 1904 -0.0278191465 0.0319965469 0.000473499388 0 0 0
nt@synapse_cleft 1918 -0.0196631232 0.0668362473 0.0136171147 0 0 0
nt@synapse_cleft 1923 -0.0233513975 0.0246510894 0.0186406447 0 0 0
nt@synapse_cleft 1925 0.0236984801 0.0194837051 0.016062049 0 0 0
nt@synapse_cleft 1926 0.0119797649 -0.0147555751 0.0169843652 0 0 0
nt@synapse_cleft 1932 0.0134130294 -0.0215702905 0.0174607488 0 0 0
nt@synapse_cleft 1942 0.0453540993 -0.0328496992 0.000112080858 0 0 0
nt@synapse_cleft 1944 -0.0078857491 0.0251685618 0.00619615787 0 0 0
nt@synapse_cleft 1946 -0.0238269408 -0.00975805372 0.0179886367 0 0 0
nt@synapse_cleft 1953 -0.0188831752 0.00238383512 0.00853629425 0 0 0
nt@synapse_cleft 1961 0.0340763078 0.0165142206 0.00332341325 0 0 0
nt@synapse_cleft 1964 -0.0104719276 0.00711850229 0.0134622772 0 0 0
nt@synapse_cleft 1967 0.0106282012 -0.0392328634 0.0116858769 0 0 0
nt@synapse_cleft 1970 -0.0235343374 -0.0424080952 0.0176138362 0 0 0
nt@synapse_cleft 1973 0.034387187 0.0208715071 0.0193925191 0 0 0
nt@synapse_cleft 1976 -0.037634027 -0.0111664587 0.00254952026 0 0 0
nt@synapse_cleft 1980 -0.0220389851 -0.0263973488 0.00353280568 0 0 0
nt@synapse_cleft 1984 -0.0514585135 -0.037880079 0.00144420856 0 0 0
nt@synapse_cleft 1989 -0.0161953218 0.0176911758 0.0198844931 0 0 0
nt@synapse_cleft 1990 0.0133743142 0.0235706626 0.00754185017 0 0 0
nt@synapse_cleft 1993 0.00189253939 -0.0224701545 0.0183414789 0 0 0
nt@synapse_cleft 1997 -0.00182051599 0.0193788997 0.0159318943 0 0 0
nt@synapse_cleft 2004 -0.0172547941 0.0115616447 0.0166685873 0 0 0
nt@synapse_cleft 2013 -0.00701392718 -0.00697894747 0.0108503834 0 0 0
nt@synapse_cleft 2014 0.0165414519 0.00248936788 0.0116890633 0 0 0
nt@synapse_cleft 2019 0.020386611 -0.022949937 0.013629293 0 0 0
nt@synapse_cleft 2027 0.000711164619 -0.0216000765 0.00474213744 0 0 0
nt@synapse_cleft 2032 -0.0238133788 0.0157632292 0.000836583885 0 0 0
nt@synapse_cleft 2035 0.056896092 0.0294191706 0.0048604553 0 0 0
nt@synapse_cleft 2036 0.0526392337 -0.0470873821 0.00350459704 0 0 0
nt@synapse_cleft 2039 0.0375209054 0.0212484425 0.0105782356 0 0 0
nt@synapse_cleft 2061 0.0216488128 0.0101500311 0.0119593197 0 0 0
nt@synapse_cleft 2064 0.0163291701 0.0202194986 0.0150196341 0 0 0
nt@synapse_cleft 2091 -0.0119109729 0.0385557418 0.0092957122 0 0 0
nt@synapse_cleft 2092 0.0081973181 0.0287153198 0.00695256984 0 0 0
nt@synapse_cleft 2094 -0.0139578762 -0.00338639285 0.0186002582 0 0 0
nt@synapse_cleft 2096 -0.0146245232 -0.00459121731 0.000298147952 0 0 0
nt@synapse_cleft 2104 0.0423243966 -0.0132601485 0.00960063747 0 0 0
nt@synapse_cleft 2112 -0.00848005656 -0.0289433085 0.000740752136 0 0 0
nt@synapse_cleft 2124 -0.000674244351 0.0668879028 0.00148180472 0 0 0
nt@synapse_cleft 2127 0.0280007042 -0.0051368238 0.00441460725 0 0 0
nt@synapse_cleft 2137 -0.0580265426 0.0586487636 0.00274778659 0 0 0
nt@synapse_cleft 2148 0.0379517791 -0.0717812673 0.00402651205 0 0 0
nt@synapse_cleft 2156 0.0403019884 -0.0300728421 0.0149306362 0 0 0
nt@synapse_cleft 2162 -0.00916143254 0.0111479103 0.019112376 0 0 0
nt@synapse_cleft 2163 0.0124394018 -0.00288716896 0.00882957421 0 0 0
nt@synapse_cleft 2185 -0.0190361247 -0.00842096363 0.0128900291 0 0 0
nt@synapse_cleft 2187 -0.0120984752 0.00866958508 0.00832610226 0 0 0
nt@synapse_cleft 2199 -0.00857163137 -0.0190029692 0.00294630269 0 0 0
nt@synapse_cleft 2204 -0.0300425246 0.0260229406 0.00230596018 0 0 0
nt@synapse_cleft 2207 0.0401730472 -0.00153049477 0.0141528189 0 0 0
nt@synapse_cleft 2218 0.0192387674 0.000616784952 4.79920376e-06 0 0 0
nt@synapse_cleft 2223 -0.0242095473 -0.00629202388 0.0133687752 0 0 0
nt@synapse_cleft 2228 -0.00221342678 0.020032397 0.0132495807 0 0 0
nt@synapse_cleft 2236 0.00213885065 0.00282323751 0.00516538224 0 0 0
nt@synapse_cleft 2251 -0.0129997487 0.00442863494 0.00961870827 0 0 0
nt@synapse_cleft 2254 -0.0089563343 -0.0229589987 0.0197245012 0 0 0
nt@synapse_cleft 2257 0.0127819872 0.00430123793 0.0189036054 0 0 0
nt@synapse_cleft 2262 -0.00938681123 0.0104088177 0.0135470751 0 0 0
nt@synapse_cleft 2271 -0.058008455 0.0125729061 0.0149928799 0 0 0
nt@synapse_cleft 2274 -0.00947851205 0.0373898663 0.000361306773 0 0 0
nt@synapse_cleft 2278 0.0181504045 0.0341251756 0.00130565514 0 0 0
nt@synapse_cleft 2279 -0.0199838017 0.0156343186 0.00754933885 0 0 0
nt@synapse_cleft 2283 0.0367872125 -0.0325223469 0.015699436 0 0 0
nt@synapse_cleft 2284 0.0323936198 0.00168052017 0.00912635121 0 0 0
nt@synapse_cleft 2285 -0.00664219907 -0.0125274214 0.01375638 0 0 0
nt@synapse_cleft 2289 0.00953416966 -0.00528802753 0.0120846947 0 0 0
nt@synapse_cleft 2298 -0.0445199629 -0.0153702707 0.0174369899 0 0 0
nt@synapse_cleft 2306 -0.00621314909 -0.0533601624 0.00832562079 0 0 0
nt@synapse_cleft 2308 -0.0417829885 0.0216241492 0.00900088606 0 0 0
nt@synapse_cleft 2309 -0.00751370066 0.00637579858 0.0173799215 0 0 0
nt@synapse_cleft 2314 -0.000218365148 -0.0245553264 0.0041316297 0 0 0
nt@synapse_cleft 2317 0.0422380906 0.00492379017 0.00317167436 0 0 0
nt@synapse_cleft 2320 0.0196569954 -0.029532449 0.000551332493 0 0 0
nt@synapse_cleft 2321 0.0514410871 0.00944426064 0.00491664393 0 0 0
nt@synapse_cleft 2327 -0.0368490714 -0.0320768314 0.0122971962 0 0 0
nt@synapse_cleft 2330 -0.0293253905 0.0123383741 0.0144937723 0 0 0
nt@synapse_cleft 2332 -0.0243547591 0.00251803805 0.0148336682 0 0 0
nt@synapse_cleft 2349 0.0499174898 0.0112852822 8.55456884e-06 0 0 0
nt@synapse_cleft 2367 -0.0335315436 -0.048292542 0.00853538637 0 0 0
nt@synapse_cleft 2369 -0.0212531489 0.0038447097 0.00190767211 0 0 0
nt@synapse_cleft 2383 0.0122345388 -0.0476071341 0.0139318045 0 0 0
nt@synapse_cleft 2386 -0.0133463695 -0.010398546 0.00873416438 0 0 0
nt@synapse_cleft 2389 0.0110977475 -0.0245607832 0.00850076903 0 0 0
nt@synapse_cleft 2397 0.00842102099 -0.0570325204 0.00759318169 0 0 0
nt@synapse_cleft 2400 -0.0240918221 -0.0276698527 0.0191885863 0 0 0
nt@synapse_cleft 2411 0.0129825606 -0.0416338136 0.00637718765 0 0 0
nt@synapse_cleft 2412 -0.000668116451 0.0105150638 0.0140851837 0 0 0
nt@synapse_cleft 2417 -0.0166300925 0.000992107223 0.0186941981 0 0 0
nt@synapse_cleft 2421 -0.00392886222 0.0251639982 0.00464890826 0 0 0
nt@synapse_cleft 2423 0.0188441537 -0.0453486113 0.0149002309 0 0 0
nt@synapse_cleft 2437 0.0436895405 0.0127229936 0.000955761394 0 0 0
nt@synapse_cleft 2438 0.00360412415 -0.037699405 0.00799737655 0 0 0
nt@synapse_cleft 2448 0.0109496048 0.00655947369 0.0114734119 0 0 0
nt@synapse_cleft 2456 -0.0148807399 -0.013001236 0.000649579663 0 0 0
nt@synapse_cleft 2459 0.0166966183 0.0457215109 0.00978309958 0 0 0
nt@synapse_cleft 2462 -0.00643665857 0.041410812 0.00411182738 0 0 0
nt@synapse_cleft 2468 -0.0506081438 -0.0282824923 0.0105509224 0 0 0
nt@synapse_cleft 2472 0.0628455647 -0.0456695351 0.0123779135 0 0 0
nt@synapse_cleft 2480 -0.0133285883 -0.0267817869 0.012532425 0 0 0
nt@synapse_cleft 2481 -0.00947785017 -0.0180244105 0.012946664 0 0 0
nt@synapse_cleft 2483 0.0274268775 0.0314918731 0.00703372882 0 0 0
nt@synapse_cleft 2491 0.0116430953 0.0167813508 0.00727855885 0 0 0
nt@synapse_cleft 2493 0.0305655093 -0.0410199647 0.0104759006 0 0 0
nt@synapse_cleft 2498 0.0135662392 -0.00949337495 0.000335130303 0 0 0
nt@synapse_cleft 2502 0.0226146171 -0.0346660735 0.0178399735 0 0 0
nt@synapse_cleft 2509 -0.0033550017 -0.0176016407 0.018774469 0 0 0
nt@synapse_cleft 2513 -0.00431685692 0.0164017002 0.0125286985 0 0 0
nt@synapse_cleft 2517 -0.0119759772 -0.00700475756 0.0149337241 0 0 0
nt@synapse_cleft 2520 0.01132454 0.0230410195 0.000327137398 0 0 0
nt@synapse_cleft 2528 0.0137277418 0.00201766209 0.0188303483 0 0 0
nt@synapse_cleft 2539 -0.00327765387 0.0250969674 0.0140406728 0 0 0
nt@synapse_cleft 2542 0.020974036 -0.0291199224 0.0142793286 0 0 0
nt@synapse_cleft 2549 -0.00765946483 0.0585484311 0.00774332868 0 0 0
nt@synapse_cleft 2550 0.0369734495 -0.0028633642 0.0137627167 0 0 0
nt@synapse_cleft 2555 0.0517159168 -0.0291785408 0.00688154406 0 0 0
nt@synapse_cleft 2560 -0.035306157 0.00594755027 0.00433588988 0 0 0
nt@synapse_cleft 2561 0.023969209 0.0483551107 0.00919050842 0 0 0
nt@synapse_cleft 2563 -0.00449341101 0.00623817345 0.00868150754 0 0 0
nt@synapse_cleft 2564 -0.0112688403 0.0469801172 0.00648093653 0 0 0
nt@synapse_cleft 2566 -0.00509627516 0.00629470888 0.015136855 0 0 0
nt@synapse_cleft 2570 -0.00182825384 -0.000246480263 0.00152133743 0 0 0
nt@synapse_cleft 2571 0.0328803117 -0.05455269 0.00269067761 0 0 0
nt@synapse_cleft 2577 -0.0113323047 0.0310985417 0.0101572057 0 0 0
nt@synapse_cleft 2597 -0.0198625136 -0.00504978887 0.0156839808 0 0 0
nt@synapse_cleft 2603 0.0433119594 -0.018532009 0.0160256907 0 0 0
nt@synapse_cleft 2604 0.0382317727 -0.0125827341 0.0158743218 0 0 0
nt@synapse_cleft 2610 0.0109418499 -0.0392393695 0.00210185945 0 0 0
nt@synapse_cleft 2615 -0.00157941438 -0.0638556631 0.0165403097 0 0 0
nt@synapse_cleft 2617 -0.00507184727 0.0195032511 0.016780818 0 0 0
nt@synapse_cleft 2623 -0.027235426 -0.0445650042 0.00161705635 0 0 0
nt@synapse_cleft 2625 -0.0606272976 -0.0171414105 0.00500342773 0 0 0
nt@synapse_cleft 2628 0.0178250161 -0.0249027822 0.018157792 0 0 0
nt@synapse_cleft 2639 0.0113522599 -0.0132741504 0.00143664309 0 0 0
nt@synapse_cleft 2641 -0.0126935901 -0.000736919892 0.00640451143 0 0 0
nt@synapse_cleft 2645 0.0180522752 0.0232186639 0.00302243609 0 0 0
nt@synapse_cleft 2652 -0.00683694118 0.00744751191 0.00658586807 0 0 0
nt@synapse_cleft 2660 -0.0198915915 -0.0229902501 0.00977559627 0 0 0
nt@synapse_cleft 2670 -0.0182407103 -0.0188906028 0.0149721637 0 0 0
nt@synapse_cleft 2675 -0.0235609735 0.0143488063 0.0138558579 0 0 0
nt@synapse_cleft 2680 -0.0577334579 -0.0379872721 0.00637795733 0 0 0
nt@synapse_cleft 2681 -0.0393050469 -0.0341659246 0.0168786443 0 0 0
nt@synapse_cleft 2688 -0.0516547232 0.0621549252 0.00561559458 0 0 0
nt@synapse_cleft 2702 -0.0088750052 -0.0113859348 0.00240377227 0 0 0
nt@synapse_cleft 2708 -0.0442970673 0.0136731315 0.00898167749 0 0 0
nt@synapse_cleft 2709 0.0123256563 -0.00351862115 0.0110517768 0 0 0
nt@synapse_cleft 2713 -0.00673871987 -0.0282874375 0.00648765997 0 0 0
nt@synapse_cleft 2720 0.00764829598 0.0176655145 0.0193725261 0 0 0
nt@synapse_cleft 2724 0.00499558231 -0.00452996851 0.00962207839 0 0 0
nt@synapse_cleft 2729 0.00944554168 -0.0306643523 0.0146948238 0 0 0
nt@synapse_cleft 2734 0.0286561007 0.00409102573 0.0188334374 0 0 0
nt@synapse_cleft 2743 -0.00381534161 -0.0331742834 0.0172944802 0 0 0
nt@synapse_cleft 2750 0.0209768594 -0.0482161925 0.0105957406 0 0 0
nt@synapse_cleft 2752 -0.0211342386 -0.0235836474 0.0136071175 0 0 0
nt@synapse_cleft 2756 0.0429701156 -0.0308830166 0.0090730931 0 0 0
nt@synapse_cleft 2766 -0.0364401106 0.0393541042 0.0158554552 0 0 0
nt@synapse_cleft 2775 0.0350707657 -0.0208038798 0.0111850863 0 0 0
nt@synapse_cleft 2785 0.00581433915 0.0348473486 0.0101922464 0 0 0
nt@synapse_cleft 2798 -0.0226667632 0.0147243551 0.0160969692 0 0 0
nt@synapse_cleft 2807 -0.0210628456 0.0169785595 0.00801102841 0 0 0
nt@synapse_cleft 2808 0.0176690472 0.0677010622 0.0152616484 0 0 0
nt@synapse_cleft 2815 -0.0137220137 0.0128791791 0.0110658879 0 0 0
nt@synapse_cleft 2820 0.0206557802 -0.00283616907 0.0167933583 0 0 0
nt@synapse_cleft 2828 0.0171622492 -0.0533827098 0.0120318908 0 0 0
nt@synapse_cleft 2837 -0.00756109541 0.0214672971 0.0156887069 0 0 0
nt@synapse_cleft 2857 0.0219359562 -0.0214831746 0.0174025891 0 0 0
nt@synapse_cleft 2861 -0.0135725206 0.0096408412 0.00610853217 0 0 0
nt@synapse_cleft 2863 -0.0334073182 0.000481277556 0.00447429435 0 0 0
nt@synapse_cleft 2871 0.0124487599 -0.0493088467 0.0142213095 0 0 0
nt@synapse_cleft 2875 0.00621435231 0.00945607347 0.000322474613 0 0 0
nt@synapse_cleft 2876 -0.00654221829 -0.00436763743 0.0088380984 0 0 0
nt@synapse_cleft 2880 0.024412762 0.00464373963 0.00447286982 0 0 0
nt@synapse_cleft 2884 0.0341977647 0.0186185338 0.0157481973 0 0 0
nt@synapse_cleft 2894 0.00124033158 0.00611066137 0.00835801474 0 0 0
nt@synapse_cleft 2895 0.0705576943 -0.00835716071 0.009893092 0 0 0
nt@synapse_cleft 2897 0.00883789327 -0.0405635929 0.0187383166 0 0 0
nt@synapse_cleft 2905 0.0048921858 0.00652394815 0.00519179609 0 0 0
nt@synapse_cleft 2909 0.041522022 -0.0128851268 0.0183179108 0 0 0
nt@synapse_cleft 2910 -0.0582194925 0.0180613691 0.0173314212 0 0 0
nt@synapse_cleft 2912 -0.00499914416 -0.0209933015 0.00362990016 0 0 0
nt@synapse_cleft 2915 0.0369287421 -0.0525997266 0.014008509 0 0 0
nt@synapse_cleft 2920 0.00644051119 -3.04371348e-05 0.0180758966 0 0 0
nt@synapse_cleft 2921 0.00696243425 0.0617267466 0.00787298337 0 0 0
nt@synapse_cleft 2925 -0.00569616365 0.0384967232 0.0140946377 0 0 0
nt@synapse_cleft 2933 -0.00328799088 -0.0131833117 0.00336234007 0 0 0
nt@synapse_cleft 2935 -0.033662503 0.00615379295 0.0192957341 0 0 0
nt@synapse_cleft 2940 -0.0122165102 -0.02272176 0.00197712183 0 0 0
nt@synapse_cleft 2945 -0.0365707377 -0.00678849942 0.00546137696 0 0 0
nt@synapse_cleft 2946 -0.0012052493 -0.00869247634 0.0162643451 0 0 0
nt@synapse_cleft 2961 0.0640807117 -0.0440660702 0.00701640226 0 0 0
nt@synapse_cleft 2962 0.0123155449 0.00662188441 0.0104623837 0 0 0
nt@synapse_cleft 2967 0.00211555998 -0.0419717746 0.00864647442 0 0 0
nt@synapse_cleft 2983 0.0149681131 -0.0342823311 0.0143172128 0 0 0
nt@synapse_cleft 2993 -0.00549011675 0.0458516139 0.00439062874 0 0 0
nt@synapse_cleft 2997 0.00565905132 -0.00859666302 0.00656446106 0 0 0
nt@synapse_cleft 3006 0.0258661974 0.0473545512 0.00197354241 0 0 0
nt@synapse_cleft 3008 0.0285689123 0.0493520611 0.0193882793 0 0 0
nt@synapse_cleft 3012 0.0259477193 -0.000476821765 0.00396054234 0 0 0
nt@synapse_cleft 3019 -0.0104593219 0.00617365853 0.00411401178 0 0 0
nt@synapse_cleft 3020 -0.0108235175 -0.0254628167 0.0057199843 0 0 0
nt@synapse_cleft 3024 0.0269410365 0.0117174228 0.0150059825 0 0 0
nt@synapse_cleft 3026 -0.0178951351 0.0142160172 0.00478642082 0 0 0
nt@synapse_cleft 3042 -0.00685204624 0.014819369 0.0164563592 0 0 0
nt@synapse_cleft 3047 0.0301934764 0.0566959241 0.0136648374 0 0 0
nt@synapse_cleft 3057 0.0350921765 -0.0108975766 0.0172546341 0 0 0
nt@synapse_cleft 3061 -0.00943574203 0.0296871207 0.00616674254 0 0 0
nt@synapse_cleft 3062 0.006483038 -0.0175994577 0.0104228015 0 0 0
nt@synapse_cleft 3069 0.0551299523 -0.039481382 0.0178684906 0 0 0
nt@synapse_cleft 3073 0.00774634373 0.0315491926 0.00882388118 0 0 0
nt@synapse_cleft 3082 0.0212745707 0.0221418829 0.0157865706 0 0 0
nt@synapse_cleft 3089 -0.010929469 -0.0115461565 0.00742205045 0 0 0
nt@synapse_cleft 3096 -0.0115298443 0.0277212181 0.00370645122 0 0 0
nt@synapse_cleft 3097 0.0490455122 0.0137422299 0.0130757676 0 0 0
nt@synapse_cleft 3099 -0.0240196252 0.00210951142 0.00594911941 0 0 0
nt@synapse_cleft 3111 -0.00628675962 -0.0168702392 0.000348116232 0 0 0
nt@synapse_cleft 3114 0.0296030367 0.0365080499 0.00283484981 0 0 0
nt@synapse_cleft 3132 -0.0161973067 -0.0021137006 0.00634000765 0 0 0
nt@synapse_cleft 3134 0.0118107598 0.0355438435 0.0176368496 0 0 0
nt@synapse_cleft 3150 0.0403572309 -0.0729343921 0.0046876332 0 0 0
nt@synapse_cleft 3155 -0.0117178872 0.0101312323 0.016124772 0 0 0
nt@synapse_cleft 3158 -0.00681246206 -0.0072959509 0.0162410675 0 0 0
nt@synapse_cleft 3159 -0.014914218 0.0138780585 0.0166956602 0 0 0
nt@synapse_cleft 3177 0.0379855146 -0.0336246567 0.0036758535 0 0 0
nt@synapse_cleft 3178 -0.0221149692 -0.0149219992 0.0111830693 0 0 0
nt@synapse_cleft 3179 0.0271795771 -0.00882663722 0.0190818157 0 0 0
nt@synapse_cleft 3181 0.0127872072 -0.00808306909 0.0136785425 0 0 0
nt@synapse_cleft 3183 0.00874782017 -0.0305297861 0.0196061609 0 0 0
nt@synapse_cleft 3184 0.0148047065 0.0211088542 0.00345435756 0 0 0
nt@synapse_cleft 3185 -0.00513863941 0.00192397858 0.00884096421 0 0 0
nt@synapse_cleft 3199 0.00386337102 0.0293836998 0.0183296518 0 0 0
nt@synapse_cleft 3202 0.0169927795 0.0403375324 0.0180544871 0 0 0
nt@synapse_cleft 3207 -0.0056005551 -3.88270711e-05 0.0049583628 0 0 0
nt@synapse_cleft 3220 0.007846659 0.026363713 0.0151536389 0 0 0
nt@synapse_cleft 3222 -0.0580763986 -0.0244525737 0.0043520358 0 0 0
nt@synapse_cleft 3227 0.0160308403 0.0116824809 0.00227109408 0 0 0
nt@synapse_cleft 3247 0.00810487835 -0.00268513215 0.0102070374 0 0 0
nt@synapse_cleft 3249 -0.018039287 -0.0120264348 0.011904031 0 0 0
nt@synapse_cleft 3275 0.00953271 -0.00856693415 0.00555832261 0 0 0
nt@synapse_cleft 3304 0.0272181934 0.0667595705 0.00934454236 0 0 0
nt@synapse_cleft 3308 -0.026772725 0.0459914367 0.00821579682 0 0 0
nt@synapse_cleft 3312 -0.000559631971 -0.0184152177 0.00986635874 0 0 0
nt@synapse_cleft 3313 -0.00872105856 -0.00367424546 0.00855590836 0 0 0
nt@synapse_cleft 3326 0.00839003204 -0.00943522315 0.00313684025 0 0 0
nt@synapse_cleft 3327 -0.0178421645 -0.0542434319 0.0188052002 0 0 0
nt@synapse_cleft 3334 0.00255225852 0.0102288897 0.00511356896 0 0 0
nt@synapse_cleft 3335 0.0445015937 0.009049057 0.0082904546 0 0 0
nt@synapse_cleft 3338 -0.00167053624 -0.0419521107 0.0120550038 0 0 0
nt@synapse_cleft 3341 0.0177039039 -0.00420786085 0.000413116374 0 0 0
nt@synapse_cleft 3342 0.012635083 -0.00971944961 0.0141616401 0 0 0
nt@synapse_cleft 3347 0.0276871949 -0.0441876513 0.0106663793 0 0 0
nt@synapse_cleft 3367 0.0107066156 0.012408432 0.00209986619 0 0 0
nt@synapse_cleft 3375 0.0494152088 0.0325519737 0.0178756449 0 0 0
nt@synapse_cleft 3378 0.0171695212 0.0323711263 0.00416900848 0 0 0
nt@synapse_cleft 3394 0.00118784945 -0.0270001315 0.0013411521 0 0 0
nt@synapse_cleft 3401 0.0486622364 -0.0021547927 0.00790347489 0 0 0
nt@synapse_cleft 3402 -0.00726829527 -0.00865167788 0.0035843117 0 0 0
nt@synapse_cleft 3404 0.0201089513 -0.0254413995 0.00274490171 0 0 0
nt@synapse_cleft 3407 0.00899308985 0.0655232032 0.0108567674 0 0 0
nt@synapse_cleft 3413 0.0203508791 0.0252383162 0.0132804131 0 0 0
nt@synapse_cleft 3419 -0.0232986635 0.0282340149 0.00259537328 0 0 0
nt@synapse_cleft 3429 0.0533855442 -0.012058306 0.0169542362 0 0 0
nt@synapse_cleft 3432 0.0526207502 -0.0638971346 0.00145284179 0 0 0
nt@synapse_cleft 3445 0.0309416766 0.0252157587 0.0167661063 0 0 0
nt@synapse_cleft 3451 0.011918724 0.0168476442 0.00710550269 0 0 0
nt@synapse_cleft 3455 -0.00414051138 -0.0201600897 0.0189197719 0 0 0
nt@synapse_cleft 3467 -0.0716574054 -0.00172164066 0.00913383105 0 0 0
nt@synapse_cleft 3472 -0.0260345917 0.0274026575 0.0189464614 0 0 0
nt@synapse_cleft 3474 0.0448819632 0.00111214714 0.0106202813 0 0 0
nt@synapse_cleft 3482 -0.0715635046 -0.036483473 0.0192108434 0 0 0
nt@synapse_cleft 3484 -0.00458286815 0.0211733712 0.0173369256 0 0 0
nt@synapse_cleft 3496 0.0160707859 -0.00353852397 0.0162035283 0 0 0
nt@synapse_cleft 3500 0.0167162488 -0.030361336 0.0144295186 0 0 0
nt@synapse_cleft 3507 -0.0269535879 -0.00801254967 0.0159424312 0 0 0
nt@synapse_cleft 3511 0.0138027024 -0.0326528245 0.00862295066 0 0 0
nt@synapse_cleft 3514 0.00368610624 0.00313887563 0.0107902595 0 0 0
nt@synapse_cleft 3526 0.0186012421 -0.0488149355 0.0113682792 0 0 0
nt@synapse_cleft 3535 0.00842454264 0.0120191352 0.00459706267 0 0 0
nt@synapse_cleft 3536 0.0120400172 0.00452604442 0.0133801841 0 0 0
nt@synapse_cleft 3538 -0.0273281184 0.0126077685 0.00106733337 0 0 0
nt@synapse_cleft 3542 -0.00087330603 0.0318248748 0.00243533431 0 0 0
nt@synapse_cleft 3543 -0.0322356146 -0.0116556663 0.00153467112 0 0 0
nt@synapse_cleft 3546 0.0128275809 0.0218525701 0.0073313953 0 0 0
nt@synapse_cleft 3561 -0.0186672468 -0.0105491266 0.00673026406 0 0 0
nt@synapse_cleft 3562 -0.0605678753 -0.0078928172 0.0120592426 0 0 0
nt@synapse_cleft 3563 0.00988330003 -0.00795883353 0.0184285169 0 0 0
nt@synapse_cleft 3565 0.0275267859 -0.0274859311 0.0126769013 0 0 0
nt@synapse_cleft 3566 -0.0113224818 0.0586239377 0.0174435742 0 0 0
nt@synapse_cleft 3568 0.019466301 -0.0358990031 0.0177215106 0 0 0
nt@synapse_cleft 3575 -0.0139230689 0.00651954785 0.000458698064 0 0 0
nt@synapse_cleft 3576 0.049524467 0.00587706245 0.0105801153 0 0 0
nt@synapse_cleft 3592 0.0202790517 0.0413353215 0.0199783611 0 0 0
nt@synapse_cleft 3602 -0.0304914486 -0.00795084007 0.018015657 0 0 0
nt@synapse_cleft 3603 -0.0279231631 0.0221229368 0.0173586896 0 0 0
nt@synapse_cleft 3606 -0.00779175697 0.00145907675 0.00795705064 0 0 0
nt@synapse_cleft 3610 -0.000455965302 0.00503872204 0.00922501244 0 0 0
nt@synapse_cleft 3611 0.00814130659 -0.000543391009 0.019355696 0 0 0
nt@synapse_cleft 3616 -0.0343199517 0.0287091352 0.0135201909 0 0 0
nt@synapse_cleft 3617 -0.00152351691 -0.0644236721 0.0176975007 0 0 0
nt@synapse_cleft 3620 0.0025370263 0.0263687572 0.0108823663 0 0 0
nt@synapse_cleft 3625 0.036476833 0.00310861512 0.0149026717 0 0 0
nt@synapse_cleft 3630 0.0247548484 0.0372444666 0.0169989602 0 0 0
nt@synapse_cleft 3635 -0.00605879134 0.0165409446 0.00482605821 0 0 0
nt@synapse_cleft 3636 -0.00385731979 -0.00165907459 0.013580716 0 0 0
nt@synapse_cleft 3645 -0.00611071486 -0.0204542633 0.00176154739 0 0 0
nt@synapse_cleft 3658 0.0218720121 -0.023871754 0.0189317937 0 0 0
nt@synapse_cleft 3661 0.029022802 0.01377683 0.018944651 0 0 0
nt@synapse_cleft 3664 0.0490156647 -0.042213938 0.00762747188 0 0 0
nt@synapse_cleft 3667 -0.0301354146 -0.00274865085 0.0140744713 0 0 0
nt@synapse_cleft 3681 0.0335399722 -0.0194155795 0.00831369941 0 0 0
nt@synapse_cleft 3689 -0.0137797235 -0.0252581867 0.0114964029 0 0 0
nt@synapse_cleft 3690 0.0338060942 -0.0142254857 0.0178574665 0 0 0
nt@synapse_cleft 3693 -0.0531327786 -0.0315882133 0.00826936394 0 0 0
nt@synapse_cleft 3706 0.0413714109 -0.0104740867 0.0195324962 0 0 0
nt@synapse_cleft 3707 -0.0580215896 -0.0158108723 0.0037650731 0 0 0
nt@synapse_cleft 3714 -0.0399771462 -0.0119206606 0.0178042937 0 0 0
nt@synapse_cleft 3728 -0.000845576552 0.0311424399 0.00532971146 0 0 0
nt@synapse_cleft 3730 0.0175237762 0.0136750116 0.00812506828 0 0 0
nt@synapse_cleft 3731 -0.0011677184 0.00351119573 0.00412606923 0 0 0
nt@synapse_cleft 3737 0.0105145503 0.0185083459 0.00379792636 0 0 0
nt@synapse_cleft 3738 -0.00978084079 0.0228149551 0.0176497094 0 0 0
nt@synapse_cleft 3739 0.0248676812 0.058236822 0.00339126538 0 0 0
nt@synapse_cleft 3745 0.00830903348 0.0280453731 0.0176650178 0 0 0
nt@synapse_cleft 3751 0.00141630128 0.00381337572 0.00698296101 0 0 0
nt@synapse_cleft 3758 -0.016661344 -0.0338572134 0.00737373883 0 0 0
nt@synapse_cleft 3759 -0.0173465593 -0.0215708332 0.0058616639 0 0 0
nt@synapse_cleft 3763 0.0353984063 0.0390711469 0.0110610586 0 0 0
nt@synapse_cleft 3768 0.0164871824 -0.0170260148 0.0152389212 0 0 0
nt@synapse_cleft 3771 0.0216941354 -0.0230638811 0.0186751001 0 0 0
nt@synapse_cleft 3775 0.0104969469 0.0110904136 0.0141398042 0 0 0
nt@synapse_cleft 3783 -0.0213626291 -0.0194564301 0.00143822367 0 0 0
nt@synapse_cleft 3788 -0.0101150285 -0.0143107213 0.0107709639 0 0 0
nt@synapse_cleft 3793 -0.0212149671 -0.0100083562 0.00432284689 0 0 0
nt@synapse_cleft 3800 0.0117564833 -0.00338264021 0.00439620465 0 0 0
nt@synapse_cleft 3802 0.0189119925 0.0170097983 0.00996289732 0 0 0
nt@synapse_cleft 3811 -0.0204677552 -0.0200626902 0.000904422967 0 0 0
nt@synapse_cleft 3827 -0.00172222816 0.0492633263 0.0128690827 0 0 0
nt@synapse_cleft 3831 0.00409545269 -0.0471682771 0.0173000399 0 0 0
nt@synapse_cleft 3834 0.0479506837 -0.0263258289 0.00983898383 0 0 0
nt@synapse_cleft 3835 0.00382869799 -0.0434014349 0.00589385516 0 0 0
nt@synapse_cleft 3841 0.0312519099 -0.0183328471 0.00237649033 0 0 0
nt@synapse_cleft 3844 0.00680447703 0.00216991534 0.00647218005 0 0 0
nt@synapse_cleft 3846 -0.0203264428 0.00777156031 0.0150180354 0 0 0
nt@synapse_cleft 3848 0.0360006823 0.0299541 0.0175465679 0 0 0
nt@synapse_cleft 3850 -0.0277785779 -0.000318589029 0.00961629767 0 0 0
nt@synapse_cleft 3859 0.0457487238 -0.00576472026 0.00349151326 0 0 0
nt@synapse_cleft 3879 0.0288870686 -0.0533504809 0.0132268235 0 0 0
nt@synapse_cleft 3886 0.0351172004 0.0390877684 0.00356808749 0 0 0
nt@synapse_cleft 3891 0.0118304428 -0.024866107 0.00441711142 0 0 0
nt@synapse_cleft 3902 -0.032502484 0.00924164039 0.0143681505 0 0 0
nt@synapse_cleft 3907 -0.0243914945 -0.0286983659 0.0149484881 0 0 0
nt@synapse_cleft 3909 0.0172432923 0.0354475511 0.00515461575 0 0 0
nt@synapse_cleft 3917 -0.00664800862 -0.0289286534 0.00747941064 0 0 0
nt@synapse_cleft 3918 -0.0117976848 -0.0131903618 0.0135848573 0 0 0
nt@synapse_cleft 3921 0.032036055 0.0552913194 0.0132657397 0 0 0
nt@synapse_cleft 3927 -0.0113221365 0.0431094749 0.00495058279 0 0 0
nt@synapse_cleft 3932 0.0223744492 -0.0134033231 0.0138202148 0 0 0
nt@synapse_cleft 3941 -0.0236404142 0.00467916489 0.000350666013 0 0 0
nt@synapse_cleft 3952 -0.0314818883 0.0174164733 0.0130611048 0 0 0
nt@synapse_cleft 3953 0.0237537775 -0.0294299645 0.00245397222 0 0 0
nt@synapse_cleft 3957 0.03191304 -0.0146453347 0.0160641428 0 0 0
nt@synapse_cleft 3958 0.015043803 0.0148352647 0.01071626 0 0 0
nt@synapse_cleft 3962 -0.0346199812 -0.00666815641 0.00558160848 0 0 0
nt@synapse_cleft 3963 0.0282473518 0.025487327 0.01362011 0 0 0
nt@synapse_cleft 3965 -0.0362228613 -0.00576493545 0.00934586757 0 0 0
nt@synapse_cleft 3967 0.0167401018 -0.0147597515 0.0073916707 0 0 0
nt@synapse_cleft 3968 0.0230789155 -0.0126783981 0.00499343135 0 0 0
nt@synapse_cleft 3973 0.00686203886 -0.015516742 0.0110763267 0 0 0
nt@synapse_cleft 3974 -0.0268054133 0.0536836252 0.00609090673 0 0 0
nt@synapse_cleft 3977 0.000794067908 0.0364740033 0.00657505874 0 0 0
nt@synapse_cleft 3978 0.0178909156 0.00799493815 0.0144912305 0 0 0
nt@synapse_cleft 3983 -0.0316403413 -0.0286534153 0.00580595407 0 0 0
nt@synapse_cleft 3988 -0.00353349221 -0.0367881336 0.0104255837 0 0 0
nt@synapse_cleft 3991 0.0835706489 -0.019473369 0.00512371557 0 0 0
nt@synapse_cleft 3993 -0.0474691701 -0.000279986687 0.0116164378 0 0 0
nt@synapse_cleft 3997 -0.0558003303 -0.00605651358 0.0147890919 0 0 0
nt@synapse_cleft 3999 -0.0481094062 -0.0149837608 0.0121853348 0 0 0
nt@synapse_cleft 4011 0.0151629404 0.0240467746 0.00313517326 0 0 0
nt@synapse_cleft 4018 0.0186054759 0.0164729454 0.016214396 0 0 0
nt@synapse_cleft 4027 0.00886617767 -0.0234303314 0.00166101237 0 0 0
nt@synapse_cleft 4028 -0.0240820462 0.0357657189 0.0195043994 0 0 0
nt@synapse_cleft 4037 -0.0129613046 0.0299427617 0.0146854191 0 0 0
nt@synapse_cleft 4040 0.0106338765 0.018219135 0.0175628112 0 0 0
nt@synapse_cleft 4049 0.0285731615 0.00650326742 0.0185168201 0 0 0
nt@synapse_cleft 4051 0.0120701828 0.00924880573 0.00895298157 0 0 0
nt@synapse_cleft 4064 0.00374741235 0.012913432 0.00857060846 0 0 0
nt@synapse_cleft 4070 -0.0148700702 0.00131953987 0.0191048966 0 0 0
nt@synapse_cleft 4071 -0.0176158038 -0.0458229914 0.0132128709 0 0 0
nt@synapse_cleft 4087 -0.018666924 0.0242433055 0.00484873728 0 0 0
nt@synapse_cleft 4094 0.0291796752 -0.0232663081 0.0105203136 0 0 0
nt@synapse_cleft 4095 0.0383178364 -0.0153744732 0.0192165551 0 0 0
nt@synapse_cleft 4103 -0.0159552405 -0.00183297176 0.0128648559 0 0 0
nt@synapse_cleft 4106 0.0224611006 0.0165182571 0.0180729009 0 0 0
nt@synapse_cleft 4111 0.0613341819 0.0183363851 0.0112602022 0 0 0
nt@synapse_cleft 4115 -0.00677613376 0.00702840084 0.0131602823 0 0 0
nt@synapse_cleft 4119 0.0161819095 -0.0298723079 0.012232574 0 0 0
nt@synapse_cleft 4123 -0.0091019424 0.0178275553 0.0186371495 0 0 0
nt@synapse_cleft 4126 0.0252751591 -0.021496044 0.00624677031 0 0 0
nt@synapse_cleft 4129 -0.0234006097 0.00863457442 0.00956139341 0 0 0
nt@synapse_cleft 4131 -0.0132906706 0.0299130364 0.0196890693 0 0 0
nt@synapse_cleft 4132 0.0300102867 0.0273794913 0.0133527908 0 0 0
nt@synapse_cleft 4135 0.0117263229 0.00126357854 0.00829053825 0 0 0
nt@synapse_cleft 4144 0.0323406748 -0.00234628504 0.00319892627 0 0 0
nt@synapse_cleft 4150 -0.0474814354 -0.0507381237 0.00745476192 0 0 0
nt@synapse_cleft 4155 0.0152461373 -0.0608056937 0.00664097785 0 0 0
nt@synapse_cleft 4156 0.0408614606 -0.00825988289 0.00212005373 0 0 0
nt@synapse_cleft 4162 0.0435779673 -0.0180617952 0.00397758701 0 0 0
nt@synapse_cleft 4163 0.00101893564 0.0475397656 0.00747867964 0 0 0
nt@synapse_cleft 4170 -0.0420487539 0.0126855483 0.0132981196 0 0 0
nt@synapse_cleft 4177 -0.0608446344 0.0663506586 0.00882813325 0 0 0
nt@synapse_cleft 4187 -0.0289062594 -0.0269414323 0.0086517348 0 0 0
nt@synapse_cleft 4193 0.00120082745 -0.0395637535 0.00191826791 0 0 0
nt@synapse_cleft 4214 -0.0450303025 -0.0103856351 0.018188197 0 0 0
nt@synapse_cleft 4215 0.0240047457 -0.0575819538 0.016058596 0 0 0
nt@synapse_cleft 4220 -0.00669502369 -0.0167980682 0.00769341269 0 0 0
nt@synapse_cleft 4228 0.0305274174 -0.00895650977 0.0179507219 0 0 0
nt@synapse_cleft 4230 -0.028468536 0.0455221323 0.000758310973 0 0 0
nt@synapse_cleft 4233 0.0245666346 0.0238708817 0.00709768052 0 0 0
nt@synapse_cleft 4237 0.00869254038 -0.0154020204 0.0198052039 0 0 0
nt@synapse_cleft 4241 -0.0529299137 0.0149837807 0.0124337924 0 0 0
nt@synapse_cleft 4242 0.0249522099 -0.0308669925 0.00711648618 0 0 0
nt@synapse_cleft 4252 0.0382189606 0.0035034715 0.0196134748 0 0 0
nt@synapse_cleft 4254 -0.0178057515 0.0374636876 0.00938096747 0 0 0
nt@synapse_cleft 4255 -0.0258932467 -0.0287482842 0.0190418769 0 0 0
nt@synapse_cleft 4279 0.0105031298 -0.0466492442 0.014934927 0 0 0
nt@synapse_cleft 4283 -0.0246965571 0.00523844812 0.00761445131 0 0 0
nt@synapse_cleft 4284 0.0654283767 -0.0271931518 0.0190695936 0 0 0
nt@synapse_cleft 4285 -0.0357186235 0.0569970768 0.00523001872 0 0 0
nt@synapse_cleft 4288 0.0203222297 -0.0156823543 0.0139103687 0 0 0
nt@synapse_cleft 4293 -0.0168677598 -0.0104874564 0.0062098951 0 0 0
nt@synapse_cleft 4297 0.0367891114 -0.02520464 0.00434001561 0 0 0
nt@synapse_cleft 4301 0.0157793011 -2.26366356e-05 0.0147206745 0 0 0
nt@synapse_cleft 4312 -0.0187133708 -0.0276679819 0.00139163888 0 0 0
nt@synapse_cleft 4317 -0.0140607285 0.0428446485 0.00750788106 0 0 0
nt@synapse_cleft 4326 0.0306495928 -0.0089239087 0.0175674905 0 0 0
nt@synapse_cleft 4330 -0.0241723094 0.00612888634 0.0143329628 0 0 0
nt@synapse_cleft 4334 0.0156469808 0.0152388863 0.00774657815 0 0 0
nt@synapse_cleft 4339 -0.000202153351 -0.0175278711 0.0120524653 0 0 0
nt@synapse_cleft 4343 -0.0273204437 -0.0532599992 0.0029548464 0 0 0
nt@synapse_cleft 4346 0.0108042196 0.000683078287 0.0199062712 0 0 0
nt@synapse_cleft 4351 0.037058762 0.0250150115 0.00929319895 0 0 0
nt@synapse_cleft 4360 0.0237693735 0.00864683724 0.00846713278 0 0 0
nt@synapse_cleft 4365 0.0126393789 0.0286793644 0.00639812169 0 0 0
nt@synapse_cleft 4374 -0.0122727042 -0.0159890599 0.0142860644 0 0 0
nt@synapse_cleft 4376 -0.0236580676 -0.00948452355 0.00360232047 0 0 0
nt@synapse_cleft 4381 -0.018726824 -0.033699802 0.012413144 0 0 0
nt@synapse_cleft 4386 -0.0120675731 -0.00994701063 0.00231348647 0 0 0
nt@synapse_cleft 4392 -0.00527376175 0.0121245256 0.0197624783 0 0 0
nt@synapse_cleft 4395 0.0180386767 -0.0337012951 0.0160265838 0 0 0
nt@synapse_cleft 4396 0.0067384603 -0.0623963165 0.000485436156 0 0 0
nt@synapse_cleft 4398 -0.01200433 0.0201256468 0.0173739425 0 0 0
nt@synapse_cleft 4399 0.0203098739 0.0493270916 0.0041979001 0 0 0
nt@synapse_cleft 4403 -0.0152821923 -0.0189283632 0.0124637414 0 0 0
nt@synapse_cleft 4405 -0.02473875 -0.0262076641 0.0130936259 0 0 0
nt@synapse_cleft 4414 -0.0032944278 -0.0318531372 0.0094865471 0 0 0
nt@synapse_cleft 4416 -0.0155849833 -0.00416595339 0.0101495549 0 0 0
nt@synapse_cleft 4423 0.0140800208 -0.00797530358 0.0131879094 0 0 0
nt@synapse_cleft 4424 -0.0317828375 -0.0111980456 0.00471284816 0 0 0
nt@synapse_cleft 4430 -0.000574024848 0.00357266931 0.0101265117 0 0 0
nt@synapse_cleft 4431 0.0218084408 -0.0296673693 0.00474464392 0 0 0
nt@synapse_cleft 4434 0.0250248717 -0.00788448556 0.00944931638 0 0 0
nt@synapse_cleft 4436 0.00702536253 0.0302521793 0.017612972 0 0 0
nt@synapse_cleft 4446 -0.0135073925 0.0329772906 0.016529358 0 0 0
nt@synapse_cleft 4449 0.0158825915 0.0589435998 0.0168018229 0 0 0
nt@synapse_cleft 4464 0.017747531 -0.0188036993 0.0165783395 0 0 0
nt@synapse_cleft 4470 -0.015288422 -0.0449875925 0.00848001988 0 0 0
nt@synapse_cleft 4473 -0.0112654343 -0.00165670868 0.00431356758 0 0 0
nt@synapse_cleft 4478 -0.0211396593 0.0288197165 0.012219143 0 0 0
nt@synapse_cleft 4480 0.0163955683 0.0471199206 0.0199896092 0 0 0
nt@synapse_cleft 4482 -0.0248306974 -0.0211704831 0.00868933609 0 0 0
nt@synapse_cleft 4485 0.0112469098 -0.00379199111 0.00640113915 0 0 0
nt@synapse_cleft 4488 0.0105973544 0.00148974767 0.013051562 0 0 0
nt@synapse_cleft 4489 0.00370433343 -0.014363371 0.00617314951 0 0 0
nt@synapse_cleft 4496 -0.0445247736 0.04249763 0.00149214153 0 0 0
nt@synapse_cleft 4499 -0.00402847978 0.0133154303 0.0108512146 0 0 0
nt@synapse_cleft 4501 0.00777412827 0.0138601226 0.0162501374 0 0 0
nt@synapse_cleft 4517 -0.037992586 0.0117931306 0.00233485348 0 0 0
nt@synapse_cleft 4527 0.0174869201 -0.00373817641 0.0158674219 0 0 0
nt@synapse_cleft 4538 -0.039486746 -0.0488569464 0.000143101145 0 0 0
nt@synapse_cleft 4542 0.00443146033 0.0373815753 0.000610509423 0 0 0
nt@synapse_cleft 4545 -0.033500231 0.0309516206 0.0156263112 0 0 0
nt@synapse_cleft 4551 -0.0126718883 0.0377483712 0.0130373988 0 0 0
nt@synapse_cleft 4553 -0.0319306273 -0.00767024334 0.0165508151 0 0 0
nt@synapse_cleft 4559 -0.0291550337 0.0360237735 0.0141939189 0 0 0
nt@synapse_cleft 4565 -0.0560982649 -0.0128646934 0.00471846889 0 0 0
nt@synapse_cleft 4572 0.0111038891 -0.0124640448 0.00567013481 0 0 0
nt@synapse_cleft 4574 0.0372876934 -0.0267579081 0.00676951769 0 0 0
nt@synapse_cleft 4576 -0.0363882066 -0.0375841226 0.00590472138 0 0 0
nt@synapse_cleft 4583 -0.00522468808 -0.00131152365 0.00492487759 0 0 0
nt@synapse_cleft 4587 0.0241180393 0.0129722517 0.0199262155 0 0 0
nt@synapse_cleft 4590 -0.0484216675 -0.0121788996 0.0190830593 0 0 0
nt@synapse_cleft 4593 -0.032174034 0.0410427793 0.00353945752 0 0 0
nt@synapse_cleft 4594 0.0122500365 0.013484711 0.00623160772 0 0 0
nt@synapse_cleft 4595 0.0241249932 -0.0355974804 3.15006144e-05 0 0 0
nt@synapse_cleft 4600 -0.0239999272 -0.00137934692 0.00379418952 0 0 0
nt@synapse_cleft 4613 0.0593379625 0.00474769037 0.0118834357 0 0 0
nt@synapse_cleft 4620 0.00679831089 -0.0111438552 0.0138051076 0 0 0
nt@synapse_cleft 4654 0.00815286984 -0.023496795 0.00287094587 0 0 0
nt@synapse_cleft 4659 -0.03676746 0.0318934732 0.0088950799 0 0 0
nt@synapse_cleft 4661 -0.00303507849 -0.0402196035 0.0184219005 0 0 0
nt@synapse_cleft 4666 0.0582668299 0.0344817167 0.0178237101 0 0 0
nt@synapse_cleft 4681 0.00319574377 -0.0176129564 0.00397403371 0 0 0
nt@synapse_cleft 4687 0.00634108529 0.0129506624 0.0139408701 0 0 0
nt@synapse_cleft 4700 -0.0291415669 0.0643914533 0.0198242404 0 0 0
nt@synapse_cleft 4701 0.0211312087 0.0149517209 0.0175503762 0 0 0
nt@synapse_cleft 4709 -0.00789784251 0.00740741616 0.00606821635 0 0 0
nt@synapse_cleft 4710 -0.0194591604 -0.0419910607 0.00269594085 0 0 0
nt@synapse_cleft 4718 0.0552303487 0.0175463169 0.0172478966 0 0 0
nt@synapse_cleft 4736 -0.00602920791 0.00908084335 0.00639137854 0 0 0
nt@synapse_cleft 4750 -0.00371137605 -0.0627159979 0.00169880975 0 0 0
nt@synapse_cleft 4753 -0.0231621341 0.00774165676 0.00543797418 0 0 0
nt@synapse_cleft 4754 -0.0101108291 0.0014146646 0.0082306873 0 0 0
nt@synapse_cleft 4756 -0.00898950722 -0.00140997179 0.00779062159 0 0 0
nt@synapse_cleft 4758 -0.034695884 0.0107114239 0.0172093799 0 0 0
nt@synapse_cleft 4764 0.0152252668 -0.011066552 0.00296878482 0 0 0
nt@synapse_cleft 4779 0.0278431317 -0.0304996841 0.0175385418 0 0 0
nt@synapse_cleft 4784 0.0207029148 0.00674065899 0.0153342368 0 0 0
nt@synapse_cleft 4786 -0.0209614096 0.0149597444 0.0138960864 0 0 0
nt@synapse_cleft 4791 0.0432688386 -0.00995142021 0.0147068713 0 0 0
nt@synapse_cleft 4793 -0.0376185909 0.00263574193 0.0145620103 0 0 0
nt@synapse_cleft 4800 0.0177255377 -0.0040035912 0.00961460291 0 0 0
nt@synapse_cleft 4801 -0.00972058369 0.00970717798 0.0191088196 0 0 0
nt@synapse_cleft 4814 -0.0267917386 0.0161575629 0.00297448609 0 0 0
nt@synapse_cleft 4816 -0.0380255852 -0.017677323 0.0140050223 0 0 0
nt@synapse_cleft 4822 -0.0199010336 -0.0216429264 0.0152598053 0 0 0
nt@synapse_cleft 4823 -0.004042602 0.0214210455 0.0182817977 0 0 0
nt@synapse_cleft 4829 0.0243451277 -0.0684211318 0.00030287918 0 0 0
nt@synapse_cleft 4830 -0.0279452392 0.0153307746 0.0178223841 0 0 0
nt@synapse_cleft 4833 -0.00332338331 -0.0205756157 0.00520994002 0 0 0
nt@synapse_cleft 4839 -0.00180511511 -0.00195479686 0.00480897256 0 0 0
nt@synapse_cleft 4844 0.0648014033 -0.0173256368 0.00564354569 0 0 0
nt@synapse_cleft 4852 -0.0237506383 -0.0241518409 0.00683471913 0 0 0
nt@synapse_cleft 4855 0.0306310811 0.0212669418 0.0191666012 0 0 0
nt@synapse_cleft 4871 0.0174653603 0.0122225837 0.00332973858 0 0 0
nt@synapse_cleft 4880 -0.00677632117 -0.0237480432 0.0103021459 0 0 0
nt@synapse_cleft 4883 -0.0474843195 -0.0072312302 0.0105677862 0 0 0
nt@synapse_cleft 4892 -0.0269819841 0.0265246348 0.0121385171 0 0 0
nt@synapse_cleft 4896 -0.0233443334 -0.0337444746 0.0115713234 0 0 0
nt@synapse_cleft 4897 0.0244238309 -0.0142815939 0.0126959366 0 0 0
nt@synapse_cleft 4901 0.0244634024 0.00965317084 0.0112718841 0 0 0
nt@synapse_cleft 4905 -0.0269954086 -0.000845241938 0.00726164425 0 0 0
nt@synapse_cleft 4906 -0.00971155417 -0.0367054846 0.000160561571 0 0 0
nt@synapse_cleft 4918 -0.0132568172 0.0336095199 0.0187565766 0 0 0
nt@synapse_cleft 4919 -0.015462537 0.00153069329 0.0123552601 0 0 0
nt@synapse_cleft 4925 0.00154436992 0.00427444161 0.00868460373 0 0 0
nt@synapse_cleft 4937 -0.0614135556 0.00896777234 0.0118120103 0 0 0
nt@synapse_cleft 4946 -0.0181044855 0.00815425374 0.00165754754 0 0 0
nt@synapse_cleft 4956 0.0284416139 -0.00527001989 0.0184131551 0 0 0
nt@synapse_cleft 4967 -0.0148162326 0.0170964473 0.0179544104 0 0 0
nt@synapse_cleft 4972 0.0269822398 -0.0293714898 0.010226465 0 0 0
nt@synapse_cleft 4973 -0.0106789399 0.0429898733 0.0184968056 0 0 0
nt@synapse_cleft 4979 0.00255692982 -0.00183036544 0.00336640313 0 0 0
nt@synapse_cleft 4981 0.00826114127 -0.0491426402 0.00553880767 0 0 0
nt@synapse_cleft 4982 0.00527245295 0.0155490609 0.0106535066 0 0 0
nt@synapse_cleft 4983 -0.0341500105 0.0108638121 0.00362707432 0 0 0
nt@synapse_cleft 4991 0.00159267086 -0.00689051041 0.00757710095 0 0 0
nt@synapse_cleft 5004 -0.0189531299 -0.00394740912 0.00298064906 0 0 0
nt@synapse_cleft 5006 0.00448354907 -0.00852408479 0.00797101999 0 0 0
nt@synapse_cleft 5009 -0.0373960076 0.0109194439 0.000183729855 0 0 0
nt@synapse_cleft 5011 -0.02210487 -0.0247927044 0.00946312392 0 0 0
nt@synapse_cleft 5015 -0.0238377331 -0.0180650238 0.0146071691 0 0 0
nt@synapse_cleft 5024 0.000314537906 -0.00896183892 0.0146200765 0 0 0
nt@synapse_cleft 5044 -0.0417147491 0.0161484432 0.00884109436 0 0 0
nt@synapse_cleft 5045 0.0470017454 0.0362763532 0.00724326547 0 0 0
nt@synapse_cleft 5046 -0.000630385775 -0.0145898497 0.000701402273 0 0 0
nt@synapse_cleft 5052 0.00983750414 -0.0129217606 0.00572354152 0 0 0
nt@synapse_cleft 5055 -0.00598452635 0.0206160079 0.0160520464 0 0 0
nt@synapse_cleft 5059 -0.0334215421 0.0160936113 0.0150511698 0 0 0
nt@synapse_cleft 5061 0.018693866 -0.031369955 0.000369797328 0 0 0
nt@synapse_cleft 5063 -0.0239208844 0.0371406625 0.0154063233 0 0 0
nt@synapse_cleft 5081 0.0157327666 -0.00425696335 0.00593170341 0 0 0
nt@synapse_cleft 5082 0.00395191122 0.0502105221 0.00236507961 0 0 0
nt@synapse_cleft 5086 0.0171766246 0.0403711804 0.00567605184 0 0 0
nt@synapse_cleft 5106 0.00540440227 -0.0134164078 0.00840726844 0 0 0
nt@synapse_cleft 5133 -0.0242202377 0.0189826263 0.0173844909 0 0 0
nt@synapse_cleft 5145 0.0241743529 0.0364397613 0.0146080568 0 0 0
nt@synapse_cleft 5154 0.00300740915 0.011622865 0.0165751321 0 0 0
nt@synapse_cleft 5159 -0.0422247079 -0.00960651881 0.00442041299 0 0 0
nt@synapse_cleft 5164 0.0198565887 0.000139430812 0.00424843312 0 0 0
nt@synapse_cleft 5173 -0.0288159381 0.000638183638 0.0101450708 0 0 0
nt@synapse_cleft 5176 -0.0332597198 0.0628323286 0.0152986657 0 0 0
nt@synapse_cleft 5179 0.0216418018 0.00106873769 0.0067857522 0 0 0
nt@synapse_cleft 5182 0.0538276393 0.0128440074 0.00306906788 0 0 0
nt@synapse_cleft 5183 0.0494776701 -0.00310849665 0.0169879485 0 0 0
nt@synapse_cleft 5196 0.00437839736 0.00917912943 0.011890177 0 0 0
nt@synapse_cleft 5198 0.0011551059 -0.00706028217 0.0163916364 0 0 0
