nt@synapse_cleft 0 0.00635147754 -0.0077581752 0.0176684758 0 0 0
nt@synapse_cleft 2 -0.0355145309 0.0115047691 0.000477585558 0 0 0
nt@synapse_cleft 7 -0.000654450791 -0.00284060911 0.0193462025 0 0 0
nt@synapse_cleft 9 -0.00056075786 -0.0203290637 0.00379553098 0 0 0
nt@synapse_cleft 12 -0.00159879796 0.0269532767 0.0135467483 0 0 0
nt@synapse_cleft 15 -0.0160282514 0.0134334832 0.00169490239 0 0 0
nt@synapse_cleft 17 0.0036766706 0.00300779385 0.00879046466 0 0 0
nt@synapse_cleft 23 0.00290161149 -0.0570516587 0.00581509815 0 0 0
nt@synapse_cleft 26 -0.0229049244 0.00318391828 0.015040605 0 0 0
nt@synapse_cleft 30 0.0161580372 -0.0309741038 0.00570664333 0 0 0
nt@synapse_cleft 35 -0.0158716294 0.00596276468 0.014682614 0 0 0
nt@synapse_cleft 42 0.0102793272 0.00463441886 0.018857923 0 0 0
nt@synapse_cleft 45 -0.00415685562 0.0128390088 0.0149985317 0 0 0
nt@synapse_cleft 54 -0.000212900706 0.0252626079 0.00847468776 0 0 0
nt@synapse_cleft 56 -0.0195028499 -0.0184147719 0.0147930587 0 0 0
nt@synapse_cleft 59 0.0236088171 0.0208277838 0.014496055 0 0 0
nt@synapse_cleft 69 0.00880068695 -0.0126793441 0.000922012387 0 0 0
nt@synapse_cleft 72 -0.0155308098 0.0209768927 0.013866223 0 0 0
nt@synapse_cleft 81 0.0202435163 -0.0326963373 0.00539238376 0 0 0
nt@synapse_cleft 87 -0.0289365282 -0.010828341 0.0152156587 0 0 0
nt@synapse_cleft 89 0.0217025471 0.00270099368 0.00268467946 0 0 0
nt@synapse_cleft 100 -0.0168299124 -0.0157498798 0.0163865256 0 0 0
nt@synapse_cleft 102 -0.0285554117 0.0165582114 0.00230525567 0 0 0
nt@synapse_cleft 103 0.0176081194 -0.0253894703 0.00402420726 0 0 0
nt@synapse_cleft 111 -0.0394701091 0.0269011864 0.0179149281 0 0 0
nt@synapse_cleft 114 0.0405674209 -0.028973721 0.0118114624 0 0 0
nt@synapse_cleft 115 -0.00572828924 -0.0498863366 0.00421694958 0 0 0
nt@synapse_cleft 116 -0.0141235103 -0.027034547 0.0187061689 0 0 0
nt@synapse_cleft 118 0.0152921943 -0.0056243447 0.0196457455 0 0 0
nt@synapse_cleft 127 -0.018279773 -0.00981822822 0.018725525 0 0 0
nt@synapse_cleft 131 0.00963543594 -0.0443946604 0.00668235345 0 0 0
nt@synapse_cleft 135 -0.0218846783 -0.0135900254 0.0182899328 0 0 0
nt@synapse_cleft 137 -0.0497456848 -0.028648478 0.011229102 0 0 0
nt@synapse_cleft 143 0.00123796971 -0.0486342698 0.0170715651 0 0 0
nt@synapse_cleft 148 0.00699440243 0.0533445276 0.00451573208 0 0 0
nt@synapse_cleft 150 -0.019402126 0.0148388277 0.00266907748 0 0 0
nt@synapse_cleft 156 -0.0260981154 0.00110759139 0.0165975589 0 0 0
nt@synapse_cleft 157 -0.0372724135 0.0180116154 0.0077531367 0 0 0
nt@synapse_cleft 160 0.0128346584 0.0035069383 0.016355765 0 0 0
nt@synapse_cleft 162 0.000739282297 -0.0161583468 0.00813910463 0 0 0
nt@synapse_cleft 167 -0.00352467983 -0.0328428293 0.0159901348 0 0 0
nt@synapse_cleft 168 -0.0208805816 -0.0191733502 0.0119443966 0 0 0
nt@synapse_cleft 170 -0.0169422073 0.0247009443 0.00109145946 0 0 0
nt@synapse_cleft 186 -0.0205275148 -0.0170479128 0.0191766704 0 0 0
nt@synapse_cleft 188 -0.0157975065 -0.00776876817 0.00775492387 0 0 0
nt@synapse_cleft 192 -0.0196132015 0.0275648247 0.0122322859 0 0 0
nt@synapse_cleft 194 -0.00158060286 -0.0184039205 0.0137105786 0 0 0
nt@synapse_cleft 195 0.0178432275 0.0333383697 0.00638603456 0 0 0
nt@synapse_cleft 197 0.00411481331 0.000305643159 0.010885582 0 0 0
nt@synapse_cleft 199 0.0379225168 0.0253842115 0.0129717251 0 0 0
nt@synapse_cleft 203 0.0108749963 -0.00691675597 0.00200488436 0 0 0
nt@synapse_cleft 206 -0.000772252383 -0.0179034608 0.0175613901 0 0 0
nt@synapse_cleft 210 -0.0275536265 0.0104915763 0.00642746013 0 0 0
nt@synapse_cleft 219 0.0235960139 0.0494711511 0.00793487024 0 0 0
nt@synapse_cleft 224 -0.0122412813 0.0448995235 0.00709630487 0 0 0
nt@synapse_cleft 227 -0.0216667943 0.0324404855 0.0149199674 0 0 0
nt@synapse_cleft 231 0.00437549508 0.0316607371 0.0191437209 0 0 0
nt@synapse_cleft 235 0.0213753083 -0.0363562834 0.00548460713 0 0 0
nt@synapse_cleft 244 -0.030663285 0.00200774196 0.00589732668 0 0 0
nt@synapse_cleft 246 -0.027461036 0.0203516633 0.0197716199 0 0 0
nt@synapse_cleft 248 0.0155811399 -0.0208043394 0.0170997127 0 0 0
nt@synapse_cleft 256 -0.0440438342 -0.00600287328 0.00441159266 0 0 0
nt@synapse_cleft 263 0.0428219396 0.0212509386 0.016212683 0 0 0
nt@synapse_cleft 268 -0.0110931758 -0.00965839784 0.017209827 0 0 0
nt@synapse_cleft 269 -0.0184980257 -0.00581234261 0.0128985938 0 0 0
nt@synapse_cleft 272 0.00730034231 -0.0365916744 0.0187071455 0 0 0
nt@synapse_cleft 284 -0.0243385313 0.0807481368 0.00646813814 0 0 0
nt@synapse_cleft 289 -0.0383266612 0.0550202331 0.00476688111 0 0 0
nt@synapse_cleft 293 0.0255750863 -0.00638935996 0.017772074 0 0 0
nt@synapse_cleft 297 -0.0172333427 -0.010929261 0.0172316091 0 0 0
nt@synapse_cleft 304 -0.0143967396 0.0113481146 0.0198624445 0 0 0
nt@synapse_cleft 306 0.0181044897 -0.02183015 0.00687960646 0 0 0
nt@synapse_cleft 307 0.0183402618 0.00915908321 0.0129008342 0 0 0
nt@synapse_cleft 308 0.0204768493 0.0270126638 0.0190293928 0 0 0
nt@synapse_cleft 310 0.0266612239 -0.0164123212 0.00793818423 0 0 0
nt@synapse_cleft 315 -0.00332845571 0.0175829999 0.0111773851 0 0 0
nt@synapse_cleft 318 -0.0267999097 0.0114739924 0.0163881064 0 0 0
nt@synapse_cleft 319 0.0567043119 0.0045523419 0.0164084803 0 0 0
nt@synapse_cleft 321 0.0456662526 0.0223356706 0.00507758324 0 0 0
nt@synapse_cleft 325 -0.0654958612 0.0584513351 0.00360611659 0 0 0
nt@synapse_cleft 331 0.0372612878 -0.0184735464 0.0130858245 0 0 0
nt@synapse_cleft 334 0.0189017967 -0.00949284337 0.01260667 0 0 0
nt@synapse_cleft 335 0.0208243212 0.017094858 0.0075448193 0 0 0
nt@synapse_cleft 339 -0.0360961002 -0.0312984806 0.00158785382 0 0 0
nt@synapse_cleft 347 0.00923857613 -0.0126285279 0.00981398414 0 0 0
nt@synapse_cleft 348 0.00592952204 -0.00651929379 0.00451953758 0 0 0
nt@synapse_cleft 350 0.0189644618 0.0042470396 0.00132272199 0 0 0
nt@synapse_cleft 352 -0.00912214917 0.00180901522 0.00735793497 0 0 0
nt@synapse_cleft 356 -0.0330235367 0.0261621645 0.0134300183 0 0 0
nt@synapse_cleft 359 0.00700005597 0.0457914859 0.00313007277 0 0 0
nt@synapse_cleft 360 0.00551797503 0.0322788946 0.0152227721 0 0 0
nt@synapse_cleft 361 -0.0231895534 0.0109870487 0.0180780559 0 0 0
nt@synapse_cleft 364 -0.0120827374 -0.031645694 0.0171612643 0 0 0
nt@synapse_cleft 371 -0.0209523848 0.0373489554 0.00346092878 0 0 0
nt@synapse_cleft 372 -0.00583068395 0.00980009569 0.016959108 0 0 0
nt@synapse_cleft 376 0.00315260189 0.00223970347 0.0135003544 0 0 0
nt@synapse_cleft 381 -0.014743871 -0.0145988689 0.00701177279 0 0 0
nt@synapse_cleft 383 -0.00582804537 0.0254874058 0.00858173231 0 0 0
nt@synapse_cleft 385 0.0155721975 0.0151349621 0.00923994362 0 0 0
nt@synapse_cleft 388 -0.0107737544 0.00950135928 0.0173646133 0 0 0
nt@synapse_cleft 391 0.0310066826 -0.032594877 0.00924106196 0 0 0
nt@synapse_cleft 392 0.00148122549 0.00162159161 0.0176671051 0 0 0
nt@synapse_cleft 395 0.00237316244 -0.033502811 0.0145149072 0 0 0
nt@synapse_cleft 397 0.0125825398 0.020796875 0.0159182982 0 0 0
nt@synapse_cleft 399 -0.0148254218 0.00851571483 0.00231293686 0 0 0
nt@synapse_cleft 402 0.00234849066 0.0518473369 0.00480804954 0 0 0
nt@synapse_cleft 406 -0.0190449274 -0.0255719003 0.00817185466 0 0 0
nt@synapse_cleft 415 0.000961920522 -0.00603985744 0.00318190845 0 0 0
nt@synapse_cleft 421 -0.037641064 0.0308974296 0.0144656879 0 0 0
nt@synapse_cleft 426 0.0301448469 -0.0179776479 0.00872290868 0 0 0
nt@synapse_cleft 429 -0.0150626881 0.0348361837 0.0158066618 0 0 0
nt@synapse_cleft 430 -0.023163484 -0.0381873978 0.00893439434 0 0 0
nt@synapse_cleft 440 0.0287987261 0.00229986275 0.00873349381 0 0 0
nt@synapse_cleft 444 0.00619661151 0.0278959894 0.0174805128 0 0 0
nt@synapse_cleft 449 0.0134881983 -0.0106312474 0.00581880594 0 0 0
nt@synapse_cleft 452 0.0225640474 0.0267059054 0.010977838 0 0 0
nt@synapse_cleft 453 0.00517973613 0.00130784178 0.0198835452 0 0 0
nt@synapse_cleft 455 0.0126462779 -0.0286938673 0.0148582864 0 0 0
nt@synapse_cleft 461 -0.0242327727 -0.00521410973 0.00715223822 0 0 0
nt@synapse_cleft 477 0.00885245154 0.00101467708 0.0121974412 0 0 0
nt@synapse_cleft 479 -0.0152396606 0.00901017357 0.0130762631 0 0 0
nt@synapse_cleft 480 -0.066518877 0.0288093961 0.00509060236 0 0 0
nt@synapse_cleft 482 -0.0146475184 0.00210135939 0.000551394602 0 0 0
nt@synapse_cleft 483 -0.00518338828 -0.0273861674 0.0149282418 0 0 0
nt@synapse_cleft 484 -0.00655842716 -0.0291705348 0.00944090334 0 0 0
nt@synapse_cleft 499 0.0218414395 0.0141921582 0.0130862409 0 0 0
nt@synapse_cleft 500 0.00438213231 -0.0257338633 0.00370390492 0 0 0
nt@synapse_cleft 501 0.008609626 0.0211694964 0.0134717851 0 0 0
nt@synapse_cleft 503 0.0109802006 -0.0180977882 0.0147972472 0 0 0
nt@synapse_cleft 504 0.00222170446 0.0351602278 0.008419714 0 0 0
nt@synapse_cleft 509 0.00462535682 0.0333950286 0.0100523665 0 0 0
nt@synapse_cleft 510 0.0173718589 0.00755790004 0.011014703 0 0 0
nt@synapse_cleft 514 -0.0198355213 -0.000686302117 0.00639484019 0 0 0
nt@synapse_cleft 522 -0.0361854356 -0.000458601037 0.0114792637 0 0 0
nt@synapse_cleft 524 -0.00714225035 0.0166785573 0.00764919096 0 0 0
nt@synapse_cleft 530 0.0246059096 0.000636211071 0.0109143475 0 0 0
nt@synapse_cleft 536 -0.0209673058 -0.0412143668 0.00544080127 0 0 0
nt@synapse_cleft 544 0.0203566762 0.00726959164 0.00731914266 0 0 0
nt@synapse_cleft 546 -0.0408822061 0.0194010534 0.00910716453 0 0 0
nt@synapse_cleft 548 -0.0138022522 0.0243003991 0.0182320411 0 0 0
nt@synapse_cleft 549 0.041513238 -0.0453674711 0.00263674795 0 0 0
nt@synapse_cleft 551 0.0146253851 -0.0165663141 0.00469573745 0 0 0
nt@synapse_cleft 552 0.014386404 -0.00436024499 0.00911165606 0 0 0
nt@synapse_cleft 557 -0.0175263913 0.00473934699 0.0180557072 0 0 0
nt@synapse_cleft 558 -0.0172125339 -0.0209395659 0.00482900639 0 0 0
nt@synapse_cleft 563 -0.013300995 -0.0438362266 0.0156953821 0 0 0
nt@synapse_cleft 568 0.00432515813 0.00374089218 0.00856547564 0 0 0
nt@synapse_cleft 571 0.00372781991 0.000330475562 0.0115340452 0 0 0
nt@synapse_cleft 572 -0.0274178463 0.0155267158 0.00737360266 0 0 0
nt@synapse_cleft 574 -0.00587904245 0.000147141227 0.0116680521 0 0 0
nt@synapse_cleft 575 0.00414740481 -0.0107552314 0.0122873287 0 0 0
nt@synapse_cleft 581 0.0026983902 -0.000749200391 0.00754737356 0 0 0
nt@synapse_cleft 583 0.0133856917 0.0352029931 0.00797107987 0 0 0
nt@synapse_cleft 586 0.0051113659 0.00894862836 0.0134261026 0 0 0
nt@synapse_cleft 587 -0.0147168942 -0.0117355795 0.00441595507 0 0 0
nt@synapse_cleft 591 -0.0131323739 0.0370748889 0.0134863806 0 0 0
nt@synapse_cleft 593 -0.00015783374 0.0293551231 0.013630708 0 0 0
nt@synapse_cleft 594 0.0286092945 0.0307578734 0.00769523858 0 0 0
nt@synapse_cleft 595 -0.000556674775 -0.0359452403 0.016063797 0 0 0
nt@synapse_cleft 596 -0.0237448014 0.0167696296 0.0186627999 0 0 0
nt@synapse_cleft 598 -0.00865139347 0.0134658714 0.0170149478 0 0 0
nt@synapse_cleft 611 -0.0209075266 0.00452659225 0.0124011473 0 0 0
nt@synapse_cleft 615 0.0362260924 -0.0329331568 0.00493703122 0 0 0
nt@synapse_cleft 616 0.00047846448 -0.0153121212 0.00942967923 0 0 0
nt@synapse_cleft 618 -0.00992945234 -0.0303135916 0.010552044 0 0 0
nt@synapse_cleft 620 -0.0115617964 -0.00548726397 0.00775095605 0 0 0
nt@synapse_cleft 624 0.0178683955 -0.00747456925 0.0123411484 0 0 0
nt@synapse_cleft 627 0.00182189195 -0.019449868 0.0170115569 0 0 0
nt@synapse_cleft 629 0.0147957584 -0.0008940022 0.00461565656 0 0 0
nt@synapse_cleft 630 0.0080928036 0.00062066536 0.0152613713 0 0 0
nt@synapse_cleft 633 -0.00706000205 0.0339448161 0.00426827655 0 0 0
nt@synapse_cleft 634 0.00963029597 -0.0147600046 0.0194537243 0 0 0
nt@synapse_cleft 639 -0.0190486924 -0.0501142452 0.001446267 0 0 0
nt@synapse_cleft 645 -0.008340335 -0.00292087748 0.0040237881 0 0 0
nt@synapse_cleft 647 0.016070207 0.0306333962 0.00522637949 0 0 0
nt@synapse_cleft 660 -0.00943973089 -0.0241189564 0.0070341023 0 0 0
nt@synapse_cleft 661 -0.0399494014 -0.00223522408 0.00471103833 0 0 0
nt@synapse_cleft 662 -0.00851079955 -0.000315135922 0.000255895947 0 0 0
nt@synapse_cleft 664 -0.013827601 0.00336540089 0.012191235 0 0 0
nt@synapse_cleft 674 -0.016057642 0.00619667883 0.000863950846 0 0 0
nt@synapse_cleft 675 -0.000164028626 0.0106486567 0.0140056602 0 0 0
nt@synapse_cleft 678 0.0204655952 -0.000913194917 0.00719795017 0 0 0
nt@synapse_cleft 679 -0.0145594859 -0.0147554287 0.00191341046 0 0 0
nt@synapse_cleft 681 -0.00918070262 -0.0228313645 0.0194874866 0 0 0
nt@synapse_cleft 684 -0.010809971 -0.00820086514 0.00707263496 0 0 0
nt@synapse_cleft 689 0.0175458209 -0.00156231286 0.00903646825 0 0 0
nt@synapse_cleft 691 0.0210114885 -0.00811350596 0.00140610527 0 0 0
nt@synapse_cleft 693 0.0203253522 0.0302084866 0.0165903607 0 0 0
nt@synapse_cleft 695 -0.017290187 0.0279293647 0.0151472267 0 0 0
nt@synapse_cleft 698 0.0136657564 0.00997041707 0.00675128041 0 0 0
nt@synapse_cleft 699 -0.0109559987 -0.0609347728 0.00854025184 0 0 0
nt@synapse_cleft 704 -0.00111438217 0.0152036981 0.00451585876 0 0 0
nt@synapse_cleft 710 0.0303387886 -0.00583341875 0.00592916272 0 0 0
nt@synapse_cleft 712 -0.0192972354 -0.0134484152 0.0106248772 0 0 0
nt@synapse_cleft 715 0.0112715585 0.0224525438 0.0168586665 0 0 0
nt@synapse_cleft 720 0.042597023 -0.0330487751 0.00144896246 0 0 0
nt@synapse_cleft 721 0.0106806687 0.00294775844 0.00621428554 0 0 0
nt@synapse_cleft 726 -0.0272864377 -0.00154634167 0.00783789977 0 0 0
nt@synapse_cleft 727 -0.00553996351 0.0223598628 0.0164092987 0 0 0
nt@synapse_cleft 728 -0.0101459872 0.00639689361 0.00279165649 0 0 0
nt@synapse_cleft 732 0.0354508908 0.0473402403 0.00619377793 0 0 0
nt@synapse_cleft 735 -0.0433939971 0.00379099106 0.00539163725 0 0 0
nt@synapse_cleft 737 0.0407646058 0.000771531642 0.0122441785 0 0 0
nt@synapse_cleft 741 0.00465536438 0.00210346519 0.00660370705 0 0 0
nt@synapse_cleft 744 -0.011119426 0.0260429908 0.00188993276 0 0 0
nt@synapse_cleft 746 -0.0116660605 0.00503985565 0.0144443049 0 0 0
nt@synapse_cleft 750 0.0181592827 -0.0053381924 0.0189466059 0 0 0
nt@synapse_cleft 754 -0.00937444166 -0.0199239462 0.0168922541 0 0 0
nt@synapse_cleft 755 0.0222182023 0.0123924347 0.0017783728 0 0 0
nt@synapse_cleft 760 -0.00205201667 -0.0582621848 0.00785621545 0 0 0
nt@synapse_cleft 762 0.0134679892 -0.0205713505 0.00190729997 0 0 0
nt@synapse_cleft 765 -0.0248822899 0.0165940191 0.0131974398 0 0 0
nt@synapse_cleft 768 -0.021423756 -0.0151605554 0.0193458345 0 0 0
nt@synapse_cleft 769 0.00965446361 0.038623029 0.0107503531 0 0 0
nt@synapse_cleft 774 0.00200550622 0.0281821117 0.0143341017 0 0 0
nt@synapse_cleft 777 0.0416355328 -0.0354362555 0.00865068307 0 0 0
nt@synapse_cleft 779 -0.0178033195 0.0109542651 0.0170495658 0 0 0
nt@synapse_cleft 784 0.0128448509 0.0103065972 0.0169168564 0 0 0
nt@synapse_cleft 797 -0.0129923901 0.0327336726 0.00797572224 0 0 0
nt@synapse_cleft 803 -0.02708027 -0.043910539 0.0161408985 0 0 0
nt@synapse_cleft 804 0.0069441611 0.0179017694 0.000126631952 0 0 0
nt@synapse_cleft 814 0.0255765487 0.0179507754 0.00293001117 0 0 0
nt@synapse_cleft 816 -0.000315607007 -0.0243586574 0.000646960594 0 0 0
nt@synapse_cleft 817 -0.00262277277 -0.0109683976 0.00641579555 0 0 0
nt@synapse_cleft 828 0.00744854538 -0.0321377934 0.0174317996 0 0 0
nt@synapse_cleft 831 -0.00603977603 -0.0190005547 0.00976494215 0 0 0
nt@synapse_cleft 833 -0.022843306 -0.0016144294 0.0133355261 0 0 0
nt@synapse_cleft 837 -0.0112742608 -0.0208257592 0.0198842413 0 0 0
nt@synapse_cleft 844 -0.00683315449 -0.00250101125 0.00744218212 0 0 0
nt@synapse_cleft 847 0.0209693778 -0.000414822882 0.0044762303 0 0 0
nt@synapse_cleft 850 -0.013815728 0.0243549763 0.0137086723 0 0 0
nt@synapse_cleft 854 -0.00037752651 0.0326163697 0.0030951076 0 0 0
nt@synapse_cleft 866 0.000450399763 -0.0197484382 0.0177628474 0 0 0
nt@synapse_cleft 871 -0.0151180237 0.00992209489 0.0158645622 0 0 0
nt@synapse_cleft 872 0.018984777 -0.0200130741 0.00744878686 0 0 0
nt@synapse_cleft 875 -0.0172614423 -0.0204032324 0.0124114596 0 0 0
nt@synapse_cleft 877 -0.0443669878 0.0112437319 0.00976890684 0 0 0
nt@synapse_cleft 881 -0.0211879577 0.0152738248 0.00819536049 0 0 0
nt@synapse_cleft 884 0.00407213644 0.0174024933 0.0179404822 0 0 0
nt@synapse_cleft 900 0.0167483841 -0.0125253207 0.0141986593 0 0 0
nt@synapse_cleft 904 -0.0280465039 -0.000788223641 0.00284823281 0 0 0
nt@synapse_cleft 906 -0.0326294916 0.0101372638 0.0131104754 0 0 0
nt@synapse_cleft 908 -0.0340424365 -0.00202137243 0.00986593142 0 0 0
nt@synapse_cleft 909 0.0106974866 0.00463993971 0.0185679738 0 0 0
nt@synapse_cleft 913 -0.0162854169 -0.0123094596 0.00740017118 0 0 0
nt@synapse_cleft 918 0.0522204877 -0.00923544759 0.0192754122 0 0 0
nt@synapse_cleft 920 0.0122293365 -0.0129230226 0.0166225285 0 0 0
nt@synapse_cleft 924 -0.0320271006 0.0182567333 0.0128580003 0 0 0
nt@synapse_cleft 925 -0.0318087363 0.0536546647 0.0185513512 0 0 0
nt@synapse_cleft 926 -0.0104009021 -0.0508258964 0.0151260626 0 0 0
nt@synapse_cleft 932 0.0212346079 -0.0370236298 0.00928689061 0 0 0
nt@synapse_cleft 938 -0.018559581 0.0169077893 0.0121561287 0 0 0
nt@synapse_cleft 940 -0.0494701264 -0.024406929 0.0144420424 0 0 0
nt@synapse_cleft 941 -0.0271075993 0.0287035592 0.0161027966 0 0 0
nt@synapse_cleft 942 0.0166261346 -0.0287832261 0.00403685136 0 0 0
nt@synapse_cleft 943 0.017222332 -0.011540823 0.015708489 0 0 0
nt@synapse_cleft 944 -0.00807032309 -0.0520817574 0.000363382769 0 0 0
nt@synapse_cleft 945 -0.0198107062 0.0157783761 0.00117131201 0 0 0
nt@synapse_cleft 947 -0.0197194188 -0.00652788798 0.00875613172 0 0 0
nt@synapse_cleft 951 0.0030545748 -0.00564225873 0.004746553 0 0 0
nt@synapse_cleft 953 -0.0411080799 0.0175133904 0.0149856943 0 0 0
nt@synapse_cleft 954 0.00956739421 -0.0174892245 0.000967166102 0 0 0
nt@synapse_cleft 957 0.0529390793 -0.0231052139 0.000932978915 0 0 0
nt@synapse_cleft 960 -0.0170728615 0.0445356832 0.00356328123 0 0 0
nt@synapse_cleft 961 -0.0310613365 -0.004579262 0.0178235396 0 0 0
nt@synapse_cleft 967 0.0231336599 -0.000346634887 0.0120085888 0 0 0
nt@synapse_cleft 976 -0.0277109415 0.026488349 0.00419228778 0 0 0
nt@synapse_cleft 978 -0.0235303394 -0.0153778961 0.00788452796 0 0 0
nt@synapse_cleft 981 -0.0410907051 0.00541283428 0.0184804635 0 0 0
nt@synapse_cleft 991 0.0300902261 -0.0053595418 0.00264643957 0 0 0
nt@synapse_cleft 992 0.017609229 0.0122156991 0.0195377946 0 0 0
nt@synapse_cleft 993 -0.0386026957 0.0317908227 0.00232093692 0 0 0
nt@synapse_cleft 994 -0.0209661214 -0.00914720899 0.00952316674 0 0 0
nt@synapse_cleft 998 -0.00264674343 0.0192985172 0.0151806419 0 0 0
nt@synapse_cleft 999 0.0337321667 -0.0353219425 0.0161671789 0 0 0
nt@synapse_cleft 1002 0.0199563012 0.0456847701 0.0162438144 0 0 0
nt@synapse_cleft 1004 -0.014224445 0.00331386114 0.00714123612 0 0 0
nt@synapse_cleft 1011 0.0224107793 0.0105507386 0.0173943812 0 0 0
nt@synapse_cleft 1013 -0.0115320295 0.0334356786 0.00302928222 0 0 0
nt@synapse_cleft 1016 -0.0352074594 0.01601832 0.0167173632 0 0 0
nt@synapse_cleft 1018 0.0141886604 -0.0133920017 0.00848465704 0 0 0
nt@synapse_cleft 1024 -0.0366898658 -0.00892872425 0.00930213046 0 0 0
nt@synapse_cleft 1025 -0.0124155827 -0.0333557996 0.00519886643 0 0 0
nt@synapse_cleft 1027 0.013103644 0.0310273162 0.0135092039 0 0 0
nt@synapse_cleft 1035 -0.0188624419 -0.0052977951 0.0173696661 0 0 0
nt@synapse_cleft 1047 -0.000350311179 -0.0290885175 0.00721953049 0 0 0
nt@synapse_cleft 1048 -0.000874903041 -0.0474954513 0.00451155079 0 0 0
nt@synapse_cleft 1050 0.0111746365 -0.0405141408 0.013750774 0 0 0
nt@synapse_cleft 1056 0.00486133033 0.0311777892 0.00446660906 0 0 0
nt@synapse_cleft 1062 0.0459852695 -0.00478905469 0.0151421247 0 0 0
nt@synapse_cleft 1065 -0.00275221252 0.0187218324 0.0137946639 0 0 0
nt@synapse_cleft 1074 0.0119506989 -0.0085966022 0.0074949047 0 0 0
nt@synapse_cleft 1077 -0.0191041567 -0.0123300954 0.0118730574 0 0 0
nt@synapse_cleft 1080 -0.0202595034 0.0105519972 0.010931321 0 0 0
nt@synapse_cleft 1088 -0.0397486374 -0.0106739961 0.00674713662 0 0 0
nt@synapse_cleft 1092 -0.01827004 -0.00771645181 0.00939289484 0 0 0
nt@synapse_cleft 1098 -0.0125916955 0.0243921244 0.00418641226 0 0 0
nt@synapse_cleft 1102 -0.00384322883 -0.00639596139 0.0129809661 0 0 0
nt@synapse_cleft 1107 -0.0106852493 0.0145172535 0.000520138726 0 0 0
nt@synapse_cleft 1108 0.0195741593 0.0355445668 0.00128458049 0 0 0
nt@synapse_cleft 1110 0.0207354536 0.0106407587 0.0080286559 0 0 0
nt@synapse_cleft 1113 -0.0186346186 -0.00459570679 0.00132053239 0 0 0
nt@synapse_cleft 1114 0.0068497104 -0.0339920757 0.0060749938 0 0 0
nt@synapse_cleft 1121 0.00140243442 0.0463757374 0.00739820508 0 0 0
nt@synapse_cleft 1127 -0.0120904266 0.00275147689 0.00785575487 0 0 0
nt@synapse_cleft 1130 0.0218338127 -0.0161739703 0.0160839036 0 0 0
nt@synapse_cleft 1136 -0.0238358712 -0.0634184715 0.000275911664 0 0 0
nt@synapse_cleft 1138 0.00384560968 0.00528095548 0.0175677489 0 0 0
nt@synapse_cleft 1140 -0.00428321531 -0.0267987056 0.0143678217 0 0 0
nt@synapse_cleft 1144 -0.0156538385 -0.0161257987 0.0160163962 0 0 0
nt@synapse_cleft 1145 0.0576975077 -0.0180712911 0.0187088715 0 0 0
nt@synapse_cleft 1149 -0.00840962447 0.000954338206 0.0190399366 0 0 0
nt@synapse_cleft 1152 0.0283831623 -0.00111642046 0.0128444602 0 0 0
nt@synapse_cleft 1157 0.0309755126 -0.0620396952 0.0183836685 0 0 0
nt@synapse_cleft 1165 0.0201719086 0.0226266858 0.00649325181 0 0 0
nt@synapse_cleft 1166 -0.00140715645 0.0109506082 0.00525431089 0 0 0
nt@synapse_cleft 1167 0.0380714144 0.0236251947 0.000374543134 0 0 0
nt@synapse_cleft 1172 -0.00583214993 6.13343071e-05 0.0131608653 0 0 0
nt@synapse_cleft 1173 -0.0148463968 0.00407474061 0.0118574887 0 0 0
nt@synapse_cleft 1177 0.00568769247 0.0598570026 0.00275150223 0 0 0
nt@synapse_cleft 1179 0.00979487697 -0.0132220453 0.0197888076 0 0 0
nt@synapse_cleft 1186 -0.0457111529 -0.00235359625 0.015069514 0 0 0
nt@synapse_cleft 1188 0.00302377657 -0.0396408849 0.00863801073 0 0 0
nt@synapse_cleft 1192 0.0103608686 -0.0321565748 0.0107187781 0 0 0
nt@synapse_cleft 1193 -0.0243683572 -0.00482582106 0.0136712861 0 0 0
nt@synapse_cleft 1197 0.0465628424 0.02967924 0.00394126391 0 0 0
nt@synapse_cleft 1200 -0.0345938528 0.0202266609 0.0160294122 0 0 0
nt@synapse_cleft 1203 0.000608929363 0.0152031695 0.00560045577 0 0 0
nt@synapse_cleft 1204 0.00926321655 -0.00170175107 0.0191040213 0 0 0
nt@synapse_cleft 1205 -0.0317512175 -0.0145291549 0.0100744841 0 0 0
nt@synapse_cleft 1206 -0.0355122503 -0.000899834921 0.0154399716 0 0 0
nt@synapse_cleft 1218 -0.000966363763 0.041284823 0.0141628791 0 0 0
nt@synapse_cleft 1219 0.00729797515 0.00487516424 0.0195547731 0 0 0
nt@synapse_cleft 1231 0.00545965305 0.0117660994 0.000824987207 0 0 0
nt@synapse_cleft 1237 -0.0156105759 -0.0356066036 0.00334667015 0 0 0
nt@synapse_cleft 1238 -0.0525848993 -0.0179471446 0.0165930416 0 0 0
nt@synapse_cleft 1241 0.00340578527 -0.00691342707 0.00750109497 0 0 0
nt@synapse_cleft 1243 -0.0230874373 0.0157845853 0.0130494786 0 0 0
nt@synapse_cleft 1248 -0.00154676824 0.0293910996 0.0012518056 0 0 0
nt@synapse_cleft 1251 -0.0176519367 0.0133962327 0.0195698405 0 0 0
nt@synapse_cleft 1252 -0.0261066978 0.00416859318 0.00153191435 0 0 0
nt@synapse_cleft 1253 -0.0210302101 -0.0190474346 0.013747956 0 0 0
nt@synapse_cleft 1254 -0.02740232 0.0281147633 0.0132875382 0 0 0
nt@synapse_cleft 1255 0.0329962046 0.0545758205 0.0038463755 0 0 0
nt@synapse_cleft 1262 0.0160151604 -0.0032346558 0.0180483793 0 0 0
nt@synapse_cleft 1270 0.047058122 0.000597590443 0.00315520118 0 0 0
nt@synapse_cleft 1275 -0.0284458648 0.00416395165 0.00991352018 0 0 0
nt@synapse_cleft 1289 0.0234566049 0.00433316264 0.000553751666 0 0 0
nt@synapse_cleft 1298 0.00267933169 -0.0233555812 0.00122402541 0 0 0
nt@synapse_cleft 1299 -0.0312418184 -0.00493758438 0.000223785303 0 0 0
nt@synapse_cleft 1302 -0.0321656795 0.0237316241 0.000649846912 0 0 0
nt@synapse_cleft 1303 -0.00655381219 0.0240979304 0.00287540691 0 0 0
nt@synapse_cleft 1311 0.0114383211 0.00639136408 0.0184430063 0 0 0
nt@synapse_cleft 1316 -0.029386908 -0.0272440325 0.0131092471 0 0 0
nt@synapse_cleft 1326 0.016589264 0.013075482 0.00644700531 0 0 0
nt@synapse_cleft 1328 0.0215389254 -0.00023783139 0.0114863177 0 0 0
nt@synapse_cleft 1330 -0.00694845778 -0.0235422757 0.0118423349 0 0 0
nt@synapse_cleft 1331 -0.00911367932 0.00722188942 0.0188638398 0 0 0
nt@synapse_cleft 1333 -0.0256710173 0.0324269107 0.00234893365 0 0 0
nt@synapse_cleft 1338 -0.00815624724 0.0103679771 0.0153966248 0 0 0
nt@synapse_cleft 1343 0.0213752045 0.00623461902 0.0177887572 0 0 0
nt@synapse_cleft 1347 -0.0363470743 -0.0148408304 0.0170566528 0 0 0
nt@synapse_cleft 1348 0.0396483608 -0.0291735339 0.0156754449 0 0 0
nt@synapse_cleft 1349 -0.00722758143 -0.0149801155 0.0195524264 0 0 0
nt@synapse_cleft 1351 0.041487425 -0.0197837443 0.00149297395 0 0 0
nt@synapse_cleft 1356 0.0216858962 0.000312980134 0.00950098724 0 0 0
nt@synapse_cleft 1359 -0.0160701803 -0.010174015 0.0170354056 0 0 0
nt@synapse_cleft 1361 -0.00858932712 -0.0580097641 0.00815703758 0 0 0
nt@synapse_cleft 1366 0.0219725899 -0.000622730401 0.00667063398 0 0 0
nt@synapse_cleft 1368 0.0317966654 -0.00279565292 0.00395361848 0 0 0
nt@synapse_cleft 1372 -0.0384595899 0.0335164313 0.00183050488 0 0 0
nt@synapse_cleft 1380 0.00292262647 0.0171066364 0.00152745618 0 0 0
nt@synapse_cleft 1381 0.0110734429 -0.056348044 0.0186503084 0 0 0
nt@synapse_cleft 1382 0.0071736403 0.0257641104 0.00513880109 0 0 0
nt@synapse_cleft 1384 -0.0445070292 -0.00096130358 0.0171174245 0 0 0
nt@synapse_cleft 1390 0.0405082345 -0.00180470154 0.0105217898 0 0 0
nt@synapse_cleft 1393 -0.0371741394 0.0331365394 0.0137470461 0 0 0
nt@synapse_cleft 1394 0.0243844781 0.0154004 0.00585407999 0 0 0
nt@synapse_cleft 1397 0.0268591112 0.0323336334 0.0165176024 0 0 0
nt@synapse_cleft 1400 -0.029256974 0.0280322168 0.00297346202 0 0 0
nt@synapse_cleft 1403 0.00664498598 -0.00560648058 0.0120195113 0 0 0
nt@synapse_cleft 1406 0.0526668636 -0.025018506 0.0108295667 0 0 0
nt@synapse_cleft 1408 -0.0184051899 -0.0149608572 0.00717717281 0 0 0
nt@synapse_cleft 1411 -0.00546201326 0.0070769025 0.0131997807 0 0 0
nt@synapse_cleft 1416 -0.00758400061 0.0379421574 0.0115077793 0 0 0
nt@synapse_cleft 1419 0.0125588061 -0.011872543 0.0170152319 0 0 0
nt@synapse_cleft 1425 -0.00205829146 -0.0434549267 0.00127073559 0 0 0
nt@synapse_cleft 1427 -0.0316213542 -0.00752574212 0.00266032807 0 0 0
nt@synapse_cleft 1434 0.0128733199 0.0322403139 0.00121157793 0 0 0
nt@synapse_cleft 1438 -0.00646983202 -0.0307508472 0.00399663186 0 0 0
nt@synapse_cleft 1440 0.00326129545 0.0136684319 0.00346234082 0 0 0
nt@synapse_cleft 1441 -0.0366758217 0.0163916802 0.00544299683 0 0 0
nt@synapse_cleft 1442 -0.00247207696 0.0221857873 0.0103720973 0 0 0
nt@synapse_cleft 1444 -0.0173199814 -0.008345161 0.0199725945 0 0 0
nt@synapse_cleft 1445 0.00958139267 -0.0172346948 0.0140577137 0 0 0
nt@synapse_cleft 1446 -0.0188834849 -0.0237082019 0.017205182 0 0 0
nt@synapse_cleft 1449 -0.0225925264 -0.0122896961 0.00692923115 0 0 0
nt@synapse_cleft 1452 -0.0250932451 -0.0197790992 0.00643673701 0 0 0
nt@synapse_cleft 1454 -0.0145890804 0.0224023212 0.0014346695 0 0 0
nt@synapse_cleft 1455 -0.0205750786 0.0176324817 0.0160563535 0 0 0
nt@synapse_cleft 1464 -0.0534421674 0.00897259872 0.00117191128 0 0 0
nt@synapse_cleft 1468 0.0417856101 0.028429728 0.0132282474 0 0 0
nt@synapse_cleft 1470 -0.0624558167 -0.0243769572 0.0146207209 0 0 0
nt@synapse_cleft 1472 -0.0452078994 0.00294417661 0.0140781206 0 0 0
nt@synapse_cleft 1473 0.0209075083 -0.00832408629 0.00240337361 0 0 0
nt@synapse_cleft 1479 -0.0353887679 0.026198107 0.0161219173 0 0 0
nt@synapse_cleft 1481 0.0184766002 -0.00194911882 0.0184237576 0 0 0
nt@synapse_cleft 1484 -0.00350315846 0.00876390681 0.0165241669 0 0 0
nt@synapse_cleft 1485 -0.0160054367 0.00742642636 0.00453579628 0 0 0
nt@synapse_cleft 1487 -0.0112920802 -0.0298163382 0.00731109674 0 0 0
nt@synapse_cleft 1488 0.0327459553 0.00114965868 0.00178576746 0 0 0
nt@synapse_cleft 1491 -0.0145420402 -0.0139162323 0.0130685635 0 0 0
nt@synapse_cleft 1494 0.00670668358 0.0203322658 0.0116243208 0 0 0
nt@synapse_cleft 1496 -0.00637753344 0.0126553588 0.0177923128 0 0 0
nt@synapse_cleft 1503 -0.0214929803 -0.0202706766 0.00662260193 0 0 0
nt@synapse_cleft 1506 0.0188073966 -0.0117740515 0.000805905455 0 0 0
nt@synapse_cleft 1507 0.00509631938 0.00542593107 0.00356049651 0 0 0
nt@synapse_cleft 1508 0.0155556053 0.0055658841 0.0067850519 0 0 0
nt@synapse_cleft 1512 -0.0123739084 -0.0099873769 0.00119676987 0 0 0
nt@synapse_cleft 1515 0.00901849182 0.0406850634 0.0104193295 0 0 0
nt@synapse_cleft 1519 0.00717555449 -0.0167134174 0.0127057981 0 0 0
nt@synapse_cleft 1522 -0.019900107 0.00237934495 0.0134144403 0 0 0
nt@synapse_cleft 1526 0.0229514257 -0.00953548404 0.0159538129 0 0 0
nt@synapse_cleft 1527 -0.00467115164 0.0353361988 0.0151655809 0 0 0
nt@synapse_cleft 1528 -0.0438061184 0.00977534768 0.0185562593 0 0 0
nt@synapse_cleft 1531 -0.00237771722 0.0303725653 0.0134765488 0 0 0
nt@synapse_cleft 1538 0.0057752794 0.015431153 0.00745835501 0 0 0
nt@synapse_cleft 1542 -0.0239921162 0.0202598153 0.0115823295 0 0 0
nt@synapse_cleft 1545 -0.00193317225 0.00629755563 0.012158496 0 0 0
nt@synapse_cleft 1548 -0.0226912215 -0.015169748 0.0124169062 0 0 0
nt@synapse_cleft 1553 0.0523352828 0.0193798199 0.00757780057 0 0 0
nt@synapse_cleft 1554 0.017817514 0.00798503199 0.00140434788 0 0 0
nt@synapse_cleft 1561 0.0105729821 -0.0590127099 0.00587165729 0 0 0
nt@synapse_cleft 1565 -0.0180501167 0.00336156884 0.0184137933 0 0 0
nt@synapse_cleft 1571 -0.0156962519 0.00275068804 0.011586211 0 0 0
nt@synapse_cleft 1573 0.0084386592 0.0242857875 0.00276495726 0 0 0
nt@synapse_cleft 1583 -0.0168689566 -0.0163200085 0.00968519156 0 0 0
nt@synapse_cleft 1584 -0.00307581332 0.00386167593 0.00809321557 0 0 0
nt@synapse_cleft 1588 0.00620437077 -0.0123209318 0.0124377957 0 0 0
nt@synapse_cleft 1590 -0.0332634039 0.0367948635 0.00340511258 0 0 0
nt@synapse_cleft 1592 0.00820651213 -0.00969405152 0.0186011286 0 0 0
nt@synapse_cleft 1596 0.00350605688 -0.0195054645 0.0150609987 0 0 0
nt@synapse_cleft 1597 0.0117921703 0.0381788034 0.00437855276 0 0 0
nt@synapse_cleft 1598 -0.0336937508 -0.00998443634 0.014500857 0 0 0
nt@synapse_cleft 1600 0.0225391934 -0.0331212043 0.00274876925 0 0 0
nt@synapse_cleft 1605 0.0148811814 0.0117408282 0.00801008827 0 0 0
nt@synapse_cleft 1606 -0.0223709621 0.00223900488 0.00848458889 0 0 0
nt@synapse_cleft 1611 -0.00858309396 -0.0291656993 0.0101393078 0 0 0
nt@synapse_cleft 1612 -0.0223012253 0.00187573508 0.000278827852 0 0 0
nt@synapse_cleft 1615 0.0113532874 -0.0566417321 0.00840485303 0 0 0
nt@synapse_cleft 1617 0.00820777201 -0.0286277352 0.0130392007 0 0 0
nt@synapse_cleft 1619 0.0226038655 -0.00360434746 0.0169272064 0 0 0
nt@synapse_cleft 1625 -0.029747868 0.0106674819 0.0183654055 0 0 0
nt@synapse_cleft 1628 0.0123976249 0.0354156232 0.0187170445 0 0 0
nt@synapse_cleft 1632 0.0399717656 0.0125825637 0.010176911 0 0 0
nt@synapse_cleft 1635 0.0190504553 -0.0098079458 0.0196017633 0 0 0
nt@synapse_cleft 1641 0.0320947013 0.0130391054 0.00424137107 0 0 0
nt@synapse_cleft 1642 0.030356819 -0.0142838184 0.0074592725 0 0 0
nt@synapse_cleft 1655 0.00124856872 0.0255519161 0.00432633213 0 0 0
nt@synapse_cleft 1658 0.0221105466 0.0385590871 0.00613227249 0 0 0
nt@synapse_cleft 1660 0.0143060324 0.0211739395 0.000711578474 0 0 0
nt@synapse_cleft 1675 -0.0378322828 -0.00772191873 0.0173791157 0 0 0
nt@synapse_cleft 1678 -0.00715030372 -0.010515235 0.00188957501 0 0 0
nt@synapse_cleft 1681 -0.0150336804 0.00837668514 0.0152823454 0 0 0
nt@synapse_cleft 1684 0.00406183393 -0.0373799679 0.0069797038 0 0 0
nt@synapse_cleft 1686 -0.0150009834 0.0158831838 0.0196575029 0 0 0
nt@synapse_cleft 1687 -0.0306442845 -0.0141628257 0.00614127295 0 0 0
nt@synapse_cleft 1689 0.010365464 0.0265181574 0.000925315033 0 0 0
nt@synapse_cleft 1692 -0.00319202702 0.023425918 0.00513112601 0 0 0
nt@synapse_cleft 1695 0.0157819636 -0.00335998166 0.0112210714 0 0 0
nt@synapse_cleft 1701 -0.0121269204 0.00889230309 0.0104537057 0 0 0
nt@synapse_cleft 1702 0.0171432334 -0.0150299018 0.017022193 0 0 0
nt@synapse_cleft 1703 -0.00328366646 0.0113015747 0.00407100136 0 0 0
nt@synapse_cleft 1707 -0.0212487657 -0.0176414089 0.00872629664 0 0 0
nt@synapse_cleft 1708 -0.0243616759 0.0132646986 0.00619689012 0 0 0
nt@synapse_cleft 1713 -0.0206547633 -0.00875548311 0.00136208259 0 0 0
nt@synapse_cleft 1715 0.00678583745 -0.00331244057 0.0178800799 0 0 0
nt@synapse_cleft 1721 0.00523545303 -0.033884916 0.00224108986 0 0 0
nt@synapse_cleft 1725 0.0326896629 0.00175876039 0.00780925654 0 0 0
nt@synapse_cleft 1729 -0.00100109049 2.33469545e-05 0.0190105608 0 0 0
nt@synapse_cleft 1736 0.0300140519 0.0103310026 0.0108055952 0 0 0
nt@synapse_cleft 1741 -0.00114639917 -0.019060455 0.0197085122 0 0 0
nt@synapse_cleft 1742 0.0185557955 -0.0509135132 0.00784870502 0 0 0
nt@synapse_cleft 1743 0.0273850911 0.0442938985 0.0120618641 0 0 0
nt@synapse_cleft 1745 -0.0327941674 0.00914757532 7.73029197e-05 0 0 0
nt@synapse_cleft 1746 0.00337819956 -0.0109461582 0.0143903156 0 0 0
nt@synapse_cleft 1748 0.0540202117 0.0205614815 0.0156587584 0 0 0
nt@synapse_cleft 1749 -0.000104350525 -0.00770475383 0.00238199115 0 0 0
nt@synapse_cleft 1751 0.0360995313 0.002744381 0.0112281634 0 0 0
nt@synapse_cleft 1759 -0.0146403471 -0.00382950018 0.0198907893 0 0 0
nt@synapse_cleft 1761 -0.0302013286 0.0113254388 0.00771382083 0 0 0
nt@synapse_cleft 1762 -0.0147534261 -0.035131215 0.0151326079 0 0 0
nt@synapse_cleft 1763 0.043464015 -0.0224102219 0.012833788 0 0 0
nt@synapse_cleft 1768 0.00914202749 -0.0260884088 0.00768048318 0 0 0
nt@synapse_cleft 1769 -0.0220515865 0.00383161228 0.0185606341 0 0 0
nt@synapse_cleft 1775 -0.00246015333 -0.00179634124 0.0100832717 0 0 0
nt@synapse_cleft 1777 -0.00382203323 -0.00639920773 0.0129685156 0 0 0
nt@synapse_cleft 1778 0.0284740135 -0.0485381801 0.00936472442 0 0 0
nt@synapse_cleft 1781 -0.0085862151 0.0271302547 0.00976115285 0 0 0
nt@synapse_cleft 1793 0.016549862 0.0224864866 0.0162251734 0 0 0
nt@synapse_cleft 1795 0.0172277812 -0.00666863839 0.00646107868 0 0 0
nt@synapse_cleft 1799 -0.0228035181 0.00952890583 0.00780338245 0 0 0
nt@synapse_cleft 1804 0.0172680054 -0.0121706392 0.00789780503 0 0 0
nt@synapse_cleft 1805 -0.0117354672 -0.00276505868 0.00386180536 0 0 0
nt@synapse_cleft 1806 -0.0128675812 0.00390868243 0.00897542681 0 0 0
nt@synapse_cleft 1810 -0.0466663296 -0.0435127913 0.0187319969 0 0 0
nt@synapse_cleft 1811 -0.00182437624 -0.00116027514 0.0130920882 0 0 0
nt@synapse_cleft 1812 0.00220219074 0.0228258865 0.0143162894 0 0 0
nt@synapse_cleft 1815 -0.00764772319 0.0267565118 0.00563294758 0 0 0
nt@synapse_cleft 1824 -0.00148613919 0.00241756909 0.00464048743 0 0 0
nt@synapse_cleft 1826 0.0269906228 -0.00655072636 0.0167971147 0 0 0
nt@synapse_cleft 1829 0.0408775732 -0.0101473619 0.0198874032 0 0 0
nt@synapse_cleft 1830 -0.035282488 -0.0097439889 0.00918816791 0 0 0
nt@synapse_cleft 1833 -0.0110876973 0.0144620981 0.0158106296 0 0 0
nt@synapse_cleft 1837 -0.0236181402 -0.0103400939 0.0103740863 0 0 0
nt@synapse_cleft 1838 -0.0131366588 -0.0283608176 0.00646918456 0 0 0
nt@synapse_cleft 1840 -0.0249642404 -0.000963463088 0.00960831588 0 0 0
nt@synapse_cleft 1843 0.0327828352 -0.00911482129 0.00991684845 0 0 0
nt@synapse_cleft 1846 -0.0154067474 -0.0015694398 0.0044964858 0 0 0
nt@synapse_cleft 1849 0.0332497675 -8.84752613e-05 0.0124764595 0 0 0
nt@synapse_cleft 1853 0.0663600792 -0.00833359542 0.0182034875 0 0 0
nt@synapse_cleft 1854 0.0113208211 -0.00907285569 0.00635630216 0 0 0
nt@synapse_cleft 1855 -0.026163116 0.00528656254 0.00653972305 0 0 0
nt@synapse_cleft 1856 0.0123719079 -0.000771367916 0.00595643901 0 0 0
nt@synapse_cleft 1859 0.0444644429 0.0230600887 0.0132534257 0 0 0
nt@synapse_cleft 1864 0.00262876079 -0.0273486564 0.0102918318 0 0 0
nt@synapse_cleft 1868 -0.0249718797 0.00919105206 0.019577002 0 0 0
nt@synapse_cleft 1872 0.00393059087 -0.00269780729 0.0138539119 0 0 0
nt@synapse_cleft 1873 -0.0586556743 0.00189041151 0.00923184961 0 0 0
nt@synapse_cleft 1875 -0.023934681 0.017731984 0.000828826232 0 0 0
nt@synapse_cleft 1877 0.00508199103 0.0416036447 0.016060475 0 0 0
nt@synapse_cleft 1879 0.0530634911 -0.037806353 0.0198580372 0 0 0
nt@synapse_cleft 1880 -0.0366872198 -0.0208416818 0.0126561418 0 0 0
nt@synapse_cleft 1883 0.0128768371 0.0132297084 0.0165520446 0 0 0
nt@synapse_cleft 1885 0.00310115927 0.00890919903 0.0147426858 0 0 0
nt@synapse_cleft 1887 -0.0234341351 0.029913955 0.00197309319 0 0 0
nt@synapse_cleft 1890 -0.0293119467 -0.00183940852 0.00536721338 0 0 0
nt@synapse_cleft 1892 0.00688548646 0.0124273562 0.0165979577 0 0 0
nt@synapse_cleft 1894 -0.0165481237 0.021467976 0.0169177033 0 0 0
nt@synapse_cleft 1896 0.0198135243 -0.00593519637 0.0039296473 0 0 0
nt@synapse_cleft 1900 -0.00313835716 -0.00042534487 0.0129765508 0 0 0
nt@synapse_cleft 1904 -0.0343715832 0.0372854666 0.0175792138 0 0 0
nt@synapse_cleft 1912 0.0269388142 -0.0241134711 0.00549552544 0 0 0
nt@synapse_cleft 1914 0.011711834 0.00636786633 0.00383979833 0 0 0
nt@synapse_cleft 1918 -0.0149663428 0.0449824923 0.0178453247 0 0 0
nt@synapse_cleft 1921 0.000816086912 -0.00172744632 0.0139770142 0 0 0
nt@synapse_cleft 1923 -0.0104668471 0.0202049065 0.0110535133 0 0 0
nt@synapse_cleft 1925 0.00900236605 0.0168381559 0.00995312126 0 0 0
nt@synapse_cleft 1926 0.0256869859 0.00710359767 0.00542244722 0 0 0
nt@synapse_cleft 1932 0.00927863165 -0.00959623654 0.00903810073 0 0 0
nt@synapse_cleft 1942 0.0210465167 -0.0338393782 0.00138799055 0 0 0
nt@synapse_cleft 1944 0.00343901844 0.00923597711 0.00398544112 0 0 0
nt@synapse_cleft 1946 -0.0108423361 -0.00639400274 0.00540749986 0 0 0
nt@synapse_cleft 1953 -0.00921015069 -0.0223801737 0.000843440639 0 0 0
nt@synapse_cleft 1959 -0.00388998313 -0.0353331878 0.0102478257 0 0 0
nt@synapse_cleft 1961 0.0303269169 0.0062550316 0.0159795172 0 0 0
nt@synapse_cleft 1964 -0.00863034689 -0.00234053994 0.0148505494 0 0 0
nt@synapse_cleft 1967 0.0124330208 -0.0177363952 0.00995438165 0 0 0
nt@synapse_cleft 1970 -0.017139676 -0.0311007385 0.000412188466 0 0 0
nt@synapse_cleft 1973 0.0215470071 0.0290430024 0.0127361222 0 0 0
nt@synapse_cleft 1976 -0.0258728392 -0.00861351526 0.0050688278 0 0 0
nt@synapse_cleft 1980 -0.0134082996 -0.0222160771 0.00320666427 0 0 0
nt@synapse_cleft 1982 0.00380835585 0.0217222293 0.0184625642 0 0 0
nt@synapse_cleft 1984 -0.0707170258 -0.0180169418 0.00153539056 0 0 0
nt@synapse_cleft 1989 -0.0194523609 0.00627242849 0.0189230986 0 0 0
nt@synapse_cleft 1990 0.0120892394 0.0302479553 0.00207263063 0 0 0
nt@synapse_cleft 1993 0.00204387161 -0.0145970217 0.00638132097 0 0 0
nt@synapse_cleft 1997 -0.000981866486 0.0179465357 0.0136141007 0 0 0
nt@synapse_cleft 2004 -0.0196883703 0.00362020348 0.0189191458 0 0 0
nt@synapse_cleft 2007 0.0103898443 0.0140061394 0.0182040339 0 0 0
nt@synapse_cleft 2008 0.0138029912 0.00421099987 0.0118106414 0 0 0
nt@synapse_cleft 2013 -0.0145865197 -0.0133115117 0.0195704838 0 0 0
nt@synapse_cleft 2014 0.0229603255 0.0258158477 0.00844201765 0 0 0
nt@synapse_cleft 2016 -0.0155262502 -0.0044295537 0.00252337526 0 0 0
nt@synapse_cleft 2019 0.0275356162 -0.0214207173 0.0184176019 0 0 0
nt@synapse_cleft 2026 0.0447690155 -0.0122116736 0.01275848 0 0 0
nt@synapse_cleft 2027 -0.00999493083 -0.0216842276 0.000155500064 0 0 0
nt@synapse_cleft 2032 -0.0262665978 0.00679022901 0.00455957243 0 0 0
nt@synapse_cleft 2035 0.0383070228 0.0247863009 0.0137461812 0 0 0
nt@synapse_cleft 2036 0.046027453 -0.00433849407 0.0106721343 0 0 0
nt@synapse_cleft 2039 0.0256618133 0.00203705314 0.0188079035 0 0 0
nt@synapse_cleft 2041 0.0252320238 0.00437608991 0.00896000108 0 0 0
nt@synapse_cleft 2044 0.0157610928 -0.012919473 0.00686035917 0 0 0
nt@synapse_cleft 2052 0.00306658954 -0.00596341094 0.0173747849 0 0 0
nt@synapse_cleft 2056 -0.0117379829 -0.0180479186 0.00104979549 0 0 0
nt@synapse_cleft 2058 -0.0116597954 -0.0402080878 0.0190574833 0 0 0
nt@synapse_cleft 2061 0.00794709665 0.000973399395 0.00107138687 0 0 0
nt@synapse_cleft 2064 0.0292086569 0.0219582841 0.00880462707 0 0 0
nt@synapse_cleft 2074 0.00836614279 -0.0466322702 0.0109304965 0 0 0
nt@synapse_cleft 2091 -0.0171179018 0.0286291443 0.0135352896 0 0 0
nt@synapse_cleft 2092 0.00770727718 0.0198179883 0.0143264781 0 0 0
nt@synapse_cleft 2094 -0.0110446667 0.005027815 0.00595288968 0 0 0
nt@synapse_cleft 2095 0.0103954352 0.0175297398 0.0186541506 0 0 0
nt@synapse_cleft 2096 -0.0164316212 -0.0136188659 0.00331468924 0 0 0
nt@synapse_cleft 2101 -0.00412958118 -0.0294431334 0.00262932936 0 0 0
nt@synapse_cleft 2104 0.0246615678 0.00823901018 0.0160131089 0 0 0
nt@synapse_cleft 2112 -0.0155231385 -0.021278147 0.00181431549 0 0 0
nt@synapse_cleft 2115 -0.0277573572 -0.00255167657 0.0184056736 0 0 0
nt@synapse_cleft 2119 -0.0156532583 -0.012851927 0.00330410495 0 0 0
nt@synapse_cleft 2121 0.0410857839 -0.0099341476 0.0104526783 0 0 0
nt@synapse_cleft 2124 0.00888141187 0.0277070107 0.00617002669 0 0 0
nt@synapse_cleft 2127 0.0219044926 0.014162234 0.00274981993 0 0 0
nt@synapse_cleft 2133 0.0205136659 -0.0130733255 0.00357065982 0 0 0
nt@synapse_cleft 2136 0.0171048075 0.0197376932 0.00023609676 0 0 0
nt@synapse_cleft 2137 -0.0416224328 0.0384118914 0.00252523042 0 0 0
nt@synapse_cleft 2141 0.0267310342 0.0271898548 0.00713212282 0 0 0
nt@synapse_cleft 2148 0.0278564116 -0.0392212556 0.00209254388 0 0 0
nt@synapse_cleft 2156 0.013628966 -0.0289658843 0.00849563373 0 0 0
nt@synapse_cleft 2160 0.0151006011 0.00847983668 0.0122915078 0 0 0
nt@synapse_cleft 2162 -0.0284446462 0.0216970567 0.0141789038 0 0 0
nt@synapse_cleft 2163 0.0186787973 -0.00614761868 0.014203762 0 0 0
nt@synapse_cleft 2166 -0.00107630768 0.0213011844 0.0181871428 0 0 0
nt@synapse_cleft 2170 0.034756112 0.00442177022 0.0122126474 0 0 0
nt@synapse_cleft 2177 -0.0107663429 -0.0163696216 0.00533240397 0 0 0
nt@synapse_cleft 2185 0.000535790216 -0.00290160675 0.00671080889 0 0 0
nt@synapse_cleft 2187 -0.0133576978 0.00685011284 0.00642797977 0 0 0
nt@synapse_cleft 2188 -0.0159725506 0.0382401503 0.00481522796 0 0 0
nt@synapse_cleft 2199 0.0136325808 -0.0147694929 0.00936064355 0 0 0
nt@synapse_cleft 2204 -0.041678297 -0.008462031 0.017935302 0 0 0
nt@synapse_cleft 2206 -0.01122535 -0.0188827134 0.0178600529 0 0 0
nt@synapse_cleft 2207 0.0263176966 0.00342790328 0.0155842148 0 0 0
nt@synapse_cleft 2217 0.0210972525 -0.0384557403 0.000373875155 0 0 0
nt@synapse_cleft 2218 0.00622998035 0.016583754 0.0147852392 0 0 0
nt@synapse_cleft 2223 -0.0237790515 0.0176467101 0.0106123274 0 0 0
nt@synapse_cleft 2228 -0.00446045481 0.00698839123 0.00116447873 0 0 0
nt@synapse_cleft 2235 -0.00159028143 -0.00481531226 0.0130246239 0 0 0
nt@synapse_cleft 2236 0.0102451765 0.0296043138 0.0142800742 0 0 0
nt@synapse_cleft 2248 -0.0230498618 -0.00306896561 0.010543554 0 0 0
nt@synapse_cleft 2251 0.0114753563 -0.00860785238 0.017354272 0 0 0
nt@synapse_cleft 2254 -0.000974669269 -0.0156606931 0.0122298071 0 0 0
nt@synapse_cleft 2256 -0.0354180513 -0.0300016387 0.0018804903 0 0 0
nt@synapse_cleft 2257 0.00971937376 -0.00863721427 0.00582153851 0 0 0
nt@synapse_cleft 2262 -0.0100260123 0.033472027 0.0130361227 0 0 0
nt@synapse_cleft 2265 0.0268828134 0.0295611165 0.00347685825 0 0 0
nt@synapse_cleft 2269 -0.0370576464 0.00860658644 0.00385441538 0 0 0
nt@synapse_cleft 2271 -0.0678619181 0.0162372303 0.00256201571 0 0 0
nt@synapse_cleft 2274 -0.0068795929 0.0399536575 0.00220439263 0 0 0
nt@synapse_cleft 2278 0.0316080975 0.0338935807 0.00775875014 0 0 0
nt@synapse_cleft 2279 -0.00295399053 0.00696549488 0.00951723534 0 0 0
nt@synapse_cleft 2283 0.0313172925 -0.016878558 0.0110071783 0 0 0
nt@synapse_cleft 2284 0.0252834096 -0.00251041427 0.0142742315 0 0 0
nt@synapse_cleft 2285 -0.0134150312 -0.00995170818 0.0141911018 0 0 0
nt@synapse_cleft 2289 0.00267119791 0.00731733835 0.000677411012 0 0 0
nt@synapse_cleft 2292 -0.0228547023 0.00670355375 0.013742152 0 0 0
nt@synapse_cleft 2298 -0.0371488816 -0.0157073212 0.00646670284 0 0 0
nt@synapse_cleft 2304 -0.017060707 0.0239538134 0.00370876165 0 0 0
nt@synapse_cleft 2306 0.0019403043 -0.0225460445 0.0116794531 0 0 0
nt@synapse_cleft 2308 -0.0164313266 0.00461219712 0.000804921361 0 0 0
nt@synapse_cleft 2309 0.0102404972 -0.00661285149 0.0190388031 0 0 0
nt@synapse_cleft 2314 -0.00974787479 -0.0254578469 0.0152090038 0 0 0
nt@synapse_cleft 2317 0.0362050513 0.010780894 0.0101835759 0 0 0
nt@synapse_cleft 2320 0.0102885359 -0.0247056976 0.00688217788 0 0 0
nt@synapse_cleft 2321 0.059404466 0.000250936715 0.00258401299 0 0 0
nt@synapse_cleft 2326 0.0214248737 0.0151588188 0.00596882678 0 0 0
nt@synapse_cleft 2327 -0.0271885072 -0.0345368099 0.0128383333 0 0 0
nt@synapse_cleft 2330 -0.0411768594 0.0219964264 0.00438548626 0 0 0
nt@synapse_cleft 2331 -0.0305849285 -0.0359754307 0.00347931538 0 0 0
nt@synapse_cleft 2332 -0.0205046894 -0.00782313241 0.0133411785 0 0 0
nt@synapse_cleft 2336 0.0119657024 -0.0124710644 0.00468291836 0 0 0
nt@synapse_cleft 2343 0.0109639065 -0.00826862666 0.00673927163 0 0 0
nt@synapse_cleft 2349 0.0284462272 0.00470522021 0.0138600142 0 0 0
nt@synapse_cleft 2366 0.0188958593 0.021763709 0.0157522453 0 0 0
nt@synapse_cleft 2367 -0.024082151 -0.0179532765 0.0109716608 0 0 0
nt@synapse_cleft 2369 -0.00748647873 0.00485846683 0.0139214922 0 0 0
nt@synapse_cleft 2370 0.0140640305 -0.0154734727 0.00267860173 0 0 0
nt@synapse_cleft 2375 0.00276244721 0.00778343283 0.0126418539 0 0 0
nt@synapse_cleft 2383 0.0215551939 -0.0499374064 0.0120547463 0 0 0
nt@synapse_cleft 2386 -0.00594471638 -0.0233472931 0.00184906291 0 0 0
nt@synapse_cleft 2389 -0.00397144968 -0.0135439351 0.00442043511 0 0 0
nt@synapse_cleft 2397 0.00932280028 -0.0575430608 0.0051625501 0 0 0
nt@synapse_cleft 2400 -0.0178548288 -0.0341969935 0.0183145251 0 0 0
nt@synapse_cleft 2410 0.0139051029 -0.0029702946 0.0176166291 0 0 0
nt@synapse_cleft 2411 0.0147460728 -0.042020867 0.00910723478 0 0 0
nt@synapse_cleft 2412 0.00942464276 0.00844843959 0.014912513 0 0 0
nt@synapse_cleft 2417 -0.00923522613 0.01232119 0.0158160374 0 0 0
nt@synapse_cleft 2421 -0.00389848892 0.0217197644 0.00573709876 0 0 0
nt@synapse_cleft 2423 0.0103378179 -0.0374750918 0.00746414289 0 0 0
nt@synapse_cleft 2434 0.0123899558 -0.0332326245 0.013263922 0 0 0
nt@synapse_cleft 2437 0.0231086793 0.00958737384 0.00488863625 0 0 0
nt@synapse_cleft 2438 0.0012216651 -0.0419792086 0.0047887817 0 0 0
nt@synapse_cleft 2440 -0.017706242 -0.0311611514 0.00609112792 0 0 0
nt@synapse_cleft 2446 -0.0273987836 0.0153167156 0.00852867303 0 0 0
nt@synapse_cleft 2448 0.00108643122 0.00022267191 0.0157128672 0 0 0
nt@synapse_cleft 2456 -0.0207816703 -0.00744384258 0.00772418708 0 0 0
nt@synapse_cleft 2459 0.00667098014 0.0356921838 0.00073235951 0 0 0
nt@synapse_cleft 2462 -0.00892180453 0.0423083065 0.00482878437 0 0 0
nt@synapse_cleft 2463 0.0094187845 -0.0215918816 0.00419473707 0 0 0
nt@synapse_cleft 2466 0.00118529505 -0.0332726437 0.000287589095 0 0 0
nt@synapse_cleft 2467 -0.00991503509 0.0231401642 0.00773058151 0 0 0
nt@synapse_cleft 2468 -0.0491114603 -0.016277415 0.0120504517 0 0 0
nt@synapse_cleft 2470 0.0135809817 0.00987807305 0.000729492648 0 0 0
nt@synapse_cleft 2471 -0.0136504501 -0.00614369393 0.0137330526 0 0 0
nt@synapse_cleft 2472 0.0369906426 -0.0543382489 0.0185519222 0 0 0
nt@synapse_cleft 2480 -0.0117167579 -0.0176611721 0.0167354206 0 0 0
nt@synapse_cleft 2481 -0.0206323248 -0.00570992653 0.00355556859 0 0 0
nt@synapse_cleft 2483 0.0347535224 0.00972673727 0.0158837111 0 0 0
nt@synapse_cleft 2491 0.00069213603 -0.00255903588 0.0156928042 0 0 0
nt@synapse_cleft 2493 0.0230023378 -0.0514478964 0.00866736442 0 0 0
nt@synapse_cleft 2495 -0.0218772606 0.00571649434 0.00478869306 0 0 0
nt@synapse_cleft 2498 0.0143477344 -0.00601929318 0.00207791897 0 0 0
nt@synapse_cleft 2501 -0.00443101528 0.0139258522 0.0025071843 0 0 0
nt@synapse_cleft 2502 0.0179324227 -0.0255399931 0.0162046975 0 0 0
nt@synapse_cleft 2507 0.0173162952 0.0174146915 0.011467219 0 0 0
nt@synapse_cleft 2509 0.00504739133 -0.0267846746 0.0196077793 0 0 0
nt@synapse_cleft 2510 0.00670784118 -0.0130071552 0.0158436873 0 0 0
nt@synapse_cleft 2513 -0.00417970644 0.00135808628 0.00173112295 0 0 0
nt@synapse_cleft 2517 -0.0205635617 -0.0117408703 0.0118753529 0 0 0
nt@synapse_cleft 2520 0.0315298732 0.0278233438 0.00498146958 0 0 0
nt@synapse_cleft 2521 -0.00967513082 0.0186100786 0.0136082465 0 0 0
nt@synapse_cleft 2525 0.0322533673 0.0148184567 0.010852409 0 0 0
nt@synapse_cleft 2528 -0.0205564887 -0.00263441225 0.0100875972 0 0 0
nt@synapse_cleft 2539 -0.014711774 0.0169751307 0.00803923157 0 0 0
nt@synapse_cleft 2542 0.0299106864 -0.0249391621 0.0115689961 0 0 0
nt@synapse_cleft 2549 -0.0127840061 0.0584355195 0.00702915294 0 0 0
nt@synapse_cleft 2550 0.0260146333 -0.0137127196 0.00116321394 0 0 0
nt@synapse_cleft 2555 0.0474016489 -0.00880334275 0.0105565644 0 0 0
nt@synapse_cleft 2560 -0.0367960358 0.000266921714 0.00602072935 0 0 0
nt@synapse_cleft 2561 0.014639775 0.0391406632 0.0108221951 0 0 0
nt@synapse_cleft 2563 0.00762822072 0.00614001352 0.0148417 0 0 0
nt@synapse_cleft 2564 -0.00810972015 0.0479247405 0.0046465335 0 0 0
nt@synapse_cleft 2566 0.00405559232 -0.0172630473 0.00862031968 0 0 0
nt@synapse_cleft 2570 0.0216534022 0.00351159959 0.00648142617 0 0 0
nt@synapse_cleft 2571 0.00871291902 -0.042659573 0.00684287539 0 0 0
nt@synapse_cleft 2577 0.00613136377 0.0248600822 0.0181353435 0 0 0
nt@synapse_cleft 2586 0.0358266117 -0.00734644415 0.00772250777 0 0 0
nt@synapse_cleft 2591 -0.00434008079 -0.00437234725 0.00154098284 0 0 0
nt@synapse_cleft 2593 0.0476631441 0.050458244 0.0190291332 0 0 0
nt@synapse_cleft 2597 -0.0142942705 0.0174055224 0.0023997454 0 0 0
nt@synapse_cleft 2600 0.0111249482 0.0479828371 0.0195251867 0 0 0
nt@synapse_cleft 2603 0.00793243779 -0.0156374733 0.01044326 0 0 0
nt@synapse_cleft 2604 0.0370946573 -0.00495263587 0.00432144409 0 0 0
nt@synapse_cleft 2610 0.00224409478 -0.029431085 0.00502753429 0 0 0
nt@synapse_cleft 2613 -0.031984522 -0.0259795096 0.0156414787 0 0 0
nt@synapse_cleft 2615 -0.0270905396 -0.0621972687 0.00199841742 0 0 0
nt@synapse_cleft 2617 -0.017783187 0.0224029545 0.0100637036 0 0 0
nt@synapse_cleft 2620 0.006485493 -0.038228189 0.00468513845 0 0 0
nt@synapse_cleft 2623 -0.0150799038 -0.0385688019 0.0123484956 0 0 0
nt@synapse_cleft 2625 -0.0324567691 -0.0287660872 0.00769757068 0 0 0
nt@synapse_cleft 2628 0.0325465056 -0.0272060321 0.0169318112 0 0 0
nt@synapse_cleft 2631 -0.00611744389 0.0300765523 0.0158516236 0 0 0
nt@synapse_cleft 2639 0.0100890218 -0.000215833695 0.000282187817 0 0 0
nt@synapse_cleft 2641 -0.0137148517 -0.0306487479 0.0185480479 0 0 0
nt@synapse_cleft 2642 -0.0393037012 -0.0106164751 0.0136763288 0 0 0
nt@synapse_cleft 2645 0.0111043854 0.020055185 0.0138693902 0 0 0
nt@synapse_cleft 2646 0.0308418838 0.0164738317 0.0122798402 0 0 0
nt@synapse_cleft 2650 0.0277910033 -0.00951213632 0.015570171 0 0 0
nt@synapse_cleft 2652 -0.0191006509 -0.00120261565 0.0160324356 0 0 0
nt@synapse_cleft 2660 -0.016811933 -0.0253679239 0.0127121709 0 0 0
nt@synapse_cleft 2661 0.0224069475 -0.0282673025 0.00639045144 0 0 0
nt@synapse_cleft 2670 -0.0305930416 -0.0169110987 0.0172924414 0 0 0
nt@synapse_cleft 2674 -0.026929816 -0.000445839699 0.000235259363 0 0 0
nt@synapse_cleft 2675 0.00346157142 0.0134288705 0.0129858178 0 0 0
nt@synapse_cleft 2680 -0.0497434493 -0.0288402988 0.000706449235 0 0 0
nt@synapse_cleft 2681 -0.0363999275 -0.0224544415 0.0101489692 0 0 0
nt@synapse_cleft 2688 -0.0562089262 0.0570147129 0.00685208805 0 0 0
nt@synapse_cleft 2692 0.0270429833 -0.0178284142 0.00345825609 0 0 0
nt@synapse_cleft 2702 0.00323944779 -0.0153761733 0.00172366138 0 0 0
nt@synapse_cleft 2708 -0.0395989723 0.000174679645 0.019413458 0 0 0
nt@synapse_cleft 2709 -0.0102219372 -0.0009679787 0.0131468694 0 0 0
nt@synapse_cleft 2710 -0.00232949185 -0.0121386199 0.0110775104 0 0 0
nt@synapse_cleft 2713 0.0053003925 -0.0130634416 0.0176911719 0 0 0
nt@synapse_cleft 2714 0.0356124061 0.0222029999 0.00893512569 0 0 0
nt@synapse_cleft 2720 0.017917987 0.0204479608 0.00632475527 0 0 0
nt@synapse_cleft 2724 0.00540934251 -0.0067557769 0.000407850831 0 0 0
nt@synapse_cleft 2729 0.025878671 -0.013209522 0.0185086034 0 0 0
nt@synapse_cleft 2734 0.045464251 0.00520493343 0.0152125689 0 0 0
nt@synapse_cleft 2739 0.0252053131 -0.0172969856 0.016560668 0 0 0
nt@synapse_cleft 2743 -0.00308879948 -0.039755819 0.00914022094 0 0 0
nt@synapse_cleft 2745 0.0292872021 -0.0130141682 0.0117095651 0 0 0
nt@synapse_cleft 2750 0.0371675836 -0.0262512974 0.010609532 0 0 0
nt@synapse_cleft 2752 -0.0344859001 -0.0147583342 0.0113144543 0 0 0
nt@synapse_cleft 2756 0.0261294839 0.00106804244 0.00473742862 0 0 0
nt@synapse_cleft 2758 0.00169783841 -0.0212489843 0.0108560776 0 0 0
nt@synapse_cleft 2760 -0.000734967975 -0.0156126801 0.0189380212 0 0 0
nt@synapse_cleft 2766 -0.0432030403 0.0181933492 0.0129938108 0 0 0
nt@synapse_cleft 2775 0.0243140633 -0.00456025604 0.0185566658 0 0 0
nt@synapse_cleft 2785 -0.000344662474 0.0231489228 0.00182043577 0 0 0
nt@synapse_cleft 2798 -0.0227294842 0.00498349887 0.000589697115 0 0 0
nt@synapse_cleft 2806 0.0294244152 0.0173925266 0.0062227392 0 0 0
nt@synapse_cleft 2807 -0.00846212055 0.00182612851 0.011758044 0 0 0
nt@synapse_cleft 2808 0.0101009423 0.0468017512 0.00762559523 0 0 0
nt@synapse_cleft 2812 -0.052231137 -0.036252573 0.00346986619 0 0 0
nt@synapse_cleft 2815 0.00285711378 -0.00274335144 0.012370292 0 0 0
nt@synapse_cleft 2820 0.0208633151 0.000182443807 0.0103748999 0 0 0
nt@synapse_cleft 2828 0.0171417603 -0.0473758291 0.00897828633 0 0 0
nt@synapse_cleft 2837 -0.00744841095 0.0131028049 0.0187613249 0 0 0
nt@synapse_cleft 2848 0.0204822093 0.0152581495 0.0127195928 0 0 0
nt@synapse_cleft 2854 0.0180448541 0.00369450626 0.00607347814 0 0 0
nt@synapse_cleft 2855 -0.015910327 -0.0235280684 0.000321373043 0 0 0
nt@synapse_cleft 2857 0.0208422156 -0.0186815323 0.0176933536 0 0 0
nt@synapse_cleft 2861 -0.0259588927 0.000479142526 0.00370066751 0 0 0
nt@synapse_cleft 2863 -0.0292942398 0.0198207248 0.0106272881 0 0 0
nt@synapse_cleft 2868 -0.0013865713 0.0153735766 0.000383456569 0 0 0
nt@synapse_cleft 2871 0.00669702545 -0.0536307724 0.00918251119 0 0 0
nt@synapse_cleft 2875 0.00399639072 -0.000757382346 0.0183240253 0 0 0
nt@synapse_cleft 2876 -0.0261193374 -0.0035192802 0.0162322263 0 0 0
nt@synapse_cleft 2880 -0.0111145039 0.0175491002 0.0165101804 0 0 0
nt@synapse_cleft 2884 0.0319505227 -0.00589030419 0.0066388468 0 0 0
nt@synapse_cleft 2887 0.00148706 -0.0195489522 0.0184267188 0 0 0
nt@synapse_cleft 2894 0.0068363914 0.0133153061 0.00506758379 0 0 0
nt@synapse_cleft 2895 0.0580764348 -0.00288297088 0.0177355598 0 0 0
nt@synapse_cleft 2897 0.0118743106 -0.0393378351 0.0180262694 0 0 0
nt@synapse_cleft 2905 -0.0206940385 0.0152563911 0.0130368961 0 0 0
nt@synapse_cleft 2909 0.0290741363 -0.0100662862 0.0126533363 0 0 0
nt@synapse_cleft 2910 -0.0369196677 0.016326858 0.0143475013 0 0 0
nt@synapse_cleft 2912 0.0315925089 -0.00916150597 0.00254616849 0 0 0
nt@synapse_cleft 2915 0.0305928983 -0.0282544573 0.0121775355 0 0 0
nt@synapse_cleft 2917 -0.00886795397 0.022018547 0.00848989665 0 0 0
nt@synapse_cleft 2918 -0.00307217029 -0.0484012547 0.0107933238 0 0 0
nt@synapse_cleft 2920 0.0133403382 -0.00736554769 0.0116808539 0 0 0
nt@synapse_cleft 2921 0.0016489938 0.0427764763 0.0104826827 0 0 0
nt@synapse_cleft 2922 0.0602256827 -0.0114078914 0.0149481387 0 0 0
nt@synapse_cleft 2925 -0.0174227875 0.0224807869 0.0156069186 0 0 0
nt@synapse_cleft 2928 -0.00572704084 0.0425254023 0.00899327445 0 0 0
nt@synapse_cleft 2933 -0.020762733 0.000654489762 0.00629550952 0 0 0
nt@synapse_cleft 2935 -0.0396505553 -0.00316963899 0.0095158754 0 0 0
nt@synapse_cleft 2938 0.0115191796 -0.0211780811 0.01518595 0 0 0
nt@synapse_cleft 2940 0.00343232701 -0.0170206676 0.00274999022 0 0 0
nt@synapse_cleft 2945 -0.0207456527 -0.0118782173 0.00869974324 0 0 0
nt@synapse_cleft 2946 0.00516087797 -0.00099154598 0.000980310125 0 0 0
nt@synapse_cleft 2951 -0.0177198129 0.0104195523 0.00521965242 0 0 0
nt@synapse_cleft 2955 -0.0264581061 -0.00516251563 0.0134961161 0 0 0
nt@synapse_cleft 2961 0.0618104283 -0.0355014973 0.00566170711 0 0 0
nt@synapse_cleft 2962 0.011471703 0.00368897868 0.013699871 0 0 0
nt@synapse_cleft 2967 -0.0286298869 -0.0470214612 0.00338963479 0 0 0
nt@synapse_cleft 2982 -0.00689429548 0.00413480796 0.0111197143 0 0 0
nt@synapse_cleft 2983 0.0224402263 -0.0465200174 0.0064855783 0 0 0
nt@synapse_cleft 2992 -0.04057311 0.0167395215 0.00727361874 0 0 0
nt@synapse_cleft 2993 -0.0155467156 0.0325284531 0.00150693384 0 0 0
nt@synapse_cleft 2997 0.0256202397 -0.0196418799 0.00622173477 0 0 0
nt@synapse_cleft 3006 0.00512231319 0.0393374302 0.0142978164 0 0 0
nt@synapse_cleft 3008 0.0139210118 0.054721409 0.0147468164 0 0 0
nt@synapse_cleft 3012 0.0227738963 -0.0001498438 0.00681490963 0 0 0
nt@synapse_cleft 3019 -0.0111425475 -0.00514336438 0.0038490321 0 0 0
nt@synapse_cleft 3020 -0.0188333309 -0.0175670593 0.0105249586 0 0 0
nt@synapse_cleft 3024 0.014384668 0.0180432526 5.6230352e-05 0 0 0
nt@synapse_cleft 3026 -0.0129533033 0.000495184421 0.00390155819 0 0 0
nt@synapse_cleft 3042 0.00113498808 0.00594284674 0.0163368811 0 0 0
nt@synapse_cleft 3047 0.0304157562 0.0499071216 0.00716387466 0 0 0
nt@synapse_cleft 3057 0.0172039265 -0.017503556 0.0189725856 0 0 0
nt@synapse_cleft 3061 -0.010577111 0.0279669453 0.0188004763 0 0 0
nt@synapse_cleft 3062 0.00870180166 -0.0273355184 0.0173086848 0 0 0
nt@synapse_cleft 3069 0.0499268859 -0.0386568549 0.00110235936 0 0 0
nt@synapse_cleft 3073 0.0050071455 0.0333378324 0.00388342417 0 0 0
nt@synapse_cleft 3076 -0.0285209865 -0.000526103959 0.00228202811 0 0 0
nt@synapse_cleft 3078 -0.0257388299 -0.0198049576 0.00364254206 0 0 0
nt@synapse_cleft 3082 0.018689818 0.0250033731 0.016234056 0 0 0
nt@synapse_cleft 3089 0.0132631538 -0.0107169525 0.000524335338 0 0 0
nt@synapse_cleft 3092 -0.0093406346 0.00878538606 0.0121866434 0 0 0
nt@synapse_cleft 3096 -0.00250352742 0.0212877055 0.00219130377 0 0 0
nt@synapse_cleft 3097 0.0381989062 0.0157573876 0.0103146997 0 0 0
nt@synapse_cleft 3099 -0.0270090406 0.0132799526 0.0130891061 0 0 0
nt@synapse_cleft 3109 -0.0263938253 0.0245704529 0.00943029228 0 0 0
nt@synapse_cleft 3111 -0.00573175816 -0.0167547678 0.00165005318 0 0 0
nt@synapse_cleft 3113 -0.0109763489 0.0213321888 0.0188846408 0 0 0
nt@synapse_cleft 3114 0.0151701839 0.0260011748 0.0144860723 0 0 0
nt@synapse_cleft 3122 -0.00571812014 -0.0060161502 0.0060980437 0 0 0
nt@synapse_cleft 3132 -0.0267110297 -0.00285387429 0.00506229637 0 0 0
nt@synapse_cleft 3134 -0.00558551453 0.0385322079 0.0160750981 0 0 0
nt@synapse_cleft 3144 -0.00401958896 -0.0574482936 0.0160659402 0 0 0
nt@synapse_cleft 3147 -0.00361429511 0.00254462386 0.00844287915 0 0 0
nt@synapse_cleft 3150 0.0270176386 -0.0636423401 0.00908806492 0 0 0
nt@synapse_cleft 3155 -0.00198739259 0.0130169964 0.0154873297 0 0 0
nt@synapse_cleft 3158 -0.0244456064 0.00628524125 0.00317607572 0 0 0
nt@synapse_cleft 3159 -0.0256350164 0.0159765021 0.0118514978 0 0 0
nt@synapse_cleft 3165 0.0286326743 0.00258205282 0.0122917765 0 0 0
nt@synapse_cleft 3167 0.000423549898 0.011621663 0.0113232079 0 0 0
nt@synapse_cleft 3170 0.0289689357 -0.0140976782 0.0148253924 0 0 0
nt@synapse_cleft 3172 -0.0438530915 0.00761535568 0.00788373052 0 0 0
nt@synapse_cleft 3177 0.0100862149 -0.0275982298 0.0081126623 0 0 0
nt@synapse_cleft 3178 -0.00740587007 -0.0164074624 0.00129809446 0 0 0
nt@synapse_cleft 3179 0.0128375912 -0.00500963053 0.00614987692 0 0 0
nt@synapse_cleft 3181 0.0132015194 0.0156750746 0.0182045358 0 0 0
nt@synapse_cleft 3182 -0.0148873009 -0.015817883 0.0142325987 0 0 0
nt@synapse_cleft 3183 -0.0108662882 -0.0221657658 0.0167671422 0 0 0
nt@synapse_cleft 3184 0.00218351925 0.0175025648 0.00301894893 0 0 0
nt@synapse_cleft 3185 -0.0144564617 -0.0125801924 0.00325349707 0 0 0
nt@synapse_cleft 3187 -0.0176551761 0.00359101109 0.00624856796 0 0 0
nt@synapse_cleft 3190 0.0195755184 -0.0106532327 0.00387082013 0 0 0
nt@synapse_cleft 3195 -0.0164106049 0.00204584741 0.00692586063 0 0 0
nt@synapse_cleft 3199 -0.00669561615 0.0425278604 0.0167325309 0 0 0
nt@synapse_cleft 3202 0.00327174146 0.02928007 0.0170812781 0 0 0
nt@synapse_cleft 3207 -0.0134926713 -0.00333269677 0.0161116937 0 0 0
nt@synapse_cleft 3211 0.012596401 0.00584994819 0.0110876158 0 0 0
nt@synapse_cleft 3214 0.00939388998 -0.00432121587 0.0132887664 0 0 0
nt@synapse_cleft 3219 0.00102837707 -0.0573247671 0.00280839519 0 0 0
nt@synapse_cleft 3220 -0.00270190929 0.0153196244 0.0116804407 0 0 0
nt@synapse_cleft 3222 -0.0568318129 -0.0173994937 0.0062514001 0 0 0
nt@synapse_cleft 3227 -0.000457802021 0.00526512057 0.0113214444 0 0 0
nt@synapse_cleft 3230 -0.0577459659 -0.0252420363 0.00272751666 0 0 0
nt@synapse_cleft 3247 0.00538030893 -0.000511375039 0.0124157003 0 0 0
nt@synapse_cleft 3248 -0.0154600427 -0.0221037709 0.0165208693 0 0 0
nt@synapse_cleft 3249 0.00218107548 0.00860707642 0.00888838665 0 0 0
nt@synapse_cleft 3275 0.00151630857 -0.0107412333 0.0160817951 0 0 0
nt@synapse_cleft 3284 0.00853821293 0.00537697209 0.00862702253 0 0 0
nt@synapse_cleft 3302 0.00294141682 -0.0285006709 0.000300487032 0 0 0
nt@synapse_cleft 3304 0.0207622498 0.0531869849 0.000595947889 0 0 0
nt@synapse_cleft 3308 -0.00888374551 0.0330856266 0.00499448275 0 0 0
nt@synapse_cleft 3311 -0.0319568754 0.0289708826 0.0175331453 0 0 0
nt@synapse_cleft 3312 -0.0097768017 -0.0197537133 0.00490881932 0 0 0
nt@synapse_cleft 3313 -0.00115036282 -0.0135934737 0.0154420714 0 0 0
nt@synapse_cleft 3316 0.0166945771 -0.0107165822 0.00146497356 0 0 0
nt@synapse_cleft 3324 -0.00648026619 -0.00507410164 0.00241552555 0 0 0
nt@synapse_cleft 3326 0.00325069645 -0.0130097681 0.00533235927 0 0 0
nt@synapse_cleft 3327 0.0017179606 -0.0372485183 0.0130120003 0 0 0
nt@synapse_cleft 3334 0.0184588713 0.0122960092 0.0125584302 0 0 0
nt@synapse_cleft 3335 0.0323535932 -0.00898550397 0.0173632385 0 0 0
nt@synapse_cleft 3338 0.000273762698 -0.0317039754 0.0109458554 0 0 0
nt@synapse_cleft 3341 0.00544294955 -0.00540792332 0.00637430001 0 0 0
nt@synapse_cleft 3342 -0.00612960545 0.00122162102 0.0174584989 0 0 0
nt@synapse_cleft 3347 0.029323135 -0.0444885587 0.00267636168 0 0 0
nt@synapse_cleft 3354 -0.00524572249 -0.0195982147 0.0108057896 0 0 0
nt@synapse_cleft 3367 0.00263906728 0.02262855 0.00790161973 0 0 0
nt@synapse_cleft 3372 -0.0268856979 -0.0112174603 0.0101643713 0 0 0
nt@synapse_cleft 3375 0.0463162877 0.00977499196 0.0151617882 0 0 0
nt@synapse_cleft 3378 0.0150457177 0.0294052859 0.0103835894 0 0 0
nt@synapse_cleft 3381 0.0122765882 0.0127064069 2.0225613e-05 0 0 0
nt@synapse_cleft 3394 -0.00774074786 -0.0223200818 0.00834794181 0 0 0
nt@synapse_cleft 3401 0.0356659204 0.00113724639 0.0143878116 0 0 0
nt@synapse_cleft 3402 -0.00247598454 0.00024216174 0.00145212412 0 0 0
nt@synapse_cleft 3404 0.0247724253 -0.0239693883 0.0181013539 0 0 0
nt@synapse_cleft 3405 0.0121676782 0.0228582087 0.000976897566 0 0 0
nt@synapse_cleft 3407 0.0021515397 0.0423481862 0.00677319577 0 0 0
nt@synapse_cleft 3413 0.0188961442 0.00477598989 0.00495282339 0 0 0
nt@synapse_cleft 3415 -0.0197376963 0.0131576325 0.0168055746 0 0 0
nt@synapse_cleft 3416 -0.0128194977 -0.0214195294 0.0026134414 0 0 0
nt@synapse_cleft 3419 -0.0377789543 0.0240886813 0.00934836974 0 0 0
nt@synapse_cleft 3429 0.0370179864 -0.0150181335 0.018664863 0 0 0
nt@synapse_cleft 3432 0.0508906004 -0.0589171751 0.0171760704 0 0 0
nt@synapse_cleft 3434 0.0137458949 -0.0216838507 0.00574181062 0 0 0
nt@synapse_cleft 3445 0.0103776415 0.0135114732 0.0154284269 0 0 0
nt@synapse_cleft 3451 0.0204351081 0.0155225107 0.00294724372 0 0 0
nt@synapse_cleft 3455 0.00837351077 -0.0109397371 0.0199786042 0 0 0
nt@synapse_cleft 3467 -0.0543234158 0.00722713265 0.0108872159 0 0 0
nt@synapse_cleft 3470 0.0338020518 -0.0066913222 0.0178248207 0 0 0
nt@synapse_cleft 3472 -0.0272058585 0.00834033172 0.0179085001 0 0 0
nt@synapse_cleft 3474 0.0330027907 -0.00323297328 0.00279215569 0 0 0
nt@synapse_cleft 3482 -0.0514332566 -0.0383231273 0.0147857605 0 0 0
nt@synapse_cleft 3484 -0.00932427364 0.0246010565 0.014771646 0 0 0
nt@synapse_cleft 3496 0.0109780573 -0.00291780032 0.0177626127 0 0 0
nt@synapse_cleft 3500 0.0115459826 -0.0315723389 0.0115105212 0 0 0
nt@synapse_cleft 3502 0.0326753542 0.0167982743 0.00966365549 0 0 0
nt@synapse_cleft 3507 -0.0223753718 -0.0113393979 0.00835356017 0 0 0
nt@synapse_cleft 3511 0.0285301318 -0.0175564067 0.0192414493 0 0 0
nt@synapse_cleft 3514 -0.0100992513 -0.0126563063 0.0179374753 0 0 0
nt@synapse_cleft 3519 0.0327432758 -0.0263565838 0.00677962308 0 0 0
nt@synapse_cleft 3525 9.32649862e-05 -0.0153364762 0.00438181712 0 0 0
nt@synapse_cleft 3526 0.0174003312 -0.0382192349 0.00311925906 0 0 0
nt@synapse_cleft 3529 -0.0381432402 -0.0025258883 0.00788709493 0 0 0
nt@synapse_cleft 3535 0.00554570568 -0.00713947406 0.0198788891 0 0 0
nt@synapse_cleft 3536 -0.011793103 0.0128584029 0.00371826915 0 0 0
nt@synapse_cleft 3538 -0.016931863 0.00347339871 0.00905350946 0 0 0
nt@synapse_cleft 3539 -0.0437322969 0.0279321749 0.00515813292 0 0 0
nt@synapse_cleft 3542 5.88976573e-06 0.0332869811 0.0113783466 0 0 0
nt@synapse_cleft 3543 -0.00620359968 -0.00378578514 0.0128710857 0 0 0
nt@synapse_cleft 3546 -0.0141360142 0.0119323118 0.00727072879 0 0 0
nt@synapse_cleft 3555 -0.0190444574 -0.011004111 0.00860772645 0 0 0
nt@synapse_cleft 3561 -0.0141626854 0.014448641 0.0024793062 0 0 0
nt@synapse_cleft 3562 -0.0487540575 -0.00350359966 0.0155060733 0 0 0
nt@synapse_cleft 3563 0.00373570578 -0.013684087 0.0140404952 0 0 0
nt@synapse_cleft 3565 0.0258646042 -0.0164872831 0.00307444739 0 0 0
nt@synapse_cleft 3566 -0.0015448235 0.0457359927 0.00547841544 0 0 0
nt@synapse_cleft 3567 0.00649252705 0.0154429099 0.0155001179 0 0 0
nt@synapse_cleft 3568 0.0217164774 -0.0244887245 0.0158495941 0 0 0
nt@synapse_cleft 3569 0.0208543265 -0.00354393911 0.0193264138 0 0 0
nt@synapse_cleft 3575 -0.0254682112 0.00792489235 0.00591054471 0 0 0
nt@synapse_cleft 3576 0.0275796785 0.0051189937 0.00141843116 0 0 0
nt@synapse_cleft 3579 0.000522875483 -0.0194603618 0.0057698304 0 0 0
nt@synapse_cleft 3583 -0.00337296183 0.00423684089 0.017944081 0 0 0
nt@synapse_cleft 3585 0.0104204784 0.000457696476 0.0161343255 0 0 0
nt@synapse_cleft 3592 0.0319344136 0.0253073953 0.0198932605 0 0 0
nt@synapse_cleft 3595 -0.0167453727 -0.00261165986 0.00766268771 0 0 0
nt@synapse_cleft 3597 0.0115065123 -0.0269948833 0.0102784851 0 0 0
nt@synapse_cleft 3599 0.0215523346 -0.0375477395 0.0124970517 0 0 0
nt@synapse_cleft 3602 -0.0363702439 -0.0062297902 0.00432366502 0 0 0
nt@synapse_cleft 3603 -0.0100248307 0.0206475929 0.0098184941 0 0 0
nt@synapse_cleft 3606 -0.0093306513 -0.00736951315 0.00964004622 0 0 0
nt@synapse_cleft 3610 -0.00938108856 0.00023650252 0.00190145093 0 0 0
nt@synapse_cleft 3611 0.0146412275 0.00119649401 0.000998324975 0 0 0
nt@synapse_cleft 3616 -0.0291920267 0.0367564578 0.0110499857 0 0 0
nt@synapse_cleft 3617 -0.00582028777 -0.0505370528 0.0138292911 0 0 0
nt@synapse_cleft 3620 0.00642979987 0.0309175623 0.0127458673 0 0 0
nt@synapse_cleft 3625 0.013807709 0.00531400303 0.0198552666 0 0 0
nt@synapse_cleft 3630 0.0156559855 0.0215998928 0.00650451784 0 0 0
nt@synapse_cleft 3635 -0.00860214623 0.00542663432 0.00451357597 0 0 0
nt@synapse_cleft 3636 -0.0227279191 -0.0177367736 0.00925201883 0 0 0
nt@synapse_cleft 3637 0.0507820653 0.0243792663 0.0095825151 0 0 0
nt@synapse_cleft 3640 -0.0164258161 0.00240005802 0.0152673276 0 0 0
nt@synapse_cleft 3642 -0.0249687264 0.000579773227 0.0198501513 0 0 0
nt@synapse_cleft 3645 -0.00462546618 -0.0148383351 0.00731234684 0 0 0
nt@synapse_cleft 3654 0.00286404852 0.049509218 0.00763109504 0 0 0
nt@synapse_cleft 3656 0.00241886343 -0.00793173725 0.0131278955 0 0 0
nt@synapse_cleft 3658 0.0201713426 -0.0163810201 0.01485581 0 0 0
nt@synapse_cleft 3661 0.0219220514 -0.00157743475 0.0118652715 0 0 0
nt@synapse_cleft 3664 0.040379199 -0.0208917479 0.008634663 0 0 0
nt@synapse_cleft 3667 -0.011466635 0.0130159642 0.00865716941 0 0 0
nt@synapse_cleft 3670 0.025210554 -0.0374068394 0.0141656624 0 0 0
nt@synapse_cleft 3676 -0.0346217662 0.00706418785 0.00677227312 0 0 0
nt@synapse_cleft 3680 0.0121862453 -0.00752560792 0.00638042809 0 0 0
nt@synapse_cleft 3681 0.0333261175 -0.0010445589 0.00366705777 0 0 0
nt@synapse_cleft 3687 -0.00331611797 0.00684067559 0.0147109644 0 0 0
nt@synapse_cleft 3689 -0.00953645874 -0.00151946608 0.0124535882 0 0 0
nt@synapse_cleft 3690 0.0198754541 -0.0146912355 0.0192241253 0 0 0
nt@synapse_cleft 3693 -0.0563719076 -0.0283921016 0.00209923707 0 0 0
nt@synapse_cleft 3706 0.0328267282 0.00264636695 0.0154117232 0 0 0
nt@synapse_cleft 3707 -0.0422268152 -0.000223472017 0.00842594128 0 0 0
nt@synapse_cleft 3713 0.0261122757 -0.0283402797 0.0155911733 0 0 0
nt@synapse_cleft 3714 -0.0599908645 -0.00151522407 0.0137143565 0 0 0
nt@synapse_cleft 3726 0.00979142227 -0.0638124404 0.0172855814 0 0 0
nt@synapse_cleft 3728 0.00613963021 0.0122783168 0.00781083603 0 0 0
nt@synapse_cleft 3730 0.0204596719 0.0232855008 0.0185543836 0 0 0
nt@synapse_cleft 3731 -0.00748674275 0.007543802 0.0181355341 0 0 0
nt@synapse_cleft 3732 0.00306746146 -0.0113872172 0.0174500399 0 0 0
nt@synapse_cleft 3734 0.00670058439 0.00224203538 0.0189642716 0 0 0
nt@synapse_cleft 3737 0.00381438684 0.00640758951 0.0161271308 0 0 0
nt@synapse_cleft 3738 -0.000894587379 0.0236009101 0.0189775777 0 0 0
nt@synapse_cleft 3739 0.00551587563 0.0482633494 0.0112181327 0 0 0
nt@synapse_cleft 3745 0.00100696482 0.0208432927 0.00236019513 0 0 0
nt@synapse_cleft 3751 0.0117753115 -0.000708375662 0.00428679583 0 0 0
nt@synapse_cleft 3758 -0.0240193949 -0.0193736556 0.00703280077 0 0 0
nt@synapse_cleft 3759 -0.000968886153 -0.0133996895 0.00227897452 0 0 0
nt@synapse_cleft 3760 -0.0150582106 0.0488157893 0.00871920944 0 0 0
nt@synapse_cleft 3763 0.0544956482 0.0270587553 0.0168279083 0 0 0
nt@synapse_cleft 3768 0.00984945164 -0.0189521709 0.00354142248 0 0 0
nt@synapse_cleft 3770 0.00366167225 0.0103070512 0.0109234385 0 0 0
nt@synapse_cleft 3771 0.0185275048 0.00981364291 0.00927260553 0 0 0
nt@synapse_cleft 3775 0.00159724872 0.0108542496 0.00745345902 0 0 0
nt@synapse_cleft 3783 -0.0250529465 0.0010107318 0.0192903896 0 0 0
nt@synapse_cleft 3788 -0.0201601884 -0.019135904 0.0113721992 0 0 0
nt@synapse_cleft 3793 -0.0113165753 -0.0158118435 0.00297010962 0 0 0
nt@synapse_cleft 3800 0.0335985924 -0.0107365394 0.0132766864 0 0 0
nt@synapse_cleft 3801 -0.0179879919 -0.00422332611 0.0180455592 0 0 0
nt@synapse_cleft 3802 0.0294667638 0.00908108559 0.00582039878 0 0 0
nt@synapse_cleft 3811 -0.0392291786 -0.00797696767 0.0117292068 0 0 0
nt@synapse_cleft 3820 -0.0363973795 0.000768445255 0.00471019477 0 0 0
nt@synapse_cleft 3821 0.0297121837 0.0289065628 0.0110689667 0 0 0
nt@synapse_cleft 3827 0.00756628136 0.0181384634 0.0126927741 0 0 0
nt@synapse_cleft 3831 -0.00663424608 -0.0474787694 0.000993673506 0 0 0
nt@synapse_cleft 3834 0.0450063114 -0.0127114916 0.0119326917 0 0 0
nt@synapse_cleft 3835 0.023546682 -0.0351664252 0.00506376979 0 0 0
nt@synapse_cleft 3841 0.0174046543 -0.0124416734 0.0186122611 0 0 0
nt@synapse_cleft 3844 -0.0135965732 -0.00578281475 0.0196761955 0 0 0
nt@synapse_cleft 3846 -0.00972536281 0.00926389737 0.0142866646 0 0 0
nt@synapse_cleft 3848 0.0202134088 0.0213634171 0.0188546375 0 0 0
nt@synapse_cleft 3850 -0.0141471771 -0.0123216152 0.0130901807 0 0 0
nt@synapse_cleft 3859 0.0310082573 0.0117342149 0.0106950006 0 0 0
nt@synapse_cleft 3869 0.0156695462 -0.0289655944 0.0176652497 0 0 0
nt@synapse_cleft 3879 0.010764204 -0.03626815 0.014911658 0 0 0
nt@synapse_cleft 3886 0.0106119512 0.0373232268 0.0167250513 0 0 0
nt@synapse_cleft 3891 -0.00194269009 -0.0166518772 0.0150393677 0 0 0
nt@synapse_cleft 3902 -0.0139177427 0.00211094869 0.00609188663 0 0 0
nt@synapse_cleft 3907 -0.0218103934 -0.017012781 0.00874877191 0 0 0
nt@synapse_cleft 3908 -0.0138136337 0.0323710683 0.00100656355 0 0 0
nt@synapse_cleft 3909 0.0148624278 0.0355930457 0.000954697957 0 0 0
nt@synapse_cleft 3917 -0.00558249792 -0.0089055934 0.00565957043 0 0 0
nt@synapse_cleft 3918 -0.00146298932 -0.00861879173 0.00401947728 0 0 0
nt@synapse_cleft 3921 0.0220694596 0.029178853 0.0139390516 0 0 0
nt@synapse_cleft 3927 0.00291756919 0.0347655757 0.01425685 0 0 0
nt@synapse_cleft 3932 0.00941368031 -0.0122174466 0.0120256028 0 0 0
nt@synapse_cleft 3936 -0.030840672 0.0196366167 0.0186684671 0 0 0
nt@synapse_cleft 3940 0.00385276707 -0.0206437064 0.00194841241 0 0 0
nt@synapse_cleft 3941 -0.0184975602 0.00830255638 0.00135839742 0 0 0
nt@synapse_cleft 3949 -0.0136286277 0.00546456863 0.00700778633 0 0 0
nt@synapse_cleft 3952 -0.015276773 8.21210045e-05 0.014055491 0 0 0
nt@synapse_cleft 3953 0.00602723329 -0.00631723617 0.000769151926 0 0 0
nt@synapse_cleft 3956 -0.00815328861 -0.0200464788 0.0117507351 0 0 0
nt@synapse_cleft 3957 0.0229027815 -0.00345325044 0.0161388657 0 0 0
nt@synapse_cleft 3958 0.019496021 0.0203008911 0.00782412935 0 0 0
nt@synapse_cleft 3962 -0.0323712846 0.0188882283 0.00301437168 0 0 0
nt@synapse_cleft 3963 0.0201678226 0.0329831242 0.00619764982 0 0 0
nt@synapse_cleft 3965 -0.0333695319 -0.000711888091 0.0131376203 0 0 0
nt@synapse_cleft 3967 0.020195301 -0.0174985272 0.00516914303 0 0 0
nt@synapse_cleft 3968 0.0184880999 -0.00192127719 0.0189634688 0 0 0
nt@synapse_cleft 3969 0.00632580434 -0.0341727752 0.011472401 0 0 0
nt@synapse_cleft 3971 0.0132358429 -0.025726541 0.0043502318 0 0 0
nt@synapse_cleft 3973 0.0144638722 -0.00348652135 0.014070241 0 0 0
nt@synapse_cleft 3974 -0.0286975981 0.0278016433 0.0132436669 0 0 0
nt@synapse_cleft 3977 0.0042147468 0.0274167591 0.000916578057 0 0 0
nt@synapse_cleft 3978 0.020190287 0.00127809732 0.0199440127 0 0 0
nt@synapse_cleft 3983 -0.014508002 -0.0302050461 0.00618213916 0 0 0
nt@synapse_cleft 3988 -0.0128974882 -0.0298339057 0.00794415926 0 0 0
nt@synapse_cleft 3989 0.0478530661 0.00979703704 0.00614337193 0 0 0
nt@synapse_cleft 3991 0.0700560124 -0.0176206382 0.0107928129 0 0 0
nt@synapse_cleft 3992 0.00323599732 0.0159977234 0.018247735 0 0 0
nt@synapse_cleft 3993 -0.0286562132 -0.00134501153 0.00323346227 0 0 0
nt@synapse_cleft 3995 -0.0467406456 0.0103390263 0.00347475697 0 0 0
nt@synapse_cleft 3997 -0.0459107216 -0.000264881488 0.018218049 0 0 0
nt@synapse_cleft 3999 -0.0334760321 -0.0100414739 0.0115534578 0 0 0
nt@synapse_cleft 4009 0.014820673 -0.0083649505 0.00847129958 0 0 0
nt@synapse_cleft 4011 0.00614677459 -0.0104328733 0.000864261545 0 0 0
nt@synapse_cleft 4016 0.00220056894 0.0584280015 0.00935172717 0 0 0
nt@synapse_cleft 4018 0.0037164917 0.0075116559 0.00188077882 0 0 0
nt@synapse_cleft 4022 -0.0215719913 -0.00972847467 0.00781209962 0 0 0
nt@synapse_cleft 4024 -0.00907685912 0.0368078246 0.00203555182 0 0 0
nt@synapse_cleft 4025 -0.0296019683 0.00205998408 0.0198769612 0 0 0
nt@synapse_cleft 4027 0.00880790327 -0.0163514181 0.00675568702 0 0 0
nt@synapse_cleft 4028 -0.017208817 0.020066903 0.00236965179 0 0 0
nt@synapse_cleft 4029 0.0306118564 0.00531651755 0.00665842608 0 0 0
nt@synapse_cleft 4033 -0.0124651437 -0.0175069126 0.00925797447 0 0 0
nt@synapse_cleft 4037 -0.0090445742 0.0278125864 0.0133079401 0 0 0
nt@synapse_cleft 4040 0.00273223477 0.00458710028 0.0138237178 0 0 0
nt@synapse_cleft 4047 -0.0105986966 0.0187534437 0.0179647968 0 0 0
nt@synapse_cleft 4048 0.0230727876 0.022725736 0.0191988253 0 0 0
nt@synapse_cleft 4049 0.0317734597 0.00570550687 0.0163728127 0 0 0
nt@synapse_cleft 4051 0.0145009769 0.00711202009 0.00959538585 0 0 0
nt@synapse_cleft 4064 0.0146379488 0.00203384855 0.0121084082 0 0 0
nt@synapse_cleft 4070 -0.0140651284 0.0212236854 0.0128012619 0 0 0
nt@synapse_cleft 4071 -0.0372224407 -0.032085582 0.0105661666 0 0 0
nt@synapse_cleft 4087 0.00459080093 0.0381757836 0.00709009324 0 0 0
nt@synapse_cleft 4094 0.0314072312 -0.0374403991 0.0115368726 0 0 0
nt@synapse_cleft 4095 0.0202162745 0.0191673909 0.0173731211 0 0 0
nt@synapse_cleft 4097 -0.00562553478 -0.020476332 0.00875076937 0 0 0
nt@synapse_cleft 4099 -0.0063958687 0.0235148869 0.00956742807 0 0 0
nt@synapse_cleft 4102 0.0336053815 -0.0206293341 0.0161738496 0 0 0
nt@synapse_cleft 4103 -0.0109656412 -0.00227742595 0.00757609419 0 0 0
nt@synapse_cleft 4106 0.015644058 0.00942488567 0.00913706556 0 0 0
nt@synapse_cleft 4110 -0.0214861116 0.00933254437 0.00468670489 0 0 0
nt@synapse_cleft 4111 0.0338288384 0.0130167745 0.00433745235 0 0 0
nt@synapse_cleft 4115 0.000496230518 0.0120115415 0.0097937225 0 0 0
nt@synapse_cleft 4116 0.000153503279 -0.00303541886 0.0072079556 0 0 0
nt@synapse_cleft 4119 0.0262537386 -0.0406510106 0.0161193003 0 0 0
nt@synapse_cleft 4123 0.0252560548 0.0194696775 0.00323791186 0 0 0
nt@synapse_cleft 4126 0.03225942 -0.0257960454 0.0111337543 0 0 0
nt@synapse_cleft 4129 -0.0259808876 0.00963207092 0.000200945667 0 0 0
nt@synapse_cleft 4131 -0.0277039079 0.0144865946 0.00439895939 0 0 0
nt@synapse_cleft 4132 0.0276836963 0.0156492077 0.00988987057 0 0 0
nt@synapse_cleft 4135 0.00350321484 -0.0101845365 0.0108745792 0 0 0
nt@synapse_cleft 4143 -0.0290288524 -0.00971155997 0.0178642353 0 0 0
nt@synapse_cleft 4144 0.00306114033 0.000636545187 0.00229202884 0 0 0
nt@synapse_cleft 4150 -0.0363873084 -0.0563242372 0.00921257706 0 0 0
nt@synapse_cleft 4153 -0.010090321 -0.0168599729 0.00316998881 0 0 0
nt@synapse_cleft 4155 0.0167060537 -0.0397469323 0.0126385044 0 0 0
nt@synapse_cleft 4156 0.02289014 -0.00560080401 0.000502462795 0 0 0
nt@synapse_cleft 4157 0.000586467342 0.011747671 0.0108667224 0 0 0
nt@synapse_cleft 4158 -0.00283235708 0.00324417177 0.00285590631 0 0 0
nt@synapse_cleft 4162 0.0265287399 -0.0236983359 0.0138100452 0 0 0
nt@synapse_cleft 4163 -0.00318898547 0.0302131573 0.0190076814 0 0 0
nt@synapse_cleft 4170 -0.0534001524 0.00399988062 0.0147567411 0 0 0
nt@synapse_cleft 4172 -0.0307201058 -7.4171572e-06 0.0150076684 0 0 0
nt@synapse_cleft 4177 -0.0383448751 0.0512367302 0.00492677942 0 0 0
nt@synapse_cleft 4178 -0.020429457 -0.0512876163 0.0118268239 0 0 0
nt@synapse_cleft 4184 0.00897004473 -0.0142723133 0.00358156029 0 0 0
nt@synapse_cleft 4186 -0.00645555072 -0.00539266444 0.0121638007 0 0 0
nt@synapse_cleft 4187 -0.0245958641 -0.0103196605 0.0159058104 0 0 0
nt@synapse_cleft 4193 -0.00948016867 -0.027792994 0.0117935025 0 0 0
nt@synapse_cleft 4196 -0.0289406091 0.0138098089 0.00917172783 0 0 0
nt@synapse_cleft 4210 0.0168980658 -0.000517745972 0.00942578269 0 0 0
nt@synapse_cleft 4214 -0.0431176538 0.00465030516 0.0101428574 0 0 0
nt@synapse_cleft 4215 0.0154442134 -0.0447522694 0.0144438897 0 0 0
nt@synapse_cleft 4220 -0.0100325949 -0.0184763024 0.0091517688 0 0 0
nt@synapse_cleft 4228 0.0207600697 -0.00799750945 0.0119699137 0 0 0
nt@synapse_cleft 4229 -0.0256604378 -0.0216414849 0.0194912228 0 0 0
nt@synapse_cleft 4230 -0.00479212934 0.023972776 0.00700838477 0 0 0
nt@synapse_cleft 4233 0.0049101742 0.0129550488 0.00806634861 0 0 0
nt@synapse_cleft 4234 -0.00369655788 -0.0140705504 0.00154670381 0 0 0
nt@synapse_cleft 4236 -0.00757403866 0.00573769203 0.0196331155 0 0 0
nt@synapse_cleft 4237 0.00562267856 -0.032481525 0.00927878781 0 0 0
nt@synapse_cleft 4238 -0.0181611139 -0.0373914151 0.0133953471 0 0 0
nt@synapse_cleft 4241 -0.0409791564 -0.000602210066 0.00674163394 0 0 0
nt@synapse_cleft 4242 0.010837789 -0.00402468122 0.0172317096 0 0 0
nt@synapse_cleft 4243 0.0228519619 -0.00835419899 0.0195706454 0 0 0
nt@synapse_cleft 4252 0.0407794573 -0.0172243401 0.0188660898 0 0 0
nt@synapse_cleft 4254 0.00778625962 0.0143280084 0.0090315131 0 0 0
nt@synapse_cleft 4255 -0.0181434158 -0.0441239275 0.0199618335 0 0 0
nt@synapse_cleft 4262 0.0379371366 -0.0112816753 0.00566243076 0 0 0
nt@synapse_cleft 4271 0.00490634426 -0.0190804382 0.0196537524 0 0 0
nt@synapse_cleft 4272 -0.00468864205 0.0238571982 0.0110049 0 0 0
nt@synapse_cleft 4279 0.0053665758 -0.0219682945 0.0152332243 0 0 0
nt@synapse_cleft 4283 -0.0295211287 -0.00481368546 0.0189597758 0 0 0
nt@synapse_cleft 4284 0.0308332845 -0.00659776496 0.00253873117 0 0 0
nt@synapse_cleft 4285 -0.0274280974 0.0450126756 0.001890909 0 0 0
nt@synapse_cleft 4287 0.04813973 0.0011070086 0.0141565151 0 0 0
nt@synapse_cleft 4288 0.0147131881 -0.0259974162 0.0192188444 0 0 0
nt@synapse_cleft 4293 -0.0027158128 -0.0240994059 0.00670879545 0 0 0
nt@synapse_cleft 4297 0.0358009352 -0.0270257837 2.13811399e-05 0 0 0
nt@synapse_cleft 4301 0.0145201212 -0.00653908166 0.0122641059 0 0 0
nt@synapse_cleft 4308 0.011237504 0.00191391251 0.0146448411 0 0 0
nt@synapse_cleft 4312 -0.0152751522 -0.0257065221 0.0143758506 0 0 0
nt@synapse_cleft 4317 -0.00246324765 0.0235196542 0.0108136161 0 0 0
nt@synapse_cleft 4318 -0.0172047141 -0.0200632072 0.0117497315 0 0 0
nt@synapse_cleft 4322 0.0121610291 0.0173478606 0.00934861302 0 0 0
nt@synapse_cleft 4326 0.0210088011 -0.0111252934 0.00439181471 0 0 0
nt@synapse_cleft 4330 -0.00910228462 0.0101756128 0.00634121032 0 0 0
nt@synapse_cleft 4334 -0.00436032363 -0.00833730765 0.0133730713 0 0 0
nt@synapse_cleft 4339 -0.0202049936 -0.00599405095 0.00579360372 0 0 0
nt@synapse_cleft 4343 -0.0115997348 -0.0356816579 0.0160107932 0 0 0
nt@synapse_cleft 4346 -0.0031200088 -0.015150729 0.0199069624 0 0 0
nt@synapse_cleft 4351 0.0444534695 0.0115785358 0.00405380345 0 0 0
nt@synapse_cleft 4359 0.0174518192 0.00696829149 0.0124752153 0 0 0
nt@synapse_cleft 4360 0.0196091422 0.0120577608 0.0195031964 0 0 0
nt@synapse_cleft 4363 -0.0426612697 -0.00413994116 0.00772884469 0 0 0
nt@synapse_cleft 4365 0.0184565444 0.0068332252 0.0171065929 0 0 0
nt@synapse_cleft 4372 0.00442918976 -0.0108792562 0.0130871924 0 0 0
nt@synapse_cleft 4374 -0.0212399056 -0.0077717769 0.0148641433 0 0 0
nt@synapse_cleft 4376 -0.0376599523 0.004025688 0.00484236045 0 0 0
nt@synapse_cleft 4379 0.041879468 -0.0333121907 0.0140459727 0 0 0
nt@synapse_cleft 4381 -0.00399330714 -0.0233170632 0.00538037238 0 0 0
nt@synapse_cleft 4386 -0.00495006783 -0.0324900713 0.017575215 0 0 0
nt@synapse_cleft 4391 0.00920511763 -0.0282801597 0.0117949061 0 0 0
nt@synapse_cleft 4392 -0.00444183133 9.40295697e-05 0.0126861715 0 0 0
nt@synapse_cleft 4394 0.0171314584 -0.0152029174 0.0121710895 0 0 0
nt@synapse_cleft 4395 0.0109162282 -0.0229357396 0.000765618395 0 0 0
nt@synapse_cleft 4396 0.0096769359 -0.03640948 0.0144783393 0 0 0
nt@synapse_cleft 4398 -0.0249443704 0.00217789091 0.0133845625 0 0 0
nt@synapse_cleft 4399 0.0323862853 0.0211566726 0.0122498878 0 0 0
nt@synapse_cleft 4403 -0.0110002058 -0.0223881066 0.00865467182 0 0 0
nt@synapse_cleft 4405 -0.0211426741 -0.0145278979 0.00208062534 0 0 0
nt@synapse_cleft 4407 0.0332649446 -0.0445593903 0.00106065224 0 0 0
nt@synapse_cleft 4414 0.0103467624 -0.0125595436 0.00133240628 0 0 0
nt@synapse_cleft 4416 -0.0190367904 0.00971216633 0.00527302176 0 0 0
nt@synapse_cleft 4423 0.029544155 -0.0104274681 0.00463105902 0 0 0
nt@synapse_cleft 4424 -0.0315237159 -0.00184142708 0.0180321156 0 0 0
nt@synapse_cleft 4426 0.01104213 -0.0101675406 0.00494451681 0 0 0
nt@synapse_cleft 4430 -0.00491361134 -0.00584063015 0.00722342631 0 0 0
nt@synapse_cleft 4431 0.00363316283 -0.00772345218 0.00566259288 0 0 0
nt@synapse_cleft 4434 0.0232446514 -0.0212463442 0.0183658658 0 0 0
nt@synapse_cleft 4436 0.0266575125 0.00874816499 0.00695642494 0 0 0
nt@synapse_cleft 4446 0.0043060641 0.0443649167 0.00953613712 0 0 0
nt@synapse_cleft 4449 0.0244234057 0.0454304157 0.00879755768 0 0 0
nt@synapse_cleft 4453 -0.0301199063 0.0102752941 0.0044157376 0 0 0
nt@synapse_cleft 4464 0.0122623328 -0.0340573047 0.017044393 0 0 0
nt@synapse_cleft 4470 -0.0115773522 -0.0261216193 0.00773201437 0 0 0
nt@synapse_cleft 4473 -0.00326929266 -0.0164077897 0.00310708434 0 0 0
nt@synapse_cleft 4478 -0.00649123365 0.0261804256 0.0149805399 0 0 0
nt@synapse_cleft 4480 0.00851480919 0.0214174531 0.0159153722 0 0 0
nt@synapse_cleft 4482 -0.0172469217 0.00483382462 0.0147178379 0 0 0
nt@synapse_cleft 4485 0.0190239233 -0.00937411919 0.00176798584 0 0 0
nt@synapse_cleft 4488 0.0240532748 -0.00275300126 0.0160256879 0 0 0
nt@synapse_cleft 4489 0.0228668821 0.0050661457 0.008574167 0 0 0
nt@synapse_cleft 4491 -0.0114074799 0.0290858989 0.00464597293 0 0 0
nt@synapse_cleft 4496 -0.0532781801 0.031805903 0.0113620109 0 0 0
nt@synapse_cleft 4499 -0.00964770761 0.00199619141 0.00235250285 0 0 0
nt@synapse_cleft 4501 0.00890598573 0.00395241269 0.0184841814 0 0 0
nt@synapse_cleft 4514 0.00771680162 0.0107138909 0.00361405607 0 0 0
nt@synapse_cleft 4517 -0.035117487 0.0403959268 0.00313802914 0 0 0
nt@synapse_cleft 4524 0.00443991077 -0.0274576561 0.0111191363 0 0 0
nt@synapse_cleft 4527 0.0279582112 -0.0303916119 0.0143673185 0 0 0
nt@synapse_cleft 4533 0.00470616424 -0.00513121055 0.00367293336 0 0 0
nt@synapse_cleft 4538 -0.0303513723 -0.0361797013 0.00480280378 0 0 0
nt@synapse_cleft 4540 0.0308553274 -0.000498521611 0.00019023914 0 0 0
nt@synapse_cleft 4542 0.00818400118 0.0276393913 0.00247070591 0 0 0
nt@synapse_cleft 4545 -0.0097549572 0.011354565 0.00974413208 0 0 0
nt@synapse_cleft 4551 -0.00892748872 0.0153108845 0.0177397934 0 0 0
nt@synapse_cleft 4553 -0.0285203134 0.00837351764 0.00407174138 0 0 0
nt@synapse_cleft 4559 -0.00599450269 0.0331477043 0.0103816925 0 0 0
nt@synapse_cleft 4565 -0.0366299873 -0.0218444212 0.0146039533 0 0 0
nt@synapse_cleft 4572 0.00342773299 0.0144833623 0.00514506419 0 0 0
nt@synapse_cleft 4574 0.0319160187 -0.0159863309 0.00192799249 0 0 0
nt@synapse_cleft 4576 -0.0371908497 -0.0166421532 0.0182745289 0 0 0
nt@synapse_cleft 4583 -0.00529808221 -0.00440148903 0.00152348673 0 0 0
nt@synapse_cleft 4587 0.0262663594 0.00258008758 0.0128525304 0 0 0
nt@synapse_cleft 4590 -0.0549005358 -0.0240128647 0.0197967722 0 0 0
nt@synapse_cleft 4593 -0.0281381169 0.0424033334 0.01647025 0 0 0
nt@synapse_cleft 4594 0.0185193381 0.00265914833 0.000685633077 0 0 0
nt@synapse_cleft 4595 0.0253411097 -0.0247682656 0.0158512489 0 0 0
nt@synapse_cleft 4598 0.0290052496 -0.00122906324 0.00581714213 0 0 0
nt@synapse_cleft 4600 -0.0295987207 0.000401290649 0.00603551842 0 0 0
nt@synapse_cleft 4607 -0.00246843435 0.0452103252 0.00887730603 0 0 0
nt@synapse_cleft 4613 0.0446817129 -0.00588559685 0.0131240401 0 0 0
nt@synapse_cleft 4620 0.000750989716 -0.00232333387 0.0125991822 0 0 0
nt@synapse_cleft 4622 0.050489832 0.0474753729 0.0132173776 0 0 0
nt@synapse_cleft 4624 0.0125131539 -0.0215568591 0.013443641 0 0 0
nt@synapse_cleft 4626 0.018629714 0.00264209536 0.0143454787 0 0 0
nt@synapse_cleft 4628 -0.0172640854 -0.00422596574 0.00608777001 0 0 0
nt@synapse_cleft 4641 0.0146332497 -0.0154320328 0.00298434105 0 0 0
nt@synapse_cleft 4654 0.0152371298 -0.0269992151 0.0168909185 0 0 0
nt@synapse_cleft 4658 -0.0283551545 0.0285841976 0.0186386569 0 0 0
nt@synapse_cleft 4659 -0.0564125923 0.0210193805 0.0105053144 0 0 0
nt@synapse_cleft 4660 0.0317824717 -0.0273183121 0.0164567461 0 0 0
nt@synapse_cleft 4661 0.0201878949 -0.0261416518 0.00361305668 0 0 0
nt@synapse_cleft 4664 0.0054601608 -0.0071116855 0.00795170749 0 0 0
nt@synapse_cleft 4666 0.0499795889 0.022937183 0.0182382436 0 0 0
nt@synapse_cleft 4667 -0.0348114706 0.0386729555 0.0147051329 0 0 0
nt@synapse_cleft 4671 -0.00306872267 -0.027542811 0.00521189606 0 0 0
nt@synapse_cleft 4681 0.0161339916 -0.0171563604 0.0189723844 0 0 0
nt@synapse_cleft 4687 -0.00588168733 -0.00572685628 0.0165016649 0 0 0
nt@synapse_cleft 4699 -0.0249887261 0.0169633889 0.00409697525 0 0 0
nt@synapse_cleft 4700 -0.0287086682 0.0654063125 0.013641124 0 0 0
nt@synapse_cleft 4701 0.0166034996 0.0168952092 0.00644496026 0 0 0
nt@synapse_cleft 4706 0.0113706139 -0.0213667125 0.00617283582 0 0 0
nt@synapse_cleft 4709 -0.00384576233 0.0159616209 0.00570882323 0 0 0
nt@synapse_cleft 4710 -0.0108108375 -0.0426807588 0.00275261707 0 0 0
nt@synapse_cleft 4718 0.0341942741 0.0089407145 0.0060290257 0 0 0
nt@synapse_cleft 4732 -0.0217490054 0.00297379606 0.000349274631 0 0 0
nt@synapse_cleft 4736 0.00332023115 -0.00832197125 0.00700862414 0 0 0
nt@synapse_cleft 4746 -0.0457131292 -0.00212979922 0.0036992172 0 0 0
nt@synapse_cleft 4750 0.00756139936 -0.0657735064 0.00934686559 0 0 0
nt@synapse_cleft 4752 -0.00111440394 -0.00368159923 0.0148260853 0 0 0
nt@synapse_cleft 4753 -0.020998924 0.0128805254 0.00288047737 0 0 0
nt@synapse_cleft 4754 -0.00352960053 0.0132274821 0.010591276 0 0 0
nt@synapse_cleft 4756 -0.0139595675 0.018601759 0.00909972306 0 0 0
nt@synapse_cleft 4758 -0.0462313516 0.015014327 0.0151271197 0 0 0
nt@synapse_cleft 4764 0.0174486339 -0.018179688 0.0172245224 0 0 0
nt@synapse_cleft 4767 0.0191873742 0.0165718007 0.00283437952 0 0 0
nt@synapse_cleft 4779 0.0315962386 -0.0344028835 0.000976046074 0 0 0
nt@synapse_cleft 4784 0.0123045586 0.00840391771 0.0171896781 0 0 0
nt@synapse_cleft 4786 -0.0019283222 0.00171775224 0.0105319587 0 0 0
nt@synapse_cleft 4791 0.0248679634 -0.011769038 0.0155954779 0 0 0
nt@synapse_cleft 4793 -0.033434635 0.0149140394 0.019842468 0 0 0
nt@synapse_cleft 4797 0.00355305525 -0.0406697425 0.008075968 0 0 0
nt@synapse_cleft 4800 0.0168828414 -0.00172664826 0.0029269217 0 0 0
nt@synapse_cleft 4801 -0.0254255454 0.00562893153 0.00494030337 0 0 0
nt@synapse_cleft 4807 0.0121992766 -0.0113026231 0.00886148259 0 0 0
nt@synapse_cleft 4809 -0.0263059149 -0.0308779801 0.0144065279 0 0 0
nt@synapse_cleft 4812 0.00321420157 -0.05615007 0.00207268606 0 0 0
nt@synapse_cleft 4813 -0.0378486955 -0.0727799937 0.0060053634 0 0 0
nt@synapse_cleft 4814 -0.0171363476 0.0243197864 0.00673995438 0 0 0
nt@synapse_cleft 4816 -0.0330650457 -0.021528637 0.00874946605 0 0 0
nt@synapse_cleft 4822 0.000115997904 -0.0155672672 0.00284727051 0 0 0
nt@synapse_cleft 4823 0.00252180985 0.00975227717 0.0120974449 0 0 0
nt@synapse_cleft 4824 0.00207263975 -0.019209583 0.00684993777 0 0 0
nt@synapse_cleft 4825 -0.0118286881 0.0274651971 0.0027735657 0 0 0
nt@synapse_cleft 4829 0.0219558125 -0.0628639024 0.0177436124 0 0 0
nt@synapse_cleft 4830 -0.0104567635 0.0130575401 0.00909672272 0 0 0
nt@synapse_cleft 4833 -0.015884114 -0.0308241615 0.0161715918 0 0 0
nt@synapse_cleft 4838 -0.0122867663 0.0264144536 0.0138270789 0 0 0
nt@synapse_cleft 4839 0.00279652807 0.00645223465 0.0189629355 0 0 0
nt@synapse_cleft 4844 0.0475572386 -0.0224172901 0.0107956118 0 0 0
nt@synapse_cleft 4852 -0.0158100961 -0.0109631839 0.0180833378 0 0 0
nt@synapse_cleft 4854 0.0437274727 -0.0164126285 0.0069190701 0 0 0
nt@synapse_cleft 4855 0.0447289328 0.0102674975 0.0123219748 0 0 0
nt@synapse_cleft 4869 -0.0201780089 0.0150387359 0.0194496436 0 0 0
nt@synapse_cleft 4871 0.0187972634 0.0129487263 0.00292579864 0 0 0
nt@synapse_cleft 4872 -0.0351481431 0.0165417613 0.0170091133 0 0 0
nt@synapse_cleft 4880 -0.00874537773 -0.0196140077 0.0104447597 0 0 0
nt@synapse_cleft 4882 -0.0130478015 -0.0294366732 0.000750135989 0 0 0
nt@synapse_cleft 4883 -0.0216509841 0.00876326242 0.017416539 0 0 0
nt@synapse_cleft 4886 0.0224154068 -0.00772698743 0.0159334444 0 0 0
nt@synapse_cleft 4890 0.00575969818 0.00144549993 0.00672614553 0 0 0
nt@synapse_cleft 4891 -0.00748006087 -0.0196693751 0.00994616697 0 0 0
nt@synapse_cleft 4892 -0.03009545 0.0232701351 0.00382785555 0 0 0
nt@synapse_cleft 4896 -0.0203500141 -0.033229189 0.0192378883 0 0 0
nt@synapse_cleft 4897 0.0325577332 -0.0140687835 0.0028531444 0 0 0
nt@synapse_cleft 4901 0.00597727368 0.0239453694 0.00945430493 0 0 0
nt@synapse_cleft 4905 -0.0117562103 -0.00780672475 0.000842208852 0 0 0
nt@synapse_cleft 4906 0.00219861784 -0.0275102295 0.0103589073 0 0 0
nt@synapse_cleft 4918 -0.0102798041 0.0122923812 0.00512294993 0 0 0
nt@synapse_cleft 4919 0.0179574387 -0.00465124241 0.00270881096 0 0 0
nt@synapse_cleft 4925 0.0212293392 -0.00275461016 0.0186194567 0 0 0
nt@synapse_cleft 4928 0.00527016651 0.0475593438 0.00819732038 0 0 0
nt@synapse_cleft 4931 0.00360357065 -0.00684140373 0.00445393263 0 0 0
nt@synapse_cleft 4937 -0.0621499276 -0.01246347 0.0122361457 0 0 0
nt@synapse_cleft 4939 -0.0195470109 -0.00779553732 0.0129534181 0 0 0
nt@synapse_cleft 4946 -0.010811231 0.0053337691 0.000647346161 0 0 0
nt@synapse_cleft 4956 0.0103427608 -0.00136561629 0.00812955394 0 0 0
nt@synapse_cleft 4967 -3.82344817e-05 0.00247911207 0.00223979871 0 0 0
nt@synapse_cleft 4972 0.0306376472 -0.0166981464 0.0155776622 0 0 0
nt@synapse_cleft 4973 0.00145348677 0.0362387809 0.0121664004 0 0 0
nt@synapse_cleft 4979 -0.00598925359 -0.00224076652 0.000888205446 0 0 0
nt@synapse_cleft 4980 0.00269272383 0.00349760203 0.0192031201 0 0 0
nt@synapse_cleft 4981 -0.013239063 -0.0262394804 0.0108900615 0 0 0
nt@synapse_cleft 4982 0.0093562755 -0.0118445115 0.0043928591 0 0 0
nt@synapse_cleft 4983 -0.0265589459 0.0271005973 0.00939134484 0 0 0
nt@synapse_cleft 4988 0.00775926083 -0.00296235289 0.0154535632 0 0 0
nt@synapse_cleft 4989 -0.0119843238 -0.00765054679 0.0124690863 0 0 0
nt@synapse_cleft 4991 -0.00701369377 -0.0128958026 0.0150206222 0 0 0
nt@synapse_cleft 4994 -0.0349211424 0.0219181594 0.00812884537 0 0 0
nt@synapse_cleft 5004 -0.0229538809 0.0240318772 0.00167175322 0 0 0
nt@synapse_cleft 5006 0.00907136037 -0.00552545456 0.00782670155 0 0 0
nt@synapse_cleft 5009 -0.0196843321 0.01260876 0.0140960877 0 0 0
nt@synapse_cleft 5010 0.0233446766 0.03253351 0.013147408 0 0 0
nt@synapse_cleft 5011 -0.0030025481 -0.0164274987 0.000912886574 0 0 0
nt@synapse_cleft 5015 -0.0285952399 -0.0180202754 0.00458144093 0 0 0
nt@synapse_cleft 5024 -0.00865517261 -0.014643874 0.0142438478 0 0 0
nt@synapse_cleft 5030 0.00830233221 0.0317222883 0.0144327446 0 0 0
nt@synapse_cleft 5044 -0.0362563384 0.00311361588 0.0173340918 0 0 0
nt@synapse_cleft 5045 0.0282495543 0.0194880211 0.00320082929 0 0 0
nt@synapse_cleft 5046 0.00294660435 -0.0082821698 0.00584120355 0 0 0
nt@synapse_cleft 5052 -0.0169566142 -0.00657178731 0.0169063688 0 0 0
nt@synapse_cleft 5055 -0.0120934292 0.0121972147 0.0115049709 0 0 0
nt@synapse_cleft 5059 -0.0405260591 0.0291684153 0.0158953097 0 0 0
nt@synapse_cleft 5061 0.0224383769 -0.0276791594 0.00249147488 0 0 0
nt@synapse_cleft 5063 -0.0157377275 0.0128674126 0.00741969416 0 0 0
nt@synapse_cleft 5065 0.0173163051 -0.0269773973 0.0152864305 0 0 0
nt@synapse_cleft 5072 0.0024025685 0.00842004392 0.00183898515 0 0 0
nt@synapse_cleft 5077 0.0389094828 -0.0170843135 0.010339193 0 0 0
nt@synapse_cleft 5079 0.00477538785 0.0151230331 0.0191270588 0 0 0
nt@synapse_cleft 5081 0.0103003345 0.0178855748 0.00220375484 0 0 0
nt@synapse_cleft 5082 0.0132185233 0.0502570748 0.0144611649 0 0 0
nt@synapse_cleft 5086 0.0307037458 0.0268019874 0.00862524969 0 0 0
nt@synapse_cleft 5105 0.00691897076 -0.0315232512 0.00901944926 0 0 0
nt@synapse_cleft 5106 0.00345936998 -0.0179053507 0.0151743051 0 0 0
nt@synapse_cleft 5111 -0.0193932671 -0.0295755267 0.0132792773 0 0 0
nt@synapse_cleft 5126 -0.0326518719 -0.0128874171 0.00947242408 0 0 0
nt@synapse_cleft 5133 -0.0166030109 0.0221540451 0.0134446321 0 0 0
nt@synapse_cleft 5135 -0.013899565 -0.00920094236 0.0133555186 0 0 0
nt@synapse_cleft 5145 0.00998537799 0.0161570959 0.0111291 0 0 0
nt@synapse_cleft 5154 0.0144224105 0.0297728639 0.0192166398 0 0 0
nt@synapse_cleft 5159 -0.0287687987 0.00129015953 0.0124876667 0 0 0
nt@synapse_cleft 5160 0.0359690501 -0.0153150198 0.0101205931 0 0 0
nt@synapse_cleft 5163 0.00526713209 0.0151869247 0.00632535003 0 0 0
nt@synapse_cleft 5164 0.0103578071 -0.0248390881 0.00248523435 0 0 0
nt@synapse_cleft 5173 -0.0341910071 0.00290436643 0.0170001496 0 0 0
nt@synapse_cleft 5175 -0.0301449413 0.00689482356 0.0175240263 0 0 0
nt@synapse_cleft 5176 -0.0293772877 0.0568503121 0.0168867889 0 0 0
nt@synapse_cleft 5179 0.0319165287 0.00180937612 0.00553022971 0 0 0
nt@synapse_cleft 5182 0.0362511595 0.0107120407 0.0016792354 0 0 0
nt@synapse_cleft 5183 0.0238290307 0.011468779 0.00369912764 0 0 0
nt@synapse_cleft 5186 0.0175253182 -0.013232827 0.0125962555 0 0 0
nt@synapse_cleft 5188 0.0266714805 0.00340582684 0.00313162753 0 0 0
nt@synapse_cleft 5193 0.0177344976 0.00601684529 0.0149192829 0 0 0
nt@synapse_cleft 5196 -0.0141456131 -0.00586183424 0.00724362578 0 0 0
nt@synapse_cleft 5198 -0.00629062595 -0.0224063947 0.00585952166 0 0 0
