nt@synapse_cleft 0 0.0052002586 -0.00795311586 0.0197377282 0 0 0
nt@synapse_cleft 2 -0.0350753205 0.0123710346 0.00141796169 0 0 0
nt@synapse_cleft 7 -0.000348588894 0.00462500151 0.0187876801 0 0 0
nt@synapse_cleft 9 -0.000505382334 -0.016894151 0.00420081826 0 0 0
nt@synapse_cleft 12 0.000163260265 0.0258479729 0.0119558363 0 0 0
nt@synapse_cleft 15 -0.0184150878 0.0171751557 0.00116936148 0 0 0
nt@synapse_cleft 17 0.00562615937 0.00347618132 0.00555578503 0 0 0
nt@synapse_cleft 23 0.00363375063 -0.0546172601 0.00487695098 0 0 0
nt@synapse_cleft 26 -0.0264529801 0.00220084975 0.0174805016 0 0 0
nt@synapse_cleft 30 0.0173776433 -0.0278599077 0.000534303646 0 0 0
nt@synapse_cleft 35 -0.0185766713 0.00648218668 0.0155032109 0 0 0
nt@synapse_cleft 42 0.0102123114 0.00146781677 0.0192978328 0 0 0
nt@synapse_cleft 45 -0.00661830011 0.0160364452 0.013440808 0 0 0
nt@synapse_cleft 54 -0.00145153043 0.0217094347 0.0130019848 0 0 0
nt@synapse_cleft 56 -0.0219343774 -0.018289024 0.015995295 0 0 0
nt@synapse_cleft 59 0.0225184355 0.0196360631 0.0156707634 0 0 0
nt@synapse_cleft 69 0.0108860197 -0.0135386933 0.00282223474 0 0 0
nt@synapse_cleft 72 -0.0167028757 0.0205691771 0.0145942695 0 0 0
nt@synapse_cleft 81 0.0205056586 -0.0326604684 0.00382178469 0 0 0
nt@synapse_cleft 87 -0.0267244767 -0.0115838979 0.0155849077 0 0 0
nt@synapse_cleft 89 0.0216099223 0.00351989772 0.00249725716 0 0 0
nt@synapse_cleft 100 -0.0170373793 -0.016279864 0.0196449959 0 0 0
nt@synapse_cleft 102 -0.0328599631 0.0161139891 0.00347236931 0 0 0
nt@synapse_cleft 103 0.0202672548 -0.0261225108 0.00145565966 0 0 0
nt@synapse_cleft 111 -0.040413883 0.0260941968 0.01525578 0 0 0
nt@synapse_cleft 114 0.0421743223 -0.0298654575 0.0132742399 0 0 0
nt@synapse_cleft 115 -0.00316464324 -0.0514550323 0.00400524486 0 0 0
nt@synapse_cleft 116 -0.0138336472 -0.0265322783 0.0193496466 0 0 0
nt@synapse_cleft 118 0.0184222225 -0.0057515392 0.016110494 0 0 0
nt@synapse_cleft 127 -0.0201301398 -0.0159311554 0.0188239656 0 0 0
nt@synapse_cleft 131 0.00888236879 -0.0404949061 0.00703903513 0 0 0
nt@synapse_cleft 135 -0.022209562 -0.0180809633 0.0179049445 0 0 0
nt@synapse_cleft 137 -0.0536032668 -0.0312089875 0.0081502171 0 0 0
nt@synapse_cleft 143 -0.00194313385 -0.0471273535 0.0139938235 0 0 0
nt@synapse_cleft 148 0.00247635511 0.0545770848 0.00854183912 0 0 0
nt@synapse_cleft 150 -0.0228832018 0.0168288688 0.00383715316 0 0 0
nt@synapse_cleft 156 -0.0237576152 0.00448781909 0.0171377196 0 0 0
nt@synapse_cleft 157 -0.039172555 0.0179018493 0.00943449727 0 0 0
nt@synapse_cleft 160 0.0118382021 0.00535488089 0.0175053396 0 0 0
nt@synapse_cleft 162 -0.00132329718 -0.0180035763 0.00928760623 0 0 0
nt@synapse_cleft 167 -0.00325716847 -0.035133873 0.0147169957 0 0 0
nt@synapse_cleft 168 -0.0238878686 -0.0219093456 0.0108255965 0 0 0
nt@synapse_cleft 170 -0.0203570003 0.0261671027 0.00293559025 0 0 0
nt@synapse_cleft 186 -0.0211260882 -0.0173061933 0.0182082045 0 0 0
nt@synapse_cleft 188 -0.0127998721 -0.0061005566 0.00432667346 0 0 0
nt@synapse_cleft 192 -0.0200630173 0.0291589674 0.0116530009 0 0 0
nt@synapse_cleft 194 1.7643389e-05 -0.0178428759 0.0132478329 0 0 0
nt@synapse_cleft 195 0.0171830503 0.0320338819 0.00466021904 0 0 0
nt@synapse_cleft 197 0.00801980063 -0.00301394923 0.00885568278 0 0 0
nt@synapse_cleft 199 0.0377077034 0.0247709349 0.0130151762 0 0 0
nt@synapse_cleft 203 0.00740887561 -0.0122555417 0.000955840379 0 0 0
nt@synapse_cleft 206 -0.00362898602 -0.015936062 0.0158686728 0 0 0
nt@synapse_cleft 210 -0.0276500335 0.00956065664 0.00869306798 0 0 0
nt@synapse_cleft 219 0.0257029976 0.0483140657 0.0113146535 0 0 0
nt@synapse_cleft 224 -0.0107642944 0.0472221224 0.00613407298 0 0 0
nt@synapse_cleft 227 -0.0183664067 0.0299128151 0.0147585571 0 0 0
nt@synapse_cleft 231 0.00572451992 0.0317023146 0.0181896884 0 0 0
nt@synapse_cleft 235 0.0207323111 -0.0385127941 0.00799042179 0 0 0
nt@synapse_cleft 244 -0.0304787038 5.66249111e-05 0.00647173014 0 0 0
nt@synapse_cleft 246 -0.0296070165 0.0197964505 0.0176103443 0 0 0
nt@synapse_cleft 248 0.0146291662 -0.0211028576 0.0191395104 0 0 0
nt@synapse_cleft 256 -0.0433653658 -0.00850102789 0.00217016862 0 0 0
nt@synapse_cleft 263 0.0445840315 0.0186761616 0.0161085774 0 0 0
nt@synapse_cleft 268 -0.00969840774 -0.0087997259 0.0153737282 0 0 0
nt@synapse_cleft 272 0.00879895415 -0.0372614618 0.0189095069 0 0 0
nt@synapse_cleft 284 -0.0250503313 0.0805699918 0.00877442347 0 0 0
nt@synapse_cleft 289 -0.0403898657 0.0553307673 0.000637575394 0 0 0
nt@synapse_cleft 293 0.0277099867 -0.00405981992 0.0132765702 0 0 0
nt@synapse_cleft 297 -0.0155741989 -0.0120401168 0.0131972666 0 0 0
nt@synapse_cleft 304 -0.0110847506 0.011821458 0.0194634155 0 0 0
nt@synapse_cleft 306 0.0138586688 -0.0194089925 0.00624156947 0 0 0
nt@synapse_cleft 307 0.0200194977 0.00980541425 0.0131765069 0 0 0
nt@synapse_cleft 308 0.0187985016 0.0254461837 0.01582574 0 0 0
nt@synapse_cleft 310 0.0253662474 -0.015197729 0.00768345948 0 0 0
nt@synapse_cleft 315 -0.00056692646 0.0147580786 0.0127918263 0 0 0
nt@synapse_cleft 318 -0.0245110204 0.00754831672 0.019698729 0 0 0
nt@synapse_cleft 319 0.0568101995 0.00449505725 0.0160812082 0 0 0
nt@synapse_cleft 321 0.0477783482 0.0173194022 0.00653996706 0 0 0
nt@synapse_cleft 325 -0.06287243 0.0592509071 0.00143765984 0 0 0
nt@synapse_cleft 331 0.0390591213 -0.0157756592 0.0159817522 0 0 0
nt@synapse_cleft 334 0.0203885735 -0.0103852206 0.0141651102 0 0 0
nt@synapse_cleft 335 0.0211185129 0.0145327958 0.0128004623 0 0 0
nt@synapse_cleft 339 -0.0367461412 -0.0324371811 0.00299697243 0 0 0
nt@synapse_cleft 347 0.00912033234 -0.0143011373 0.00882889938 0 0 0
nt@synapse_cleft 348 0.00871226818 -0.00390381115 0.00991600523 0 0 0
nt@synapse_cleft 350 0.015373553 0.00384980608 0.00194851527 0 0 0
nt@synapse_cleft 352 -0.00938060421 0.00601627091 0.00434010302 0 0 0
nt@synapse_cleft 356 -0.0335017725 0.0233487689 0.015237967 0 0 0
nt@synapse_cleft 359 0.00894590222 0.0462397836 0.00113807342 0 0 0
nt@synapse_cleft 360 0.008347645 0.0316733012 0.0163286579 0 0 0
nt@synapse_cleft 361 -0.0221244176 0.0131846031 0.0180030148 0 0 0
nt@synapse_cleft 364 -0.0136255857 -0.0310416496 0.0157660485 0 0 0
nt@synapse_cleft 371 -0.0214130624 0.0361604162 0.0056523649 0 0 0
nt@synapse_cleft 372 -0.00592891742 0.0088552489 0.0134211424 0 0 0
nt@synapse_cleft 376 -0.000639875066 0.000118504676 0.0136431869 0 0 0
nt@synapse_cleft 381 -0.0173674807 -0.0110213539 0.00855219884 0 0 0
nt@synapse_cleft 383 -0.00383226389 0.0303459161 0.00728091972 0 0 0
nt@synapse_cleft 385 0.0167168144 0.0197599303 0.011027882 0 0 0
nt@synapse_cleft 388 -0.00787463939 0.00606835261 0.0179617263 0 0 0
nt@synapse_cleft 391 0.0298336756 -0.0318327685 0.00725723139 0 0 0
nt@synapse_cleft 392 0.00328984385 0.00342060492 0.0173350609 0 0 0
nt@synapse_cleft 395 -0.00229878421 -0.0305262151 0.010047502 0 0 0
nt@synapse_cleft 397 0.0157361804 0.0229280579 0.0142920096 0 0 0
nt@synapse_cleft 399 -0.0220916388 0.00746942301 0.000447112787 0 0 0
nt@synapse_cleft 402 0.00499322028 0.051888476 0.00702022845 0 0 0
nt@synapse_cleft 406 -0.0176545501 -0.0312904203 0.00904228402 0 0 0
nt@synapse_cleft 415 0.00381331057 -0.00573525206 0.000700603678 0 0 0
nt@synapse_cleft 421 -0.0427131484 0.0318455253 0.0126883554 0 0 0
nt@synapse_cleft 426 0.030049769 -0.0162835052 0.00887694657 0 0 0
nt@synapse_cleft 429 -0.0143914494 0.0334537535 0.0171942926 0 0 0
nt@synapse_cleft 430 -0.0247462653 -0.03650319 0.0107611719 0 0 0
nt@synapse_cleft 440 0.0249121916 0.00477677989 0.00525301539 0 0 0
nt@synapse_cleft 444 0.00936641878 0.0290310197 0.0195107944 0 0 0
nt@synapse_cleft 449 0.0120724393 -0.0130400909 0.00326196165 0 0 0
nt@synapse_cleft 452 0.0243247117 0.0297076599 0.00871437077 0 0 0
nt@synapse_cleft 453 0.00438696572 0.00491721391 0.0195813982 0 0 0
nt@synapse_cleft 455 0.0103628495 -0.0315054179 0.0153296173 0 0 0
nt@synapse_cleft 461 -0.025661443 -0.00269301902 0.00735758021 0 0 0
nt@synapse_cleft 477 0.0106445024 0.00193175081 0.0123389016 0 0 0
nt@synapse_cleft 479 -0.0149928985 0.00671768752 0.0140166438 0 0 0
nt@synapse_cleft 480 -0.0624081341 0.0256125649 0.00614503966 0 0 0
nt@synapse_cleft 482 -0.0105914181 0.00729221392 0.00483122873 0 0 0
nt@synapse_cleft 483 -0.00390235119 -0.0268823391 0.0179947131 0 0 0
nt@synapse_cleft 484 -0.0103381911 -0.0290583683 0.0103832883 0 0 0
nt@synapse_cleft 499 0.0218382353 0.0183268346 0.0117527267 0 0 0
nt@synapse_cleft 500 0.00421857963 -0.0260971084 0.00394875486 0 0 0
nt@synapse_cleft 501 0.0076156463 0.0237522218 0.013589529 0 0 0
nt@synapse_cleft 503 0.0116394275 -0.018721659 0.0165984322 0 0 0
nt@synapse_cleft 504 0.00465212496 0.0349420646 0.00853426618 0 0 0
nt@synapse_cleft 509 0.00552330869 0.0391679712 0.0101541421 0 0 0
nt@synapse_cleft 510 0.0150908315 0.0088125392 0.0116255637 0 0 0
nt@synapse_cleft 514 -0.0165028105 -0.00353546787 0.00638957607 0 0 0
nt@synapse_cleft 522 -0.0354226742 0.000320811813 0.0128680093 0 0 0
nt@synapse_cleft 524 -0.00848058079 0.0174081804 0.0120451877 0 0 0
nt@synapse_cleft 530 0.0260758552 0.00135084643 0.00942424278 0 0 0
nt@synapse_cleft 536 -0.022798356 -0.0451609649 0.00432485013 0 0 0
nt@synapse_cleft 544 0.0222485199 0.0130923703 0.00848516611 0 0 0
nt@synapse_cleft 546 -0.0427094238 0.0215425724 0.00809140697 0 0 0
nt@synapse_cleft 548 -0.0127656602 0.0247515356 0.0195746058 0 0 0
nt@synapse_cleft 549 0.0411795507 -0.0445443968 0.00811111763 0 0 0
nt@synapse_cleft 551 0.0115469557 -0.0159201166 0.00734150403 0 0 0
nt@synapse_cleft 552 0.0169151378 -0.00376763863 0.0118072282 0 0 0
nt@synapse_cleft 557 -0.0183369944 0.00549383216 0.0160507075 0 0 0
nt@synapse_cleft 558 -0.0158930686 -0.0182966823 0.00344076177 0 0 0
nt@synapse_cleft 563 -0.0129560341 -0.0462825455 0.0168049887 0 0 0
nt@synapse_cleft 568 0.00276934105 0.00671640347 0.0092164218 0 0 0
nt@synapse_cleft 572 -0.0311077655 0.0159167265 0.00562768724 0 0 0
nt@synapse_cleft 574 -0.00587165128 -0.000580198273 0.0134740696 0 0 0
nt@synapse_cleft 575 0.0030221759 -0.008721245 0.0117190387 0 0 0
nt@synapse_cleft 581 0.00106446618 -0.00163781951 0.00212679634 0 0 0
nt@synapse_cleft 583 0.0110711905 0.0333437473 0.00971157292 0 0 0
nt@synapse_cleft 586 0.00708063675 0.00906294468 0.0149462145 0 0 0
nt@synapse_cleft 591 -0.0126641774 0.0379424423 0.0145593882 0 0 0
nt@synapse_cleft 593 0.00259064393 0.0320531376 0.0135482159 0 0 0
nt@synapse_cleft 594 0.0299301569 0.0278936685 0.00845819123 0 0 0
nt@synapse_cleft 595 -0.000626755922 -0.0359165117 0.012250315 0 0 0
nt@synapse_cleft 596 -0.0234340754 0.0160247015 0.0166128077 0 0 0
nt@synapse_cleft 598 -0.00794718305 0.0136132163 0.0193529152 0 0 0
nt@synapse_cleft 611 -0.021975597 0.00277942526 0.0161808684 0 0 0
nt@synapse_cleft 615 0.0371531899 -0.0249340069 0.00514002748 0 0 0
nt@synapse_cleft 616 0.00110355514 -0.0141902087 0.0057133183 0 0 0
nt@synapse_cleft 618 -0.00753118573 -0.0309773699 0.0044238481 0 0 0
nt@synapse_cleft 620 -0.00827515785 -0.00788016757 0.00710924181 0 0 0
nt@synapse_cleft 624 0.0193800232 -0.00921912074 0.0122400134 0 0 0
nt@synapse_cleft 627 0.00459382973 -0.0226447755 0.0166070291 0 0 0
nt@synapse_cleft 629 0.0147595024 0.00387422107 0.000115451753 0 0 0
nt@synapse_cleft 630 0.0116998549 0.00430077712 0.0110033771 0 0 0
nt@synapse_cleft 633 -0.00947270785 0.0318004284 0.005155473 0 0 0
nt@synapse_cleft 634 0.0120702224 -0.0133930538 0.0184745014 0 0 0
nt@synapse_cleft 639 -0.020653242 -0.0493248409 0.000374024026 0 0 0
nt@synapse_cleft 645 -0.013011154 -0.00645193017 0.00470696067 0 0 0
nt@synapse_cleft 647 0.0135694338 0.0307593673 0.000799460916 0 0 0
nt@synapse_cleft 660 -0.0119166972 -0.0242975515 0.00385729868 0 0 0
nt@synapse_cleft 661 -0.0410103769 -0.00710464326 0.00632474582 0 0 0
nt@synapse_cleft 662 -0.00787239429 0.000300200221 0.00521361315 0 0 0
nt@synapse_cleft 664 -0.0141485844 0.00210973561 0.014056978 0 0 0
nt@synapse_cleft 674 -0.0143459929 0.0100823825 0.00356694806 0 0 0
nt@synapse_cleft 675 0.0015614126 0.012560186 0.0121959925 0 0 0
nt@synapse_cleft 678 0.0191720007 -0.00427596119 0.00740453912 0 0 0
nt@synapse_cleft 679 -0.0121989403 -0.014537574 0.00236683037 0 0 0
nt@synapse_cleft 681 -0.00994496484 -0.0183368086 0.0199136425 0 0 0
nt@synapse_cleft 684 -0.0134362796 -0.00852247318 0.00508617471 0 0 0
nt@synapse_cleft 689 0.0162710401 -0.000544960118 0.00747766144 0 0 0
nt@synapse_cleft 691 0.0230180105 -0.00904338668 0.000544620462 0 0 0
nt@synapse_cleft 693 0.0190613748 0.0303474571 0.0159628869 0 0 0
nt@synapse_cleft 695 -0.015565086 0.030930773 0.0135800906 0 0 0
nt@synapse_cleft 698 0.0146733116 0.012060752 0.00952116674 0 0 0
nt@synapse_cleft 699 -0.0117779235 -0.0646757061 0.008991909 0 0 0
nt@synapse_cleft 704 -0.00120895904 0.0130515095 0.00528254727 0 0 0
nt@synapse_cleft 710 0.0327732492 -0.00308073184 0.00715337311 0 0 0
nt@synapse_cleft 712 -0.0181210649 -0.0128879222 0.0109749471 0 0 0
nt@synapse_cleft 715 0.0122926106 0.020004132 0.0177063926 0 0 0
nt@synapse_cleft 720 0.0412178663 -0.0327601069 0.00293933923 0 0 0
nt@synapse_cleft 721 0.0083993704 0.00225321378 0.00751374495 0 0 0
nt@synapse_cleft 726 -0.0213243561 -0.00345932955 0.0100867288 0 0 0
nt@synapse_cleft 727 -0.00062573516 0.0226710881 0.0183031704 0 0 0
nt@synapse_cleft 728 -0.0105437287 0.00512613983 0.00114897511 0 0 0
nt@synapse_cleft 732 0.0317063346 0.0476274184 0.00768097258 0 0 0
nt@synapse_cleft 735 -0.0459052706 0.00846063825 0.00553659051 0 0 0
nt@synapse_cleft 737 0.0401759304 -0.000845658512 0.0135303066 0 0 0
nt@synapse_cleft 741 0.00305668923 0.00158406246 0.0036250289 0 0 0
nt@synapse_cleft 744 -0.0105373201 0.0244349426 0.00152140821 0 0 0
nt@synapse_cleft 746 -0.0110254979 0.00756122063 0.0105125494 0 0 0
nt@synapse_cleft 750 0.01885091 -0.00149084799 0.0177738152 0 0 0
nt@synapse_cleft 754 -0.011319844 -0.022249147 0.0189352828 0 0 0
nt@synapse_cleft 755 0.0207228733 0.0145941618 0.00566271864 0 0 0
nt@synapse_cleft 760 -0.00130175963 -0.0578280341 0.00598134604 0 0 0
nt@synapse_cleft 762 0.0137025238 -0.0177170744 0.00432071108 0 0 0
nt@synapse_cleft 765 -0.0262859063 0.014084236 0.0140339674 0 0 0
nt@synapse_cleft 768 -0.0194865369 -0.0130514655 0.019924609 0 0 0
nt@synapse_cleft 769 0.00849354541 0.0376825965 0.00815410862 0 0 0
nt@synapse_cleft 774 0.00178340646 0.0290239648 0.0188663902 0 0 0
nt@synapse_cleft 777 0.0444706592 -0.0339855139 0.00998650032 0 0 0
nt@synapse_cleft 779 -0.0141485201 0.0122373717 0.0175390262 0 0 0
nt@synapse_cleft 784 0.0125665337 0.0113456524 0.0189179799 0 0 0
nt@synapse_cleft 797 -0.0117783839 0.0315852175 0.00629383321 0 0 0
nt@synapse_cleft 803 -0.027001597 -0.044893285 0.0173439353 0 0 0
nt@synapse_cleft 804 0.00284770042 0.0190275003 0.00484315539 0 0 0
nt@synapse_cleft 814 0.0267126057 0.021860603 0.00272711067 0 0 0
nt@synapse_cleft 816 -0.00138964473 -0.0236705934 0.00416555512 0 0 0
nt@synapse_cleft 817 -0.00128928134 -0.0103021721 0.00355319425 0 0 0
nt@synapse_cleft 828 0.00929317918 -0.0319396723 0.0180858063 0 0 0
nt@synapse_cleft 831 -0.00590163888 -0.0217863691 0.00689086978 0 0 0
nt@synapse_cleft 833 -0.025290069 -0.00369581292 0.0146835255 0 0 0
nt@synapse_cleft 837 -0.0112274544 -0.0197684992 0.0198100501 0 0 0
nt@synapse_cleft 844 -0.0101949095 -0.000775173554 0.011763388 0 0 0
nt@synapse_cleft 847 0.0201689187 -0.0019324422 0.000726528977 0 0 0
nt@synapse_cleft 850 -0.0130072417 0.0265370388 0.0165785681 0 0 0
nt@synapse_cleft 854 0.00340371579 0.0296959478 0.00121288944 0 0 0
nt@synapse_cleft 866 0.00069209944 -0.0211538794 0.015107523 0 0 0
nt@synapse_cleft 871 -0.0096915469 0.00935880054 0.0131215052 0 0 0
nt@synapse_cleft 872 0.0178654441 -0.021527296 0.00646158852 0 0 0
nt@synapse_cleft 875 -0.0188592453 -0.0214832724 0.0143105065 0 0 0
nt@synapse_cleft 877 -0.0436669774 0.0138499993 0.00807142217 0 0 0
nt@synapse_cleft 881 -0.0186528303 0.0122672764 0.00793418076 0 0 0
nt@synapse_cleft 884 0.00119437246 0.0202965538 0.0186583891 0 0 0
nt@synapse_cleft 900 0.0161886776 -0.0103000086 0.0150388517 0 0 0
nt@synapse_cleft 904 -0.0290319073 0.000147383895 0.00049369372 0 0 0
nt@synapse_cleft 906 -0.0328401398 0.0124139321 0.0103055501 0 0 0
nt@synapse_cleft 908 -0.0315847987 -0.00143874337 0.00979333959 0 0 0
nt@synapse_cleft 909 0.0125164757 0.00595991208 0.0182399108 0 0 0
nt@synapse_cleft 913 -0.0127445335 -0.0124736662 0.00891039358 0 0 0
nt@synapse_cleft 918 0.0529084387 -0.00458652417 0.0176260672 0 0 0
nt@synapse_cleft 920 0.0115133241 -0.0125750801 0.0173020704 0 0 0
nt@synapse_cleft 924 -0.0342010771 0.0178757493 0.0118822109 0 0 0
nt@synapse_cleft 925 -0.029967627 0.0531390145 0.0170163728 0 0 0
nt@synapse_cleft 926 -0.0115965014 -0.0554509515 0.0157288806 0 0 0
nt@synapse_cleft 932 0.0149213521 -0.0338590967 0.00754625536 0 0 0
nt@synapse_cleft 938 -0.0191022312 0.0157635224 0.0142346256 0 0 0
nt@synapse_cleft 940 -0.0523582131 -0.0241923541 0.0136775966 0 0 0
nt@synapse_cleft 941 -0.0262868546 0.0296257405 0.0177843313 0 0 0
nt@synapse_cleft 942 0.014387977 -0.0281129957 0.00355271518 0 0 0
nt@synapse_cleft 943 0.018440159 -0.0107987432 0.0161427426 0 0 0
nt@synapse_cleft 944 -0.0113107889 -0.0526662054 0.00483733631 0 0 0
nt@synapse_cleft 945 -0.0161847214 0.0180605437 0.000343821786 0 0 0
nt@synapse_cleft 947 -0.0203171075 -0.00252244723 0.0102367983 0 0 0
nt@synapse_cleft 951 0.000259528188 -0.0039928911 0.00488868079 0 0 0
nt@synapse_cleft 953 -0.0386301239 0.0176827688 0.0182745167 0 0 0
nt@synapse_cleft 954 0.00973869632 -0.0153761402 0.00164881709 0 0 0
nt@synapse_cleft 957 0.0495977929 -0.0232058808 0.00263824935 0 0 0
nt@synapse_cleft 960 -0.0187582848 0.044934599 0.00419323878 0 0 0
nt@synapse_cleft 961 -0.0325617155 -0.00171200757 0.0199104476 0 0 0
nt@synapse_cleft 967 0.0185589225 -0.00142670453 0.015784071 0 0 0
nt@synapse_cleft 976 -0.0273516889 0.0273676928 0.00523127271 0 0 0
nt@synapse_cleft 978 -0.0224581237 -0.0167980411 0.00988441399 0 0 0
nt@synapse_cleft 981 -0.0402239977 0.00496951221 0.0194523964 0 0 0
nt@synapse_cleft 991 0.0308989851 -0.00495277136 0.00399000093 0 0 0
nt@synapse_cleft 992 0.0191661196 0.0110536576 0.0198204346 0 0 0
nt@synapse_cleft 993 -0.0375271758 0.031964375 0.00188803443 0 0 0
nt@synapse_cleft 994 -0.0208642733 -0.00844183229 0.00417205983 0 0 0
nt@synapse_cleft 998 -0.00109725818 0.017511645 0.0189695933 0 0 0
nt@synapse_cleft 999 0.0335106097 -0.0341074433 0.0145918423 0 0 0
nt@synapse_cleft 1002 0.0202315094 0.0470254077 0.0196111981 0 0 0
nt@synapse_cleft 1004 -0.0101125983 0.00698151949 0.00633735309 0 0 0
nt@synapse_cleft 1011 0.0188627551 0.0128944051 0.0127438988 0 0 0
nt@synapse_cleft 1013 -0.0120613174 0.0331490216 0.00319546186 0 0 0
nt@synapse_cleft 1016 -0.0370609888 0.0154030033 0.0167262536 0 0 0
nt@synapse_cleft 1018 0.0104693323 -0.0146431863 0.0125849609 0 0 0
nt@synapse_cleft 1024 -0.0333678976 -0.00699219485 0.0115120677 0 0 0
nt@synapse_cleft 1025 -0.0133465396 -0.0344980354 0.00567813398 0 0 0
nt@synapse_cleft 1027 0.0136142161 0.0306139382 0.0157212682 0 0 0
nt@synapse_cleft 1035 -0.016589748 -0.00371312492 0.0186431384 0 0 0
nt@synapse_cleft 1047 0.00312985757 -0.0299709246 0.00775100141 0 0 0
nt@synapse_cleft 1048 -0.00103746672 -0.0488064482 0.00128605463 0 0 0
nt@synapse_cleft 1050 0.00927091868 -0.042049978 0.0117595609 0 0 0
nt@synapse_cleft 1056 0.00354281064 0.0312636472 0.0040342769 0 0 0
nt@synapse_cleft 1062 0.0471746108 -0.00250503118 0.0161301254 0 0 0
nt@synapse_cleft 1065 -0.00454308453 0.0170316649 0.0143599583 0 0 0
nt@synapse_cleft 1074 0.0112196569 -0.0114062069 0.00944948637 0 0 0
nt@synapse_cleft 1077 -0.0207514471 -0.012044826 0.0099411967 0 0 0
nt@synapse_cleft 1080 -0.0220093289 0.0151992034 0.0140104159 0 0 0
nt@synapse_cleft 1088 -0.0357048612 -0.00815746013 0.0140228085 0 0 0
nt@synapse_cleft 1092 -0.0216505092 -0.00880590916 0.0113872803 0 0 0
nt@synapse_cleft 1098 -0.0119835004 0.0261211373 0.00534110005 0 0 0
nt@synapse_cleft 1102 -0.00699455721 -0.00768372457 0.017039371 0 0 0
nt@synapse_cleft 1107 -0.00914586242 0.0156249449 0.0020789685 0 0 0
nt@synapse_cleft 1108 0.0201841051 0.03449061 0.000667229247 0 0 0
nt@synapse_cleft 1110 0.0220345862 0.014997342 0.0105455364 0 0 0
nt@synapse_cleft 1113 -0.019463378 -0.00455236157 0.000178673332 0 0 0
nt@synapse_cleft 1114 0.00661651951 -0.0326464278 0.00105846206 0 0 0
nt@synapse_cleft 1121 -0.0014640959 0.0479221961 0.0113135754 0 0 0
nt@synapse_cleft 1127 -0.0115422031 -6.67653061e-05 0.00636527033 0 0 0
nt@synapse_cleft 1130 0.0243922046 -0.0118537665 0.0182275244 0 0 0
nt@synapse_cleft 1136 -0.0201933939 -0.0653073234 0.000422077603 0 0 0
nt@synapse_cleft 1138 0.00637349836 0.00892231229 0.0162793507 0 0 0
nt@synapse_cleft 1140 -0.00511111034 -0.029462614 0.0168823355 0 0 0
nt@synapse_cleft 1144 -0.0161694086 -0.0153361076 0.0151424535 0 0 0
nt@synapse_cleft 1145 0.0561861782 -0.0162701367 0.0152781855 0 0 0
nt@synapse_cleft 1149 -0.00997533715 -0.0016581166 0.0191842128 0 0 0
nt@synapse_cleft 1152 0.0296560354 -0.00118230231 0.00956127587 0 0 0
nt@synapse_cleft 1157 0.0309305429 -0.0616187669 0.0176411472 0 0 0
nt@synapse_cleft 1165 0.0232729316 0.0233419213 0.00338299618 0 0 0
nt@synapse_cleft 1166 -0.000917588831 0.00607847947 0.00515445209 0 0 0
nt@synapse_cleft 1167 0.0371185045 0.0228433764 0.000596384046 0 0 0
nt@synapse_cleft 1172 -0.00578280369 -0.000151854454 0.0123979371 0 0 0
nt@synapse_cleft 1173 -0.0119324826 0.00236699914 0.0111653859 0 0 0
nt@synapse_cleft 1177 0.00784729993 0.0606172667 0.00369821605 0 0 0
nt@synapse_cleft 1179 0.00998150092 -0.0137488223 0.0181546764 0 0 0
nt@synapse_cleft 1186 -0.0492852486 -0.00527186042 0.0150795284 0 0 0
nt@synapse_cleft 1188 0.0050744219 -0.043312799 0.00845631104 0 0 0
nt@synapse_cleft 1192 0.0113743411 -0.0321678818 0.0146335756 0 0 0
nt@synapse_cleft 1193 -0.0247796194 -0.00454250375 0.0143624009 0 0 0
nt@synapse_cleft 1197 0.0478487521 0.0273977308 0.00253669853 0 0 0
nt@synapse_cleft 1200 -0.0330649348 0.0254790254 0.0190289226 0 0 0
nt@synapse_cleft 1203 0.00229076436 0.0124926111 0.00516438338 0 0 0
nt@synapse_cleft 1204 0.007005628 -0.00240997329 0.0181037652 0 0 0
nt@synapse_cleft 1205 -0.0309790434 -0.0157973783 0.00943504153 0 0 0
nt@synapse_cleft 1206 -0.0348982438 -0.0058394034 0.0142675135 0 0 0
nt@synapse_cleft 1218 -0.00462895788 0.0415570551 0.0138311998 0 0 0
nt@synapse_cleft 1219 0.00579333254 0.00854278806 0.019577354 0 0 0
nt@synapse_cleft 1231 0.00859563111 0.0119234277 0.00385052739 0 0 0
nt@synapse_cleft 1237 -0.0200745161 -0.0351888458 0.00144951437 0 0 0
nt@synapse_cleft 1238 -0.0519983004 -0.0176906763 0.0174525556 0 0 0
nt@synapse_cleft 1241 0.00487570632 -0.00578361864 0.00582316407 0 0 0
nt@synapse_cleft 1243 -0.0242063451 0.00875359268 0.0127829357 0 0 0
nt@synapse_cleft 1248 -0.000651732069 0.0303660989 0.00149065756 0 0 0
nt@synapse_cleft 1251 -0.0148809254 0.0160619383 0.0167121188 0 0 0
nt@synapse_cleft 1252 -0.0308933894 0.00645348544 0.00239435534 0 0 0
nt@synapse_cleft 1253 -0.0181259255 -0.0207218341 0.00919347117 0 0 0
nt@synapse_cleft 1254 -0.0233872472 0.0297193132 0.0142480253 0 0 0
nt@synapse_cleft 1255 0.0381253613 0.0529870185 0.00397012779 0 0 0
nt@synapse_cleft 1262 0.0152051129 -0.00201363137 0.0190406355 0 0 0
nt@synapse_cleft 1270 0.0446622763 0.00268728659 0.00290517309 0 0 0
nt@synapse_cleft 1275 -0.0306430807 0.0010746686 0.0101276138 0 0 0
nt@synapse_cleft 1289 0.0258045633 0.00648946041 0.00175716787 0 0 0
nt@synapse_cleft 1298 0.00374490288 -0.0209707152 1.08376254e-05 0 0 0
nt@synapse_cleft 1299 -0.0297553237 -0.00239271924 0.00138967915 0 0 0
nt@synapse_cleft 1302 -0.0311666301 0.02379382 0.00415311062 0 0 0
nt@synapse_cleft 1303 -0.00717956036 0.0230486226 0.00484428424 0 0 0
nt@synapse_cleft 1311 0.0110151665 0.00348167495 0.0197032232 0 0 0
nt@synapse_cleft 1316 -0.0301481149 -0.0278224819 0.0128309106 0 0 0
nt@synapse_cleft 1326 0.0173504196 0.0168537317 0.00848265075 0 0 0
nt@synapse_cleft 1328 0.0186625692 0.000902751334 0.00981876817 0 0 0
nt@synapse_cleft 1330 -0.0079488647 -0.0226213084 0.0111008648 0 0 0
nt@synapse_cleft 1331 -0.00981164269 0.00589401594 0.019148907 0 0 0
nt@synapse_cleft 1333 -0.0266367013 0.0295051927 0.00406239223 0 0 0
nt@synapse_cleft 1338 -0.00961284313 0.0101213136 0.0176194989 0 0 0
nt@synapse_cleft 1343 0.0205884788 0.00589277646 0.0189069153 0 0 0
nt@synapse_cleft 1347 -0.0391816605 -0.0149698683 0.0199864677 0 0 0
nt@synapse_cleft 1348 0.0362611096 -0.0269373909 0.0170110696 0 0 0
nt@synapse_cleft 1349 -0.00537754451 -0.0166265005 0.0167671474 0 0 0
nt@synapse_cleft 1351 0.0419886522 -0.0239280426 0.00322816844 0 0 0
nt@synapse_cleft 1356 0.0202578279 0.00531202268 0.00582722888 0 0 0
nt@synapse_cleft 1359 -0.0185015302 -0.00936595063 0.0196129682 0 0 0
nt@synapse_cleft 1361 -0.00768031539 -0.0576765588 0.0067256266 0 0 0
nt@synapse_cleft 1366 0.0236075674 -0.00221018364 0.00543179658 0 0 0
nt@synapse_cleft 1368 0.0335043481 -0.00491982537 0.00223842482 0 0 0
nt@synapse_cleft 1372 -0.0373691513 0.0364659841 0.00201971981 0 0 0
nt@synapse_cleft 1380 0.00143024691 0.0177041919 0.00027090033 0 0 0
nt@synapse_cleft 1381 0.0108075837 -0.0591995626 0.0176504417 0 0 0
nt@synapse_cleft 1382 0.0081676699 0.0251656971 0.00711011458 0 0 0
nt@synapse_cleft 1384 -0.0408610039 -0.00192954564 0.0193975224 0 0 0
nt@synapse_cleft 1390 0.0407790547 -0.000549184244 0.010832512 0 0 0
nt@synapse_cleft 1393 -0.034739739 0.0312094437 0.0149374133 0 0 0
nt@synapse_cleft 1394 0.0236489316 0.0186088417 0.00647715457 0 0 0
nt@synapse_cleft 1397 0.0257717089 0.0312636473 0.0171546337 0 0 0
nt@synapse_cleft 1400 -0.0305992856 0.0251307138 0.00444058449 0 0 0
nt@synapse_cleft 1403 0.00882091282 -0.0044141612 0.0127362958 0 0 0
nt@synapse_cleft 1406 0.0531741242 -0.0238577337 0.00976033261 0 0 0
nt@synapse_cleft 1408 -0.0153222095 -0.00826875812 0.00546416352 0 0 0
nt@synapse_cleft 1411 -0.00356699571 0.0114295822 0.013604251 0 0 0
nt@synapse_cleft 1416 -0.00505150594 0.0380219074 0.00691538054 0 0 0
nt@synapse_cleft 1419 0.0131421445 -0.0127704968 0.0118339116 0 0 0
nt@synapse_cleft 1425 -0.00341018315 -0.0435998999 0.00171510191 0 0 0
nt@synapse_cleft 1427 -0.0303764229 -0.00799854957 0.00578599779 0 0 0
nt@synapse_cleft 1434 0.0121602304 0.0284303841 0.00119753457 0 0 0
nt@synapse_cleft 1438 -0.0075448907 -0.0301629945 0.00358265167 0 0 0
nt@synapse_cleft 1440 0.000114844901 0.0171440271 0.00200989862 0 0 0
nt@synapse_cleft 1441 -0.0392188399 0.0200652987 0.00161519922 0 0 0
nt@synapse_cleft 1442 -0.00070663923 0.0224086215 0.0126167816 0 0 0
nt@synapse_cleft 1444 -0.0188180118 -0.00885088889 0.0179106352 0 0 0
nt@synapse_cleft 1445 0.0127265833 -0.0158166959 0.0116069509 0 0 0
nt@synapse_cleft 1446 -0.0221106193 -0.0234171293 0.0148866805 0 0 0
nt@synapse_cleft 1449 -0.0244816807 -0.013751314 0.00807017016 0 0 0
nt@synapse_cleft 1452 -0.0266658858 -0.0206667126 0.001860766 0 0 0
nt@synapse_cleft 1454 -0.0129962505 0.021567478 0.00129055914 0 0 0
nt@synapse_cleft 1455 -0.0183910604 0.0182208608 0.0127240565 0 0 0
nt@synapse_cleft 1464 -0.0495509571 0.00825487392 0.00126887833 0 0 0
nt@synapse_cleft 1468 0.0419788129 0.0270000747 0.00881635899 0 0 0
nt@synapse_cleft 1470 -0.0611441696 -0.0265912013 0.017366511 0 0 0
nt@synapse_cleft 1472 -0.0442026949 0.00182138592 0.0142455455 0 0 0
nt@synapse_cleft 1473 0.0198531306 -0.0116598135 0.00205794032 0 0 0
nt@synapse_cleft 1479 -0.0325802949 0.0283932285 0.0195661565 0 0 0
nt@synapse_cleft 1481 0.0179629811 0.000185540928 0.017454096 0 0 0
nt@synapse_cleft 1484 -0.00728515598 0.00985596292 0.0196660805 0 0 0
nt@synapse_cleft 1485 -0.0168672078 0.00811283308 0.00469126098 0 0 0
nt@synapse_cleft 1487 -0.0118768728 -0.0299942635 0.00811913152 0 0 0
nt@synapse_cleft 1488 0.0329717471 0.00171877468 0.00159129952 0 0 0
nt@synapse_cleft 1491 -0.0147671046 -0.014171859 0.0126727827 0 0 0
nt@synapse_cleft 1494 0.00291709689 0.0200779308 0.0121546369 0 0 0
nt@synapse_cleft 1496 -0.00438373158 0.0138087957 0.01918465 0 0 0
nt@synapse_cleft 1503 -0.0196840938 -0.0188875615 0.00857105813 0 0 0
nt@synapse_cleft 1506 0.0176243584 -0.0137461815 0.00386514994 0 0 0
nt@synapse_cleft 1507 0.00643103139 0.00429873429 0.0026724499 0 0 0
nt@synapse_cleft 1508 0.0166942535 0.0072201194 0.00990892158 0 0 0
nt@synapse_cleft 1512 -0.0138892613 -0.00935075708 0.00198519777 0 0 0
nt@synapse_cleft 1515 0.00761594087 0.0419532309 0.00816693639 0 0 0
nt@synapse_cleft 1519 0.00670779543 -0.0159738314 0.0144034463 0 0 0
nt@synapse_cleft 1522 -0.0226188197 0.00463761737 0.0111933252 0 0 0
nt@synapse_cleft 1526 0.0230055346 -0.0118262951 0.0165848832 0 0 0
nt@synapse_cleft 1527 -0.000207932421 0.0328049076 0.0140169034 0 0 0
nt@synapse_cleft 1528 -0.04611735 0.00936496431 0.0178619337 0 0 0
nt@synapse_cleft 1531 -0.000504603647 0.0272595499 0.0134787883 0 0 0
nt@synapse_cleft 1538 0.00518698089 0.016330336 0.00774523022 0 0 0
nt@synapse_cleft 1542 -0.0211403874 0.020018702 0.0123087351 0 0 0
nt@synapse_cleft 1545 -0.00182944793 0.00617397207 0.0119169147 0 0 0
nt@synapse_cleft 1548 -0.0239210844 -0.0177556338 0.00637956456 0 0 0
nt@synapse_cleft 1553 0.0564668295 0.0189447298 0.00776799075 0 0 0
nt@synapse_cleft 1554 0.0166465867 0.0059059585 0.003998571 0 0 0
nt@synapse_cleft 1561 0.00696385153 -0.0624856354 0.00711563246 0 0 0
nt@synapse_cleft 1565 -0.0203457697 0.00071670609 0.0162698106 0 0 0
nt@synapse_cleft 1571 -0.0189024317 0.00153282805 0.0144737633 0 0 0
nt@synapse_cleft 1573 0.00893676077 0.0246286316 0.00131220453 0 0 0
nt@synapse_cleft 1583 -0.0179457622 -0.015682783 0.00926677481 0 0 0
nt@synapse_cleft 1584 -0.00885657102 0.00545646652 0.00787968869 0 0 0
nt@synapse_cleft 1588 0.00921189021 -0.0108916632 0.0145876359 0 0 0
nt@synapse_cleft 1590 -0.0352957189 0.0387927759 0.00813342436 0 0 0
nt@synapse_cleft 1592 0.00600439347 -0.0150425946 0.0178856574 0 0 0
nt@synapse_cleft 1596 0.00131952916 -0.0201178508 0.00870345829 0 0 0
nt@synapse_cleft 1597 0.00868459802 0.0388738179 0.00649125417 0 0 0
nt@synapse_cleft 1598 -0.0370113616 -0.0098504749 0.0142279718 0 0 0
nt@synapse_cleft 1600 0.0191360465 -0.0290360005 0.00490169023 0 0 0
nt@synapse_cleft 1605 0.0160535473 0.0120836095 0.00894797204 0 0 0
nt@synapse_cleft 1606 -0.025308413 -0.000288746509 0.00571337988 0 0 0
nt@synapse_cleft 1611 -0.0123258963 -0.0278095017 0.0057041844 0 0 0
nt@synapse_cleft 1612 -0.0213793345 -0.00150640685 0.00186172567 0 0 0
nt@synapse_cleft 1615 0.0114039673 -0.0565175433 0.00549336738 0 0 0
nt@synapse_cleft 1617 0.00811931291 -0.0259442115 0.0148333122 0 0 0
nt@synapse_cleft 1619 0.0263690283 -0.00366081265 0.0164514471 0 0 0
nt@synapse_cleft 1625 -0.0277169363 0.0107267546 0.0185024139 0 0 0
nt@synapse_cleft 1628 0.0149928897 0.0329435731 0.017605639 0 0 0
nt@synapse_cleft 1632 0.0428905049 0.0108601814 0.00923002344 0 0 0
nt@synapse_cleft 1635 0.0187151443 -0.0134724291 0.0184163389 0 0 0
nt@synapse_cleft 1641 0.0336929813 0.014260871 0.00619752485 0 0 0
nt@synapse_cleft 1642 0.0319191138 -0.0122153949 0.0100782265 0 0 0
nt@synapse_cleft 1655 -0.000452772315 0.0251132864 0.00277146583 0 0 0
nt@synapse_cleft 1658 0.0211021812 0.0361752659 0.00653375285 0 0 0
nt@synapse_cleft 1660 0.0136999953 0.0200018314 0.00294559662 0 0 0
nt@synapse_cleft 1675 -0.0351213905 -0.00376117785 0.0189277742 0 0 0
nt@synapse_cleft 1678 -0.008814065 -0.00909523117 0.00158136852 0 0 0
nt@synapse_cleft 1681 -0.0148078392 0.00662449309 0.0169692745 0 0 0
nt@synapse_cleft 1684 0.00222562787 -0.0362304128 0.00773187513 0 0 0
nt@synapse_cleft 1686 -0.0122754272 0.0129151501 0.0199387386 0 0 0
nt@synapse_cleft 1687 -0.031094418 -0.0154022333 0.00376473966 0 0 0
nt@synapse_cleft 1689 0.0106129077 0.0253336624 0.00226239369 0 0 0
nt@synapse_cleft 1692 -0.00671099614 0.0221796409 0.00738218725 0 0 0
nt@synapse_cleft 1695 0.0170424895 -0.00699060074 0.0103506218 0 0 0
nt@synapse_cleft 1701 -0.012482862 0.0105239947 0.0113555726 0 0 0
nt@synapse_cleft 1702 0.0160751877 -0.017826204 0.0182673429 0 0 0
nt@synapse_cleft 1703 7.25334657e-05 0.00809369746 0.00411396343 0 0 0
nt@synapse_cleft 1707 -0.0185791629 -0.0159566331 0.00810540589 0 0 0
nt@synapse_cleft 1708 -0.0255346097 0.0152497742 0.00383878174 0 0 0
nt@synapse_cleft 1713 -0.0189879691 -0.012394262 0.007851516 0 0 0
nt@synapse_cleft 1715 0.00528543394 -0.00529175169 0.0194229278 0 0 0
nt@synapse_cleft 1721 0.00704138015 -0.0310005654 0.00326863345 0 0 0
nt@synapse_cleft 1725 0.0277802795 0.00107603774 0.000931498624 0 0 0
nt@synapse_cleft 1729 -0.00279437467 0.000829139771 0.0173208442 0 0 0
nt@synapse_cleft 1736 0.029078294 0.00907467587 0.0117094621 0 0 0
nt@synapse_cleft 1741 -0.000186193733 -0.0191863565 0.0192889499 0 0 0
nt@synapse_cleft 1742 0.0180141257 -0.0540174003 0.0106471423 0 0 0
nt@synapse_cleft 1743 0.0292862255 0.0424809521 0.0127622968 0 0 0
nt@synapse_cleft 1745 -0.0307934865 0.0101890176 0.00245853954 0 0 0
nt@synapse_cleft 1746 0.00506622311 -0.00757689507 0.0152640062 0 0 0
nt@synapse_cleft 1748 0.0533023934 0.0206108946 0.015216987 0 0 0
nt@synapse_cleft 1749 -0.00311763508 -0.00752478608 0.00162116112 0 0 0
nt@synapse_cleft 1751 0.0397804182 0.000396190005 0.00986242513 0 0 0
nt@synapse_cleft 1759 -0.0149703783 -0.00381088471 0.0183353776 0 0 0
nt@synapse_cleft 1761 -0.0296881414 0.0120094291 0.00886804385 0 0 0
nt@synapse_cleft 1762 -0.0159896036 -0.0339345735 0.0138040035 0 0 0
nt@synapse_cleft 1763 0.0441746424 -0.020185749 0.0127090042 0 0 0
nt@synapse_cleft 1768 0.0054422497 -0.026262934 0.0105813198 0 0 0
nt@synapse_cleft 1769 -0.0227699434 0.00498160637 0.0198335733 0 0 0
nt@synapse_cleft 1775 -0.00168646007 0.000340697242 0.00918348013 0 0 0
nt@synapse_cleft 1777 -0.0024065117 -0.00357883867 0.0111733385 0 0 0
nt@synapse_cleft 1778 0.0280804877 -0.0468632431 0.00772059344 0 0 0
nt@synapse_cleft 1781 -0.0101413754 0.0285388988 0.0109748419 0 0 0
nt@synapse_cleft 1793 0.0167029416 0.0216193515 0.016898136 0 0 0
nt@synapse_cleft 1795 0.0181189791 -0.00945791291 0.00529326851 0 0 0
nt@synapse_cleft 1799 -0.0210368463 0.00587902638 0.00759253449 0 0 0
nt@synapse_cleft 1804 0.0201226642 -0.0125712818 0.00617331007 0 0 0
nt@synapse_cleft 1805 -0.0115324484 -0.00309565964 1.79410863e-05 0 0 0
nt@synapse_cleft 1806 -0.0125156521 0.0058560779 0.0111265635 0 0 0
nt@synapse_cleft 1810 -0.0505130968 -0.0420284735 0.0174881529 0 0 0
nt@synapse_cleft 1811 -0.00294115958 -0.00159323406 0.0136138941 0 0 0
nt@synapse_cleft 1812 -0.000534319739 0.0268662431 0.0166720143 0 0 0
nt@synapse_cleft 1815 -0.00397242749 0.0253721708 0.0045320207 0 0 0
nt@synapse_cleft 1824 -0.000148588449 0.000864812024 0.00219328133 0 0 0
nt@synapse_cleft 1826 0.0269073973 -0.00626466453 0.0146869959 0 0 0
nt@synapse_cleft 1829 0.0381580757 -0.0107166899 0.016783811 0 0 0
nt@synapse_cleft 1830 -0.0348509199 -0.0071784987 0.0140573786 0 0 0
nt@synapse_cleft 1837 -0.0269425188 -0.00865364042 0.0077686256 0 0 0
nt@synapse_cleft 1838 -0.0167140508 -0.0280688962 0.00800013178 0 0 0
nt@synapse_cleft 1840 -0.028097666 0.0030997997 0.00818237291 0 0 0
nt@synapse_cleft 1843 0.0341922883 -0.00676065934 0.0140349035 0 0 0
nt@synapse_cleft 1846 -0.0121445903 -0.00294885095 0.0103031181 0 0 0
nt@synapse_cleft 1849 0.0337318163 0.00162202906 0.0132924771 0 0 0
nt@synapse_cleft 1853 0.0651885171 -0.0085010978 0.0163159848 0 0 0
nt@synapse_cleft 1854 0.0129838303 -0.00787922731 0.0071998982 0 0 0
nt@synapse_cleft 1855 -0.0245192208 0.0095821208 0.0104398959 0 0 0
nt@synapse_cleft 1856 0.0149366121 -2.38034234e-05 0.00801957312 0 0 0
nt@synapse_cleft 1864 0.00184716046 -0.0249953416 0.0113782052 0 0 0
nt@synapse_cleft 1868 -0.0275749692 0.00672916709 0.0182663873 0 0 0
nt@synapse_cleft 1872 0.00449557906 -0.00755133049 0.015159179 0 0 0
nt@synapse_cleft 1873 -0.0586662222 -0.00111975724 0.0095337837 0 0 0
nt@synapse_cleft 1875 -0.0215709853 0.0189458571 0.000315584279 0 0 0
nt@synapse_cleft 1877 0.00510927511 0.0401317721 0.014568476 0 0 0
nt@synapse_cleft 1879 0.0554520801 -0.0403774651 0.019788655 0 0 0
nt@synapse_cleft 1880 -0.0350538546 -0.0140897759 0.00849211448 0 0 0
nt@synapse_cleft 1883 0.01039252 0.0116096515 0.0173111887 0 0 0
nt@synapse_cleft 1885 -0.000207250756 0.00824590281 0.0145473981 0 0 0
nt@synapse_cleft 1887 -0.0250297317 0.0298005155 0.00112854661 0 0 0
nt@synapse_cleft 1890 -0.0296137215 0.0016429849 0.00340056474 0 0 0
nt@synapse_cleft 1892 0.00249211341 0.00861489537 0.0142829256 0 0 0
nt@synapse_cleft 1894 -0.0134367169 0.0201154146 0.0186323538 0 0 0
nt@synapse_cleft 1896 0.0191390276 -0.00626020294 0.00767264147 0 0 0
nt@synapse_cleft 1900 -0.00441986237 -0.00492191484 0.0149304334 0 0 0
nt@synapse_cleft 1904 -0.0324158094 0.0387103319 0.0159656807 0 0 0
nt@synapse_cleft 1912 0.0229974965 -0.0263324055 0.00305572309 0 0 0
nt@synapse_cleft 1914 0.00958787223 0.00714487205 0.00517749945 0 0 0
nt@synapse_cleft 1918 -0.0144032908 0.0462064849 0.0170460814 0 0 0
nt@synapse_cleft 1921 0.00135967783 -0.00603929499 0.010156605 0 0 0
nt@synapse_cleft 1923 -0.0076724353 0.0214121047 0.0136065471 0 0 0
nt@synapse_cleft 1925 0.00781871908 0.0150067869 0.0152346611 0 0 0
nt@synapse_cleft 1926 0.028343198 0.00702785338 0.00226992124 0 0 0
nt@synapse_cleft 1932 0.00632757841 -0.0110601079 0.00964775386 0 0 0
nt@synapse_cleft 1942 0.0239587673 -0.0332954967 0.000978453487 0 0 0
nt@synapse_cleft 1944 0.00376521822 0.00874160888 0.00406203354 0 0 0
nt@synapse_cleft 1946 -0.00924114549 -0.00240049814 0.00780477717 0 0 0
nt@synapse_cleft 1953 -0.0102049185 -0.0206639957 0.0018864293 0 0 0
nt@synapse_cleft 1959 -0.00535541538 -0.0368875099 0.0046251222 0 0 0
nt@synapse_cleft 1961 0.0315096068 0.00594640312 0.0155632138 0 0 0
nt@synapse_cleft 1964 -0.0123161903 -0.00575253728 0.01308326 0 0 0
nt@synapse_cleft 1967 0.00945223866 -0.0197296725 0.00823368058 0 0 0
nt@synapse_cleft 1970 -0.0159323816 -0.0297459099 0.00134349132 0 0 0
nt@synapse_cleft 1973 0.019379537 0.0306959947 0.0100545173 0 0 0
nt@synapse_cleft 1976 -0.0253108496 -0.012425217 0.00502407371 0 0 0
nt@synapse_cleft 1980 -0.0133941885 -0.0237041671 0.0051206102 0 0 0
nt@synapse_cleft 1982 0.00332845515 0.0212199812 0.0180037092 0 0 0
nt@synapse_cleft 1984 -0.0711186388 -0.0192339448 0.00142509221 0 0 0
nt@synapse_cleft 1989 -0.0184871711 0.00670054322 0.0168740927 0 0 0
nt@synapse_cleft 1990 0.0147063467 0.0320713911 0.000635667 0 0 0
nt@synapse_cleft 1993 0.00099522197 -0.0145128089 0.00757887581 0 0 0
nt@synapse_cleft 1997 0.000477558909 0.0177257565 0.0151459829 0 0 0
nt@synapse_cleft 2004 -0.0204865895 0.00598150514 0.0175269705 0 0 0
nt@synapse_cleft 2007 0.00650094583 0.0132570465 0.0188477537 0 0 0
nt@synapse_cleft 2008 0.0161514025 0.00270132496 0.0114496826 0 0 0
nt@synapse_cleft 2013 -0.0159085784 -0.0110825156 0.0189522004 0 0 0
nt@synapse_cleft 2014 0.0259487361 0.0250613586 0.0102328108 0 0 0
nt@synapse_cleft 2016 -0.0149125458 -0.000214283752 0.00297162613 0 0 0
nt@synapse_cleft 2019 0.02782865 -0.0221669142 0.0191790902 0 0 0
nt@synapse_cleft 2026 0.0451942795 -0.0134635144 0.0117813152 0 0 0
nt@synapse_cleft 2027 -0.0137046488 -0.021486313 0.00323331246 0 0 0
nt@synapse_cleft 2032 -0.0278220381 0.00916185657 0.0041745668 0 0 0
nt@synapse_cleft 2035 0.0412117999 0.0265014847 0.0157524168 0 0 0
nt@synapse_cleft 2036 0.0483342341 -0.00302473803 0.00920898535 0 0 0
nt@synapse_cleft 2039 0.0250760233 0.00235161162 0.0149462215 0 0 0
nt@synapse_cleft 2041 0.0224315558 0.00682278003 0.0122916322 0 0 0
nt@synapse_cleft 2044 0.0190367651 -0.0138488802 0.00951943508 0 0 0
nt@synapse_cleft 2052 0.00375642749 -0.00774401992 0.0177065386 0 0 0
nt@synapse_cleft 2056 -0.00965699065 -0.0178339976 0.000217361509 0 0 0
nt@synapse_cleft 2058 -0.0091526175 -0.039080287 0.0160085526 0 0 0
nt@synapse_cleft 2061 0.00549477515 -0.00200422122 0.00278388791 0 0 0
nt@synapse_cleft 2064 0.0309733375 0.0229891407 0.00715441604 0 0 0
nt@synapse_cleft 2074 0.00762242817 -0.0485405444 0.0174218659 0 0 0
nt@synapse_cleft 2091 -0.0172105389 0.0287069545 0.0181948941 0 0 0
nt@synapse_cleft 2092 0.00618981947 0.0248122838 0.0128471866 0 0 0
nt@synapse_cleft 2094 -0.00967022747 0.00276734435 0.0080264364 0 0 0
nt@synapse_cleft 2095 0.0109124302 0.0187067146 0.0161157649 0 0 0
nt@synapse_cleft 2096 -0.016810668 -0.00838465166 6.71529967e-05 0 0 0
nt@synapse_cleft 2101 -0.00461320741 -0.0277484736 0.00277489851 0 0 0
nt@synapse_cleft 2104 0.0241903993 0.00448894456 0.0143694146 0 0 0
nt@synapse_cleft 2112 -0.0158004582 -0.0218112445 0.00444657914 0 0 0
nt@synapse_cleft 2115 -0.0287392542 -0.00116269028 0.0197668855 0 0 0
nt@synapse_cleft 2119 -0.0197060519 -0.0128532596 0.00482973432 0 0 0
nt@synapse_cleft 2121 0.040754736 -0.011272239 0.0121600688 0 0 0
nt@synapse_cleft 2124 0.00976659532 0.0283044152 0.00523413836 0 0 0
nt@synapse_cleft 2127 0.022190941 0.0156109046 0.00358603697 0 0 0
nt@synapse_cleft 2133 0.0166356198 -0.00957894807 0.00254227966 0 0 0
nt@synapse_cleft 2136 0.0151372918 0.0195810503 0.00241299341 0 0 0
nt@synapse_cleft 2137 -0.0359590769 0.0415372039 0.0053631608 0 0 0
nt@synapse_cleft 2141 0.0225994105 0.0272445138 0.0113274922 0 0 0
nt@synapse_cleft 2148 0.0292406733 -0.0417920491 0.00291539596 0 0 0
nt@synapse_cleft 2156 0.0133877701 -0.0293154716 0.0117097834 0 0 0
nt@synapse_cleft 2160 0.0170358347 0.0108139245 0.0142855454 0 0 0
nt@synapse_cleft 2162 -0.0285316192 0.0223124484 0.0127012029 0 0 0
nt@synapse_cleft 2163 0.0190582761 -0.00537687656 0.0159502893 0 0 0
nt@synapse_cleft 2166 9.41372589e-05 0.0214402421 0.0168544431 0 0 0
nt@synapse_cleft 2170 0.0327296679 0.0026348109 0.0113274531 0 0 0
nt@synapse_cleft 2177 -0.014117629 -0.0187687044 0.00328179551 0 0 0
nt@synapse_cleft 2185 0.000213113917 -0.00427605312 0.00349331484 0 0 0
nt@synapse_cleft 2187 -0.0196690509 0.00698397495 0.00739815167 0 0 0
nt@synapse_cleft 2188 -0.0131323408 0.0408071843 0.00570674439 0 0 0
nt@synapse_cleft 2199 0.0116029076 -0.0154459204 0.012372964 0 0 0
nt@synapse_cleft 2204 -0.0396321403 -0.00714844025 0.0179693192 0 0 0
nt@synapse_cleft 2206 -0.0113679837 -0.0204988973 0.0163517037 0 0 0
nt@synapse_cleft 2207 0.023831267 0.00346169645 0.0152905719 0 0 0
nt@synapse_cleft 2217 0.0215935329 -0.0358890687 0.00222948753 0 0 0
nt@synapse_cleft 2218 0.00763471196 0.0169706195 0.0153650904 0 0 0
nt@synapse_cleft 2223 -0.0238847087 0.0198007474 0.0114849211 0 0 0
nt@synapse_cleft 2228 -0.00335512385 0.000960840084 0.000262834364 0 0 0
nt@synapse_cleft 2235 -0.00476202428 -0.00566508292 0.0154863619 0 0 0
nt@synapse_cleft 2236 0.00929291056 0.0256461232 0.0141286386 0 0 0
nt@synapse_cleft 2248 -0.0249562735 -0.00184122637 0.00836833721 0 0 0
nt@synapse_cleft 2251 0.00903754381 -0.00450318353 0.0186491819 0 0 0
nt@synapse_cleft 2254 -0.00360703867 -0.0149063483 0.0133367487 0 0 0
nt@synapse_cleft 2256 -0.0344854213 -0.0324849235 0.000774807652 0 0 0
nt@synapse_cleft 2257 0.00596578771 -0.00814014314 0.00498470145 0 0 0
nt@synapse_cleft 2262 -0.012919629 0.0358787811 0.0139033433 0 0 0
nt@synapse_cleft 2265 0.026537572 0.0230983166 0.00510928291 0 0 0
nt@synapse_cleft 2269 -0.0370640309 0.0104138495 0.00120896102 0 0 0
nt@synapse_cleft 2271 -0.0713894987 0.017128997 0.004906955 0 0 0
nt@synapse_cleft 2274 -0.00352310436 0.0374706407 0.00222640051 0 0 0
nt@synapse_cleft 2278 0.0302096744 0.0359826579 0.0071919849 0 0 0
nt@synapse_cleft 2279 -0.00212328223 0.00609419352 0.00961174506 0 0 0
nt@synapse_cleft 2283 0.0285072556 -0.0174371879 0.00749811622 0 0 0
nt@synapse_cleft 2284 0.0226292233 -0.00187674104 0.0135670747 0 0 0
nt@synapse_cleft 2285 -0.0141527565 -0.0123830658 0.0151758909 0 0 0
nt@synapse_cleft 2289 0.00156186758 0.00739170981 0.0021618986 0 0 0
nt@synapse_cleft 2292 -0.0194698294 0.0107924676 0.0108030248 0 0 0
nt@synapse_cleft 2298 -0.0379224075 -0.0158626056 0.0112277576 0 0 0
nt@synapse_cleft 2304 -0.0188047989 0.0254711243 0.000609806798 0 0 0
nt@synapse_cleft 2306 0.00310195437 -0.0245421003 0.0101890538 0 0 0
nt@synapse_cleft 2308 -0.0138169757 0.0056434028 0.00054776041 0 0 0
nt@synapse_cleft 2309 0.0108855986 -0.00816383266 0.0156024182 0 0 0
nt@synapse_cleft 2314 -0.00839828871 -0.0235091785 0.0162361291 0 0 0
nt@synapse_cleft 2317 0.0378898183 0.0113494567 0.00705774145 0 0 0
nt@synapse_cleft 2320 0.0127821269 -0.0271600165 0.0035786319 0 0 0
nt@synapse_cleft 2321 0.0589961644 0.00488495697 0.00302228988 0 0 0
nt@synapse_cleft 2326 0.0218410173 0.0136622933 0.00203953662 0 0 0
nt@synapse_cleft 2327 -0.028783348 -0.0336329479 0.0157954946 0 0 0
nt@synapse_cleft 2330 -0.0395093063 0.0224211186 0.00593674958 0 0 0
nt@synapse_cleft 2331 -0.032467587 -0.0380765509 0.00290316602 0 0 0
nt@synapse_cleft 2332 -0.0192059684 -0.0102648987 0.0115129301 0 0 0
nt@synapse_cleft 2343 0.0151447438 -0.00808540486 0.006836632 0 0 0
nt@synapse_cleft 2349 0.0310526619 0.0073586435 0.0136391154 0 0 0
nt@synapse_cleft 2366 0.0209552896 0.0251537226 0.014648952 0 0 0
nt@synapse_cleft 2367 -0.0257614812 -0.0181399704 0.0116269315 0 0 0
nt@synapse_cleft 2369 -0.00753889879 0.00501788475 0.0131598822 0 0 0
nt@synapse_cleft 2370 0.0155977425 -0.0188595138 0.00270543257 0 0 0
nt@synapse_cleft 2375 0.00374539312 0.00978897145 0.0135164244 0 0 0
nt@synapse_cleft 2383 0.020312939 -0.0461638688 0.0145357672 0 0 0
nt@synapse_cleft 2386 -0.00585106009 -0.0217759016 0.00169055545 0 0 0
nt@synapse_cleft 2389 -0.00428780542 -0.0133919299 0.00011199944 0 0 0
nt@synapse_cleft 2397 0.0081793422 -0.0567972397 0.00640080077 0 0 0
nt@synapse_cleft 2400 -0.0219239397 -0.0340013513 0.0167524962 0 0 0
nt@synapse_cleft 2410 0.0109057269 0.000349995739 0.0131571238 0 0 0
nt@synapse_cleft 2411 0.0153403881 -0.0401624771 0.00631330854 0 0 0
nt@synapse_cleft 2412 0.0104229151 0.00845000217 0.013499366 0 0 0
nt@synapse_cleft 2417 -0.0127027451 0.0107755634 0.00990141247 0 0 0
nt@synapse_cleft 2421 -0.005459272 0.0195304648 0.00376983716 0 0 0
nt@synapse_cleft 2423 0.00925814253 -0.0402598742 0.00944546493 0 0 0
nt@synapse_cleft 2434 0.0110770874 -0.0353994303 0.0107591187 0 0 0
nt@synapse_cleft 2437 0.0217776568 0.00972841963 0.00355133042 0 0 0
nt@synapse_cleft 2438 0.00127122344 -0.0390142038 0.00123989194 0 0 0
nt@synapse_cleft 2440 -0.0205374229 -0.0282110736 0.00743039515 0 0 0
nt@synapse_cleft 2446 -0.0283551279 0.017030976 0.00742370023 0 0 0
nt@synapse_cleft 2448 0.000648927964 -0.000614959548 0.0198971332 0 0 0
nt@synapse_cleft 2456 -0.024366818 -0.00960182465 0.0118398943 0 0 0
nt@synapse_cleft 2459 0.00404366677 0.0391469367 0.00025886413 0 0 0
nt@synapse_cleft 2462 -0.0103413951 0.0469429249 0.00137180388 0 0 0
nt@synapse_cleft 2463 0.00870864834 -0.0234412256 0.00941308512 0 0 0
nt@synapse_cleft 2466 -0.00215456359 -0.0333796339 0.00163759442 0 0 0
nt@synapse_cleft 2467 -0.00630379723 0.0240181553 0.0096458217 0 0 0
nt@synapse_cleft 2468 -0.0474708506 -0.0128823353 0.0130531771 0 0 0
nt@synapse_cleft 2470 0.0121205907 0.0105170903 0.00117430711 0 0 0
nt@synapse_cleft 2471 -0.0133741219 -0.00462319115 0.0127645141 0 0 0
nt@synapse_cleft 2472 0.0365106652 -0.0523620114 0.0174098887 0 0 0
nt@synapse_cleft 2480 -0.0151863438 -0.0193107551 0.0188861409 0 0 0
nt@synapse_cleft 2481 -0.0195718189 -0.00764968202 0.00217621772 0 0 0
nt@synapse_cleft 2483 0.0367328052 0.00822214553 0.0126246112 0 0 0
nt@synapse_cleft 2491 0.00330975558 -0.00118413776 0.0173251001 0 0 0
nt@synapse_cleft 2493 0.0212779885 -0.0524234288 0.00935006948 0 0 0
nt@synapse_cleft 2495 -0.021477535 0.0116953307 0.00484556287 0 0 0
nt@synapse_cleft 2498 0.0172346344 -0.00785853357 0.00543128829 0 0 0
nt@synapse_cleft 2501 -0.00503712739 0.0137443343 0.00515728499 0 0 0
nt@synapse_cleft 2502 0.0191167788 -0.0258588113 0.0181672179 0 0 0
nt@synapse_cleft 2507 0.0165457388 0.0163609806 0.0127261081 0 0 0
nt@synapse_cleft 2509 0.00427717036 -0.0251230051 0.019960457 0 0 0
nt@synapse_cleft 2510 0.00401454415 -0.0092274585 0.013398311 0 0 0
nt@synapse_cleft 2513 -0.00344093802 0.0029046556 0.000868067083 0 0 0
nt@synapse_cleft 2517 -0.019774983 -0.0104543963 0.0141591874 0 0 0
nt@synapse_cleft 2520 0.0297426558 0.0265613052 0.00313100321 0 0 0
nt@synapse_cleft 2521 -0.00947566861 0.0212234648 0.0132403861 0 0 0
nt@synapse_cleft 2525 0.0290461042 0.0149959399 0.0134209749 0 0 0
nt@synapse_cleft 2528 -0.0182301498 -0.000923500658 0.00726377402 0 0 0
nt@synapse_cleft 2539 -0.0141447591 0.0178800236 0.0104862363 0 0 0
nt@synapse_cleft 2542 0.029102452 -0.0269883296 0.0127229901 0 0 0
nt@synapse_cleft 2549 -0.0141611218 0.0542094725 0.00933084421 0 0 0
nt@synapse_cleft 2550 0.0275319681 -0.0120946326 0.00405285829 0 0 0
nt@synapse_cleft 2555 0.0450119229 -0.00931397824 0.00977100808 0 0 0
nt@synapse_cleft 2560 -0.0359589346 -0.000577133241 0.00557083501 0 0 0
nt@synapse_cleft 2561 0.0157444118 0.0411076215 0.0111093221 0 0 0
nt@synapse_cleft 2563 0.00610946779 0.00668162097 0.0171602233 0 0 0
nt@synapse_cleft 2564 -0.00910163678 0.0443992053 0.00605667787 0 0 0
nt@synapse_cleft 2566 -0.00188679468 -0.0128286838 0.0100880418 0 0 0
nt@synapse_cleft 2570 0.0204888827 0.0058336337 0.00458993539 0 0 0
nt@synapse_cleft 2571 0.0101351295 -0.0430326544 0.00942492852 0 0 0
nt@synapse_cleft 2577 0.00782340067 0.0242669017 0.0144033755 0 0 0
nt@synapse_cleft 2586 0.0367517984 -0.00544432341 0.00881393128 0 0 0
nt@synapse_cleft 2591 -0.00234059622 -0.0063224322 0.000588207154 0 0 0
nt@synapse_cleft 2593 0.0514116492 0.052398229 0.0181734535 0 0 0
nt@synapse_cleft 2597 -0.0120416133 0.0172172352 0.00164999933 0 0 0
nt@synapse_cleft 2600 0.013548548 0.0473512974 0.0163497757 0 0 0
nt@synapse_cleft 2603 0.00865979446 -0.0120680711 0.0107581553 0 0 0
nt@synapse_cleft 2604 0.0363351845 -0.00267802385 0.00361533044 0 0 0
nt@synapse_cleft 2610 0.00374998717 -0.0334157699 0.000609031591 0 0 0
nt@synapse_cleft 2613 -0.0291724404 -0.0272376411 0.0168552214 0 0 0
nt@synapse_cleft 2615 -0.0260923305 -0.0653528954 0.00105186762 0 0 0
nt@synapse_cleft 2617 -0.0184162636 0.022277686 0.00978424602 0 0 0
nt@synapse_cleft 2620 0.00417982848 -0.0374250134 0.0060120786 0 0 0
nt@synapse_cleft 2623 -0.0151800146 -0.0421267619 0.014446798 0 0 0
nt@synapse_cleft 2625 -0.0332879587 -0.0255967076 0.0051865303 0 0 0
nt@synapse_cleft 2628 0.0296097315 -0.0233521918 0.0150896037 0 0 0
nt@synapse_cleft 2631 -0.00875283761 0.0308852914 0.0183174761 0 0 0
nt@synapse_cleft 2639 0.0143651328 0.0047549024 0.000626446484 0 0 0
nt@synapse_cleft 2641 -0.0144579947 -0.0260114719 0.0172878139 0 0 0
nt@synapse_cleft 2642 -0.037436061 -0.0082248727 0.0157696912 0 0 0
nt@synapse_cleft 2645 0.0128028559 0.0203731771 0.0129080295 0 0 0
nt@synapse_cleft 2646 0.031210685 0.0190931045 0.0116133042 0 0 0
nt@synapse_cleft 2650 0.0243568673 -0.0117994805 0.0152342048 0 0 0
nt@synapse_cleft 2652 -0.017037194 -0.00112870531 0.0183525405 0 0 0
nt@synapse_cleft 2660 -0.018187469 -0.0268298649 0.0115614789 0 0 0
nt@synapse_cleft 2661 0.0258333056 -0.0253227688 0.0046389061 0 0 0
nt@synapse_cleft 2670 -0.0293972715 -0.0144981305 0.0158362741 0 0 0
nt@synapse_cleft 2674 -0.0252694839 0.0015022142 0.000507150703 0 0 0
nt@synapse_cleft 2675 0.00115060669 0.0158402941 0.00876940843 0 0 0
nt@synapse_cleft 2680 -0.0556032173 -0.0285917118 0.00435281171 0 0 0
nt@synapse_cleft 2681 -0.0319183081 -0.0185409303 0.00833008647 0 0 0
nt@synapse_cleft 2688 -0.0583350025 0.0579734127 0.0088519695 0 0 0
nt@synapse_cleft 2692 0.0291057005 -0.0160989882 0.00296022434 0 0 0
nt@synapse_cleft 2702 0.000182930699 -0.0179796054 0.000947329889 0 0 0
nt@synapse_cleft 2708 -0.0379963746 -0.00153853463 0.0187516819 0 0 0
nt@synapse_cleft 2709 -0.00985412956 -0.00184606445 0.0191292509 0 0 0
nt@synapse_cleft 2710 -0.00377840707 -0.0154788547 0.00912869748 0 0 0
nt@synapse_cleft 2713 0.00599274442 -0.0162782789 0.0145966743 0 0 0
nt@synapse_cleft 2714 0.034223404 0.0229535793 0.00752881808 0 0 0
nt@synapse_cleft 2720 0.0140393237 0.0217632176 0.0011822199 0 0 0
nt@synapse_cleft 2724 0.00795348071 -0.00593189451 0.00445064774 0 0 0
nt@synapse_cleft 2729 0.0259207158 -0.0126041213 0.0155991793 0 0 0
nt@synapse_cleft 2734 0.0439130355 0.00240278987 0.0192145848 0 0 0
nt@synapse_cleft 2739 0.029249595 -0.0151642639 0.0120567164 0 0 0
nt@synapse_cleft 2743 -0.00295745957 -0.0388340221 0.0103583522 0 0 0
nt@synapse_cleft 2750 0.0383186793 -0.0260870931 0.0119136046 0 0 0
nt@synapse_cleft 2752 -0.0311000374 -0.0141727109 0.0145544018 0 0 0
nt@synapse_cleft 2756 0.0274670648 0.000598869263 0.00413668084 0 0 0
nt@synapse_cleft 2758 -0.00145694264 -0.0213946858 0.010255768 0 0 0
nt@synapse_cleft 2760 -0.00185965801 -0.0177320125 0.0195487409 0 0 0
nt@synapse_cleft 2766 -0.0442446603 0.022030155 0.0122165764 0 0 0
nt@synapse_cleft 2775 0.0280585151 -0.00446707903 0.0189925593 0 0 0
nt@synapse_cleft 2785 -0.000758270786 0.0250973129 0.0024448059 0 0 0
nt@synapse_cleft 2798 -0.0225101546 0.00850515698 0.00364312049 0 0 0
nt@synapse_cleft 2806 0.0308106926 0.0166732458 0.00359617283 0 0 0
nt@synapse_cleft 2807 -0.00818483878 0.00270897141 0.00958664575 0 0 0
nt@synapse_cleft 2808 0.0154868238 0.0449502919 0.00878306694 0 0 0
nt@synapse_cleft 2812 -0.0535245155 -0.0294292537 0.00663850833 0 0 0
nt@synapse_cleft 2815 -0.00159714697 -0.00154585346 0.00993879643 0 0 0
nt@synapse_cleft 2820 0.01659506 0.00170828289 0.0116192796 0 0 0
nt@synapse_cleft 2828 0.0141942066 -0.0457934673 0.00643396721 0 0 0
nt@synapse_cleft 2837 -0.0101927997 0.0116295264 0.0189423382 0 0 0
nt@synapse_cleft 2848 0.0199396783 0.0168213805 0.012652485 0 0 0
nt@synapse_cleft 2854 0.0231059736 0.00166626909 0.00804508036 0 0 0
nt@synapse_cleft 2855 -0.0156644911 -0.0235777235 0.000419406453 0 0 0
nt@synapse_cleft 2857 0.0210183531 -0.016823009 0.0190338884 0 0 0
nt@synapse_cleft 2861 -0.0265606239 -0.000972283538 0.00365885078 0 0 0
nt@synapse_cleft 2863 -0.0322126964 0.0199086779 0.0115125128 0 0 0
nt@synapse_cleft 2868 8.20078403e-05 0.016213877 0.00133496299 0 0 0
nt@synapse_cleft 2871 0.00738345716 -0.0533264086 0.0100673272 0 0 0
nt@synapse_cleft 2875 0.00102250312 0.000692853354 0.0195529722 0 0 0
nt@synapse_cleft 2876 -0.0252809918 -0.00559359919 0.0161714839 0 0 0
nt@synapse_cleft 2880 -0.0104178928 0.0191713057 0.0137433015 0 0 0
nt@synapse_cleft 2884 0.033894005 -0.00527928864 0.00789366573 0 0 0
nt@synapse_cleft 2887 -0.00112867197 -0.0242790091 0.0198629494 0 0 0
nt@synapse_cleft 2894 0.00971164198 0.0110125336 0.00177900794 0 0 0
nt@synapse_cleft 2895 0.0590121456 -0.0046656197 0.0173523592 0 0 0
nt@synapse_cleft 2897 0.0149627573 -0.0409443861 0.0157330929 0 0 0
nt@synapse_cleft 2905 -0.0171185259 0.0173568709 0.0120678304 0 0 0
nt@synapse_cleft 2909 0.0307592529 -0.0122233991 0.010593727 0 0 0
nt@synapse_cleft 2910 -0.0371457928 0.017445546 0.0145221513 0 0 0
nt@synapse_cleft 2912 0.0314317502 -0.0133643212 0.00343820065 0 0 0
nt@synapse_cleft 2915 0.0271936503 -0.030847492 0.0092356049 0 0 0
nt@synapse_cleft 2918 -0.00758440664 -0.0518279783 0.01207942 0 0 0
nt@synapse_cleft 2920 0.0131695769 -0.00951389344 0.011109306 0 0 0
nt@synapse_cleft 2921 -0.00342866162 0.0433750007 0.00819289871 0 0 0
nt@synapse_cleft 2922 0.0587725257 -0.0141403683 0.0136492559 0 0 0
nt@synapse_cleft 2925 -0.0226068848 0.021543251 0.0178795221 0 0 0
nt@synapse_cleft 2928 -0.00645633729 0.0395467656 0.0100325999 0 0 0
nt@synapse_cleft 2933 -0.0176028145 -0.00131347789 0.00891743299 0 0 0
nt@synapse_cleft 2935 -0.0371315369 -0.00136923091 0.0122803958 0 0 0
nt@synapse_cleft 2938 0.0124415933 -0.0261153546 0.0134408848 0 0 0
nt@synapse_cleft 2940 0.00351938066 -0.0180426251 0.00233478449 0 0 0
nt@synapse_cleft 2945 -0.0237365832 -0.0106373636 0.00556077096 0 0 0
nt@synapse_cleft 2946 0.010242446 -0.0001058322 0.00140498236 0 0 0
nt@synapse_cleft 2951 -0.0178177286 0.00625071039 0.00430428969 0 0 0
nt@synapse_cleft 2955 -0.0271168571 -0.00838084525 0.0139483921 0 0 0
nt@synapse_cleft 2961 0.0598845977 -0.036547931 0.0072373099 0 0 0
nt@synapse_cleft 2962 0.0124061648 0.00392038305 0.0162840893 0 0 0
nt@synapse_cleft 2967 -0.0250349272 -0.0478517527 0.0060057724 0 0 0
nt@synapse_cleft 2982 -0.0098639613 0.00575459354 0.0131840465 0 0 0
nt@synapse_cleft 2983 0.0188868894 -0.0459294665 0.00832128228 0 0 0
nt@synapse_cleft 2992 -0.0382718511 0.0148139693 0.00502456051 0 0 0
nt@synapse_cleft 2993 -0.0121809269 0.0334482069 0.00468808711 0 0 0
nt@synapse_cleft 2997 0.0252494916 -0.0201588835 0.00773990041 0 0 0
nt@synapse_cleft 3006 0.00797765245 0.0393820404 0.0158168089 0 0 0
nt@synapse_cleft 3008 0.0167579355 0.0550699521 0.0105408813 0 0 0
nt@synapse_cleft 3012 0.0221677663 -0.00044981681 0.00668457723 0 0 0
nt@synapse_cleft 3019 -0.0117410572 -0.00261663996 0.006047495 0 0 0
nt@synapse_cleft 3020 -0.0213736652 -0.0187213649 0.0105153272 0 0 0
nt@synapse_cleft 3024 0.0154609852 0.0182433922 0.00273056255 0 0 0
nt@synapse_cleft 3026 -0.0113527635 0.00149880305 0.00561174895 0 0 0
nt@synapse_cleft 3042 -0.00104621029 0.00708328259 0.0158117779 0 0 0
nt@synapse_cleft 3047 0.0322362824 0.0476548067 0.00578278315 0 0 0
nt@synapse_cleft 3057 0.0140962505 -0.0205062315 0.0199274414 0 0 0
nt@synapse_cleft 3061 -0.00969893423 0.0306059996 0.0189442721 0 0 0
nt@synapse_cleft 3062 0.00819571307 -0.0263584941 0.0166821694 0 0 0
nt@synapse_cleft 3069 0.0503475683 -0.039036993 0.000667027208 0 0 0
nt@synapse_cleft 3073 0.00529143825 0.033033489 0.00243880064 0 0 0
nt@synapse_cleft 3076 -0.0300768024 -0.000318372165 0.00270722275 0 0 0
nt@synapse_cleft 3078 -0.0245926358 -0.0192391416 0.000599357424 0 0 0
nt@synapse_cleft 3082 0.0154495918 0.0258865743 0.0180514814 0 0 0
nt@synapse_cleft 3089 0.0132639493 -0.00974042593 0.00031925935 0 0 0
nt@synapse_cleft 3092 -0.0111205465 0.00755084925 0.0162481285 0 0 0
nt@synapse_cleft 3096 -0.00368775715 0.0226951357 3.15649144e-05 0 0 0
nt@synapse_cleft 3097 0.0348592383 0.0155043772 0.00925934912 0 0 0
nt@synapse_cleft 3099 -0.0265990594 0.0139454569 0.0149862662 0 0 0
nt@synapse_cleft 3109 -0.024749428 0.0264966634 0.00657114232 0 0 0
nt@synapse_cleft 3111 -0.00483533643 -0.01757451 0.00200071303 0 0 0
nt@synapse_cleft 3113 -0.0127210758 0.0215854776 0.0192820135 0 0 0
nt@synapse_cleft 3114 0.0190823009 0.0260017249 0.013306176 0 0 0
nt@synapse_cleft 3122 -0.00434191507 -0.00300578876 0.00763744987 0 0 0
nt@synapse_cleft 3132 -0.0263887191 -0.00435306053 0.00598854967 0 0 0
nt@synapse_cleft 3134 -0.00488207529 0.0376924693 0.0143086982 0 0 0
nt@synapse_cleft 3144 -0.00606790148 -0.0569494388 0.0191016711 0 0 0
nt@synapse_cleft 3147 -0.00344435811 0.00273336404 0.00915649941 0 0 0
nt@synapse_cleft 3150 0.0272871056 -0.0668295751 0.00757867201 0 0 0
nt@synapse_cleft 3155 -0.00359609717 0.0126775042 0.0143648851 0 0 0
nt@synapse_cleft 3158 -0.0226366221 0.00562242172 0.00208294589 0 0 0
nt@synapse_cleft 3159 -0.0218286974 0.0185073849 0.0128509376 0 0 0
nt@synapse_cleft 3165 0.0313466287 0.000828995621 0.0109356807 0 0 0
nt@synapse_cleft 3167 0.00165229362 0.00987849804 0.00938553155 0 0 0
nt@synapse_cleft 3170 0.0290563301 -0.0174663294 0.0133841953 0 0 0
nt@synapse_cleft 3172 -0.0425492525 0.0100578323 0.00509176355 0 0 0
nt@synapse_cleft 3177 0.0100233214 -0.0291357744 0.00609582432 0 0 0
nt@synapse_cleft 3178 -0.00613525263 -0.0143382065 0.00179440105 0 0 0
nt@synapse_cleft 3179 0.0160852171 -0.00293259688 0.00750284851 0 0 0
nt@synapse_cleft 3181 0.0144571614 0.0156767198 0.0172664421 0 0 0
nt@synapse_cleft 3182 -0.0141146924 -0.0133446386 0.0158640086 0 0 0
nt@synapse_cleft 3183 -0.00887544929 -0.0225543501 0.0173859371 0 0 0
nt@synapse_cleft 3184 0.00208067185 0.0162910183 0.000811663441 0 0 0
nt@synapse_cleft 3185 -0.0118617156 -0.0155126965 0.00281555756 0 0 0
nt@synapse_cleft 3187 -0.0185776062 0.0053538763 0.00893337887 0 0 0
nt@synapse_cleft 3190 0.0186254526 -0.00937826389 0.00539280764 0 0 0
nt@synapse_cleft 3195 -0.0178978658 0.00183310771 0.00756879095 0 0 0
nt@synapse_cleft 3199 -0.00395029405 0.0399519658 0.0164898799 0 0 0
nt@synapse_cleft 3202 0.000558847364 0.0284692376 0.0179772854 0 0 0
nt@synapse_cleft 3207 -0.0133956786 -0.00255621561 0.0186401738 0 0 0
nt@synapse_cleft 3211 0.0102287998 0.00746528526 0.00874332469 0 0 0
nt@synapse_cleft 3214 0.00885912002 -0.00247417827 0.0155923067 0 0 0
nt@synapse_cleft 3220 -0.00123026131 0.0164373402 0.0103211334 0 0 0
nt@synapse_cleft 3222 -0.0580279059 -0.0174537789 0.00532020367 0 0 0
nt@synapse_cleft 3227 0.00226318838 0.000585433409 0.0149546875 0 0 0
nt@synapse_cleft 3230 -0.0573509086 -0.0231626423 0.00224803651 0 0 0
nt@synapse_cleft 3247 0.00679644232 -0.0033708254 0.0147485861 0 0 0
nt@synapse_cleft 3248 -0.0137486766 -0.0233216564 0.0128735267 0 0 0
nt@synapse_cleft 3249 0.00318042879 0.0074454508 0.00957752185 0 0 0
nt@synapse_cleft 3275 0.00411468051 -0.0122307733 0.014907589 0 0 0
nt@synapse_cleft 3284 0.012708254 0.00453999755 0.00795535018 0 0 0
nt@synapse_cleft 3302 0.00407620654 -0.0314782 0.00250979283 0 0 0
nt@synapse_cleft 3304 0.021091747 0.0546803342 0.00431352656 0 0 0
nt@synapse_cleft 3308 -0.00884830314 0.0316825702 0.00459122252 0 0 0
nt@synapse_cleft 3311 -0.0293063591 0.0286910785 0.016914266 0 0 0
nt@synapse_cleft 3312 -0.0117226624 -0.0188908896 0.00716364937 0 0 0
nt@synapse_cleft 3313 -0.00333896043 -0.0149128833 0.0139828124 0 0 0
nt@synapse_cleft 3316 0.011870988 -0.00912435511 0.00559649766 0 0 0
nt@synapse_cleft 3324 -0.005871681 -0.00572848489 0.00259728565 0 0 0
nt@synapse_cleft 3326 0.00520780373 -0.0115168781 0.00298315834 0 0 0
nt@synapse_cleft 3327 0.00736573033 -0.0345062138 0.0179997472 0 0 0
nt@synapse_cleft 3334 0.0237648806 0.014267019 0.0126553841 0 0 0
nt@synapse_cleft 3335 0.0308722517 -0.00771389574 0.0179964139 0 0 0
nt@synapse_cleft 3338 0.00234781029 -0.0333457173 0.00744192675 0 0 0
nt@synapse_cleft 3341 0.00756116131 -0.00441229547 0.00551548369 0 0 0
nt@synapse_cleft 3342 -0.00395881483 -3.49835063e-05 0.0187518165 0 0 0
nt@synapse_cleft 3347 0.0300353568 -0.0439010214 0.00251607328 0 0 0
nt@synapse_cleft 3354 -0.00565377536 -0.0209836368 0.011776959 0 0 0
nt@synapse_cleft 3367 0.00122396098 0.021986117 0.0100533554 0 0 0
nt@synapse_cleft 3372 -0.0273846096 -0.0118127528 0.00911128351 0 0 0
nt@synapse_cleft 3375 0.050476328 0.0135801986 0.0158292482 0 0 0
nt@synapse_cleft 3378 0.0139868682 0.0295139027 0.0119870287 0 0 0
nt@synapse_cleft 3381 0.016920777 0.0128242416 0.00144932905 0 0 0
nt@synapse_cleft 3394 -0.00847415959 -0.0208050953 0.0093947315 0 0 0
nt@synapse_cleft 3401 0.0295964376 0.00110763796 0.0136291391 0 0 0
nt@synapse_cleft 3402 -0.00298939721 0.00213101734 0.000469131539 0 0 0
nt@synapse_cleft 3404 0.0257691506 -0.0239750283 0.0161331068 0 0 0
nt@synapse_cleft 3405 0.0112163373 0.0224123149 0.000814792283 0 0 0
nt@synapse_cleft 3407 0.0036794363 0.0444443966 0.00681938344 0 0 0
nt@synapse_cleft 3413 0.0193991367 0.00920539116 0.00646313057 0 0 0
nt@synapse_cleft 3415 -0.0194791788 0.0141008222 0.0149963821 0 0 0
nt@synapse_cleft 3416 -0.0155306023 -0.0200313476 0.00376493612 0 0 0
nt@synapse_cleft 3419 -0.0345824515 0.024263463 0.013750984 0 0 0
nt@synapse_cleft 3429 0.0385357592 -0.0155774904 0.0168834069 0 0 0
nt@synapse_cleft 3432 0.0495470572 -0.0605985962 0.014090564 0 0 0
nt@synapse_cleft 3434 0.0110553496 -0.0224777826 0.00515064807 0 0 0
nt@synapse_cleft 3445 0.0100082144 0.0114989489 0.0136189093 0 0 0
nt@synapse_cleft 3451 0.0186641126 0.0174972696 0.00286185704 0 0 0
nt@synapse_cleft 3455 0.00352084009 -0.00781595178 0.0197339333 0 0 0
nt@synapse_cleft 3467 -0.0569279904 0.013254701 0.00653839048 0 0 0
nt@synapse_cleft 3470 0.0303326478 -0.00991942548 0.0196443459 0 0 0
nt@synapse_cleft 3472 -0.0249073626 0.00572015542 0.0185709757 0 0 0
nt@synapse_cleft 3474 0.0282803828 -0.00428578003 0.00583613058 0 0 0
nt@synapse_cleft 3482 -0.0503689151 -0.0391463221 0.0172284316 0 0 0
nt@synapse_cleft 3484 -0.0053743701 0.0223738765 0.0164462398 0 0 0
nt@synapse_cleft 3496 0.00895582125 -0.00657418365 0.0177858085 0 0 0
nt@synapse_cleft 3500 0.0103969802 -0.0295106175 0.0117822412 0 0 0
nt@synapse_cleft 3502 0.0334410562 0.0226481991 0.00776910787 0 0 0
nt@synapse_cleft 3507 -0.0221436962 -0.0138631376 0.00861804102 0 0 0
nt@synapse_cleft 3511 0.0304506771 -0.0143544507 0.019251347 0 0 0
nt@synapse_cleft 3514 -0.00779876338 -0.0172066953 0.018598357 0 0 0
nt@synapse_cleft 3519 0.0332494572 -0.0293971667 0.00589063268 0 0 0
nt@synapse_cleft 3525 -0.00210560059 -0.0185350376 0.00328733249 0 0 0
nt@synapse_cleft 3526 0.0165410816 -0.0366237738 0.00725869396 0 0 0
nt@synapse_cleft 3529 -0.036166705 0.000223046465 0.0078111274 0 0 0
nt@synapse_cleft 3535 0.00694788117 -0.00839370639 0.0168047421 0 0 0
nt@synapse_cleft 3536 -0.0106619892 0.0121366601 0.000970465302 0 0 0
nt@synapse_cleft 3538 -0.019522787 -0.00095673214 0.0111631111 0 0 0
nt@synapse_cleft 3539 -0.0452362154 0.0262108051 0.00217607064 0 0 0
nt@synapse_cleft 3542 0.000498791513 0.0349129611 0.0126038543 0 0 0
nt@synapse_cleft 3543 -0.00886749172 -0.00825381566 0.0164171833 0 0 0
nt@synapse_cleft 3546 -0.0141512121 0.0125452375 0.00580872106 0 0 0
nt@synapse_cleft 3555 -0.0217312209 -0.00833291579 0.00646519655 0 0 0
nt@synapse_cleft 3561 -0.0144536423 0.0149715629 0.000830067235 0 0 0
nt@synapse_cleft 3562 -0.0518914206 -0.00886404718 0.0145479845 0 0 0
nt@synapse_cleft 3563 0.00726961472 -0.0111756408 0.0168235468 0 0 0
nt@synapse_cleft 3565 0.0252513485 -0.0162155225 0.00334363887 0 0 0
nt@synapse_cleft 3566 -0.00234094034 0.0468198768 0.00481236082 0 0 0
nt@synapse_cleft 3567 0.00459107363 0.0130713024 0.0153213276 0 0 0
nt@synapse_cleft 3568 0.023314602 -0.0282780704 0.0181009126 0 0 0
nt@synapse_cleft 3569 0.0210568171 -0.00578742831 0.0183328072 0 0 0
nt@synapse_cleft 3575 -0.0251736053 0.0086387283 0.00230209471 0 0 0
nt@synapse_cleft 3576 0.0301959983 0.00652414675 0.00283694175 0 0 0
nt@synapse_cleft 3579 -0.000163322424 -0.0235582341 0.00370743892 0 0 0
nt@synapse_cleft 3583 -0.000104593923 0.00116514339 0.0152745522 0 0 0
nt@synapse_cleft 3585 0.0124034102 0.00210872811 0.014929926 0 0 0
nt@synapse_cleft 3592 0.0326138352 0.02576708 0.01882908 0 0 0
nt@synapse_cleft 3595 -0.0166241353 -0.00418247202 0.00584699661 0 0 0
nt@synapse_cleft 3597 0.0107184697 -0.0304895299 0.0106971654 0 0 0
nt@synapse_cleft 3599 0.0184112098 -0.0403969505 0.0101077997 0 0 0
nt@synapse_cleft 3602 -0.0356381019 -0.00620950328 0.00265582757 0 0 0
nt@synapse_cleft 3603 -0.00442975346 0.0218786925 0.0110365294 0 0 0
nt@synapse_cleft 3606 -0.00956627744 -0.00704877525 0.00837940262 0 0 0
nt@synapse_cleft 3610 -0.00728981579 0.00247197002 0.000226600231 0 0 0
nt@synapse_cleft 3611 0.0191991932 0.00190571322 0.000421279108 0 0 0
nt@synapse_cleft 3616 -0.0303479628 0.035855519 0.00869414404 0 0 0
nt@synapse_cleft 3617 -0.00137586024 -0.0525735296 0.0121770346 0 0 0
nt@synapse_cleft 3620 0.00782702223 0.0298038447 0.0108789223 0 0 0
nt@synapse_cleft 3625 0.0178829967 0.00666420805 0.0191792619 0 0 0
nt@synapse_cleft 3630 0.0138508233 0.0180632719 0.00357620462 0 0 0
nt@synapse_cleft 3635 -0.0102317615 -0.000382358814 0.00133979114 0 0 0
nt@synapse_cleft 3636 -0.0218438358 -0.0178985708 0.0117779837 0 0 0
nt@synapse_cleft 3637 0.0508525592 0.0228017279 0.00825567204 0 0 0
nt@synapse_cleft 3640 -0.0171343462 0.00482548336 0.0157375672 0 0 0
nt@synapse_cleft 3642 -0.02145388 0.00555744031 0.0158995809 0 0 0
nt@synapse_cleft 3645 -0.00913915835 -0.0165296046 0.00592902174 0 0 0
nt@synapse_cleft 3654 0.00272680126 0.0483232932 0.00938813894 0 0 0
nt@synapse_cleft 3656 0.00404777334 -0.00961758091 0.01267233 0 0 0
nt@synapse_cleft 3658 0.0172449914 -0.0224273843 0.0114690497 0 0 0
nt@synapse_cleft 3661 0.0226932203 -0.00198827901 0.0157930998 0 0 0
nt@synapse_cleft 3664 0.0396006083 -0.0207980968 0.0135772787 0 0 0
nt@synapse_cleft 3667 -0.00958001412 0.0111458872 0.00502508764 0 0 0
nt@synapse_cleft 3670 0.024197923 -0.0387829542 0.0184688835 0 0 0
nt@synapse_cleft 3676 -0.0374278833 0.00260266947 0.00883365448 0 0 0
nt@synapse_cleft 3680 0.00996711694 -0.00901275403 0.00314964317 0 0 0
nt@synapse_cleft 3681 0.029458786 -0.000651626004 2.73001718e-05 0 0 0
nt@synapse_cleft 3687 -0.00305615398 0.00357121642 0.0166794016 0 0 0
nt@synapse_cleft 3689 -0.00912770881 -0.00191581236 0.0113634838 0 0 0
nt@synapse_cleft 3690 0.0198847655 -0.0171942529 0.0191756938 0 0 0
nt@synapse_cleft 3693 -0.055936452 -0.0288079407 0.000906107961 0 0 0
nt@synapse_cleft 3706 0.0296113635 0.00211029001 0.0139640218 0 0 0
nt@synapse_cleft 3707 -0.0405637935 0.000817872054 0.00778426993 0 0 0
nt@synapse_cleft 3713 0.0333780532 -0.025157624 0.014526506 0 0 0
nt@synapse_cleft 3714 -0.0590284511 -0.0020427248 0.015746627 0 0 0
nt@synapse_cleft 3726 0.00945528217 -0.0621338907 0.0150571334 0 0 0
nt@synapse_cleft 3728 0.00727778509 0.0137729634 0.0122818997 0 0 0
nt@synapse_cleft 3730 0.0181952221 0.0281330938 0.0148171078 0 0 0
nt@synapse_cleft 3731 -0.00985566133 0.0108397078 0.0191548424 0 0 0
nt@synapse_cleft 3732 0.00415301052 -0.0139740031 0.015588188 0 0 0
nt@synapse_cleft 3734 0.0106531031 0.00459577065 0.0152018578 0 0 0
nt@synapse_cleft 3737 0.0019737144 0.00450931507 0.0197480373 0 0 0
nt@synapse_cleft 3738 -0.000248218221 0.025959153 0.0194890863 0 0 0
nt@synapse_cleft 3739 0.00837231226 0.0490370219 0.0105773769 0 0 0
nt@synapse_cleft 3745 0.00289224507 0.0217291823 0.000494298795 0 0 0
nt@synapse_cleft 3751 0.0121169581 0.00101621119 0.00484219767 0 0 0
nt@synapse_cleft 3758 -0.0233367326 -0.0215385669 0.00501112823 0 0 0
nt@synapse_cleft 3759 0.00223874433 -0.012842849 0.00153828877 0 0 0
nt@synapse_cleft 3760 -0.0141094365 0.0515814723 0.00800553968 0 0 0
nt@synapse_cleft 3763 0.0540258206 0.0303199674 0.0148380754 0 0 0
nt@synapse_cleft 3768 0.00685891931 -0.0221726997 0.0047126914 0 0 0
nt@synapse_cleft 3770 0.00355895102 0.00686759491 0.0104472228 0 0 0
nt@synapse_cleft 3771 0.0186564286 0.009726845 0.0105122466 0 0 0
nt@synapse_cleft 3775 0.00288558732 0.00471942869 0.00623042997 0 0 0
nt@synapse_cleft 3783 -0.0313683657 0.000978135883 0.017278743 0 0 0
nt@synapse_cleft 3788 -0.0241430343 -0.0158226817 0.0108133525 0 0 0
nt@synapse_cleft 3793 -0.0159394807 -0.0142604395 0.00557116346 0 0 0
nt@synapse_cleft 3800 0.0371232632 -0.0078540811 0.0164481688 0 0 0
nt@synapse_cleft 3802 0.0285451043 0.00515013804 0.00604978306 0 0 0
nt@synapse_cleft 3811 -0.0361926236 -0.00860885721 0.0108615543 0 0 0
nt@synapse_cleft 3820 -0.0366429281 -0.00143562612 0.00496304617 0 0 0
nt@synapse_cleft 3821 0.0314169173 0.0316950681 0.00855219905 0 0 0
nt@synapse_cleft 3827 0.00556596442 0.0182024264 0.0103568028 0 0 0
nt@synapse_cleft 3831 -0.00616812543 -0.0451907374 0.00123209101 0 0 0
nt@synapse_cleft 3834 0.0444745095 -0.00883644174 0.0102872462 0 0 0
nt@synapse_cleft 3835 0.0193288699 -0.0318321979 0.00547699948 0 0 0
nt@synapse_cleft 3841 0.0168288617 -0.0145331364 0.0186105753 0 0 0
nt@synapse_cleft 3844 -0.0155161286 -0.00475367039 0.0194681068 0 0 0
nt@synapse_cleft 3846 -0.0092486748 0.010045358 0.0137636576 0 0 0
nt@synapse_cleft 3848 0.0195232702 0.0207608681 0.0192416199 0 0 0
nt@synapse_cleft 3850 -0.0147910314 -0.0104564513 0.0125798386 0 0 0
nt@synapse_cleft 3859 0.0332962879 0.0138628521 0.0100654258 0 0 0
nt@synapse_cleft 3869 0.0154270709 -0.0272294211 0.0175600969 0 0 0
nt@synapse_cleft 3879 0.00969754059 -0.0359079936 0.0147033365 0 0 0
nt@synapse_cleft 3886 0.0120065037 0.0385667378 0.0158963593 0 0 0
nt@synapse_cleft 3891 -0.000104043906 -0.0160111202 0.0134598341 0 0 0
nt@synapse_cleft 3902 -0.0100946421 0.00206266241 0.00554346824 0 0 0
nt@synapse_cleft 3907 -0.0205363647 -0.0198886167 0.00785258087 0 0 0
nt@synapse_cleft 3908 -0.0175907483 0.0332607383 0.0024440375 0 0 0
nt@synapse_cleft 3909 0.0115439576 0.0362867344 0.00261066085 0 0 0
nt@synapse_cleft 3917 -0.00618268545 -0.0105879592 0.00348646721 0 0 0
nt@synapse_cleft 3918 -0.00454231917 -0.0081873027 0.00645715259 0 0 0
nt@synapse_cleft 3921 0.0198201471 0.0324098441 0.0135637978 0 0 0
nt@synapse_cleft 3927 0.00617152383 0.0303762543 0.0186946028 0 0 0
nt@synapse_cleft 3932 0.00634538983 -0.0147676823 0.0115796436 0 0 0
nt@synapse_cleft 3936 -0.0330301191 0.0164353689 0.0182113708 0 0 0
nt@synapse_cleft 3940 0.00410276578 -0.0203902317 0.00194047721 0 0 0
nt@synapse_cleft 3941 -0.0165958234 0.00445029197 0.00182085691 0 0 0
nt@synapse_cleft 3949 -0.013553882 0.00562679484 0.00867880076 0 0 0
nt@synapse_cleft 3952 -0.0164212314 3.00600114e-05 0.0131968382 0 0 0
nt@synapse_cleft 3953 0.00961019437 -0.0109659089 0.00274018157 0 0 0
nt@synapse_cleft 3956 -0.00681459359 -0.0189854088 0.0125792737 0 0 0
nt@synapse_cleft 3957 0.0207710058 -0.00464145162 0.0163843876 0 0 0
nt@synapse_cleft 3958 0.0191068237 0.0196922472 0.00862330746 0 0 0
nt@synapse_cleft 3962 -0.0340413421 0.0189952308 0.00379687596 0 0 0
nt@synapse_cleft 3963 0.0201139675 0.033120212 0.00393328046 0 0 0
nt@synapse_cleft 3965 -0.0307668129 -0.00459272776 0.00995460741 0 0 0
nt@synapse_cleft 3967 0.0229117755 -0.0150130166 0.00435922409 0 0 0
nt@synapse_cleft 3968 0.0216224118 -0.00154647532 0.019486516 0 0 0
nt@synapse_cleft 3969 0.00607883382 -0.0317004355 0.0113066132 0 0 0
nt@synapse_cleft 3971 0.0109984538 -0.0235976388 0.00535683875 0 0 0
nt@synapse_cleft 3973 0.0169372285 -0.00230928577 0.0184069225 0 0 0
nt@synapse_cleft 3974 -0.0317171408 0.0256707067 0.0136568922 0 0 0
nt@synapse_cleft 3977 0.00352130363 0.0303762762 0.00164020582 0 0 0
nt@synapse_cleft 3978 0.02293344 0.00207586843 0.0199136688 0 0 0
nt@synapse_cleft 3983 -0.0168153127 -0.0277088685 0.00797999083 0 0 0
nt@synapse_cleft 3988 -0.0116286691 -0.0289928925 0.00785268145 0 0 0
nt@synapse_cleft 3989 0.0479920094 0.00784844289 0.00542489976 0 0 0
nt@synapse_cleft 3991 0.0709805253 -0.01359124 0.013040422 0 0 0
nt@synapse_cleft 3992 0.00260263349 0.016689068 0.018923835 0 0 0
nt@synapse_cleft 3993 -0.0312772948 -0.00144396809 0.00327035639 0 0 0
nt@synapse_cleft 3995 -0.0456416248 0.0164385476 0.0031895272 0 0 0
nt@synapse_cleft 3997 -0.0500889902 -0.00253567697 0.0198567992 0 0 0
nt@synapse_cleft 3999 -0.0322632577 -0.0103265772 0.0114389624 0 0 0
nt@synapse_cleft 4009 0.0149021556 -0.0081145448 0.00669645548 0 0 0
nt@synapse_cleft 4011 0.00634832032 -0.00316971271 0.000673608215 0 0 0
nt@synapse_cleft 4016 0.00206828397 0.0557888189 0.00676321356 0 0 0
nt@synapse_cleft 4018 0.00736704042 0.0100696932 0.0030479343 0 0 0
nt@synapse_cleft 4022 -0.0231522229 -0.00968135848 0.00735925312 0 0 0
nt@synapse_cleft 4024 -0.00635684566 0.0354020399 0.00131908907 0 0 0
nt@synapse_cleft 4025 -0.0284625663 0.000247500226 0.0176801128 0 0 0
nt@synapse_cleft 4027 0.00991965331 -0.0169833828 0.0063837316 0 0 0
nt@synapse_cleft 4028 -0.0180300277 0.0249062817 0.00457180759 0 0 0
nt@synapse_cleft 4029 0.0265558533 0.009078867 0.00670815104 0 0 0
nt@synapse_cleft 4033 -0.0116295265 -0.0185444497 0.0068533823 0 0 0
nt@synapse_cleft 4037 -0.00660791872 0.0256843614 0.0117310794 0 0 0
nt@synapse_cleft 4040 0.000573962118 0.00842977444 0.0167372111 0 0 0
nt@synapse_cleft 4047 -0.0137104867 0.017531239 0.0181340037 0 0 0
nt@synapse_cleft 4048 0.0247587478 0.0235419 0.01656151 0 0 0
nt@synapse_cleft 4049 0.0285433246 0.00315329631 0.0128252645 0 0 0
nt@synapse_cleft 4051 0.0153030382 0.00778968113 0.00891490239 0 0 0
nt@synapse_cleft 4064 0.0143236491 6.25038509e-05 0.00965318735 0 0 0
nt@synapse_cleft 4070 -0.0120367177 0.0183948812 0.0143168099 0 0 0
nt@synapse_cleft 4071 -0.038271335 -0.0305998867 0.0109341467 0 0 0
nt@synapse_cleft 4087 0.00362707047 0.0345599134 0.0103599515 0 0 0
nt@synapse_cleft 4094 0.0311685425 -0.0387234474 0.0115849234 0 0 0
nt@synapse_cleft 4095 0.0179300043 0.0156634985 0.0144094706 0 0 0
nt@synapse_cleft 4097 -0.000175885512 -0.0240126465 0.00397283082 0 0 0
nt@synapse_cleft 4099 -0.00611014075 0.0284527019 0.00944641891 0 0 0
nt@synapse_cleft 4102 0.0305876154 -0.0215415021 0.0196172696 0 0 0
nt@synapse_cleft 4103 -0.0091829957 -0.0022560051 0.00178137592 0 0 0
nt@synapse_cleft 4106 0.0169845837 0.0124083136 0.0101484866 0 0 0
nt@synapse_cleft 4110 -0.0222476031 0.0160016135 0.00614858675 0 0 0
nt@synapse_cleft 4111 0.0361287251 0.0153509244 0.00368566319 0 0 0
nt@synapse_cleft 4115 -0.00152809619 0.0150861678 0.00932823166 0 0 0
nt@synapse_cleft 4116 0.00567869583 -0.00130170528 0.00989321304 0 0 0
nt@synapse_cleft 4119 0.0244135616 -0.0414053971 0.0173085826 0 0 0
nt@synapse_cleft 4123 0.0270016745 0.0206197757 0.0030590222 0 0 0
nt@synapse_cleft 4126 0.0312682837 -0.0268280494 0.00942526979 0 0 0
nt@synapse_cleft 4129 -0.0247644162 0.00686077349 0.0046797451 0 0 0
nt@synapse_cleft 4131 -0.0319162712 0.0159822032 0.00784417244 0 0 0
nt@synapse_cleft 4132 0.0224812808 0.0161754002 0.00761213453 0 0 0
nt@synapse_cleft 4135 0.00254424596 -0.0131454918 0.0117654223 0 0 0
nt@synapse_cleft 4143 -0.0310368555 -0.0134011467 0.0186118925 0 0 0
nt@synapse_cleft 4144 0.00435786108 0.00123197898 0.00220884794 0 0 0
nt@synapse_cleft 4150 -0.0370941336 -0.056908955 0.00790855798 0 0 0
nt@synapse_cleft 4153 -0.00775380678 -0.0176160592 0.00398052692 0 0 0
nt@synapse_cleft 4155 0.0164162319 -0.0401211046 0.00927959299 0 0 0
nt@synapse_cleft 4156 0.0232660833 -0.00734135801 0.00114681991 0 0 0
nt@synapse_cleft 4157 0.00330802533 0.011667896 0.0087377399 0 0 0
nt@synapse_cleft 4158 -0.00125716811 0.00132729195 0.00371635209 0 0 0
nt@synapse_cleft 4162 0.0258395004 -0.0264021246 0.0139633326 0 0 0
nt@synapse_cleft 4163 -0.00217221353 0.0317939801 0.0163583167 0 0 0
nt@synapse_cleft 4170 -0.0548795686 0.00163378348 0.0182932077 0 0 0
nt@synapse_cleft 4172 -0.0303788768 -0.0020626209 0.0148836813 0 0 0
nt@synapse_cleft 4177 -0.038296604 0.0513120902 0.0057984262 0 0 0
nt@synapse_cleft 4178 -0.0177151981 -0.0503620403 0.0130414118 0 0 0
nt@synapse_cleft 4184 0.00704156015 -0.012918544 0.0046532195 0 0 0
nt@synapse_cleft 4186 -0.0076996904 -0.0051438755 0.0143237721 0 0 0
nt@synapse_cleft 4187 -0.0229911458 -0.0101436443 0.0179969449 0 0 0
nt@synapse_cleft 4193 -0.00865058204 -0.0279632088 0.015142547 0 0 0
nt@synapse_cleft 4196 -0.0274723134 0.0137410584 0.00855343122 0 0 0
nt@synapse_cleft 4210 0.0181040934 0.000512353216 0.0098660079 0 0 0
nt@synapse_cleft 4214 -0.0437070736 0.00351652108 0.0102907508 0 0 0
nt@synapse_cleft 4215 0.0159325027 -0.044917931 0.0116754991 0 0 0
nt@synapse_cleft 4220 -0.00869583594 -0.0179568538 0.00852174606 0 0 0
nt@synapse_cleft 4228 0.0210077164 -0.0102803181 0.0135133632 0 0 0
nt@synapse_cleft 4229 -0.0270441716 -0.0221384975 0.018609552 0 0 0
nt@synapse_cleft 4230 -0.00510477218 0.0246778151 0.00725380637 0 0 0
nt@synapse_cleft 4233 0.00474575825 0.0140244696 0.0078899172 0 0 0
nt@synapse_cleft 4234 -0.003101245 -0.0145936901 0.00268201837 0 0 0
nt@synapse_cleft 4236 -0.0056163077 0.00508420732 0.0196608337 0 0 0
nt@synapse_cleft 4237 0.0102734237 -0.0328492891 0.0122519026 0 0 0
nt@synapse_cleft 4238 -0.0207167648 -0.035235017 0.0120865509 0 0 0
nt@synapse_cleft 4241 -0.0403033185 -0.00157955035 0.00400256013 0 0 0
nt@synapse_cleft 4242 0.00738927627 -0.00316513348 0.0195714549 0 0 0
nt@synapse_cleft 4243 0.0204967159 -0.0038808195 0.0197012869 0 0 0
nt@synapse_cleft 4252 0.045742011 -0.0170994187 0.0193408518 0 0 0
nt@synapse_cleft 4254 0.00834380412 0.0182125792 0.00914011559 0 0 0
nt@synapse_cleft 4255 -0.0205715826 -0.0452307066 0.0155979993 0 0 0
nt@synapse_cleft 4262 0.0355292245 -0.0113371863 0.00570454626 0 0 0
nt@synapse_cleft 4271 0.00451381291 -0.0231379125 0.017366033 0 0 0
nt@synapse_cleft 4272 -0.00428213618 0.0257329358 0.0126581208 0 0 0
nt@synapse_cleft 4279 0.00672989467 -0.0220887157 0.015243377 0 0 0
nt@synapse_cleft 4283 -0.0281164967 -0.00229655897 0.0181328383 0 0 0
nt@synapse_cleft 4284 0.0317304715 -0.00781168468 0.000831452804 0 0 0
nt@synapse_cleft 4285 -0.0263122743 0.0438113292 0.00139130267 0 0 0
nt@synapse_cleft 4287 0.0514317777 0.00232740537 0.0160992295 0 0 0
nt@synapse_cleft 4288 0.0143208768 -0.0255506057 0.0190795361 0 0 0
nt@synapse_cleft 4293 -0.00237960401 -0.0223482315 0.00174406807 0 0 0
nt@synapse_cleft 4297 0.0354736533 -0.0233059858 0.00162875713 0 0 0
nt@synapse_cleft 4301 0.0122385104 -0.0049032355 0.0104271412 0 0 0
nt@synapse_cleft 4308 0.0080578933 0.00286226289 0.0161683697 0 0 0
nt@synapse_cleft 4312 -0.01755682 -0.0243764154 0.0145253378 0 0 0
nt@synapse_cleft 4317 -0.00213654043 0.0207475618 0.0109860642 0 0 0
nt@synapse_cleft 4318 -0.0181087837 -0.0175242982 0.00921764308 0 0 0
nt@synapse_cleft 4322 0.0140496051 0.0225174051 0.00517231364 0 0 0
nt@synapse_cleft 4326 0.0231721259 -0.00982793925 0.00710279623 0 0 0
nt@synapse_cleft 4330 -0.01090725 0.00661623868 0.0021670622 0 0 0
nt@synapse_cleft 4334 -0.00186845408 -0.00536976897 0.0134457217 0 0 0
nt@synapse_cleft 4339 -0.0193939842 -0.00649177803 0.00264746329 0 0 0
nt@synapse_cleft 4343 -0.0117680946 -0.0329943139 0.0153934055 0 0 0
nt@synapse_cleft 4346 -0.00260880949 -0.0138509083 0.0152832183 0 0 0
nt@synapse_cleft 4351 0.0412579285 0.0087317584 0.00505461797 0 0 0
nt@synapse_cleft 4359 0.0154201641 0.006165132 0.0123864891 0 0 0
nt@synapse_cleft 4360 0.0183227779 0.012225515 0.0196727303 0 0 0
nt@synapse_cleft 4363 -0.0407853719 -0.00446980276 0.00910286175 0 0 0
nt@synapse_cleft 4365 0.0196672568 0.00262083381 0.0160060037 0 0 0
nt@synapse_cleft 4372 -0.00112224277 -0.00904809782 0.0142056304 0 0 0
nt@synapse_cleft 4374 -0.021319668 -0.00788505373 0.0168019332 0 0 0
nt@synapse_cleft 4376 -0.0356756211 -0.000363582111 0.00399078404 0 0 0
nt@synapse_cleft 4379 0.0416081208 -0.0308607335 0.0137482685 0 0 0
nt@synapse_cleft 4381 -0.00502808997 -0.0274295383 0.00303052926 0 0 0
nt@synapse_cleft 4386 -0.00569445193 -0.034711892 0.0140462719 0 0 0
nt@synapse_cleft 4391 0.00798189539 -0.0273383418 0.0113690373 0 0 0
nt@synapse_cleft 4392 -0.00352677274 -0.000217975439 0.00842494921 0 0 0
nt@synapse_cleft 4394 0.0159568524 -0.0162941851 0.0125740418 0 0 0
nt@synapse_cleft 4395 0.0144176731 -0.0226370349 0.0022903546 0 0 0
nt@synapse_cleft 4396 0.00840607971 -0.0357226393 0.0162285684 0 0 0
nt@synapse_cleft 4398 -0.022504883 0.00525681981 0.0155099756 0 0 0
nt@synapse_cleft 4399 0.0330727018 0.0270138894 0.0097433198 0 0 0
nt@synapse_cleft 4403 -0.00824253915 -0.0230221861 0.0100174429 0 0 0
nt@synapse_cleft 4405 -0.0203797421 -0.0126104972 0.00328369735 0 0 0
nt@synapse_cleft 4407 0.0328331451 -0.040629553 0.00158233052 0 0 0
nt@synapse_cleft 4414 0.010547383 -0.0132990113 0.00163278633 0 0 0
nt@synapse_cleft 4416 -0.018775625 0.00992091061 0.00609856523 0 0 0
nt@synapse_cleft 4423 0.0315403404 -0.0102587828 0.00115934044 0 0 0
nt@synapse_cleft 4424 -0.0305901213 -0.00178730459 0.0178690841 0 0 0
nt@synapse_cleft 4426 0.0119340026 -0.0116799709 0.00365746462 0 0 0
nt@synapse_cleft 4430 -0.00720346156 -0.00728183765 0.00739860564 0 0 0
nt@synapse_cleft 4431 0.00387036265 -0.00741448294 0.0066831132 0 0 0
nt@synapse_cleft 4434 0.0229263112 -0.0229361788 0.0174150491 0 0 0
nt@synapse_cleft 4436 0.0246737461 0.00912477344 0.00711087233 0 0 0
nt@synapse_cleft 4446 0.0053879785 0.0437045356 0.0096796211 0 0 0
nt@synapse_cleft 4449 0.0237976461 0.0461873287 0.008719336 0 0 0
nt@synapse_cleft 4453 -0.0325129697 0.0104358629 0.00401651084 0 0 0
nt@synapse_cleft 4464 0.0091541569 -0.0340640622 0.0189367605 0 0 0
nt@synapse_cleft 4470 -0.0113389937 -0.0287097797 0.00987583174 0 0 0
nt@synapse_cleft 4473 -0.00521944795 -0.018348391 0.00452976642 0 0 0
nt@synapse_cleft 4478 -0.00804113097 0.0283881559 0.0129526634 0 0 0
nt@synapse_cleft 4480 0.00332388813 0.0195129503 0.0190490495 0 0 0
nt@synapse_cleft 4482 -0.0170761313 0.00522347924 0.0129112825 0 0 0
nt@synapse_cleft 4485 0.0202668852 -0.010787262 0.00319425304 0 0 0
nt@synapse_cleft 4488 0.0283292368 -0.000861168028 0.0195224809 0 0 0
nt@synapse_cleft 4489 0.0222680982 0.0052666521 0.00146007625 0 0 0
nt@synapse_cleft 4491 -0.0138435513 0.0330596006 0.000681944552 0 0 0
nt@synapse_cleft 4496 -0.0511900988 0.0342296189 0.0121307532 0 0 0
nt@synapse_cleft 4499 -0.00919220523 -0.000198575709 0.00183965457 0 0 0
nt@synapse_cleft 4501 0.00933075569 0.00536375172 0.018090161 0 0 0
nt@synapse_cleft 4514 0.0060931674 0.00975935752 0.00332830232 0 0 0
nt@synapse_cleft 4517 -0.0390679273 0.0422549019 0.00156103655 0 0 0
nt@synapse_cleft 4524 0.00589640215 -0.0292742056 0.0140529246 0 0 0
nt@synapse_cleft 4527 0.0308718883 -0.0265518616 0.0130645438 0 0 0
nt@synapse_cleft 4533 0.0108926915 -0.00533111999 0.00266222013 0 0 0
nt@synapse_cleft 4538 -0.0317342832 -0.0350544077 0.00183297425 0 0 0
nt@synapse_cleft 4540 0.0335384583 0.00205286337 0.00111071031 0 0 0
nt@synapse_cleft 4542 0.00686077494 0.0275452243 0.00205843339 0 0 0
nt@synapse_cleft 4545 -0.0120042148 0.0122382159 0.0110847964 0 0 0
nt@synapse_cleft 4551 -0.00992679592 0.0142986312 0.0176396154 0 0 0
nt@synapse_cleft 4553 -0.0288522702 0.00404071291 0.00494512555 0 0 0
nt@synapse_cleft 4559 -0.00767250324 0.0312351007 0.00899451389 0 0 0
nt@synapse_cleft 4565 -0.0394690182 -0.0258855124 0.0143046635 0 0 0
nt@synapse_cleft 4572 0.00262018114 0.00963767326 0.00662119458 0 0 0
nt@synapse_cleft 4574 0.0359226289 -0.0164425284 0.00576802805 0 0 0
nt@synapse_cleft 4576 -0.0396621188 -0.0175122228 0.0169166848 0 0 0
nt@synapse_cleft 4583 -0.00782809646 -0.00555931576 0.00334661094 0 0 0
nt@synapse_cleft 4587 0.0227538033 0.0032843074 0.0160207813 0 0 0
nt@synapse_cleft 4590 -0.0518778933 -0.0246222552 0.0191510287 0 0 0
nt@synapse_cleft 4593 -0.0279926749 0.0411539552 0.0158499958 0 0 0
nt@synapse_cleft 4594 0.0153945389 0.0023994326 0.00212419801 0 0 0
nt@synapse_cleft 4595 0.0274597004 -0.0262735744 0.0159455739 0 0 0
nt@synapse_cleft 4598 0.0274201337 -0.00254739018 0.00646214883 0 0 0
nt@synapse_cleft 4600 -0.027835491 0.00234755549 0.00447779286 0 0 0
nt@synapse_cleft 4607 -0.00325023439 0.0426124743 0.0105102342 0 0 0
nt@synapse_cleft 4613 0.0442522752 -0.00716795197 0.012904207 0 0 0
nt@synapse_cleft 4620 0.003083966 -0.00268638907 0.0131697849 0 0 0
nt@synapse_cleft 4622 0.0545051162 0.0479143722 0.0108788533 0 0 0
nt@synapse_cleft 4624 0.0148834718 -0.018326251 0.0130950928 0 0 0
nt@synapse_cleft 4626 0.0192487097 0.00359078156 0.0127675249 0 0 0
nt@synapse_cleft 4628 -0.0167251767 -0.00244155571 0.00753762318 0 0 0
nt@synapse_cleft 4641 0.0195192119 -0.0149566519 0.000719339244 0 0 0
nt@synapse_cleft 4654 0.0120425854 -0.0289759816 0.0170162655 0 0 0
nt@synapse_cleft 4658 -0.026403285 0.027915265 0.0190491629 0 0 0
nt@synapse_cleft 4659 -0.0555925808 0.022789826 0.00877433265 0 0 0
nt@synapse_cleft 4660 0.0297670473 -0.0261652422 0.0171747931 0 0 0
nt@synapse_cleft 4661 0.0190027632 -0.028328022 0.00478471617 0 0 0
nt@synapse_cleft 4664 0.00642433701 -0.00463806088 0.00917307101 0 0 0
nt@synapse_cleft 4666 0.048850391 0.0219327253 0.0199236814 0 0 0
nt@synapse_cleft 4667 -0.0344352036 0.0387807232 0.0134676362 0 0 0
nt@synapse_cleft 4671 -0.00648016382 -0.0277889242 0.00525190763 0 0 0
nt@synapse_cleft 4681 0.0143071728 -0.0209290784 0.0187677854 0 0 0
nt@synapse_cleft 4687 -0.00728404792 -0.00671590295 0.0147389678 0 0 0
nt@synapse_cleft 4699 -0.0258332306 0.0121728733 0.00247018207 0 0 0
nt@synapse_cleft 4700 -0.028065985 0.0645446741 0.0149184492 0 0 0
nt@synapse_cleft 4701 0.014540211 0.014538967 0.00533998921 0 0 0
nt@synapse_cleft 4706 0.0131523914 -0.0198061326 0.009693548 0 0 0
nt@synapse_cleft 4709 -0.00703528324 0.017029437 0.00616274806 0 0 0
nt@synapse_cleft 4710 -0.00814299184 -0.0455079058 0.00250677423 0 0 0
nt@synapse_cleft 4718 0.0332587751 0.00892157966 0.00352348102 0 0 0
nt@synapse_cleft 4732 -0.0230983431 0.00150494431 0.00249986002 0 0 0
nt@synapse_cleft 4736 0.00131947656 -0.00804031053 0.0075216752 0 0 0
nt@synapse_cleft 4746 -0.049342213 -0.00321585568 0.0030842359 0 0 0
nt@synapse_cleft 4750 0.00941772504 -0.0630675125 0.0113937142 0 0 0
nt@synapse_cleft 4752 -0.000144609096 -0.00358961619 0.0148855316 0 0 0
nt@synapse_cleft 4753 -0.0193950507 0.0109584483 0.00639962128 0 0 0
nt@synapse_cleft 4754 -0.00496189035 0.0118995532 0.00884156796 0 0 0
nt@synapse_cleft 4756 -0.013004358 0.0173181401 0.00749804239 0 0 0
nt@synapse_cleft 4758 -0.0456110758 0.0168395738 0.01605974 0 0 0
nt@synapse_cleft 4764 0.0196570058 -0.0175112914 0.0192470588 0 0 0
nt@synapse_cleft 4767 0.0210032333 0.0191758722 0.00188049183 0 0 0
nt@synapse_cleft 4779 0.0320502312 -0.0330160531 0.000866407533 0 0 0
nt@synapse_cleft 4784 0.0168754221 0.00794483859 0.0140050097 0 0 0
nt@synapse_cleft 4786 -0.00348881698 0.00128508476 0.0126990013 0 0 0
nt@synapse_cleft 4791 0.0257276232 -0.0126523152 0.0122344719 0 0 0
nt@synapse_cleft 4793 -0.0374859414 0.014076054 0.0160816092 0 0 0
nt@synapse_cleft 4797 0.00131043887 -0.0432588961 0.0069635989 0 0 0
nt@synapse_cleft 4800 0.0139487213 -0.00130276953 0.000594215468 0 0 0
nt@synapse_cleft 4801 -0.0264315356 0.00375585631 0.00826040154 0 0 0
nt@synapse_cleft 4807 0.0125898557 -0.0125376682 0.00856363342 0 0 0
nt@synapse_cleft 4809 -0.0270047242 -0.0348322565 0.0179194201 0 0 0
nt@synapse_cleft 4812 0.00592280067 -0.0549341726 0.00157960843 0 0 0
nt@synapse_cleft 4813 -0.0385012839 -0.0741003031 0.00845506622 0 0 0
nt@synapse_cleft 4814 -0.021889371 0.0240075525 0.0059944079 0 0 0
nt@synapse_cleft 4816 -0.0322910255 -0.0223030286 0.0125091049 0 0 0
nt@synapse_cleft 4822 0.00146440169 -0.0160248754 0.00339244518 0 0 0
nt@synapse_cleft 4823 0.000100798486 0.0119632155 0.011544518 0 0 0
nt@synapse_cleft 4824 0.00470589878 -0.0145300739 0.00493555256 0 0 0
nt@synapse_cleft 4825 -0.0145657152 0.0325124657 0.00214073917 0 0 0
nt@synapse_cleft 4829 0.0257885749 -0.0624069113 0.0189171683 0 0 0
nt@synapse_cleft 4830 -0.0139047049 0.01579964 0.00725195357 0 0 0
nt@synapse_cleft 4833 -0.0163736221 -0.0300213684 0.0150823433 0 0 0
nt@synapse_cleft 4838 -0.0111006784 0.0239754297 0.010898954 0 0 0
nt@synapse_cleft 4839 0.00228331624 0.00285746219 0.0178700793 0 0 0
nt@synapse_cleft 4844 0.0489816598 -0.018922592 0.0133091122 0 0 0
nt@synapse_cleft 4852 -0.0115340075 -0.00986067657 0.0165741281 0 0 0
nt@synapse_cleft 4854 0.0440994307 -0.0111909575 0.00725127362 0 0 0
nt@synapse_cleft 4855 0.0443852895 0.0081410334 0.00938270472 0 0 0
nt@synapse_cleft 4869 -0.0198982194 0.015220363 0.0168097563 0 0 0
nt@synapse_cleft 4871 0.0203729719 0.0143727699 0.00650288179 0 0 0
nt@synapse_cleft 4872 -0.0342404225 0.0152403977 0.0180051522 0 0 0
nt@synapse_cleft 4880 -0.00999307449 -0.0205067702 0.0139451135 0 0 0
nt@synapse_cleft 4882 -0.0115875591 -0.0299788114 0.000210303897 0 0 0
nt@synapse_cleft 4883 -0.0217415249 0.0101412849 0.0170801036 0 0 0
nt@synapse_cleft 4886 0.0193404769 -0.00443237433 0.0135811008 0 0 0
nt@synapse_cleft 4890 0.00391932018 0.000351131931 0.00583672072 0 0 0
nt@synapse_cleft 4891 -0.00738464937 -0.0163527998 0.00805406086 0 0 0
nt@synapse_cleft 4892 -0.0266530524 0.0237014893 0.00623131496 0 0 0
nt@synapse_cleft 4896 -0.0199333942 -0.0314603809 0.0187782436 0 0 0
nt@synapse_cleft 4897 0.0305762193 -0.0160093372 0.00288540584 0 0 0
nt@synapse_cleft 4901 0.00428119888 0.0218547238 0.00683990882 0 0 0
nt@synapse_cleft 4905 -0.0125027949 -0.00930451315 0.00751562573 0 0 0
nt@synapse_cleft 4906 0.00480223117 -0.0290551975 0.00856438619 0 0 0
nt@synapse_cleft 4918 -0.00720298509 0.0157093299 0.000451819659 0 0 0
nt@synapse_cleft 4919 0.0171851858 -0.00498561805 0.00440630547 0 0 0
nt@synapse_cleft 4925 0.023237431 -0.00237946237 0.0198987236 0 0 0
nt@synapse_cleft 4928 0.00762270948 0.0478042835 0.00889410874 0 0 0
nt@synapse_cleft 4931 0.00720644404 -0.00787333309 0.00444833398 0 0 0
nt@synapse_cleft 4937 -0.0602548867 -0.0129780292 0.0074455694 0 0 0
nt@synapse_cleft 4939 -0.0186973713 -0.00933554365 0.0110219272 0 0 0
nt@synapse_cleft 4946 -0.00981969124 0.00335331627 0.00181132104 0 0 0
nt@synapse_cleft 4956 0.0113419076 -0.00389096438 0.00448010518 0 0 0
nt@synapse_cleft 4967 -0.00242377092 0.00208565114 0.00465367117 0 0 0
nt@synapse_cleft 4972 0.0319277947 -0.0178311559 0.0145182538 0 0 0
nt@synapse_cleft 4973 -0.00229734996 0.0400892404 0.0171607854 0 0 0
nt@synapse_cleft 4979 -0.00632116527 -0.00388772644 0.00112535618 0 0 0
nt@synapse_cleft 4980 0.00483005465 0.0050914417 0.0194691038 0 0 0
nt@synapse_cleft 4981 -0.0127031637 -0.0264870654 0.0102569095 0 0 0
nt@synapse_cleft 4982 0.00908604531 -0.0122577471 0.00561369938 0 0 0
nt@synapse_cleft 4983 -0.0273641863 0.0297048716 0.0073973163 0 0 0
nt@synapse_cleft 4988 0.00735885784 -0.00755412285 0.0162199358 0 0 0
nt@synapse_cleft 4989 -0.0138643348 -0.00870084501 0.0116095463 0 0 0
nt@synapse_cleft 4991 -0.00256205223 -0.0162435387 0.0144778613 0 0 0
nt@synapse_cleft 4994 -0.0321140049 0.0226740866 0.00945814073 0 0 0
nt@synapse_cleft 5004 -0.0218512425 0.0256697738 0.00255869105 0 0 0
nt@synapse_cleft 5006 0.0113758491 -0.00645044411 0.0107191628 0 0 0
nt@synapse_cleft 5009 -0.0236445676 0.010481739 0.0114532132 0 0 0
nt@synapse_cleft 5011 -0.00687996949 -0.0133306273 0.00342560445 0 0 0
nt@synapse_cleft 5015 -0.0279852065 -0.0188303885 0.00254268595 0 0 0
nt@synapse_cleft 5024 -0.00609130223 -0.0142525558 0.0137084058 0 0 0
nt@synapse_cleft 5030 0.00861965046 0.0285288516 0.0111766749 0 0 0
nt@synapse_cleft 5044 -0.0373285049 0.00530095373 0.0176830663 0 0 0
nt@synapse_cleft 5045 0.0305977736 0.0182746377 0.00217009214 0 0 0
nt@synapse_cleft 5046 0.00393167181 -0.0102228244 0.00644456512 0 0 0
nt@synapse_cleft 5052 -0.0148765039 -0.00780474608 0.0192970151 0 0 0
nt@synapse_cleft 5055 -0.0139902661 0.0134613231 0.0115926117 0 0 0
nt@synapse_cleft 5059 -0.0387770983 0.0277994056 0.0172597627 0 0 0
nt@synapse_cleft 5061 0.0259364011 -0.0268986847 0.00491892026 0 0 0
nt@synapse_cleft 5063 -0.0168393891 0.011088027 0.00476406309 0 0 0
nt@synapse_cleft 5065 0.0186822916 -0.025661209 0.0169213188 0 0 0
nt@synapse_cleft 5072 0.00220108155 0.00583203618 0.00126579622 0 0 0
nt@synapse_cleft 5077 0.0414019413 -0.0139107584 0.0109491026 0 0 0
nt@synapse_cleft 5079 0.0088999425 0.0142501503 0.0198017522 0 0 0
nt@synapse_cleft 5081 0.0107502675 0.0168330949 0.00332648534 0 0 0
nt@synapse_cleft 5082 0.0109775115 0.0526748835 0.0150791953 0 0 0
nt@synapse_cleft 5086 0.0299563839 0.0258682515 0.00704674244 0 0 0
nt@synapse_cleft 5105 0.00683644133 -0.0265673203 0.0068866666 0 0 0
nt@synapse_cleft 5106 0.00231170597 -0.0194862397 0.0121615293 0 0 0
nt@synapse_cleft 5111 -0.020717506 -0.0329973795 0.0150094901 0 0 0
nt@synapse_cleft 5126 -0.0317048235 -0.0129341108 0.00788463429 0 0 0
nt@synapse_cleft 5133 -0.0188618983 0.0227639254 0.0167711691 0 0 0
nt@synapse_cleft 5135 -0.0161626004 -0.00728835608 0.0125041784 0 0 0
nt@synapse_cleft 5145 0.0127434673 0.0190989665 0.0115012045 0 0 0
nt@synapse_cleft 5154 0.0151718631 0.0280559898 0.0184533214 0 0 0
nt@synapse_cleft 5159 -0.0314588072 0.000640676816 0.0121773953 0 0 0
nt@synapse_cleft 5160 0.034739621 -0.0151583818 0.0124501517 0 0 0
nt@synapse_cleft 5163 0.00423571369 0.0151128813 0.00721343466 0 0 0
nt@synapse_cleft 5164 0.00833331316 -0.0257131959 0.000828193289 0 0 0
nt@synapse_cleft 5173 -0.0339346957 0.00235405766 0.018780381 0 0 0
nt@synapse_cleft 5175 -0.0289859184 0.00729976494 0.0175549597 0 0 0
nt@synapse_cleft 5176 -0.0300522379 0.0598400084 0.0174838354 0 0 0
nt@synapse_cleft 5179 0.0333345832 0.0022611313 0.00526728941 0 0 0
nt@synapse_cleft 5182 0.0370694088 0.0113015368 0.00338471051 0 0 0
nt@synapse_cleft 5183 0.0252676134 0.0113076007 0.00311834324 0 0 0
nt@synapse_cleft 5186 0.0155626131 -0.0126544729 0.0120098351 0 0 0
nt@synapse_cleft 5193 0.0173390375 0.00429139219 0.0176261375 0 0 0
nt@synapse_cleft 5196 -0.0132995134 -0.00614634225 0.00856827573 0 0 0
nt@synapse_cleft 5198 -0.00671756654 -0.0187304528 0.00249189305 0 0 0
