nt@synapse_cleft 0 0.0124355782 -0.00143277901 0.0148800979 0 0 0
nt@synapse_cleft 2 -0.0458604748 0.0178750003 0.0163944443 0 0 0
nt@synapse_cleft 7 0.00747796401 0.00415344704 0.0126593391 0 0 0
nt@synapse_cleft 9 0.0184238296 -0.0223229278 0.0133606136 0 0 0
nt@synapse_cleft 12 0.00689958183 0.0330314591 0.00352893789 0 0 0
nt@synapse_cleft 15 -0.0112193733 0.0216962412 0.0150257786 0 0 0
nt@synapse_cleft 17 0.019495078 0.00300622956 0.00283715349 0 0 0
nt@synapse_cleft 23 0.00431712871 -0.0454914285 0.0114129468 0 0 0
nt@synapse_cleft 26 -0.0294250608 0.00659727764 0.00966800688 0 0 0
nt@synapse_cleft 30 0.0145666586 -0.0331856289 0.00398663548 0 0 0
nt@synapse_cleft 35 0.000957358011 0.0268310587 0.0175395225 0 0 0
nt@synapse_cleft 42 0.00252023682 0.00891439447 0.0184423062 0 0 0
nt@synapse_cleft 45 -0.00668387924 0.0156956973 0.00755454716 0 0 0
nt@synapse_cleft 54 0.00274127335 0.0274668964 0.0165926746 0 0 0
nt@synapse_cleft 56 -0.024665807 -0.0031192116 0.0145639374 0 0 0
nt@synapse_cleft 59 0.0336329325 0.0179588057 0.0165926217 0 0 0
nt@synapse_cleft 72 -0.0211789826 0.0175288292 0.0142216945 0 0 0
nt@synapse_cleft 81 0.0103495731 -0.032055593 0.00178537347 0 0 0
nt@synapse_cleft 87 -0.00799800492 -0.0200063635 0.0118318342 0 0 0
nt@synapse_cleft 89 0.0330680937 -0.000502543012 0.010510582 0 0 0
nt@synapse_cleft 100 -0.0153250578 -0.0191346874 0.00763674432 0 0 0
nt@synapse_cleft 102 -0.025447614 0.0259097946 0.00391420965 0 0 0
nt@synapse_cleft 103 0.0255456147 -0.019135948 0.0122168411 0 0 0
nt@synapse_cleft 111 -0.0303243468 0.034606031 0.0139084992 0 0 0
nt@synapse_cleft 114 0.0415968832 -0.0139374934 0.019157681 0 0 0
nt@synapse_cleft 115 -0.00396414299 -0.0314454687 0.00756077859 0 0 0
nt@synapse_cleft 116 -0.030436987 -0.0168033008 0.00757440922 0 0 0
nt@synapse_cleft 135 -0.018552595 -0.0276541109 0.00887179533 0 0 0
nt@synapse_cleft 137 -0.0480481551 -0.0384450419 0.00837787693 0 0 0
nt@synapse_cleft 148 -0.0017440707 0.0612501855 0.00884097765 0 0 0
nt@synapse_cleft 150 -0.0267914846 0.0152153457 0.0128917708 0 0 0
nt@synapse_cleft 156 -0.0247885586 -0.0034151464 0.0145062248 0 0 0
nt@synapse_cleft 157 -0.0231858821 0.00399320752 0.0155746356 0 0 0
nt@synapse_cleft 162 -0.0216159467 -0.0307243899 0.00999689567 0 0 0
nt@synapse_cleft 167 -0.0066047227 -0.0403423463 0.0019470001 0 0 0
nt@synapse_cleft 168 -0.0220008206 -0.0287740279 0.0106524116 0 0 0
nt@synapse_cleft 186 -0.0196620685 -0.00848400644 0.0174357502 0 0 0
nt@synapse_cleft 188 -0.0119398221 -0.00300178029 0.0102385887 0 0 0
nt@synapse_cleft 192 -0.00595780496 0.0392213882 0.0171794864 0 0 0
nt@synapse_cleft 194 -0.00855458934 -0.00969957691 0.0152478 0 0 0
nt@synapse_cleft 195 0.0294503105 0.0476375865 0.00449644715 0 0 0
nt@synapse_cleft 197 0.0128264658 -0.0217132251 0.0021223731 0 0 0
nt@synapse_cleft 199 0.0345979619 0.0150766638 0.0023355973 0 0 0
nt@synapse_cleft 203 0.0044253833 -0.00365053739 0.00154233256 0 0 0
nt@synapse_cleft 206 -0.000215695473 -0.0138185794 0.0160487714 0 0 0
nt@synapse_cleft 210 -0.0324662495 0.0161156216 0.00160737767 0 0 0
nt@synapse_cleft 224 -0.0160652915 0.0525316169 0.000706887647 0 0 0
nt@synapse_cleft 231 0.0165214044 0.0393934049 0.0138535431 0 0 0
nt@synapse_cleft 235 0.0239742599 -0.0200114269 0.0129475794 0 0 0
nt@synapse_cleft 244 -0.0204781392 0.00116700667 0.0196927447 0 0 0
nt@synapse_cleft 248 0.0324038432 -0.0265500149 0.00848071323 0 0 0
nt@synapse_cleft 256 -0.0448077391 -0.0125495007 0.0166633054 0 0 0
nt@synapse_cleft 263 0.0500427506 0.0161457184 0.0079949844 0 0 0
nt@synapse_cleft 268 -0.00204333169 -0.0104314306 0.0106632808 0 0 0
nt@synapse_cleft 272 0.0105148212 -0.0510666202 0.0191904379 0 0 0
nt@synapse_cleft 284 -0.0320576513 0.0840018341 0.0173304219 0 0 0
nt@synapse_cleft 289 -0.0422451442 0.0575917195 0.000983386816 0 0 0
nt@synapse_cleft 293 0.0326207576 -0.00641446325 0.0173198991 0 0 0
nt@synapse_cleft 306 0.0186277025 -0.0304398431 0.00744211945 0 0 0
nt@synapse_cleft 307 0.0172404533 0.00547451462 0.0130935859 0 0 0
nt@synapse_cleft 308 0.0158031824 0.026084668 0.00441021962 0 0 0
nt@synapse_cleft 310 0.0286356932 0.00331148051 0.0104014225 0 0 0
nt@synapse_cleft 318 -0.0328482798 0.0119607807 0.0142243419 0 0 0
nt@synapse_cleft 319 0.0531783714 0.0014081629 0.00906174965 0 0 0
nt@synapse_cleft 321 0.0415676931 0.0110546239 0.00496857625 0 0 0
nt@synapse_cleft 325 -0.0573597078 0.0756874748 0.016872563 0 0 0
nt@synapse_cleft 331 0.0504916532 -0.0196911908 0.0164784932 0 0 0
nt@synapse_cleft 347 0.0022212109 -0.00301732714 0.00407329578 0 0 0
nt@synapse_cleft 348 -0.000597184741 -0.0137984799 0.0048150892 0 0 0
nt@synapse_cleft 350 0.0185963955 0.00428396188 0.012976903 0 0 0
nt@synapse_cleft 352 -0.00831478992 0.0268570761 0.000726400855 0 0 0
nt@synapse_cleft 356 -0.0320619886 0.0174085161 0.00436755226 0 0 0
nt@synapse_cleft 361 -0.0283827554 0.00768376824 0.0165993548 0 0 0
nt@synapse_cleft 371 -0.00474578594 0.034533602 0.0129870385 0 0 0
nt@synapse_cleft 372 0.00780135435 0.0287325712 0.00678965604 0 0 0
nt@synapse_cleft 376 -0.0130855981 -0.000417001992 0.0178322909 0 0 0
nt@synapse_cleft 381 -0.0146442996 -0.0161971256 0.0032891261 0 0 0
nt@synapse_cleft 385 0.00566762085 0.0139914722 0.0124908247 0 0 0
nt@synapse_cleft 391 0.026514329 -0.0357037497 0.0145621171 0 0 0
nt@synapse_cleft 395 -0.00306793761 -0.0182125637 0.0156184193 0 0 0
nt@synapse_cleft 402 0.00354550817 0.0484698268 0.0106475098 0 0 0
nt@synapse_cleft 406 -0.0260002911 -0.0455775403 0.00569677105 0 0 0
nt@synapse_cleft 421 -0.0475489029 0.0231674795 0.0183498831 0 0 0
nt@synapse_cleft 426 0.036198259 -0.0121921115 0.0176952526 0 0 0
nt@synapse_cleft 429 -0.0224468316 0.0285700066 0.0114394015 0 0 0
nt@synapse_cleft 440 0.0384594556 0.00294244123 0.00488518052 0 0 0
nt@synapse_cleft 444 0.00178974672 0.0353404595 0.00848775389 0 0 0
nt@synapse_cleft 449 0.00780521881 -0.0101433866 0.00750294565 0 0 0
nt@synapse_cleft 452 0.036174476 0.0517628733 0.0166320759 0 0 0
nt@synapse_cleft 453 0.008843164 -0.0107696111 0.00782240345 0 0 0
nt@synapse_cleft 455 0.00151991084 -0.0233117412 0.0195646889 0 0 0
nt@synapse_cleft 477 0.0155980433 0.00823809535 0.0133175231 0 0 0
nt@synapse_cleft 479 -0.00955260619 0.0186553858 0.0154159198 0 0 0
nt@synapse_cleft 480 -0.05390268 0.0207970069 0.000569865823 0 0 0
nt@synapse_cleft 482 0.00930366772 0.000889398847 0.00448806248 0 0 0
nt@synapse_cleft 483 7.4624777e-05 -0.0251523871 0.00306119382 0 0 0
nt@synapse_cleft 484 0.000713116455 -0.0414896364 0.00338839777 0 0 0
nt@synapse_cleft 499 0.0226338187 0.0173468562 0.00385758951 0 0 0
nt@synapse_cleft 500 -0.00615323728 -0.0135429955 0.00523110128 0 0 0
nt@synapse_cleft 501 0.00454720254 0.0179944841 0.00609056898 0 0 0
nt@synapse_cleft 503 0.0113214007 -0.0190307364 0.0133869952 0 0 0
nt@synapse_cleft 509 -0.014959067 0.0557323762 0.000922242074 0 0 0
nt@synapse_cleft 510 0.0183783018 0.00502166438 0.0111145191 0 0 0
nt@synapse_cleft 514 -0.0268080892 0.00850306434 0.0164358115 0 0 0
nt@synapse_cleft 522 -0.043580666 0.0213784903 0.0147534632 0 0 0
nt@synapse_cleft 524 -0.0115840809 0.0293070964 0.0177465893 0 0 0
nt@synapse_cleft 530 0.0245718767 -0.00593462434 0.0111708666 0 0 0
nt@synapse_cleft 536 -0.0281934788 -0.0389915279 0.00563765794 0 0 0
nt@synapse_cleft 544 0.0302039834 0.0182817879 0.0103049279 0 0 0
nt@synapse_cleft 546 -0.0469644587 0.0132896678 0.0109210557 0 0 0
nt@synapse_cleft 548 -0.0185281739 0.0230822076 0.0132438878 0 0 0
nt@synapse_cleft 549 0.0291496888 -0.0325664796 0.0127473798 0 0 0
nt@synapse_cleft 551 -0.00268879664 -0.0110080688 0.0175497178 0 0 0
nt@synapse_cleft 552 0.0235537068 0.0067825244 0.00728273423 0 0 0
nt@synapse_cleft 557 -0.0293815437 -0.0055742976 0.0128341184 0 0 0
nt@synapse_cleft 558 -0.0110604029 -0.022522558 0.00108536106 0 0 0
nt@synapse_cleft 563 -0.0127665176 -0.0534470045 0.00637375614 0 0 0
nt@synapse_cleft 568 -0.00690891467 0.0069188831 0.0158904225 0 0 0
nt@synapse_cleft 572 -0.0326017752 0.0146339706 0.00601995145 0 0 0
nt@synapse_cleft 575 0.00866307024 -0.011663157 0.0116680539 0 0 0
nt@synapse_cleft 581 0.00267477784 -0.00819170148 0.0152625458 0 0 0
nt@synapse_cleft 583 0.00940040977 0.0193076585 0.0140863269 0 0 0
nt@synapse_cleft 586 0.0125147627 0.0189593485 0.00629739884 0 0 0
nt@synapse_cleft 591 -0.0185039243 0.0191334054 0.0103641591 0 0 0
nt@synapse_cleft 593 -0.00064842348 0.0367993628 0.0152042511 0 0 0
nt@synapse_cleft 594 0.0330355601 0.0197199429 0.0134118658 0 0 0
nt@synapse_cleft 595 -0.00540756002 -0.0353775641 0.000383684896 0 0 0
nt@synapse_cleft 596 -0.0205424463 -0.00195926364 0.0183730432 0 0 0
nt@synapse_cleft 598 0.000515280561 0.00100434104 0.0192620994 0 0 0
nt@synapse_cleft 618 -0.00728858082 -0.0333059643 0.00136658122 0 0 0
nt@synapse_cleft 620 -0.0251558071 0.00036514088 0.00998957399 0 0 0
nt@synapse_cleft 624 0.0149810527 -0.00444482674 0.0106108035 0 0 0
nt@synapse_cleft 627 -0.00931328412 -0.0213199897 0.010144178 0 0 0
nt@synapse_cleft 629 -0.00190136483 0.00698627015 0.000130495431 0 0 0
nt@synapse_cleft 630 0.00418021556 0.011191895 0.00567225389 0 0 0
nt@synapse_cleft 633 -0.0158736749 0.0250426632 0.0109993017 0 0 0
nt@synapse_cleft 634 0.0079597845 0.000523983758 0.00589567322 0 0 0
nt@synapse_cleft 639 -0.0195048459 -0.0274994629 0.000817178267 0 0 0
nt@synapse_cleft 645 -0.0106433514 -0.014239575 0.0185677368 0 0 0
nt@synapse_cleft 647 0.0111122183 0.0306514229 0.00388922526 0 0 0
nt@synapse_cleft 661 -0.0227663413 -0.0168121576 0.018240325 0 0 0
nt@synapse_cleft 662 -0.0130245867 0.00819639214 0.0129020142 0 0 0
nt@synapse_cleft 664 -0.0117678901 0.0146225771 0.0154449923 0 0 0
nt@synapse_cleft 674 -0.0162254751 0.0188230403 0.00315102795 0 0 0
nt@synapse_cleft 675 0.0143351045 0.00512922318 0.00823709438 0 0 0
nt@synapse_cleft 678 0.0135546888 -0.0192411663 0.00771108968 0 0 0
nt@synapse_cleft 679 -0.0295309232 0.00301072654 0.0166691619 0 0 0
nt@synapse_cleft 681 -0.00238495177 -0.029684921 0.00911049442 0 0 0
nt@synapse_cleft 684 -0.0193546364 -0.0102945562 0.00817003049 0 0 0
nt@synapse_cleft 689 0.0217062453 0.00424890734 0.0160460825 0 0 0
nt@synapse_cleft 691 0.0208980054 0.00896524986 0.00510071442 0 0 0
nt@synapse_cleft 693 0.0138507193 0.0161842647 0.0122371654 0 0 0
nt@synapse_cleft 695 -0.0173865711 0.0303922787 0.0189125726 0 0 0
nt@synapse_cleft 698 0.0126461109 0.0167342919 0.0190409121 0 0 0
nt@synapse_cleft 699 -0.0264332104 -0.0629507002 0.0125464455 0 0 0
nt@synapse_cleft 704 0.00973861235 0.0314235666 0.00150137114 0 0 0
nt@synapse_cleft 712 -0.0260830396 -0.00853174368 0.000403319913 0 0 0
nt@synapse_cleft 715 0.0250009608 0.0248766017 0.012587422 0 0 0
nt@synapse_cleft 720 0.0259353616 -0.0465022082 8.96874935e-05 0 0 0
nt@synapse_cleft 721 0.00692502968 -0.0205056801 0.00191760215 0 0 0
nt@synapse_cleft 726 -0.0242722398 -0.00822533966 0.0137791867 0 0 0
nt@synapse_cleft 727 -0.00668179653 0.0197253835 0.00734444165 0 0 0
nt@synapse_cleft 728 0.00783522799 0.00176501758 0.00155644701 0 0 0
nt@synapse_cleft 732 0.0184276165 0.0446029186 0.00130123997 0 0 0
nt@synapse_cleft 735 -0.0481985501 0.011895404 0.00173866733 0 0 0
nt@synapse_cleft 737 0.0451881724 0.00348033716 0.0128034895 0 0 0
nt@synapse_cleft 741 0.0299295963 0.00231880115 0.00349126557 0 0 0
nt@synapse_cleft 750 0.0253601037 0.0195862006 0.0148059311 0 0 0
nt@synapse_cleft 754 -0.00472884533 -0.0125592116 0.0181827437 0 0 0
nt@synapse_cleft 755 0.00818766009 0.0146752738 0.010118922 0 0 0
nt@synapse_cleft 760 -0.0083667083 -0.0485172312 0.00227248151 0 0 0
nt@synapse_cleft 762 0.00270392465 -0.0224569689 0.0189952651 0 0 0
nt@synapse_cleft 765 -0.0353615404 0.043307638 0.0171523826 0 0 0
nt@synapse_cleft 768 -0.0224892776 0.0014304281 0.0162902752 0 0 0
nt@synapse_cleft 769 0.000467601928 0.0429823032 0.0145256879 0 0 0
nt@synapse_cleft 774 0.0023584783 0.0307515634 0.00188625436 0 0 0
nt@synapse_cleft 779 -0.0187258465 0.0191896833 0.00436845938 0 0 0
nt@synapse_cleft 784 0.0188198091 0.00681089666 0.0179016257 0 0 0
nt@synapse_cleft 797 -0.00583910873 0.0295495151 0.00327793456 0 0 0
nt@synapse_cleft 803 -0.0256455681 -0.0420841067 0.0100439717 0 0 0
nt@synapse_cleft 814 0.0383217004 0.0367802131 0.00054762361 0 0 0
nt@synapse_cleft 816 0.00487322945 -0.0200346534 0.000235183469 0 0 0
nt@synapse_cleft 817 0.0203545974 -0.00659080523 0.0162538822 0 0 0
nt@synapse_cleft 828 0.0103419642 -0.023964685 0.0180359263 0 0 0
nt@synapse_cleft 831 0.000213093904 -0.0216637593 0.00232858094 0 0 0
nt@synapse_cleft 833 -0.0111426101 -0.00225281226 0.0156914952 0 0 0
nt@synapse_cleft 837 -0.0214845848 -0.0144179152 0.0184131065 0 0 0
nt@synapse_cleft 844 -0.0132556511 0.00919277642 0.0176940445 0 0 0
nt@synapse_cleft 847 0.0251186563 -0.00135452431 0.0188259914 0 0 0
nt@synapse_cleft 850 0.00778347108 0.0213439068 0.00846442035 0 0 0
nt@synapse_cleft 854 0.00105960483 0.0270333069 0.00800902157 0 0 0
nt@synapse_cleft 866 -0.00255608503 -0.0221114872 0.00660793652 0 0 0
nt@synapse_cleft 871 -0.00100983001 0.00974876013 0.0179995172 0 0 0
nt@synapse_cleft 872 0.0282678176 -0.0212049286 0.0120157197 0 0 0
nt@synapse_cleft 877 -0.0407465933 0.0103379173 0.0143212811 0 0 0
nt@synapse_cleft 884 0.000980378409 0.00567180032 0.0195022033 0 0 0
nt@synapse_cleft 904 -0.0453156476 0.00388922663 0.00227609216 0 0 0
nt@synapse_cleft 908 -0.0395893248 -0.00106862056 0.00177340998 0 0 0
nt@synapse_cleft 909 0.0280993329 -0.000220295992 0.00414797375 0 0 0
nt@synapse_cleft 913 -0.0253685398 0.00882156087 0.018813597 0 0 0
nt@synapse_cleft 918 0.0672171114 -0.000212904529 0.0193189462 0 0 0
nt@synapse_cleft 920 0.015994107 -0.0121162419 0.0119226675 0 0 0
nt@synapse_cleft 925 -0.0229113541 0.0358653221 0.0103308362 0 0 0
nt@synapse_cleft 932 0.0216848696 -0.048148487 0.00191166522 0 0 0
nt@synapse_cleft 938 -0.00496874117 0.00760229165 0.00573574531 0 0 0
nt@synapse_cleft 940 -0.0583863578 -0.0273084177 0.00886921533 0 0 0
nt@synapse_cleft 941 -0.0391316095 0.048432165 0.0193591576 0 0 0
nt@synapse_cleft 942 0.0177801317 -0.0234018118 0.00883347099 0 0 0
nt@synapse_cleft 943 0.0226767573 -0.0107083297 0.00938551704 0 0 0
nt@synapse_cleft 944 -0.00927300739 -0.0556536436 0.00202616489 0 0 0
nt@synapse_cleft 945 -0.00106194904 0.0312068258 0.000847528672 0 0 0
nt@synapse_cleft 947 -0.0211108315 0.0161432946 0.0180730363 0 0 0
nt@synapse_cleft 953 -0.0427799842 0.0169924116 0.0155492979 0 0 0
nt@synapse_cleft 954 0.0173272753 -0.0120869945 0.00499768101 0 0 0
nt@synapse_cleft 957 0.0425707766 -0.0220113686 0.0135757486 0 0 0
nt@synapse_cleft 961 -0.0300834801 -0.0121838529 0.00940851796 0 0 0
nt@synapse_cleft 967 0.0328719548 -0.00389068497 0.0160837451 0 0 0
nt@synapse_cleft 976 -0.0179617358 0.0323345855 0.0196534334 0 0 0
nt@synapse_cleft 978 -0.0399637001 -0.0148144799 0.013605742 0 0 0
nt@synapse_cleft 991 0.0308953011 -0.00189687409 0.0172642015 0 0 0
nt@synapse_cleft 992 0.0205748647 0.00683402306 0.0113767319 0 0 0
nt@synapse_cleft 994 -0.0312996223 -0.0174756952 0.0157037446 0 0 0
nt@synapse_cleft 998 0.00247009999 -0.00198067703 0.000153731019 0 0 0
nt@synapse_cleft 999 0.045617025 -0.0374119135 0.00205406208 0 0 0
nt@synapse_cleft 1002 0.0182340719 0.0468445353 0.0105361662 0 0 0
nt@synapse_cleft 1004 -0.0189485915 0.00276810119 0.00165357058 0 0 0
nt@synapse_cleft 1011 0.0303936858 0.0270374341 0.0137807869 0 0 0
nt@synapse_cleft 1013 -0.0352462536 0.0428406662 0.0180434825 0 0 0
nt@synapse_cleft 1016 -0.0359475062 0.0114077994 0.0125059399 0 0 0
nt@synapse_cleft 1018 -0.0057689141 -0.0173203988 0.0057145351 0 0 0
nt@synapse_cleft 1024 -0.0403209377 -0.0172829376 0.0135837316 0 0 0
nt@synapse_cleft 1025 -0.00701419449 -0.0295744355 0.00434264431 0 0 0
nt@synapse_cleft 1027 0.0169753404 0.0398749855 0.0178860581 0 0 0
nt@synapse_cleft 1035 -0.0292957786 -0.0150894141 0.0109079535 0 0 0
nt@synapse_cleft 1047 0.0249800462 -0.0490514066 0.000596091521 0 0 0
nt@synapse_cleft 1048 -0.00210567188 -0.0523352643 0.00357859448 0 0 0
nt@synapse_cleft 1050 0.00531035871 -0.0505237041 0.0166037397 0 0 0
nt@synapse_cleft 1056 -0.00447598538 0.0641306762 0.00530845365 0 0 0
nt@synapse_cleft 1062 0.0351473174 -0.0120477833 0.0109874058 0 0 0
nt@synapse_cleft 1077 -0.0296008619 -0.00988271453 0.0196590075 0 0 0
nt@synapse_cleft 1080 -0.0335532184 0.0189516233 0.0110976103 0 0 0
nt@synapse_cleft 1092 -0.0126508191 -0.00929941616 0.00273307836 0 0 0
nt@synapse_cleft 1102 -0.0165725341 -0.0203402451 0.00507401915 0 0 0
nt@synapse_cleft 1107 -0.0147862805 0.00485122065 0.0191617614 0 0 0
nt@synapse_cleft 1108 0.0137519885 0.0267679104 0.000344941182 0 0 0
nt@synapse_cleft 1110 0.0158250237 0.0181642256 0.0137578155 0 0 0
nt@synapse_cleft 1113 -0.0170671319 0.0116217769 0.00207158688 0 0 0
nt@synapse_cleft 1114 0.0142323417 -0.0276552385 0.00929610586 0 0 0
nt@synapse_cleft 1121 0.00613411334 0.0440562296 0.000805828448 0 0 0
nt@synapse_cleft 1127 -0.00826872764 0.00804827673 0.00381806072 0 0 0
nt@synapse_cleft 1130 0.0368974051 -0.0179455807 0.00909974237 0 0 0
nt@synapse_cleft 1136 -0.00670485147 -0.0599725929 0.00822925264 0 0 0
nt@synapse_cleft 1138 0.0221980152 0.005590511 0.0150954241 0 0 0
nt@synapse_cleft 1140 0.0125280777 -0.0328447783 0.0157862405 0 0 0
nt@synapse_cleft 1144 -0.0145752269 -0.0103507437 0.00750262954 0 0 0
nt@synapse_cleft 1145 0.0625399626 -0.0112934797 0.00894978842 0 0 0
nt@synapse_cleft 1149 -0.0273231878 -0.0039077669 0.0130191904 0 0 0
nt@synapse_cleft 1152 0.0268148494 0.00448102121 0.0178690191 0 0 0
nt@synapse_cleft 1157 0.0267436965 -0.0492226777 0.0152549746 0 0 0
nt@synapse_cleft 1165 0.0181867279 0.0386447002 0.00795944207 0 0 0
nt@synapse_cleft 1166 -0.00901515063 0.00587035989 0.00623286905 0 0 0
nt@synapse_cleft 1167 0.0390141836 0.0255575991 0.00779946071 0 0 0
nt@synapse_cleft 1172 -0.00662401975 -0.00256627556 0.00817911999 0 0 0
nt@synapse_cleft 1177 -0.00682556064 0.0787772237 0.000687728396 0 0 0
nt@synapse_cleft 1179 0.00683788958 -0.017759586 0.0063336634 0 0 0
nt@synapse_cleft 1186 -0.0599826317 0.00111097363 0.00354380966 0 0 0
nt@synapse_cleft 1188 0.0187274964 -0.0508654274 0.00345694175 0 0 0
nt@synapse_cleft 1193 -0.0382465389 -0.00618271029 0.00742810232 0 0 0
nt@synapse_cleft 1200 -0.00754956302 0.0162205211 0.0142561972 0 0 0
nt@synapse_cleft 1203 -0.00202895085 0.0055769215 0.00613786869 0 0 0
nt@synapse_cleft 1204 9.8458801e-05 0.0101076268 0.0101816206 0 0 0
nt@synapse_cleft 1205 -0.0285314304 -0.0156032183 0.0120526707 0 0 0
nt@synapse_cleft 1206 -0.0306626096 0.0038873658 0.0188296224 0 0 0
nt@synapse_cleft 1218 -0.00711767194 0.0292196127 0.019725308 0 0 0
nt@synapse_cleft 1219 -0.00176029288 0.00877079901 0.0149693917 0 0 0
nt@synapse_cleft 1237 -0.0154272237 -0.0362067285 0.00866287784 0 0 0
nt@synapse_cleft 1238 -0.0644104725 -0.0335568856 0.0185596889 0 0 0
nt@synapse_cleft 1243 -0.0230841917 5.61793777e-05 0.0152196668 0 0 0
nt@synapse_cleft 1248 0.0127069729 0.043166986 0.00761875519 0 0 0
nt@synapse_cleft 1251 -0.0340095771 0.0113344041 0.0167105068 0 0 0
nt@synapse_cleft 1252 -0.0267069609 0.00221918828 0.00169672486 0 0 0
nt@synapse_cleft 1254 -0.0287903452 0.0328267377 0.0100714403 0 0 0
nt@synapse_cleft 1270 0.0394607807 0.0167996115 0.00917816593 0 0 0
nt@synapse_cleft 1275 -0.0159297445 0.0180735472 0.00915060587 0 0 0
nt@synapse_cleft 1289 0.0453044665 -0.00245089244 0.00199197719 0 0 0
nt@synapse_cleft 1298 -0.0101575271 -0.018191621 0.00851894552 0 0 0
nt@synapse_cleft 1302 -0.0118047134 0.0318557888 0.00330587071 0 0 0
nt@synapse_cleft 1311 0.0130217113 -0.0217731775 0.00628314053 0 0 0
nt@synapse_cleft 1316 -0.0259208517 -0.0266289687 0.0133232474 0 0 0
nt@synapse_cleft 1326 0.0195497356 0.0129403174 0.000390966565 0 0 0
nt@synapse_cleft 1328 0.0182772399 0.00609121556 1.6626812e-05 0 0 0
nt@synapse_cleft 1333 -0.0215491673 0.0318150456 0.00694523839 0 0 0
nt@synapse_cleft 1338 -0.0146943118 0.0164536959 0.00962553783 0 0 0
nt@synapse_cleft 1343 0.0125543359 0.00309602665 0.0113448551 0 0 0
nt@synapse_cleft 1347 -0.0452151078 -0.0120577785 0.0164023999 0 0 0
nt@synapse_cleft 1348 0.0452856532 -0.0389949859 0.016311352 0 0 0
nt@synapse_cleft 1349 -0.011120177 -0.00730162767 0.00965140337 0 0 0
nt@synapse_cleft 1351 0.0375720533 -0.0314192708 0.00326947699 0 0 0
nt@synapse_cleft 1359 -0.0185683673 -0.0150503389 0.00903807554 0 0 0
nt@synapse_cleft 1361 -0.00496316131 -0.0566732315 0.00466819004 0 0 0
nt@synapse_cleft 1366 0.0204050101 -0.00746507732 0.00576475671 0 0 0
nt@synapse_cleft 1368 0.027965332 0.0144849931 0.00332017728 0 0 0
nt@synapse_cleft 1372 -0.01709423 0.0396148177 0.0109207904 0 0 0
nt@synapse_cleft 1380 -0.0102004551 0.0151675924 0.0128158392 0 0 0
nt@synapse_cleft 1382 0.0200519627 0.0216970253 0.00912454473 0 0 0
nt@synapse_cleft 1384 -0.0455051617 -0.0183204354 0.0104590526 0 0 0
nt@synapse_cleft 1390 0.0477597512 -0.0132884344 0.00224836285 0 0 0
nt@synapse_cleft 1393 -0.0256044231 0.0374923444 0.00661870883 0 0 0
nt@synapse_cleft 1394 0.0195980868 0.0277249445 0.0165255498 0 0 0
nt@synapse_cleft 1397 0.0282300074 0.0329981256 0.0153831215 0 0 0
nt@synapse_cleft 1400 -0.034451312 0.0153669637 0.0117874865 0 0 0
nt@synapse_cleft 1403 0.012725051 0.00298646083 0.0188144632 0 0 0
nt@synapse_cleft 1406 0.0588551751 -0.0242774204 0.00161564854 0 0 0
nt@synapse_cleft 1408 -0.0185249441 -0.0122750133 0.0103068357 0 0 0
nt@synapse_cleft 1411 0.0135189711 0.00890997663 0.0175259426 0 0 0
nt@synapse_cleft 1416 -0.0131267105 0.0317910507 0.0075493093 0 0 0
nt@synapse_cleft 1419 0.00127982295 -0.0239832919 0.000573658918 0 0 0
nt@synapse_cleft 1425 -0.00224167111 -0.0316439446 0.0046328466 0 0 0
nt@synapse_cleft 1427 -0.0231279352 -0.00730546685 0.0185671442 0 0 0
nt@synapse_cleft 1434 0.0156062706 0.0268073587 0.0104678225 0 0 0
nt@synapse_cleft 1438 -0.015333625 -0.0281833992 0.00536727097 0 0 0
nt@synapse_cleft 1440 -0.00951791835 0.0246314131 0.00283183093 0 0 0
nt@synapse_cleft 1441 -0.0347083646 0.0225373045 0.00057739214 0 0 0
nt@synapse_cleft 1442 -0.000113954345 0.0319702915 0.019143843 0 0 0
nt@synapse_cleft 1444 -0.0271792524 -0.0111446586 0.0064686167 0 0 0
nt@synapse_cleft 1446 -0.0232379058 -0.0350187335 0.00594638013 0 0 0
nt@synapse_cleft 1449 -0.0290463382 -0.000688892109 1.27120818e-05 0 0 0
nt@synapse_cleft 1452 -0.030722725 -0.0289366631 0.00133891239 0 0 0
nt@synapse_cleft 1454 -0.0217086922 0.0108054371 0.0080247019 0 0 0
nt@synapse_cleft 1455 -0.0285844078 0.00765577665 0.0175299639 0 0 0
nt@synapse_cleft 1464 -0.0583877061 0.0162822848 0.0125674164 0 0 0
nt@synapse_cleft 1470 -0.0632664033 -0.0297698133 0.0146614236 0 0 0
nt@synapse_cleft 1472 -0.0512708364 -0.0153278938 0.00761731375 0 0 0
nt@synapse_cleft 1473 0.00924256444 -0.0097209134 0.0188918291 0 0 0
nt@synapse_cleft 1479 -0.0109205588 0.0324919613 0.0189087459 0 0 0
nt@synapse_cleft 1481 0.0194927049 0.0135131438 0.0167519739 0 0 0
nt@synapse_cleft 1484 -0.00121914952 0.0164679449 0.00992243156 0 0 0
nt@synapse_cleft 1485 -0.019048845 -0.00386429111 0.0160391653 0 0 0
nt@synapse_cleft 1487 -0.0141955435 -0.0297930815 0.00596736677 0 0 0
nt@synapse_cleft 1488 0.0391741756 -0.00261179183 0.00567702834 0 0 0
nt@synapse_cleft 1494 0.0102526902 0.00799341103 0.0194894042 0 0 0
nt@synapse_cleft 1496 0.00428705813 0.0252013575 0.0155667644 0 0 0
nt@synapse_cleft 1506 0.0301950241 0.00389826381 0.0162347896 0 0 0
nt@synapse_cleft 1507 0.0103983844 -0.00426082494 0.0104841465 0 0 0
nt@synapse_cleft 1508 0.024151165 0.0131368594 0.00999646183 0 0 0
nt@synapse_cleft 1512 0.00538139337 -0.0146865823 0.0192010021 0 0 0
nt@synapse_cleft 1519 -0.00402736187 -0.00408263276 0.0178455765 0 0 0
nt@synapse_cleft 1527 0.00348799535 0.0440083468 0.0109899572 0 0 0
nt@synapse_cleft 1528 -0.032804584 0.00259018901 0.00483915782 0 0 0
nt@synapse_cleft 1531 0.00412319482 0.0186415322 0.0181155457 0 0 0
nt@synapse_cleft 1538 0.0086577542 0.0148358374 0.0163293221 0 0 0
nt@synapse_cleft 1542 -0.0151097165 0.0197922642 0.00636376299 0 0 0
nt@synapse_cleft 1545 -0.00450514498 0.00903655008 0.0130930312 0 0 0
nt@synapse_cleft 1548 -0.0364578134 -0.0256379114 0.00620282952 0 0 0
nt@synapse_cleft 1553 0.0587933338 0.00961615578 0.000725801255 0 0 0
nt@synapse_cleft 1554 0.0249722304 0.0123567645 0.00732760022 0 0 0
nt@synapse_cleft 1561 -0.000606605856 -0.0520128292 0.00969219235 0 0 0
nt@synapse_cleft 1565 -0.00385351255 0.00346905674 0.0196143987 0 0 0
nt@synapse_cleft 1571 -0.0224771453 -0.00719269504 0.0124033329 0 0 0
nt@synapse_cleft 1573 0.0195592787 0.0265183384 0.00397386925 0 0 0
nt@synapse_cleft 1588 0.000101733929 -0.0172929474 0.0163007889 0 0 0
nt@synapse_cleft 1592 0.0163491456 -0.020530682 0.00112447473 0 0 0
nt@synapse_cleft 1597 0.00373649097 0.0318738838 0.00690392818 0 0 0
nt@synapse_cleft 1600 0.0192952514 -0.0300898285 0.00512312431 0 0 0
nt@synapse_cleft 1605 0.0136734857 -0.00623881465 0.00509408109 0 0 0
nt@synapse_cleft 1606 -0.0357935388 0.0155094756 0.0127979453 0 0 0
nt@synapse_cleft 1611 -0.0103193491 -0.0252454346 0.00744650315 0 0 0
nt@synapse_cleft 1612 -0.0164400422 -0.0162331376 0.00736784415 0 0 0
nt@synapse_cleft 1617 0.0141944573 -0.0258872949 0.0149160092 0 0 0
nt@synapse_cleft 1619 0.0210212006 -0.00331290764 0.0133213449 0 0 0
nt@synapse_cleft 1628 0.0155704428 0.0365791768 0.0161491571 0 0 0
nt@synapse_cleft 1635 0.0149826967 -0.0161457237 0.00399519231 0 0 0
nt@synapse_cleft 1641 0.0309457087 0.0195657911 0.0104573087 0 0 0
nt@synapse_cleft 1642 0.0222771473 -0.029946394 0.0039274172 0 0 0
nt@synapse_cleft 1655 -0.00421628747 0.0166602053 0.000391816002 0 0 0
nt@synapse_cleft 1658 0.0145882268 0.0405746118 0.0156350416 0 0 0
nt@synapse_cleft 1660 0.0180065481 0.0109984609 0.00623971242 0 0 0
nt@synapse_cleft 1675 -0.0273751684 -0.00601005131 0.0166181201 0 0 0
nt@synapse_cleft 1678 0.00563399355 -0.00853682944 0.0102988957 0 0 0
nt@synapse_cleft 1681 -0.0222123447 0.00850231723 0.00730088074 0 0 0
nt@synapse_cleft 1684 0.00368845052 -0.0387539938 0.00793130162 0 0 0
nt@synapse_cleft 1686 -0.00710231811 0.0157462861 0.014944399 0 0 0
nt@synapse_cleft 1687 -0.0297564758 -0.0275820303 0.000568529233 0 0 0
nt@synapse_cleft 1689 0.00837146887 0.0217231281 0.00456918818 0 0 0
nt@synapse_cleft 1692 -0.0175369014 0.0290146537 0.0107942067 0 0 0
nt@synapse_cleft 1695 0.0169210498 -0.0159475193 0.0082920492 0 0 0
nt@synapse_cleft 1701 0.000303161227 0.00625549093 0.0187873352 0 0 0
nt@synapse_cleft 1707 -0.026046733 -0.00814191003 0.00934634414 0 0 0
nt@synapse_cleft 1708 -0.038738183 0.00909169122 0.00265361448 0 0 0
nt@synapse_cleft 1715 0.0071006341 -0.00165526636 0.0125461185 0 0 0
nt@synapse_cleft 1721 0.00382075553 -0.0302040548 0.0111593294 0 0 0
nt@synapse_cleft 1725 0.0298940065 -0.00993381853 0.00389406061 0 0 0
nt@synapse_cleft 1729 0.00482853511 -0.0080533084 0.0115380791 0 0 0
nt@synapse_cleft 1736 0.0196123303 0.0111266709 0.0121618636 0 0 0
nt@synapse_cleft 1741 0.0128720706 -0.0152428035 0.00851620101 0 0 0
nt@synapse_cleft 1742 0.0101412377 -0.0447530192 0.00165965298 0 0 0
nt@synapse_cleft 1743 0.0331640117 0.0354727461 0.0192112519 0 0 0
nt@synapse_cleft 1745 -0.0359941473 0.0304387415 0.00335159215 0 0 0
nt@synapse_cleft 1746 0.0118579254 -0.0229620442 0.0174213518 0 0 0
nt@synapse_cleft 1748 0.060720375 0.0106978752 0.00456289755 0 0 0
nt@synapse_cleft 1751 0.0374056504 0.0294815344 0.00794277102 0 0 0
nt@synapse_cleft 1759 -0.00981598 -0.012613063 0.0110233199 0 0 0
nt@synapse_cleft 1761 -0.0202158289 0.00757425799 0.00827722809 0 0 0
nt@synapse_cleft 1762 -0.0216541008 -0.0300719798 0.0162358079 0 0 0
nt@synapse_cleft 1768 0.00487260523 -0.0232895722 0.0141667449 0 0 0
nt@synapse_cleft 1775 -0.0136094375 0.00155571601 0.00145149626 0 0 0
nt@synapse_cleft 1778 0.0480602011 -0.0541379137 0.019998361 0 0 0
nt@synapse_cleft 1781 -0.0158497691 0.0412646797 0.00111612449 0 0 0
nt@synapse_cleft 1793 0.00698520926 0.0348887039 0.0142230381 0 0 0
nt@synapse_cleft 1795 0.0284893181 -0.00993692518 0.0156061188 0 0 0
nt@synapse_cleft 1799 -0.0193158711 0.000126464848 0.000338136589 0 0 0
nt@synapse_cleft 1804 0.00783230668 0.00878572143 0.0170972812 0 0 0
nt@synapse_cleft 1805 -0.00675535432 0.00256817304 0.0132634522 0 0 0
nt@synapse_cleft 1806 -0.0212057332 0.0123500223 0.0150959605 0 0 0
nt@synapse_cleft 1810 -0.0554970196 -0.0453661141 0.0152536309 0 0 0
nt@synapse_cleft 1811 -0.00208052783 0.0162483899 0.0152109643 0 0 0
nt@synapse_cleft 1812 -0.00072915369 0.0439922322 0.0187445665 0 0 0
nt@synapse_cleft 1815 -0.00660723168 0.00663894412 0.0141753649 0 0 0
nt@synapse_cleft 1824 0.0128464084 0.00288858843 0.00458986657 0 0 0
nt@synapse_cleft 1826 0.0193750153 -0.00995441732 0.0151623098 0 0 0
nt@synapse_cleft 1829 0.0424167143 -0.0158346621 0.00660670064 0 0 0
nt@synapse_cleft 1830 -0.0408623065 -0.014161317 0.0170204119 0 0 0
nt@synapse_cleft 1837 -0.0364597506 -0.0109038401 0.0110559306 0 0 0
nt@synapse_cleft 1838 -0.00825177408 -0.0306326702 0.00953938452 0 0 0
nt@synapse_cleft 1843 0.0377197739 -0.00184132187 0.00902495796 0 0 0
nt@synapse_cleft 1846 -0.024061675 0.00299819911 0.0010093508 0 0 0
nt@synapse_cleft 1849 0.0442749248 0.00918206404 0.00780686234 0 0 0
nt@synapse_cleft 1853 0.067646974 -0.0169850774 0.00102437241 0 0 0
nt@synapse_cleft 1854 0.00290108551 -0.000140634565 0.017475295 0 0 0
nt@synapse_cleft 1856 0.0195453102 -0.0188981991 0.0126991149 0 0 0
nt@synapse_cleft 1868 -0.0255577997 -0.00193662282 0.00178627685 0 0 0
nt@synapse_cleft 1872 0.00926886991 -0.00438860348 0.0128127403 0 0 0
nt@synapse_cleft 1875 -0.0291157291 0.0172667756 0.0098125087 0 0 0
nt@synapse_cleft 1877 0.0018045825 0.032324796 0.0141973891 0 0 0
nt@synapse_cleft 1880 -0.0226811643 -0.0204992978 0.0078162913 0 0 0
nt@synapse_cleft 1883 0.0183177585 0.0129813908 0.0164511446 0 0 0
nt@synapse_cleft 1885 -0.0118579519 -0.00315547037 0.00472557691 0 0 0
nt@synapse_cleft 1887 -0.00209830424 0.0364921901 0.00386730045 0 0 0
nt@synapse_cleft 1892 -0.00389274727 0.00661208971 0.00258490101 0 0 0
nt@synapse_cleft 1896 0.028283295 -0.00718145625 0.00935002233 0 0 0
nt@synapse_cleft 1900 -0.00508609265 -0.0180340077 0.0103509333 0 0 0
nt@synapse_cleft 1904 -0.0375938541 0.0425711191 0.00064675671 0 0 0
nt@synapse_cleft 1914 0.0107308173 0.0135161461 0.00412424047 0 0 0
nt@synapse_cleft 1918 -0.0137109844 0.0610799364 0.0135474257 0 0 0
nt@synapse_cleft 1921 -0.00357847037 -0.0200732683 0.0112715695 0 0 0
nt@synapse_cleft 1923 -0.0139275324 0.0207321806 0.0127835954 0 0 0
nt@synapse_cleft 1925 0.0075587562 0.0178748764 0.00664829003 0 0 0
nt@synapse_cleft 1926 0.00684046337 -0.0176326329 0.0194946377 0 0 0
nt@synapse_cleft 1932 0.0136327409 -0.00654345741 0.0176720759 0 0 0
nt@synapse_cleft 1942 0.0292108573 -0.0336154566 0.00210714848 0 0 0
nt@synapse_cleft 1944 -0.00391046905 0.0263138791 0.0127545153 0 0 0
nt@synapse_cleft 1946 -0.0182955708 -0.00986452571 0.00249663798 0 0 0
nt@synapse_cleft 1953 -0.0245801168 -0.0133374306 0.00855929926 0 0 0
nt@synapse_cleft 1961 0.0394220098 0.0154106449 0.00541838272 0 0 0
nt@synapse_cleft 1964 -0.00325335054 -0.00225239937 0.0140237603 0 0 0
nt@synapse_cleft 1967 0.0170454665 -0.0301559576 0.00956427604 0 0 0
nt@synapse_cleft 1970 -0.0212672167 -0.0407390976 0.0182731425 0 0 0
nt@synapse_cleft 1973 0.0265002505 0.0243823844 0.0180006215 0 0 0
nt@synapse_cleft 1976 -0.0306106447 -0.0178291168 0.00895261976 0 0 0
nt@synapse_cleft 1980 -0.0163603421 -0.0260458229 0.00544753896 0 0 0
nt@synapse_cleft 1984 -0.0563219206 -0.0139923081 0.0115433679 0 0 0
nt@synapse_cleft 1989 -0.0120236079 0.0150082202 0.0177202151 0 0 0
nt@synapse_cleft 1990 0.0219415851 0.0233760194 0.00505845951 0 0 0
nt@synapse_cleft 1993 0.00724913223 -0.0187231911 0.0187383788 0 0 0
nt@synapse_cleft 1997 0.00772536498 0.0152883058 0.0140942622 0 0 0
nt@synapse_cleft 2004 -0.0166149286 0.00721925819 0.0189322165 0 0 0
nt@synapse_cleft 2007 -0.00182778884 0.00658472954 0.01185339 0 0 0
nt@synapse_cleft 2013 -0.00944759944 -0.0034253442 0.00416783112 0 0 0
nt@synapse_cleft 2014 0.0134063803 0.0147922343 0.0155194867 0 0 0
nt@synapse_cleft 2019 0.0118444798 -0.00913154738 0.011849185 0 0 0
nt@synapse_cleft 2026 0.049807427 0.00638215433 0.00480657479 0 0 0
nt@synapse_cleft 2027 -0.0135210276 -0.0286774971 0.00705628462 0 0 0
nt@synapse_cleft 2032 -0.0238701692 -3.33900437e-05 0.0155207618 0 0 0
nt@synapse_cleft 2035 0.0605749068 0.0232311947 0.00248564742 0 0 0
nt@synapse_cleft 2036 0.0534676505 -0.0374293993 0.0149583796 0 0 0
nt@synapse_cleft 2039 0.035906896 0.0147648171 0.0193921602 0 0 0
nt@synapse_cleft 2041 0.0312920303 -0.0120575768 0.0120049949 0 0 0
nt@synapse_cleft 2044 0.0107571398 -0.01851384 0.0110454302 0 0 0
nt@synapse_cleft 2052 -0.00248313237 -0.0203173624 0.014094847 0 0 0
nt@synapse_cleft 2061 0.0177332171 0.0095975829 0.0029991579 0 0 0
nt@synapse_cleft 2064 0.0168648285 0.0234749087 0.000354104419 0 0 0
nt@synapse_cleft 2091 -0.00607687633 0.0282306773 0.0129479241 0 0 0
nt@synapse_cleft 2092 0.0176240009 0.0337016877 0.0115761412 0 0 0
nt@synapse_cleft 2094 -0.0136356671 -0.00470342415 0.0138703519 0 0 0
nt@synapse_cleft 2096 -0.0167731651 -0.00691130322 0.00253652192 0 0 0
nt@synapse_cleft 2101 -0.00806206832 -0.0109909616 0.0176161263 0 0 0
nt@synapse_cleft 2104 0.0272311182 -0.00366311991 0.01037095 0 0 0
nt@synapse_cleft 2112 -0.00428550689 -0.0240159824 0.00117605885 0 0 0
nt@synapse_cleft 2115 -0.0310391348 0.0137940271 0.010976493 0 0 0
nt@synapse_cleft 2124 0.00261087773 0.0548936015 0.0072998403 0 0 0
nt@synapse_cleft 2127 0.0190464537 0.0149979894 0.00245290542 0 0 0
nt@synapse_cleft 2133 0.0127791832 -0.00537033633 0.00743795916 0 0 0
nt@synapse_cleft 2137 -0.0410765143 0.0549918038 0.000888600599 0 0 0
nt@synapse_cleft 2148 0.0327435584 -0.0668640835 0.00109709187 0 0 0
nt@synapse_cleft 2156 0.0368226164 -0.0366221811 0.0158714754 0 0 0
nt@synapse_cleft 2162 -0.0136149756 0.0101049295 0.0171713787 0 0 0
nt@synapse_cleft 2163 0.0111005933 -0.000326979267 0.0166829098 0 0 0
nt@synapse_cleft 2177 -0.010877801 -0.0330889928 0.00142259178 0 0 0
nt@synapse_cleft 2185 -0.010780564 -0.00977528455 0.00853091485 0 0 0
nt@synapse_cleft 2187 -0.0098832669 0.00360949815 0.0177535886 0 0 0
nt@synapse_cleft 2188 -0.0058520726 0.0328631675 0.00968209228 0 0 0
nt@synapse_cleft 2199 0.00212495558 -0.022477193 0.00535318938 0 0 0
nt@synapse_cleft 2204 -0.0335680764 0.00991576304 0.0139543053 0 0 0
nt@synapse_cleft 2206 -0.0199681623 -0.0220655372 0.0110354951 0 0 0
nt@synapse_cleft 2207 0.0266749535 0.0083550442 0.0169110087 0 0 0
nt@synapse_cleft 2217 0.0187114832 -0.0363578251 0.00893746345 0 0 0
nt@synapse_cleft 2218 0.0181708908 0.014185137 0.0161173545 0 0 0
nt@synapse_cleft 2223 -0.0153835581 0.0164780255 0.00690043062 0 0 0
nt@synapse_cleft 2228 -0.0012027996 0.0146939555 0.00831617635 0 0 0
nt@synapse_cleft 2235 -0.00808940139 -0.0121070983 0.00939064979 0 0 0
nt@synapse_cleft 2236 -0.00327928482 0.0165221017 0.0117377032 0 0 0
nt@synapse_cleft 2248 -0.0314126587 -0.00213238133 0.00102906125 0 0 0
nt@synapse_cleft 2251 -0.00420853185 0.00847624229 0.0159855197 0 0 0
nt@synapse_cleft 2254 -0.00684024789 -0.0213592099 0.0187507592 0 0 0
nt@synapse_cleft 2257 0.00411927531 -0.00348169213 0.0114661218 0 0 0
nt@synapse_cleft 2262 0.000132921074 0.0248384268 0.0170503395 0 0 0
nt@synapse_cleft 2265 0.0349810261 0.0254545049 0.00573334638 0 0 0
nt@synapse_cleft 2271 -0.0604696923 0.0199075703 0.00129311291 0 0 0
nt@synapse_cleft 2274 -0.00970065928 0.0387350311 0.00425795366 0 0 0
nt@synapse_cleft 2278 0.0218254911 0.0325857263 0.0103372434 0 0 0
nt@synapse_cleft 2279 -0.0115856634 0.01181426 0.0162699811 0 0 0
nt@synapse_cleft 2283 0.0356174866 -0.0282487899 0.00792218282 0 0 0
nt@synapse_cleft 2284 0.0235753756 0.0068447277 0.0164819617 0 0 0
nt@synapse_cleft 2285 -0.0184248499 -0.0101579222 0.0028592394 0 0 0
nt@synapse_cleft 2289 0.00664124898 -0.00571136069 0.00347252524 0 0 0
nt@synapse_cleft 2292 -0.00710556205 0.0010888597 0.0190810383 0 0 0
nt@synapse_cleft 2298 -0.0384969697 -0.0227084478 0.012977151 0 0 0
nt@synapse_cleft 2306 -0.00248915715 -0.0481145544 0.00777351715 0 0 0
nt@synapse_cleft 2308 -0.0403368589 0.00754975282 0.0121000958 0 0 0
nt@synapse_cleft 2309 -0.00190951431 0.00464634041 0.0112628371 0 0 0
nt@synapse_cleft 2314 0.00357391482 -0.0302411736 0.00911424686 0 0 0
nt@synapse_cleft 2317 0.0343129284 0.00706544954 0.00629080189 0 0 0
nt@synapse_cleft 2320 0.0279200716 -0.0312184304 0.00251826142 0 0 0
nt@synapse_cleft 2321 0.0510914793 0.00940719334 0.00366828761 0 0 0
nt@synapse_cleft 2326 0.0147119106 0.0267412464 0.00116195116 0 0 0
nt@synapse_cleft 2327 -0.0348425922 -0.0327947299 0.0168492343 0 0 0
nt@synapse_cleft 2330 -0.0382611692 0.0127692712 0.00998144868 0 0 0
nt@synapse_cleft 2332 -0.0208968007 -0.00839486058 0.019359284 0 0 0
nt@synapse_cleft 2349 0.040271993 -0.00289566231 0.00823750215 0 0 0
nt@synapse_cleft 2367 -0.0255072858 -0.0445795819 0.0126547932 0 0 0
nt@synapse_cleft 2369 -0.00695940043 -0.00364276264 0.0025829193 0 0 0
nt@synapse_cleft 2383 0.0111350467 -0.0369012046 0.013542036 0 0 0
nt@synapse_cleft 2386 -0.0220439948 -0.0161580015 0.00277073906 0 0 0
nt@synapse_cleft 2389 -0.00210571134 -0.028579722 0.00621648326 0 0 0
nt@synapse_cleft 2397 0.00503810207 -0.0495943171 0.0142436274 0 0 0
nt@synapse_cleft 2400 -0.0224515211 -0.0369588172 0.0127046696 0 0 0
nt@synapse_cleft 2410 0.0241230725 0.00608787262 0.0167892775 0 0 0
nt@synapse_cleft 2411 0.0163531264 -0.0462806583 0.000373258795 0 0 0
nt@synapse_cleft 2412 -0.00336553491 0.0237430412 0.0127039348 0 0 0
nt@synapse_cleft 2417 -0.00944847167 0.00887744382 0.0148635074 0 0 0
nt@synapse_cleft 2421 -0.000481434156 0.0199195608 0.00589425266 0 0 0
nt@synapse_cleft 2423 0.0153549208 -0.0403738046 0.00544654167 0 0 0
nt@synapse_cleft 2437 0.0333267706 0.0135778564 0.0062582269 0 0 0
nt@synapse_cleft 2438 -0.00200853759 -0.0439061105 0.003518015 0 0 0
nt@synapse_cleft 2440 -0.0288087911 -0.0252695595 0.0105536024 0 0 0
nt@synapse_cleft 2448 0.00411061468 -0.000578513411 0.00910179284 0 0 0
nt@synapse_cleft 2456 -0.0225178417 -0.00706629633 0.0192770163 0 0 0
nt@synapse_cleft 2459 0.00713416368 0.049850024 0.00627514264 0 0 0
nt@synapse_cleft 2462 -0.00784733739 0.0427970331 0.00397357118 0 0 0
nt@synapse_cleft 2468 -0.0496500956 -0.0182671084 0.0134548562 0 0 0
nt@synapse_cleft 2472 0.0509918964 -0.0474473004 0.015921016 0 0 0
nt@synapse_cleft 2480 -0.00838711741 -0.0236049068 0.00541171128 0 0 0
nt@synapse_cleft 2481 -0.0205764359 -0.0139348232 0.000250702788 0 0 0
nt@synapse_cleft 2483 0.0290018145 0.0283954732 0.0164127752 0 0 0
nt@synapse_cleft 2491 0.00854561993 0.00885984333 0.0134587278 0 0 0
nt@synapse_cleft 2493 0.0255885235 -0.0507300899 0.00125207512 0 0 0
nt@synapse_cleft 2498 0.0160286135 -0.0224959163 0.00153710724 0 0 0
nt@synapse_cleft 2501 0.000728229084 0.01381002 5.59237268e-05 0 0 0
nt@synapse_cleft 2502 0.0153293704 -0.0343352293 0.0147987438 0 0 0
nt@synapse_cleft 2509 -0.00329597914 -0.0204694797 0.0195258644 0 0 0
nt@synapse_cleft 2513 -0.0015018547 0.0108304858 0.0105483263 0 0 0
nt@synapse_cleft 2517 0.000528601543 -0.00446533617 0.0156611332 0 0 0
nt@synapse_cleft 2520 0.0174257929 0.0205147711 0.00687360801 0 0 0
nt@synapse_cleft 2521 0.00342670989 0.0162832385 0.00688206968 0 0 0
nt@synapse_cleft 2525 0.0380011816 0.0230227504 0.0137988373 0 0 0
nt@synapse_cleft 2528 -0.00523549095 -0.00212562017 0.0130139749 0 0 0
nt@synapse_cleft 2539 -0.00719588089 0.0193488657 0.0172405175 0 0 0
nt@synapse_cleft 2542 0.0201405472 -0.027230049 0.0181839288 0 0 0
nt@synapse_cleft 2549 -0.00659053765 0.0682312631 0.0094522661 0 0 0
nt@synapse_cleft 2550 0.0352599693 -0.00937705108 0.0168176452 0 0 0
nt@synapse_cleft 2555 0.0564496718 -0.0230290119 0.00551360597 0 0 0
nt@synapse_cleft 2560 -0.0318819411 0.0140114071 0.00290219652 0 0 0
nt@synapse_cleft 2561 0.0174811096 0.0502682623 0.000858172051 0 0 0
nt@synapse_cleft 2563 0.00471688047 0.019658824 0.00881968739 0 0 0
nt@synapse_cleft 2564 -0.0184817763 0.0418853632 0.00646921981 0 0 0
nt@synapse_cleft 2566 -0.00420075029 0.00127880751 0.0136352338 0 0 0
nt@synapse_cleft 2570 0.0064018351 0.00391519231 0.0183761366 0 0 0
nt@synapse_cleft 2571 0.0200990933 -0.0428145742 0.000203728322 0 0 0
nt@synapse_cleft 2577 0.0023808078 0.0270903352 0.0121084487 0 0 0
nt@synapse_cleft 2586 0.0375551188 -0.0134991616 0.0106891193 0 0 0
nt@synapse_cleft 2591 0.00310410917 -0.0014257542 0.00750176965 0 0 0
nt@synapse_cleft 2597 -0.0205295948 0.00071756458 0.013529202 0 0 0
nt@synapse_cleft 2603 0.0179179006 -0.0152355584 0.0161356907 0 0 0
nt@synapse_cleft 2604 0.0338468344 -0.0100680651 0.0131844963 0 0 0
nt@synapse_cleft 2610 0.00896732276 -0.037108606 0.00103195883 0 0 0
nt@synapse_cleft 2613 -0.0361757208 -0.0190332698 0.0187526697 0 0 0
nt@synapse_cleft 2615 -0.00396401348 -0.0667290085 0.00613422335 0 0 0
nt@synapse_cleft 2617 -0.0164289875 0.0180841423 0.0146344723 0 0 0
nt@synapse_cleft 2623 -0.0220835583 -0.0338281221 0.000433682797 0 0 0
nt@synapse_cleft 2625 -0.0576024964 -0.0202298987 0.0031428959 0 0 0
nt@synapse_cleft 2628 0.0363978554 -0.024687914 0.0175587563 0 0 0
nt@synapse_cleft 2639 0.00978945189 -0.00736876629 0.000389960868 0 0 0
nt@synapse_cleft 2641 -0.0254569459 -0.0194956365 0.00141799599 0 0 0
nt@synapse_cleft 2645 0.0148794194 0.024817388 4.81288565e-05 0 0 0
nt@synapse_cleft 2652 -0.0114019149 0.00762322849 0.00901388391 0 0 0
nt@synapse_cleft 2660 -0.0112479249 -0.0227799941 0.0167704916 0 0 0
nt@synapse_cleft 2670 -0.0263071529 -0.00431077562 0.00934098748 0 0 0
nt@synapse_cleft 2674 -0.0112888845 0.0037752451 0.0105343798 0 0 0
nt@synapse_cleft 2675 -0.0171468586 0.00749152633 0.0166502389 0 0 0
nt@synapse_cleft 2680 -0.0534685538 -0.0358524052 0.0025413154 0 0 0
nt@synapse_cleft 2681 -0.0389295445 -0.025787049 0.0195645092 0 0 0
nt@synapse_cleft 2688 -0.0463163739 0.052865275 0.0106969768 0 0 0
nt@synapse_cleft 2702 -0.000426412652 -0.013108047 0.00143020585 0 0 0
nt@synapse_cleft 2708 -0.0417697143 0.00380780453 0.00197096324 0 0 0
nt@synapse_cleft 2709 0.00623296605 0.00801167901 0.0163688298 0 0 0
nt@synapse_cleft 2710 -0.00963295462 -0.0278790741 0.00856202667 0 0 0
nt@synapse_cleft 2713 0.000803198756 -0.0292476553 0.0122933328 0 0 0
nt@synapse_cleft 2714 0.0436533381 0.0235120025 0.0115235018 0 0 0
nt@synapse_cleft 2720 0.00938219846 0.0234533983 0.00736728813 0 0 0
nt@synapse_cleft 2724 0.0167615689 -0.0128882976 0.00774193843 0 0 0
nt@synapse_cleft 2729 0.02068206 -0.0198968003 0.0194868072 0 0 0
nt@synapse_cleft 2734 0.0324457818 0.00311718823 0.0109739273 0 0 0
nt@synapse_cleft 2739 0.0271719061 -0.0140808193 0.0121395509 0 0 0
nt@synapse_cleft 2743 0.000602151425 -0.0403740297 0.0139741529 0 0 0
nt@synapse_cleft 2750 0.0304048355 -0.0357413179 0.0130691295 0 0 0
nt@synapse_cleft 2752 -0.0227081196 -0.0198875339 0.0197981773 0 0 0
nt@synapse_cleft 2756 0.0312822642 -0.0218462301 0.00358935246 0 0 0
nt@synapse_cleft 2758 0.00459005429 -0.00991319543 0.010509435 0 0 0
nt@synapse_cleft 2766 -0.044376529 0.0394688702 0.0181511596 0 0 0
nt@synapse_cleft 2775 0.0421589813 -0.0216440269 0.015000072 0 0 0
nt@synapse_cleft 2785 0.00385477801 0.026370264 0.002971143 0 0 0
nt@synapse_cleft 2798 -0.024949301 0.0251348341 0.0067640116 0 0 0
nt@synapse_cleft 2807 -0.0154107142 0.0187571189 0.0092309844 0 0 0
nt@synapse_cleft 2808 0.0188401286 0.0591078382 0.0158539309 0 0 0
nt@synapse_cleft 2815 -0.00813987227 0.00808590295 0.0104687503 0 0 0
nt@synapse_cleft 2820 0.0154794746 -0.00103353855 0.0152567424 0 0 0
nt@synapse_cleft 2828 0.0131051756 -0.0507232616 0.00431510705 0 0 0
nt@synapse_cleft 2837 -0.00925444187 0.0112021095 0.0148499617 0 0 0
nt@synapse_cleft 2848 0.0109933498 0.00404037068 0.00648265293 0 0 0
nt@synapse_cleft 2854 0.0163877044 -0.0136820953 0.012003486 0 0 0
nt@synapse_cleft 2855 -0.0223646464 -0.0288419225 0.000181468232 0 0 0
nt@synapse_cleft 2857 0.026115709 -0.0257459677 0.0192488415 0 0 0
nt@synapse_cleft 2861 -0.0197124523 0.00497422502 0.0053338752 0 0 0
nt@synapse_cleft 2863 -0.0256996919 0.020201108 0.000404161296 0 0 0
nt@synapse_cleft 2868 0.00252473421 0.0157519099 0.00174823844 0 0 0
nt@synapse_cleft 2871 0.0138097477 -0.0468150159 0.0179786484 0 0 0
nt@synapse_cleft 2875 0.0148551451 0.0188536607 0.0189135092 0 0 0
nt@synapse_cleft 2876 -0.015029912 -0.00222325553 0.0162486858 0 0 0
nt@synapse_cleft 2880 0.00300609081 0.0137328378 0.00690749262 0 0 0
nt@synapse_cleft 2884 0.040946787 0.00348054921 0.0194642501 0 0 0
nt@synapse_cleft 2887 0.00344177685 -0.0221903213 0.0198659456 0 0 0
nt@synapse_cleft 2894 0.0131194866 0.0171453493 0.00208026444 0 0 0
nt@synapse_cleft 2895 0.0651828937 -0.00566696367 0.0193240333 0 0 0
nt@synapse_cleft 2897 -0.00229249031 -0.0347300221 0.0163193319 0 0 0
nt@synapse_cleft 2905 -0.0161798915 0.0205549428 0.0124829416 0 0 0
nt@synapse_cleft 2909 0.042432028 -0.0175159913 0.0179527456 0 0 0
nt@synapse_cleft 2910 -0.0438974557 0.00886456495 0.0194620751 0 0 0
nt@synapse_cleft 2912 0.015179102 -0.011519203 0.000588159336 0 0 0
nt@synapse_cleft 2915 0.0182888729 -0.0446356307 0.0183789937 0 0 0
nt@synapse_cleft 2918 -0.0151490791 -0.0541457856 0.0151016143 0 0 0
nt@synapse_cleft 2920 0.0171084518 -0.004727766 0.0155632801 0 0 0
nt@synapse_cleft 2921 0.00344580167 0.0470285596 0.00209904529 0 0 0
nt@synapse_cleft 2922 0.0668582416 -0.0203610187 0.0188218648 0 0 0
nt@synapse_cleft 2925 -0.0122394526 0.0325832568 0.0155047157 0 0 0
nt@synapse_cleft 2933 -0.014506791 -0.0114357976 0.00433946947 0 0 0
nt@synapse_cleft 2935 -0.0220411889 5.40723807e-05 0.015390332 0 0 0
nt@synapse_cleft 2940 -0.000285511101 -0.0223836114 0.000214401355 0 0 0
nt@synapse_cleft 2945 -0.0197509617 -0.0120706733 0.00871076994 0 0 0
nt@synapse_cleft 2946 0.0040008487 -0.00244057918 0.0165250784 0 0 0
nt@synapse_cleft 2961 0.0688804823 -0.0300262268 0.00557406984 0 0 0
nt@synapse_cleft 2962 0.0167625314 0.0134314758 0.00628047292 0 0 0
nt@synapse_cleft 2967 -0.0141578666 -0.0458404126 0.0110611522 0 0 0
nt@synapse_cleft 2983 0.0160810833 -0.0377450976 0.0036271703 0 0 0
nt@synapse_cleft 2992 -0.021795413 0.0238783467 0.00498770948 0 0 0
nt@synapse_cleft 2993 -0.00118839478 0.0462131245 0.000914852852 0 0 0
nt@synapse_cleft 2997 0.025766442 -0.0154406575 0.00192657001 0 0 0
nt@synapse_cleft 3006 0.0279650545 0.0326524613 0.00358004052 0 0 0
nt@synapse_cleft 3008 0.0161407441 0.058295695 0.0123240712 0 0 0
nt@synapse_cleft 3012 0.0291661916 -0.000950869477 0.0067545813 0 0 0
nt@synapse_cleft 3019 -0.0143471722 0.00628190202 0.00504672577 0 0 0
nt@synapse_cleft 3020 -0.0187960323 -0.0148249265 0.00175141949 0 0 0
nt@synapse_cleft 3024 0.0228665343 0.0140399206 0.0167121101 0 0 0
nt@synapse_cleft 3026 -0.0134958654 -0.00210080399 0.0039434586 0 0 0
nt@synapse_cleft 3042 0.00231576551 0.0106292244 0.0164741872 0 0 0
nt@synapse_cleft 3047 0.0300780226 0.0515002982 0.00716572795 0 0 0
nt@synapse_cleft 3057 0.0103090813 -0.0175891475 0.0176330212 0 0 0
nt@synapse_cleft 3061 -0.00833593403 0.035708714 0.00342299524 0 0 0
nt@synapse_cleft 3062 -0.0013136958 -0.0155353957 0.00456800446 0 0 0
nt@synapse_cleft 3069 0.0566776893 -0.0360593185 0.016049879 0 0 0
nt@synapse_cleft 3073 -0.0066501813 0.043954641 0.00507019586 0 0 0
nt@synapse_cleft 3082 0.0112795021 0.0236383546 0.0184656205 0 0 0
nt@synapse_cleft 3089 0.001356572 -0.0100597562 0.00217538211 0 0 0
nt@synapse_cleft 3096 -0.00299404814 0.0359777562 0.0015104426 0 0 0
nt@synapse_cleft 3097 0.0461757166 0.0164700263 0.00358857605 0 0 0
nt@synapse_cleft 3099 -0.0127689642 0.00880513281 0.00883405496 0 0 0
nt@synapse_cleft 3111 -0.0106075483 -0.017464732 0.000724809433 0 0 0
nt@synapse_cleft 3113 -0.0193237977 0.019812216 0.0180008945 0 0 0
nt@synapse_cleft 3114 0.0262605642 0.0313640279 0.0186570742 0 0 0
nt@synapse_cleft 3122 -0.00844360459 -0.00445218389 0.00430098476 0 0 0
nt@synapse_cleft 3132 -0.0254574853 -0.00580358955 0.000459330544 0 0 0
nt@synapse_cleft 3134 0.0114508018 0.0304605016 0.0174072128 0 0 0
nt@synapse_cleft 3150 0.035594633 -0.0731314944 0.00650368949 0 0 0
nt@synapse_cleft 3155 -0.00381530449 0.0108435458 0.0170531284 0 0 0
nt@synapse_cleft 3158 -0.0138423239 -0.0101361021 0.00751613811 0 0 0
nt@synapse_cleft 3159 -0.0186964464 0.0136909102 0.0164629586 0 0 0
nt@synapse_cleft 3165 0.0175308721 -0.00740818947 0.00992859992 0 0 0
nt@synapse_cleft 3167 0.00261466922 0.0186945362 0.0109146276 0 0 0
nt@synapse_cleft 3177 0.0233975286 -0.0406486969 0.00778263973 0 0 0
nt@synapse_cleft 3178 -0.0143547448 -0.0181934318 0.00411535186 0 0 0
nt@synapse_cleft 3179 0.0175488197 -0.00686813488 0.00845621137 0 0 0
nt@synapse_cleft 3181 0.00686139343 0.0182947649 0.00250963971 0 0 0
nt@synapse_cleft 3183 0.00449050117 -0.0263113019 0.0172539514 0 0 0
nt@synapse_cleft 3184 0.00485668665 0.0248563561 0.000383854744 0 0 0
nt@synapse_cleft 3185 -0.00537691661 -0.0145665697 0.00604562483 0 0 0
nt@synapse_cleft 3190 0.0148172531 -0.000273933528 0.00337911518 0 0 0
nt@synapse_cleft 3199 -0.00720910836 0.0449493016 0.0163597609 0 0 0
nt@synapse_cleft 3202 -0.000470977438 0.0380026059 0.0103251122 0 0 0
nt@synapse_cleft 3207 -0.00750083014 -0.00192192878 0.000187628242 0 0 0
nt@synapse_cleft 3214 -0.00867379109 -0.0024275452 0.0179971724 0 0 0
nt@synapse_cleft 3220 0.0029293307 0.0221220899 0.0104766946 0 0 0
nt@synapse_cleft 3222 -0.0478750613 -0.0153549861 0.010494066 0 0 0
nt@synapse_cleft 3227 0.00237423482 0.00888245689 0.0115788353 0 0 0
nt@synapse_cleft 3247 0.00927330156 -0.00970092947 0.0117081364 0 0 0
nt@synapse_cleft 3248 -0.0216067515 -0.0318594108 0.019522059 0 0 0
nt@synapse_cleft 3249 -0.0172476118 0.000909174069 0.00533589681 0 0 0
nt@synapse_cleft 3275 -0.00803774543 -0.00782014233 0.0092611039 0 0 0
nt@synapse_cleft 3304 0.0269302447 0.0772183918 0.00714253831 0 0 0
nt@synapse_cleft 3308 -0.027936695 0.0343963363 0.00914143587 0 0 0
nt@synapse_cleft 3312 -0.00245545764 -0.00990103506 0.00169562072 0 0 0
nt@synapse_cleft 3313 -0.00174285184 -0.0119847776 0.0191804061 0 0 0
nt@synapse_cleft 3316 0.0177131356 0.00355534245 0.0161089198 0 0 0
nt@synapse_cleft 3324 -0.010452173 -0.00181997078 0.000663889611 0 0 0
nt@synapse_cleft 3326 0.0226313581 -0.0159719265 0.00312294073 0 0 0
nt@synapse_cleft 3327 -0.00523843405 -0.0374962952 0.0113331511 0 0 0
nt@synapse_cleft 3334 0.0200864623 0.000618192206 0.0105608891 0 0 0
nt@synapse_cleft 3335 0.0474659839 0.0134985484 0.0060461722 0 0 0
nt@synapse_cleft 3338 0.00292380859 -0.0374716426 0.0151576853 0 0 0
nt@synapse_cleft 3341 0.0159359757 -0.00912173093 0.00776287125 0 0 0
nt@synapse_cleft 3342 0.0122671133 -0.0118309683 0.0117066152 0 0 0
nt@synapse_cleft 3347 0.0185257819 -0.0477552748 0.0108892455 0 0 0
nt@synapse_cleft 3354 -0.0122507706 -0.0164726956 0.00852897132 0 0 0
nt@synapse_cleft 3367 0.00916666406 0.0224922202 0.0131152458 0 0 0
nt@synapse_cleft 3372 -0.0471431216 -0.0181944163 0.0187359045 0 0 0
nt@synapse_cleft 3375 0.040052797 0.0250013047 0.0199421965 0 0 0
nt@synapse_cleft 3378 0.0106412838 0.0373666491 0.000229374645 0 0 0
nt@synapse_cleft 3394 -0.00738937475 -0.0132189208 0.0019323084 0 0 0
nt@synapse_cleft 3401 0.042148639 0.000816681244 0.0195409151 0 0 0
nt@synapse_cleft 3402 -0.00373687205 -0.0146474426 0.000393057828 0 0 0
nt@synapse_cleft 3404 0.023703571 -0.0249827249 0.0017789744 0 0 0
nt@synapse_cleft 3407 0.0123387437 0.0534802955 0.00611510882 0 0 0
nt@synapse_cleft 3413 0.0228160245 0.0207730151 0.00455973163 0 0 0
nt@synapse_cleft 3419 -0.0227217798 0.0253121752 0.0016069988 0 0 0
nt@synapse_cleft 3429 0.0452407855 -0.0118177551 0.0197973252 0 0 0
nt@synapse_cleft 3432 0.0591863973 -0.0683608752 0.00566102375 0 0 0
nt@synapse_cleft 3445 0.0177066951 0.0192116171 0.0144857936 0 0 0
nt@synapse_cleft 3451 0.0138495057 0.0126367588 0.0065436645 0 0 0
nt@synapse_cleft 3455 0.00203205646 -0.00737968079 0.0148112601 0 0 0
nt@synapse_cleft 3467 -0.0660564371 0.0080014001 0.010336539 0 0 0
nt@synapse_cleft 3470 0.0202992701 -0.0193895068 0.0123395738 0 0 0
nt@synapse_cleft 3472 -0.0149648212 0.0215231275 0.013430746 0 0 0
nt@synapse_cleft 3474 0.0399815559 -0.00109662631 0.000223662884 0 0 0
nt@synapse_cleft 3482 -0.0648144593 -0.0417258074 0.0139525109 0 0 0
nt@synapse_cleft 3484 -0.000439298871 0.0178205528 0.010645156 0 0 0
nt@synapse_cleft 3496 0.00681746073 -0.000427052831 0.0149994679 0 0 0
nt@synapse_cleft 3500 0.0242872842 -0.0393429543 0.010705772 0 0 0
nt@synapse_cleft 3507 -0.0116696491 -0.0036746308 0.0147591372 0 0 0
nt@synapse_cleft 3511 0.0180968875 -0.0204104595 0.00519598966 0 0 0
nt@synapse_cleft 3514 -0.000460667253 -0.00556877781 0.0109963238 0 0 0
nt@synapse_cleft 3519 0.0400839357 -0.0352066498 0.0136360966 0 0 0
nt@synapse_cleft 3525 -0.0106218841 -0.0220338802 0.0146906112 0 0 0
nt@synapse_cleft 3526 0.0173253863 -0.045705629 0.00369440483 0 0 0
nt@synapse_cleft 3535 0.00829789263 0.00314849922 0.00301618037 0 0 0
nt@synapse_cleft 3536 -0.00014393758 0.00915474391 0.0131760578 0 0 0
nt@synapse_cleft 3538 -0.0260843724 0.0146918576 0.00540917195 0 0 0
nt@synapse_cleft 3542 0.00490560639 0.0439247808 0.00553061726 0 0 0
nt@synapse_cleft 3543 -0.020798346 -0.0125182824 0.00365299867 0 0 0
nt@synapse_cleft 3546 0.00124185382 0.0176965662 0.011869054 0 0 0
nt@synapse_cleft 3561 -0.0149346384 0.00762976438 0.0102969198 0 0 0
nt@synapse_cleft 3562 -0.0669341282 -0.00755482537 0.00695121952 0 0 0
nt@synapse_cleft 3563 0.0133857234 -0.0102732509 0.0126674826 0 0 0
nt@synapse_cleft 3565 0.0297053133 -0.0290512407 0.00410917697 0 0 0
nt@synapse_cleft 3566 -0.000716337825 0.0535100722 2.77517835e-05 0 0 0
nt@synapse_cleft 3567 0.00482846954 -0.0013549505 0.0148236909 0 0 0
nt@synapse_cleft 3568 0.0304022159 -0.0367048422 0.00941716144 0 0 0
nt@synapse_cleft 3575 -0.0146791483 0.00892079048 0.00163643151 0 0 0
nt@synapse_cleft 3576 0.0483556828 -0.00317349716 0.00407631441 0 0 0
nt@synapse_cleft 3579 -0.0027850052 -0.0171343532 0.00761744481 0 0 0
nt@synapse_cleft 3583 -0.0147541142 0.00606590206 0.00963127791 0 0 0
nt@synapse_cleft 3592 0.03396643 0.0378089504 0.0163044856 0 0 0
nt@synapse_cleft 3602 -0.0323270233 -0.00772258841 0.0134342432 0 0 0
nt@synapse_cleft 3603 -0.0152364509 0.0279868903 0.0120837077 0 0 0
nt@synapse_cleft 3606 -0.0105473437 -0.00296553613 0.0115785477 0 0 0
nt@synapse_cleft 3610 -0.00542819545 0.00689769653 0.00274109116 0 0 0
nt@synapse_cleft 3611 0.0101650242 -0.00402115136 0.0118210133 0 0 0
nt@synapse_cleft 3616 -0.0316263811 0.0392045509 0.0185458683 0 0 0
nt@synapse_cleft 3617 0.00269153869 -0.0553452675 0.0182007619 0 0 0
nt@synapse_cleft 3620 0.00221206025 0.0274253157 0.0140323399 0 0 0
nt@synapse_cleft 3625 0.0253606795 -0.000722988432 0.00993433581 0 0 0
nt@synapse_cleft 3630 0.016762869 0.0215434515 0.0150563092 0 0 0
nt@synapse_cleft 3635 -0.00479582285 0.0128603778 0.0063378252 0 0 0
nt@synapse_cleft 3636 -0.0211452529 -0.00279179601 0.0129686804 0 0 0
nt@synapse_cleft 3645 0.00436505646 -0.0227674093 0.00190034704 0 0 0
nt@synapse_cleft 3658 0.0165867185 -0.0222737039 0.0104211354 0 0 0
nt@synapse_cleft 3661 0.0274836292 0.010613842 0.0190346503 0 0 0
nt@synapse_cleft 3664 0.0508910535 -0.0274281992 0.00525436363 0 0 0
nt@synapse_cleft 3667 -0.0299535363 0.00682058522 0.0155104713 0 0 0
nt@synapse_cleft 3670 0.0251449443 -0.0197074257 0.0171704312 0 0 0
nt@synapse_cleft 3681 0.0376440912 -0.0153827694 0.00824764973 0 0 0
nt@synapse_cleft 3689 -0.00634779507 -0.0157548048 0.019697657 0 0 0
nt@synapse_cleft 3690 0.0270872901 -0.0165651334 0.0196453744 0 0 0
nt@synapse_cleft 3693 -0.063999421 -0.0416616396 0.0119647406 0 0 0
nt@synapse_cleft 3706 0.0271986401 -0.00128987044 0.012318937 0 0 0
nt@synapse_cleft 3707 -0.0411091776 -0.0075245774 0.0157364918 0 0 0
nt@synapse_cleft 3713 0.0213796567 -0.0131478208 0.013603149 0 0 0
nt@synapse_cleft 3714 -0.052515495 -0.00949653186 0.0104663728 0 0 0
nt@synapse_cleft 3726 0.00269764617 -0.066054694 0.00901760564 0 0 0
nt@synapse_cleft 3728 -0.00207319439 0.0368066092 0.00473196023 0 0 0
nt@synapse_cleft 3730 0.0262005717 0.0242030486 0.0152646683 0 0 0
nt@synapse_cleft 3731 0.00135966311 0.00636184151 0.0159722466 0 0 0
nt@synapse_cleft 3737 0.00827198132 0.0171990085 0.0130707723 0 0 0
nt@synapse_cleft 3738 -0.00697902558 0.0263359967 0.0133407019 0 0 0
nt@synapse_cleft 3739 0.0160638062 0.053252991 0.00789855879 0 0 0
nt@synapse_cleft 3745 -0.000428416289 0.0189172675 0.011558267 0 0 0
nt@synapse_cleft 3751 -0.000576928657 -0.00115877785 0.00884026018 0 0 0
nt@synapse_cleft 3758 -0.0260650712 -0.032640192 0.00261633992 0 0 0
nt@synapse_cleft 3759 -0.011740481 -0.0212183869 0.00688732273 0 0 0
nt@synapse_cleft 3760 -0.0146886166 0.036828169 0.00182369537 0 0 0
nt@synapse_cleft 3763 0.047110228 0.0402530248 0.0164709556 0 0 0
nt@synapse_cleft 3768 0.00626189302 -0.0249114261 0.00716383135 0 0 0
nt@synapse_cleft 3770 0.0148402733 0.00624022051 0.0174846864 0 0 0
nt@synapse_cleft 3771 0.0134494399 -0.00683278808 0.0171485377 0 0 0
nt@synapse_cleft 3775 0.00429056529 0.00386256855 0.0169440811 0 0 0
nt@synapse_cleft 3783 -0.0198992536 -0.0178051144 0.0126998118 0 0 0
nt@synapse_cleft 3788 -0.02711053 -0.0113536999 0.00384403674 0 0 0
nt@synapse_cleft 3793 -0.0153141577 -0.015169322 0.00258804592 0 0 0
nt@synapse_cleft 3800 0.0263809216 -0.00426022819 0.000327398211 0 0 0
nt@synapse_cleft 3802 0.0209370799 0.0177104662 0.00826035974 0 0 0
nt@synapse_cleft 3811 -0.0333045648 -0.00687812615 0.0167728951 0 0 0
nt@synapse_cleft 3827 0.00393227921 0.0327576478 0.00465804148 0 0 0
nt@synapse_cleft 3831 0.00180930727 -0.0358931512 0.00117470293 0 0 0
nt@synapse_cleft 3834 0.0423912566 -0.0327236367 0.0181393267 0 0 0
nt@synapse_cleft 3835 0.0223430918 -0.0372313935 0.0121162925 0 0 0
nt@synapse_cleft 3841 0.0196936794 -0.0275667443 0.0136861134 0 0 0
nt@synapse_cleft 3844 -0.00265317074 -0.00368380115 0.00801425531 0 0 0
nt@synapse_cleft 3846 -0.0154784398 0.0170919851 0.000793911365 0 0 0
nt@synapse_cleft 3848 0.0266145061 0.0159437587 0.0166871987 0 0 0
nt@synapse_cleft 3850 -0.034474616 0.0118033998 0.00858929575 0 0 0
nt@synapse_cleft 3859 0.0573346646 -0.00114696809 0.0154410276 0 0 0
nt@synapse_cleft 3879 0.0217405395 -0.0379769511 0.00100296295 0 0 0
nt@synapse_cleft 3886 0.0202444941 0.0375938536 0.0169883501 0 0 0
nt@synapse_cleft 3891 0.00201250996 -0.0178760935 0.006143303 0 0 0
nt@synapse_cleft 3902 -0.0158992326 0.00460105571 0.0175033354 0 0 0
nt@synapse_cleft 3907 -0.0240068121 -0.0184147349 0.0112984195 0 0 0
nt@synapse_cleft 3909 0.0107562364 0.0304689671 0.00491839499 0 0 0
nt@synapse_cleft 3917 -0.00611570578 -0.0244511907 0.00559207719 0 0 0
nt@synapse_cleft 3918 -0.0089262452 -0.0122676798 0.0123277146 0 0 0
nt@synapse_cleft 3921 0.0198678648 0.0363896164 0.0127854248 0 0 0
nt@synapse_cleft 3927 -0.000232280205 0.0352661779 0.00349360963 0 0 0
nt@synapse_cleft 3932 0.0171872134 -0.0160276487 0.0110269355 0 0 0
nt@synapse_cleft 3941 -0.0224662148 0.0173867319 0.00500271465 0 0 0
nt@synapse_cleft 3949 -0.0270831872 0.0114935941 0.00522274913 0 0 0
nt@synapse_cleft 3952 -0.0233628596 0.0103782536 0.0129405025 0 0 0
nt@synapse_cleft 3953 0.016111577 -0.0174157671 0.00239258034 0 0 0
nt@synapse_cleft 3956 -0.017533811 -0.0184237532 0.0116903501 0 0 0
nt@synapse_cleft 3957 0.0326464287 -0.0110226343 0.0172078142 0 0 0
nt@synapse_cleft 3958 0.0193599972 0.012836128 0.0105510726 0 0 0
nt@synapse_cleft 3962 -0.0362079279 0.0167470861 0.00335218807 0 0 0
nt@synapse_cleft 3963 0.0222549889 0.0382906416 0.0168513886 0 0 0
nt@synapse_cleft 3965 -0.029153034 -0.00774125964 0.0120938069 0 0 0
nt@synapse_cleft 3967 0.0170257533 -0.0170901723 0.0015286981 0 0 0
nt@synapse_cleft 3968 0.0095892947 -0.00461483415 0.0164072507 0 0 0
nt@synapse_cleft 3973 0.017126729 -0.0181310477 0.0197958579 0 0 0
nt@synapse_cleft 3974 -0.0271456031 0.0428775892 0.00452557543 0 0 0
nt@synapse_cleft 3977 0.00192639162 0.031575658 0.00350989357 0 0 0
nt@synapse_cleft 3978 0.0208748488 -0.00109691449 0.00755165575 0 0 0
nt@synapse_cleft 3983 -0.0229716474 -0.0316438745 0.0010807555 0 0 0
nt@synapse_cleft 3988 -0.00164964356 -0.0304262109 0.00671727762 0 0 0
nt@synapse_cleft 3989 0.047590982 -0.000982345774 0.00970031493 0 0 0
nt@synapse_cleft 3991 0.0821577133 -0.0338323886 0.00451490541 0 0 0
nt@synapse_cleft 3993 -0.0417663744 0.00747095505 0.0166055591 0 0 0
nt@synapse_cleft 3997 -0.0604408038 -0.0032199168 0.0138332949 0 0 0
nt@synapse_cleft 3999 -0.0492129696 -0.00390347557 0.019343219 0 0 0
nt@synapse_cleft 4011 0.0149034199 0.0143726765 0.00103815941 0 0 0
nt@synapse_cleft 4018 0.00405126266 0.0130470838 0.0150296255 0 0 0
nt@synapse_cleft 4024 -0.012618559 0.0388300284 0.000424767938 0 0 0
nt@synapse_cleft 4025 -0.0370929295 -0.0132560123 0.00104460645 0 0 0
nt@synapse_cleft 4027 0.00777021833 -0.0230427606 0.00741414592 0 0 0
nt@synapse_cleft 4028 -0.0191408918 0.0299882898 0.0197483462 0 0 0
nt@synapse_cleft 4037 -0.0227641569 0.0295574334 0.014234313 0 0 0
nt@synapse_cleft 4040 0.00969357189 0.0224343807 0.0182514337 0 0 0
nt@synapse_cleft 4047 -0.00771511326 0.0148282443 0.00608197181 0 0 0
nt@synapse_cleft 4049 0.0317529622 -0.000430908042 0.0188141796 0 0 0
nt@synapse_cleft 4051 0.00982610454 0.0166106529 0.013071214 0 0 0
nt@synapse_cleft 4064 0.00828854136 0.0099392374 0.00926698666 0 0 0
nt@synapse_cleft 4070 -0.009135191 0.0120793249 0.00729666503 0 0 0
nt@synapse_cleft 4071 -0.0358562336 -0.0407095717 0.0163026638 0 0 0
nt@synapse_cleft 4087 -0.00483288121 0.0335325961 0.00292998609 0 0 0
nt@synapse_cleft 4094 0.0371452213 -0.032316131 0.0039270659 0 0 0
nt@synapse_cleft 4095 0.0316963574 0.0128904579 0.014220833 0 0 0
nt@synapse_cleft 4099 -0.00620830325 0.0243434838 0.00140669161 0 0 0
nt@synapse_cleft 4102 0.0257795773 -0.0351362364 0.00685664157 0 0 0
nt@synapse_cleft 4103 -0.0102685318 -0.00921943264 0.000287735398 0 0 0
nt@synapse_cleft 4106 0.0222763775 0.0109052404 0.0122863673 0 0 0
nt@synapse_cleft 4111 0.0614340625 0.0110189774 0.002858101 0 0 0
nt@synapse_cleft 4115 -0.00654982452 0.0158987492 0.0150986478 0 0 0
nt@synapse_cleft 4116 0.0122969065 1.12063524e-05 0.00859662134 0 0 0
nt@synapse_cleft 4119 0.0164103928 -0.0271804452 0.0134958223 0 0 0
nt@synapse_cleft 4123 -0.00442374928 0.016366646 0.0162093917 0 0 0
nt@synapse_cleft 4126 0.0203754789 -0.0247406928 0.00539426072 0 0 0
nt@synapse_cleft 4129 -0.0143562863 0.00251669825 0.0177799929 0 0 0
nt@synapse_cleft 4131 -0.0217302609 0.0202754519 0.014310418 0 0 0
nt@synapse_cleft 4132 0.0203612472 0.0244122296 0.0179098831 0 0 0
nt@synapse_cleft 4135 -0.0055860761 -0.00920899275 0.00487469309 0 0 0
nt@synapse_cleft 4144 0.028037239 -0.00719309032 0.0108772335 0 0 0
nt@synapse_cleft 4150 -0.0469820106 -0.0592619318 0.0105380309 0 0 0
nt@synapse_cleft 4153 0.00643667153 -0.0118567577 0.00969311952 0 0 0
nt@synapse_cleft 4155 0.0142239652 -0.0552498645 0.0144008123 0 0 0
nt@synapse_cleft 4156 0.0296242559 -0.0031508612 0.0108284662 0 0 0
nt@synapse_cleft 4157 0.0135196435 0.0136156799 0.0190732926 0 0 0
nt@synapse_cleft 4158 -0.0009241183 -0.00503826752 0.0126823121 0 0 0
nt@synapse_cleft 4162 0.0304107148 -0.0212410818 0.00433291596 0 0 0
nt@synapse_cleft 4163 -0.00182479604 0.0290798306 0.00214221693 0 0 0
nt@synapse_cleft 4170 -0.0533055242 0.00201033692 0.0098183269 0 0 0
nt@synapse_cleft 4177 -0.050073826 0.065788834 0.0151210883 0 0 0
nt@synapse_cleft 4178 -0.0141325752 -0.0361528495 0.000599988989 0 0 0
nt@synapse_cleft 4184 -0.00404875536 -0.0104766636 0.00744213727 0 0 0
nt@synapse_cleft 4187 -0.0313938202 -0.0132210708 0.0199249603 0 0 0
nt@synapse_cleft 4193 -0.0102522897 -0.0362061068 0.0124932188 0 0 0
nt@synapse_cleft 4196 -0.0234386147 -0.00410594513 0.00445666756 0 0 0
nt@synapse_cleft 4210 0.0228084529 -0.00134937051 0.0154562874 0 0 0
nt@synapse_cleft 4214 -0.0368547212 0.00150100339 0.0145493109 0 0 0
nt@synapse_cleft 4215 0.0235676492 -0.0531902479 0.00643598917 0 0 0
nt@synapse_cleft 4220 0.000639850067 -0.0228214652 0.0152018816 0 0 0
nt@synapse_cleft 4228 0.0299380743 -0.00759480565 0.00913069094 0 0 0
nt@synapse_cleft 4230 -0.0209825797 0.0402083957 0.00954735205 0 0 0
nt@synapse_cleft 4233 0.028269017 0.0133689364 0.00830707852 0 0 0
nt@synapse_cleft 4234 0.00126212137 -0.0117044321 0.00594310238 0 0 0
nt@synapse_cleft 4236 0.000939782765 0.0212965114 0.0188275776 0 0 0
nt@synapse_cleft 4237 0.00700691763 -0.0168900227 0.0150169716 0 0 0
nt@synapse_cleft 4241 -0.0449541929 0.0152700358 0.012595937 0 0 0
nt@synapse_cleft 4242 0.0230149079 -0.0138470709 0.0149741633 0 0 0
nt@synapse_cleft 4252 0.044419452 -0.00153128707 0.013380733 0 0 0
nt@synapse_cleft 4254 -0.0119525468 0.0361582111 0.00292399661 0 0 0
nt@synapse_cleft 4255 -0.0301008351 -0.0387357616 0.0181084076 0 0 0
nt@synapse_cleft 4271 0.00746718989 -0.0140677347 0.0183491946 0 0 0
nt@synapse_cleft 4279 0.00599376182 -0.0353459168 0.0175340163 0 0 0
nt@synapse_cleft 4283 -0.0251362499 -0.00462080344 0.00830718801 0 0 0
nt@synapse_cleft 4284 0.050593558 -0.0181511615 0.0162143105 0 0 0
nt@synapse_cleft 4285 -0.0363137247 0.0480366393 0.00879846447 0 0 0
nt@synapse_cleft 4288 0.0225913137 -0.0260924207 0.0171959559 0 0 0
nt@synapse_cleft 4293 -0.000858690748 -0.0169688564 0.0122534441 0 0 0
nt@synapse_cleft 4297 0.0304173993 -0.0168255796 0.00207224893 0 0 0
nt@synapse_cleft 4301 0.0105876287 -0.00866556152 0.00850233839 0 0 0
nt@synapse_cleft 4312 -0.0202286039 -0.0358669041 0.0197840421 0 0 0
nt@synapse_cleft 4317 -0.0103195314 0.0410304718 0.00293872044 0 0 0
nt@synapse_cleft 4326 0.028063495 -0.00941975613 0.0137091442 0 0 0
nt@synapse_cleft 4330 -0.0180670634 0.00448162486 0.0147743745 0 0 0
nt@synapse_cleft 4334 0.00286365339 0.00464275811 0.000586461793 0 0 0
nt@synapse_cleft 4339 0.00283291041 -0.0150675427 0.0107670491 0 0 0
nt@synapse_cleft 4343 -0.0219381829 -0.0389925601 0.00870802203 0 0 0
nt@synapse_cleft 4346 0.00305985153 -0.00524629073 0.0169071083 0 0 0
nt@synapse_cleft 4351 0.044533197 0.0100339494 0.00273995006 0 0 0
nt@synapse_cleft 4359 0.0284409818 0.0211166299 0.00668177138 0 0 0
nt@synapse_cleft 4360 0.0249662881 0.00598446678 0.0199158686 0 0 0
nt@synapse_cleft 4363 -0.0436815877 0.0124390485 0.013675412 0 0 0
nt@synapse_cleft 4365 0.0124463704 0.0284711982 0.00940316024 0 0 0
nt@synapse_cleft 4372 -0.00342176364 -0.023300918 0.00458636256 0 0 0
nt@synapse_cleft 4374 -0.0219650483 -0.0147787102 0.0171995626 0 0 0
nt@synapse_cleft 4376 -0.0212236218 -0.00255140628 0.00236689928 0 0 0
nt@synapse_cleft 4381 -0.0100018803 -0.0364114679 0.00608078239 0 0 0
nt@synapse_cleft 4386 -0.0191430879 -0.0325019182 0.000578161397 0 0 0
nt@synapse_cleft 4391 0.0278870988 -0.0274213441 0.00745695714 0 0 0
nt@synapse_cleft 4392 -0.0058766442 -0.000510459234 0.00864395713 0 0 0
nt@synapse_cleft 4394 0.0121328585 -0.0049614545 0.00414587462 0 0 0
nt@synapse_cleft 4395 0.0311064076 -0.0320456478 0.0170626927 0 0 0
nt@synapse_cleft 4396 0.0116288915 -0.0508345861 0.00347312788 0 0 0
nt@synapse_cleft 4398 -0.00853687629 0.0126791969 0.0175471051 0 0 0
nt@synapse_cleft 4399 0.026579649 0.0388439852 0.0183254495 0 0 0
nt@synapse_cleft 4403 -0.0154595337 -0.0140677608 0.016900137 0 0 0
nt@synapse_cleft 4405 -0.0380560187 -0.0206026051 0.00765304315 0 0 0
nt@synapse_cleft 4414 0.00140960935 -0.0197199952 0.00106590489 0 0 0
nt@synapse_cleft 4416 -0.00807411411 0.00166943558 0.0187352665 0 0 0
nt@synapse_cleft 4423 0.028847158 -0.0097683792 0.0151672313 0 0 0
nt@synapse_cleft 4424 -0.028799315 -0.0169298501 0.00134241192 0 0 0
nt@synapse_cleft 4430 -0.00574602241 0.0100072359 0.00128596443 0 0 0
nt@synapse_cleft 4431 0.0263525204 -0.0238141411 0.00598321005 0 0 0
nt@synapse_cleft 4434 0.0190648323 -0.0283064215 0.0184469159 0 0 0
nt@synapse_cleft 4436 0.0153148901 0.0219545654 0.0115489106 0 0 0
nt@synapse_cleft 4446 0.00225213323 0.0443644684 0.0187249467 0 0 0
nt@synapse_cleft 4449 0.0248646348 0.0570953593 0.0164964407 0 0 0
nt@synapse_cleft 4464 0.00619932828 -0.023324977 0.018237039 0 0 0
nt@synapse_cleft 4470 -0.00745815688 -0.0318668812 0.0147593427 0 0 0
nt@synapse_cleft 4473 -0.00630216305 -0.00567565721 0.00769698922 0 0 0
nt@synapse_cleft 4478 -0.0133619603 0.0210832487 0.0175956454 0 0 0
nt@synapse_cleft 4480 0.0121140827 0.03353751 0.0169001089 0 0 0
nt@synapse_cleft 4482 -0.0266314078 -0.000719456629 0.000189733429 0 0 0
nt@synapse_cleft 4485 0.0241746225 -0.0102879181 0.012452019 0 0 0
nt@synapse_cleft 4488 0.024686663 -0.0040087419 0.0168989485 0 0 0
nt@synapse_cleft 4489 0.00993058536 -0.0115747282 0.000158174225 0 0 0
nt@synapse_cleft 4496 -0.053181498 0.0390001981 0.000877119696 0 0 0
nt@synapse_cleft 4499 -0.0143460875 0.0184607177 0.019555851 0 0 0
nt@synapse_cleft 4501 0.00801641135 0.00959968702 0.0166444781 0 0 0
nt@synapse_cleft 4514 -0.00237135016 0.0189279681 0.0127552775 0 0 0
nt@synapse_cleft 4517 -0.0373366047 0.0203452958 0.0131446132 0 0 0
nt@synapse_cleft 4524 -0.00486428345 -0.0414722365 0.019452968 0 0 0
nt@synapse_cleft 4527 0.0284607838 -0.0173131004 0.0199430867 0 0 0
nt@synapse_cleft 4538 -0.040390659 -0.0378434648 0.00890440613 0 0 0
nt@synapse_cleft 4542 0.0108663422 0.0275960195 0.00338852539 0 0 0
nt@synapse_cleft 4545 -0.0302964016 0.0293080207 0.0180547191 0 0 0
nt@synapse_cleft 4551 -0.0100169664 0.0200641897 0.014933825 0 0 0
nt@synapse_cleft 4553 -0.0282179381 0.00458773293 0.0121308925 0 0 0
nt@synapse_cleft 4559 -0.0175931806 0.0398929583 0.0173713278 0 0 0
nt@synapse_cleft 4565 -0.0386319194 -0.0138267313 0.0101722199 0 0 0
nt@synapse_cleft 4572 0.0025945999 -0.004490889 0.00425333486 0 0 0
nt@synapse_cleft 4574 0.0337136 -0.0235645902 0.00167133636 0 0 0
nt@synapse_cleft 4576 -0.0403037337 -0.0255919243 0.00358403194 0 0 0
nt@synapse_cleft 4583 -0.00975927702 -0.00456401004 0.00499518556 0 0 0
nt@synapse_cleft 4587 0.0269362384 0.00225007227 0.00961435038 0 0 0
nt@synapse_cleft 4590 -0.0409437109 -0.0214120735 0.0167315962 0 0 0
nt@synapse_cleft 4593 -0.0390313774 0.0476784375 0.0102413738 0 0 0
nt@synapse_cleft 4594 0.00237834566 0.00673546858 0.0125955651 0 0 0
nt@synapse_cleft 4595 0.0314793689 -0.0323709092 0.0114978537 0 0 0
nt@synapse_cleft 4600 -0.0309371196 0.00707129074 0.000261660843 0 0 0
nt@synapse_cleft 4613 0.0603170704 0.00419424498 0.00424186305 0 0 0
nt@synapse_cleft 4620 0.00738322164 -0.00666952721 0.0199525045 0 0 0
nt@synapse_cleft 4624 0.0170860152 -0.0223001368 0.0123336424 0 0 0
nt@synapse_cleft 4628 0.00349146486 0.009005245 0.0112346204 0 0 0
nt@synapse_cleft 4654 0.00954452747 -0.0267970042 0.00879329804 0 0 0
nt@synapse_cleft 4658 -0.0285378553 0.0278152414 0.00045262155 0 0 0
nt@synapse_cleft 4659 -0.041284738 0.0222370427 0.0186966696 0 0 0
nt@synapse_cleft 4660 0.0363515822 -0.0304834171 0.00187383613 0 0 0
nt@synapse_cleft 4661 0.00359133166 -0.0423035049 0.0138041425 0 0 0
nt@synapse_cleft 4664 0.00310298242 -0.00965721596 0.00261046752 0 0 0
nt@synapse_cleft 4666 0.0680298093 0.0196788151 0.0169791656 0 0 0
nt@synapse_cleft 4671 -0.00284515377 -0.016854711 0.00474074089 0 0 0
nt@synapse_cleft 4681 0.00499815507 -0.0233840486 0.00913496577 0 0 0
nt@synapse_cleft 4687 0.00380458031 0.0008896257 0.0127378871 0 0 0
nt@synapse_cleft 4699 -0.0322659933 0.012323503 0.00174029923 0 0 0
nt@synapse_cleft 4700 -0.0338445445 0.0581741002 0.0127356178 0 0 0
nt@synapse_cleft 4701 0.0226198724 0.0225800124 0.0111880765 0 0 0
nt@synapse_cleft 4706 0.0108441034 -0.0117426108 0.00169970441 0 0 0
nt@synapse_cleft 4709 -0.0017505348 0.00387328342 0.00646275226 0 0 0
nt@synapse_cleft 4710 -0.0198111389 -0.0441318372 4.24448324e-05 0 0 0
nt@synapse_cleft 4718 0.0521127354 0.0164999794 0.00795669869 0 0 0
nt@synapse_cleft 4732 -0.00831503304 0.0168899758 0.011586082 0 0 0
nt@synapse_cleft 4736 0.00808014227 0.00307395351 0.00216599069 0 0 0
nt@synapse_cleft 4746 -0.0455226052 -0.0132222679 0.0169341201 0 0 0
nt@synapse_cleft 4750 0.00616201762 -0.0661010174 0.00310243812 0 0 0
nt@synapse_cleft 4753 -0.0118476832 0.00213077673 0.00797990133 0 0 0
nt@synapse_cleft 4754 -0.0118543889 0.00479514873 0.00979628071 0 0 0
nt@synapse_cleft 4756 -0.0169671702 0.0174395587 0.0125502573 0 0 0
nt@synapse_cleft 4758 -0.0434885196 0.0180978634 0.0138446099 0 0 0
nt@synapse_cleft 4764 0.0135407438 -0.00973472851 0.000554036881 0 0 0
nt@synapse_cleft 4767 -0.0058183443 0.0224512449 0.00366627466 0 0 0
nt@synapse_cleft 4779 0.0299281134 -0.0247694727 0.00290998189 0 0 0
nt@synapse_cleft 4784 0.0262240812 0.0111001543 0.0181345602 0 0 0
nt@synapse_cleft 4786 -0.0125872444 0.0105395593 0.00429518268 0 0 0
nt@synapse_cleft 4791 0.0447219549 -0.0149354776 0.00865029286 0 0 0
nt@synapse_cleft 4793 -0.0384884973 0.0146852714 0.0192154093 0 0 0
nt@synapse_cleft 4800 0.0176555806 -0.00563977046 0.000876143011 0 0 0
nt@synapse_cleft 4801 -0.0219863677 0.00653238486 0.00995839599 0 0 0
nt@synapse_cleft 4809 -0.0355926356 -0.0434600208 0.0155089904 0 0 0
nt@synapse_cleft 4814 -0.0273850732 0.0276849191 0.008078207 0 0 0
nt@synapse_cleft 4816 -0.0346966509 -0.0181941081 0.0115658153 0 0 0
nt@synapse_cleft 4822 -0.00940266211 -0.0227604495 0.015527157 0 0 0
nt@synapse_cleft 4823 -0.00186226612 0.0184055711 0.0191946486 0 0 0
nt@synapse_cleft 4824 -0.000819971788 -0.0297414529 0.00323337375 0 0 0
nt@synapse_cleft 4829 0.026851621 -0.0645632269 0.0044268738 0 0 0
nt@synapse_cleft 4830 -0.0179761257 0.0118795067 0.0148815464 0 0 0
nt@synapse_cleft 4833 -0.00912289166 -0.0272139313 0.0139519317 0 0 0
nt@synapse_cleft 4839 0.000273069122 -0.00540561231 0.00693601598 0 0 0
nt@synapse_cleft 4844 0.0618972883 -0.00917156376 0.0122307525 0 0 0
nt@synapse_cleft 4852 -0.0275547468 -0.0170173737 0.00644034128 0 0 0
nt@synapse_cleft 4855 0.0259471386 0.00702611717 0.0147835078 0 0 0
nt@synapse_cleft 4869 -0.0367133938 0.0119369704 0.00975911495 0 0 0
nt@synapse_cleft 4871 0.0206317929 0.0134419391 0.00117023488 0 0 0
nt@synapse_cleft 4880 -0.0142844268 -0.0268031792 0.00828041179 0 0 0
nt@synapse_cleft 4882 -0.0109158054 -0.0229763906 0.000550771435 0 0 0
nt@synapse_cleft 4883 -0.0347402505 0.00114664644 0.0118441817 0 0 0
nt@synapse_cleft 4891 0.00754783018 -0.0127884892 0.00550964671 0 0 0
nt@synapse_cleft 4892 -0.0181759925 0.0168021963 0.0167413676 0 0 0
nt@synapse_cleft 4896 -0.0208049606 -0.0219321876 0.00997160556 0 0 0
nt@synapse_cleft 4897 0.0357211348 -0.0212750359 0.0144420173 0 0 0
nt@synapse_cleft 4901 0.00858660322 0.00734167529 7.22522299e-05 0 0 0
nt@synapse_cleft 4905 -0.0173431076 -0.0149840678 0.00948894187 0 0 0
nt@synapse_cleft 4906 0.0010357066 -0.0279915065 0.00818397557 0 0 0
nt@synapse_cleft 4918 -0.0111766929 0.0243982999 0.0183652639 0 0 0
nt@synapse_cleft 4919 0.0116764321 0.0088344796 0.00989303722 0 0 0
nt@synapse_cleft 4925 0.00334327558 3.81241427e-05 0.0122923152 0 0 0
nt@synapse_cleft 4928 0.00106252742 0.0613323492 0.0042457434 0 0 0
nt@synapse_cleft 4931 0.0149441365 -0.0141186278 0.0168156889 0 0 0
nt@synapse_cleft 4937 -0.0516527393 0.00397870666 0.00204176843 0 0 0
nt@synapse_cleft 4946 -0.0159154839 0.0285909374 0.0126535953 0 0 0
nt@synapse_cleft 4956 0.0282345592 -0.00234644422 0.00557241353 0 0 0
nt@synapse_cleft 4967 -0.0111686139 0.00591815131 0.0061076442 0 0 0
nt@synapse_cleft 4972 0.0307628046 -0.0123613419 0.0103344908 0 0 0
nt@synapse_cleft 4973 -0.00295078529 0.0493783976 0.0187836301 0 0 0
nt@synapse_cleft 4979 0.00147646652 -0.0104634756 0.0109699997 0 0 0
nt@synapse_cleft 4980 0.00837367701 0.00427015489 0.0150883414 0 0 0
nt@synapse_cleft 4981 0.00786536412 -0.0308271738 0.0108799944 0 0 0
nt@synapse_cleft 4982 0.00775604407 -0.00681853892 0.0175516986 0 0 0
nt@synapse_cleft 4983 -0.0215022073 0.0277694623 0.00148652431 0 0 0
nt@synapse_cleft 4988 0.0195936788 -0.0218608688 0.00344600964 0 0 0
nt@synapse_cleft 4989 -0.00919300657 -0.0164978488 0.0130579294 0 0 0
nt@synapse_cleft 4991 -0.00304683704 -0.00936689278 0.0104876327 0 0 0
nt@synapse_cleft 5004 -0.0239005884 0.0138500094 0.00348928043 0 0 0
nt@synapse_cleft 5006 0.000662313615 -0.00963308276 0.00113320352 0 0 0
nt@synapse_cleft 5009 -0.0282379821 0.0209245293 0.0011482944 0 0 0
nt@synapse_cleft 5011 -0.0168176252 -0.0174056494 0.00613291181 0 0 0
nt@synapse_cleft 5015 -0.0163624259 -0.0167928146 0.00930504928 0 0 0
nt@synapse_cleft 5024 -0.00917929564 -0.00716195761 0.0106118104 0 0 0
nt@synapse_cleft 5044 -0.033673816 0.00438778955 0.0108075596 0 0 0
nt@synapse_cleft 5045 0.0341110238 0.0354505414 0.0133354654 0 0 0
nt@synapse_cleft 5046 0.00405599476 -0.00978851298 0.00636315355 0 0 0
nt@synapse_cleft 5052 -0.00585039602 -0.00506395792 0.0108410376 0 0 0
nt@synapse_cleft 5055 -0.00933929767 0.0185887321 0.0075235745 0 0 0
nt@synapse_cleft 5059 -0.0355081746 0.0312476067 0.0184337542 0 0 0
nt@synapse_cleft 5061 0.0185043957 -0.027906118 0.00234090076 0 0 0
nt@synapse_cleft 5063 -0.0319072921 0.0268874531 0.0171670057 0 0 0
nt@synapse_cleft 5081 0.00887897845 0.0134745959 0.00622663481 0 0 0
nt@synapse_cleft 5082 0.00341705585 0.0519996238 1.84265519e-06 0 0 0
nt@synapse_cleft 5086 0.0205826088 0.0425374055 0.00511031046 0 0 0
nt@synapse_cleft 5106 0.00250470921 -0.0154489907 0.00212970573 0 0 0
nt@synapse_cleft 5133 -0.0130661372 0.0262801258 0.0134610658 0 0 0
nt@synapse_cleft 5145 0.0260847019 0.0353571588 0.0169972205 0 0 0
nt@synapse_cleft 5154 0.00576864706 0.0229351073 0.0173146825 0 0 0
nt@synapse_cleft 5159 -0.0330795244 -0.0107552167 0.00612047563 0 0 0
nt@synapse_cleft 5163 0.00808085902 0.0113263522 0.0184964493 0 0 0
nt@synapse_cleft 5164 0.00829868674 -0.000758984334 0.00948518398 0 0 0
nt@synapse_cleft 5173 -0.0398363853 -0.00856637383 0.0172406904 0 0 0
nt@synapse_cleft 5176 -0.027193176 0.0589310524 0.0191409701 0 0 0
nt@synapse_cleft 5179 0.0295375642 0.0114316496 0.00566657064 0 0 0
nt@synapse_cleft 5182 0.047368604 0.00885643692 0.00624472996 0 0 0
nt@synapse_cleft 5183 0.0422296879 0.00705028769 0.0169991523 0 0 0
nt@synapse_cleft 5193 0.0288996667 0.00549006266 0.0194157427 0 0 0
nt@synapse_cleft 5196 -0.00240784781 -0.00599443838 0.0166122235 0 0 0
nt@synapse_cleft 5198 -0.0045904577 -0.0261957166 0.00612358595 0 0 0
