nt@synapse_cleft 0 0.00613967683 -0.00669921715 0.0183594574 0 0 0
nt@synapse_cleft 2 -0.0347790473 0.0129122404 0.000101074049 0 0 0
nt@synapse_cleft 7 0.00105101872 0.00516044014 0.0180625792 0 0 0
nt@synapse_cleft 9 -0.000855621319 -0.0168171221 0.00578487573 0 0 0
nt@synapse_cleft 12 -0.00139760688 0.0250771616 0.0116958959 0 0 0
nt@synapse_cleft 15 -0.0183183447 0.0147521615 0.00433298105 0 0 0
nt@synapse_cleft 17 0.00685531574 0.00261793281 0.00329788143 0 0 0
nt@synapse_cleft 23 0.00562369448 -0.054713927 0.004763241 0 0 0
nt@synapse_cleft 26 -0.0251390277 0.000595548976 0.0163923195 0 0 0
nt@synapse_cleft 30 0.0155516793 -0.0304317412 0.000223864175 0 0 0
nt@synapse_cleft 35 -0.0147340079 0.00867211109 0.0122052072 0 0 0
nt@synapse_cleft 42 0.00760971544 0.00225213815 0.0179939326 0 0 0
nt@synapse_cleft 45 -0.00742316576 0.0183540935 0.0157804677 0 0 0
nt@synapse_cleft 54 -0.0014489656 0.0221875992 0.0114704881 0 0 0
nt@synapse_cleft 56 -0.0197665265 -0.0193265524 0.0174544581 0 0 0
nt@synapse_cleft 59 0.0198467658 0.0179366439 0.015323376 0 0 0
nt@synapse_cleft 69 0.00996585216 -0.0111012809 0.00235914707 0 0 0
nt@synapse_cleft 72 -0.0195670842 0.0206461572 0.0145630693 0 0 0
nt@synapse_cleft 81 0.0227219112 -0.0290406167 0.00480037466 0 0 0
nt@synapse_cleft 87 -0.0289851495 -0.0142455845 0.0128886078 0 0 0
nt@synapse_cleft 89 0.0199096933 0.00165673935 0.00442355573 0 0 0
nt@synapse_cleft 100 -0.0183591668 -0.0175389 0.019877434 0 0 0
nt@synapse_cleft 102 -0.0315563984 0.0161181177 0.00209949782 0 0 0
nt@synapse_cleft 103 0.0204103109 -0.0275363022 0.00180027304 0 0 0
nt@synapse_cleft 111 -0.0383796655 0.0264247768 0.0148619977 0 0 0
nt@synapse_cleft 114 0.0421510128 -0.0317812363 0.0117030278 0 0 0
nt@synapse_cleft 115 -0.00420503924 -0.0529458357 0.00238417281 0 0 0
nt@synapse_cleft 116 -0.0123691104 -0.0244318213 0.0195746171 0 0 0
nt@synapse_cleft 118 0.0189321929 -0.00496618572 0.0153291753 0 0 0
nt@synapse_cleft 127 -0.0224186414 -0.0156236519 0.0199864907 0 0 0
nt@synapse_cleft 131 0.00860881559 -0.0404061273 0.00559683072 0 0 0
nt@synapse_cleft 135 -0.0222449618 -0.017440334 0.0164222383 0 0 0
nt@synapse_cleft 137 -0.0520768451 -0.0299186199 0.010526713 0 0 0
nt@synapse_cleft 143 -0.0030846957 -0.0485728639 0.0159348731 0 0 0
nt@synapse_cleft 148 0.00378417984 0.0564327278 0.00752412873 0 0 0
nt@synapse_cleft 150 -0.024667723 0.0162503175 0.00452035637 0 0 0
nt@synapse_cleft 156 -0.0225425972 0.00338119486 0.0147957189 0 0 0
nt@synapse_cleft 157 -0.0382535794 0.0194844692 0.0099633507 0 0 0
nt@synapse_cleft 160 0.0118475629 0.00283600463 0.0186379708 0 0 0
nt@synapse_cleft 162 -0.00168810658 -0.0166013587 0.00755352141 0 0 0
nt@synapse_cleft 167 -0.00542552805 -0.0377261228 0.0132095426 0 0 0
nt@synapse_cleft 168 -0.0236195227 -0.022010327 0.0158590322 0 0 0
nt@synapse_cleft 170 -0.021290068 0.0262975586 0.00251484791 0 0 0
nt@synapse_cleft 186 -0.0216596 -0.0191789024 0.0188542191 0 0 0
nt@synapse_cleft 188 -0.0115731167 -0.00659007483 0.00865658952 0 0 0
nt@synapse_cleft 192 -0.0186701867 0.0278074908 0.00907943068 0 0 0
nt@synapse_cleft 194 -0.00118194809 -0.0172203969 0.0142627526 0 0 0
nt@synapse_cleft 195 0.0168314002 0.03478891 0.0047818325 0 0 0
nt@synapse_cleft 197 0.00788104613 -0.00691698095 0.0119044705 0 0 0
nt@synapse_cleft 199 0.0377381546 0.0268355344 0.0150270956 0 0 0
nt@synapse_cleft 203 0.00977935795 -0.0136862803 0.00151873173 0 0 0
nt@synapse_cleft 206 -0.00376567787 -0.0164403508 0.0181562529 0 0 0
nt@synapse_cleft 210 -0.031440595 0.00815991143 0.00833338695 0 0 0
nt@synapse_cleft 219 0.0252830074 0.0449324781 0.00908854065 0 0 0
nt@synapse_cleft 224 -0.0119294549 0.0482650331 0.00429872613 0 0 0
nt@synapse_cleft 227 -0.0214500677 0.0316258086 0.014800251 0 0 0
nt@synapse_cleft 231 0.00905537743 0.0326378505 0.0179815321 0 0 0
nt@synapse_cleft 235 0.0223043906 -0.0379383159 0.00605705841 0 0 0
nt@synapse_cleft 244 -0.0332605643 0.00144956977 0.00696860978 0 0 0
nt@synapse_cleft 246 -0.0298516767 0.0184855193 0.0198406416 0 0 0
nt@synapse_cleft 248 0.0146433793 -0.022156889 0.019899673 0 0 0
nt@synapse_cleft 256 -0.0415240653 -0.00770756796 0.00317631202 0 0 0
nt@synapse_cleft 263 0.0451786313 0.0167248511 0.0130310601 0 0 0
nt@synapse_cleft 268 -0.00835800657 -0.0108176414 0.0150264311 0 0 0
nt@synapse_cleft 272 0.0106770625 -0.0344810317 0.0194235835 0 0 0
nt@synapse_cleft 284 -0.0234477717 0.0811489406 0.0112838522 0 0 0
nt@synapse_cleft 289 -0.0406505117 0.0535415753 0.000118899917 0 0 0
nt@synapse_cleft 293 0.0307722091 -0.00452367152 0.0113075259 0 0 0
nt@synapse_cleft 297 -0.0165045372 -0.010291911 0.0112007196 0 0 0
nt@synapse_cleft 304 -0.00939179227 0.0141218823 0.0195903012 0 0 0
nt@synapse_cleft 306 0.0175205736 -0.022983189 0.00433546918 0 0 0
nt@synapse_cleft 307 0.0183380558 0.0111996749 0.0143464571 0 0 0
nt@synapse_cleft 308 0.0176575485 0.024736595 0.0165081394 0 0 0
nt@synapse_cleft 310 0.0226056684 -0.0145735394 0.00744651524 0 0 0
nt@synapse_cleft 315 0.000833464127 0.0145044233 0.0154149925 0 0 0
nt@synapse_cleft 318 -0.0240545729 0.00554840931 0.0189232102 0 0 0
nt@synapse_cleft 319 0.0548195835 0.00368525772 0.0161679568 0 0 0
nt@synapse_cleft 321 0.0457599933 0.0174310335 0.00615567654 0 0 0
nt@synapse_cleft 325 -0.0654486478 0.0597854436 0.00219735597 0 0 0
nt@synapse_cleft 331 0.0370900714 -0.0170136565 0.0155335149 0 0 0
nt@synapse_cleft 334 0.0213026161 -0.00911564971 0.0137936206 0 0 0
nt@synapse_cleft 335 0.0223882708 0.0147070023 0.0115255453 0 0 0
nt@synapse_cleft 339 -0.039321441 -0.0337809899 0.00228854632 0 0 0
nt@synapse_cleft 347 0.00864591221 -0.0152749212 0.00678315904 0 0 0
nt@synapse_cleft 348 0.0101904472 -0.00427406928 0.0100683431 0 0 0
nt@synapse_cleft 350 0.0159801365 0.00338432851 0.00267794884 0 0 0
nt@synapse_cleft 352 -0.0132108621 0.00505187824 0.00555100697 0 0 0
nt@synapse_cleft 356 -0.034242697 0.0251661203 0.0150225289 0 0 0
nt@synapse_cleft 359 0.00810034276 0.0476300292 0.00337117795 0 0 0
nt@synapse_cleft 360 0.00700526296 0.0313550804 0.0158763388 0 0 0
nt@synapse_cleft 361 -0.0237989528 0.0121992372 0.0173550282 0 0 0
nt@synapse_cleft 364 -0.0142001111 -0.0318452561 0.012650175 0 0 0
nt@synapse_cleft 371 -0.020108441 0.0384846456 0.00638342715 0 0 0
nt@synapse_cleft 372 -0.0067111705 0.0108703628 0.0124753731 0 0 0
nt@synapse_cleft 376 0.000752503348 0.000950314058 0.0156005226 0 0 0
nt@synapse_cleft 381 -0.0179435078 -0.0119677016 0.00621302062 0 0 0
nt@synapse_cleft 383 -0.00498639565 0.0316963196 0.0102251977 0 0 0
nt@synapse_cleft 385 0.0172109872 0.0201412896 0.00886903577 0 0 0
nt@synapse_cleft 388 -0.00756037995 0.00780009596 0.0195891731 0 0 0
nt@synapse_cleft 391 0.0311726391 -0.0304578484 0.00739697162 0 0 0
nt@synapse_cleft 392 0.00133802663 0.0054463293 0.0159528704 0 0 0
nt@synapse_cleft 395 -0.00195095978 -0.0300004957 0.00686159067 0 0 0
nt@synapse_cleft 397 0.0157920907 0.0236984103 0.0125154107 0 0 0
nt@synapse_cleft 399 -0.0230684339 0.00853339033 0.00301900358 0 0 0
nt@synapse_cleft 402 0.00303299537 0.0512745428 0.00733758637 0 0 0
nt@synapse_cleft 406 -0.0167878299 -0.0310035132 0.0119912587 0 0 0
nt@synapse_cleft 415 0.00317288767 -0.00801556449 5.27437407e-06 0 0 0
nt@synapse_cleft 421 -0.0438250488 0.0328347725 0.011628694 0 0 0
nt@synapse_cleft 426 0.030050609 -0.0179327482 0.00986775803 0 0 0
nt@synapse_cleft 429 -0.0164751247 0.0322778047 0.0168459494 0 0 0
nt@synapse_cleft 430 -0.024384929 -0.0326760485 0.0112407746 0 0 0
nt@synapse_cleft 440 0.0244020467 0.00510022242 0.00403684671 0 0 0
nt@synapse_cleft 444 0.00838341282 0.0288075122 0.0195266564 0 0 0
nt@synapse_cleft 449 0.0122741802 -0.0148445723 0.00394376737 0 0 0
nt@synapse_cleft 452 0.025723136 0.0276185586 0.00804888597 0 0 0
nt@synapse_cleft 453 0.00392961384 0.00549932445 0.0179605553 0 0 0
nt@synapse_cleft 455 0.00943053203 -0.0331110565 0.0159832333 0 0 0
nt@synapse_cleft 461 -0.0276306847 -0.00379483291 0.007198952 0 0 0
nt@synapse_cleft 477 0.0127356663 0.00304887969 0.0115764449 0 0 0
nt@synapse_cleft 479 -0.015712981 0.00624254083 0.0159307669 0 0 0
nt@synapse_cleft 480 -0.0631957898 0.0286852759 0.00492871953 0 0 0
nt@synapse_cleft 482 -0.00822850715 0.00630452049 0.000957506023 0 0 0
nt@synapse_cleft 483 -0.00298941818 -0.0272413702 0.0178871667 0 0 0
nt@synapse_cleft 484 -0.00988594031 -0.0299553824 0.00926620875 0 0 0
nt@synapse_cleft 499 0.0224244608 0.0180467535 0.0123787088 0 0 0
nt@synapse_cleft 500 0.00212561442 -0.0247764287 0.00580809522 0 0 0
nt@synapse_cleft 501 0.00745210764 0.0233976528 0.0167039497 0 0 0
nt@synapse_cleft 503 0.0096369097 -0.0228368147 0.0158076627 0 0 0
nt@synapse_cleft 504 0.00476387949 0.0345385413 0.00774349905 0 0 0
nt@synapse_cleft 509 0.00249519158 0.0385240751 0.00910808042 0 0 0
nt@synapse_cleft 510 0.0141348159 0.00792880597 0.0130674607 0 0 0
nt@synapse_cleft 514 -0.0162186501 -0.00492724214 0.0068053127 0 0 0
nt@synapse_cleft 522 -0.0352867898 0.00266791242 0.0112752496 0 0 0
nt@synapse_cleft 524 -0.00796499779 0.0163372494 0.0129683497 0 0 0
nt@synapse_cleft 530 0.0265202625 -0.00294791483 0.0091307372 0 0 0
nt@synapse_cleft 536 -0.024577642 -0.0431586403 0.00295103235 0 0 0
nt@synapse_cleft 544 0.0233408796 0.0153555122 0.00924296435 0 0 0
nt@synapse_cleft 546 -0.0452312632 0.0263517462 0.00758395211 0 0 0
nt@synapse_cleft 548 -0.0127239979 0.0250045239 0.0191756471 0 0 0
nt@synapse_cleft 549 0.0416383319 -0.0406646554 0.00576033704 0 0 0
nt@synapse_cleft 551 0.0120521839 -0.0156957989 0.00561530006 0 0 0
nt@synapse_cleft 552 0.0161157809 -0.00442686746 0.0138605308 0 0 0
nt@synapse_cleft 557 -0.0189824288 0.00768335446 0.0175483813 0 0 0
nt@synapse_cleft 558 -0.0175882017 -0.0191257516 0.00304146496 0 0 0
nt@synapse_cleft 563 -0.0143960075 -0.0475368643 0.0168700662 0 0 0
nt@synapse_cleft 568 0.00314881485 0.00561459284 0.0115375349 0 0 0
nt@synapse_cleft 572 -0.0323517474 0.0126542309 0.00409701616 0 0 0
nt@synapse_cleft 574 -0.00314298823 -0.00266617931 0.0137853396 0 0 0
nt@synapse_cleft 575 0.00108927794 -0.00960655735 0.0101387149 0 0 0
nt@synapse_cleft 581 0.00165868713 -0.00185365676 0.00370746567 0 0 0
nt@synapse_cleft 583 0.0113631092 0.0303512314 0.00997991108 0 0 0
nt@synapse_cleft 586 0.00924727997 0.0117870572 0.0138688558 0 0 0
nt@synapse_cleft 591 -0.0135378397 0.0364028384 0.0121570373 0 0 0
nt@synapse_cleft 593 0.00359482976 0.034109839 0.0146728078 0 0 0
nt@synapse_cleft 594 0.0300684083 0.0270706413 0.0075055329 0 0 0
nt@synapse_cleft 595 -0.00194834142 -0.036984672 0.0137627967 0 0 0
nt@synapse_cleft 596 -0.0226451534 0.0152423852 0.0182488364 0 0 0
nt@synapse_cleft 598 -0.00814970978 0.0152852034 0.0196701475 0 0 0
nt@synapse_cleft 611 -0.0201146709 0.00262195551 0.0175599323 0 0 0
nt@synapse_cleft 615 0.0359591315 -0.0284444663 0.00857986018 0 0 0
nt@synapse_cleft 616 -0.00194290932 -0.0130822427 0.00699563398 0 0 0
nt@synapse_cleft 618 -0.0117029098 -0.0322505064 0.00412389337 0 0 0
nt@synapse_cleft 620 -0.010848258 -0.00770609232 0.00703861975 0 0 0
nt@synapse_cleft 624 0.0203599121 -0.0094956289 0.0129969782 0 0 0
nt@synapse_cleft 627 0.00117919985 -0.0218279853 0.014665113 0 0 0
nt@synapse_cleft 629 0.0130044409 0.00212495256 0.000629662037 0 0 0
nt@synapse_cleft 630 0.00894236622 0.00508512202 0.0107763928 0 0 0
nt@synapse_cleft 633 -0.011656044 0.033100302 0.00404097206 0 0 0
nt@synapse_cleft 634 0.0105933717 -0.012642672 0.017296054 0 0 0
nt@synapse_cleft 639 -0.0243691623 -0.0490156655 0.00270722726 0 0 0
nt@synapse_cleft 645 -0.0103559406 -0.00594574465 0.00856599634 0 0 0
nt@synapse_cleft 647 0.0141865756 0.0306785193 0.00097870239 0 0 0
nt@synapse_cleft 660 -0.0141438609 -0.0232872968 0.00333423556 0 0 0
nt@synapse_cleft 661 -0.04209512 -0.00966726161 0.00321185846 0 0 0
nt@synapse_cleft 662 -0.00789828647 0.00177452782 0.0046883108 0 0 0
nt@synapse_cleft 664 -0.0140041076 0.00443127859 0.0153497444 0 0 0
nt@synapse_cleft 674 -0.0110097356 0.00743754353 0.00540938269 0 0 0
nt@synapse_cleft 675 0.0022058837 0.0128898863 0.0125827528 0 0 0
nt@synapse_cleft 678 0.0209537374 -0.0018823025 0.00695439764 0 0 0
nt@synapse_cleft 679 -0.0160107948 -0.0121353017 0.00328555658 0 0 0
nt@synapse_cleft 681 -0.0110913784 -0.0183811346 0.0187223238 0 0 0
nt@synapse_cleft 684 -0.014059017 -0.00937136223 0.00440971421 0 0 0
nt@synapse_cleft 689 0.0154456502 -0.00264704049 0.0089025351 0 0 0
nt@synapse_cleft 691 0.0218433112 -0.00864550044 0.000720439098 0 0 0
nt@synapse_cleft 693 0.0204782473 0.0284105396 0.0181699861 0 0 0
nt@synapse_cleft 695 -0.0156057793 0.0303646708 0.014448901 0 0 0
nt@synapse_cleft 698 0.0125303227 0.0136408754 0.00836928586 0 0 0
nt@synapse_cleft 699 -0.0113806863 -0.0631325196 0.00882020282 0 0 0
nt@synapse_cleft 704 0.00216661559 0.0100836783 0.00518350894 0 0 0
nt@synapse_cleft 710 0.03372931 -0.00384648534 0.0077732904 0 0 0
nt@synapse_cleft 712 -0.0183401689 -0.00998423454 0.00880938383 0 0 0
nt@synapse_cleft 715 0.011569277 0.0178886062 0.0190586631 0 0 0
nt@synapse_cleft 720 0.042080431 -0.0325141155 0.00302554049 0 0 0
nt@synapse_cleft 721 0.00812921626 0.00172383455 0.00737340779 0 0 0
nt@synapse_cleft 726 -0.024836414 0.00120175885 0.00632601835 0 0 0
nt@synapse_cleft 727 -0.00126207554 0.0228948251 0.0174697922 0 0 0
nt@synapse_cleft 728 -0.00880240844 0.0108300736 0.00123212468 0 0 0
nt@synapse_cleft 732 0.0327626881 0.0484149317 0.00846432131 0 0 0
nt@synapse_cleft 735 -0.043903556 0.0100293679 0.00468678899 0 0 0
nt@synapse_cleft 737 0.0392805374 -0.00133571729 0.0141903317 0 0 0
nt@synapse_cleft 741 0.00362453909 0.0045659131 0.0023170743 0 0 0
nt@synapse_cleft 744 -0.00829815933 0.0227255776 0.0043452124 0 0 0
nt@synapse_cleft 746 -0.0136188551 0.00890484882 0.00850431152 0 0 0
nt@synapse_cleft 750 0.0205056644 0.00110561645 0.0160908827 0 0 0
nt@synapse_cleft 754 -0.00971129601 -0.0243047913 0.0177067377 0 0 0
nt@synapse_cleft 755 0.024058064 0.00996115962 0.00397161665 0 0 0
nt@synapse_cleft 760 -0.00371257057 -0.0545071817 0.00662990074 0 0 0
nt@synapse_cleft 762 0.0144254727 -0.0207441184 0.00502472033 0 0 0
nt@synapse_cleft 765 -0.0280530417 0.0156495827 0.0124486225 0 0 0
nt@synapse_cleft 768 -0.0203621349 -0.0117135171 0.0190697704 0 0 0
nt@synapse_cleft 769 0.00873773052 0.0374019129 0.00856695127 0 0 0
nt@synapse_cleft 774 0.00450631445 0.0274674411 0.0165836391 0 0 0
nt@synapse_cleft 777 0.0459651468 -0.0372776182 0.00489237172 0 0 0
nt@synapse_cleft 779 -0.0132379844 0.0135995245 0.0171673502 0 0 0
nt@synapse_cleft 784 0.0125248222 0.0106334517 0.0173113955 0 0 0
nt@synapse_cleft 797 -0.0100936591 0.0328054577 0.00485976942 0 0 0
nt@synapse_cleft 803 -0.0245729594 -0.0441500031 0.0175753979 0 0 0
nt@synapse_cleft 804 0.00479728321 0.0207607172 0.00572644118 0 0 0
nt@synapse_cleft 814 0.0272566954 0.0233850032 0.002226325 0 0 0
nt@synapse_cleft 816 -0.0027959344 -0.0202309546 0.00538701853 0 0 0
nt@synapse_cleft 817 0.000905405046 -0.00971613836 0.00143887328 0 0 0
nt@synapse_cleft 828 0.013673569 -0.0279075645 0.0161330482 0 0 0
nt@synapse_cleft 831 -0.00422297389 -0.0232974267 0.00586752146 0 0 0
nt@synapse_cleft 833 -0.0253885099 -0.00436946619 0.0168776225 0 0 0
nt@synapse_cleft 837 -0.0143575312 -0.0214914045 0.0190226293 0 0 0
nt@synapse_cleft 844 -0.00727436865 0.00348021618 0.0124701039 0 0 0
nt@synapse_cleft 847 0.0216415474 -0.00556723858 0.00227998848 0 0 0
nt@synapse_cleft 850 -0.0128327946 0.029094455 0.0149232724 0 0 0
nt@synapse_cleft 854 0.00345122862 0.0257334583 0.00114522151 0 0 0
nt@synapse_cleft 866 0.00300548858 -0.0188731685 0.0132323163 0 0 0
nt@synapse_cleft 871 -0.00886162895 0.0118332615 0.0115422929 0 0 0
nt@synapse_cleft 872 0.0168899289 -0.0209264895 0.00613803331 0 0 0
nt@synapse_cleft 875 -0.0206610777 -0.0223768579 0.014225601 0 0 0
nt@synapse_cleft 877 -0.0448708619 0.0138126608 0.00835028033 0 0 0
nt@synapse_cleft 881 -0.0182002588 0.0133358568 0.00971831307 0 0 0
nt@synapse_cleft 884 0.001994932 0.0172220937 0.0183711386 0 0 0
nt@synapse_cleft 900 0.0183094899 -0.0110667946 0.0151145206 0 0 0
nt@synapse_cleft 904 -0.0306065062 0.00263944547 0.000390071448 0 0 0
nt@synapse_cleft 906 -0.0338130638 0.0118720273 0.00752917661 0 0 0
nt@synapse_cleft 908 -0.0332937074 -0.00342332173 0.00666574412 0 0 0
nt@synapse_cleft 909 0.0130061186 0.00534017919 0.0196598318 0 0 0
nt@synapse_cleft 913 -0.012586766 -0.00933170065 0.0103071328 0 0 0
nt@synapse_cleft 918 0.0515224705 -0.004683088 0.0191544559 0 0 0
nt@synapse_cleft 920 0.0127322417 -0.0155299683 0.0149911331 0 0 0
nt@synapse_cleft 924 -0.0318199183 0.0157666997 0.0134836137 0 0 0
nt@synapse_cleft 925 -0.0297924356 0.0523438583 0.0179434811 0 0 0
nt@synapse_cleft 926 -0.0119148359 -0.0552201202 0.0155887084 0 0 0
nt@synapse_cleft 932 0.0145534613 -0.0346458242 0.00641013859 0 0 0
nt@synapse_cleft 938 -0.0180917365 0.0127665245 0.0145784766 0 0 0
nt@synapse_cleft 940 -0.0530112325 -0.0247698533 0.0175937066 0 0 0
nt@synapse_cleft 941 -0.0243538951 0.0338765627 0.0155324386 0 0 0
nt@synapse_cleft 942 0.0134727273 -0.0279348932 0.00430959183 0 0 0
nt@synapse_cleft 943 0.019845365 -0.010894581 0.0156939145 0 0 0
nt@synapse_cleft 944 -0.0121810412 -0.0511026213 0.00808087206 0 0 0
nt@synapse_cleft 945 -0.012668666 0.0165064475 0.00392935198 0 0 0
nt@synapse_cleft 947 -0.0181705992 -0.000476839266 0.0109279721 0 0 0
nt@synapse_cleft 951 -0.000430901259 -0.00585802815 0.00435001151 0 0 0
nt@synapse_cleft 953 -0.0418689456 0.0169239824 0.0176805573 0 0 0
nt@synapse_cleft 954 0.00956982369 -0.0144373104 0.0057106834 0 0 0
nt@synapse_cleft 957 0.049563665 -0.0245072342 9.85297912e-05 0 0 0
nt@synapse_cleft 960 -0.0188789047 0.0444627225 0.00689988652 0 0 0
nt@synapse_cleft 961 -0.0324535424 0.00149856606 0.0169343779 0 0 0
nt@synapse_cleft 967 0.0184438141 -0.00245014704 0.0129514009 0 0 0
nt@synapse_cleft 976 -0.0264113814 0.0284915734 0.00850378692 0 0 0
nt@synapse_cleft 978 -0.0229580017 -0.0168655935 0.010631342 0 0 0
nt@synapse_cleft 981 -0.0392742416 0.00816489072 0.0177747024 0 0 0
nt@synapse_cleft 991 0.032570876 -0.00506715418 0.00616659279 0 0 0
nt@synapse_cleft 992 0.0211793075 0.0131861183 0.0192546214 0 0 0
nt@synapse_cleft 993 -0.0368695011 0.0300682979 9.94418446e-05 0 0 0
nt@synapse_cleft 994 -0.0204647229 -0.00863049941 0.00295521422 0 0 0
nt@synapse_cleft 998 -0.00217270667 0.0175801635 0.0185254356 0 0 0
nt@synapse_cleft 999 0.0332615589 -0.0332724702 0.0128762484 0 0 0
nt@synapse_cleft 1002 0.0196810256 0.0488067912 0.0184093613 0 0 0
nt@synapse_cleft 1004 -0.008286913 0.00816843277 0.00795645173 0 0 0
nt@synapse_cleft 1011 0.0205516235 0.0146813497 0.0146768225 0 0 0
nt@synapse_cleft 1013 -0.013980504 0.0322705146 0.00354257316 0 0 0
nt@synapse_cleft 1016 -0.0329692138 0.0172412897 0.0179056231 0 0 0
nt@synapse_cleft 1018 0.014333015 -0.0130239114 0.013821448 0 0 0
nt@synapse_cleft 1024 -0.0326697639 -0.00711179951 0.0105560663 0 0 0
nt@synapse_cleft 1025 -0.0106653365 -0.032473102 0.00675025719 0 0 0
nt@synapse_cleft 1027 0.0128091875 0.0325873093 0.0165067957 0 0 0
nt@synapse_cleft 1035 -0.0181594759 -0.00383325379 0.0179332851 0 0 0
nt@synapse_cleft 1047 0.00627311529 -0.0310219068 0.00976048556 0 0 0
nt@synapse_cleft 1048 -0.00161208471 -0.046702634 0.0030019379 0 0 0
nt@synapse_cleft 1050 0.0114071646 -0.0404149492 0.0111137 0 0 0
nt@synapse_cleft 1056 0.00311828892 0.0345492902 0.00218523417 0 0 0
nt@synapse_cleft 1062 0.0460004737 -0.00401364311 0.0133848358 0 0 0
nt@synapse_cleft 1065 -0.00365858115 0.0193223816 0.014827317 0 0 0
nt@synapse_cleft 1074 0.0106382837 -0.0103926213 0.0130399677 0 0 0
nt@synapse_cleft 1077 -0.0192797439 -0.0126407267 0.0106699505 0 0 0
nt@synapse_cleft 1080 -0.0201857715 0.0167744793 0.0164975985 0 0 0
nt@synapse_cleft 1088 -0.0345763004 -0.0138318954 0.0136090413 0 0 0
nt@synapse_cleft 1092 -0.0201058835 -0.00803625113 0.0111195932 0 0 0
nt@synapse_cleft 1098 -0.0144069108 0.025763562 0.0076862126 0 0 0
nt@synapse_cleft 1102 -0.0101283622 -0.0070517772 0.0161577255 0 0 0
nt@synapse_cleft 1107 -0.00991164398 0.0123476489 0.00430611253 0 0 0
nt@synapse_cleft 1108 0.0193217285 0.0338355213 0.00269011231 0 0 0
nt@synapse_cleft 1110 0.0229271776 0.0123822843 0.0114428379 0 0 0
nt@synapse_cleft 1113 -0.0190979201 -0.00420339655 0.000815425929 0 0 0
nt@synapse_cleft 1114 0.00707133959 -0.0315744744 0.0053906464 0 0 0
nt@synapse_cleft 1121 -0.00217277869 0.0485391182 0.0108040175 0 0 0
nt@synapse_cleft 1127 -0.00981377361 0.00206142387 0.00560737773 0 0 0
nt@synapse_cleft 1130 0.0232824198 -0.0102094266 0.0183540842 0 0 0
nt@synapse_cleft 1136 -0.0210980114 -0.0670555016 0.00230835361 0 0 0
nt@synapse_cleft 1138 0.00944161598 0.00719444596 0.0149901778 0 0 0
nt@synapse_cleft 1140 -0.00571794409 -0.0304192197 0.0171440148 0 0 0
nt@synapse_cleft 1144 -0.0132513068 -0.0171649812 0.0119086222 0 0 0
nt@synapse_cleft 1145 0.0606566424 -0.0155163068 0.0144643671 0 0 0
nt@synapse_cleft 1149 -0.00777885769 -0.00311947537 0.0184288403 0 0 0
nt@synapse_cleft 1152 0.0292964125 -0.00288127772 0.0130868342 0 0 0
nt@synapse_cleft 1157 0.0284365742 -0.0635174869 0.0188022958 0 0 0
nt@synapse_cleft 1165 0.0200881922 0.0255573509 0.00414329656 0 0 0
nt@synapse_cleft 1166 -0.00028813132 0.00356149812 0.00349377927 0 0 0
nt@synapse_cleft 1167 0.0367819262 0.025173136 0.00113817597 0 0 0
nt@synapse_cleft 1172 -0.00680966085 -0.00149111031 0.0136531746 0 0 0
nt@synapse_cleft 1173 -0.0127333764 0.00379769168 0.00713595405 0 0 0
nt@synapse_cleft 1177 0.00696562538 0.0617029392 0.00331738977 0 0 0
nt@synapse_cleft 1179 0.00932100821 -0.0171582099 0.0185195868 0 0 0
nt@synapse_cleft 1186 -0.0489223952 -0.00371196979 0.0143044928 0 0 0
nt@synapse_cleft 1188 0.00730966916 -0.0419006261 0.00575937154 0 0 0
nt@synapse_cleft 1192 0.0115014049 -0.0310964918 0.0124312374 0 0 0
nt@synapse_cleft 1193 -0.0272143813 -0.00211828986 0.0130705603 0 0 0
nt@synapse_cleft 1197 0.0500967486 0.0277808736 0.00375096227 0 0 0
nt@synapse_cleft 1200 -0.0324450809 0.0245511689 0.0152506305 0 0 0
nt@synapse_cleft 1203 0.0018657707 0.0122528793 0.00375737522 0 0 0
nt@synapse_cleft 1204 0.00686854401 0.000190864201 0.0184453329 0 0 0
nt@synapse_cleft 1205 -0.0299461008 -0.0167329239 0.00917586902 0 0 0
nt@synapse_cleft 1206 -0.0327964243 -0.00723401053 0.0145143644 0 0 0
nt@synapse_cleft 1218 -0.00820419824 0.0405963641 0.0143472991 0 0 0
nt@synapse_cleft 1219 0.00444230272 0.00946247058 0.0198881766 0 0 0
nt@synapse_cleft 1231 0.00935302255 0.0115026103 0.00346513466 0 0 0
nt@synapse_cleft 1237 -0.0210522295 -0.0344410288 0.00357452201 0 0 0
nt@synapse_cleft 1238 -0.0524832678 -0.0171153374 0.0199526427 0 0 0
nt@synapse_cleft 1241 0.0071153056 -0.00454261017 0.00475613686 0 0 0
nt@synapse_cleft 1243 -0.0234184883 0.00930296335 0.0114401402 0 0 0
nt@synapse_cleft 1248 -1.44321754e-05 0.0300801941 0.0040891166 0 0 0
nt@synapse_cleft 1251 -0.0147884304 0.0173485952 0.0169131872 0 0 0
nt@synapse_cleft 1252 -0.0283885721 0.00987275712 0.00148267681 0 0 0
nt@synapse_cleft 1253 -0.0200128078 -0.0176655155 0.00901176172 0 0 0
nt@synapse_cleft 1254 -0.0230566953 0.0291661819 0.0165766407 0 0 0
nt@synapse_cleft 1255 0.038690998 0.0523265706 0.00511964328 0 0 0
nt@synapse_cleft 1262 0.0149477288 0.00146189171 0.0193889215 0 0 0
nt@synapse_cleft 1270 0.0468843535 0.00301209583 0.00289261822 0 0 0
nt@synapse_cleft 1275 -0.0311675553 0.000423484701 0.00832707832 0 0 0
nt@synapse_cleft 1289 0.0277584982 0.00482234105 0.000825033661 0 0 0
nt@synapse_cleft 1298 0.0019490128 -0.0198028836 0.000222438298 0 0 0
nt@synapse_cleft 1299 -0.0281988379 -0.00334664743 0.000385596739 0 0 0
nt@synapse_cleft 1302 -0.0300859419 0.0263483041 0.00291200418 0 0 0
nt@synapse_cleft 1303 -0.0060764375 0.0206773543 0.00388210657 0 0 0
nt@synapse_cleft 1311 0.0121202825 0.00134022863 0.0186163316 0 0 0
nt@synapse_cleft 1316 -0.0309943466 -0.0271802863 0.0123191306 0 0 0
nt@synapse_cleft 1326 0.0177543791 0.0165686226 0.00933193675 0 0 0
nt@synapse_cleft 1328 0.0171389172 -0.000110674101 0.0076295787 0 0 0
nt@synapse_cleft 1330 -0.00709419666 -0.0208935684 0.010783161 0 0 0
nt@synapse_cleft 1331 -0.0135775679 0.00859947922 0.017457172 0 0 0
nt@synapse_cleft 1333 -0.0279351374 0.0304350862 0.000962443068 0 0 0
nt@synapse_cleft 1338 -0.0106929576 0.00851225809 0.0157735857 0 0 0
nt@synapse_cleft 1343 0.0208265318 0.00897773188 0.0164485968 0 0 0
nt@synapse_cleft 1347 -0.0380055865 -0.0145131482 0.0183313335 0 0 0
nt@synapse_cleft 1348 0.0356877763 -0.0271434615 0.0172344061 0 0 0
nt@synapse_cleft 1349 -0.0073369768 -0.0149518937 0.0166959067 0 0 0
nt@synapse_cleft 1351 0.0406367733 -0.0224610756 0.000523057535 0 0 0
nt@synapse_cleft 1356 0.0188592231 0.00452282934 0.00523190759 0 0 0
nt@synapse_cleft 1359 -0.0192877198 -0.00952004407 0.0174046806 0 0 0
nt@synapse_cleft 1361 -0.00685185058 -0.0588661491 0.00524429365 0 0 0
nt@synapse_cleft 1366 0.0259427307 0.00148888961 0.00568188737 0 0 0
nt@synapse_cleft 1368 0.0358531681 -0.00247597137 0.00442125703 0 0 0
nt@synapse_cleft 1372 -0.0349131912 0.0381005557 0.00173133758 0 0 0
nt@synapse_cleft 1380 -0.000827875688 0.020124628 0.00254629014 0 0 0
nt@synapse_cleft 1381 0.0116233811 -0.0614728101 0.0180368242 0 0 0
nt@synapse_cleft 1382 0.00842650107 0.0230751963 0.00686991309 0 0 0
nt@synapse_cleft 1384 -0.040858662 -0.00257958423 0.0182142903 0 0 0
nt@synapse_cleft 1390 0.0420062299 -0.000604293001 0.00902306003 0 0 0
nt@synapse_cleft 1393 -0.0337534568 0.0327657591 0.01476853 0 0 0
nt@synapse_cleft 1394 0.022827069 0.0200553789 0.00932875629 0 0 0
nt@synapse_cleft 1397 0.0270307223 0.0301496932 0.0182053445 0 0 0
nt@synapse_cleft 1400 -0.0310417885 0.0256455543 0.000953836597 0 0 0
nt@synapse_cleft 1403 0.00887880516 -0.00350206692 0.0138107574 0 0 0
nt@synapse_cleft 1406 0.0537354178 -0.0233625045 0.00877930915 0 0 0
nt@synapse_cleft 1408 -0.0158290147 -0.0088078247 0.00617487109 0 0 0
nt@synapse_cleft 1411 -0.00264371851 0.0120095842 0.0152614507 0 0 0
nt@synapse_cleft 1416 -0.00202881437 0.0369453781 0.0101835965 0 0 0
nt@synapse_cleft 1419 0.0154700098 -0.0102189109 0.0128115761 0 0 0
nt@synapse_cleft 1425 -0.00205397447 -0.043978131 0.00259653483 0 0 0
nt@synapse_cleft 1427 -0.0322783979 -0.00816590916 0.00454723249 0 0 0
nt@synapse_cleft 1434 0.010526877 0.0306892143 0.000461172422 0 0 0
nt@synapse_cleft 1438 -0.00608337588 -0.0305659844 0.00573786934 0 0 0
nt@synapse_cleft 1440 -0.00290677292 0.0174138081 0.00222581142 0 0 0
nt@synapse_cleft 1441 -0.0385678954 0.0212176207 0.00144629126 0 0 0
nt@synapse_cleft 1442 -0.000666502231 0.0239699125 0.0115643218 0 0 0
nt@synapse_cleft 1444 -0.0193267193 -0.00867116163 0.0184554543 0 0 0
nt@synapse_cleft 1445 0.00995799979 -0.0123597611 0.0143196526 0 0 0
nt@synapse_cleft 1446 -0.0198291663 -0.0236386075 0.0123412659 0 0 0
nt@synapse_cleft 1449 -0.0236242592 -0.0151979384 0.0067215191 0 0 0
nt@synapse_cleft 1452 -0.0287767614 -0.0209072263 0.000573015726 0 0 0
nt@synapse_cleft 1454 -0.0170825812 0.0196688003 0.00417314415 0 0 0
nt@synapse_cleft 1455 -0.0162729333 0.0160148679 0.0114490162 0 0 0
nt@synapse_cleft 1464 -0.0489856252 0.00985037372 0.00335669992 0 0 0
nt@synapse_cleft 1468 0.0431045 0.0266555377 0.00973164758 0 0 0
nt@synapse_cleft 1470 -0.0608701718 -0.0297991032 0.0188930866 0 0 0
nt@synapse_cleft 1472 -0.0433875727 0.0022393855 0.0153084851 0 0 0
nt@synapse_cleft 1473 0.0173726605 -0.009506215 0.00327933576 0 0 0
nt@synapse_cleft 1479 -0.0295321169 0.0280584584 0.0176978487 0 0 0
nt@synapse_cleft 1481 0.020934393 -0.00152358343 0.0193769096 0 0 0
nt@synapse_cleft 1484 -0.00943237991 0.010609233 0.0181178997 0 0 0
nt@synapse_cleft 1485 -0.018922904 0.0046575223 0.00285204955 0 0 0
nt@synapse_cleft 1487 -0.0103483769 -0.0318548117 0.0084882182 0 0 0
nt@synapse_cleft 1488 0.0345369448 0.00323630134 0.00466248079 0 0 0
nt@synapse_cleft 1491 -0.0155852285 -0.0170669831 0.00952305062 0 0 0
nt@synapse_cleft 1494 0.000273322046 0.014308262 0.012921116 0 0 0
nt@synapse_cleft 1496 -0.00111445447 0.016977556 0.0184553153 0 0 0
nt@synapse_cleft 1503 -0.0205056102 -0.0162142876 0.0115156664 0 0 0
nt@synapse_cleft 1506 0.0174182649 -0.0146936819 0.00555014594 0 0 0
nt@synapse_cleft 1507 0.0033751503 0.00448057273 0.00264171514 0 0 0
nt@synapse_cleft 1508 0.0138462321 0.00612927346 0.0116571968 0 0 0
nt@synapse_cleft 1512 -0.0129278591 -0.00966979825 0.00214975875 0 0 0
nt@synapse_cleft 1515 0.00949162747 0.0427322307 0.00535717312 0 0 0
nt@synapse_cleft 1519 0.00995621389 -0.0181125931 0.013628638 0 0 0
nt@synapse_cleft 1522 -0.0185345228 0.00441260689 0.00920516513 0 0 0
nt@synapse_cleft 1526 0.0230834445 -0.0139389797 0.0182421386 0 0 0
nt@synapse_cleft 1527 0.000350011351 0.0325036618 0.0106930173 0 0 0
nt@synapse_cleft 1528 -0.047549153 0.00598082231 0.0184094745 0 0 0
nt@synapse_cleft 1531 0.00446699653 0.0262628817 0.0139730611 0 0 0
nt@synapse_cleft 1538 0.00680242001 0.0154661364 0.00214383363 0 0 0
nt@synapse_cleft 1542 -0.0198882025 0.0180460438 0.0124331959 0 0 0
nt@synapse_cleft 1545 -0.00211597115 0.00627142373 0.0136177859 0 0 0
nt@synapse_cleft 1548 -0.0247851576 -0.0187402867 0.00518227701 0 0 0
nt@synapse_cleft 1553 0.0543124624 0.0177187315 0.00808331972 0 0 0
nt@synapse_cleft 1554 0.0165647996 0.00468662147 0.00212464431 0 0 0
nt@synapse_cleft 1561 0.00752683245 -0.0611512683 0.00618932773 0 0 0
nt@synapse_cleft 1565 -0.021512869 0.000349664763 0.014276088 0 0 0
nt@synapse_cleft 1571 -0.0171509422 0.00325532428 0.0154044804 0 0 0
nt@synapse_cleft 1573 0.00906823945 0.0264053178 0.0017286355 0 0 0
nt@synapse_cleft 1583 -0.0197826467 -0.0151519649 0.0115523466 0 0 0
nt@synapse_cleft 1584 -0.00669287666 0.00399659925 0.00728664427 0 0 0
nt@synapse_cleft 1588 0.00999927209 -0.0090529285 0.0146724194 0 0 0
nt@synapse_cleft 1590 -0.037017322 0.04323618 0.00995366046 0 0 0
nt@synapse_cleft 1592 0.00924963949 -0.0175575587 0.0161778524 0 0 0
nt@synapse_cleft 1596 -0.000266692033 -0.0228771995 0.00705058755 0 0 0
nt@synapse_cleft 1597 0.00830163615 0.0420973384 0.00896470245 0 0 0
nt@synapse_cleft 1598 -0.0378848425 -0.0106601798 0.0175071658 0 0 0
nt@synapse_cleft 1600 0.0212995163 -0.0295732434 0.00532833329 0 0 0
nt@synapse_cleft 1605 0.0158735083 0.0127267483 0.0125891281 0 0 0
nt@synapse_cleft 1606 -0.0296111708 -9.26684447e-06 0.00598218179 0 0 0
nt@synapse_cleft 1611 -0.0102508545 -0.0303262537 0.00272198992 0 0 0
nt@synapse_cleft 1612 -0.022458776 -0.000951033241 0.000585545985 0 0 0
nt@synapse_cleft 1615 0.0109443431 -0.0590085728 0.00751926891 0 0 0
nt@synapse_cleft 1617 0.00906891927 -0.0238309044 0.0141560051 0 0 0
nt@synapse_cleft 1619 0.0226367669 -0.00471816716 0.0174472118 0 0 0
nt@synapse_cleft 1625 -0.0293451144 0.0116967259 0.0179382365 0 0 0
nt@synapse_cleft 1628 0.0154253977 0.0334715399 0.0148302908 0 0 0
nt@synapse_cleft 1632 0.041860657 0.0113626669 0.00664483358 0 0 0
nt@synapse_cleft 1635 0.0166452029 -0.0130245654 0.0199052783 0 0 0
nt@synapse_cleft 1641 0.0314258898 0.0120215819 0.00762504599 0 0 0
nt@synapse_cleft 1642 0.02810918 -0.0117158566 0.00857050006 0 0 0
nt@synapse_cleft 1655 -0.00142173875 0.0272684397 0.00264095854 0 0 0
nt@synapse_cleft 1658 0.0214998005 0.0350140849 0.00339372739 0 0 0
nt@synapse_cleft 1660 0.0147090685 0.0182372354 0.00416689765 0 0 0
nt@synapse_cleft 1675 -0.0334828886 -0.00551958164 0.0186400517 0 0 0
nt@synapse_cleft 1678 -0.00739973117 -0.0109886206 0.00138103399 0 0 0
nt@synapse_cleft 1681 -0.0134322197 0.00732416695 0.0175528366 0 0 0
nt@synapse_cleft 1684 0.0031088816 -0.0354298591 0.0086980665 0 0 0
nt@synapse_cleft 1686 -0.0127939843 0.0139028835 0.0191805556 0 0 0
nt@synapse_cleft 1687 -0.0279798908 -0.0151279482 0.00057123228 0 0 0
nt@synapse_cleft 1689 0.0125676273 0.0239553429 0.0029749044 0 0 0
nt@synapse_cleft 1692 -0.00848262098 0.0177688746 0.00758157098 0 0 0
nt@synapse_cleft 1695 0.0170358438 -0.0107299072 0.0105111849 0 0 0
nt@synapse_cleft 1701 -0.0108515733 0.0096027393 0.0105943697 0 0 0
nt@synapse_cleft 1702 0.0167881413 -0.0194709748 0.0184365387 0 0 0
nt@synapse_cleft 1703 -0.00045940613 0.00673177395 0.00710798403 0 0 0
nt@synapse_cleft 1707 -0.0195505736 -0.0178203236 0.00946605269 0 0 0
nt@synapse_cleft 1708 -0.0262973861 0.0159236256 0.00146847341 0 0 0
nt@synapse_cleft 1713 -0.0180558923 -0.0114245792 0.00828328848 0 0 0
nt@synapse_cleft 1715 0.00434224719 -0.00530965056 0.019346499 0 0 0
nt@synapse_cleft 1721 0.00844550485 -0.0301180865 0.00425708398 0 0 0
nt@synapse_cleft 1725 0.0296116251 0.00116619076 0.00190066713 0 0 0
nt@synapse_cleft 1729 -0.0029129328 0.00274174398 0.0161460057 0 0 0
nt@synapse_cleft 1736 0.0298931456 0.00921546549 0.0109535714 0 0 0
nt@synapse_cleft 1741 0.00207041185 -0.0171323062 0.0195139639 0 0 0
nt@synapse_cleft 1742 0.0172572709 -0.0545157378 0.0128762599 0 0 0
nt@synapse_cleft 1743 0.0307092735 0.0419775546 0.010544674 0 0 0
nt@synapse_cleft 1745 -0.0305366919 0.0109295273 0.00205177451 0 0 0
nt@synapse_cleft 1746 0.00495637846 -0.00707744048 0.0158275933 0 0 0
nt@synapse_cleft 1748 0.0534565147 0.0194578634 0.0168411576 0 0 0
nt@synapse_cleft 1749 -0.00418513255 -0.00846979925 0.00237400434 0 0 0
nt@synapse_cleft 1751 0.0408516582 0.00206248384 0.00890060535 0 0 0
nt@synapse_cleft 1759 -0.0125293036 -0.00222457321 0.0190460666 0 0 0
nt@synapse_cleft 1761 -0.0310600274 0.00729690955 0.00705262501 0 0 0
nt@synapse_cleft 1762 -0.0153258854 -0.0313861888 0.0139015837 0 0 0
nt@synapse_cleft 1763 0.0432784427 -0.0214231116 0.0141410703 0 0 0
nt@synapse_cleft 1768 0.00966401044 -0.0274832536 0.00970479541 0 0 0
nt@synapse_cleft 1769 -0.0244709985 0.00529170551 0.0199828561 0 0 0
nt@synapse_cleft 1775 8.49030981e-05 0.00071233957 0.00776154918 0 0 0
nt@synapse_cleft 1777 -0.00296268952 -0.001569104 0.0127435442 0 0 0
nt@synapse_cleft 1778 0.0293885044 -0.0482314101 0.00534565582 0 0 0
nt@synapse_cleft 1781 -0.0102242004 0.0301825698 0.0105190635 0 0 0
nt@synapse_cleft 1793 0.0180620635 0.0221754247 0.0174382127 0 0 0
nt@synapse_cleft 1795 0.0185297346 -0.0124260755 0.00644447626 0 0 0
nt@synapse_cleft 1799 -0.0239985299 0.0100179532 0.00687167754 0 0 0
nt@synapse_cleft 1804 0.0175106727 -0.0127984071 0.00559835535 0 0 0
nt@synapse_cleft 1805 -0.00986075171 -0.00198165482 0.000160066808 0 0 0
nt@synapse_cleft 1806 -0.013977831 0.0055496679 0.0126153844 0 0 0
nt@synapse_cleft 1810 -0.0516527153 -0.0423064225 0.0186863515 0 0 0
nt@synapse_cleft 1811 -0.00333243957 -0.00186246654 0.0155297435 0 0 0
nt@synapse_cleft 1812 -0.000319865211 0.0273765161 0.0186602877 0 0 0
nt@synapse_cleft 1815 -0.000421274592 0.020711027 0.00723034512 0 0 0
nt@synapse_cleft 1824 0.001366065 -0.000404497188 0.00368639085 0 0 0
nt@synapse_cleft 1826 0.0267963057 -0.00493268407 0.0166536525 0 0 0
nt@synapse_cleft 1829 0.0393706299 -0.0155106772 0.0158616194 0 0 0
nt@synapse_cleft 1830 -0.0327661298 -0.00585286167 0.0134939836 0 0 0
nt@synapse_cleft 1837 -0.0271467949 -0.0106746181 0.00720507977 0 0 0
nt@synapse_cleft 1838 -0.0153345128 -0.0302855177 0.00865374918 0 0 0
nt@synapse_cleft 1840 -0.0257174137 0.00030591648 0.00962605344 0 0 0
nt@synapse_cleft 1843 0.0353844861 -0.00789756143 0.0150336151 0 0 0
nt@synapse_cleft 1846 -0.0115319093 -0.00245904726 0.00887329833 0 0 0
nt@synapse_cleft 1849 0.03352247 0.00200967839 0.0100079143 0 0 0
nt@synapse_cleft 1853 0.0655777587 -0.00858211144 0.0133618218 0 0 0
nt@synapse_cleft 1854 0.0100989335 -0.0064351083 0.0059988342 0 0 0
nt@synapse_cleft 1855 -0.0281732466 0.00726662901 0.00871308833 0 0 0
nt@synapse_cleft 1856 0.0135974202 -0.000152050085 0.00905010842 0 0 0
nt@synapse_cleft 1864 0.002971672 -0.0271403208 0.0111389172 0 0 0
nt@synapse_cleft 1868 -0.0280393853 0.0093754725 0.0187125902 0 0 0
nt@synapse_cleft 1872 0.00358589091 -0.00615607587 0.0112080972 0 0 0
nt@synapse_cleft 1873 -0.0592287048 -0.00224831139 0.0118427799 0 0 0
nt@synapse_cleft 1875 -0.0203508196 0.0201053226 0.00134253081 0 0 0
nt@synapse_cleft 1877 0.00431123087 0.0389364448 0.0139185443 0 0 0
nt@synapse_cleft 1879 0.0559152316 -0.0425862221 0.0186006808 0 0 0
nt@synapse_cleft 1880 -0.0339785407 -0.0125614259 0.00722282901 0 0 0
nt@synapse_cleft 1883 0.0116993821 0.0113171203 0.0170080928 0 0 0
nt@synapse_cleft 1885 -0.000137460973 0.00816815275 0.0154803429 0 0 0
nt@synapse_cleft 1887 -0.0214574144 0.030939622 0.00247860972 0 0 0
nt@synapse_cleft 1890 -0.0280087849 0.00134248964 0.00443723178 0 0 0
nt@synapse_cleft 1892 -0.000362441737 0.00484470267 0.0132809532 0 0 0
nt@synapse_cleft 1894 -0.0122333458 0.0189946562 0.0189506284 0 0 0
nt@synapse_cleft 1896 0.0198751358 -0.00572471366 0.00732892572 0 0 0
nt@synapse_cleft 1900 -0.00882210351 -0.00541344824 0.0148927623 0 0 0
nt@synapse_cleft 1904 -0.0327238729 0.0382615412 0.0154606702 0 0 0
nt@synapse_cleft 1914 0.00726820846 0.00760809163 0.00554832817 0 0 0
nt@synapse_cleft 1918 -0.0167092689 0.0469063175 0.0171596723 0 0 0
nt@synapse_cleft 1921 -0.000372681177 -0.00495917232 0.00864159944 0 0 0
nt@synapse_cleft 1923 -0.00736980478 0.0200323552 0.0131943741 0 0 0
nt@synapse_cleft 1925 0.00631656402 0.0171376028 0.0141382134 0 0 0
nt@synapse_cleft 1926 0.0270090782 0.00581041038 0.00354518204 0 0 0
nt@synapse_cleft 1932 0.00687046984 -0.00913863004 0.00652639265 0 0 0
nt@synapse_cleft 1942 0.0217639372 -0.0364987751 0.00443176559 0 0 0
nt@synapse_cleft 1944 0.00364556076 0.00775188638 0.00362411765 0 0 0
nt@synapse_cleft 1946 -0.010686065 -0.00658374501 0.0094246834 0 0 0
nt@synapse_cleft 1953 -0.0113250245 -0.0227802743 0.00031232239 0 0 0
nt@synapse_cleft 1959 -0.00373170318 -0.0338687671 0.0027513737 0 0 0
nt@synapse_cleft 1961 0.0284445443 0.00934587479 0.0170010494 0 0 0
nt@synapse_cleft 1964 -0.0145843612 -0.00192310275 0.0102052856 0 0 0
nt@synapse_cleft 1967 0.0106163564 -0.0203027564 0.0108677953 0 0 0
nt@synapse_cleft 1970 -0.0168364575 -0.028266812 0.000880326062 0 0 0
nt@synapse_cleft 1973 0.0182462273 0.0298788123 0.00830384436 0 0 0
nt@synapse_cleft 1976 -0.0268995725 -0.0111457297 0.00480857084 0 0 0
nt@synapse_cleft 1980 -0.0125240306 -0.0222431238 0.00278460199 0 0 0
nt@synapse_cleft 1982 0.00158495173 0.0194908483 0.0183486451 0 0 0
nt@synapse_cleft 1984 -0.0679913623 -0.0171014285 0.00116991405 0 0 0
nt@synapse_cleft 1989 -0.0143847125 0.00520230661 0.0178096671 0 0 0
nt@synapse_cleft 1990 0.0145686854 0.0308463538 0.000599731215 0 0 0
nt@synapse_cleft 1993 0.00327951009 -0.0151745765 0.00971762743 0 0 0
nt@synapse_cleft 1997 0.00142805145 0.0172085501 0.0158477567 0 0 0
nt@synapse_cleft 2004 -0.022355931 0.00522363877 0.015595416 0 0 0
nt@synapse_cleft 2007 0.00572383864 0.0123832486 0.0196593194 0 0 0
nt@synapse_cleft 2008 0.0163591371 0.00226662414 0.0114059516 0 0 0
nt@synapse_cleft 2013 -0.0169366583 -0.0110719782 0.0169482645 0 0 0
nt@synapse_cleft 2014 0.0243371948 0.0231599148 0.00692942597 0 0 0
nt@synapse_cleft 2016 -0.0156104881 -0.00101428113 0.00209498709 0 0 0
nt@synapse_cleft 2019 0.0276534613 -0.0248215029 0.0185440525 0 0 0
nt@synapse_cleft 2026 0.0462216035 -0.0134482717 0.0117329084 0 0 0
nt@synapse_cleft 2027 -0.0118724689 -0.0211896409 0.00310208856 0 0 0
nt@synapse_cleft 2032 -0.026930282 0.00960440024 0.00183084103 0 0 0
nt@synapse_cleft 2035 0.0404788401 0.0251968363 0.0161652146 0 0 0
nt@synapse_cleft 2036 0.0489487794 -0.00224259997 0.0114705621 0 0 0
nt@synapse_cleft 2039 0.0249411505 0.00330528847 0.0155071014 0 0 0
nt@synapse_cleft 2041 0.0228395016 0.00638729 0.01568256 0 0 0
nt@synapse_cleft 2044 0.0197189816 -0.0137052884 0.0106871588 0 0 0
nt@synapse_cleft 2052 0.00511760289 -0.00853437672 0.0170294643 0 0 0
nt@synapse_cleft 2056 -0.00944458057 -0.0166503956 0.00162128592 0 0 0
nt@synapse_cleft 2058 -0.00986091553 -0.0408150933 0.0163278398 0 0 0
nt@synapse_cleft 2061 0.00683147618 0.000499455606 0.00305847251 0 0 0
nt@synapse_cleft 2064 0.0307672521 0.0233530724 0.00618342663 0 0 0
nt@synapse_cleft 2074 0.00753923207 -0.0501706608 0.019499921 0 0 0
nt@synapse_cleft 2091 -0.0164819696 0.0276205617 0.0167886579 0 0 0
nt@synapse_cleft 2092 0.0068793029 0.0244263634 0.0149100236 0 0 0
nt@synapse_cleft 2094 -0.00798387351 0.00591547947 0.0126499588 0 0 0
nt@synapse_cleft 2095 0.0127279893 0.0153076624 0.0164553531 0 0 0
nt@synapse_cleft 2096 -0.0145612789 -0.00740026152 0.00501226365 0 0 0
nt@synapse_cleft 2101 -0.00609303352 -0.0284963051 0.00172013371 0 0 0
nt@synapse_cleft 2104 0.0245375756 0.00591914192 0.014332001 0 0 0
nt@synapse_cleft 2112 -0.012082671 -0.0232837571 0.00461187459 0 0 0
nt@synapse_cleft 2115 -0.0273077619 -0.000444586232 0.0190578132 0 0 0
nt@synapse_cleft 2119 -0.0213282749 -0.0147193103 0.00480438727 0 0 0
nt@synapse_cleft 2121 0.040539483 -0.0122262165 0.0097966577 0 0 0
nt@synapse_cleft 2124 0.0103385915 0.0315170975 0.00833066711 0 0 0
nt@synapse_cleft 2127 0.019127264 0.0139535354 0.0021903322 0 0 0
nt@synapse_cleft 2133 0.0166149991 -0.0087477621 3.15229479e-05 0 0 0
nt@synapse_cleft 2136 0.0165263231 0.0238920803 0.00425313926 0 0 0
nt@synapse_cleft 2137 -0.0352932548 0.0415187017 0.00520699572 0 0 0
nt@synapse_cleft 2141 0.0200412665 0.0321819387 0.0112069037 0 0 0
nt@synapse_cleft 2148 0.0281013683 -0.0451553027 0.0045998516 0 0 0
nt@synapse_cleft 2156 0.0178699008 -0.0312307869 0.0128070024 0 0 0
nt@synapse_cleft 2160 0.0185598506 0.00859434142 0.014289931 0 0 0
nt@synapse_cleft 2162 -0.0294653519 0.0220791969 0.0133894918 0 0 0
nt@synapse_cleft 2163 0.0197780784 -0.00531711059 0.0158624299 0 0 0
nt@synapse_cleft 2166 0.00142888262 0.0207564969 0.0186253911 0 0 0
nt@synapse_cleft 2170 0.0324846419 0.00344532274 0.015544129 0 0 0
nt@synapse_cleft 2177 -0.0140832752 -0.0194239805 0.00419664958 0 0 0
nt@synapse_cleft 2185 -0.000515170344 -0.00474979322 0.00235842593 0 0 0
nt@synapse_cleft 2187 -0.018335325 0.0108984347 0.00897396593 0 0 0
nt@synapse_cleft 2188 -0.0157503285 0.0415838776 0.0085465477 0 0 0
nt@synapse_cleft 2199 0.0100638342 -0.0148151943 0.0122276507 0 0 0
nt@synapse_cleft 2204 -0.0382941628 -0.00676347853 0.0178431875 0 0 0
nt@synapse_cleft 2206 -0.0155229869 -0.0206755687 0.0177842073 0 0 0
nt@synapse_cleft 2207 0.0228736574 0.00115012688 0.0152032452 0 0 0
nt@synapse_cleft 2217 0.022686596 -0.0334802574 0.00365106992 0 0 0
nt@synapse_cleft 2218 0.00651670883 0.0185415026 0.016513206 0 0 0
nt@synapse_cleft 2223 -0.0268452362 0.0163835221 0.0127474479 0 0 0
nt@synapse_cleft 2228 -0.00304316298 0.000269818172 0.000754332577 0 0 0
nt@synapse_cleft 2235 -0.00614675952 -0.00675645488 0.0162980431 0 0 0
nt@synapse_cleft 2236 0.00800087371 0.0271076965 0.0168684541 0 0 0
nt@synapse_cleft 2248 -0.0257323866 -0.00255507591 0.0079560274 0 0 0
nt@synapse_cleft 2251 0.0107170041 -0.0023311175 0.0185277932 0 0 0
nt@synapse_cleft 2254 -0.00391061792 -0.0132545971 0.0130367133 0 0 0
nt@synapse_cleft 2256 -0.034267415 -0.0333693924 4.20740104e-05 0 0 0
nt@synapse_cleft 2257 0.00594731481 -0.0108686261 0.00593505733 0 0 0
nt@synapse_cleft 2262 -0.0150240649 0.0345180329 0.0186000297 0 0 0
nt@synapse_cleft 2265 0.0273270351 0.0240309946 0.00420182867 0 0 0
nt@synapse_cleft 2269 -0.0384817679 0.0138059329 0.00144632724 0 0 0
nt@synapse_cleft 2271 -0.0727900942 0.0167439981 0.00500346917 0 0 0
nt@synapse_cleft 2274 -0.00293308877 0.0386010771 0.00398909952 0 0 0
nt@synapse_cleft 2278 0.0310046411 0.0367726651 0.00883033578 0 0 0
nt@synapse_cleft 2279 -0.000869244437 0.00741705794 0.0101199359 0 0 0
nt@synapse_cleft 2283 0.0288404967 -0.0189858385 0.00754022562 0 0 0
nt@synapse_cleft 2284 0.0236872394 -0.00617717263 0.0162056585 0 0 0
nt@synapse_cleft 2285 -0.0122184175 -0.0123751559 0.0174423221 0 0 0
nt@synapse_cleft 2289 0.00123713203 0.00552947215 0.000413154317 0 0 0
nt@synapse_cleft 2292 -0.0217451033 0.00812756115 0.0102069894 0 0 0
nt@synapse_cleft 2298 -0.0359974668 -0.0153843792 0.0125133448 0 0 0
nt@synapse_cleft 2304 -0.0177988731 0.024770388 0.00298067856 0 0 0
nt@synapse_cleft 2306 0.00336771396 -0.0273779403 0.0066204486 0 0 0
nt@synapse_cleft 2308 -0.0168772974 0.00867266208 0.00225400465 0 0 0
nt@synapse_cleft 2309 0.00967060884 -0.0113330592 0.0191745754 0 0 0
nt@synapse_cleft 2314 -0.00974813905 -0.0222208109 0.0134238073 0 0 0
nt@synapse_cleft 2317 0.0371270184 0.0113390917 0.00480303903 0 0 0
nt@synapse_cleft 2320 0.0156870895 -0.0306298137 0.00482565653 0 0 0
nt@synapse_cleft 2321 0.0587765956 0.00235564135 0.000916024125 0 0 0
nt@synapse_cleft 2326 0.0218881773 0.0120586205 0.00335179336 0 0 0
nt@synapse_cleft 2327 -0.030297119 -0.0315655312 0.0180574999 0 0 0
nt@synapse_cleft 2330 -0.0400902829 0.0208874981 0.00409753248 0 0 0
nt@synapse_cleft 2331 -0.0308176689 -0.0362023483 0.00224272186 0 0 0
nt@synapse_cleft 2332 -0.0175055829 -0.00744020532 0.0112620715 0 0 0
nt@synapse_cleft 2343 0.0144723918 -0.00763799307 0.00967116915 0 0 0
nt@synapse_cleft 2349 0.0331684986 0.00853159109 0.0131226725 0 0 0
nt@synapse_cleft 2366 0.0216670175 0.0244716196 0.0124346514 0 0 0
nt@synapse_cleft 2367 -0.0273329221 -0.0186612335 0.0168929292 0 0 0
nt@synapse_cleft 2369 -0.0106926488 0.00474578612 0.0124571174 0 0 0
nt@synapse_cleft 2370 0.0129617716 -0.0214130143 0.00576485046 0 0 0
nt@synapse_cleft 2375 0.00542066188 0.00740714628 0.0134708702 0 0 0
nt@synapse_cleft 2383 0.0192146593 -0.0473557816 0.0136256502 0 0 0
nt@synapse_cleft 2386 -0.00774653937 -0.0221543131 0.000303489393 0 0 0
nt@synapse_cleft 2389 -0.00588162883 -0.016250894 0.00256554223 0 0 0
nt@synapse_cleft 2397 0.00861135513 -0.0578862393 0.00660148262 0 0 0
nt@synapse_cleft 2400 -0.0237697444 -0.036423403 0.0164529928 0 0 0
nt@synapse_cleft 2410 0.00886692595 1.37393542e-05 0.0121516109 0 0 0
nt@synapse_cleft 2411 0.0149495467 -0.0422903025 0.00293966933 0 0 0
nt@synapse_cleft 2412 0.00482534032 0.00864432287 0.011793351 0 0 0
nt@synapse_cleft 2417 -0.0133382725 0.00955400997 0.0101726357 0 0 0
nt@synapse_cleft 2421 -0.00364556714 0.0204401946 0.00497957816 0 0 0
nt@synapse_cleft 2423 0.00873354164 -0.0408501173 0.00968147118 0 0 0
nt@synapse_cleft 2434 0.0126310902 -0.0302325301 0.0135706407 0 0 0
nt@synapse_cleft 2437 0.0253235721 0.0104223531 0.00525289453 0 0 0
nt@synapse_cleft 2438 0.00329707935 -0.0389450313 1.88485576e-05 0 0 0
nt@synapse_cleft 2440 -0.0175722088 -0.0293286464 0.00831768397 0 0 0
nt@synapse_cleft 2446 -0.0268100094 0.0174708892 0.00637943542 0 0 0
nt@synapse_cleft 2448 0.00273096752 0.00154532967 0.0158441601 0 0 0
nt@synapse_cleft 2456 -0.0233328257 -0.00915560377 0.0116582377 0 0 0
nt@synapse_cleft 2459 0.0027333317 0.0384238845 0.000419441495 0 0 0
nt@synapse_cleft 2462 -0.0104004365 0.0469363391 0.000495374336 0 0 0
nt@synapse_cleft 2463 0.00968260901 -0.0216473829 0.0120328108 0 0 0
nt@synapse_cleft 2466 -0.000565183466 -0.0325579852 0.00258168467 0 0 0
nt@synapse_cleft 2467 -0.00541114859 0.0249694462 0.0122541982 0 0 0
nt@synapse_cleft 2468 -0.0475889321 -0.0124711104 0.00788967351 0 0 0
nt@synapse_cleft 2470 0.0105334379 0.0112060907 0.000461537431 0 0 0
nt@synapse_cleft 2472 0.0367812838 -0.0505460065 0.0195601963 0 0 0
nt@synapse_cleft 2480 -0.0183906524 -0.0173364049 0.0142115375 0 0 0
nt@synapse_cleft 2481 -0.0199368928 -0.00575584607 0.00221124485 0 0 0
nt@synapse_cleft 2483 0.0368732908 0.00996609553 0.00997850296 0 0 0
nt@synapse_cleft 2491 0.0055108474 -0.00315765558 0.0194738811 0 0 0
nt@synapse_cleft 2493 0.0200387243 -0.0513997067 0.0120004293 0 0 0
nt@synapse_cleft 2495 -0.023273699 0.00989297234 0.00517093199 0 0 0
nt@synapse_cleft 2498 0.0157354141 -0.00901748896 0.00556049973 0 0 0
nt@synapse_cleft 2501 -0.00655627096 0.0121677449 0.00229659671 0 0 0
nt@synapse_cleft 2502 0.0187394529 -0.0277089286 0.0175764872 0 0 0
nt@synapse_cleft 2507 0.0167480064 0.0172063561 0.0118248609 0 0 0
nt@synapse_cleft 2509 0.00219809317 -0.0250269866 0.0174420925 0 0 0
nt@synapse_cleft 2510 0.0034839768 -0.0101461619 0.0143207483 0 0 0
nt@synapse_cleft 2513 -0.00507912841 0.00595311501 0.000915156081 0 0 0
nt@synapse_cleft 2517 -0.020046724 -0.0105973791 0.0143822172 0 0 0
nt@synapse_cleft 2520 0.027257362 0.0255444984 0.00458160269 0 0 0
nt@synapse_cleft 2521 -0.00687312461 0.0209755724 0.0124684608 0 0 0
nt@synapse_cleft 2525 0.0294348988 0.0127829135 0.0138650591 0 0 0
nt@synapse_cleft 2528 -0.0165078903 -8.38651985e-05 0.00695340563 0 0 0
nt@synapse_cleft 2539 -0.0139664817 0.0193537005 0.0107571416 0 0 0
nt@synapse_cleft 2542 0.0279978066 -0.0246988232 0.0117928279 0 0 0
nt@synapse_cleft 2549 -0.0127735457 0.0561186495 0.00911477012 0 0 0
nt@synapse_cleft 2550 0.0266574433 -0.0123826005 0.00184884389 0 0 0
nt@synapse_cleft 2555 0.0439410494 -0.0110788687 0.00966509095 0 0 0
nt@synapse_cleft 2560 -0.0357179717 -0.000378587226 0.0050522941 0 0 0
nt@synapse_cleft 2561 0.0169699342 0.0420891632 0.0105249156 0 0 0
nt@synapse_cleft 2563 0.00327181623 0.00544282362 0.0171440884 0 0 0
nt@synapse_cleft 2564 -0.00972196613 0.0467769159 0.00523940354 0 0 0
nt@synapse_cleft 2566 0.000143717716 -0.0103514501 0.00965101937 0 0 0
nt@synapse_cleft 2570 0.0214850453 0.00449230773 0.00797628691 0 0 0
nt@synapse_cleft 2571 0.0082130999 -0.0426245491 0.00875932054 0 0 0
nt@synapse_cleft 2577 0.0053525381 0.0209350134 0.0115380122 0 0 0
nt@synapse_cleft 2586 0.0403147568 -0.00475548546 0.0103989603 0 0 0
nt@synapse_cleft 2591 -0.00385995871 -0.00355760504 0.00155515619 0 0 0
nt@synapse_cleft 2593 0.0537097399 0.0538630882 0.019631592 0 0 0
nt@synapse_cleft 2597 -0.0136541143 0.0174326731 0.000771730487 0 0 0
nt@synapse_cleft 2600 0.0127903079 0.0485397863 0.0132220304 0 0 0
nt@synapse_cleft 2603 0.00750741471 -0.00802379505 0.0143402242 0 0 0
nt@synapse_cleft 2604 0.0324913529 -0.00280287118 0.00421424331 0 0 0
nt@synapse_cleft 2610 0.00239238371 -0.0361041161 0.0017147382 0 0 0
nt@synapse_cleft 2613 -0.0266552236 -0.0259078659 0.017476372 0 0 0
nt@synapse_cleft 2615 -0.0261078838 -0.0633665481 0.00228622427 0 0 0
nt@synapse_cleft 2617 -0.0210288924 0.0231673906 0.010775919 0 0 0
nt@synapse_cleft 2620 0.00517954578 -0.0383933227 0.00504452096 0 0 0
nt@synapse_cleft 2623 -0.0177318022 -0.0411011146 0.0164636724 0 0 0
nt@synapse_cleft 2625 -0.0339806932 -0.024524905 0.00325188735 0 0 0
nt@synapse_cleft 2628 0.0305904597 -0.0238896347 0.0151286078 0 0 0
nt@synapse_cleft 2631 -0.00780086129 0.0302274129 0.0168651212 0 0 0
nt@synapse_cleft 2639 0.0142624388 0.00439743673 0.000770166725 0 0 0
nt@synapse_cleft 2641 -0.0125561516 -0.0256196052 0.0160277011 0 0 0
nt@synapse_cleft 2642 -0.0379832405 -0.00569391118 0.0139111796 0 0 0
nt@synapse_cleft 2645 0.011715064 0.021103531 0.00703927675 0 0 0
nt@synapse_cleft 2650 0.0240644069 -0.0135013949 0.0124735827 0 0 0
nt@synapse_cleft 2652 -0.0177056015 0.00124592753 0.0175294638 0 0 0
nt@synapse_cleft 2660 -0.0195059184 -0.0263665979 0.00906729668 0 0 0
nt@synapse_cleft 2661 0.0254414632 -0.0260898369 0.00809987168 0 0 0
nt@synapse_cleft 2670 -0.0256527173 -0.0139365599 0.0163614309 0 0 0
nt@synapse_cleft 2674 -0.0225691682 -0.00231767034 0.00141795213 0 0 0
nt@synapse_cleft 2675 0.000103915232 0.0146879235 0.00838693788 0 0 0
nt@synapse_cleft 2680 -0.0562151668 -0.0289429527 0.00569702104 0 0 0
nt@synapse_cleft 2681 -0.0325717225 -0.0184209139 0.00886446234 0 0 0
nt@synapse_cleft 2688 -0.0587950153 0.0563031512 0.00611358876 0 0 0
nt@synapse_cleft 2692 0.0318560186 -0.016810736 0.00414783711 0 0 0
nt@synapse_cleft 2702 0.000175950879 -0.0176204619 0.00197825641 0 0 0
nt@synapse_cleft 2708 -0.039081461 0.000306180168 0.0145626053 0 0 0
nt@synapse_cleft 2709 -0.0108246814 -0.00434134975 0.0199683246 0 0 0
nt@synapse_cleft 2710 -0.00333733137 -0.0155976505 0.0119005547 0 0 0
nt@synapse_cleft 2713 0.00403179268 -0.0183121872 0.0149045718 0 0 0
nt@synapse_cleft 2714 0.0346167566 0.0225976299 0.00290866397 0 0 0
nt@synapse_cleft 2720 0.0101927016 0.0224211116 0.00135271322 0 0 0
nt@synapse_cleft 2724 0.00922126635 -0.00692260078 0.000741321598 0 0 0
nt@synapse_cleft 2729 0.024148147 -0.0124627768 0.0157351582 0 0 0
nt@synapse_cleft 2734 0.0450976009 -0.000367594634 0.0189341867 0 0 0
nt@synapse_cleft 2739 0.0291053274 -0.0143763738 0.0128009898 0 0 0
nt@synapse_cleft 2743 -0.00367367958 -0.0373371309 0.01208623 0 0 0
nt@synapse_cleft 2750 0.037509586 -0.029166878 0.0121245034 0 0 0
nt@synapse_cleft 2752 -0.0300201811 -0.0176951853 0.0149543615 0 0 0
nt@synapse_cleft 2756 0.0285590669 0.000805337476 0.00234548705 0 0 0
nt@synapse_cleft 2758 -0.000747806177 -0.0208230853 0.00874597366 0 0 0
nt@synapse_cleft 2760 0.000187679792 -0.0186299709 0.0192481279 0 0 0
nt@synapse_cleft 2766 -0.0450616185 0.019083861 0.0130421198 0 0 0
nt@synapse_cleft 2775 0.0284722048 -0.00536171896 0.0181914984 0 0 0
nt@synapse_cleft 2785 -0.00225226472 0.0242571647 0.00558379705 0 0 0
nt@synapse_cleft 2798 -0.023396489 0.0103044519 0.00584510796 0 0 0
nt@synapse_cleft 2806 0.0312110111 0.0189985148 0.00509433901 0 0 0
nt@synapse_cleft 2807 -0.0119129876 0.00278656094 0.00928715964 0 0 0
nt@synapse_cleft 2808 0.018369836 0.0428365326 0.00733060473 0 0 0
nt@synapse_cleft 2812 -0.0544673039 -0.0291228611 0.00629139181 0 0 0
nt@synapse_cleft 2815 -0.00180517513 0.000270366594 0.0105881 0 0 0
nt@synapse_cleft 2820 0.0191840357 0.00109887139 0.0105408451 0 0 0
nt@synapse_cleft 2828 0.0129357087 -0.0485643083 0.00741530685 0 0 0
nt@synapse_cleft 2837 -0.00960504119 0.0100812602 0.0165746741 0 0 0
nt@synapse_cleft 2848 0.0226166456 0.0195097983 0.0134386908 0 0 0
nt@synapse_cleft 2854 0.0227686387 0.00327520926 0.00714266757 0 0 0
nt@synapse_cleft 2855 -0.0163259859 -0.0233663349 0.0015328352 0 0 0
nt@synapse_cleft 2857 0.0203957108 -0.0152816374 0.0182394098 0 0 0
nt@synapse_cleft 2861 -0.0258542977 -0.00340546981 0.00431145309 0 0 0
nt@synapse_cleft 2863 -0.0302069775 0.0205927561 0.0097407126 0 0 0
nt@synapse_cleft 2868 -2.94181439e-05 0.0156065297 0.000851101176 0 0 0
nt@synapse_cleft 2871 0.0115340833 -0.0566885549 0.00872604298 0 0 0
nt@synapse_cleft 2875 -0.00100308929 0.000452874889 0.0183505718 0 0 0
nt@synapse_cleft 2876 -0.024364651 -0.00302066606 0.0175276768 0 0 0
nt@synapse_cleft 2880 -0.0113706805 0.0206005332 0.0141860688 0 0 0
nt@synapse_cleft 2884 0.0330471047 -0.00660986343 0.00780556135 0 0 0
nt@synapse_cleft 2887 8.55634702e-05 -0.0249968443 0.0198701942 0 0 0
nt@synapse_cleft 2894 0.00800117101 0.0100065967 0.0041626389 0 0 0
nt@synapse_cleft 2895 0.05771112 -0.00451354723 0.0150751383 0 0 0
nt@synapse_cleft 2897 0.0115061556 -0.0408511532 0.0161154241 0 0 0
nt@synapse_cleft 2905 -0.0166072448 0.0189114564 0.0117571869 0 0 0
nt@synapse_cleft 2909 0.0319036523 -0.0112989289 0.0116633083 0 0 0
nt@synapse_cleft 2910 -0.0371977371 0.0156830936 0.0122827299 0 0 0
nt@synapse_cleft 2912 0.0323222074 -0.0118322124 0.00241805706 0 0 0
nt@synapse_cleft 2915 0.0284349046 -0.0296382161 0.0109967138 0 0 0
nt@synapse_cleft 2918 -0.00506591265 -0.0507647026 0.0125195546 0 0 0
nt@synapse_cleft 2920 0.0137993976 -0.00852846851 0.0133789101 0 0 0
nt@synapse_cleft 2921 -0.00172660056 0.0426263869 0.00797009141 0 0 0
nt@synapse_cleft 2922 0.0589597936 -0.015075387 0.0152610308 0 0 0
nt@synapse_cleft 2925 -0.0224601166 0.0162687115 0.0187448603 0 0 0
nt@synapse_cleft 2928 -0.00313573279 0.0442469871 0.00828537888 0 0 0
nt@synapse_cleft 2933 -0.0145399087 -0.00198947292 0.00862554361 0 0 0
nt@synapse_cleft 2935 -0.0381480044 -0.00231786402 0.0123014812 0 0 0
nt@synapse_cleft 2938 0.0129650639 -0.0283823893 0.0142055821 0 0 0
nt@synapse_cleft 2940 0.00364642426 -0.0184285965 0.0048436731 0 0 0
nt@synapse_cleft 2945 -0.0277786516 -0.012963974 0.00431384568 0 0 0
nt@synapse_cleft 2946 0.00932445428 0.000302687944 0.0015611622 0 0 0
nt@synapse_cleft 2951 -0.0210656203 0.00728132605 0.00592581887 0 0 0
nt@synapse_cleft 2955 -0.0273416117 -0.0114696761 0.0123611323 0 0 0
nt@synapse_cleft 2961 0.0581948313 -0.0359772384 0.00590751938 0 0 0
nt@synapse_cleft 2962 0.0121841242 0.00684513214 0.0168478264 0 0 0
nt@synapse_cleft 2967 -0.0248448562 -0.0508250465 0.00737722902 0 0 0
nt@synapse_cleft 2982 -0.00937754573 0.00586607702 0.0150211597 0 0 0
nt@synapse_cleft 2983 0.017407285 -0.0444943973 0.00992954167 0 0 0
nt@synapse_cleft 2992 -0.0424157966 0.0175000865 0.00467604306 0 0 0
nt@synapse_cleft 2993 -0.0148150668 0.0357161964 0.00411312175 0 0 0
nt@synapse_cleft 2997 0.0240571977 -0.019009206 0.00628018562 0 0 0
nt@synapse_cleft 3006 0.00878524249 0.0365921364 0.0166147042 0 0 0
nt@synapse_cleft 3008 0.0169343138 0.0556387721 0.0138620701 0 0 0
nt@synapse_cleft 3012 0.0212520122 -0.00361999043 0.00619585002 0 0 0
nt@synapse_cleft 3019 -0.0110287905 -0.000777280266 0.00201347866 0 0 0
nt@synapse_cleft 3020 -0.0190975878 -0.0186039281 0.00910792809 0 0 0
nt@synapse_cleft 3024 0.0158629843 0.0172078529 0.0050334652 0 0 0
nt@synapse_cleft 3026 -0.0120334492 0.00029165219 0.00758594331 0 0 0
nt@synapse_cleft 3042 -0.0011299446 0.00904526912 0.01654403 0 0 0
nt@synapse_cleft 3047 0.0338321827 0.0442579313 0.00679316669 0 0 0
nt@synapse_cleft 3057 0.0143647282 -0.0193151843 0.0191815219 0 0 0
nt@synapse_cleft 3061 -0.0118364887 0.030060582 0.0163666339 0 0 0
nt@synapse_cleft 3062 0.00766571148 -0.0279304006 0.0165662895 0 0 0
nt@synapse_cleft 3069 0.0501016277 -0.0404505273 0.00238469175 0 0 0
nt@synapse_cleft 3073 0.00307252706 0.0306123767 0.00213832224 0 0 0
nt@synapse_cleft 3076 -0.0276266811 -0.000599354115 8.055006e-05 0 0 0
nt@synapse_cleft 3078 -0.0247338182 -0.0194534114 0.00351562049 0 0 0
nt@synapse_cleft 3082 0.0134685531 0.0252496041 0.0168653259 0 0 0
nt@synapse_cleft 3089 0.00919202877 -0.00825199534 0.00162806206 0 0 0
nt@synapse_cleft 3092 -0.0121226642 0.00975455141 0.0165564144 0 0 0
nt@synapse_cleft 3096 -0.00214781237 0.0199546154 0.00409171007 0 0 0
nt@synapse_cleft 3097 0.0376710217 0.0164889547 0.011152571 0 0 0
nt@synapse_cleft 3099 -0.0231007015 0.014449437 0.0144864279 0 0 0
nt@synapse_cleft 3109 -0.0218858456 0.0266224059 0.00752691998 0 0 0
nt@synapse_cleft 3111 -0.00375958889 -0.0207491701 0.00380871449 0 0 0
nt@synapse_cleft 3113 -0.0111017593 0.0209213261 0.0176112882 0 0 0
nt@synapse_cleft 3114 0.0196487954 0.0251196888 0.0159294175 0 0 0
nt@synapse_cleft 3122 -0.00352123717 -0.00395233217 0.0067242699 0 0 0
nt@synapse_cleft 3132 -0.0303324039 -0.00323285153 0.00710374109 0 0 0
nt@synapse_cleft 3134 -0.00284406208 0.0364829381 0.013863698 0 0 0
nt@synapse_cleft 3144 -0.00471222287 -0.0550952119 0.018881807 0 0 0
nt@synapse_cleft 3147 -0.00357907492 0.00450180679 0.0063058906 0 0 0
nt@synapse_cleft 3150 0.0305830223 -0.0669197488 0.007652228 0 0 0
nt@synapse_cleft 3155 -0.00546754168 0.0139890726 0.0164483994 0 0 0
nt@synapse_cleft 3158 -0.0205986343 0.00427201814 0.00456035219 0 0 0
nt@synapse_cleft 3159 -0.0202856982 0.0171990291 0.0158264628 0 0 0
nt@synapse_cleft 3165 0.0272430082 0.00163924198 0.013206654 0 0 0
nt@synapse_cleft 3167 0.000753700355 0.0122931221 0.00867340247 0 0 0
nt@synapse_cleft 3172 -0.0413867606 0.0113176553 0.00474056881 0 0 0
nt@synapse_cleft 3177 0.0095340494 -0.0318239816 0.00526843184 0 0 0
nt@synapse_cleft 3178 -0.0088080118 -0.0157472937 0.00461940905 0 0 0
nt@synapse_cleft 3179 0.0137125542 -0.00382345568 0.00894134808 0 0 0
nt@synapse_cleft 3181 0.0124804606 0.0149136973 0.0185446197 0 0 0
nt@synapse_cleft 3182 -0.0122060452 -0.0131150609 0.0133004596 0 0 0
nt@synapse_cleft 3183 -0.0088051793 -0.0228749465 0.0174832337 0 0 0
nt@synapse_cleft 3184 0.000900623454 0.0180333272 0.000130831207 0 0 0
nt@synapse_cleft 3185 -0.0120483052 -0.0126291364 0.00448121082 0 0 0
nt@synapse_cleft 3187 -0.0214643003 0.00245353137 0.0125849064 0 0 0
nt@synapse_cleft 3190 0.0177303027 -0.00762909323 0.00680270658 0 0 0
nt@synapse_cleft 3195 -0.0189623839 0.00271389445 0.0084127029 0 0 0
nt@synapse_cleft 3199 -0.00220665027 0.039906202 0.0165090219 0 0 0
nt@synapse_cleft 3202 0.00194821152 0.0273775749 0.0158615521 0 0 0
nt@synapse_cleft 3207 -0.0157250553 -0.00125944673 0.0199624285 0 0 0
nt@synapse_cleft 3211 0.0120809801 0.00779062246 0.00901369881 0 0 0
nt@synapse_cleft 3214 0.00955195404 -0.00226180058 0.016189376 0 0 0
nt@synapse_cleft 3220 -0.00357701541 0.0159350769 0.00870155688 0 0 0
nt@synapse_cleft 3222 -0.0589336991 -0.0138609522 0.00458699319 0 0 0
nt@synapse_cleft 3227 0.00144406333 -0.000574849189 0.011970205 0 0 0
nt@synapse_cleft 3230 -0.0580098074 -0.0234972564 0.000669854448 0 0 0
nt@synapse_cleft 3247 0.00704337657 -0.00270762231 0.0151500812 0 0 0
nt@synapse_cleft 3248 -0.0136896618 -0.024965665 0.0142126443 0 0 0
nt@synapse_cleft 3249 -0.00241871576 0.00862453842 0.0111017507 0 0 0
nt@synapse_cleft 3275 0.00930073126 -0.0109885969 0.0152429787 0 0 0
nt@synapse_cleft 3284 0.0133080524 0.00568834129 0.00652799559 0 0 0
nt@synapse_cleft 3302 0.00418979666 -0.028720099 0.00301300498 0 0 0
nt@synapse_cleft 3304 0.0206031451 0.0575572684 0.00255405212 0 0 0
nt@synapse_cleft 3308 -0.0107429755 0.0317246334 0.00406864125 0 0 0
nt@synapse_cleft 3311 -0.027626828 0.0269435357 0.0159889013 0 0 0
nt@synapse_cleft 3312 -0.0129494726 -0.0161557692 0.00729359655 0 0 0
nt@synapse_cleft 3313 -0.0040095575 -0.0156684126 0.0129521736 0 0 0
nt@synapse_cleft 3316 0.0114875387 -0.0110813518 0.00635334556 0 0 0
nt@synapse_cleft 3324 -0.00781899834 -0.00747310928 0.000419221809 0 0 0
nt@synapse_cleft 3326 0.00393851579 -0.0113962809 0.00266875685 0 0 0
nt@synapse_cleft 3327 0.00734076282 -0.0349589695 0.0194505218 0 0 0
nt@synapse_cleft 3334 0.0221513168 0.0151637689 0.0160890895 0 0 0
nt@synapse_cleft 3335 0.0297996068 -0.00615576866 0.0140443621 0 0 0
nt@synapse_cleft 3338 0.0048158057 -0.0340183502 0.00587385567 0 0 0
nt@synapse_cleft 3341 0.00828222033 -0.0015582825 0.0077306249 0 0 0
nt@synapse_cleft 3342 -0.00193861863 0.00079010402 0.0178944157 0 0 0
nt@synapse_cleft 3347 0.0315102453 -0.0447123406 0.00437069338 0 0 0
nt@synapse_cleft 3354 -0.00558969151 -0.0216128334 0.0119917458 0 0 0
nt@synapse_cleft 3367 -0.00186364085 0.0219584965 0.00982891664 0 0 0
nt@synapse_cleft 3372 -0.0267246624 -0.0129819401 0.00746135302 0 0 0
nt@synapse_cleft 3375 0.053013611 0.01504948 0.0170654222 0 0 0
nt@synapse_cleft 3378 0.0137556667 0.0323658077 0.0113666628 0 0 0
nt@synapse_cleft 3381 0.0178503386 0.011432139 0.000844641202 0 0 0
nt@synapse_cleft 3394 -0.0116960833 -0.0210051681 0.0104933151 0 0 0
nt@synapse_cleft 3401 0.0285543551 -0.000205052297 0.015582138 0 0 0
nt@synapse_cleft 3402 -0.00346633386 0.00481991895 0.00156492916 0 0 0
nt@synapse_cleft 3404 0.0253531516 -0.0261558237 0.0163050487 0 0 0
nt@synapse_cleft 3405 0.0147450192 0.0253076102 0.000883095744 0 0 0
nt@synapse_cleft 3407 0.00302509738 0.0455349653 0.00828894948 0 0 0
nt@synapse_cleft 3413 0.0181032211 0.00749090807 0.00566724709 0 0 0
nt@synapse_cleft 3415 -0.0180134635 0.0141074917 0.0163002158 0 0 0
nt@synapse_cleft 3416 -0.0184249551 -0.0196402522 0.00495905245 0 0 0
nt@synapse_cleft 3419 -0.0338837517 0.0245919411 0.0137347848 0 0 0
nt@synapse_cleft 3429 0.0375199267 -0.0184152431 0.0186806334 0 0 0
nt@synapse_cleft 3432 0.0491220528 -0.0601000532 0.0134428624 0 0 0
nt@synapse_cleft 3434 0.0119383457 -0.0222350125 0.0068220776 0 0 0
nt@synapse_cleft 3445 0.0118686509 0.00954109639 0.0136038538 0 0 0
nt@synapse_cleft 3451 0.0157702646 0.0184238657 0.00322409712 0 0 0
nt@synapse_cleft 3455 0.00435880246 -0.00855247523 0.0183487787 0 0 0
nt@synapse_cleft 3467 -0.0532984213 0.0155995096 0.0103198422 0 0 0
nt@synapse_cleft 3470 0.0331724322 -0.0086999043 0.0173398863 0 0 0
nt@synapse_cleft 3472 -0.0254800315 0.0068768478 0.0192395974 0 0 0
nt@synapse_cleft 3474 0.032400636 -0.00164401591 0.00577592738 0 0 0
nt@synapse_cleft 3482 -0.049885933 -0.0396253306 0.0191637538 0 0 0
nt@synapse_cleft 3484 -0.00522750535 0.0196129189 0.0168402283 0 0 0
nt@synapse_cleft 3496 0.00976572368 -0.00774454894 0.0161302246 0 0 0
nt@synapse_cleft 3500 0.00955597608 -0.0293352557 0.0131182767 0 0 0
nt@synapse_cleft 3502 0.0341209587 0.0225386209 0.00539359167 0 0 0
nt@synapse_cleft 3507 -0.0209604211 -0.0126386972 0.010054525 0 0 0
nt@synapse_cleft 3511 0.03323202 -0.0156451653 0.0187859797 0 0 0
nt@synapse_cleft 3514 -0.00785227208 -0.0178878983 0.0189619789 0 0 0
nt@synapse_cleft 3519 0.0354070369 -0.0272897289 0.00658019061 0 0 0
nt@synapse_cleft 3525 -0.00169321783 -0.0173722308 0.00355699217 0 0 0
nt@synapse_cleft 3526 0.0167801633 -0.0360614224 0.00746017775 0 0 0
nt@synapse_cleft 3529 -0.039114517 0.0027853497 0.00749036201 0 0 0
nt@synapse_cleft 3535 0.00663484446 -0.00635382122 0.0162821605 0 0 0
nt@synapse_cleft 3536 -0.00818167742 0.0115571815 0.002898925 0 0 0
nt@synapse_cleft 3538 -0.0164011966 -0.00169000756 0.00729172256 0 0 0
nt@synapse_cleft 3539 -0.0444661957 0.0257435619 0.00201304564 0 0 0
nt@synapse_cleft 3542 0.00200880492 0.0355670835 0.0152420135 0 0 0
nt@synapse_cleft 3543 -0.0092757654 -0.00699397434 0.0158893761 0 0 0
nt@synapse_cleft 3546 -0.015304261 0.0139565226 0.00537669585 0 0 0
nt@synapse_cleft 3555 -0.0194770667 -0.00885796368 0.00609019091 0 0 0
nt@synapse_cleft 3561 -0.0153419863 0.0130658294 0.00242518257 0 0 0
nt@synapse_cleft 3562 -0.0506062383 -0.00742875334 0.014899965 0 0 0
nt@synapse_cleft 3563 0.001285947 -0.0113526891 0.0159543247 0 0 0
nt@synapse_cleft 3565 0.0225034112 -0.0149948624 0.00513143119 0 0 0
nt@synapse_cleft 3566 0.000211318311 0.0486178671 0.00756406958 0 0 0
nt@synapse_cleft 3567 0.00329009005 0.0131518285 0.0176559477 0 0 0
nt@synapse_cleft 3568 0.0229646188 -0.0320417052 0.0158928303 0 0 0
nt@synapse_cleft 3569 0.0213956538 -0.00403579879 0.0153606613 0 0 0
nt@synapse_cleft 3575 -0.0234596046 0.0107539914 0.00296026082 0 0 0
nt@synapse_cleft 3576 0.0301884445 0.00585259123 0.00527025317 0 0 0
nt@synapse_cleft 3579 0.00162779536 -0.024471726 0.00271487881 0 0 0
nt@synapse_cleft 3583 -0.00392070439 0.00172148369 0.0130178922 0 0 0
nt@synapse_cleft 3585 0.0125364206 0.00166295636 0.0134283362 0 0 0
nt@synapse_cleft 3592 0.0322242761 0.026131322 0.0185882274 0 0 0
nt@synapse_cleft 3595 -0.0176689525 -0.00534757218 0.00469352272 0 0 0
nt@synapse_cleft 3597 0.0128476065 -0.0271189932 0.0112210614 0 0 0
nt@synapse_cleft 3599 0.0177862485 -0.0394357516 0.0124734139 0 0 0
nt@synapse_cleft 3602 -0.0372119916 -0.0106034491 0.00469003355 0 0 0
nt@synapse_cleft 3603 -0.00577083285 0.0236131608 0.0109173853 0 0 0
nt@synapse_cleft 3606 -0.00973830758 -0.00793725406 0.00969436278 0 0 0
nt@synapse_cleft 3610 -0.00965498429 0.000263146452 0.00109683107 0 0 0
nt@synapse_cleft 3611 0.0177132744 -0.000640288111 0.000997839269 0 0 0
nt@synapse_cleft 3616 -0.0312125826 0.0368724868 0.00983052663 0 0 0
nt@synapse_cleft 3617 -2.53715065e-05 -0.0538938506 0.0128834426 0 0 0
nt@synapse_cleft 3620 0.00603343146 0.0275431485 0.0103818134 0 0 0
nt@synapse_cleft 3625 0.0184756776 0.00653539783 0.0187982653 0 0 0
nt@synapse_cleft 3630 0.0124422896 0.0215587765 0.00449258124 0 0 0
nt@synapse_cleft 3635 -0.00896106202 -0.000502206081 0.00149411956 0 0 0
nt@synapse_cleft 3636 -0.0213486863 -0.0164342106 0.0115956212 0 0 0
nt@synapse_cleft 3637 0.0483335927 0.0185586433 0.00616647985 0 0 0
nt@synapse_cleft 3640 -0.0154069142 0.00580011452 0.0141456822 0 0 0
nt@synapse_cleft 3642 -0.0213378447 0.00410355983 0.0168614211 0 0 0
nt@synapse_cleft 3645 -0.0107960756 -0.0161900419 0.00445913681 0 0 0
nt@synapse_cleft 3654 0.00536271204 0.0484329779 0.00807344738 0 0 0
nt@synapse_cleft 3656 0.00624042519 -0.0116529889 0.0132314566 0 0 0
nt@synapse_cleft 3658 0.0195373333 -0.0267060102 0.0134722354 0 0 0
nt@synapse_cleft 3661 0.0232042619 -0.00219586211 0.0166374619 0 0 0
nt@synapse_cleft 3664 0.0395259317 -0.0209586243 0.011064975 0 0 0
nt@synapse_cleft 3667 -0.0116366633 0.0094751071 0.00557853933 0 0 0
nt@synapse_cleft 3670 0.0232864264 -0.041206786 0.0195104509 0 0 0
nt@synapse_cleft 3676 -0.0371183238 0.0016977102 0.00625717877 0 0 0
nt@synapse_cleft 3681 0.0302430471 -0.00625351305 5.40030395e-05 0 0 0
nt@synapse_cleft 3687 -0.00141272135 0.00414224622 0.013987851 0 0 0
nt@synapse_cleft 3689 -0.0103858543 -0.00257702008 0.011626769 0 0 0
nt@synapse_cleft 3690 0.0194973096 -0.0172036947 0.0186246634 0 0 0
nt@synapse_cleft 3693 -0.0554250412 -0.0318322697 0.000709387865 0 0 0
nt@synapse_cleft 3706 0.0307095147 0.00212354489 0.0160271 0 0 0
nt@synapse_cleft 3707 -0.0390803938 0.00050811991 0.00904923962 0 0 0
nt@synapse_cleft 3713 0.0351029902 -0.0234835306 0.0167930809 0 0 0
nt@synapse_cleft 3714 -0.0579435128 -0.00486585383 0.0137239427 0 0 0
nt@synapse_cleft 3726 0.0111948266 -0.0611414951 0.0139050662 0 0 0
nt@synapse_cleft 3728 0.00823054288 0.0176846483 0.00905270128 0 0 0
nt@synapse_cleft 3730 0.0187116422 0.0288036928 0.0142164797 0 0 0
nt@synapse_cleft 3731 -0.00992194107 0.0107986157 0.0188433194 0 0 0
nt@synapse_cleft 3732 0.00199283259 -0.0116888627 0.018370909 0 0 0
nt@synapse_cleft 3734 0.010050506 0.00605762512 0.0146255205 0 0 0
nt@synapse_cleft 3737 0.000290198858 0.00303544362 0.0189721529 0 0 0
nt@synapse_cleft 3738 -0.00145696912 0.025282786 0.0180470674 0 0 0
nt@synapse_cleft 3739 0.00653036525 0.0491224201 0.00945664255 0 0 0
nt@synapse_cleft 3745 9.51379243e-05 0.0199420319 0.00115510399 0 0 0
nt@synapse_cleft 3751 0.0119963868 0.00103438362 0.00857436443 0 0 0
nt@synapse_cleft 3758 -0.0253074248 -0.0236820392 0.00465208845 0 0 0
nt@synapse_cleft 3759 0.00242277673 -0.00957604988 0.00227845871 0 0 0
nt@synapse_cleft 3760 -0.0159445996 0.0533330806 0.00801779896 0 0 0
nt@synapse_cleft 3763 0.0508560632 0.0321886221 0.01516402 0 0 0
nt@synapse_cleft 3768 0.00754109543 -0.0209023551 0.00148508665 0 0 0
nt@synapse_cleft 3770 0.00865494596 0.00697473081 0.0108205419 0 0 0
nt@synapse_cleft 3771 0.0189713328 0.00871611144 0.0115666891 0 0 0
nt@synapse_cleft 3775 0.00385293851 0.00359145294 0.00820524592 0 0 0
nt@synapse_cleft 3783 -0.03039492 0.00120223885 0.0193606322 0 0 0
nt@synapse_cleft 3788 -0.0228435957 -0.01465659 0.00898101864 0 0 0
nt@synapse_cleft 3793 -0.0167632795 -0.0150003732 0.0040775211 0 0 0
nt@synapse_cleft 3800 0.0370307795 -0.00557339066 0.0156247018 0 0 0
nt@synapse_cleft 3802 0.0251524401 0.00378431921 0.00610254254 0 0 0
nt@synapse_cleft 3811 -0.0336804406 -0.0135325924 0.00917409312 0 0 0
nt@synapse_cleft 3820 -0.0385320593 0.00031800881 0.00336589005 0 0 0
nt@synapse_cleft 3821 0.0288792957 0.0325593264 0.00856104503 0 0 0
nt@synapse_cleft 3827 0.00194367417 0.0187107432 0.0088420843 0 0 0
nt@synapse_cleft 3831 -0.00826431738 -0.0446329887 0.00204592568 0 0 0
nt@synapse_cleft 3834 0.0457064847 -0.0107977329 0.0103030431 0 0 0
nt@synapse_cleft 3835 0.0196361221 -0.0303161927 0.00627720565 0 0 0
nt@synapse_cleft 3841 0.0151563984 -0.0186993216 0.017662435 0 0 0
nt@synapse_cleft 3844 -0.0121114012 -0.00685386136 0.018603626 0 0 0
nt@synapse_cleft 3846 -0.00987526507 0.00779767671 0.0153945464 0 0 0
nt@synapse_cleft 3848 0.0233844908 0.0207343792 0.0186502127 0 0 0
nt@synapse_cleft 3850 -0.0152605544 -0.00845657343 0.0128107923 0 0 0
nt@synapse_cleft 3859 0.0375935703 0.0136269914 0.0128131269 0 0 0
nt@synapse_cleft 3869 0.0183288052 -0.0282673376 0.0172644542 0 0 0
nt@synapse_cleft 3879 0.0114606443 -0.0353569114 0.0120229701 0 0 0
nt@synapse_cleft 3886 0.0122505519 0.0404419061 0.0165026242 0 0 0
nt@synapse_cleft 3891 0.00126343945 -0.0181709878 0.0139432915 0 0 0
nt@synapse_cleft 3902 -0.0108619649 0.00204476565 0.00834698059 0 0 0
nt@synapse_cleft 3907 -0.0218744609 -0.0225278824 0.00746419157 0 0 0
nt@synapse_cleft 3908 -0.0169337679 0.0341703848 0.00202693144 0 0 0
nt@synapse_cleft 3909 0.0117260562 0.0377252373 0.00125853778 0 0 0
nt@synapse_cleft 3917 -0.00488510356 -0.0132764608 0.00332759035 0 0 0
nt@synapse_cleft 3918 -0.00217225033 -0.0093945441 0.00681046801 0 0 0
nt@synapse_cleft 3921 0.0192550746 0.0313496075 0.0148524726 0 0 0
nt@synapse_cleft 3927 0.00709755139 0.0294956218 0.0193516565 0 0 0
nt@synapse_cleft 3932 0.00791150147 -0.0135481309 0.0129372273 0 0 0
nt@synapse_cleft 3936 -0.0329184401 0.0163395165 0.0187628499 0 0 0
nt@synapse_cleft 3940 0.000873144954 -0.0189351924 0.00237309186 0 0 0
nt@synapse_cleft 3941 -0.0178317116 0.00783519128 0.00158663559 0 0 0
nt@synapse_cleft 3949 -0.014198247 0.00477827485 0.00925222345 0 0 0
nt@synapse_cleft 3952 -0.0161886304 0.000289460811 0.0138171079 0 0 0
nt@synapse_cleft 3953 0.0117726472 -0.013837861 0.00140326364 0 0 0
nt@synapse_cleft 3956 -0.00942978871 -0.0217443537 0.0149526842 0 0 0
nt@synapse_cleft 3957 0.022819976 -0.0014230078 0.0154531387 0 0 0
nt@synapse_cleft 3958 0.0165143637 0.0242103475 0.0108504339 0 0 0
nt@synapse_cleft 3962 -0.0342988036 0.0198325329 0.00513636516 0 0 0
nt@synapse_cleft 3963 0.0190358394 0.0354201354 0.00459804769 0 0 0
nt@synapse_cleft 3965 -0.0299413426 -0.00290949127 0.00676194692 0 0 0
nt@synapse_cleft 3967 0.0240147589 -0.0124713893 0.00211272824 0 0 0
nt@synapse_cleft 3968 0.0205841232 -0.003162441 0.0182606025 0 0 0
nt@synapse_cleft 3969 0.00427364279 -0.0322925601 0.00908297425 0 0 0
nt@synapse_cleft 3973 0.0168282198 -0.00315563874 0.0164195091 0 0 0
nt@synapse_cleft 3974 -0.0337276461 0.0249505466 0.015823631 0 0 0
nt@synapse_cleft 3977 0.00419033704 0.0327526193 0.00080239763 0 0 0
nt@synapse_cleft 3978 0.0233295542 0.00358005736 0.0197096667 0 0 0
nt@synapse_cleft 3983 -0.0154486181 -0.0301301663 0.0079662015 0 0 0
nt@synapse_cleft 3988 -0.0110999474 -0.0288195818 0.0079946516 0 0 0
nt@synapse_cleft 3989 0.0493351881 0.00312921807 0.00382027319 0 0 0
nt@synapse_cleft 3991 0.0712404817 -0.0136201532 0.0103330812 0 0 0
nt@synapse_cleft 3992 0.00204387429 0.0141948534 0.018608579 0 0 0
nt@synapse_cleft 3993 -0.0334543061 -0.00190081836 0.00325778889 0 0 0
nt@synapse_cleft 3995 -0.0436265578 0.015679356 0.00152904334 0 0 0
nt@synapse_cleft 3997 -0.047287596 -0.00190459794 0.0171239325 0 0 0
nt@synapse_cleft 3999 -0.0306632773 -0.00974642732 0.0130336238 0 0 0
nt@synapse_cleft 4009 0.0128592913 -0.00694557721 0.00488199251 0 0 0
nt@synapse_cleft 4011 0.00753653134 -0.00148860947 0.00108260991 0 0 0
nt@synapse_cleft 4016 0.00395640038 0.0565480559 0.00725074666 0 0 0
nt@synapse_cleft 4018 0.00956994223 0.00908534557 0.00363968055 0 0 0
nt@synapse_cleft 4022 -0.0247217297 -0.00974325281 0.0041131449 0 0 0
nt@synapse_cleft 4024 -0.0052615906 0.0352983977 0.00361999609 0 0 0
nt@synapse_cleft 4025 -0.0284265097 0.000406949158 0.0157180772 0 0 0
nt@synapse_cleft 4027 0.0122605427 -0.0155946654 0.00623739996 0 0 0
nt@synapse_cleft 4028 -0.0184605932 0.0256315719 0.000297959384 0 0 0
nt@synapse_cleft 4033 -0.0106734487 -0.0185692337 0.00675468327 0 0 0
nt@synapse_cleft 4037 -0.00824382444 0.0272347867 0.010549042 0 0 0
nt@synapse_cleft 4040 -0.00124965949 0.00980352449 0.018580099 0 0 0
nt@synapse_cleft 4047 -0.0129475826 0.0186295011 0.0181242804 0 0 0
nt@synapse_cleft 4048 0.0222193204 0.0222499546 0.0155429619 0 0 0
nt@synapse_cleft 4049 0.0307421312 -3.92045396e-05 0.0127107539 0 0 0
nt@synapse_cleft 4051 0.0142709705 0.00765244019 0.00529197019 0 0 0
nt@synapse_cleft 4064 0.0145272483 0.00347582752 0.0126419891 0 0 0
nt@synapse_cleft 4070 -0.0116731714 0.019956679 0.0163589262 0 0 0
nt@synapse_cleft 4071 -0.0353992885 -0.0334260067 0.00820724862 0 0 0
nt@synapse_cleft 4087 0.00543401102 0.0362732578 0.00734338447 0 0 0
nt@synapse_cleft 4094 0.0329653556 -0.0389705988 0.0115135358 0 0 0
nt@synapse_cleft 4095 0.0195127333 0.0188850219 0.0154850959 0 0 0
nt@synapse_cleft 4097 -0.000845504993 -0.0244971629 0.00377533558 0 0 0
nt@synapse_cleft 4099 -0.00838650893 0.0298835884 0.0103781995 0 0 0
nt@synapse_cleft 4102 0.0281286891 -0.0203437555 0.0194611605 0 0 0
nt@synapse_cleft 4103 -0.00915084587 -2.67853548e-05 0.00252574783 0 0 0
nt@synapse_cleft 4106 0.0175198895 0.0112533475 0.00827596815 0 0 0
nt@synapse_cleft 4110 -0.0236530428 0.0142666612 0.0053214406 0 0 0
nt@synapse_cleft 4111 0.037562811 0.0136419855 0.00211503353 0 0 0
nt@synapse_cleft 4115 -0.003677492 0.0126766069 0.00976904201 0 0 0
nt@synapse_cleft 4116 0.00571649364 -0.00245717652 0.00892610847 0 0 0
nt@synapse_cleft 4119 0.0244398346 -0.0439672363 0.0185459811 0 0 0
nt@synapse_cleft 4123 0.0257363076 0.0217166616 0.00427410236 0 0 0
nt@synapse_cleft 4126 0.0310875841 -0.0275261132 0.0130451163 0 0 0
nt@synapse_cleft 4129 -0.0235255154 0.0083903198 0.000819790725 0 0 0
nt@synapse_cleft 4131 -0.0314113076 0.0164003669 0.0108577221 0 0 0
nt@synapse_cleft 4132 0.0254653641 0.017311754 0.00672210921 0 0 0
nt@synapse_cleft 4135 0.00230020924 -0.0137084183 0.00767884172 0 0 0
nt@synapse_cleft 4143 -0.0313384256 -0.0154333768 0.0193694163 0 0 0
nt@synapse_cleft 4144 0.00248570483 0.00265219764 0.00393375403 0 0 0
nt@synapse_cleft 4150 -0.036105643 -0.0559400844 0.00864275206 0 0 0
nt@synapse_cleft 4153 -0.0069637773 -0.0170180017 0.00275798407 0 0 0
nt@synapse_cleft 4155 0.0172591917 -0.0388604667 0.00760098313 0 0 0
nt@synapse_cleft 4156 0.0240117744 -0.0060261413 0.00159681732 0 0 0
nt@synapse_cleft 4157 0.00497036643 0.0106665638 0.0105801692 0 0 0
nt@synapse_cleft 4158 0.000370654433 0.00243569828 0.0037554766 0 0 0
nt@synapse_cleft 4162 0.0275910404 -0.0263104725 0.00989990997 0 0 0
nt@synapse_cleft 4163 -0.00339820398 0.0337549727 0.0127434416 0 0 0
nt@synapse_cleft 4170 -0.0545319326 0.00199450725 0.0164803259 0 0 0
nt@synapse_cleft 4172 -0.030909692 -0.00129512161 0.0190181966 0 0 0
nt@synapse_cleft 4177 -0.0346592417 0.0553144532 0.0068095165 0 0 0
nt@synapse_cleft 4178 -0.0167406239 -0.0501614959 0.0133354512 0 0 0
nt@synapse_cleft 4184 0.00369853697 -0.0160989028 0.00435629847 0 0 0
nt@synapse_cleft 4186 -0.00889152315 -0.00452514312 0.0130196723 0 0 0
nt@synapse_cleft 4187 -0.0224502733 -0.0119907649 0.0187850762 0 0 0
nt@synapse_cleft 4193 -0.00813615032 -0.0273535302 0.0143390719 0 0 0
nt@synapse_cleft 4196 -0.0285030066 0.0141629137 0.00690731503 0 0 0
nt@synapse_cleft 4210 0.0155953578 -0.00292223708 0.00829423587 0 0 0
nt@synapse_cleft 4214 -0.045309732 0.00378818074 0.00984699343 0 0 0
nt@synapse_cleft 4215 0.0167285942 -0.0451672344 0.0134848651 0 0 0
nt@synapse_cleft 4220 -0.00964161821 -0.0196877809 0.0113776587 0 0 0
nt@synapse_cleft 4228 0.0204475525 -0.0109079584 0.0133354528 0 0 0
nt@synapse_cleft 4229 -0.0249172813 -0.0180659421 0.0187437142 0 0 0
nt@synapse_cleft 4230 -0.00456225035 0.024290973 0.00675410709 0 0 0
nt@synapse_cleft 4233 0.00777474054 0.0128878229 0.00363953147 0 0 0
nt@synapse_cleft 4234 -0.00508761352 -0.0128085848 0.00263735707 0 0 0
nt@synapse_cleft 4236 -0.00518336419 0.00163295257 0.0178442188 0 0 0
nt@synapse_cleft 4237 0.00891749887 -0.0327232937 0.0118681438 0 0 0
nt@synapse_cleft 4238 -0.022606673 -0.0362796118 0.0139208142 0 0 0
nt@synapse_cleft 4241 -0.0412473947 0.000470243317 0.00251147734 0 0 0
nt@synapse_cleft 4242 0.00669436825 -0.00400435624 0.0192326154 0 0 0
nt@synapse_cleft 4243 0.0217841906 -0.00504022121 0.019719882 0 0 0
nt@synapse_cleft 4252 0.0463284145 -0.0169729 0.0198328914 0 0 0
nt@synapse_cleft 4254 0.00722710643 0.0191063531 0.00744585411 0 0 0
nt@synapse_cleft 4255 -0.0221460189 -0.042110657 0.013925391 0 0 0
nt@synapse_cleft 4262 0.0355819535 -0.0111958386 0.00411135994 0 0 0
nt@synapse_cleft 4271 0.00314458641 -0.0231928249 0.0159957508 0 0 0
nt@synapse_cleft 4272 -0.00421935266 0.0231659114 0.0161998957 0 0 0
nt@synapse_cleft 4279 0.00678191378 -0.0223006838 0.0137474535 0 0 0
nt@synapse_cleft 4283 -0.0257445864 -0.00220165787 0.0192169634 0 0 0
nt@synapse_cleft 4284 0.0359621071 -0.0104051795 0.00221504829 0 0 0
nt@synapse_cleft 4285 -0.0262531305 0.0446561156 0.00188436679 0 0 0
nt@synapse_cleft 4287 0.0496548486 0.00343649965 0.018354799 0 0 0
nt@synapse_cleft 4288 0.0145718781 -0.0246227577 0.0181117174 0 0 0
nt@synapse_cleft 4293 -0.00176448911 -0.0182652967 0.00355396494 0 0 0
nt@synapse_cleft 4297 0.0338763472 -0.0262993467 0.000856168639 0 0 0
nt@synapse_cleft 4301 0.0114057408 -0.00345202739 0.00864837573 0 0 0
nt@synapse_cleft 4308 0.00852688543 -0.00015863341 0.0160741166 0 0 0
nt@synapse_cleft 4312 -0.0203505553 -0.0247113603 0.0173530694 0 0 0
nt@synapse_cleft 4317 -0.00354277277 0.0213439096 0.011072813 0 0 0
nt@synapse_cleft 4318 -0.0191709904 -0.0181250343 0.00832737185 0 0 0
nt@synapse_cleft 4322 0.0152423925 0.0215383115 0.0070820803 0 0 0
nt@synapse_cleft 4326 0.0214352236 -0.0108056372 0.00844069477 0 0 0
nt@synapse_cleft 4330 -0.0103052487 0.00536585782 0.000249524958 0 0 0
nt@synapse_cleft 4334 -0.00350972763 -0.00412230667 0.0112396736 0 0 0
nt@synapse_cleft 4339 -0.01772835 -0.00442867635 0.00287289738 0 0 0
nt@synapse_cleft 4343 -0.0123187321 -0.034123016 0.0172184316 0 0 0
nt@synapse_cleft 4346 -0.00232386157 -0.0144107144 0.0159583885 0 0 0
nt@synapse_cleft 4351 0.0452547059 0.00863192481 0.00214018516 0 0 0
nt@synapse_cleft 4359 0.0155744831 0.00404055759 0.0129005383 0 0 0
nt@synapse_cleft 4360 0.015835734 0.0121015049 0.0185768874 0 0 0
nt@synapse_cleft 4363 -0.0412148878 -0.00296746747 0.0071071484 0 0 0
nt@synapse_cleft 4365 0.0192773629 0.00411829677 0.0156646698 0 0 0
nt@synapse_cleft 4372 -0.00313452181 -0.00798810378 0.0151134815 0 0 0
nt@synapse_cleft 4374 -0.0224535821 -0.00909157763 0.0181463497 0 0 0
nt@synapse_cleft 4376 -0.036641461 -0.00296762016 0.00316364784 0 0 0
nt@synapse_cleft 4379 0.0422726692 -0.0285573394 0.0118466595 0 0 0
nt@synapse_cleft 4381 -0.00497521331 -0.0287546276 4.89808371e-05 0 0 0
nt@synapse_cleft 4386 -0.00466102196 -0.0335273107 0.0122034173 0 0 0
nt@synapse_cleft 4391 0.00908892536 -0.0291478153 0.00975751369 0 0 0
nt@synapse_cleft 4392 -0.00329889788 -0.00119935629 0.00818436516 0 0 0
nt@synapse_cleft 4394 0.0163208712 -0.0155092666 0.0104473385 0 0 0
nt@synapse_cleft 4395 0.0148328816 -0.0245295219 0.0010983354 0 0 0
nt@synapse_cleft 4396 0.00609934599 -0.0341273369 0.0153876504 0 0 0
nt@synapse_cleft 4398 -0.0228085936 0.00752077834 0.0157335569 0 0 0
nt@synapse_cleft 4399 0.0318343839 0.0256455217 0.0134084081 0 0 0
nt@synapse_cleft 4403 -0.00729053313 -0.0266817737 0.0102202857 0 0 0
nt@synapse_cleft 4405 -0.0195318168 -0.0116663206 0.00382465832 0 0 0
nt@synapse_cleft 4407 0.0346212943 -0.0381188406 0.00425831004 0 0 0
nt@synapse_cleft 4414 0.0116335323 -0.0145860555 0.00278329122 0 0 0
nt@synapse_cleft 4416 -0.0177567057 0.0117049271 0.00746029976 0 0 0
nt@synapse_cleft 4423 0.0285690977 -0.00842267242 0.00216991881 0 0 0
nt@synapse_cleft 4424 -0.0286635408 -0.00159913096 0.0167347761 0 0 0
nt@synapse_cleft 4426 0.0131379971 -0.010814083 0.00470336634 0 0 0
nt@synapse_cleft 4430 -0.00745206787 -0.00843178991 0.00961652085 0 0 0
nt@synapse_cleft 4431 0.00773766821 -0.0112437276 0.0069718523 0 0 0
nt@synapse_cleft 4434 0.0217211851 -0.0242696082 0.0193801228 0 0 0
nt@synapse_cleft 4436 0.0213278651 0.00984800226 0.00423889839 0 0 0
nt@synapse_cleft 4446 0.00583534142 0.0444515545 0.00916786 0 0 0
nt@synapse_cleft 4449 0.0273047596 0.0482253067 0.00816783695 0 0 0
nt@synapse_cleft 4453 -0.0336243532 0.0122257886 0.00198977091 0 0 0
nt@synapse_cleft 4464 0.00827821254 -0.033043159 0.018137599 0 0 0
nt@synapse_cleft 4470 -0.0103294432 -0.0268724891 0.0114600751 0 0 0
nt@synapse_cleft 4473 -0.00446077231 -0.0207388437 0.00308786437 0 0 0
nt@synapse_cleft 4478 -0.00688605749 0.0285672571 0.0134102812 0 0 0
nt@synapse_cleft 4480 0.00289373867 0.0211494139 0.0192163144 0 0 0
nt@synapse_cleft 4482 -0.016091612 0.00389752505 0.0128219517 0 0 0
nt@synapse_cleft 4485 0.0210229996 -0.00975837445 0.000223437719 0 0 0
nt@synapse_cleft 4488 0.0289724901 -0.000171840265 0.0182350794 0 0 0
nt@synapse_cleft 4489 0.0205771304 0.00390835439 0.000297784655 0 0 0
nt@synapse_cleft 4491 -0.0151224074 0.0326922682 0.00301241596 0 0 0
nt@synapse_cleft 4496 -0.0507202459 0.0361050974 0.013563884 0 0 0
nt@synapse_cleft 4499 -0.0101882801 -0.00293941156 0.000169823496 0 0 0
nt@synapse_cleft 4501 0.00810139569 0.00686538123 0.0153622352 0 0 0
nt@synapse_cleft 4514 0.00578569756 0.0101881228 0.00545593859 0 0 0
nt@synapse_cleft 4517 -0.0413177717 0.0422080046 0.000186111314 0 0 0
nt@synapse_cleft 4524 0.00734780417 -0.0302511223 0.0148967187 0 0 0
nt@synapse_cleft 4527 0.0266978178 -0.0228456051 0.0108804525 0 0 0
nt@synapse_cleft 4533 0.0108603903 -0.00642605111 0.00529358351 0 0 0
nt@synapse_cleft 4538 -0.0311233635 -0.0338906342 6.22596463e-05 0 0 0
nt@synapse_cleft 4540 0.0338237403 0.000138631111 0.0017893571 0 0 0
nt@synapse_cleft 4542 0.00586576949 0.0284088651 6.94494144e-05 0 0 0
nt@synapse_cleft 4545 -0.0113052501 0.0121428121 0.0111670397 0 0 0
nt@synapse_cleft 4551 -0.00920474952 0.0163435367 0.0156259126 0 0 0
nt@synapse_cleft 4553 -0.0292830599 0.00272235242 0.00591319878 0 0 0
nt@synapse_cleft 4559 -0.00832628167 0.0280977708 0.0118750995 0 0 0
nt@synapse_cleft 4565 -0.0405971682 -0.0240081219 0.0149579584 0 0 0
nt@synapse_cleft 4572 0.00018504821 0.00915671322 0.00568410745 0 0 0
nt@synapse_cleft 4574 0.0345797408 -0.017479248 0.00477244365 0 0 0
nt@synapse_cleft 4576 -0.0385026101 -0.0201275692 0.0156810803 0 0 0
nt@synapse_cleft 4583 -0.00951863485 -0.00559304248 0.00369279877 0 0 0
nt@synapse_cleft 4587 0.0236314487 0.00310353414 0.0130878303 0 0 0
nt@synapse_cleft 4590 -0.0519280105 -0.0255567818 0.0152074821 0 0 0
nt@synapse_cleft 4593 -0.0278320496 0.0408364075 0.0121750406 0 0 0
nt@synapse_cleft 4594 0.0157623404 0.00571455535 0.000313096825 0 0 0
nt@synapse_cleft 4595 0.0288086412 -0.0277014948 0.019473944 0 0 0
nt@synapse_cleft 4598 0.0279825089 -0.00166286405 0.00369136228 0 0 0
nt@synapse_cleft 4600 -0.0259149199 0.00456678416 0.00660044119 0 0 0
nt@synapse_cleft 4607 -0.0056624528 0.0415601199 0.0145297789 0 0 0
nt@synapse_cleft 4613 0.046699965 -0.00774909449 0.0115057052 0 0 0
nt@synapse_cleft 4620 0.000101386768 0.00167051396 0.0155703937 0 0 0
nt@synapse_cleft 4622 0.0538869792 0.0432861107 0.0122236576 0 0 0
nt@synapse_cleft 4624 0.0173742448 -0.0162732028 0.0148790423 0 0 0
nt@synapse_cleft 4626 0.0212654264 0.00385223632 0.0141328532 0 0 0
nt@synapse_cleft 4628 -0.0136576416 -0.00200340375 0.0065614502 0 0 0
nt@synapse_cleft 4641 0.0177237091 -0.0160989564 0.00102094202 0 0 0
nt@synapse_cleft 4654 0.0114415609 -0.0320946107 0.0177464449 0 0 0
nt@synapse_cleft 4658 -0.0260247821 0.0273819784 0.0192225905 0 0 0
nt@synapse_cleft 4659 -0.0554624105 0.0224152061 0.00710162932 0 0 0
nt@synapse_cleft 4660 0.0305314317 -0.0255210695 0.019227629 0 0 0
nt@synapse_cleft 4661 0.0198428163 -0.0273716468 0.00411465091 0 0 0
nt@synapse_cleft 4664 0.00856776652 -0.00520750286 0.00896877392 0 0 0
nt@synapse_cleft 4666 0.0504715155 0.0207996357 0.019492632 0 0 0
nt@synapse_cleft 4667 -0.0343906089 0.0377832482 0.0119017956 0 0 0
nt@synapse_cleft 4671 -0.00765845397 -0.0263433002 0.00424409127 0 0 0
nt@synapse_cleft 4681 0.0189624495 -0.0214505113 0.0197743524 0 0 0
nt@synapse_cleft 4687 -0.00410691721 -0.00725261938 0.0142100705 0 0 0
nt@synapse_cleft 4699 -0.0293040409 0.0128596219 0.00414720768 0 0 0
nt@synapse_cleft 4700 -0.0290257626 0.0608889375 0.0159908496 0 0 0
nt@synapse_cleft 4701 0.015943618 0.0154728655 0.00506676581 0 0 0
nt@synapse_cleft 4706 0.0117981724 -0.0204078156 0.00687945594 0 0 0
nt@synapse_cleft 4709 -0.00674487342 0.0152319328 0.00489915116 0 0 0
nt@synapse_cleft 4710 -0.00871719789 -0.0454970035 0.000891625619 0 0 0
nt@synapse_cleft 4718 0.03613371 0.008862591 0.00240326798 0 0 0
nt@synapse_cleft 4732 -0.0243822854 0.0020171119 0.000534837659 0 0 0
nt@synapse_cleft 4736 0.00147307446 -0.00479472921 0.00714725424 0 0 0
nt@synapse_cleft 4746 -0.0509324178 0.000166186214 0.0012720567 0 0 0
nt@synapse_cleft 4750 0.00873529689 -0.0646167681 0.00766042647 0 0 0
nt@synapse_cleft 4752 0.00204019805 -0.0040851149 0.0145289592 0 0 0
nt@synapse_cleft 4753 -0.0175576339 0.00695683422 0.00772577327 0 0 0
nt@synapse_cleft 4754 -0.00310830768 0.0120500795 0.0113222324 0 0 0
nt@synapse_cleft 4756 -0.0167831117 0.0198023027 0.0106320255 0 0 0
nt@synapse_cleft 4758 -0.0450840077 0.019029521 0.0150412426 0 0 0
nt@synapse_cleft 4764 0.0152904559 -0.0148954375 0.0182331968 0 0 0
nt@synapse_cleft 4767 0.0200351426 0.0202841666 0.00475414465 0 0 0
nt@synapse_cleft 4779 0.0296529732 -0.0337324895 0.00126895851 0 0 0
nt@synapse_cleft 4784 0.0162452187 0.00802757553 0.0119189339 0 0 0
nt@synapse_cleft 4786 -0.00439842737 0.00315866433 0.0128392898 0 0 0
nt@synapse_cleft 4791 0.0260253794 -0.010240297 0.0104811191 0 0 0
nt@synapse_cleft 4793 -0.0367590759 0.0137696862 0.0179368161 0 0 0
nt@synapse_cleft 4797 0.00240812071 -0.0455141606 0.00743563854 0 0 0
nt@synapse_cleft 4800 0.015838562 -0.00402095231 0.0020605136 0 0 0
nt@synapse_cleft 4801 -0.0277977611 0.00403895966 0.0045860567 0 0 0
nt@synapse_cleft 4807 0.0111882422 -0.0128950832 0.00869948688 0 0 0
nt@synapse_cleft 4809 -0.0264792254 -0.0359535218 0.0183251139 0 0 0
nt@synapse_cleft 4812 0.00520220522 -0.055047299 0.00297598236 0 0 0
nt@synapse_cleft 4813 -0.0352069821 -0.0756974209 0.00943266141 0 0 0
nt@synapse_cleft 4814 -0.0245475142 0.0231889847 0.00313296685 0 0 0
nt@synapse_cleft 4816 -0.0328791659 -0.0217850261 0.0104004975 0 0 0
nt@synapse_cleft 4822 0.00263350391 -0.0199977312 0.00350957011 0 0 0
nt@synapse_cleft 4823 -0.00168072175 0.0134128794 0.0125269206 0 0 0
nt@synapse_cleft 4824 0.00360162784 -0.0140188674 0.00683349731 0 0 0
nt@synapse_cleft 4825 -0.0151448055 0.0307992451 0.00218280197 0 0 0
nt@synapse_cleft 4829 0.029597976 -0.0631754525 0.0169326473 0 0 0
nt@synapse_cleft 4830 -0.0146216971 0.0164612165 0.00601281931 0 0 0
nt@synapse_cleft 4833 -0.0163223922 -0.0292326506 0.0150287438 0 0 0
nt@synapse_cleft 4838 -0.00832169361 0.0241451115 0.0100751832 0 0 0
nt@synapse_cleft 4839 0.0042717695 0.0018266001 0.0154344522 0 0 0
nt@synapse_cleft 4844 0.048159526 -0.0164958067 0.011597149 0 0 0
nt@synapse_cleft 4852 -0.0132132601 -0.00826593991 0.0139282422 0 0 0
nt@synapse_cleft 4854 0.044663099 -0.0107726601 0.00392995719 0 0 0
nt@synapse_cleft 4855 0.0380262039 0.00958269197 0.0124067803 0 0 0
nt@synapse_cleft 4869 -0.0200728504 0.0161772838 0.018234265 0 0 0
nt@synapse_cleft 4871 0.021014897 0.0147746759 0.00721338857 0 0 0
nt@synapse_cleft 4872 -0.0341950385 0.016985482 0.0191210627 0 0 0
nt@synapse_cleft 4880 -0.00950303868 -0.0187303791 0.0135607788 0 0 0
nt@synapse_cleft 4882 -0.0185126528 -0.0312803602 0.00030335245 0 0 0
nt@synapse_cleft 4883 -0.0189903625 0.0121962555 0.0152426145 0 0 0
nt@synapse_cleft 4886 0.0188496966 -0.00435528019 0.0134712665 0 0 0
nt@synapse_cleft 4890 0.00143142118 0.00191632966 0.00632146016 0 0 0
nt@synapse_cleft 4891 -0.00872207502 -0.017325304 0.00802038534 0 0 0
nt@synapse_cleft 4892 -0.0265584705 0.0244561591 0.0057383197 0 0 0
nt@synapse_cleft 4896 -0.0199575255 -0.0295474371 0.0193128363 0 0 0
nt@synapse_cleft 4897 0.0320929602 -0.0121672382 9.96743281e-05 0 0 0
nt@synapse_cleft 4901 0.0045445059 0.0195967491 0.00857365702 0 0 0
nt@synapse_cleft 4905 -0.0121514465 -0.0069855471 0.00431940125 0 0 0
nt@synapse_cleft 4906 0.00217957339 -0.0313110134 0.00957975041 0 0 0
nt@synapse_cleft 4918 -0.00819163884 0.01546255 0.00190336514 0 0 0
nt@synapse_cleft 4919 0.0139532628 -0.00131641079 0.00573655451 0 0 0
nt@synapse_cleft 4925 0.0225983058 -0.00194496868 0.0199160402 0 0 0
nt@synapse_cleft 4928 0.00401502226 0.0514197622 0.0102635949 0 0 0
nt@synapse_cleft 4931 0.0101041836 -0.00600299539 0.00702326883 0 0 0
nt@synapse_cleft 4937 -0.0622309718 -0.0095726426 0.00929199522 0 0 0
nt@synapse_cleft 4939 -0.0154731688 -0.00665000616 0.0101061479 0 0 0
nt@synapse_cleft 4946 -0.0113388741 0.00347983921 0.00344976449 0 0 0
nt@synapse_cleft 4956 0.0106397991 -0.00390888603 0.00559978787 0 0 0
nt@synapse_cleft 4967 -0.00141109434 0.00253526142 0.0013492638 0 0 0
nt@synapse_cleft 4972 0.0301157027 -0.0172615976 0.0142436374 0 0 0
nt@synapse_cleft 4973 -0.00105189612 0.042212844 0.0199650374 0 0 0
nt@synapse_cleft 4979 -0.00634430279 -0.00469547499 0.00373265937 0 0 0
nt@synapse_cleft 4980 0.00541963928 0.00592832101 0.0193797084 0 0 0
nt@synapse_cleft 4981 -0.0148976862 -0.0256271633 0.0109863076 0 0 0
nt@synapse_cleft 4982 0.0048031531 -0.0141427375 0.00366072362 0 0 0
nt@synapse_cleft 4983 -0.0279927351 0.0306229179 0.00629629898 0 0 0
nt@synapse_cleft 4988 0.00471175821 -0.00869894587 0.0151373262 0 0 0
nt@synapse_cleft 4989 -0.0142028624 -0.0109047322 0.0107623383 0 0 0
nt@synapse_cleft 4991 -0.00411657824 -0.0161691731 0.014203653 0 0 0
nt@synapse_cleft 4994 -0.031555526 0.0188577782 0.010611632 0 0 0
nt@synapse_cleft 5004 -0.0228684984 0.0272945885 0.00047376123 0 0 0
nt@synapse_cleft 5006 0.0138447742 -0.00502052435 0.00637772114 0 0 0
nt@synapse_cleft 5009 -0.0235008655 0.0105630135 0.0111295379 0 0 0
nt@synapse_cleft 5011 -0.00517947458 -0.0115583823 0.000115814777 0 0 0
nt@synapse_cleft 5015 -0.030013247 -0.0219406231 0.00543788614 0 0 0
nt@synapse_cleft 5024 -0.00555405463 -0.0121993812 0.0123094497 0 0 0
nt@synapse_cleft 5030 0.00752249201 0.0297099865 0.00828849609 0 0 0
nt@synapse_cleft 5044 -0.0390690454 0.0057172629 0.0174766868 0 0 0
nt@synapse_cleft 5045 0.0336208155 0.0206400762 0.00104450726 0 0 0
nt@synapse_cleft 5046 0.00240564615 -0.0100163141 0.00703754678 0 0 0
nt@synapse_cleft 5052 -0.0133295524 -0.00839039055 0.0187211854 0 0 0
nt@synapse_cleft 5055 -0.0167185081 0.0132918231 0.0105147094 0 0 0
nt@synapse_cleft 5059 -0.0363990294 0.029064447 0.0183373617 0 0 0
nt@synapse_cleft 5061 0.0257700902 -0.0239312257 0.00496493241 0 0 0
nt@synapse_cleft 5063 -0.016543862 0.0093396531 0.00738021377 0 0 0
nt@synapse_cleft 5065 0.0197579423 -0.0275459436 0.0172560898 0 0 0
nt@synapse_cleft 5072 0.00259801188 0.00708236587 0.0016008966 0 0 0
nt@synapse_cleft 5077 0.0414460067 -0.0128343884 0.0122102608 0 0 0
nt@synapse_cleft 5079 0.00660178527 0.0149712809 0.0182746201 0 0 0
nt@synapse_cleft 5081 0.0120888131 0.0172960107 0.00248491353 0 0 0
nt@synapse_cleft 5082 0.0114499119 0.0552326345 0.0138221166 0 0 0
nt@synapse_cleft 5086 0.0303173773 0.0248663248 0.0048259427 0 0 0
nt@synapse_cleft 5105 0.00610668561 -0.0245124518 0.00962726639 0 0 0
nt@synapse_cleft 5106 0.000674278024 -0.0185568439 0.0109905303 0 0 0
nt@synapse_cleft 5111 -0.0229519112 -0.0355838528 0.0122522454 0 0 0
nt@synapse_cleft 5126 -0.0301814011 -0.0114462961 0.00908045936 0 0 0
nt@synapse_cleft 5133 -0.016910498 0.0221129759 0.0189185532 0 0 0
nt@synapse_cleft 5135 -0.0142762256 -0.00217689328 0.0109755652 0 0 0
nt@synapse_cleft 5145 0.012859878 0.0178632108 0.0106118372 0 0 0
nt@synapse_cleft 5154 0.0151628393 0.0270904154 0.0180885061 0 0 0
nt@synapse_cleft 5159 -0.0290631354 -0.000234415635 0.0141042522 0 0 0
nt@synapse_cleft 5160 0.0351493925 -0.014803929 0.0105281606 0 0 0
nt@synapse_cleft 5163 0.00299195141 0.0129272426 0.00770162899 0 0 0
nt@synapse_cleft 5164 0.0115372237 -0.0251626981 0.000106095473 0 0 0
nt@synapse_cleft 5173 -0.0336496181 0.000779355459 0.0188788865 0 0 0
nt@synapse_cleft 5175 -0.0305700216 0.00448359821 0.0167620685 0 0 0
nt@synapse_cleft 5176 -0.0285942167 0.060170523 0.019994611 0 0 0
nt@synapse_cleft 5179 0.0309970445 0.00235299236 0.00704051683 0 0 0
nt@synapse_cleft 5182 0.0393629416 0.00977072376 0.00164541586 0 0 0
nt@synapse_cleft 5183 0.025770925 0.0095536349 0.00440170453 0 0 0
nt@synapse_cleft 5186 0.0167346225 -0.0118661073 0.0104210996 0 0 0
nt@synapse_cleft 5193 0.0164089344 0.00295203448 0.0180942362 0 0 0
nt@synapse_cleft 5196 -0.013422963 -0.00658300201 0.00841494318 0 0 0
nt@synapse_cleft 5198 -0.0061790224 -0.0186805467 0.00136694862 0 0 0
