nt@synapse_cleft 0 0.00423939451 -0.00360986002 0.0171363976 0 0 0
nt@synapse_cleft 2 -0.0421675091 0.0156703493 0.0059191114 0 0 0
nt@synapse_cleft 7 -0.0021030435 0.00859696019 0.0197415362 0 0 0
nt@synapse_cleft 9 0.000562636335 -0.01776126 0.00376612263 0 0 0
nt@synapse_cleft 12 0.00836344536 0.0306693737 0.0117688736 0 0 0
nt@synapse_cleft 15 -0.015069171 0.0125079817 0.00854544329 0 0 0
nt@synapse_cleft 17 0.010835487 0.00599415136 0.00593045519 0 0 0
nt@synapse_cleft 23 0.00550748478 -0.0474340072 0.010600502 0 0 0
nt@synapse_cleft 26 -0.0273280995 -0.000243764782 0.0108560541 0 0 0
nt@synapse_cleft 30 0.0202093399 -0.0313985162 0.00496587674 0 0 0
nt@synapse_cleft 35 -0.0186018743 0.00865121375 0.0164089091 0 0 0
nt@synapse_cleft 42 0.0106525034 0.00381600173 0.014392932 0 0 0
nt@synapse_cleft 45 -0.00961814146 0.0209617082 0.0115653598 0 0 0
nt@synapse_cleft 54 0.0122496393 0.0281077179 0.0161046282 0 0 0
nt@synapse_cleft 56 -0.0217431619 -0.0196605481 0.0167287366 0 0 0
nt@synapse_cleft 59 0.0222089402 0.0140294932 0.0158376891 0 0 0
nt@synapse_cleft 69 0.0195408953 -0.00508495522 0.00438567317 0 0 0
nt@synapse_cleft 72 -0.0180744188 0.0105005435 0.0152498707 0 0 0
nt@synapse_cleft 81 0.0109322718 -0.0296607398 0.0020742722 0 0 0
nt@synapse_cleft 87 -0.0307220001 -0.0165914942 0.0196170881 0 0 0
nt@synapse_cleft 89 0.0245892217 -0.000680450903 0.00803793545 0 0 0
nt@synapse_cleft 100 -0.0168282745 -0.0156719103 0.0165966513 0 0 0
nt@synapse_cleft 102 -0.0284117045 0.0218273021 0.00441491394 0 0 0
nt@synapse_cleft 103 0.0196497408 -0.0266049183 0.00660044143 0 0 0
nt@synapse_cleft 111 -0.0369075383 0.0366906379 0.0122753019 0 0 0
nt@synapse_cleft 114 0.0429508209 -0.0269948489 0.0128819479 0 0 0
nt@synapse_cleft 115 -0.00641616953 -0.0510245759 3.20463142e-05 0 0 0
nt@synapse_cleft 116 -0.020412012 -0.0161340895 0.00630379809 0 0 0
nt@synapse_cleft 118 0.0223003773 -0.00577334219 0.0195634243 0 0 0
nt@synapse_cleft 127 -0.016732831 -0.0219645931 0.0176163577 0 0 0
nt@synapse_cleft 135 -0.0165571865 -0.0198669868 0.0167988162 0 0 0
nt@synapse_cleft 137 -0.0519333699 -0.0296964271 0.00849039465 0 0 0
nt@synapse_cleft 143 -0.00746329258 -0.0467687038 0.010943267 0 0 0
nt@synapse_cleft 148 -0.00103122968 0.047946177 0.00596881085 0 0 0
nt@synapse_cleft 150 -0.0255947412 0.0116413572 0.000582116448 0 0 0
nt@synapse_cleft 156 -0.0195481265 0.00557619033 0.0120558884 0 0 0
nt@synapse_cleft 157 -0.0342742842 0.0193164281 0.0138277691 0 0 0
nt@synapse_cleft 160 0.0100260795 0.00274035497 0.0126055715 0 0 0
nt@synapse_cleft 162 -0.0126174725 -0.0203530362 0.00734444888 0 0 0
nt@synapse_cleft 167 -0.00211327212 -0.0365020286 0.0125424331 0 0 0
nt@synapse_cleft 168 -0.0193113078 -0.0206598584 0.0186705426 0 0 0
nt@synapse_cleft 186 -0.0241790989 -0.0225036695 0.0195871007 0 0 0
nt@synapse_cleft 188 -0.0198685876 0.000858586621 0.00728584277 0 0 0
nt@synapse_cleft 192 -0.0104671738 0.0294088779 0.00379218011 0 0 0
nt@synapse_cleft 194 -0.00120893856 -0.0161669443 0.0164399676 0 0 0
nt@synapse_cleft 195 0.0167645749 0.034447656 0.00490631544 0 0 0
nt@synapse_cleft 197 0.00777126796 -0.00880760383 0.0116074388 0 0 0
nt@synapse_cleft 199 0.0293699474 0.018180517 0.0175074688 0 0 0
nt@synapse_cleft 203 0.00534945021 -0.00679765656 0.00209296879 0 0 0
nt@synapse_cleft 206 -0.00264453583 -0.0133199553 0.0180893514 0 0 0
nt@synapse_cleft 210 -0.0313067612 0.00898929406 0.00562150315 0 0 0
nt@synapse_cleft 219 0.025047795 0.0482330147 0.0136131304 0 0 0
nt@synapse_cleft 224 -0.00823571383 0.0525037966 0.00302651254 0 0 0
nt@synapse_cleft 227 -0.0193378826 0.0342022808 0.0159220039 0 0 0
nt@synapse_cleft 231 0.0137614269 0.0414971928 0.0195476474 0 0 0
nt@synapse_cleft 235 0.0164610925 -0.033581602 0.00685745408 0 0 0
nt@synapse_cleft 244 -0.0289372653 0.00692212972 0.0113473746 0 0 0
nt@synapse_cleft 246 -0.0274314472 0.0228887575 0.013145803 0 0 0
nt@synapse_cleft 248 0.0203117157 -0.0279291171 0.0190758779 0 0 0
nt@synapse_cleft 256 -0.047334514 -0.0119474364 0.00499147712 0 0 0
nt@synapse_cleft 263 0.0439088162 0.0207656388 0.00972644262 0 0 0
nt@synapse_cleft 268 -0.00751402621 -0.0106775046 0.0129972412 0 0 0
nt@synapse_cleft 272 0.00709222194 -0.0317919784 0.0175125221 0 0 0
nt@synapse_cleft 284 -0.0277702014 0.0811285745 0.0186376901 0 0 0
nt@synapse_cleft 289 -0.0368755218 0.0511488101 0.00198235562 0 0 0
nt@synapse_cleft 293 0.0306620967 -0.00492063506 0.0118540699 0 0 0
nt@synapse_cleft 297 -0.0127638087 -0.0140601283 0.00472497443 0 0 0
nt@synapse_cleft 304 -0.00888515552 0.0233883731 0.0184617278 0 0 0
nt@synapse_cleft 306 0.0193510446 -0.0288835689 0.00784851003 0 0 0
nt@synapse_cleft 307 0.0206710966 0.0107029874 0.0172649495 0 0 0
nt@synapse_cleft 308 0.0192591571 0.0221231736 0.0117216335 0 0 0
nt@synapse_cleft 310 0.0280126254 -0.0130347694 0.00330891865 0 0 0
nt@synapse_cleft 315 0.00444139107 0.0137324791 0.0131168151 0 0 0
nt@synapse_cleft 318 -0.0268946206 0.00338477619 0.0178147072 0 0 0
nt@synapse_cleft 319 0.0588417301 0.00211702853 0.0186425508 0 0 0
nt@synapse_cleft 321 0.0457785103 0.0144461598 0.00709721386 0 0 0
nt@synapse_cleft 325 -0.0663059478 0.0628714776 0.00146821896 0 0 0
nt@synapse_cleft 331 0.0434631907 -0.0202262318 0.0180749673 0 0 0
nt@synapse_cleft 334 0.0211673064 -0.0109331689 0.0152864207 0 0 0
nt@synapse_cleft 335 0.02257273 0.0211139755 0.013267653 0 0 0
nt@synapse_cleft 339 -0.0457024931 -0.0376461007 0.000946999935 0 0 0
nt@synapse_cleft 347 0.0139296467 -0.00974357122 0.0107515689 0 0 0
nt@synapse_cleft 348 0.0122571523 -0.00623050228 0.0117073964 0 0 0
nt@synapse_cleft 350 0.0156458644 0.00536407988 0.00216110361 0 0 0
nt@synapse_cleft 352 -0.0139033029 0.00269543159 0.00448916616 0 0 0
nt@synapse_cleft 356 -0.0298024874 0.0198632978 0.00873642426 0 0 0
nt@synapse_cleft 360 0.00983129411 0.0362939663 0.0159326558 0 0 0
nt@synapse_cleft 361 -0.0297854743 0.0122103454 0.0159257531 0 0 0
nt@synapse_cleft 364 -0.0131428339 -0.0370487539 0.0160855375 0 0 0
nt@synapse_cleft 371 -0.0182212158 0.0446174697 0.00533308763 0 0 0
nt@synapse_cleft 372 -0.00813036329 0.0182020648 0.0142393779 0 0 0
nt@synapse_cleft 376 -0.00173820855 0.00993728276 0.0153215433 0 0 0
nt@synapse_cleft 381 -0.019260482 -0.0155054374 0.00671804747 0 0 0
nt@synapse_cleft 383 -0.00633964707 0.0275900651 0.0147403666 0 0 0
nt@synapse_cleft 385 0.016552516 0.0183956877 0.0174366582 0 0 0
nt@synapse_cleft 388 -0.0108750871 0.00821084322 0.0195092091 0 0 0
nt@synapse_cleft 391 0.0270347229 -0.0422846104 0.01182369 0 0 0
nt@synapse_cleft 392 -0.000388191678 0.00376285914 0.0187899813 0 0 0
nt@synapse_cleft 395 -0.00207253767 -0.0275370617 0.0041100082 0 0 0
nt@synapse_cleft 397 0.0116847313 0.0212937724 0.0111115266 0 0 0
nt@synapse_cleft 399 -0.0169552199 0.013949715 0.00309849289 0 0 0
nt@synapse_cleft 402 0.00408275884 0.0445369512 0.00218864083 0 0 0
nt@synapse_cleft 406 -0.0221304119 -0.0366193672 0.0121095575 0 0 0
nt@synapse_cleft 415 -0.000615968101 -0.0161012509 0.00181252827 0 0 0
nt@synapse_cleft 421 -0.0365092911 0.0326371689 0.014048168 0 0 0
nt@synapse_cleft 426 0.0324745071 -0.015499088 0.00416650865 0 0 0
nt@synapse_cleft 429 -0.0181700527 0.0328125641 0.01479469 0 0 0
nt@synapse_cleft 440 0.0223947815 0.00367621558 0.00451805421 0 0 0
nt@synapse_cleft 444 0.00568250661 0.0263669738 0.0154732612 0 0 0
nt@synapse_cleft 449 0.0114346588 -0.0168302498 0.00251819935 0 0 0
nt@synapse_cleft 452 0.0168400703 0.0353083323 0.00950304661 0 0 0
nt@synapse_cleft 453 0.00254782339 -0.00125911418 0.0158088669 0 0 0
nt@synapse_cleft 455 0.00333259011 -0.0305676903 0.0196702665 0 0 0
nt@synapse_cleft 461 -0.0216665691 -0.00691443345 0.00739302425 0 0 0
nt@synapse_cleft 477 0.0107521019 0.00489240404 0.0150951446 0 0 0
nt@synapse_cleft 479 -0.0123247614 0.0080788168 0.0180012061 0 0 0
nt@synapse_cleft 480 -0.0557894183 0.0247613359 0.0014582049 0 0 0
nt@synapse_cleft 482 0.00179139912 0.00141644277 0.00106933655 0 0 0
nt@synapse_cleft 483 -0.00254420928 -0.0243656212 0.0158615094 0 0 0
nt@synapse_cleft 484 -0.0163689348 -0.0313278576 0.00631678806 0 0 0
nt@synapse_cleft 499 0.0161749416 0.0173115405 0.0108436158 0 0 0
nt@synapse_cleft 500 -0.00738560238 -0.0148005693 0.0122675193 0 0 0
nt@synapse_cleft 501 0.0045981915 0.0199901361 0.010367571 0 0 0
nt@synapse_cleft 503 0.00931715161 -0.0228746625 0.00950130428 0 0 0
nt@synapse_cleft 504 0.00627774976 0.032037405 0.00849891817 0 0 0
nt@synapse_cleft 509 0.00129615477 0.0459989176 0.00198454188 0 0 0
nt@synapse_cleft 510 0.0184915635 0.00594216398 0.0121016728 0 0 0
nt@synapse_cleft 514 -0.0219006056 0.00294145865 0.00914348345 0 0 0
nt@synapse_cleft 522 -0.0333031668 0.011957335 0.014671822 0 0 0
nt@synapse_cleft 524 -0.00664678427 0.0141126342 0.0139421722 0 0 0
nt@synapse_cleft 530 0.0272323729 -0.0056686098 0.0107016583 0 0 0
nt@synapse_cleft 536 -0.0327557062 -0.0421783852 0.000540710041 0 0 0
nt@synapse_cleft 544 0.0285544568 0.00996310726 0.00682171333 0 0 0
nt@synapse_cleft 546 -0.0490744139 0.0255318225 0.0134000686 0 0 0
nt@synapse_cleft 548 -0.019260886 0.0173532505 0.0193442732 0 0 0
nt@synapse_cleft 549 0.0412478312 -0.0361659419 0.00783000696 0 0 0
nt@synapse_cleft 551 0.00608200139 -0.0194417493 0.0100335921 0 0 0
nt@synapse_cleft 552 0.0148647089 -0.00799767994 0.0124173292 0 0 0
nt@synapse_cleft 557 -0.0314994792 0.00802513128 0.0158502398 0 0 0
nt@synapse_cleft 558 -0.0219875812 -0.0219809282 0.00612405913 0 0 0
nt@synapse_cleft 563 -0.0122926072 -0.0576213573 0.0174738484 0 0 0
nt@synapse_cleft 568 0.000886833006 0.00976294882 0.0125348767 0 0 0
nt@synapse_cleft 572 -0.0302342829 0.0184535468 0.010500509 0 0 0
nt@synapse_cleft 575 -2.45597502e-05 -0.00854977749 0.00804349068 0 0 0
nt@synapse_cleft 581 0.00522916271 0.00204536105 0.000310178994 0 0 0
nt@synapse_cleft 583 0.00637226284 0.0271823231 0.0161224366 0 0 0
nt@synapse_cleft 586 0.00389289625 0.00975741683 0.00938299545 0 0 0
nt@synapse_cleft 591 -0.00629588401 0.0326684611 0.0150645053 0 0 0
nt@synapse_cleft 593 0.00844899974 0.0350309885 0.0186477013 0 0 0
nt@synapse_cleft 594 0.038827467 0.0270996248 0.0136010602 0 0 0
nt@synapse_cleft 595 -0.00250366699 -0.0401249258 0.0132906679 0 0 0
nt@synapse_cleft 596 -0.019276091 0.0137239553 0.019835038 0 0 0
nt@synapse_cleft 598 -0.00295604484 0.00675554662 0.0172227649 0 0 0
nt@synapse_cleft 611 -0.0203307911 0.00513987592 0.0186495435 0 0 0
nt@synapse_cleft 616 -0.00078109121 -0.00905559356 0.0075526414 0 0 0
nt@synapse_cleft 618 -0.0127875753 -0.0290978264 0.0116211212 0 0 0
nt@synapse_cleft 620 -0.016096358 -0.00292654215 0.00215591964 0 0 0
nt@synapse_cleft 624 0.0211701659 -0.00617244077 0.00876524947 0 0 0
nt@synapse_cleft 627 0.000684472548 -0.0207661143 0.0166597637 0 0 0
nt@synapse_cleft 629 0.0169824211 0.00108618794 0.0069342692 0 0 0
nt@synapse_cleft 630 0.00576709979 0.00687466363 0.00926345603 0 0 0
nt@synapse_cleft 633 -0.0150121623 0.0315823113 0.00341229731 0 0 0
nt@synapse_cleft 634 0.00875017092 -0.00943558702 0.0188479538 0 0 0
nt@synapse_cleft 639 -0.024698449 -0.0436133399 0.0101783683 0 0 0
nt@synapse_cleft 645 -0.00634864965 -0.0100475444 0.0115517359 0 0 0
nt@synapse_cleft 647 0.0042284482 0.0348909174 0.00257720278 0 0 0
nt@synapse_cleft 660 -0.0142816255 -0.0192377703 0.00342336811 0 0 0
nt@synapse_cleft 661 -0.0426483907 -0.0122690275 0.00541442681 0 0 0
nt@synapse_cleft 662 -0.00389861299 0.00598377071 0.00585709964 0 0 0
nt@synapse_cleft 664 -0.0138342632 0.00402204414 0.00686313447 0 0 0
nt@synapse_cleft 674 -0.01541762 0.0108029824 0.000926372629 0 0 0
nt@synapse_cleft 675 0.00607928528 0.0162702729 0.017919533 0 0 0
nt@synapse_cleft 678 0.0206653482 -0.000841815721 0.0108570173 0 0 0
nt@synapse_cleft 679 -0.0153634152 -0.0116233322 0.00852352219 0 0 0
nt@synapse_cleft 681 -0.00790810687 -0.0204098042 0.0147672235 0 0 0
nt@synapse_cleft 684 -0.0169391192 -0.0125749126 0.00589594164 0 0 0
nt@synapse_cleft 689 0.0126675619 0.00138363997 0.00969278083 0 0 0
nt@synapse_cleft 691 0.0236422574 0.000161691848 0.00175387477 0 0 0
nt@synapse_cleft 693 0.0186060849 0.0237010112 0.0172574812 0 0 0
nt@synapse_cleft 695 -0.0181612845 0.0238709399 0.0195693455 0 0 0
nt@synapse_cleft 698 0.00791717154 0.0130495446 0.0136287701 0 0 0
nt@synapse_cleft 699 -0.0162026851 -0.0647790028 0.00364963163 0 0 0
nt@synapse_cleft 704 0.00499233122 0.0138524297 0.00634031783 0 0 0
nt@synapse_cleft 710 0.039664186 -0.0113402741 0.00873391604 0 0 0
nt@synapse_cleft 712 -0.0212764717 -0.0140641473 0.0154147651 0 0 0
nt@synapse_cleft 715 0.011639003 0.0177996412 0.0185942475 0 0 0
nt@synapse_cleft 720 0.0333244575 -0.033729704 0.00024835446 0 0 0
nt@synapse_cleft 721 0.00563040771 0.000153149737 0.00270762547 0 0 0
nt@synapse_cleft 726 -0.0253985725 -0.00265564749 0.0086252689 0 0 0
nt@synapse_cleft 727 -0.000686280507 0.021735578 0.00966693868 0 0 0
nt@synapse_cleft 728 -0.00279439905 0.00876795461 0.00196036124 0 0 0
nt@synapse_cleft 732 0.0314718835 0.0480200551 0.00490467771 0 0 0
nt@synapse_cleft 735 -0.0442931042 0.00920216608 0.00437545438 0 0 0
nt@synapse_cleft 737 0.0414103687 0.00195166562 0.0112406686 0 0 0
nt@synapse_cleft 741 0.0103675973 -0.000194573649 0.00031263086 0 0 0
nt@synapse_cleft 744 -0.016648315 0.0299677992 0.00218094955 0 0 0
nt@synapse_cleft 746 -0.00685174049 0.0114615081 0.00423675509 0 0 0
nt@synapse_cleft 750 0.0264820416 0.00577547923 0.013982701 0 0 0
nt@synapse_cleft 754 -0.00942679306 -0.0191442199 0.019889575 0 0 0
nt@synapse_cleft 755 0.0220775341 0.0154906327 0.0031738754 0 0 0
nt@synapse_cleft 760 -0.00656645405 -0.057658166 0.0064395108 0 0 0
nt@synapse_cleft 762 0.00695357059 -0.0194969146 0.00817558932 0 0 0
nt@synapse_cleft 765 -0.0265216115 0.0172083045 0.0166485118 0 0 0
nt@synapse_cleft 768 -0.0189074296 -0.00907021758 0.0176155656 0 0 0
nt@synapse_cleft 769 0.010434854 0.0346286197 0.0121372124 0 0 0
nt@synapse_cleft 774 0.00241695724 0.0240051878 0.0183124155 0 0 0
nt@synapse_cleft 777 0.0504513384 -0.0387332542 0.00329451507 0 0 0
nt@synapse_cleft 779 -0.0142118818 0.00837959354 0.0154695422 0 0 0
nt@synapse_cleft 784 0.0103163596 0.00413453935 0.0174040711 0 0 0
nt@synapse_cleft 797 -0.00741095732 0.032495273 0.00810175128 0 0 0
nt@synapse_cleft 803 -0.0266086704 -0.0466803074 0.01301358 0 0 0
nt@synapse_cleft 804 0.0106139433 0.0245055468 0.0018050214 0 0 0
nt@synapse_cleft 814 0.0247112529 0.0276961895 0.000286824021 0 0 0
nt@synapse_cleft 816 -0.00474251269 -0.0227935519 0.0068628447 0 0 0
nt@synapse_cleft 817 0.0127583277 -0.0129610906 0.00299657214 0 0 0
nt@synapse_cleft 828 0.0176882053 -0.0270108917 0.0180185626 0 0 0
nt@synapse_cleft 831 -0.0023446498 -0.0240360524 0.00352290439 0 0 0
nt@synapse_cleft 833 -0.0190108921 -0.00454332862 0.0124289116 0 0 0
nt@synapse_cleft 837 -0.0236902848 -0.0152609316 0.0198630847 0 0 0
nt@synapse_cleft 844 -0.0125104688 0.00504676397 0.0150424122 0 0 0
nt@synapse_cleft 847 0.0201969225 -0.00061715599 0.0011565382 0 0 0
nt@synapse_cleft 850 -0.0115222176 0.0283424821 0.0112319672 0 0 0
nt@synapse_cleft 854 0.0063785527 0.0294183703 0.000444701913 0 0 0
nt@synapse_cleft 866 -0.00313688912 -0.0196209735 0.013282268 0 0 0
nt@synapse_cleft 871 -0.00917265668 0.0103975758 0.0128931099 0 0 0
nt@synapse_cleft 872 0.0198401056 -0.0187244849 0.0121719952 0 0 0
nt@synapse_cleft 875 -0.0207950435 -0.0328192502 0.00954242565 0 0 0
nt@synapse_cleft 877 -0.0466468311 0.0107940027 0.0111938404 0 0 0
nt@synapse_cleft 884 -0.000682347309 0.0135915295 0.0172131277 0 0 0
nt@synapse_cleft 900 0.0173813526 -0.0139818251 0.0193749963 0 0 0
nt@synapse_cleft 904 -0.0329932228 0.00797797451 0.00495311306 0 0 0
nt@synapse_cleft 906 -0.023001916 0.00994995602 0.00867011954 0 0 0
nt@synapse_cleft 908 -0.0379938506 -0.00613360849 0.00631877689 0 0 0
nt@synapse_cleft 909 0.0229657984 0.0132581343 0.018103413 0 0 0
nt@synapse_cleft 913 -0.0122606872 -0.00318967695 0.00692949205 0 0 0
nt@synapse_cleft 918 0.049652759 -0.00645335148 0.0172590901 0 0 0
nt@synapse_cleft 920 0.0174450901 -0.00925555902 0.0162932591 0 0 0
nt@synapse_cleft 924 -0.0270672566 0.0137784008 0.0112614967 0 0 0
nt@synapse_cleft 925 -0.0319626051 0.0527716331 0.0179034529 0 0 0
nt@synapse_cleft 926 -0.0120480575 -0.0548629467 0.016275662 0 0 0
nt@synapse_cleft 932 0.0139677103 -0.0400229363 0.00558621193 0 0 0
nt@synapse_cleft 938 -0.0194492818 0.0180178238 0.0172411286 0 0 0
nt@synapse_cleft 940 -0.0563523951 -0.0279241706 0.0161348959 0 0 0
nt@synapse_cleft 941 -0.0235287382 0.0457539441 0.0154310977 0 0 0
nt@synapse_cleft 942 0.0215256863 -0.0306061353 0.00699633847 0 0 0
nt@synapse_cleft 943 0.0227558639 -0.0158276369 0.0190673307 0 0 0
nt@synapse_cleft 944 -0.00975960465 -0.05020125 0.00781143178 0 0 0
nt@synapse_cleft 945 -0.0156244692 0.0222359986 0.00145681685 0 0 0
nt@synapse_cleft 947 -0.020566494 0.00646881687 0.012429639 0 0 0
nt@synapse_cleft 951 0.00120514255 -0.0107546917 0.00615465674 0 0 0
nt@synapse_cleft 953 -0.0451057921 0.0180880745 0.017443437 0 0 0
nt@synapse_cleft 954 0.0118561587 -0.0169140064 0.00707490095 0 0 0
nt@synapse_cleft 957 0.0521145775 -0.0245793304 0.00202499417 0 0 0
nt@synapse_cleft 960 -0.0226420211 0.0375825013 0.000382202091 0 0 0
nt@synapse_cleft 961 -0.0340232908 -0.00335411881 0.01368768 0 0 0
nt@synapse_cleft 967 0.0261684326 -0.00130248169 0.0083387076 0 0 0
nt@synapse_cleft 976 -0.029592215 0.0237552932 0.00904904912 0 0 0
nt@synapse_cleft 978 -0.0267777645 -0.0156376355 0.0107727987 0 0 0
nt@synapse_cleft 981 -0.0387835913 0.00136053719 0.0130088982 0 0 0
nt@synapse_cleft 991 0.0349830859 -0.00182277575 0.0114092627 0 0 0
nt@synapse_cleft 992 0.0175035418 0.0163375218 0.0131624775 0 0 0
nt@synapse_cleft 993 -0.0375170943 0.0399186651 0.000488047817 0 0 0
nt@synapse_cleft 994 -0.0252838531 -0.00919585343 0.00323125434 0 0 0
nt@synapse_cleft 998 -0.0014264283 0.0122490694 0.00966234072 0 0 0
nt@synapse_cleft 999 0.0375566707 -0.0298429268 0.00852697612 0 0 0
nt@synapse_cleft 1002 0.0213552162 0.0495079452 0.0188317878 0 0 0
nt@synapse_cleft 1004 -0.00600946297 0.0111316733 0.00585147094 0 0 0
nt@synapse_cleft 1011 0.0229168033 0.0169224401 0.0167933056 0 0 0
nt@synapse_cleft 1013 -0.0184688346 0.0348272584 0.00330243625 0 0 0
nt@synapse_cleft 1016 -0.0340832946 0.0177797171 0.0154389116 0 0 0
nt@synapse_cleft 1018 0.0106021618 -0.0147129176 0.00937983764 0 0 0
nt@synapse_cleft 1024 -0.0346338909 -0.00330576437 0.0137355256 0 0 0
nt@synapse_cleft 1025 -0.0129125523 -0.0338453372 0.00669067142 0 0 0
nt@synapse_cleft 1027 0.00955835805 0.0309175863 0.0166493697 0 0 0
nt@synapse_cleft 1035 -0.0208949921 -0.00687975454 0.0170017947 0 0 0
nt@synapse_cleft 1047 0.00696083667 -0.0392585539 0.00579029548 0 0 0
nt@synapse_cleft 1048 0.00212431921 -0.0468600223 0.000701568521 0 0 0
nt@synapse_cleft 1050 0.0091116858 -0.0423191375 0.0107748628 0 0 0
nt@synapse_cleft 1056 0.000623375201 0.035645536 0.00247350482 0 0 0
nt@synapse_cleft 1062 0.0435909137 -0.00547193615 0.0144296824 0 0 0
nt@synapse_cleft 1065 -0.00245226076 0.0178543781 0.0174936087 0 0 0
nt@synapse_cleft 1074 0.0126477831 -0.00727698063 0.0108360435 0 0 0
nt@synapse_cleft 1077 -0.0195401724 -0.0175906132 0.0129839666 0 0 0
nt@synapse_cleft 1080 -0.0226300628 0.0188433995 0.0118736909 0 0 0
nt@synapse_cleft 1088 -0.0353151501 -0.0160537004 0.0170626981 0 0 0
nt@synapse_cleft 1092 -0.0195113247 -0.0101322802 0.00871192126 0 0 0
nt@synapse_cleft 1098 -0.00566932431 0.0235835607 0.001665082 0 0 0
nt@synapse_cleft 1102 -0.018111251 -0.0118875429 0.0141075226 0 0 0
nt@synapse_cleft 1107 -0.0131232132 0.0135218713 0.00264209143 0 0 0
nt@synapse_cleft 1108 0.0168193053 0.0359490798 0.00019021159 0 0 0
nt@synapse_cleft 1110 0.0238148166 0.0144691418 0.0179616644 0 0 0
nt@synapse_cleft 1113 -0.016965197 0.000502137264 0.00421262306 0 0 0
nt@synapse_cleft 1114 0.00892719771 -0.0317645006 0.00739513323 0 0 0
nt@synapse_cleft 1121 0.000363642391 0.0531792184 0.00757731773 0 0 0
nt@synapse_cleft 1127 -0.0134074648 0.000171013199 0.00100183041 0 0 0
nt@synapse_cleft 1130 0.0245360677 -0.00860093738 0.0168113979 0 0 0
nt@synapse_cleft 1136 -0.0188275943 -0.0608335066 0.00490687854 0 0 0
nt@synapse_cleft 1138 0.00544630496 0.00477836716 0.0092775955 0 0 0
nt@synapse_cleft 1140 0.000697811168 -0.0299810617 0.0189696269 0 0 0
nt@synapse_cleft 1144 -0.0182546741 -0.0166789551 0.00634541277 0 0 0
nt@synapse_cleft 1145 0.0615526482 -0.018397698 0.0155705344 0 0 0
nt@synapse_cleft 1149 -0.0168077336 -0.00746292777 0.0169171515 0 0 0
nt@synapse_cleft 1152 0.0251889391 -0.00159938614 0.0177954261 0 0 0
nt@synapse_cleft 1157 0.0348037849 -0.0653542118 0.0164965955 0 0 0
nt@synapse_cleft 1165 0.019770996 0.0259601915 0.00167446027 0 0 0
nt@synapse_cleft 1166 -0.00726072626 0.00593888331 0.000666604481 0 0 0
nt@synapse_cleft 1167 0.0410753333 0.0297266382 0.000594421389 0 0 0
nt@synapse_cleft 1172 -0.00740225459 -0.00307760522 0.0159665693 0 0 0
nt@synapse_cleft 1177 0.0118865428 0.058645946 0.001176271 0 0 0
nt@synapse_cleft 1179 0.00657369115 -0.0175019907 0.0187845308 0 0 0
nt@synapse_cleft 1186 -0.0534659155 -0.00290543906 0.0140041861 0 0 0
nt@synapse_cleft 1188 0.0162201114 -0.0421864035 0.00174890163 0 0 0
nt@synapse_cleft 1192 0.0125722553 -0.0260459076 0.0134629903 0 0 0
nt@synapse_cleft 1193 -0.0260352028 -0.00782734564 0.0130213704 0 0 0
nt@synapse_cleft 1200 -0.0254083961 0.0282837109 0.0192740013 0 0 0
nt@synapse_cleft 1203 0.00190563092 0.0105552175 0.00355740433 0 0 0
nt@synapse_cleft 1204 0.011735738 0.00353094705 0.0190275676 0 0 0
nt@synapse_cleft 1205 -0.0389043657 -0.0158548566 0.0157622384 0 0 0
nt@synapse_cleft 1206 -0.0312243264 -0.00827641955 0.0168740876 0 0 0
nt@synapse_cleft 1218 -0.00945469403 0.0348888072 0.0157887414 0 0 0
nt@synapse_cleft 1219 0.00456196548 0.0109039897 0.0158897267 0 0 0
nt@synapse_cleft 1231 0.00957760315 0.0125372166 0.00136370207 0 0 0
nt@synapse_cleft 1237 -0.017325996 -0.0313856693 0.00342004153 0 0 0
nt@synapse_cleft 1238 -0.0561089916 -0.0170618658 0.0181130815 0 0 0
nt@synapse_cleft 1243 -0.0274448709 0.0071354651 0.00974244417 0 0 0
nt@synapse_cleft 1248 -0.00106833059 0.035677382 0.00937150308 0 0 0
nt@synapse_cleft 1251 -0.0169502509 0.0160211505 0.0187409319 0 0 0
nt@synapse_cleft 1252 -0.0290130736 0.0133729489 5.91360738e-05 0 0 0
nt@synapse_cleft 1253 -0.0180632921 -0.0283421728 0.00874552319 0 0 0
nt@synapse_cleft 1254 -0.0172838381 0.0301776007 0.0155191685 0 0 0
nt@synapse_cleft 1262 0.0109220107 0.00700271435 0.0121352839 0 0 0
nt@synapse_cleft 1270 0.0383029525 0.00399153428 0.00346977581 0 0 0
nt@synapse_cleft 1275 -0.0265779598 0.00952353946 0.00437895641 0 0 0
nt@synapse_cleft 1289 0.0329486837 -0.00039679951 0.00473532324 0 0 0
nt@synapse_cleft 1298 -0.00400209413 -0.0202108946 0.00300285078 0 0 0
nt@synapse_cleft 1299 -0.0289548659 -0.0042259599 0.00224111334 0 0 0
nt@synapse_cleft 1302 -0.0253469207 0.0269172303 0.00497555923 0 0 0
nt@synapse_cleft 1303 0.00815433804 0.0244429387 0.00492538267 0 0 0
nt@synapse_cleft 1311 0.00607951331 0.00154323446 0.0194652041 0 0 0
nt@synapse_cleft 1316 -0.036594179 -0.0301558214 0.0199389698 0 0 0
nt@synapse_cleft 1326 0.014381279 0.0184493643 0.00113649386 0 0 0
nt@synapse_cleft 1328 0.0150397048 0.00175024673 0.012272841 0 0 0
nt@synapse_cleft 1330 0.000245027132 -0.023811042 0.00818439866 0 0 0
nt@synapse_cleft 1331 -0.0106770378 0.00324589705 0.0159016847 0 0 0
nt@synapse_cleft 1333 -0.0233225425 0.0245781881 0.00396230744 0 0 0
nt@synapse_cleft 1338 -0.0120051461 0.00823489885 0.0074253056 0 0 0
nt@synapse_cleft 1343 0.026841589 0.00915193325 0.018681338 0 0 0
nt@synapse_cleft 1347 -0.035783328 -0.0148614971 0.0167888007 0 0 0
nt@synapse_cleft 1348 0.0363340571 -0.0326296687 0.0170836941 0 0 0
nt@synapse_cleft 1349 -0.00547665704 -0.0125707884 0.0100284385 0 0 0
nt@synapse_cleft 1351 0.0437865006 -0.0236228329 0.000189192883 0 0 0
nt@synapse_cleft 1356 0.0140742857 0.00397765592 0.0058813449 0 0 0
nt@synapse_cleft 1359 -0.0176066127 -0.00824864219 0.0177239164 0 0 0
nt@synapse_cleft 1361 -0.0121042291 -0.0544175911 0.0021502604 0 0 0
nt@synapse_cleft 1366 0.0174652983 -0.00532684179 0.00244804923 0 0 0
nt@synapse_cleft 1368 0.0355672308 -0.000471674642 0.00296943934 0 0 0
nt@synapse_cleft 1372 -0.0376170906 0.0460767091 0.000203409625 0 0 0
nt@synapse_cleft 1380 -0.00158456244 0.0184143214 0.000387584859 0 0 0
nt@synapse_cleft 1381 0.0205470564 -0.0588384215 0.0174647119 0 0 0
nt@synapse_cleft 1382 0.0123124717 0.0257655949 0.0042339971 0 0 0
nt@synapse_cleft 1384 -0.0417234257 -0.0046527983 0.0180579155 0 0 0
nt@synapse_cleft 1390 0.0517990252 0.00179668184 0.0115809877 0 0 0
nt@synapse_cleft 1393 -0.0337245803 0.0329314489 0.0118289528 0 0 0
nt@synapse_cleft 1394 0.0160480709 0.0201818437 0.0166496251 0 0 0
nt@synapse_cleft 1397 0.0290341952 0.0316935015 0.0166085088 0 0 0
nt@synapse_cleft 1400 -0.0363860411 0.0217011157 0.000348936874 0 0 0
nt@synapse_cleft 1403 0.0104917016 -0.0038638234 0.0198712301 0 0 0
nt@synapse_cleft 1406 0.0589359578 -0.0281367963 0.00353306393 0 0 0
nt@synapse_cleft 1408 -0.013255658 -0.00977496326 0.0121526579 0 0 0
nt@synapse_cleft 1411 -0.00156948551 0.0156370408 0.0181308048 0 0 0
nt@synapse_cleft 1416 -0.00417651106 0.036477181 0.0123440582 0 0 0
nt@synapse_cleft 1419 0.00981801137 -0.0127862131 0.0164977775 0 0 0
nt@synapse_cleft 1425 -0.000308066493 -0.0452347657 0.00886273576 0 0 0
nt@synapse_cleft 1427 -0.03564962 -0.00742464229 0.00526378816 0 0 0
nt@synapse_cleft 1434 0.0140671463 0.0261544745 0.00158154969 0 0 0
nt@synapse_cleft 1438 -0.00200882573 -0.0334213542 0.0093979464 0 0 0
nt@synapse_cleft 1440 0.0018285188 0.0177004987 0.00385997556 0 0 0
nt@synapse_cleft 1441 -0.0406168792 0.01790542 0.00613562699 0 0 0
nt@synapse_cleft 1442 0.00442473404 0.0239024834 0.0118831091 0 0 0
nt@synapse_cleft 1444 -0.0180180857 -0.00483892154 0.0133924924 0 0 0
nt@synapse_cleft 1446 -0.0197265432 -0.024396366 0.0105030922 0 0 0
nt@synapse_cleft 1449 -0.0270388853 -0.0111862369 0.0112028735 0 0 0
nt@synapse_cleft 1452 -0.0246215901 -0.0244226386 0.0102290595 0 0 0
nt@synapse_cleft 1454 -0.0150993002 0.0186806622 0.00531113931 0 0 0
nt@synapse_cleft 1455 -0.0145991719 0.0163983117 0.00529898932 0 0 0
nt@synapse_cleft 1464 -0.056137206 0.00906606119 0.0137669587 0 0 0
nt@synapse_cleft 1468 0.0480300126 0.0239260066 0.0113358902 0 0 0
nt@synapse_cleft 1470 -0.0646727687 -0.0296115097 0.0167328667 0 0 0
nt@synapse_cleft 1472 -0.0433797657 -0.00460059073 0.0193248322 0 0 0
nt@synapse_cleft 1473 0.0163586102 -0.00487393377 0.00479900644 0 0 0
nt@synapse_cleft 1479 -0.0230691753 0.0295634938 0.0126230039 0 0 0
nt@synapse_cleft 1481 0.0197478418 0.0015297036 0.0158575682 0 0 0
nt@synapse_cleft 1484 -0.0103753455 0.0125142515 0.0171797449 0 0 0
nt@synapse_cleft 1485 -0.0205810829 -0.00394428672 0.00397878995 0 0 0
nt@synapse_cleft 1487 -0.0200693297 -0.030894349 0.0094679328 0 0 0
nt@synapse_cleft 1488 0.0246644459 0.00309756324 0.00358169496 0 0 0
nt@synapse_cleft 1491 -0.0137940241 -0.0157502975 0.00396554067 0 0 0
nt@synapse_cleft 1494 0.00227607428 0.0087129277 0.0149564738 0 0 0
nt@synapse_cleft 1496 -0.00196614332 0.0192163421 0.0140446366 0 0 0
nt@synapse_cleft 1503 -0.0216973685 -0.0170864263 0.0140916571 0 0 0
nt@synapse_cleft 1506 0.0252841754 -0.00479507256 0.00619275467 0 0 0
nt@synapse_cleft 1507 2.73474679e-05 0.00285230709 0.000687107169 0 0 0
nt@synapse_cleft 1508 0.0129687613 0.00623362087 0.0112538277 0 0 0
nt@synapse_cleft 1512 -0.00582546001 -0.0113676902 0.0163041712 0 0 0
nt@synapse_cleft 1515 0.0164604983 0.0439484955 0.00945069584 0 0 0
nt@synapse_cleft 1519 0.00143310019 -0.0146587101 0.0112891981 0 0 0
nt@synapse_cleft 1526 0.0192910796 -0.015477948 0.0127716871 0 0 0
nt@synapse_cleft 1527 -0.00457752013 0.0401613218 0.0114653819 0 0 0
nt@synapse_cleft 1528 -0.043676745 -0.00154054147 0.018817145 0 0 0
nt@synapse_cleft 1531 0.00237015909 0.0232515255 0.018933226 0 0 0
nt@synapse_cleft 1538 -0.00301277747 0.021361619 0.00485481502 0 0 0
nt@synapse_cleft 1542 -0.0146417335 0.0185373217 0.00920040981 0 0 0
nt@synapse_cleft 1545 -0.00107210128 0.00405547441 0.0142140024 0 0 0
nt@synapse_cleft 1548 -0.025942391 -0.0207984206 0.00255715865 0 0 0
nt@synapse_cleft 1553 0.0503574415 0.0229717276 0.00993778892 0 0 0
nt@synapse_cleft 1554 0.0216799159 0.00409615213 0.00507797667 0 0 0
nt@synapse_cleft 1561 0.00983496187 -0.0580149436 0.00589067912 0 0 0
nt@synapse_cleft 1565 -0.0231857048 0.00512052949 0.0152472793 0 0 0
nt@synapse_cleft 1571 -0.0146828939 0.00532601305 0.0106009785 0 0 0
nt@synapse_cleft 1573 0.0118810201 0.0238939925 0.000536102089 0 0 0
nt@synapse_cleft 1583 -0.0232063059 -0.013598988 0.00942418897 0 0 0
nt@synapse_cleft 1584 -0.00930801957 0.00258724508 0.0119420474 0 0 0
nt@synapse_cleft 1588 0.00446752297 -0.0124379401 0.0118954639 0 0 0
nt@synapse_cleft 1590 -0.0346798114 0.0433777493 0.00691402507 0 0 0
nt@synapse_cleft 1592 0.00810182826 -0.0168483943 0.0164616066 0 0 0
nt@synapse_cleft 1596 -0.0045235086 -0.0198559817 0.0127117823 0 0 0
nt@synapse_cleft 1597 0.00637166403 0.038245227 0.00931934252 0 0 0
nt@synapse_cleft 1598 -0.0312448941 -0.00567495564 0.0140109796 0 0 0
nt@synapse_cleft 1600 0.0238789674 -0.0239297071 0.00156996076 0 0 0
nt@synapse_cleft 1605 0.0143133062 0.00723258274 0.0145942748 0 0 0
nt@synapse_cleft 1606 -0.0330810732 0.00156644111 0.00357381926 0 0 0
nt@synapse_cleft 1611 -0.00615704353 -0.0275543637 0.00457973537 0 0 0
nt@synapse_cleft 1612 -0.02048693 -0.0071131914 0.00529617692 0 0 0
nt@synapse_cleft 1615 0.00884780922 -0.0583834465 0.00683050243 0 0 0
nt@synapse_cleft 1617 0.00429406568 -0.0282955051 0.0116830144 0 0 0
nt@synapse_cleft 1619 0.0258581055 -0.00239824644 0.0194079036 0 0 0
nt@synapse_cleft 1625 -0.0241847794 0.0174243975 0.01405767 0 0 0
nt@synapse_cleft 1628 0.0195716563 0.0295756153 0.00995381641 0 0 0
nt@synapse_cleft 1635 0.014047941 -0.0145781005 0.0139880929 0 0 0
nt@synapse_cleft 1641 0.0275424259 0.0156824309 0.00278535151 0 0 0
nt@synapse_cleft 1642 0.0220723585 -0.0170649424 0.0157667347 0 0 0
nt@synapse_cleft 1655 0.00282460622 0.0204879752 0.00424795084 0 0 0
nt@synapse_cleft 1658 0.0234141536 0.0354952391 0.00938083625 0 0 0
nt@synapse_cleft 1660 0.0146146899 0.0185286405 0.000136026539 0 0 0
nt@synapse_cleft 1675 -0.0311340365 -0.00543893337 0.0192906584 0 0 0
nt@synapse_cleft 1678 -0.00222947567 -0.00882191807 0.00389073858 0 0 0
nt@synapse_cleft 1681 -0.0215805051 0.0157534517 0.0152866849 0 0 0
nt@synapse_cleft 1684 -0.0033583144 -0.0231690054 0.0130414294 0 0 0
nt@synapse_cleft 1686 -0.0126676209 0.0123893086 0.0195472749 0 0 0
nt@synapse_cleft 1687 -0.0228786626 -0.0152214557 0.00408163286 0 0 0
nt@synapse_cleft 1689 0.015541143 0.0209242749 0.00330364276 0 0 0
nt@synapse_cleft 1692 -0.0136608467 0.0206343804 0.0168888052 0 0 0
nt@synapse_cleft 1695 0.016371078 -0.010071697 0.00578230428 0 0 0
nt@synapse_cleft 1701 -0.0113516392 0.0121690668 0.00968758229 0 0 0
nt@synapse_cleft 1702 0.0155988991 -0.0170953954 0.0181763362 0 0 0
nt@synapse_cleft 1707 -0.0214935889 -0.0102875188 0.0100667576 0 0 0
nt@synapse_cleft 1708 -0.0289082783 0.014075939 0.00155143969 0 0 0
nt@synapse_cleft 1715 0.00398320428 -0.00230247014 0.0193354754 0 0 0
nt@synapse_cleft 1721 0.0035332695 -0.0315738213 0.0060776446 0 0 0
nt@synapse_cleft 1725 0.0332621825 0.0004984617 0.00405624003 0 0 0
nt@synapse_cleft 1729 0.00237615999 0.000841342487 0.0144491253 0 0 0
nt@synapse_cleft 1736 0.0255225344 0.00916079681 0.0154489156 0 0 0
nt@synapse_cleft 1741 -0.0039057705 -0.0217454511 0.0192188423 0 0 0
nt@synapse_cleft 1742 0.0125118625 -0.0507793269 0.00777857218 0 0 0
nt@synapse_cleft 1743 0.0355410162 0.0397499286 0.0133449944 0 0 0
nt@synapse_cleft 1745 -0.0302427079 0.0194477255 0.000446326724 0 0 0
nt@synapse_cleft 1746 0.00625590359 -0.0130571926 0.0144121609 0 0 0
nt@synapse_cleft 1748 0.0648415942 0.016299484 0.0188486525 0 0 0
nt@synapse_cleft 1749 -0.0017374495 -0.0104877992 0.00141757769 0 0 0
nt@synapse_cleft 1751 0.0382076934 0.00412804469 0.0114331581 0 0 0
nt@synapse_cleft 1759 -0.0113146402 0.00130141383 0.0182276433 0 0 0
nt@synapse_cleft 1761 -0.0295387399 0.00641827131 0.0147676145 0 0 0
nt@synapse_cleft 1762 -0.0129685261 -0.0314026578 0.0198449747 0 0 0
nt@synapse_cleft 1763 0.0365751323 -0.02625409 0.0142982464 0 0 0
nt@synapse_cleft 1768 0.0120783664 -0.0268704784 0.012813493 0 0 0
nt@synapse_cleft 1769 -0.0258999466 0.00748453398 0.0176451935 0 0 0
nt@synapse_cleft 1775 -0.00105952024 -0.00489119503 0.0056684368 0 0 0
nt@synapse_cleft 1777 -0.00480150697 0.00198542493 0.0179786173 0 0 0
nt@synapse_cleft 1778 0.0354799128 -0.051185489 0.000918156747 0 0 0
nt@synapse_cleft 1781 -0.0101252378 0.0302638263 0.0130125269 0 0 0
nt@synapse_cleft 1793 0.014490485 0.0256378044 0.0154093412 0 0 0
nt@synapse_cleft 1795 0.0293256422 -0.00793215465 0.00434313276 0 0 0
nt@synapse_cleft 1799 -0.0242084643 0.00571711926 0.00369590113 0 0 0
nt@synapse_cleft 1804 0.00663604447 -0.0110003229 0.00938478009 0 0 0
nt@synapse_cleft 1805 -0.0132876644 -0.00092511094 0.00137832335 0 0 0
nt@synapse_cleft 1806 -0.0100315141 0.000514613197 0.0137579004 0 0 0
nt@synapse_cleft 1810 -0.0498792752 -0.0394941973 0.0178429476 0 0 0
nt@synapse_cleft 1811 -0.00782599203 -5.06056536e-05 0.00593234227 0 0 0
nt@synapse_cleft 1812 -0.00279729263 0.0300783343 0.0173789301 0 0 0
nt@synapse_cleft 1815 0.00297065534 0.018614274 0.00451423438 0 0 0
nt@synapse_cleft 1824 0.00627914062 -0.00184444894 0.00360644521 0 0 0
nt@synapse_cleft 1826 0.02447065 -0.0100042754 0.0183849838 0 0 0
nt@synapse_cleft 1829 0.0373599349 -0.0230726924 0.0150522411 0 0 0
nt@synapse_cleft 1830 -0.0384016796 -0.00530812156 0.0194311999 0 0 0
nt@synapse_cleft 1837 -0.0321710706 -0.010972501 0.0112052071 0 0 0
nt@synapse_cleft 1838 -0.0167624218 -0.0284798059 0.00506385874 0 0 0
nt@synapse_cleft 1840 -0.0190955526 -0.00015596529 0.0122927903 0 0 0
nt@synapse_cleft 1843 0.0266262645 -0.0042059776 0.0102882034 0 0 0
nt@synapse_cleft 1846 -0.0157096417 0.00360744975 0.00800891296 0 0 0
nt@synapse_cleft 1849 0.0421126655 0.00422456515 0.0100203282 0 0 0
nt@synapse_cleft 1853 0.0559129017 -0.015887072 0.0134114284 0 0 0
nt@synapse_cleft 1854 0.0118376048 -0.0102188704 0.00397409043 0 0 0
nt@synapse_cleft 1855 -0.0249679955 0.0103238702 0.00244590974 0 0 0
nt@synapse_cleft 1856 0.0160086078 -0.00492684129 0.0096931418 0 0 0
nt@synapse_cleft 1864 0.00558457266 -0.0213810608 0.0120254145 0 0 0
nt@synapse_cleft 1868 -0.0287600627 0.00668868289 0.0111111289 0 0 0
nt@synapse_cleft 1872 -0.00520359719 0.000753881899 0.00737965201 0 0 0
nt@synapse_cleft 1873 -0.0637629195 -0.00215410307 0.0103894082 0 0 0
nt@synapse_cleft 1875 -0.0266351809 0.0178102221 0.00196642809 0 0 0
nt@synapse_cleft 1877 0.00389507852 0.0330570611 0.0123896297 0 0 0
nt@synapse_cleft 1879 0.0560837091 -0.0461953234 0.0185060446 0 0 0
nt@synapse_cleft 1880 -0.0310560662 -0.0191518486 0.00476188794 0 0 0
nt@synapse_cleft 1883 0.0110125928 0.0118488949 0.0171779623 0 0 0
nt@synapse_cleft 1885 -0.00779840084 0.00954917195 0.0196433582 0 0 0
nt@synapse_cleft 1887 -0.0123203628 0.0351556065 0.000281227534 0 0 0
nt@synapse_cleft 1890 -0.0271326837 0.0012115993 0.00723093649 0 0 0
nt@synapse_cleft 1892 0.000548758011 0.00810402707 0.0100233287 0 0 0
nt@synapse_cleft 1894 -0.0176730268 0.0181254031 0.0183212032 0 0 0
nt@synapse_cleft 1896 0.0209839338 -0.0115638037 0.00809139657 0 0 0
nt@synapse_cleft 1900 -0.00855319342 -0.00784789391 0.00551586289 0 0 0
nt@synapse_cleft 1904 -0.0374473212 0.0349719663 0.010251966 0 0 0
nt@synapse_cleft 1914 0.00454506344 0.0103912175 0.00435211963 0 0 0
nt@synapse_cleft 1918 -0.0194795626 0.0522773106 0.0196067771 0 0 0
nt@synapse_cleft 1921 0.00120309785 -0.0119064522 0.00189875511 0 0 0
nt@synapse_cleft 1923 -0.00650828342 0.0305123341 0.0156221017 0 0 0
nt@synapse_cleft 1925 0.00265592444 0.0237372663 0.0169187636 0 0 0
nt@synapse_cleft 1926 0.022142138 0.000351307663 0.0082751494 0 0 0
nt@synapse_cleft 1932 0.0137876902 -0.0127797194 0.0110865086 0 0 0
nt@synapse_cleft 1942 0.0223443347 -0.0325924426 0.000860539085 0 0 0
nt@synapse_cleft 1944 0.00344668585 0.00724600001 0.0109053165 0 0 0
nt@synapse_cleft 1946 -0.0135011216 -0.00187152824 0.0128833629 0 0 0
nt@synapse_cleft 1953 -0.0130205184 -0.0196709978 0.0017440713 0 0 0
nt@synapse_cleft 1959 -0.00379710659 -0.0308961422 0.00620861146 0 0 0
nt@synapse_cleft 1961 0.0315675833 0.00978522603 0.0162416258 0 0 0
nt@synapse_cleft 1964 -0.0138806092 0.00131014967 0.00971975101 0 0 0
nt@synapse_cleft 1967 0.0158503973 -0.0218260577 0.0115697178 0 0 0
nt@synapse_cleft 1970 -0.0204282963 -0.0212220055 0.00804636631 0 0 0
nt@synapse_cleft 1973 0.0169923733 0.0360641208 0.0184470527 0 0 0
nt@synapse_cleft 1976 -0.0310064311 -0.014670248 0.000779508566 0 0 0
nt@synapse_cleft 1980 -0.0172982212 -0.0176028352 0.00464871611 0 0 0
nt@synapse_cleft 1982 -0.000454172329 0.0160187077 0.0167810995 0 0 0
nt@synapse_cleft 1984 -0.0652031343 -0.0155626352 0.000807896711 0 0 0
nt@synapse_cleft 1989 -0.0208239992 0.00843442012 0.0192357952 0 0 0
nt@synapse_cleft 1990 0.0155578716 0.0300490949 0.00541220151 0 0 0
nt@synapse_cleft 1993 0.0023633136 -0.0274979489 0.0153542036 0 0 0
nt@synapse_cleft 1997 0.00292569413 0.0213352344 0.0171350604 0 0 0
nt@synapse_cleft 2004 -0.0245580185 0.00580022567 0.00993647385 0 0 0
nt@synapse_cleft 2007 0.00680748801 0.0118191118 0.0199193052 0 0 0
nt@synapse_cleft 2008 0.0175435874 0.00679936662 0.0164766154 0 0 0
nt@synapse_cleft 2013 -0.0169023239 -0.0096758602 0.0169549973 0 0 0
nt@synapse_cleft 2014 0.0128003199 0.0234763658 0.00867963924 0 0 0
nt@synapse_cleft 2016 -0.0114567048 -0.00502830797 0.00355109369 0 0 0
nt@synapse_cleft 2019 0.0242602996 -0.0229881839 0.0153642636 0 0 0
nt@synapse_cleft 2026 0.0467266005 -0.00676352358 0.00806534575 0 0 0
nt@synapse_cleft 2027 -0.0208154472 -0.017206748 0.00170894481 0 0 0
nt@synapse_cleft 2032 -0.0267786194 0.00229110314 0.00543798199 0 0 0
nt@synapse_cleft 2035 0.0409120529 0.0156716677 0.00598955876 0 0 0
nt@synapse_cleft 2036 0.0509750204 -0.00885373304 0.0149640166 0 0 0
nt@synapse_cleft 2039 0.0273562175 0.0119368519 0.017424131 0 0 0
nt@synapse_cleft 2041 0.0253350696 0.00787594846 0.0139830553 0 0 0
nt@synapse_cleft 2044 0.0155023697 -0.0184828823 0.00733545319 0 0 0
nt@synapse_cleft 2052 0.00323301355 -0.0108655305 0.0157192816 0 0 0
nt@synapse_cleft 2058 -0.0100814177 -0.0391386727 0.0148405547 0 0 0
nt@synapse_cleft 2061 0.0130081776 -0.0100404118 0.00436225379 0 0 0
nt@synapse_cleft 2064 0.0317526981 0.0228094479 0.00793732068 0 0 0
nt@synapse_cleft 2074 0.0119843099 -0.0500770486 0.0175157028 0 0 0
nt@synapse_cleft 2091 -0.0165882681 0.0226413936 0.0175235212 0 0 0
nt@synapse_cleft 2092 0.0145333769 0.0240511234 0.0198210425 0 0 0
nt@synapse_cleft 2094 -0.0107228361 0.00221436513 0.010018866 0 0 0
nt@synapse_cleft 2095 0.00706599592 0.0185363686 0.0179117833 0 0 0
nt@synapse_cleft 2096 -0.0077326248 -0.00395488929 0.00693710934 0 0 0
nt@synapse_cleft 2101 -0.0129094183 -0.0188585108 0.004589248 0 0 0
nt@synapse_cleft 2104 0.0267950628 -0.00101136812 0.01384189 0 0 0
nt@synapse_cleft 2112 -0.016893151 -0.0212395649 0.00179490878 0 0 0
nt@synapse_cleft 2115 -0.024974857 0.00193440754 0.0135381501 0 0 0
nt@synapse_cleft 2124 0.00346950268 0.0438963513 0.0135927834 0 0 0
nt@synapse_cleft 2127 0.0181312029 0.0131278905 0.00261208245 0 0 0
nt@synapse_cleft 2133 0.0133060318 -0.00845228903 0.00261216136 0 0 0
nt@synapse_cleft 2137 -0.0377955084 0.041218859 0.00977033157 0 0 0
nt@synapse_cleft 2148 0.0265594032 -0.0461360368 0.00714698168 0 0 0
nt@synapse_cleft 2156 0.0214867272 -0.0289589076 0.0116370808 0 0 0
nt@synapse_cleft 2160 0.0192819353 0.00443776601 0.01079177 0 0 0
nt@synapse_cleft 2162 -0.0244822375 0.0219202997 0.0099469315 0 0 0
nt@synapse_cleft 2163 0.0214114237 -0.00628145048 0.0182945777 0 0 0
nt@synapse_cleft 2170 0.0336839636 0.00399190877 0.0188500766 0 0 0
nt@synapse_cleft 2177 -0.0129167661 -0.0180411697 1.32363585e-05 0 0 0
nt@synapse_cleft 2185 -0.00651289623 -0.00706595483 0.00355752093 0 0 0
nt@synapse_cleft 2187 -0.0175525181 0.00820164637 0.00458008894 0 0 0
nt@synapse_cleft 2188 -0.00827420358 0.0429251566 0.00478171724 0 0 0
nt@synapse_cleft 2199 0.00693819588 -0.0206676904 0.00817616779 0 0 0
nt@synapse_cleft 2204 -0.0334019375 -0.00435165263 0.0167372724 0 0 0
nt@synapse_cleft 2206 -0.0212911552 -0.0127208086 0.0188871416 0 0 0
nt@synapse_cleft 2207 0.0236373472 0.00222341612 0.0115922325 0 0 0
nt@synapse_cleft 2217 0.0245789604 -0.0365072282 0.00560688774 0 0 0
nt@synapse_cleft 2218 0.00595083482 0.0133096795 0.0154066915 0 0 0
nt@synapse_cleft 2223 -0.0210284268 0.0196495765 0.0112988118 0 0 0
nt@synapse_cleft 2228 -0.0111869773 0.000213278386 0.00454522004 0 0 0
nt@synapse_cleft 2235 -0.0033809181 -0.010336119 0.0131764678 0 0 0
nt@synapse_cleft 2236 0.00701672034 0.0243952893 0.0185376964 0 0 0
nt@synapse_cleft 2248 -0.0292182701 -0.00471246747 0.00611242344 0 0 0
nt@synapse_cleft 2251 0.00698141571 -0.00184101795 0.0105653477 0 0 0
nt@synapse_cleft 2254 -0.00543890837 -0.0147124954 0.0169424486 0 0 0
nt@synapse_cleft 2256 -0.0311355902 -0.0334314225 0.00142979949 0 0 0
nt@synapse_cleft 2257 0.00872716568 -0.0071387193 0.0107818143 0 0 0
nt@synapse_cleft 2262 -0.00980905747 0.0302387704 0.0144012417 0 0 0
nt@synapse_cleft 2265 0.0293432926 0.0217399909 0.00433566278 0 0 0
nt@synapse_cleft 2269 -0.0367703169 0.0142989912 0.00109625776 0 0 0
nt@synapse_cleft 2271 -0.0726204553 0.0191478683 2.5342515e-05 0 0 0
nt@synapse_cleft 2274 -0.00396805774 0.0376972479 0.00341547754 0 0 0
nt@synapse_cleft 2278 0.0304475037 0.0345917956 0.010278387 0 0 0
nt@synapse_cleft 2279 -0.0023237177 0.0111717602 0.00866527511 0 0 0
nt@synapse_cleft 2283 0.030144451 -0.0245319023 0.0113711207 0 0 0
nt@synapse_cleft 2284 0.0281356265 -0.00769021343 0.0159375483 0 0 0
nt@synapse_cleft 2285 -0.0116619888 -0.00720576853 0.0177646737 0 0 0
nt@synapse_cleft 2289 0.00559118533 -0.00199068591 7.13187724e-05 0 0 0
nt@synapse_cleft 2292 -0.0151594799 0.00862459714 0.009694356 0 0 0
nt@synapse_cleft 2298 -0.0385955157 -0.0226290286 0.0165482021 0 0 0
nt@synapse_cleft 2304 -0.0164547453 0.0274320899 0.000582118899 0 0 0
nt@synapse_cleft 2306 0.00105630192 -0.0351167205 0.0047230243 0 0 0
nt@synapse_cleft 2308 -0.0195716019 0.0149859545 0.00554028019 0 0 0
nt@synapse_cleft 2309 0.00295232845 -0.00829968081 0.0181108032 0 0 0
nt@synapse_cleft 2314 -0.00954071103 -0.0265309414 0.0191276327 0 0 0
nt@synapse_cleft 2317 0.0370558927 0.00879667749 0.00549240075 0 0 0
nt@synapse_cleft 2320 0.0155142013 -0.0359558015 0.00900456606 0 0 0
nt@synapse_cleft 2321 0.0508972968 -0.00304737139 0.00269384339 0 0 0
nt@synapse_cleft 2326 0.0215611196 0.0177828606 0.00140318016 0 0 0
nt@synapse_cleft 2327 -0.0284840563 -0.0334380349 0.0145631555 0 0 0
nt@synapse_cleft 2330 -0.0460846422 0.025458072 0.00414826761 0 0 0
nt@synapse_cleft 2332 -0.0175158761 -0.00641884921 0.0116504907 0 0 0
nt@synapse_cleft 2343 0.0126138885 -0.00820161265 0.00967672689 0 0 0
nt@synapse_cleft 2349 0.0297115404 0.00866367716 0.0124666059 0 0 0
nt@synapse_cleft 2366 0.0228197285 0.0242438742 0.0144535377 0 0 0
nt@synapse_cleft 2367 -0.0235389099 -0.024018751 0.0132392943 0 0 0
nt@synapse_cleft 2369 -0.0104203682 0.00586027241 0.00945051379 0 0 0
nt@synapse_cleft 2370 0.00948133333 -0.0199957674 0.000316653296 0 0 0
nt@synapse_cleft 2375 0.00407286699 0.00367893477 0.00959798332 0 0 0
nt@synapse_cleft 2383 0.0209306391 -0.0465596553 0.0119350457 0 0 0
nt@synapse_cleft 2386 -0.00825211989 -0.0146172495 0.00335131321 0 0 0
nt@synapse_cleft 2389 -0.00543533217 -0.0187721272 0.000820153395 0 0 0
nt@synapse_cleft 2397 0.0109897114 -0.0575898828 0.00814615433 0 0 0
nt@synapse_cleft 2400 -0.0207030648 -0.0366302458 0.0179865598 0 0 0
nt@synapse_cleft 2410 0.0116393206 0.00232516415 0.0127689351 0 0 0
nt@synapse_cleft 2411 0.0169519463 -0.0422439494 0.00107217833 0 0 0
nt@synapse_cleft 2412 0.00217206307 0.00809699182 0.0118107693 0 0 0
nt@synapse_cleft 2417 -0.0128603861 0.00777562169 0.00707267444 0 0 0
nt@synapse_cleft 2421 -0.00591232868 0.0265718465 0.000731572042 0 0 0
nt@synapse_cleft 2423 0.0122112901 -0.0368147646 0.000586162681 0 0 0
nt@synapse_cleft 2434 0.00496766328 -0.022353205 0.0166453899 0 0 0
nt@synapse_cleft 2437 0.0260292325 0.0160765866 0.00284716304 0 0 0
nt@synapse_cleft 2438 0.00291565335 -0.0420844287 0.00297919301 0 0 0
nt@synapse_cleft 2440 -0.0177687741 -0.0280170111 0.0102147344 0 0 0
nt@synapse_cleft 2446 -0.0250540373 0.019738112 0.00708586302 0 0 0
nt@synapse_cleft 2448 -0.00254205181 0.00384369385 0.0127760614 0 0 0
nt@synapse_cleft 2456 -0.0168316098 -0.00510282126 0.0171164799 0 0 0
nt@synapse_cleft 2459 0.000764637544 0.0434532515 0.00100320281 0 0 0
nt@synapse_cleft 2462 -0.0159776897 0.0398631199 0.000599999772 0 0 0
nt@synapse_cleft 2463 0.00929921099 -0.0245534484 0.014655743 0 0 0
nt@synapse_cleft 2466 0.00190392102 -0.0327631109 0.00499558058 0 0 0
nt@synapse_cleft 2467 -0.00646758869 0.0287876883 0.00296861647 0 0 0
nt@synapse_cleft 2468 -0.050483517 -0.016384707 0.0105107558 0 0 0
nt@synapse_cleft 2470 0.00587285344 0.0174644045 0.00412625394 0 0 0
nt@synapse_cleft 2472 0.0406572103 -0.0530460781 0.0184657563 0 0 0
nt@synapse_cleft 2480 -0.0167919072 -0.0143565806 0.0121027825 0 0 0
nt@synapse_cleft 2481 -0.0231962223 -0.00131946483 0.00496874311 0 0 0
nt@synapse_cleft 2483 0.0300617248 0.0105105397 0.00884825796 0 0 0
nt@synapse_cleft 2491 0.00807953109 0.000141256061 0.0167325398 0 0 0
nt@synapse_cleft 2493 0.0196104364 -0.0503980651 0.0192991549 0 0 0
nt@synapse_cleft 2498 0.0179549614 -0.00796029567 0.0100090905 0 0 0
nt@synapse_cleft 2501 -0.000679611839 0.00952686163 0.00394088608 0 0 0
nt@synapse_cleft 2502 0.0156417827 -0.0377111427 0.0165276852 0 0 0
nt@synapse_cleft 2509 -0.00416533269 -0.0257769509 0.0147362664 0 0 0
nt@synapse_cleft 2510 -0.00593446414 -0.00266965165 0.0140812247 0 0 0
nt@synapse_cleft 2513 -0.000727370251 0.00896458702 0.000611426972 0 0 0
nt@synapse_cleft 2517 -0.00795568 -0.00662693125 0.0179233714 0 0 0
nt@synapse_cleft 2520 0.0292136506 0.0263203407 0.00072795604 0 0 0
nt@synapse_cleft 2521 -0.00495309017 0.0207026311 0.0066883159 0 0 0
nt@synapse_cleft 2525 0.025594056 0.0117004866 0.0114795084 0 0 0
nt@synapse_cleft 2528 -0.00907486447 0.000884862771 0.00623192866 0 0 0
nt@synapse_cleft 2539 -0.0151013778 0.0197402937 0.0181940444 0 0 0
nt@synapse_cleft 2542 0.0265169678 -0.0295471839 0.015313074 0 0 0
nt@synapse_cleft 2549 -0.0218838419 0.0533163564 0.0127962003 0 0 0
nt@synapse_cleft 2550 0.0245348066 -0.00992687683 0.00375591051 0 0 0
nt@synapse_cleft 2555 0.0488548306 -0.0157965024 0.000136516456 0 0 0
nt@synapse_cleft 2560 -0.035675782 0.00617659422 0.0058465713 0 0 0
nt@synapse_cleft 2561 0.0214010866 0.0470833907 0.0107458758 0 0 0
nt@synapse_cleft 2563 0.00372104612 0.00735294753 0.0179695992 0 0 0
nt@synapse_cleft 2564 -0.00579552899 0.0403363014 0.00553435128 0 0 0
nt@synapse_cleft 2566 -0.00379460086 -0.0114334308 0.00616868319 0 0 0
nt@synapse_cleft 2570 0.0230077296 0.00376395554 0.00605102383 0 0 0
nt@synapse_cleft 2571 0.011702478 -0.0447027905 0.0103648225 0 0 0
nt@synapse_cleft 2577 0.00596664722 0.0258139471 0.0143217403 0 0 0
nt@synapse_cleft 2586 0.0415498323 -0.00125766016 0.0142202072 0 0 0
nt@synapse_cleft 2591 -0.00578154326 -0.00958377209 0.00162631071 0 0 0
nt@synapse_cleft 2593 0.0591271911 0.0464686708 0.0187925627 0 0 0
nt@synapse_cleft 2597 -0.0150561912 0.0180508461 0.00249848973 0 0 0
nt@synapse_cleft 2600 0.0118084215 0.0423768792 0.0137884298 0 0 0
nt@synapse_cleft 2603 0.0158230077 -0.0161106793 0.0127709177 0 0 0
nt@synapse_cleft 2604 0.0357394192 -0.00750688154 0.00456291639 0 0 0
nt@synapse_cleft 2610 0.00813803052 -0.039348171 0.00294535254 0 0 0
nt@synapse_cleft 2613 -0.0344441732 -0.0285935124 0.0199612941 0 0 0
nt@synapse_cleft 2615 -0.0179628445 -0.0611919387 0.0089058031 0 0 0
nt@synapse_cleft 2617 -0.0182324063 0.0254749912 0.00735830225 0 0 0
nt@synapse_cleft 2620 0.00301183801 -0.0365153828 0.000476691698 0 0 0
nt@synapse_cleft 2623 -0.02280426 -0.0310676424 0.0151549571 0 0 0
nt@synapse_cleft 2625 -0.0417300876 -0.021176497 0.00981001269 0 0 0
nt@synapse_cleft 2628 0.0318813044 -0.0239325825 0.0198853208 0 0 0
nt@synapse_cleft 2631 -0.00263520811 0.0254501988 0.0167034181 0 0 0
nt@synapse_cleft 2639 0.0140387865 -0.00182270001 0.00417355997 0 0 0
nt@synapse_cleft 2641 -0.0140752237 -0.028354507 0.0112152425 0 0 0
nt@synapse_cleft 2642 -0.0431938566 -0.00351236304 0.0100045136 0 0 0
nt@synapse_cleft 2645 0.0109594414 0.0271760568 0.00426559798 0 0 0
nt@synapse_cleft 2650 0.0271750275 -0.0104393081 0.0116778128 0 0 0
nt@synapse_cleft 2652 -0.0186669291 0.000141250079 0.0162926093 0 0 0
nt@synapse_cleft 2660 -0.016961508 -0.0265624446 0.00802065292 0 0 0
nt@synapse_cleft 2661 0.03433972 -0.0323920431 0.00188300882 0 0 0
nt@synapse_cleft 2670 -0.030065266 -0.0142948156 0.0155552293 0 0 0
nt@synapse_cleft 2674 -0.0203244331 -0.00339896781 0.00193897314 0 0 0
nt@synapse_cleft 2675 -0.0081106885 0.00803481949 0.00359441417 0 0 0
nt@synapse_cleft 2680 -0.0605402286 -0.0208121685 0.0109018823 0 0 0
nt@synapse_cleft 2681 -0.0320195392 -0.0195431606 0.00675315265 0 0 0
nt@synapse_cleft 2688 -0.0586832413 0.0571136222 0.00503729391 0 0 0
nt@synapse_cleft 2692 0.0274494454 -0.0163191211 0.0123046228 0 0 0
nt@synapse_cleft 2702 -0.0037251052 -0.0205104203 0.00211266603 0 0 0
nt@synapse_cleft 2708 -0.0363959449 0.00523381401 0.0115042317 0 0 0
nt@synapse_cleft 2709 -0.00764910268 -0.00107461909 0.0196013361 0 0 0
nt@synapse_cleft 2710 -0.00147095836 -0.012546348 0.00806919534 0 0 0
nt@synapse_cleft 2713 0.000838901314 -0.0242011269 0.0159777755 0 0 0
nt@synapse_cleft 2714 0.0398479325 0.0245734299 0.00426339191 0 0 0
nt@synapse_cleft 2720 0.00976240846 0.0180925911 0.00519708085 0 0 0
nt@synapse_cleft 2724 0.00545812969 -0.00590196321 0.000872299647 0 0 0
nt@synapse_cleft 2729 0.0160263019 -0.00755142501 0.0169523048 0 0 0
nt@synapse_cleft 2734 0.0451257225 -0.000833580625 0.0184077823 0 0 0
nt@synapse_cleft 2739 0.0343366311 -0.0121726536 0.00982869824 0 0 0
nt@synapse_cleft 2743 -0.00347306338 -0.042543741 0.0158781119 0 0 0
nt@synapse_cleft 2750 0.0446649003 -0.0330208543 0.00441589745 0 0 0
nt@synapse_cleft 2752 -0.0223233564 -0.0140846298 0.00756675029 0 0 0
nt@synapse_cleft 2756 0.0301804632 -0.00255692821 0.00537646957 0 0 0
nt@synapse_cleft 2758 -0.00115013233 -0.0259263762 0.00864781991 0 0 0
nt@synapse_cleft 2760 -0.000757784222 -0.0173469818 0.0167587798 0 0 0
nt@synapse_cleft 2766 -0.0482084224 0.022045741 0.0174539637 0 0 0
nt@synapse_cleft 2775 0.0346982468 -0.00831729368 0.0170125075 0 0 0
nt@synapse_cleft 2785 0.000645746644 0.024249808 0.00871856937 0 0 0
nt@synapse_cleft 2798 -0.0250297608 0.010068003 0.0136206112 0 0 0
nt@synapse_cleft 2807 -0.0107167371 0.00321306606 0.00654538119 0 0 0
nt@synapse_cleft 2808 0.0165621963 0.0485856006 0.00116761637 0 0 0
nt@synapse_cleft 2812 -0.0490934476 -0.0355081316 0.00156582117 0 0 0
nt@synapse_cleft 2815 0.00321873037 0.00298679085 0.010391989 0 0 0
nt@synapse_cleft 2820 0.0156315728 -0.000116873467 0.0102197709 0 0 0
nt@synapse_cleft 2828 0.0185779086 -0.0437003497 0.00678377788 0 0 0
nt@synapse_cleft 2837 -0.0126461628 0.0037392779 0.0158905595 0 0 0
nt@synapse_cleft 2848 0.0164468543 0.0174989241 0.0146351397 0 0 0
nt@synapse_cleft 2854 0.0213994716 0.0011597924 0.00451561557 0 0 0
nt@synapse_cleft 2855 -0.0268945035 -0.025201725 0.00119049243 0 0 0
nt@synapse_cleft 2857 0.0211292381 -0.0154060913 0.0149732139 0 0 0
nt@synapse_cleft 2861 -0.0255199836 -0.000590544467 0.00381089997 0 0 0
nt@synapse_cleft 2863 -0.0307850485 0.0147669804 0.00501791418 0 0 0
nt@synapse_cleft 2868 0.00399020864 0.0154099771 0.00550648827 0 0 0
nt@synapse_cleft 2871 0.00658084631 -0.050595947 0.0112514304 0 0 0
nt@synapse_cleft 2875 0.00128059768 0.00589600789 0.0187631828 0 0 0
nt@synapse_cleft 2876 -0.0241713439 -0.00112109823 0.0131977522 0 0 0
nt@synapse_cleft 2880 -0.00283428307 0.0251704911 0.0142732296 0 0 0
nt@synapse_cleft 2884 0.0300533172 -0.0116834455 0.0118428502 0 0 0
nt@synapse_cleft 2887 0.00587129208 -0.0282207937 0.0162306151 0 0 0
nt@synapse_cleft 2894 0.00803434352 0.0104371209 0.00570436923 0 0 0
nt@synapse_cleft 2895 0.0535374094 -0.00209616697 0.0119284916 0 0 0
nt@synapse_cleft 2897 0.0103978742 -0.0402595695 0.0169647966 0 0 0
nt@synapse_cleft 2905 -0.0159013876 0.0192460747 0.0118406684 0 0 0
nt@synapse_cleft 2909 0.0372963792 -0.0107060175 0.0108029183 0 0 0
nt@synapse_cleft 2910 -0.0387835227 0.0128065496 0.0107438107 0 0 0
nt@synapse_cleft 2912 0.0259627174 -0.0100447253 0.00716911857 0 0 0
nt@synapse_cleft 2915 0.0285390826 -0.0270513036 0.0099586779 0 0 0
nt@synapse_cleft 2918 -0.00661458201 -0.0511639569 0.0172418192 0 0 0
nt@synapse_cleft 2920 0.0193020527 -0.00966191693 0.0156405307 0 0 0
nt@synapse_cleft 2921 -0.00146272477 0.039931437 2.27135349e-05 0 0 0
nt@synapse_cleft 2922 0.0578359331 -0.0114836194 0.015858594 0 0 0
nt@synapse_cleft 2925 -0.0123447787 0.0175580642 0.0154609936 0 0 0
nt@synapse_cleft 2928 0.00159305345 0.0537725455 0.0101870604 0 0 0
nt@synapse_cleft 2933 -0.0124069262 -0.00993593176 0.0091607479 0 0 0
nt@synapse_cleft 2935 -0.0358708696 0.00145551989 0.0193946929 0 0 0
nt@synapse_cleft 2938 0.00953978083 -0.0283676213 0.00334422473 0 0 0
nt@synapse_cleft 2940 -0.00146797557 -0.0200532877 0.00322317336 0 0 0
nt@synapse_cleft 2945 -0.0308450381 -0.0113017253 0.00576534843 0 0 0
nt@synapse_cleft 2946 0.00929340367 -0.00208975856 0.00834451483 0 0 0
nt@synapse_cleft 2951 -0.0170703443 0.00539139974 0.0106022711 0 0 0
nt@synapse_cleft 2955 -0.0237620975 -0.00684251759 0.00711215324 0 0 0
nt@synapse_cleft 2961 0.0567529364 -0.0342998888 0.00789941776 0 0 0
nt@synapse_cleft 2962 0.0175281744 0.00836922209 0.0184462475 0 0 0
nt@synapse_cleft 2967 -0.0273953659 -0.0507129645 0.0109829563 0 0 0
nt@synapse_cleft 2982 -0.00828359175 0.0056927582 0.00797500097 0 0 0
nt@synapse_cleft 2983 0.0117434878 -0.0484680361 0.0060187153 0 0 0
nt@synapse_cleft 2992 -0.0374731099 0.0238170624 0.00613181112 0 0 0
nt@synapse_cleft 2993 -0.00912829193 0.0379117406 0.00150451688 0 0 0
nt@synapse_cleft 2997 0.0240057923 -0.0236265541 0.00119288207 0 0 0
nt@synapse_cleft 3006 0.0141071876 0.0327550883 0.0155446465 0 0 0
nt@synapse_cleft 3008 0.0160021172 0.0601543653 0.0166483312 0 0 0
nt@synapse_cleft 3012 0.0237737242 -0.0037438318 0.00324158649 0 0 0
nt@synapse_cleft 3019 -0.00545993595 -0.00448178072 0.00423372422 0 0 0
nt@synapse_cleft 3020 -0.0207472054 -0.0190001352 0.00789534755 0 0 0
nt@synapse_cleft 3024 0.0123538349 0.0185282755 0.00390810014 0 0 0
nt@synapse_cleft 3026 -0.010163084 0.00641581879 0.0135845782 0 0 0
nt@synapse_cleft 3042 -0.00745288283 0.00736286656 0.0139615507 0 0 0
nt@synapse_cleft 3047 0.0323708308 0.0413056244 0.0024094119 0 0 0
nt@synapse_cleft 3057 0.00917454948 -0.0223953152 0.0162945225 0 0 0
nt@synapse_cleft 3061 -0.00867829014 0.0256443572 0.00816673831 0 0 0
nt@synapse_cleft 3062 0.00776383124 -0.0250605808 0.00853024924 0 0 0
nt@synapse_cleft 3069 0.0450765477 -0.0333753933 0.00309109927 0 0 0
nt@synapse_cleft 3073 0.00454775637 0.0322037625 0.00567218974 0 0 0
nt@synapse_cleft 3076 -0.0263808752 -0.0119317866 0.00169326963 0 0 0
nt@synapse_cleft 3078 -0.0292296265 -0.0204574181 0.000813983552 0 0 0
nt@synapse_cleft 3082 0.00506212692 0.0224162054 0.0164798785 0 0 0
nt@synapse_cleft 3089 0.0102177531 -0.0103792633 0.000929596714 0 0 0
nt@synapse_cleft 3092 -0.015325613 0.00665712049 0.0165049498 0 0 0
nt@synapse_cleft 3096 -0.0030611488 0.0256530986 0.00316685339 0 0 0
nt@synapse_cleft 3097 0.0378829939 0.0141753858 0.00975300669 0 0 0
nt@synapse_cleft 3099 -0.0191351079 0.0155179038 0.0129693906 0 0 0
nt@synapse_cleft 3109 -0.024255106 0.0251767282 0.0101036127 0 0 0
nt@synapse_cleft 3111 -0.00689646882 -0.0154445904 0.000359864833 0 0 0
nt@synapse_cleft 3113 -0.0116076087 0.02078265 0.0164121521 0 0 0
nt@synapse_cleft 3114 0.0204916003 0.0260214161 0.0163446138 0 0 0
nt@synapse_cleft 3122 -0.00124278583 -0.00160912355 0.000217268157 0 0 0
nt@synapse_cleft 3132 -0.0232482436 -0.00366504639 0.00912839942 0 0 0
nt@synapse_cleft 3134 -0.000264853175 0.0276971438 0.0170523651 0 0 0
nt@synapse_cleft 3144 -0.000827393678 -0.0480235085 0.0195750278 0 0 0
nt@synapse_cleft 3147 -0.00792006762 0.00637170417 0.00836693216 0 0 0
nt@synapse_cleft 3150 0.0247820626 -0.0655168623 0.010341058 0 0 0
nt@synapse_cleft 3155 -0.00576739973 0.0202016638 0.0151030468 0 0 0
nt@synapse_cleft 3158 -0.0176698541 0.00152108158 0.0018621542 0 0 0
nt@synapse_cleft 3159 -0.0245026952 0.0242760056 0.016222327 0 0 0
nt@synapse_cleft 3165 0.0260832394 -0.000146129654 0.0122452621 0 0 0
nt@synapse_cleft 3167 0.0025618939 0.0152534013 0.0130863464 0 0 0
nt@synapse_cleft 3177 0.0130311661 -0.0325166595 0.00743195509 0 0 0
nt@synapse_cleft 3178 -0.00248092228 -0.0179935035 0.00867652376 0 0 0
nt@synapse_cleft 3179 0.0123746258 -0.00281574166 0.005941853 0 0 0
nt@synapse_cleft 3181 0.00736165777 0.0232790655 0.0115444957 0 0 0
nt@synapse_cleft 3182 -0.00660310045 -0.00782980229 0.00909767915 0 0 0
nt@synapse_cleft 3183 -0.010275186 -0.0181635348 0.0174984162 0 0 0
nt@synapse_cleft 3184 0.0015832636 0.0142641037 0.0024739949 0 0 0
nt@synapse_cleft 3185 -0.00492221545 -0.0101085978 0.000389469035 0 0 0
nt@synapse_cleft 3187 -0.0210839639 0.00139446838 0.0146984356 0 0 0
nt@synapse_cleft 3190 0.0201972069 -0.00916651602 0.00548998424 0 0 0
nt@synapse_cleft 3195 -0.0141035506 0.00193178682 0.00245988492 0 0 0
nt@synapse_cleft 3199 -0.00103143104 0.0405491924 0.0150045448 0 0 0
nt@synapse_cleft 3202 0.00492986885 0.0266801407 0.0199278221 0 0 0
nt@synapse_cleft 3207 -0.0196343174 -0.0108274757 0.0188860049 0 0 0
nt@synapse_cleft 3211 0.00855301861 0.00517029967 0.00862093419 0 0 0
nt@synapse_cleft 3214 0.00820249443 -0.00985922718 0.0133374362 0 0 0
nt@synapse_cleft 3220 -0.00286921093 0.0174724711 0.0107051817 0 0 0
nt@synapse_cleft 3222 -0.0515421632 -0.0151593756 0.00631548663 0 0 0
nt@synapse_cleft 3227 0.00200288019 0.00604275531 0.0117253747 0 0 0
nt@synapse_cleft 3230 -0.0661208862 -0.0193070775 0.00210886574 0 0 0
nt@synapse_cleft 3247 0.0136467172 -0.00282218311 0.0160329933 0 0 0
nt@synapse_cleft 3248 -0.0176908426 -0.0238889661 0.0188351614 0 0 0
nt@synapse_cleft 3249 -0.0041576574 0.00896747224 0.00708044514 0 0 0
nt@synapse_cleft 3275 0.0017520224 -0.00938522008 0.0193161343 0 0 0
nt@synapse_cleft 3284 0.0137075651 -0.000635965433 0.0111582915 0 0 0
nt@synapse_cleft 3302 -0.00134625561 -0.0351394393 3.65877744e-05 0 0 0
nt@synapse_cleft 3304 0.0260096794 0.0612936603 0.00164080719 0 0 0
nt@synapse_cleft 3308 -0.0146943755 0.0336155237 0.00357638984 0 0 0
nt@synapse_cleft 3311 -0.0261171935 0.0174834694 0.0177293234 0 0 0
nt@synapse_cleft 3312 -0.00604754256 -0.0123655222 0.00331502709 0 0 0
nt@synapse_cleft 3313 -0.00132028741 -0.0160986911 0.0106401034 0 0 0
nt@synapse_cleft 3316 0.0106255955 -0.00854655624 0.00430644299 0 0 0
nt@synapse_cleft 3324 -0.00974967521 -0.00800183903 0.00312510403 0 0 0
nt@synapse_cleft 3326 0.000248166022 -0.0134547426 0.00208298447 0 0 0
nt@synapse_cleft 3327 0.00185966636 -0.0413977865 0.0199883831 0 0 0
nt@synapse_cleft 3334 0.0231311651 0.0112262421 0.013637391 0 0 0
nt@synapse_cleft 3335 0.033177079 0.000817981687 0.0147882265 0 0 0
nt@synapse_cleft 3338 0.00987050269 -0.0287284266 0.0092817607 0 0 0
nt@synapse_cleft 3341 0.0160672632 0.0107638896 0.00415607539 0 0 0
nt@synapse_cleft 3342 0.00389217421 -0.0047206965 0.0183395331 0 0 0
nt@synapse_cleft 3347 0.027474718 -0.0471957101 0.0108244286 0 0 0
nt@synapse_cleft 3354 -0.0148844253 -0.0203372727 0.00896996243 0 0 0
nt@synapse_cleft 3367 -0.000915698563 0.0234923397 0.00881293797 0 0 0
nt@synapse_cleft 3372 -0.0325342426 -0.0135130938 0.00752797085 0 0 0
nt@synapse_cleft 3375 0.0523604207 0.0232508064 0.0185010608 0 0 0
nt@synapse_cleft 3378 0.0135275638 0.0321684542 0.00955465163 0 0 0
nt@synapse_cleft 3394 -0.00896634298 -0.0246516268 0.00917671646 0 0 0
nt@synapse_cleft 3401 0.0379963605 -0.00270378418 0.019463664 0 0 0
nt@synapse_cleft 3402 -0.0102935923 -0.00748783954 0.00099337211 0 0 0
nt@synapse_cleft 3404 0.0221367316 -0.0239450167 0.0135115633 0 0 0
nt@synapse_cleft 3405 0.0218005138 0.0282213626 0.00656174437 0 0 0
nt@synapse_cleft 3407 0.00431464195 0.0446603702 0.00441939704 0 0 0
nt@synapse_cleft 3413 0.0166300234 0.0108560684 0.00801542211 0 0 0
nt@synapse_cleft 3415 -0.0176471654 0.0200328646 0.0123354567 0 0 0
nt@synapse_cleft 3419 -0.0318369919 0.0216761241 0.0161570948 0 0 0
nt@synapse_cleft 3429 0.0341939906 -0.0152368005 0.0140100942 0 0 0
nt@synapse_cleft 3432 0.0496724514 -0.0704819404 0.00911085204 0 0 0
nt@synapse_cleft 3434 0.00317572221 -0.0249434234 0.00255392662 0 0 0
nt@synapse_cleft 3445 0.00641052561 0.0115200823 0.018812629 0 0 0
nt@synapse_cleft 3451 0.0198206748 0.0195246586 0.00116751257 0 0 0
nt@synapse_cleft 3455 -0.00265504519 -0.0082849049 0.0186235174 0 0 0
nt@synapse_cleft 3467 -0.0561663805 0.00818439071 0.00736037369 0 0 0
nt@synapse_cleft 3470 0.0321956479 -0.0164612798 0.0199222301 0 0 0
nt@synapse_cleft 3472 -0.0197323559 0.0108813988 0.0199282314 0 0 0
nt@synapse_cleft 3474 0.0334088303 -0.00504054596 0.000605033576 0 0 0
nt@synapse_cleft 3482 -0.0560317442 -0.0422682989 0.0179613052 0 0 0
nt@synapse_cleft 3484 -0.00794899771 0.0182197799 0.0164356967 0 0 0
nt@synapse_cleft 3496 0.00223586711 -0.00840798636 0.0142501627 0 0 0
nt@synapse_cleft 3500 0.0137948492 -0.0276651911 0.00889345733 0 0 0
nt@synapse_cleft 3502 0.0311530839 0.0291603245 0.00718771097 0 0 0
nt@synapse_cleft 3507 -0.0218243105 -0.00950210969 0.0127876243 0 0 0
nt@synapse_cleft 3511 0.0288763564 -0.0194245806 0.0178665865 0 0 0
nt@synapse_cleft 3514 -0.00334998549 -0.0212621772 0.0136937933 0 0 0
nt@synapse_cleft 3519 0.0325460677 -0.030197425 0.00356546012 0 0 0
nt@synapse_cleft 3525 -0.00364821458 -0.0217183008 0.00294663953 0 0 0
nt@synapse_cleft 3526 0.0183768311 -0.0342018794 0.0031202285 0 0 0
nt@synapse_cleft 3529 -0.0412898577 0.00758174151 0.00994806437 0 0 0
nt@synapse_cleft 3535 0.00247992125 -0.00821227496 0.00879337336 0 0 0
nt@synapse_cleft 3536 -0.010522831 0.00700715893 0.000311804286 0 0 0
nt@synapse_cleft 3538 -0.019085924 0.00379732928 0.00319616193 0 0 0
nt@synapse_cleft 3539 -0.0379255144 0.0227421224 0.00406954312 0 0 0
nt@synapse_cleft 3542 0.00780330317 0.0400154305 0.0160193047 0 0 0
nt@synapse_cleft 3543 -0.0168833473 -0.00114436652 0.0120516865 0 0 0
nt@synapse_cleft 3546 -0.00676904411 0.00806028088 0.0115904659 0 0 0
nt@synapse_cleft 3561 -0.0238657833 0.0157678028 0.00254484508 0 0 0
nt@synapse_cleft 3562 -0.0606135422 -0.00145168771 0.0120270671 0 0 0
nt@synapse_cleft 3563 0.00876883724 -0.00740961819 0.0181756048 0 0 0
nt@synapse_cleft 3565 0.0302250619 -0.0151242782 0.00644172851 0 0 0
nt@synapse_cleft 3566 0.00358178028 0.0530930073 0.00402642597 0 0 0
nt@synapse_cleft 3567 0.0125076655 0.0151040289 0.016565207 0 0 0
nt@synapse_cleft 3568 0.0244482857 -0.0373465066 0.0187700608 0 0 0
nt@synapse_cleft 3569 0.0263393359 -0.00651554592 0.0135212327 0 0 0
nt@synapse_cleft 3575 -0.0233871101 0.0085249854 0.00105992205 0 0 0
nt@synapse_cleft 3576 0.030560899 0.00207025969 0.00684101036 0 0 0
nt@synapse_cleft 3579 0.000653072638 -0.0196098561 0.000833985771 0 0 0
nt@synapse_cleft 3583 -0.00978690036 0.005140491 0.0170884119 0 0 0
nt@synapse_cleft 3585 0.0156278874 0.000547264656 0.0186776035 0 0 0
nt@synapse_cleft 3592 0.0330857888 0.0256851081 0.0157453234 0 0 0
nt@synapse_cleft 3597 0.0116846799 -0.0283051537 0.0174389853 0 0 0
nt@synapse_cleft 3599 0.0190186409 -0.0383231316 0.0194312951 0 0 0
nt@synapse_cleft 3602 -0.0376381402 -0.0121486104 0.00443628576 0 0 0
nt@synapse_cleft 3603 -0.00463071509 0.0309826251 0.0198808606 0 0 0
nt@synapse_cleft 3606 -0.0085711187 -0.0038908107 0.0141193568 0 0 0
nt@synapse_cleft 3610 -0.0083861626 0.00195824933 0.00712060421 0 0 0
nt@synapse_cleft 3611 0.0192671935 -0.00390257869 0.00228614073 0 0 0
nt@synapse_cleft 3616 -0.0294952402 0.0416728198 0.0169565321 0 0 0
nt@synapse_cleft 3617 0.00158443643 -0.0508104709 0.0192451522 0 0 0
nt@synapse_cleft 3620 0.0109596254 0.0207276709 0.0107050898 0 0 0
nt@synapse_cleft 3625 0.01922276 0.00776203839 0.0173281622 0 0 0
nt@synapse_cleft 3630 0.020427042 0.021561439 0.0158087385 0 0 0
nt@synapse_cleft 3635 -0.0141174963 0.00515704512 0.000740187931 0 0 0
nt@synapse_cleft 3636 -0.0269401825 -0.00794518461 0.00735076006 0 0 0
nt@synapse_cleft 3637 0.0395550952 0.0213686825 0.00327889756 0 0 0
nt@synapse_cleft 3640 -0.0140924796 0.00781608725 0.0103663456 0 0 0
nt@synapse_cleft 3642 -0.014836506 -0.000573662487 0.0171711862 0 0 0
nt@synapse_cleft 3645 -0.0108571318 -0.0156038083 0.000302360873 0 0 0
nt@synapse_cleft 3654 0.00631140871 0.04644197 0.000524387058 0 0 0
nt@synapse_cleft 3656 0.0145428117 -0.0139043123 0.0103588983 0 0 0
nt@synapse_cleft 3658 0.0199355397 -0.0281151932 0.0156819344 0 0 0
nt@synapse_cleft 3661 0.024668711 0.00123213566 0.0192408676 0 0 0
nt@synapse_cleft 3664 0.0368049822 -0.0187561878 0.0149738967 0 0 0
nt@synapse_cleft 3667 -0.0105385289 0.00660793951 0.00502937751 0 0 0
nt@synapse_cleft 3670 0.0252037097 -0.0374535651 0.0186908791 0 0 0
nt@synapse_cleft 3676 -0.0357966596 -0.00759731987 0.00581762076 0 0 0
nt@synapse_cleft 3681 0.0359270082 -0.0102005185 0.000571319407 0 0 0
nt@synapse_cleft 3689 -0.00941620394 -0.0107438556 0.0150512584 0 0 0
nt@synapse_cleft 3690 0.0182132651 -0.0187280733 0.0174840356 0 0 0
nt@synapse_cleft 3693 -0.0524825866 -0.0331359127 0.00171825969 0 0 0
nt@synapse_cleft 3706 0.03530357 0.00060484904 0.013953281 0 0 0
nt@synapse_cleft 3707 -0.043057257 -0.00318060088 0.0180345923 0 0 0
nt@synapse_cleft 3713 0.032508279 -0.0305458584 0.0156902665 0 0 0
nt@synapse_cleft 3714 -0.0588558072 -0.00358368897 0.00914753263 0 0 0
nt@synapse_cleft 3726 0.0135132044 -0.0602199397 0.0119517771 0 0 0
nt@synapse_cleft 3728 0.00867580389 0.0255868866 0.00568027544 0 0 0
nt@synapse_cleft 3730 0.0130698651 0.0300774299 0.018084134 0 0 0
nt@synapse_cleft 3731 -0.000380731429 0.0122749021 0.0190493422 0 0 0
nt@synapse_cleft 3732 0.0018929975 -0.00604576159 0.0195898523 0 0 0
nt@synapse_cleft 3734 0.0100910627 0.00649404258 0.00923734728 0 0 0
nt@synapse_cleft 3737 0.00177801586 0.00476693745 0.012342173 0 0 0
nt@synapse_cleft 3738 0.000862293611 0.028295406 0.0186983462 0 0 0
nt@synapse_cleft 3739 0.00984466214 0.0486059024 0.00900079809 0 0 0
nt@synapse_cleft 3745 -0.000935783136 0.0187061377 9.62572662e-05 0 0 0
nt@synapse_cleft 3751 0.00822574711 -0.00399544405 0.00462043638 0 0 0
nt@synapse_cleft 3758 -0.0206852384 -0.0271561438 0.00595815065 0 0 0
nt@synapse_cleft 3759 -0.000518934566 -0.0136853704 0.00105434862 0 0 0
nt@synapse_cleft 3760 -0.0147838011 0.0463213215 0.00861211787 0 0 0
nt@synapse_cleft 3763 0.0509187129 0.0352816833 0.0153387589 0 0 0
nt@synapse_cleft 3768 0.00640927076 -0.0173003893 0.00463462899 0 0 0
nt@synapse_cleft 3770 0.0141767185 0.000569539979 0.0110605889 0 0 0
nt@synapse_cleft 3771 0.0147131063 0.0162155697 0.0196496562 0 0 0
nt@synapse_cleft 3775 0.00970369225 0.00849085349 0.00999715479 0 0 0
nt@synapse_cleft 3783 -0.0263028345 0.000639545499 0.0193402473 0 0 0
nt@synapse_cleft 3788 -0.0238825131 -0.00482573478 0.000785833824 0 0 0
nt@synapse_cleft 3793 -0.0192197457 -0.0201425163 0.0104375738 0 0 0
nt@synapse_cleft 3800 0.0359624979 -0.010179865 0.0077173567 0 0 0
nt@synapse_cleft 3802 0.0285766591 0.00699725155 0.0083676805 0 0 0
nt@synapse_cleft 3811 -0.0277571687 -0.0100775237 0.0152562958 0 0 0
nt@synapse_cleft 3821 0.0345743079 0.0285906782 0.00564244996 0 0 0
nt@synapse_cleft 3827 0.0128949781 0.0217937163 0.0116530844 0 0 0
nt@synapse_cleft 3831 -0.00666816902 -0.0465976606 0.00217886965 0 0 0
nt@synapse_cleft 3834 0.0464922845 -0.0107844765 0.0167835522 0 0 0
nt@synapse_cleft 3835 0.0151642414 -0.0359528283 0.0153253707 0 0 0
nt@synapse_cleft 3841 0.0176932601 -0.0236884863 0.0180514167 0 0 0
nt@synapse_cleft 3844 -0.0185244736 -0.00463286234 0.0160665011 0 0 0
nt@synapse_cleft 3846 -0.010200745 0.0067797386 0.0115985712 0 0 0
nt@synapse_cleft 3848 0.0238348563 0.0109203477 0.0189441633 0 0 0
nt@synapse_cleft 3850 -0.0214710692 0.000954853748 0.0156669049 0 0 0
nt@synapse_cleft 3859 0.03766048 0.00579752326 0.0109767872 0 0 0
nt@synapse_cleft 3879 0.0123968968 -0.0391821814 0.00366281195 0 0 0
nt@synapse_cleft 3886 0.0244187698 0.0424741262 0.014041885 0 0 0
nt@synapse_cleft 3891 -0.00368436816 -0.0182196386 0.0131927905 0 0 0
nt@synapse_cleft 3902 -0.0129493312 0.00489948511 0.00386828549 0 0 0
nt@synapse_cleft 3907 -0.0249023183 -0.020689831 0.00442163311 0 0 0
nt@synapse_cleft 3909 0.0104101285 0.0382089188 0.000122853093 0 0 0
nt@synapse_cleft 3917 -0.000168197259 -0.0170825572 0.00134799529 0 0 0
nt@synapse_cleft 3918 -0.00369918716 -0.00917038528 0.00286628328 0 0 0
nt@synapse_cleft 3921 0.017780049 0.0338339648 0.0192547446 0 0 0
nt@synapse_cleft 3927 0.00616948696 0.026786191 0.0183457489 0 0 0
nt@synapse_cleft 3932 0.00605132909 -0.00778450091 0.00806045481 0 0 0
nt@synapse_cleft 3936 -0.0264857516 0.0153090184 0.0108127968 0 0 0
nt@synapse_cleft 3940 0.00276401327 -0.0212222855 0.00298343768 0 0 0
nt@synapse_cleft 3941 -0.0226166507 0.00632826928 0.00929720813 0 0 0
nt@synapse_cleft 3949 -0.019775516 0.0036687649 0.0127451459 0 0 0
nt@synapse_cleft 3952 -0.0189521122 0.00388556868 0.00761135291 0 0 0
nt@synapse_cleft 3953 0.0126511666 -0.0153073686 0.00102295166 0 0 0
nt@synapse_cleft 3956 -0.0100640442 -0.0145304996 0.0116214785 0 0 0
nt@synapse_cleft 3957 0.0281941181 -0.00484204368 0.0185053214 0 0 0
nt@synapse_cleft 3958 0.0166721247 0.0222919848 0.0188833623 0 0 0
nt@synapse_cleft 3962 -0.0306954952 0.0237825754 0.00946094683 0 0 0
nt@synapse_cleft 3963 0.0201103541 0.0361248148 0.00768489246 0 0 0
nt@synapse_cleft 3965 -0.0323984942 0.00265589989 0.00565998227 0 0 0
nt@synapse_cleft 3967 0.0210780408 -0.0151100916 0.00188593397 0 0 0
nt@synapse_cleft 3968 0.0168004912 -0.00334615136 0.0175462658 0 0 0
nt@synapse_cleft 3969 0.00857071724 -0.0347621781 0.0125234428 0 0 0
nt@synapse_cleft 3973 0.0218287971 0.000225104918 0.0171292216 0 0 0
nt@synapse_cleft 3974 -0.027581413 0.0334465708 0.0159454959 0 0 0
nt@synapse_cleft 3977 0.00415553076 0.0286229443 0.00277077019 0 0 0
nt@synapse_cleft 3978 0.0238550868 0.00332576479 0.019103321 0 0 0
nt@synapse_cleft 3983 -0.0161426186 -0.0304471729 0.00282555577 0 0 0
nt@synapse_cleft 3988 -0.0101446387 -0.0240788868 0.0106573823 0 0 0
nt@synapse_cleft 3989 0.0454906242 0.0066931417 0.00673967377 0 0 0
nt@synapse_cleft 3991 0.0701716999 -0.0134819295 0.00474646815 0 0 0
nt@synapse_cleft 3992 0.00819518141 0.0102148003 0.0194620507 0 0 0
nt@synapse_cleft 3993 -0.0298645083 -0.000847623177 0.00578989263 0 0 0
nt@synapse_cleft 3995 -0.0426520224 0.0179688349 0.000301411051 0 0 0
nt@synapse_cleft 3997 -0.0511268712 -0.000867790136 0.0166927437 0 0 0
nt@synapse_cleft 3999 -0.0396844819 -0.0112269607 0.0165854988 0 0 0
nt@synapse_cleft 4009 0.00734748831 -0.012928664 0.00391869683 0 0 0
nt@synapse_cleft 4011 0.0143367243 0.00420742325 0.00177736541 0 0 0
nt@synapse_cleft 4016 0.00155322395 0.0567449018 0.00362223053 0 0 0
nt@synapse_cleft 4018 0.0136508163 0.01178899 0.00739997345 0 0 0
nt@synapse_cleft 4022 -0.0187729875 -0.00987970357 0.00888260544 0 0 0
nt@synapse_cleft 4024 -0.00664686556 0.0383158589 0.00764467976 0 0 0
nt@synapse_cleft 4025 -0.028212284 -0.00438004328 0.0104548349 0 0 0
nt@synapse_cleft 4027 0.0132121741 -0.0183614523 0.00436899369 0 0 0
nt@synapse_cleft 4028 -0.0165882543 0.0202978725 0.00157597667 0 0 0
nt@synapse_cleft 4033 -0.0110613792 -0.0129395318 0.00509135942 0 0 0
nt@synapse_cleft 4037 -0.0189894475 0.0309389867 0.0168619568 0 0 0
nt@synapse_cleft 4040 0.00406247279 0.0130531876 0.0185904411 0 0 0
nt@synapse_cleft 4047 -0.00484251804 0.0175323161 0.0163029712 0 0 0
nt@synapse_cleft 4049 0.0279220135 0.00276791737 0.0130219488 0 0 0
nt@synapse_cleft 4051 0.0122090498 0.00963303005 0.0134409908 0 0 0
nt@synapse_cleft 4064 0.0131103814 0.00311793766 0.0153762665 0 0 0
nt@synapse_cleft 4070 -0.0157264829 0.0186821594 0.0192771524 0 0 0
nt@synapse_cleft 4071 -0.0392699589 -0.0321553999 0.0174627659 0 0 0
nt@synapse_cleft 4087 -0.00220974179 0.040738411 0.00624049185 0 0 0
nt@synapse_cleft 4094 0.0360204158 -0.0369440607 0.00870256222 0 0 0
nt@synapse_cleft 4095 0.0144324875 0.0148652303 0.0199048699 0 0 0
nt@synapse_cleft 4099 -0.0082646902 0.0320013864 0.00172550073 0 0 0
nt@synapse_cleft 4102 0.0316097449 -0.0220287468 0.0183753094 0 0 0
nt@synapse_cleft 4103 -0.0109086166 0.000135144182 0.00437231579 0 0 0
nt@synapse_cleft 4106 0.0162213741 0.0156436065 0.0120110162 0 0 0
nt@synapse_cleft 4110 -0.0204566061 0.0174851257 0.00654888778 0 0 0
nt@synapse_cleft 4111 0.0456578796 0.00860901199 0.00194935929 0 0 0
nt@synapse_cleft 4115 -0.00333450434 0.0102017456 0.0108213202 0 0 0
nt@synapse_cleft 4116 0.00939205134 -0.00329811334 0.01449236 0 0 0
nt@synapse_cleft 4119 0.0269068615 -0.041661187 0.019859693 0 0 0
nt@synapse_cleft 4123 0.0223066073 0.0212966169 0.00322548756 0 0 0
nt@synapse_cleft 4126 0.0297928671 -0.0214431795 0.0163704138 0 0 0
nt@synapse_cleft 4129 -0.0216355529 0.00566790874 0.00154585098 0 0 0
nt@synapse_cleft 4131 -0.0299981291 0.0173828392 0.0147409254 0 0 0
nt@synapse_cleft 4132 0.0181625654 0.0223702442 0.0187326758 0 0 0
nt@synapse_cleft 4135 -0.0004797945 -0.010633993 0.00561987862 0 0 0
nt@synapse_cleft 4144 0.00292498257 -0.000446355852 0.00573812061 0 0 0
nt@synapse_cleft 4150 -0.0380361742 -0.0631450075 0.0110246764 0 0 0
nt@synapse_cleft 4153 -0.00657895928 -0.0182186468 0.00479291331 0 0 0
nt@synapse_cleft 4155 0.0196013402 -0.0386620303 0.0194238689 0 0 0
nt@synapse_cleft 4156 0.0238854741 -0.00983336717 0.00362506503 0 0 0
nt@synapse_cleft 4157 0.00834574949 0.0184552665 0.0167429403 0 0 0
nt@synapse_cleft 4158 -0.00287971932 -0.00256560386 0.00466435993 0 0 0
nt@synapse_cleft 4162 0.0280525789 -0.0269318328 0.00717191316 0 0 0
nt@synapse_cleft 4163 -0.00684599421 0.0286103794 0.00408563484 0 0 0
nt@synapse_cleft 4170 -0.0536766382 0.00292999315 0.0114165112 0 0 0
nt@synapse_cleft 4177 -0.0390326702 0.0594032768 0.00290262462 0 0 0
nt@synapse_cleft 4178 -0.015602109 -0.0448283158 0.00772159156 0 0 0
nt@synapse_cleft 4184 0.00691523872 -0.0148454758 0.00276413568 0 0 0
nt@synapse_cleft 4187 -0.0266777827 -0.0141685227 0.0153252689 0 0 0
nt@synapse_cleft 4193 -0.00883780509 -0.0282739134 0.0148408572 0 0 0
nt@synapse_cleft 4196 -0.028513907 0.0133444207 0.00331122545 0 0 0
nt@synapse_cleft 4210 0.0158470727 -0.00483409992 0.0103776576 0 0 0
nt@synapse_cleft 4214 -0.0429493342 0.0113016188 0.00877281768 0 0 0
nt@synapse_cleft 4215 0.0206362587 -0.0418869617 0.0117119505 0 0 0
nt@synapse_cleft 4220 -0.00704089434 -0.0140638785 0.0160968886 0 0 0
nt@synapse_cleft 4228 0.016030065 -0.0103931194 0.00948170136 0 0 0
nt@synapse_cleft 4229 -0.0237219309 -0.0120507423 0.0174549352 0 0 0
nt@synapse_cleft 4230 -0.00888873579 0.0260033357 0.00418134803 0 0 0
nt@synapse_cleft 4233 0.0110710902 0.0178427875 0.00633543998 0 0 0
nt@synapse_cleft 4234 -0.00454289296 -0.0103089398 0.00293994819 0 0 0
nt@synapse_cleft 4236 -0.00770077471 0.00780595551 0.0186582158 0 0 0
nt@synapse_cleft 4237 0.00766409912 -0.0220292754 0.0137973294 0 0 0
nt@synapse_cleft 4238 -0.0155217357 -0.02992414 0.00808776186 0 0 0
nt@synapse_cleft 4241 -0.0390082942 0.00869865166 0.00875270532 0 0 0
nt@synapse_cleft 4242 0.0138011929 0.0024923674 0.0182456901 0 0 0
nt@synapse_cleft 4243 0.0189704176 0.00509582812 0.016683166 0 0 0
nt@synapse_cleft 4252 0.0449678033 -0.0167841401 0.0126453006 0 0 0
nt@synapse_cleft 4254 0.00449330514 0.0262985482 0.00894685002 0 0 0
nt@synapse_cleft 4255 -0.0232049646 -0.0463571136 0.0193065497 0 0 0
nt@synapse_cleft 4262 0.036899565 -0.00603674041 0.00490610919 0 0 0
nt@synapse_cleft 4271 0.000667813589 -0.0206111284 0.0133013298 0 0 0
nt@synapse_cleft 4272 -0.00793115133 0.0236633009 0.0128427627 0 0 0
nt@synapse_cleft 4279 0.00712241757 -0.0188332728 0.0156674588 0 0 0
nt@synapse_cleft 4283 -0.0292990748 0.00243097219 0.0147160943 0 0 0
nt@synapse_cleft 4284 0.0376330678 -0.0187666824 0.000590834627 0 0 0
nt@synapse_cleft 4285 -0.0237518654 0.0436719229 0.00136326643 0 0 0
nt@synapse_cleft 4287 0.0506130363 0.00501685382 0.0163365721 0 0 0
nt@synapse_cleft 4288 0.020017923 -0.0165012701 0.0180893419 0 0 0
nt@synapse_cleft 4293 -0.00291743315 -0.0243074358 0.00548271421 0 0 0
nt@synapse_cleft 4297 0.0401987198 -0.0257612932 0.00245547086 0 0 0
nt@synapse_cleft 4301 0.0138435188 -0.0129852173 0.00673586334 0 0 0
nt@synapse_cleft 4312 -0.0187868229 -0.0220744524 0.0123868165 0 0 0
nt@synapse_cleft 4317 -0.0101483266 0.026147339 0.00783650912 0 0 0
nt@synapse_cleft 4318 -0.0255580703 -0.0226472032 0.0110872601 0 0 0
nt@synapse_cleft 4322 0.00762880107 0.0141766535 0.01389187 0 0 0
nt@synapse_cleft 4326 0.0201627076 -0.00905713364 0.000623044446 0 0 0
nt@synapse_cleft 4330 -0.0166695182 0.00430650619 0.00512337817 0 0 0
nt@synapse_cleft 4334 0.00195053323 -0.00264882211 0.0053123108 0 0 0
nt@synapse_cleft 4339 -0.0103578157 -0.00683630563 0.00683548921 0 0 0
nt@synapse_cleft 4343 -0.0117077719 -0.0318242327 0.0165573227 0 0 0
nt@synapse_cleft 4346 -0.00185383848 -0.0158955038 0.019439568 0 0 0
nt@synapse_cleft 4351 0.0468518914 0.00946197961 0.00154204787 0 0 0
nt@synapse_cleft 4359 0.0166492553 0.0153080477 0.0151541939 0 0 0
nt@synapse_cleft 4360 0.0188902756 0.0115426916 0.0158909726 0 0 0
nt@synapse_cleft 4363 -0.0400204007 -0.00374793502 0.00712455188 0 0 0
nt@synapse_cleft 4365 0.0182218128 0.00735158274 0.0165833791 0 0 0
nt@synapse_cleft 4372 -0.00359916892 -0.0107154147 0.00715161389 0 0 0
nt@synapse_cleft 4374 -0.0177542087 -0.00493876224 0.0180407997 0 0 0
nt@synapse_cleft 4376 -0.0279765286 -0.00396576695 0.00355440454 0 0 0
nt@synapse_cleft 4381 -0.00926006103 -0.0322403302 0.0023953474 0 0 0
nt@synapse_cleft 4386 -0.00727545181 -0.032984547 0.00214885775 0 0 0
nt@synapse_cleft 4391 0.0103116831 -0.0318277752 0.00755267182 0 0 0
nt@synapse_cleft 4392 -0.00902876608 -7.96756878e-05 0.0030761423 0 0 0
nt@synapse_cleft 4394 0.0144544061 -0.0169009094 0.0081315696 0 0 0
nt@synapse_cleft 4395 0.0100031376 -0.0273305805 0.00652258956 0 0 0
nt@synapse_cleft 4396 0.00929539364 -0.0402602892 0.0177711681 0 0 0
nt@synapse_cleft 4398 -0.0174424928 0.00529881365 0.00900846547 0 0 0
nt@synapse_cleft 4399 0.0316672131 0.031937131 0.0163222018 0 0 0
nt@synapse_cleft 4403 -0.00936196138 -0.0296632426 0.0103685003 0 0 0
nt@synapse_cleft 4405 -0.0181369491 -0.0153285017 0.000977317721 0 0 0
nt@synapse_cleft 4407 0.037439027 -0.0365225028 0.00478669695 0 0 0
nt@synapse_cleft 4414 0.0170784904 -0.0146383287 0.00134634477 0 0 0
nt@synapse_cleft 4416 -0.0155322458 0.00379165057 0.00663251593 0 0 0
nt@synapse_cleft 4423 0.0294640814 -0.0108762531 0.00503292058 0 0 0
nt@synapse_cleft 4424 -0.0255262488 -0.00570442363 0.0108459555 0 0 0
nt@synapse_cleft 4426 0.0109233132 -0.0107622885 0.00654213612 0 0 0
nt@synapse_cleft 4430 -0.00665884174 -0.00587901494 0.0126528869 0 0 0
nt@synapse_cleft 4431 0.00758006043 -0.01428538 0.00216703266 0 0 0
nt@synapse_cleft 4434 0.020996371 -0.0310067439 0.0158433012 0 0 0
nt@synapse_cleft 4436 0.0198080546 0.0161801459 0.00689010199 0 0 0
nt@synapse_cleft 4446 0.0073182283 0.0435116366 0.0175093125 0 0 0
nt@synapse_cleft 4449 0.031988149 0.043650125 0.018807896 0 0 0
nt@synapse_cleft 4453 -0.0335159134 0.0152040805 0.0065390698 0 0 0
nt@synapse_cleft 4464 0.00624269 -0.033555254 0.0154865398 0 0 0
nt@synapse_cleft 4470 -0.0058497652 -0.0304329125 0.0112460408 0 0 0
nt@synapse_cleft 4473 -0.00775836343 -0.0170644646 0.00164719662 0 0 0
nt@synapse_cleft 4478 -0.00825007134 0.0278222989 0.0103724434 0 0 0
nt@synapse_cleft 4480 0.000633735667 0.0186295261 0.0194578667 0 0 0
nt@synapse_cleft 4482 -0.0122788838 0.00181153443 0.00532615278 0 0 0
nt@synapse_cleft 4485 0.0246670495 -0.00576285546 0.00539613569 0 0 0
nt@synapse_cleft 4488 0.0292222788 0.00449395524 0.0162455011 0 0 0
nt@synapse_cleft 4489 0.0195501541 -0.00191875218 0.0018377627 0 0 0
nt@synapse_cleft 4491 -0.00993850742 0.0322078661 0.00912320206 0 0 0
nt@synapse_cleft 4496 -0.057431219 0.0399083757 0.0157716261 0 0 0
nt@synapse_cleft 4499 -0.00727948904 -0.000270231356 0.00416332262 0 0 0
nt@synapse_cleft 4501 0.0108204489 0.00534606116 0.015011212 0 0 0
nt@synapse_cleft 4514 0.00760400315 0.00759080063 0.00358642368 0 0 0
nt@synapse_cleft 4517 -0.0428815112 0.0456038656 0.00240190501 0 0 0
nt@synapse_cleft 4524 0.00396589134 -0.0351582178 0.0153042117 0 0 0
nt@synapse_cleft 4527 0.0261899648 -0.0224224187 0.00712974559 0 0 0
nt@synapse_cleft 4533 0.00453573359 -0.00518313952 0.00171266567 0 0 0
nt@synapse_cleft 4538 -0.0305481309 -0.034005038 0.00235451629 0 0 0
nt@synapse_cleft 4540 0.026109746 -0.00184542183 0.00499531201 0 0 0
nt@synapse_cleft 4542 0.00366460601 0.0271472376 0.00297897574 0 0 0
nt@synapse_cleft 4545 -0.0143076703 0.0200522371 0.0156586786 0 0 0
nt@synapse_cleft 4551 -0.0107559327 0.0202859783 0.0177282204 0 0 0
nt@synapse_cleft 4553 -0.0270384023 -0.00349786054 0.0109387383 0 0 0
nt@synapse_cleft 4559 -0.0062531608 0.029219863 0.00631400377 0 0 0
nt@synapse_cleft 4565 -0.0389701234 -0.0199105706 0.0190134653 0 0 0
nt@synapse_cleft 4572 -0.000571240173 0.00764066609 0.00687280317 0 0 0
nt@synapse_cleft 4574 0.0366357759 -0.0167734172 0.000382985234 0 0 0
nt@synapse_cleft 4576 -0.0444825586 -0.0180712306 0.0145289598 0 0 0
nt@synapse_cleft 4583 -0.0062089691 -0.00368813494 0.00468550929 0 0 0
nt@synapse_cleft 4587 0.0258824794 0.00222630494 0.0142730347 0 0 0
nt@synapse_cleft 4590 -0.0464621096 -0.0241204093 0.0156715721 0 0 0
nt@synapse_cleft 4593 -0.0332290148 0.047970633 0.0122484126 0 0 0
nt@synapse_cleft 4594 0.0100372233 0.00640160171 0.000547579548 0 0 0
nt@synapse_cleft 4595 0.0294902709 -0.0330285166 0.0185251534 0 0 0
nt@synapse_cleft 4600 -0.0240524501 0.00167091005 0.00511234815 0 0 0
nt@synapse_cleft 4607 -0.00473569993 0.0495574757 0.0109951914 0 0 0
nt@synapse_cleft 4613 0.0416241475 -0.011113438 0.000370788213 0 0 0
nt@synapse_cleft 4620 0.00170074535 -0.00122318349 0.0105061707 0 0 0
nt@synapse_cleft 4622 0.0540810472 0.0454580726 0.00903287163 0 0 0
nt@synapse_cleft 4624 0.0184811293 -0.0177651218 0.0135923392 0 0 0
nt@synapse_cleft 4626 0.0219429238 0.00361485901 0.0151274885 0 0 0
nt@synapse_cleft 4628 -0.00839895009 0.00298565546 0.00335325362 0 0 0
nt@synapse_cleft 4641 0.0215826768 -0.0112374589 0.00156767766 0 0 0
nt@synapse_cleft 4654 0.00981257328 -0.0369968835 0.0145095812 0 0 0
nt@synapse_cleft 4658 -0.0226624322 0.0293798639 0.0158358474 0 0 0
nt@synapse_cleft 4659 -0.0497010269 0.0215409601 0.00736952853 0 0 0
nt@synapse_cleft 4660 0.0272094578 -0.0275555965 0.0117157194 0 0 0
nt@synapse_cleft 4661 0.0207712495 -0.0346424293 0.00445730368 0 0 0
nt@synapse_cleft 4664 0.00978101271 -0.00446387334 0.0044681439 0 0 0
nt@synapse_cleft 4666 0.0540757861 0.0183381459 0.0197019208 0 0 0
nt@synapse_cleft 4671 -0.00467688739 -0.0180470769 0.00298540216 0 0 0
nt@synapse_cleft 4681 0.0140209284 -0.0217918241 0.0163554614 0 0 0
nt@synapse_cleft 4687 -0.00382745601 -0.0081161606 0.0147892518 0 0 0
nt@synapse_cleft 4699 -0.0370010256 0.0138641088 0.00326755305 0 0 0
nt@synapse_cleft 4700 -0.0314906165 0.0593230114 0.0185697141 0 0 0
nt@synapse_cleft 4701 0.0197486906 0.0205532159 0.0111939299 0 0 0
nt@synapse_cleft 4706 0.0100812063 -0.0152539991 0.00918874232 0 0 0
nt@synapse_cleft 4709 -0.011742548 0.0152229584 0.00717896906 0 0 0
nt@synapse_cleft 4710 -0.0123124487 -0.0468845298 0.00202948527 0 0 0
nt@synapse_cleft 4718 0.0296500587 0.0108248447 0.0058283129 0 0 0
nt@synapse_cleft 4732 -0.0168991585 0.0117110074 0.00411221784 0 0 0
nt@synapse_cleft 4736 -0.000693197902 -0.00584077572 0.00580830946 0 0 0
nt@synapse_cleft 4746 -0.0492223129 0.000737520033 0.000935578495 0 0 0
nt@synapse_cleft 4750 0.00793425311 -0.0605899558 0.0119554063 0 0 0
nt@synapse_cleft 4753 -0.0211916591 -0.000262043417 0.00614892256 0 0 0
nt@synapse_cleft 4754 -0.0156243105 0.00826848207 0.0153296945 0 0 0
nt@synapse_cleft 4756 -0.014517898 0.0178432925 0.0137901511 0 0 0
nt@synapse_cleft 4758 -0.0445788901 0.0152059252 0.0148205676 0 0 0
nt@synapse_cleft 4764 0.0160985674 -0.0125579328 0.00999168947 0 0 0
nt@synapse_cleft 4767 0.0123034693 0.0200541296 0.000420815801 0 0 0
nt@synapse_cleft 4779 0.0318128277 -0.0272827807 0.00666953813 0 0 0
nt@synapse_cleft 4784 0.0204819606 0.0109571412 0.0138740456 0 0 0
nt@synapse_cleft 4786 -0.00742271541 0.0072612404 0.011725605 0 0 0
nt@synapse_cleft 4791 0.0248347641 -0.00801644438 0.0032120475 0 0 0
nt@synapse_cleft 4793 -0.0304850699 0.0141684982 0.0199892572 0 0 0
nt@synapse_cleft 4800 0.0136839556 -0.00706161402 1.84469174e-05 0 0 0
nt@synapse_cleft 4801 -0.0287129687 0.00409645035 0.00495428409 0 0 0
nt@synapse_cleft 4807 0.00685298775 -0.00822372854 0.00991718425 0 0 0
nt@synapse_cleft 4809 -0.0357746404 -0.0350890012 0.0187219092 0 0 0
nt@synapse_cleft 4812 0.000334266111 -0.0527482084 0.0079781927 0 0 0
nt@synapse_cleft 4813 -0.0390146029 -0.0775661041 0.0115179194 0 0 0
nt@synapse_cleft 4814 -0.0289721314 0.0258963116 0.00351991008 0 0 0
nt@synapse_cleft 4816 -0.0285972083 -0.0205058256 0.0128428304 0 0 0
nt@synapse_cleft 4822 0.0011286094 -0.0140242745 0.00117239777 0 0 0
nt@synapse_cleft 4823 -0.00107115534 0.0159918509 0.019080731 0 0 0
nt@synapse_cleft 4824 0.00463517605 -0.0149406657 0.00631585537 0 0 0
nt@synapse_cleft 4829 0.0306712671 -0.0653982578 0.0185287615 0 0 0
nt@synapse_cleft 4830 -0.0113633814 0.013811073 0.00634693919 0 0 0
nt@synapse_cleft 4833 -0.0137428108 -0.0270306401 0.0129290144 0 0 0
nt@synapse_cleft 4838 -0.0116532264 0.0250264457 0.00793457028 0 0 0
nt@synapse_cleft 4839 0.00512487676 -0.00467054011 0.0169252239 0 0 0
nt@synapse_cleft 4844 0.0550690952 -0.0153563496 0.0152594255 0 0 0
nt@synapse_cleft 4852 -0.0207798798 -0.00737195016 0.0141928146 0 0 0
nt@synapse_cleft 4855 0.034080626 0.00544878604 0.0195306899 0 0 0
nt@synapse_cleft 4869 -0.0253719804 0.0159435694 0.016839796 0 0 0
nt@synapse_cleft 4871 0.0207607931 0.0234786502 0.00788982949 0 0 0
nt@synapse_cleft 4872 -0.0374616355 0.0209446056 0.0114769895 0 0 0
nt@synapse_cleft 4880 -0.0114264976 -0.0176443541 0.0149592169 0 0 0
nt@synapse_cleft 4882 -0.0220482184 -0.033605361 0.00296215676 0 0 0
nt@synapse_cleft 4883 -0.0246097004 0.00603615515 0.0163952365 0 0 0
nt@synapse_cleft 4890 -0.00321337296 0.00486741305 0.00356153898 0 0 0
nt@synapse_cleft 4891 -0.00210525866 -0.0193834094 0.0135972158 0 0 0
nt@synapse_cleft 4892 -0.0232764442 0.0181481147 0.00983382504 0 0 0
nt@synapse_cleft 4896 -0.0127013264 -0.0281182441 0.0199567944 0 0 0
nt@synapse_cleft 4897 0.0371363554 -0.0155815724 0.00143696867 0 0 0
nt@synapse_cleft 4901 0.00397047517 0.0127345174 0.0060059038 0 0 0
nt@synapse_cleft 4905 -0.0107377678 -0.00161083594 0.0115239473 0 0 0
nt@synapse_cleft 4906 0.00167940757 -0.0287687653 0.0140377351 0 0 0
nt@synapse_cleft 4918 -0.00684745664 0.0172112155 0.00947312868 0 0 0
nt@synapse_cleft 4919 0.0184952586 0.00112269873 0.00969970431 0 0 0
nt@synapse_cleft 4925 0.0225633646 -0.00332644735 0.0194133606 0 0 0
nt@synapse_cleft 4928 0.00113687714 0.0519871219 0.00785477643 0 0 0
nt@synapse_cleft 4931 0.0151244962 -0.0119888381 0.00964074401 0 0 0
nt@synapse_cleft 4937 -0.0584215684 -0.00875567893 0.00315022297 0 0 0
nt@synapse_cleft 4946 -0.0204936452 0.0117286259 0.00111677521 0 0 0
nt@synapse_cleft 4956 0.0170924016 0.00152689624 0.00934741594 0 0 0
nt@synapse_cleft 4967 -0.000508282348 -0.00149090489 0.00417756305 0 0 0
nt@synapse_cleft 4972 0.0329134159 -0.020133886 0.0183316337 0 0 0
nt@synapse_cleft 4973 0.000104325395 0.0447064534 0.0153697693 0 0 0
nt@synapse_cleft 4979 -0.00549605998 -0.0107523261 0.00296784546 0 0 0
nt@synapse_cleft 4980 0.0073860215 0.00918652884 0.0188789704 0 0 0
nt@synapse_cleft 4981 -0.0111486699 -0.0225193522 0.00918410405 0 0 0
nt@synapse_cleft 4982 0.00903066426 -0.0127512196 0.00831600862 0 0 0
nt@synapse_cleft 4983 -0.0266502905 0.0263279635 0.00664595939 0 0 0
nt@synapse_cleft 4988 0.0125543538 -0.0111464106 0.00707075743 0 0 0
nt@synapse_cleft 4989 -0.0113494536 -0.0198798805 0.0113570993 0 0 0
nt@synapse_cleft 4991 -0.000383335514 -0.0175639879 0.0186645496 0 0 0
nt@synapse_cleft 4994 -0.0334761097 0.0157491798 0.0103639471 0 0 0
nt@synapse_cleft 5004 -0.0206169025 0.0339474684 0.00116007445 0 0 0
nt@synapse_cleft 5006 0.00973345038 -0.0069300091 4.41447389e-05 0 0 0
nt@synapse_cleft 5009 -0.0291933014 0.0110530145 0.00435922762 0 0 0
nt@synapse_cleft 5011 -0.00688281856 -0.015736453 0.000601102386 0 0 0
nt@synapse_cleft 5015 -0.0303681632 -0.0257381235 0.00835575937 0 0 0
nt@synapse_cleft 5024 -0.00274410821 -0.00812586667 0.00616805197 0 0 0
nt@synapse_cleft 5030 0.00242688267 0.0323900419 0.0103310441 0 0 0
nt@synapse_cleft 5044 -0.0366222148 0.00513716362 0.0186770997 0 0 0
nt@synapse_cleft 5045 0.02764366 0.0171654674 0.00495358363 0 0 0
nt@synapse_cleft 5046 0.00119604093 -0.0105480834 0.00701504325 0 0 0
nt@synapse_cleft 5052 -0.0120814499 -0.0125518703 0.00738365194 0 0 0
nt@synapse_cleft 5055 -0.0157033364 0.0135652188 0.00754271921 0 0 0
nt@synapse_cleft 5059 -0.0284556394 0.0264899275 0.0144211968 0 0 0
nt@synapse_cleft 5061 0.0191127666 -0.0260098313 0.00205516671 0 0 0
nt@synapse_cleft 5063 -0.0234631881 0.0177025748 0.000671786098 0 0 0
nt@synapse_cleft 5065 0.0161058463 -0.0288210812 0.0161598012 0 0 0
nt@synapse_cleft 5077 0.0465598131 -0.00613276337 0.0139933876 0 0 0
nt@synapse_cleft 5081 0.0117873553 0.0164912564 0.00206442825 0 0 0
nt@synapse_cleft 5082 0.0152113618 0.0589170412 0.0173786428 0 0 0
nt@synapse_cleft 5086 0.0322588322 0.0281200312 0.00980766674 0 0 0
nt@synapse_cleft 5105 -0.00112345362 -0.0200150151 0.0147165683 0 0 0
nt@synapse_cleft 5106 -0.00451698391 -0.0145765095 0.0114009887 0 0 0
nt@synapse_cleft 5111 -0.0241528088 -0.0402777116 0.0146964831 0 0 0
nt@synapse_cleft 5126 -0.0329761051 -0.0141478169 0.0117978115 0 0 0
nt@synapse_cleft 5133 -0.0179775746 0.027162026 0.0193465479 0 0 0
nt@synapse_cleft 5135 -0.0133954227 0.00842536076 0.00678850242 0 0 0
nt@synapse_cleft 5145 0.0139841562 0.0181464113 0.0156511781 0 0 0
nt@synapse_cleft 5154 0.00848982656 0.0256719788 0.014025054 0 0 0
nt@synapse_cleft 5159 -0.0343969855 0.000454952782 0.0167244476 0 0 0
nt@synapse_cleft 5160 0.0418036921 -0.0166629423 0.0167560721 0 0 0
nt@synapse_cleft 5163 0.00374950297 0.0218776212 0.0137407308 0 0 0
nt@synapse_cleft 5164 0.00222718277 -0.025250265 0.00267570914 0 0 0
nt@synapse_cleft 5173 -0.0362083181 -0.00712884284 0.0181562598 0 0 0
nt@synapse_cleft 5175 -0.030956316 0.012951914 0.0155029014 0 0 0
nt@synapse_cleft 5176 -0.023863182 0.0596709917 0.0185076121 0 0 0
nt@synapse_cleft 5179 0.0336033813 0.00526954904 0.00277191053 0 0 0
nt@synapse_cleft 5182 0.0422615894 0.0135015461 0.000478917555 0 0 0
nt@synapse_cleft 5183 0.0286775873 0.00867396143 0.00861740763 0 0 0
nt@synapse_cleft 5186 0.0162509004 -0.0177865664 0.0114565524 0 0 0
nt@synapse_cleft 5193 0.0188701577 0.00166986957 0.0179105251 0 0 0
nt@synapse_cleft 5196 -0.017703707 -0.00894654129 0.0157938807 0 0 0
nt@synapse_cleft 5198 -0.00271768539 -0.0167670389 0.00073251543 0 0 0
