nt@synapse_cleft 0 0.0104609074 -0.000579585638 0.0122176124 0 0 0
nt@synapse_cleft 2 -0.0462585523 0.016399008 0.0165325327 0 0 0
nt@synapse_cleft 7 0.00454536195 0.00397050792 0.0113446881 0 0 0
nt@synapse_cleft 9 0.0157807486 -0.022388895 0.012905885 0 0 0
nt@synapse_cleft 12 0.0120497041 0.0333751814 0.00449002868 0 0 0
nt@synapse_cleft 15 -0.0126618556 0.0200671152 0.0114286859 0 0 0
nt@synapse_cleft 17 0.0193199221 0.00118059098 0.00348047808 0 0 0
nt@synapse_cleft 23 0.00298291291 -0.0440725013 0.0101244155 0 0 0
nt@synapse_cleft 26 -0.0291946355 0.00709959681 0.00753311592 0 0 0
nt@synapse_cleft 30 0.0151522834 -0.0366983226 0.00643959005 0 0 0
nt@synapse_cleft 35 -0.00125527425 0.025820379 0.0175622157 0 0 0
nt@synapse_cleft 42 0.00226587403 0.00695948695 0.018825983 0 0 0
nt@synapse_cleft 45 -0.00865099595 0.0140470491 0.00901667989 0 0 0
nt@synapse_cleft 54 0.00207981122 0.0267694883 0.0144947957 0 0 0
nt@synapse_cleft 56 -0.0262456806 -0.00669477328 0.0157497172 0 0 0
nt@synapse_cleft 59 0.0330097069 0.0199575008 0.0170411858 0 0 0
nt@synapse_cleft 72 -0.023454407 0.0178635465 0.0164284638 0 0 0
nt@synapse_cleft 81 0.0127691402 -0.031677752 0.00611733527 0 0 0
nt@synapse_cleft 87 -0.0106533779 -0.0205511674 0.0122328477 0 0 0
nt@synapse_cleft 89 0.0319913212 0.00197205951 0.0115970659 0 0 0
nt@synapse_cleft 100 -0.0165109818 -0.0186809131 0.0083623355 0 0 0
nt@synapse_cleft 102 -0.0273737238 0.0235767217 0.00151202663 0 0 0
nt@synapse_cleft 103 0.0236536555 -0.0166248502 0.0111794493 0 0 0
nt@synapse_cleft 111 -0.0319446177 0.03409118 0.0148984968 0 0 0
nt@synapse_cleft 114 0.0395045847 -0.0138976004 0.0191683117 0 0 0
nt@synapse_cleft 115 -0.00663411888 -0.0337881077 0.00736426874 0 0 0
nt@synapse_cleft 116 -0.0320715603 -0.0172261522 0.00784212133 0 0 0
nt@synapse_cleft 135 -0.0220767447 -0.0267919596 0.0106373912 0 0 0
nt@synapse_cleft 137 -0.0490369501 -0.0431742422 0.0077766053 0 0 0
nt@synapse_cleft 148 -0.00094092753 0.0595632576 0.00813302885 0 0 0
nt@synapse_cleft 150 -0.0271999098 0.0166151253 0.0135084999 0 0 0
nt@synapse_cleft 156 -0.0225193323 -0.00277611843 0.013890284 0 0 0
nt@synapse_cleft 157 -0.0239031628 0.00329383094 0.0140165413 0 0 0
nt@synapse_cleft 162 -0.0204400726 -0.0306180649 0.00946803787 0 0 0
nt@synapse_cleft 167 -0.00611698154 -0.0435798024 0.00355634816 0 0 0
nt@synapse_cleft 168 -0.0269866324 -0.0255571062 0.0107951478 0 0 0
nt@synapse_cleft 186 -0.0193301113 -0.00903811598 0.0193749186 0 0 0
nt@synapse_cleft 188 -0.0138399789 0.000524167279 0.0093015205 0 0 0
nt@synapse_cleft 192 -0.00413954655 0.0397794676 0.0178348418 0 0 0
nt@synapse_cleft 194 -0.00841556228 -0.0095160709 0.0156739736 0 0 0
nt@synapse_cleft 195 0.0270490508 0.0477774352 0.00315197662 0 0 0
nt@synapse_cleft 197 0.0113411026 -0.0188811424 0.00364377054 0 0 0
nt@synapse_cleft 199 0.0369247968 0.015124815 0.00131651879 0 0 0
nt@synapse_cleft 203 0.00394214754 -0.00445361292 0.00237698042 0 0 0
nt@synapse_cleft 206 0.000571695258 -0.0144678419 0.0160235326 0 0 0
nt@synapse_cleft 210 -0.0340886441 0.0148819786 0.00216275153 0 0 0
nt@synapse_cleft 224 -0.0187060915 0.0513093564 0.000314431724 0 0 0
nt@synapse_cleft 231 0.0163885796 0.0378223362 0.0162411933 0 0 0
nt@synapse_cleft 235 0.0203679799 -0.0217995617 0.0104490414 0 0 0
nt@synapse_cleft 244 -0.0211288735 0.00384830566 0.0198373038 0 0 0
nt@synapse_cleft 248 0.0309552836 -0.0286606186 0.00783078274 0 0 0
nt@synapse_cleft 256 -0.043158133 -0.0123668483 0.0168275566 0 0 0
nt@synapse_cleft 263 0.0511471408 0.0189022948 0.00929779079 0 0 0
nt@synapse_cleft 268 0.000758089336 -0.00852715426 0.0106004696 0 0 0
nt@synapse_cleft 272 0.0106513289 -0.0511448278 0.0192853135 0 0 0
nt@synapse_cleft 284 -0.030792825 0.0834563019 0.0161206594 0 0 0
nt@synapse_cleft 289 -0.0413205547 0.0555963388 0.00163499616 0 0 0
nt@synapse_cleft 293 0.0321811382 -0.00465551272 0.0139865371 0 0 0
nt@synapse_cleft 306 0.0197524436 -0.0324014582 0.00997592115 0 0 0
nt@synapse_cleft 307 0.0157282401 0.00451290206 0.0125751761 0 0 0
nt@synapse_cleft 308 0.0179992663 0.0282390715 0.00463599569 0 0 0
nt@synapse_cleft 310 0.0292080988 0.00306785319 0.00634682958 0 0 0
nt@synapse_cleft 318 -0.0365158876 0.0132346808 0.0141888422 0 0 0
nt@synapse_cleft 319 0.0579310404 0.00167918189 0.00590046767 0 0 0
nt@synapse_cleft 321 0.0415522582 0.0106651948 0.00266195722 0 0 0
nt@synapse_cleft 325 -0.0581188057 0.0738547345 0.016724439 0 0 0
nt@synapse_cleft 331 0.0483812341 -0.01815825 0.0172169033 0 0 0
nt@synapse_cleft 347 0.00237767585 -0.00439069444 0.00286557583 0 0 0
nt@synapse_cleft 348 0.00104942844 -0.0131695899 0.00630329919 0 0 0
nt@synapse_cleft 350 0.0210733419 0.00898681124 0.0105567077 0 0 0
nt@synapse_cleft 352 -0.00741305455 0.0272207008 0.000987771763 0 0 0
nt@synapse_cleft 356 -0.0321957178 0.0183069077 0.00481443926 0 0 0
nt@synapse_cleft 361 -0.0269818199 0.0105288693 0.0188708646 0 0 0
nt@synapse_cleft 371 -0.00573494968 0.0343836357 0.00916356456 0 0 0
nt@synapse_cleft 372 0.00617905266 0.0270456175 0.00474218418 0 0 0
nt@synapse_cleft 376 -0.0106331499 -2.18487604e-06 0.0184538152 0 0 0
nt@synapse_cleft 381 -0.0130008701 -0.0138882541 0.00469474741 0 0 0
nt@synapse_cleft 385 0.00626954284 0.0143520115 0.0128338826 0 0 0
nt@synapse_cleft 391 0.0265491711 -0.0404816412 0.0133269297 0 0 0
nt@synapse_cleft 395 -0.000390709891 -0.0201613631 0.0126642913 0 0 0
nt@synapse_cleft 397 0.0141368763 0.0263058039 0.0171420292 0 0 0
nt@synapse_cleft 402 0.00461104868 0.0471711014 0.00917615491 0 0 0
nt@synapse_cleft 406 -0.0250297691 -0.0447129468 0.00894096701 0 0 0
nt@synapse_cleft 421 -0.0433283091 0.0221230513 0.0173047132 0 0 0
nt@synapse_cleft 426 0.0378240062 -0.0133621914 0.017840997 0 0 0
nt@synapse_cleft 429 -0.0222111062 0.028202108 0.0103126133 0 0 0
nt@synapse_cleft 440 0.0379801592 0.00181737467 0.00575437795 0 0 0
nt@synapse_cleft 444 0.00271122378 0.0342558021 0.00984348712 0 0 0
nt@synapse_cleft 449 0.00483645365 -0.00928124968 0.0103736125 0 0 0
nt@synapse_cleft 452 0.03336806 0.0493750669 0.0186389367 0 0 0
nt@synapse_cleft 453 0.00504504678 -0.0105169383 0.011540873 0 0 0
nt@synapse_cleft 455 -0.0016885336 -0.0224291261 0.0195815725 0 0 0
nt@synapse_cleft 477 0.0176480556 0.00760970324 0.0130405456 0 0 0
nt@synapse_cleft 479 -0.0100404786 0.0204224628 0.0136835619 0 0 0
nt@synapse_cleft 480 -0.0550859807 0.0184085254 0.000946499252 0 0 0
nt@synapse_cleft 482 0.00912829254 0.00417214526 0.00442502486 0 0 0
nt@synapse_cleft 483 -0.00354396369 -0.0269201231 0.00447719886 0 0 0
nt@synapse_cleft 484 -0.00161679635 -0.0407859643 0.00271660285 0 0 0
nt@synapse_cleft 499 0.0227866264 0.0198156277 0.00642537382 0 0 0
nt@synapse_cleft 500 -0.00686017721 -0.0130742828 0.00566900516 0 0 0
nt@synapse_cleft 501 0.00525796947 0.0157051047 0.00965465226 0 0 0
nt@synapse_cleft 503 0.0127685429 -0.0162869032 0.0128461945 0 0 0
nt@synapse_cleft 509 -0.0122268305 0.0578585702 0.00239139114 0 0 0
nt@synapse_cleft 510 0.0192276954 0.00539954516 0.0121109906 0 0 0
nt@synapse_cleft 514 -0.0235314227 0.00883031613 0.0193147101 0 0 0
nt@synapse_cleft 522 -0.0435562937 0.0227653214 0.0132314802 0 0 0
nt@synapse_cleft 524 -0.0147534595 0.0293904418 0.0166687474 0 0 0
nt@synapse_cleft 530 0.0222387848 -0.00714532 0.0119640836 0 0 0
nt@synapse_cleft 536 -0.0295407207 -0.0402943135 0.00327414765 0 0 0
nt@synapse_cleft 544 0.0310001476 0.0188010686 0.0115120664 0 0 0
nt@synapse_cleft 546 -0.0473645824 0.0122419348 0.00916865923 0 0 0
nt@synapse_cleft 548 -0.0178830744 0.0232993494 0.0140546407 0 0 0
nt@synapse_cleft 549 0.0296174368 -0.0339204309 0.0125107748 0 0 0
nt@synapse_cleft 551 -0.00214050269 -0.0117936882 0.0191333439 0 0 0
nt@synapse_cleft 552 0.0229160057 0.00276926253 0.0105183387 0 0 0
nt@synapse_cleft 557 -0.0322785707 -0.00503151182 0.015020183 0 0 0
nt@synapse_cleft 558 -0.0115007736 -0.0222853095 0.00129695991 0 0 0
nt@synapse_cleft 563 -0.0108292618 -0.0538424628 0.00906778172 0 0 0
nt@synapse_cleft 568 -0.00654749149 0.00542779742 0.0183714018 0 0 0
nt@synapse_cleft 572 -0.033788068 0.0149793916 0.00674759976 0 0 0
nt@synapse_cleft 575 0.00746370548 -0.0095832382 0.0119344352 0 0 0
nt@synapse_cleft 581 0.00443537789 -0.00891903069 0.0147776092 0 0 0
nt@synapse_cleft 583 0.0109324293 0.0162758652 0.0130507006 0 0 0
nt@synapse_cleft 586 0.0127760729 0.0195131957 0.00612286227 0 0 0
nt@synapse_cleft 591 -0.0158978989 0.0179951385 0.0135488905 0 0 0
nt@synapse_cleft 593 -0.00204550389 0.0354639771 0.0120136223 0 0 0
nt@synapse_cleft 594 0.0331755791 0.0204856784 0.012026218 0 0 0
nt@synapse_cleft 595 -0.00537249869 -0.0386726652 0.00103467599 0 0 0
nt@synapse_cleft 596 -0.0203503113 -0.00142909063 0.0188294592 0 0 0
nt@synapse_cleft 598 -0.000339174347 0.000725925629 0.0196862318 0 0 0
nt@synapse_cleft 618 -0.00590928021 -0.0368705534 0.00234411613 0 0 0
nt@synapse_cleft 620 -0.0260859456 0.000680612435 0.0109359677 0 0 0
nt@synapse_cleft 624 0.0149719697 -0.00109522545 0.00884454106 0 0 0
nt@synapse_cleft 627 -0.00992303843 -0.0197250303 0.0139821508 0 0 0
nt@synapse_cleft 629 -0.000347036693 0.00593458875 0.000162741506 0 0 0
nt@synapse_cleft 630 0.00390380102 0.0122954192 0.00261712037 0 0 0
nt@synapse_cleft 633 -0.0134343153 0.027043934 0.010606872 0 0 0
nt@synapse_cleft 634 0.0116929788 -0.00191912713 0.00783512854 0 0 0
nt@synapse_cleft 639 -0.0221278417 -0.0322800047 0.00109342457 0 0 0
nt@synapse_cleft 645 -0.0141951584 -0.00978597239 0.016376348 0 0 0
nt@synapse_cleft 647 0.0111366472 0.0310035728 0.00644524579 0 0 0
nt@synapse_cleft 661 -0.0248510721 -0.0169663432 0.0166577063 0 0 0
nt@synapse_cleft 662 -0.0118522638 0.00644414116 0.0141942078 0 0 0
nt@synapse_cleft 664 -0.0119898817 0.0135612217 0.0143413989 0 0 0
nt@synapse_cleft 674 -0.0167964285 0.0186273874 0.00381898551 0 0 0
nt@synapse_cleft 675 0.0166744227 0.00877053428 0.00812892417 0 0 0
nt@synapse_cleft 678 0.012755858 -0.0183191924 0.00837489026 0 0 0
nt@synapse_cleft 679 -0.0306845717 0.000936228789 0.0145301701 0 0 0
nt@synapse_cleft 681 -0.00565871298 -0.0258942061 0.00961059783 0 0 0
nt@synapse_cleft 684 -0.0195080707 -0.013870812 0.00886599911 0 0 0
nt@synapse_cleft 689 0.0194719029 0.00308071828 0.013003308 0 0 0
nt@synapse_cleft 691 0.0213532352 0.00919366445 0.00700219126 0 0 0
nt@synapse_cleft 693 0.0120258851 0.015462238 0.0110833041 0 0 0
nt@synapse_cleft 695 -0.0187529416 0.0284890838 0.0164622643 0 0 0
nt@synapse_cleft 698 0.0112290606 0.0147139997 0.0139070973 0 0 0
nt@synapse_cleft 699 -0.0237170885 -0.0645327404 0.0121604654 0 0 0
nt@synapse_cleft 704 0.0113238501 0.0287642375 0.000654020231 0 0 0
nt@synapse_cleft 712 -0.0294732953 -0.0106342791 0.00189200428 0 0 0
nt@synapse_cleft 715 0.0268588988 0.0228534776 0.0127006813 0 0 0
nt@synapse_cleft 720 0.0275489367 -0.046069673 0.000596006323 0 0 0
nt@synapse_cleft 721 0.00354280557 -0.018422773 0.00162250296 0 0 0
nt@synapse_cleft 726 -0.0251315578 -0.00843969068 0.0114533153 0 0 0
nt@synapse_cleft 727 -0.00438527966 0.0212707188 0.00726619769 0 0 0
nt@synapse_cleft 728 0.00395734151 0.00130096217 0.00189745663 0 0 0
nt@synapse_cleft 732 0.0197081729 0.0449395473 0.00140360114 0 0 0
nt@synapse_cleft 735 -0.0485352076 0.00981101115 0.00255472848 0 0 0
nt@synapse_cleft 737 0.0468881174 0.00537114323 0.00841865802 0 0 0
nt@synapse_cleft 741 0.0265040654 0.00452076368 0.000548794309 0 0 0
nt@synapse_cleft 750 0.0255102104 0.0172444477 0.0152877073 0 0 0
nt@synapse_cleft 754 -0.00349725925 -0.0143811052 0.0179783898 0 0 0
nt@synapse_cleft 755 0.00796691577 0.0164006006 0.00815449708 0 0 0
nt@synapse_cleft 760 -0.00855354822 -0.0498765586 0.00710684145 0 0 0
nt@synapse_cleft 762 0.00405846536 -0.0196204859 0.0188814362 0 0 0
nt@synapse_cleft 765 -0.0368531097 0.0422482669 0.014981551 0 0 0
nt@synapse_cleft 768 -0.0237148774 0.00287116314 0.0163437512 0 0 0
nt@synapse_cleft 769 0.000358044641 0.0420384711 0.0146251187 0 0 0
nt@synapse_cleft 774 0.00343330185 0.0280484121 0.00213206123 0 0 0
nt@synapse_cleft 779 -0.0198036897 0.0175922156 0.00530915428 0 0 0
nt@synapse_cleft 784 0.0196600198 0.00520982112 0.0198324674 0 0 0
nt@synapse_cleft 797 -0.00823837373 0.0284416925 0.00372694903 0 0 0
nt@synapse_cleft 803 -0.0271980415 -0.041421023 0.0111806737 0 0 0
nt@synapse_cleft 814 0.0414099293 0.039036529 0.000363237892 0 0 0
nt@synapse_cleft 816 0.00280992804 -0.0220666414 0.00111954551 0 0 0
nt@synapse_cleft 817 0.0216232948 -0.00651195491 0.0135037384 0 0 0
nt@synapse_cleft 828 0.00953471527 -0.0288184944 0.0191810237 0 0 0
nt@synapse_cleft 831 -0.000501312773 -0.0196379738 0.000476042424 0 0 0
nt@synapse_cleft 833 -0.00874268714 -0.00329876247 0.0143368773 0 0 0
nt@synapse_cleft 837 -0.0229012474 -0.0140791458 0.0171472974 0 0 0
nt@synapse_cleft 844 -0.0141649014 0.00838755702 0.0152256913 0 0 0
nt@synapse_cleft 847 0.0259517559 -0.00127658 0.0196001202 0 0 0
nt@synapse_cleft 850 0.00752538763 0.022161594 0.00428721699 0 0 0
nt@synapse_cleft 854 0.00452247866 0.0270009167 0.00693112701 0 0 0
nt@synapse_cleft 866 -0.00455892797 -0.0231057845 0.00713107469 0 0 0
nt@synapse_cleft 871 -0.000366500763 0.0138040124 0.0181590111 0 0 0
nt@synapse_cleft 872 0.0264058742 -0.0187842834 0.0121441975 0 0 0
nt@synapse_cleft 877 -0.0390198419 0.00869286295 0.0139274359 0 0 0
nt@synapse_cleft 884 -0.0016938624 0.00801522974 0.0182981457 0 0 0
nt@synapse_cleft 904 -0.0414578985 0.0036672646 0.00334989669 0 0 0
nt@synapse_cleft 908 -0.0375009349 -0.000524909488 0.00289336833 0 0 0
nt@synapse_cleft 909 0.0264009035 0.00131992003 0.00581819135 0 0 0
nt@synapse_cleft 913 -0.0246633713 0.00405594739 0.0198810136 0 0 0
nt@synapse_cleft 918 0.0665046955 -0.00405165857 0.0186007344 0 0 0
nt@synapse_cleft 920 0.0176702716 -0.0143301463 0.0120722421 0 0 0
nt@synapse_cleft 924 -0.0366240694 0.00241322338 0.00813820198 0 0 0
nt@synapse_cleft 925 -0.023778118 0.0379507168 0.0110998604 0 0 0
nt@synapse_cleft 932 0.0238145761 -0.0451759818 0.00678201494 0 0 0
nt@synapse_cleft 938 -0.00663578705 0.00826016085 0.00158565014 0 0 0
nt@synapse_cleft 940 -0.0575343201 -0.0280110514 0.0113998424 0 0 0
nt@synapse_cleft 941 -0.0384199187 0.0460251459 0.0190026981 0 0 0
nt@synapse_cleft 942 0.0161529615 -0.0241371421 0.00878641385 0 0 0
nt@synapse_cleft 943 0.0242642536 -0.0101338471 0.00589212766 0 0 0
nt@synapse_cleft 944 -0.0080958006 -0.0568670738 0.00255557984 0 0 0
nt@synapse_cleft 945 0.000280653436 0.0306432024 0.000458065183 0 0 0
nt@synapse_cleft 947 -0.0184110828 0.0152293709 0.0197127678 0 0 0
nt@synapse_cleft 953 -0.045979749 0.0144621603 0.0176220493 0 0 0
nt@synapse_cleft 954 0.0180086025 -0.0112810418 0.00352900693 0 0 0
nt@synapse_cleft 957 0.0448015951 -0.0227249423 0.0139443735 0 0 0
nt@synapse_cleft 961 -0.0298941432 -0.0109691392 0.00952379668 0 0 0
nt@synapse_cleft 967 0.0341194786 -0.00588077892 0.0174433855 0 0 0
nt@synapse_cleft 976 -0.019602134 0.0279270717 0.0192213937 0 0 0
nt@synapse_cleft 978 -0.0424870513 -0.0148176868 0.0113515949 0 0 0
nt@synapse_cleft 991 0.0273559105 0.000147180376 0.0173177992 0 0 0
nt@synapse_cleft 992 0.0214400768 0.00824789018 0.0124431731 0 0 0
nt@synapse_cleft 994 -0.0324734443 -0.0171937495 0.0157064454 0 0 0
nt@synapse_cleft 998 -0.00281847616 0.000547835979 0.00149146919 0 0 0
nt@synapse_cleft 999 0.047433544 -0.0388146933 0.00305104067 0 0 0
nt@synapse_cleft 1002 0.0165057238 0.0471768302 0.00673803523 0 0 0
nt@synapse_cleft 1004 -0.0166584232 0.00287154875 0.00119965628 0 0 0
nt@synapse_cleft 1011 0.0294924501 0.0238518633 0.0125417175 0 0 0
nt@synapse_cleft 1013 -0.0340817673 0.0449612807 0.0162465814 0 0 0
nt@synapse_cleft 1016 -0.0340514811 0.0138286661 0.0152584905 0 0 0
nt@synapse_cleft 1018 -0.00105469601 -0.0201017175 0.00655319341 0 0 0
nt@synapse_cleft 1024 -0.0401794215 -0.0152023473 0.012003373 0 0 0
nt@synapse_cleft 1025 -0.00737157154 -0.0286844409 0.00371653397 0 0 0
nt@synapse_cleft 1027 0.0155695411 0.0374257066 0.016727287 0 0 0
nt@synapse_cleft 1035 -0.0319185013 -0.0150757855 0.0122251647 0 0 0
nt@synapse_cleft 1047 0.0279307655 -0.0461881837 0.00293398444 0 0 0
nt@synapse_cleft 1048 -0.00407057388 -0.0471589671 0.00637249538 0 0 0
nt@synapse_cleft 1050 0.00352456615 -0.050506328 0.0188797783 0 0 0
nt@synapse_cleft 1056 -0.00406734589 0.0617820634 0.00366301918 0 0 0
nt@synapse_cleft 1062 0.0373616399 -0.0123990538 0.011713667 0 0 0
nt@synapse_cleft 1077 -0.030315328 -0.0123788654 0.0184779409 0 0 0
nt@synapse_cleft 1080 -0.03314008 0.0214854932 0.0121415584 0 0 0
nt@synapse_cleft 1092 -0.0109441085 -0.00990337505 0.00382682492 0 0 0
nt@synapse_cleft 1102 -0.0172697008 -0.0171212326 0.00723698245 0 0 0
nt@synapse_cleft 1107 -0.0122427173 0.00477038966 0.0163505189 0 0 0
nt@synapse_cleft 1108 0.0137834224 0.0251350086 0.000402561113 0 0 0
nt@synapse_cleft 1110 0.0191940863 0.0194234825 0.0131385823 0 0 0
nt@synapse_cleft 1113 -0.0189128232 0.0137829081 0.00350247891 0 0 0
nt@synapse_cleft 1114 0.0161980942 -0.0246694703 0.00879393734 0 0 0
nt@synapse_cleft 1121 0.00163530446 0.0429212057 0.00352997748 0 0 0
nt@synapse_cleft 1127 -0.0103938422 0.00815438375 0.00451553576 0 0 0
nt@synapse_cleft 1130 0.0341971195 -0.0225612558 0.0121091302 0 0 0
nt@synapse_cleft 1136 -0.00586692707 -0.0566387457 0.0061623509 0 0 0
nt@synapse_cleft 1138 0.020070724 0.00450468771 0.0154536956 0 0 0
nt@synapse_cleft 1140 0.0110870783 -0.0315615841 0.0137088419 0 0 0
nt@synapse_cleft 1144 -0.0132474457 -0.00880640289 0.00858802316 0 0 0
nt@synapse_cleft 1145 0.0641180055 -0.0129366993 0.0139247026 0 0 0
nt@synapse_cleft 1149 -0.0285185748 -0.0037217886 0.013753126 0 0 0
nt@synapse_cleft 1152 0.0246107284 0.00156896611 0.016777065 0 0 0
nt@synapse_cleft 1157 0.0292907736 -0.0471752505 0.0151883367 0 0 0
nt@synapse_cleft 1165 0.0174260289 0.036113376 0.00716808292 0 0 0
nt@synapse_cleft 1166 -0.0088422619 0.00408278743 0.00690436015 0 0 0
nt@synapse_cleft 1167 0.0390791744 0.0259397569 0.0117279865 0 0 0
nt@synapse_cleft 1172 -0.00655838637 -0.00152845554 0.0107341715 0 0 0
nt@synapse_cleft 1177 -0.0071275839 0.0791112925 0.00265700253 0 0 0
nt@synapse_cleft 1179 0.0080327779 -0.0194237288 0.00761524557 0 0 0
nt@synapse_cleft 1186 -0.0627581754 0.00158118946 0.0034790471 0 0 0
nt@synapse_cleft 1188 0.0173327501 -0.0500715626 0.00661981445 0 0 0
nt@synapse_cleft 1193 -0.0369515716 -0.00460520306 0.00965529169 0 0 0
nt@synapse_cleft 1200 -0.0099363506 0.0172722716 0.0154858196 0 0 0
nt@synapse_cleft 1203 -0.0012346657 0.00686324709 0.00814140454 0 0 0
nt@synapse_cleft 1204 -0.00057434159 0.00649417363 0.00944070659 0 0 0
nt@synapse_cleft 1205 -0.0281594223 -0.0180210664 0.0104908434 0 0 0
nt@synapse_cleft 1206 -0.0328977021 0.00609177143 0.0174789114 0 0 0
nt@synapse_cleft 1218 -0.00900159761 0.0278142624 0.0190188051 0 0 0
nt@synapse_cleft 1219 -0.00165944994 0.00706770146 0.0155316682 0 0 0
nt@synapse_cleft 1237 -0.0174734975 -0.0352912236 0.00860533071 0 0 0
nt@synapse_cleft 1238 -0.0643021373 -0.0316360344 0.0195602971 0 0 0
nt@synapse_cleft 1243 -0.0207464803 0.00162967879 0.0151858875 0 0 0
nt@synapse_cleft 1248 0.0123526875 0.0436209986 0.00732944036 0 0 0
nt@synapse_cleft 1251 -0.0338866498 0.0119930933 0.0199722996 0 0 0
nt@synapse_cleft 1252 -0.0276556017 0.00478597337 0.00161807565 0 0 0
nt@synapse_cleft 1254 -0.0325354725 0.0299565461 0.0070993668 0 0 0
nt@synapse_cleft 1270 0.0395003318 0.0128657843 0.00836728671 0 0 0
nt@synapse_cleft 1275 -0.0187852203 0.0179431715 0.00902298298 0 0 0
nt@synapse_cleft 1289 0.0426120577 -0.00481714876 0.00651594629 0 0 0
nt@synapse_cleft 1298 -0.0102387086 -0.0168001144 0.00859251377 0 0 0
nt@synapse_cleft 1302 -0.0119574541 0.0303106719 0.00147201911 0 0 0
nt@synapse_cleft 1311 0.00929611569 -0.0215794099 0.00467598399 0 0 0
nt@synapse_cleft 1316 -0.0284988373 -0.0304977513 0.0138500377 0 0 0
nt@synapse_cleft 1326 0.019162839 0.0103477902 0.00222576111 0 0 0
nt@synapse_cleft 1328 0.0167763629 0.0051726051 0.00117008677 0 0 0
nt@synapse_cleft 1333 -0.0209516233 0.0310645881 0.00912993018 0 0 0
nt@synapse_cleft 1338 -0.0165583918 0.0159958054 0.00839393492 0 0 0
nt@synapse_cleft 1343 0.0132602227 0.00473253054 0.0138813473 0 0 0
nt@synapse_cleft 1347 -0.0441286637 -0.0120749474 0.0157400405 0 0 0
nt@synapse_cleft 1348 0.044657608 -0.041406798 0.0153327499 0 0 0
nt@synapse_cleft 1349 -0.0115628467 -0.00937708466 0.011022838 0 0 0
nt@synapse_cleft 1351 0.0368044718 -0.031518222 0.000661488802 0 0 0
nt@synapse_cleft 1359 -0.0210222674 -0.0129465994 0.00909678501 0 0 0
nt@synapse_cleft 1361 -0.00593711965 -0.0556843938 0.00515730301 0 0 0
nt@synapse_cleft 1366 0.0191426785 -0.00774615805 0.007644492 0 0 0
nt@synapse_cleft 1368 0.0299370704 0.0137729046 0.0046698536 0 0 0
nt@synapse_cleft 1372 -0.0171301248 0.0418295932 0.00670549787 0 0 0
nt@synapse_cleft 1380 -0.00802690835 0.0129456137 0.00915262893 0 0 0
nt@synapse_cleft 1382 0.019513135 0.0214546688 0.00839370779 0 0 0
nt@synapse_cleft 1384 -0.0483651645 -0.0197598211 0.00960427539 0 0 0
nt@synapse_cleft 1390 0.0460115787 -0.0114303562 0.00304065514 0 0 0
nt@synapse_cleft 1393 -0.0297372229 0.0360165438 0.00405421446 0 0 0
nt@synapse_cleft 1394 0.0188570456 0.025816206 0.0164485274 0 0 0
nt@synapse_cleft 1397 0.0307487452 0.0339447278 0.0157031718 0 0 0
nt@synapse_cleft 1400 -0.0329658464 0.0154598659 0.0125125708 0 0 0
nt@synapse_cleft 1403 0.00769145782 0.00311145595 0.0171643213 0 0 0
nt@synapse_cleft 1406 0.0582980807 -0.0249091445 0.0001259507 0 0 0
nt@synapse_cleft 1408 -0.0168423264 -0.0116705569 0.00918021685 0 0 0
nt@synapse_cleft 1411 0.0108314679 0.0107001862 0.0192462199 0 0 0
nt@synapse_cleft 1416 -0.0131933503 0.0311501177 0.00750195551 0 0 0
nt@synapse_cleft 1419 0.00359440237 -0.0225803771 0.00227772865 0 0 0
nt@synapse_cleft 1425 -0.00306594786 -0.0302303017 0.00616294081 0 0 0
nt@synapse_cleft 1427 -0.0255797369 -0.00881200011 0.0187011384 0 0 0
nt@synapse_cleft 1434 0.0144038922 0.0235245626 0.0140966093 0 0 0
nt@synapse_cleft 1438 -0.0124605649 -0.0297500257 0.00172149678 0 0 0
nt@synapse_cleft 1440 -0.00736474587 0.0258035942 0.00309477848 0 0 0
nt@synapse_cleft 1441 -0.0337061761 0.0191389094 0.002521472 0 0 0
nt@synapse_cleft 1442 0.00306566278 0.0323052133 0.0197887213 0 0 0
nt@synapse_cleft 1444 -0.0282581599 -0.0102350206 0.00814606812 0 0 0
nt@synapse_cleft 1446 -0.0196025667 -0.0358599752 0.00532527916 0 0 0
nt@synapse_cleft 1449 -0.0318488739 0.00120577523 0.00167629694 0 0 0
nt@synapse_cleft 1452 -0.029842156 -0.0288136609 0.00138955164 0 0 0
nt@synapse_cleft 1454 -0.0184431986 0.00955897638 0.00774999058 0 0 0
nt@synapse_cleft 1455 -0.0277302887 0.0097760145 0.0162320071 0 0 0
nt@synapse_cleft 1464 -0.0575752675 0.0145344661 0.0138479485 0 0 0
nt@synapse_cleft 1470 -0.0639673174 -0.0300135232 0.0161405047 0 0 0
nt@synapse_cleft 1472 -0.0509283336 -0.0124337481 0.00708378357 0 0 0
nt@synapse_cleft 1473 0.00667996795 -0.00794786817 0.0163016483 0 0 0
nt@synapse_cleft 1479 -0.0112718832 0.0311964368 0.0170775238 0 0 0
nt@synapse_cleft 1481 0.0223700551 0.0116903452 0.0190619713 0 0 0
nt@synapse_cleft 1484 -0.00192175071 0.0163677495 0.0114335922 0 0 0
nt@synapse_cleft 1485 -0.020120205 -0.00672583422 0.0184272074 0 0 0
nt@synapse_cleft 1487 -0.0125383014 -0.028203672 0.00333345068 0 0 0
nt@synapse_cleft 1488 0.0356530609 -0.00167903274 0.00724156358 0 0 0
nt@synapse_cleft 1494 0.00914731482 0.0106978993 0.0197264036 0 0 0
nt@synapse_cleft 1496 0.00109282883 0.0252253973 0.0163091148 0 0 0
nt@synapse_cleft 1506 0.0311146213 0.00439381542 0.0190845155 0 0 0
nt@synapse_cleft 1507 0.0114044416 -0.00571630827 0.0111989533 0 0 0
nt@synapse_cleft 1508 0.0240985562 0.0114402462 0.0101077534 0 0 0
nt@synapse_cleft 1512 0.00597729799 -0.0154194741 0.0197730175 0 0 0
nt@synapse_cleft 1519 -0.0057064423 -0.00367648793 0.0155451657 0 0 0
nt@synapse_cleft 1527 0.00234104771 0.0407275775 0.0110465828 0 0 0
nt@synapse_cleft 1528 -0.0350783872 0.00448003102 0.00972166174 0 0 0
nt@synapse_cleft 1531 0.00620258369 0.0196435791 0.0167047329 0 0 0
nt@synapse_cleft 1538 0.00662101327 0.0183530689 0.017464137 0 0 0
nt@synapse_cleft 1542 -0.0144561449 0.0208674777 0.00713322276 0 0 0
nt@synapse_cleft 1545 -0.00240490905 0.00717652024 0.0131516958 0 0 0
nt@synapse_cleft 1548 -0.0335653935 -0.023963935 0.00579062873 0 0 0
nt@synapse_cleft 1553 0.058801869 0.0137408897 0.00115001664 0 0 0
nt@synapse_cleft 1554 0.0216798116 0.0125326518 0.00415115873 0 0 0
nt@synapse_cleft 1561 0.000568013907 -0.0514472015 0.00662665155 0 0 0
nt@synapse_cleft 1565 -0.00890190852 0.00370813193 0.0196165004 0 0 0
nt@synapse_cleft 1571 -0.0196868286 -0.00868823031 0.0085093704 0 0 0
nt@synapse_cleft 1573 0.0202471505 0.0252695976 0.00649797803 0 0 0
nt@synapse_cleft 1588 -0.000107087963 -0.0177725329 0.0198897409 0 0 0
nt@synapse_cleft 1592 0.0128778065 -0.022340243 0.00137748011 0 0 0
nt@synapse_cleft 1597 0.00298897453 0.0316155906 0.00466447812 0 0 0
nt@synapse_cleft 1600 0.0209124104 -0.030516133 0.00469329041 0 0 0
nt@synapse_cleft 1605 0.015209098 -0.00696314707 0.00769866079 0 0 0
nt@synapse_cleft 1606 -0.0340178011 0.0138991678 0.0120078242 0 0 0
nt@synapse_cleft 1611 -0.0085561098 -0.0249839284 0.00555808854 0 0 0
nt@synapse_cleft 1612 -0.0197877631 -0.0150326631 0.00855337587 0 0 0
nt@synapse_cleft 1617 0.0137762848 -0.0295561281 0.0131209555 0 0 0
nt@synapse_cleft 1619 0.0185940311 -0.00514408274 0.0174455215 0 0 0
nt@synapse_cleft 1628 0.0131913457 0.03628838 0.0123063002 0 0 0
nt@synapse_cleft 1635 0.013410976 -0.0171645192 0.00492726986 0 0 0
nt@synapse_cleft 1641 0.03161278 0.0152228215 0.011080043 0 0 0
nt@synapse_cleft 1642 0.0237819214 -0.0285156133 0.00728503633 0 0 0
nt@synapse_cleft 1655 -0.00567147667 0.018311105 0.00110256353 0 0 0
nt@synapse_cleft 1658 0.0155885555 0.0402544458 0.015434205 0 0 0
nt@synapse_cleft 1660 0.0190846803 0.00929905087 0.00731796922 0 0 0
nt@synapse_cleft 1675 -0.0238931309 -0.00441103988 0.019803558 0 0 0
nt@synapse_cleft 1678 0.00725002589 -0.0127743724 0.010805832 0 0 0
nt@synapse_cleft 1681 -0.0213904952 0.00514644263 0.00638241275 0 0 0
nt@synapse_cleft 1684 0.00320777304 -0.0392854541 0.00641623876 0 0 0
nt@synapse_cleft 1686 -0.00593224295 0.0144900055 0.013179271 0 0 0
nt@synapse_cleft 1687 -0.0316805503 -0.0293594035 0.00375590692 0 0 0
nt@synapse_cleft 1689 0.0101077264 0.022444539 0.0067233776 0 0 0
nt@synapse_cleft 1692 -0.0182896145 0.0297129161 0.0117145326 0 0 0
nt@synapse_cleft 1695 0.0178551408 -0.0151323413 0.00744471437 0 0 0
nt@synapse_cleft 1701 0.000496161465 0.00857573149 0.0178634569 0 0 0
nt@synapse_cleft 1707 -0.0257527796 -0.0067555226 0.0104716287 0 0 0
nt@synapse_cleft 1708 -0.0401728746 0.0100077263 0.00204542375 0 0 0
nt@synapse_cleft 1715 0.00713188602 -0.00105746122 0.013941295 0 0 0
nt@synapse_cleft 1721 0.00300573987 -0.0287654643 0.010606528 0 0 0
nt@synapse_cleft 1725 0.0301025679 -0.00654639464 0.00130972534 0 0 0
nt@synapse_cleft 1729 0.00393041835 -0.00777228205 0.0114197036 0 0 0
nt@synapse_cleft 1736 0.0218187214 0.00898891701 0.016200526 0 0 0
nt@synapse_cleft 1741 0.0113574685 -0.0181786536 0.0099507841 0 0 0
nt@synapse_cleft 1742 0.0110119259 -0.0474234145 0.00122499007 0 0 0
nt@synapse_cleft 1743 0.0333710741 0.0309503402 0.018445235 0 0 0
nt@synapse_cleft 1745 -0.0350335654 0.0281411211 0.0036472187 0 0 0
nt@synapse_cleft 1746 0.00999374657 -0.0220279853 0.0191749688 0 0 0
nt@synapse_cleft 1748 0.06122672 0.0112223798 0.00471965611 0 0 0
nt@synapse_cleft 1751 0.037669466 0.029965303 0.010355637 0 0 0
nt@synapse_cleft 1759 -0.0111516455 -0.00984562966 0.0143235123 0 0 0
nt@synapse_cleft 1761 -0.0191657918 0.00661901698 0.00843632268 0 0 0
nt@synapse_cleft 1762 -0.0226422865 -0.0277114611 0.0138719528 0 0 0
nt@synapse_cleft 1768 0.00372131711 -0.0245678526 0.0134209936 0 0 0
nt@synapse_cleft 1775 -0.0107008536 0.00336177649 0.000100332436 0 0 0
nt@synapse_cleft 1778 0.0502908461 -0.0514108271 0.0188602474 0 0 0
nt@synapse_cleft 1781 -0.0150336358 0.0392252955 0.00192345662 0 0 0
nt@synapse_cleft 1793 0.0102809748 0.0379855493 0.0148168223 0 0 0
nt@synapse_cleft 1795 0.0310572995 -0.0109940148 0.0170475369 0 0 0
nt@synapse_cleft 1799 -0.0209903591 -0.000907209098 0.00160126298 0 0 0
nt@synapse_cleft 1804 0.00792058094 0.00528764283 0.0149370115 0 0 0
nt@synapse_cleft 1805 -0.00652534621 0.000430033517 0.0141512564 0 0 0
nt@synapse_cleft 1806 -0.0187718021 0.0107051597 0.0143800075 0 0 0
nt@synapse_cleft 1810 -0.0538727427 -0.0453696272 0.012135752 0 0 0
nt@synapse_cleft 1811 -0.000944896366 0.0153395207 0.0127647377 0 0 0
nt@synapse_cleft 1812 -0.00215627709 0.0476099225 0.0194483779 0 0 0
nt@synapse_cleft 1815 -0.00586552162 0.00479298218 0.0154923899 0 0 0
nt@synapse_cleft 1824 0.0173761134 -0.000551081105 0.00583118399 0 0 0
nt@synapse_cleft 1826 0.0232776922 -0.0111739973 0.01778823 0 0 0
nt@synapse_cleft 1829 0.0436435105 -0.0158883489 0.00580466348 0 0 0
nt@synapse_cleft 1830 -0.0396759585 -0.0142750545 0.0161994399 0 0 0
nt@synapse_cleft 1837 -0.0344282559 -0.0163431854 0.010538083 0 0 0
nt@synapse_cleft 1838 -0.00750245316 -0.0291431798 0.0119725499 0 0 0
nt@synapse_cleft 1843 0.0409089447 -0.00730020275 0.00766338152 0 0 0
nt@synapse_cleft 1846 -0.0256953648 0.00470989827 0.00502764714 0 0 0
nt@synapse_cleft 1849 0.0466706503 0.00628319296 0.00497697591 0 0 0
nt@synapse_cleft 1853 0.066693486 -0.0172693282 0.00263330039 0 0 0
nt@synapse_cleft 1854 0.000131078624 -0.00370314775 0.016242388 0 0 0
nt@synapse_cleft 1856 0.0210069982 -0.0190747082 0.00958312819 0 0 0
nt@synapse_cleft 1868 -0.0252602383 -0.001668323 0.00549374199 0 0 0
nt@synapse_cleft 1872 0.00846466709 -0.00702409509 0.0155388068 0 0 0
nt@synapse_cleft 1875 -0.0268098395 0.0161471283 0.00851836106 0 0 0
nt@synapse_cleft 1877 -2.10321274e-05 0.028357536 0.0153797009 0 0 0
nt@synapse_cleft 1880 -0.0255081654 -0.0178628727 0.00821806307 0 0 0
nt@synapse_cleft 1883 0.0168728011 0.0157742217 0.0162592804 0 0 0
nt@synapse_cleft 1885 -0.0114272886 -0.00174745317 0.00469755488 0 0 0
nt@synapse_cleft 1887 -0.00577469715 0.0358738902 0.00264208181 0 0 0
nt@synapse_cleft 1892 -0.00586202767 0.00864334308 0.00606423179 0 0 0
nt@synapse_cleft 1896 0.0282797797 -0.00754825719 0.00900879715 0 0 0
nt@synapse_cleft 1900 -0.00411865051 -0.0185904615 0.0109260915 0 0 0
nt@synapse_cleft 1904 -0.0390652535 0.039854535 3.73842647e-05 0 0 0
nt@synapse_cleft 1914 0.0116616633 0.0128611 0.00533443154 0 0 0
nt@synapse_cleft 1918 -0.0117576196 0.0586805088 0.0127837936 0 0 0
nt@synapse_cleft 1921 -0.00393410077 -0.0178825861 0.0116564808 0 0 0
nt@synapse_cleft 1923 -0.0121794124 0.0234165756 0.0127318206 0 0 0
nt@synapse_cleft 1925 0.00843449922 0.0191678674 0.00757390744 0 0 0
nt@synapse_cleft 1926 0.00838086967 -0.0160600368 0.01998119 0 0 0
nt@synapse_cleft 1932 0.0129551844 -0.00765887607 0.0158800874 0 0 0
nt@synapse_cleft 1942 0.0256675382 -0.0338480791 0.00387024384 0 0 0
nt@synapse_cleft 1944 -0.00438538934 0.0266235622 0.0101392509 0 0 0
nt@synapse_cleft 1946 -0.0172405683 -0.0101820957 0.00236229854 0 0 0
nt@synapse_cleft 1953 -0.0278588707 -0.0164840021 0.00554231636 0 0 0
nt@synapse_cleft 1961 0.0354937297 0.0153013299 0.0102601975 0 0 0
nt@synapse_cleft 1964 -0.00624591199 -0.00600328357 0.011869173 0 0 0
nt@synapse_cleft 1967 0.0160744956 -0.0310737862 0.0116436387 0 0 0
nt@synapse_cleft 1970 -0.0217986158 -0.0409246288 0.0157108508 0 0 0
nt@synapse_cleft 1973 0.0273155727 0.0266145898 0.0182078003 0 0 0
nt@synapse_cleft 1976 -0.0288526616 -0.018077893 0.00672676186 0 0 0
nt@synapse_cleft 1980 -0.019527089 -0.0265422547 0.00626441966 0 0 0
nt@synapse_cleft 1984 -0.0573758736 -0.0101697614 0.00991880013 0 0 0
nt@synapse_cleft 1989 -0.0134878996 0.0108603013 0.0169036941 0 0 0
nt@synapse_cleft 1990 0.0204065096 0.0241302855 0.00391825845 0 0 0
nt@synapse_cleft 1993 0.00356144757 -0.0197642655 0.0168912748 0 0 0
nt@synapse_cleft 1997 0.00380570313 0.0160014539 0.0155932898 0 0 0
nt@synapse_cleft 2004 -0.0135485199 0.00610575673 0.0171473011 0 0 0
nt@synapse_cleft 2007 -0.000494859015 0.00880671465 0.0125109706 0 0 0
nt@synapse_cleft 2008 0.0322439849 0.00828065167 0.0127142509 0 0 0
nt@synapse_cleft 2013 -0.0088452289 -0.00437638917 0.00180026003 0 0 0
nt@synapse_cleft 2014 0.0193454184 0.0178287701 0.0135385146 0 0 0
nt@synapse_cleft 2019 0.0130509404 -0.009961269 0.014834821 0 0 0
nt@synapse_cleft 2026 0.0494031228 0.00436460846 0.0049070669 0 0 0
nt@synapse_cleft 2027 -0.0132799493 -0.0262855275 0.0102708459 0 0 0
nt@synapse_cleft 2032 -0.0228349906 -0.000210676415 0.0149019862 0 0 0
nt@synapse_cleft 2035 0.057473501 0.0232542709 0.00095491429 0 0 0
nt@synapse_cleft 2036 0.051892622 -0.0371765599 0.0137445088 0 0 0
nt@synapse_cleft 2039 0.0360916107 0.0125183302 0.019890582 0 0 0
nt@synapse_cleft 2041 0.033460248 -0.0113302328 0.0140832858 0 0 0
nt@synapse_cleft 2044 0.0134308645 -0.0226370301 0.0111783442 0 0 0
nt@synapse_cleft 2052 -0.00401497938 -0.0202913384 0.0139500165 0 0 0
nt@synapse_cleft 2058 -0.00735787205 -0.0387193948 0.0186412221 0 0 0
nt@synapse_cleft 2061 0.0194123265 0.0088675498 0.00196544539 0 0 0
nt@synapse_cleft 2064 0.0189645968 0.0212624164 0.00168772728 0 0 0
nt@synapse_cleft 2091 -0.00728527334 0.0270501429 0.0152574123 0 0 0
nt@synapse_cleft 2092 0.0182285945 0.0310440694 0.0114301423 0 0 0
nt@synapse_cleft 2094 -0.0121523592 -0.00412113806 0.0121740289 0 0 0
nt@synapse_cleft 2096 -0.0148166714 -0.00649953411 0.00427391024 0 0 0
nt@synapse_cleft 2101 -0.00709567412 -0.0112007742 0.0176660175 0 0 0
nt@synapse_cleft 2104 0.0253941676 -0.000748923212 0.00602314083 0 0 0
nt@synapse_cleft 2112 -0.0030379269 -0.0274975326 0.00141216737 0 0 0
nt@synapse_cleft 2115 -0.0286238316 0.0115195571 0.012434726 0 0 0
nt@synapse_cleft 2124 0.00259725625 0.0507978128 0.00907754039 0 0 0
nt@synapse_cleft 2127 0.0180428878 0.0169047386 0.00211872815 0 0 0
nt@synapse_cleft 2133 0.0132702133 -0.00688385634 0.00486216849 0 0 0
nt@synapse_cleft 2137 -0.0372891198 0.0537864645 0.00393682949 0 0 0
nt@synapse_cleft 2148 0.0309523936 -0.0624415429 0.00050726109 0 0 0
nt@synapse_cleft 2156 0.0354006106 -0.0349270847 0.0143278813 0 0 0
nt@synapse_cleft 2162 -0.0135805823 0.00904164687 0.0149386057 0 0 0
nt@synapse_cleft 2163 0.0150265507 -0.000683917878 0.0175804482 0 0 0
nt@synapse_cleft 2170 0.0124024577 0.00881146688 0.0195011637 0 0 0
nt@synapse_cleft 2177 -0.0140474648 -0.0307348354 0.00165223264 0 0 0
nt@synapse_cleft 2185 -0.0151780869 -0.00985362022 0.0105450932 0 0 0
nt@synapse_cleft 2187 -0.0153939517 0.00290065045 0.0152880854 0 0 0
nt@synapse_cleft 2188 -0.00240776827 0.0317324202 0.0111558006 0 0 0
nt@synapse_cleft 2199 0.000322601714 -0.0236263329 0.00590795178 0 0 0
nt@synapse_cleft 2204 -0.0391885797 0.00757513084 0.0163097589 0 0 0
nt@synapse_cleft 2206 -0.018013726 -0.0226877951 0.0145437665 0 0 0
nt@synapse_cleft 2207 0.0274166243 0.00584222867 0.0162628811 0 0 0
nt@synapse_cleft 2217 0.0188512146 -0.037949355 0.00757457478 0 0 0
nt@synapse_cleft 2218 0.0149023559 0.0137945576 0.0154798781 0 0 0
nt@synapse_cleft 2223 -0.0168212062 0.0179371243 0.00267468819 0 0 0
nt@synapse_cleft 2228 -0.000553006081 0.0154834756 0.00587986263 0 0 0
nt@synapse_cleft 2235 -0.00678895115 -0.013951508 0.00811155607 0 0 0
nt@synapse_cleft 2236 -0.000938352019 0.0173267525 0.0136986347 0 0 0
nt@synapse_cleft 2248 -0.0342566871 -0.00198771543 0.000670772615 0 0 0
nt@synapse_cleft 2251 -0.0030138649 0.00627570968 0.0150192319 0 0 0
nt@synapse_cleft 2254 -0.00501380196 -0.0200195667 0.0196299684 0 0 0
nt@synapse_cleft 2257 0.00168558666 -0.00393070384 0.0102361633 0 0 0
nt@synapse_cleft 2262 -0.00430963079 0.0260194501 0.0185896322 0 0 0
nt@synapse_cleft 2265 0.0355935638 0.0280261729 0.00490382033 0 0 0
nt@synapse_cleft 2271 -0.0585385247 0.0219156295 0.00517872456 0 0 0
nt@synapse_cleft 2274 -0.0117084676 0.0403913631 0.00592329452 0 0 0
nt@synapse_cleft 2278 0.0195820687 0.0343994527 0.0124792499 0 0 0
nt@synapse_cleft 2279 -0.0124638824 0.011435125 0.0132221321 0 0 0
nt@synapse_cleft 2283 0.0380551412 -0.0312997254 0.00975925026 0 0 0
nt@synapse_cleft 2284 0.0256203648 0.00693315815 0.0147005899 0 0 0
nt@synapse_cleft 2285 -0.0194267158 -0.0108392954 0.00747091843 0 0 0
nt@synapse_cleft 2289 0.00937870861 -0.00557623687 0.00356522806 0 0 0
nt@synapse_cleft 2292 -0.00852648109 -0.000919594423 0.0199737465 0 0 0
nt@synapse_cleft 2298 -0.0387584702 -0.0205510718 0.0113642091 0 0 0
nt@synapse_cleft 2306 -0.000822837142 -0.0482475977 0.00641480746 0 0 0
nt@synapse_cleft 2308 -0.0393511247 0.00939011554 0.0126638826 0 0 0
nt@synapse_cleft 2309 -0.00342168027 0.00271014043 0.00965025106 0 0 0
nt@synapse_cleft 2314 0.00068840424 -0.0306490912 0.0083607279 0 0 0
nt@synapse_cleft 2317 0.0342859037 0.00442262802 0.00488491339 0 0 0
nt@synapse_cleft 2320 0.0286287184 -0.0304850572 0.00184539952 0 0 0
nt@synapse_cleft 2321 0.0491093695 0.00668492843 0.00462760663 0 0 0
nt@synapse_cleft 2326 0.0168084784 0.0256105638 0.00338873346 0 0 0
nt@synapse_cleft 2327 -0.0315241101 -0.0359674388 0.0156612092 0 0 0
nt@synapse_cleft 2330 -0.0392918353 0.0145861894 0.00909311991 0 0 0
nt@synapse_cleft 2332 -0.0197820846 -0.00377331242 0.018156254 0 0 0
nt@synapse_cleft 2349 0.0392128801 -0.0025582965 0.00661046826 0 0 0
nt@synapse_cleft 2367 -0.024729831 -0.0410530764 0.0131561242 0 0 0
nt@synapse_cleft 2369 -0.00971735174 -0.00592359691 0.00259623385 0 0 0
nt@synapse_cleft 2383 0.0135943904 -0.0394117443 0.0134945215 0 0 0
nt@synapse_cleft 2386 -0.0210226927 -0.0172902803 0.0034455292 0 0 0
nt@synapse_cleft 2389 -0.00114879472 -0.0263600688 0.00608092609 0 0 0
nt@synapse_cleft 2397 0.00677193183 -0.0521283402 0.0107565627 0 0 0
nt@synapse_cleft 2400 -0.0215147062 -0.0402386217 0.0105463453 0 0 0
nt@synapse_cleft 2410 0.0236823153 0.00606807499 0.0175580125 0 0 0
nt@synapse_cleft 2411 0.0194860431 -0.0470516585 0.000975369351 0 0 0
nt@synapse_cleft 2412 -0.00513427302 0.0219445463 0.0142928512 0 0 0
nt@synapse_cleft 2417 -0.0111385525 0.00821787398 0.0124574822 0 0 0
nt@synapse_cleft 2421 -0.00259514247 0.0201619463 0.00534922581 0 0 0
nt@synapse_cleft 2423 0.0153456019 -0.0392396916 0.00511058942 0 0 0
nt@synapse_cleft 2437 0.0286844338 0.0145617227 0.0055727496 0 0 0
nt@synapse_cleft 2438 -0.000581612284 -0.0432863502 0.00314550437 0 0 0
nt@synapse_cleft 2440 -0.0278901435 -0.0271214455 0.00979890624 0 0 0
nt@synapse_cleft 2448 0.00428905215 -0.00331112144 0.0136784083 0 0 0
nt@synapse_cleft 2456 -0.0257865335 -0.00714450479 0.0195971009 0 0 0
nt@synapse_cleft 2459 0.00701190851 0.0512749771 0.00727804871 0 0 0
nt@synapse_cleft 2462 -0.00959848067 0.0435587117 0.00531687963 0 0 0
nt@synapse_cleft 2468 -0.0496338599 -0.0148428548 0.0128108213 0 0 0
nt@synapse_cleft 2472 0.0506406267 -0.0479883621 0.0146335798 0 0 0
nt@synapse_cleft 2480 -0.0101525849 -0.0220593229 0.00523000764 0 0 0
nt@synapse_cleft 2481 -0.0208423079 -0.0152011019 0.000672370964 0 0 0
nt@synapse_cleft 2483 0.0308051275 0.0258549291 0.0160576254 0 0 0
nt@synapse_cleft 2491 0.00769610173 0.00850410875 0.0116989431 0 0 0
nt@synapse_cleft 2493 0.0273705177 -0.0495744582 0.000201542366 0 0 0
nt@synapse_cleft 2498 0.0159408287 -0.0210057561 0.00272519658 0 0 0
nt@synapse_cleft 2501 0.00204973939 0.012581426 0.00033608076 0 0 0
nt@synapse_cleft 2502 0.0159121648 -0.0366012538 0.0134350278 0 0 0
nt@synapse_cleft 2509 -0.00402344289 -0.0219455841 0.0193459595 0 0 0
nt@synapse_cleft 2513 -0.00114686162 0.0101268402 0.00956033233 0 0 0
nt@synapse_cleft 2517 -6.52049471e-06 -0.00487483411 0.0157671173 0 0 0
nt@synapse_cleft 2520 0.0220141693 0.0212917449 0.00680613956 0 0 0
nt@synapse_cleft 2521 0.00368763065 0.0155742944 0.00748207925 0 0 0
nt@synapse_cleft 2525 0.0360234096 0.0197546753 0.0127755861 0 0 0
nt@synapse_cleft 2528 -0.00992074968 0.000380617962 0.0129410915 0 0 0
nt@synapse_cleft 2539 -0.0105147862 0.0212098922 0.0169045437 0 0 0
nt@synapse_cleft 2542 0.0197858386 -0.023672436 0.0180541071 0 0 0
nt@synapse_cleft 2549 -0.00737535568 0.0698192674 0.0156641667 0 0 0
nt@synapse_cleft 2550 0.0352940744 -0.0100652453 0.0188678368 0 0 0
nt@synapse_cleft 2555 0.0577347265 -0.0262635898 0.00311635719 0 0 0
nt@synapse_cleft 2560 -0.0303974422 0.0159100852 0.00158626895 0 0 0
nt@synapse_cleft 2561 0.0170749633 0.0505990114 0.00204374348 0 0 0
nt@synapse_cleft 2563 0.0059761287 0.0200658529 0.00886270825 0 0 0
nt@synapse_cleft 2564 -0.0194030639 0.0451010199 0.00653888975 0 0 0
nt@synapse_cleft 2566 -0.0025567934 0.000653681139 0.00867631638 0 0 0
nt@synapse_cleft 2570 0.00662000307 0.0050962303 0.0193913024 0 0 0
nt@synapse_cleft 2571 0.0191119417 -0.0450451577 0.000105427699 0 0 0
nt@synapse_cleft 2577 -4.29332285e-05 0.0293812859 0.0127913499 0 0 0
nt@synapse_cleft 2586 0.0375003517 -0.0130778928 0.0130489632 0 0 0
nt@synapse_cleft 2591 0.00272694145 -0.00214814688 0.00608830856 0 0 0
nt@synapse_cleft 2597 -0.0237445488 0.00121058348 0.0152230459 0 0 0
nt@synapse_cleft 2603 0.0157374386 -0.0165700364 0.0138800923 0 0 0
nt@synapse_cleft 2604 0.0337204508 -0.00734984657 0.0128764523 0 0 0
nt@synapse_cleft 2610 0.00904997247 -0.0360209778 0.00266137031 0 0 0
nt@synapse_cleft 2613 -0.0385266267 -0.0209657143 0.0195210616 0 0 0
nt@synapse_cleft 2615 -0.00629747286 -0.0704645652 0.00675941933 0 0 0
nt@synapse_cleft 2617 -0.0158270359 0.0159813623 0.0167037993 0 0 0
nt@synapse_cleft 2623 -0.0201322227 -0.0312763769 0.00137418997 0 0 0
nt@synapse_cleft 2625 -0.0541775413 -0.0198720881 0.00418015726 0 0 0
nt@synapse_cleft 2628 0.0339910754 -0.0256952733 0.0155923975 0 0 0
nt@synapse_cleft 2639 0.011232337 -0.00632723801 0.00161235443 0 0 0
nt@synapse_cleft 2641 -0.0251588136 -0.018999144 0.00133874738 0 0 0
nt@synapse_cleft 2645 0.0130363998 0.026890168 0.000863903632 0 0 0
nt@synapse_cleft 2650 0.0318645704 -0.0108895029 0.0097083425 0 0 0
nt@synapse_cleft 2652 -0.015529478 0.00623487959 0.00795482366 0 0 0
nt@synapse_cleft 2660 -0.0125051353 -0.0237716393 0.017305304 0 0 0
nt@synapse_cleft 2670 -0.0312811339 -0.00537896418 0.00624273675 0 0 0
nt@synapse_cleft 2674 -0.0129930025 0.00319751957 0.00666132892 0 0 0
nt@synapse_cleft 2675 -0.0146152823 0.00855539683 0.0137996771 0 0 0
nt@synapse_cleft 2680 -0.0521201036 -0.0322229892 0.00490252166 0 0 0
nt@synapse_cleft 2681 -0.0372448229 -0.0202243408 0.0174576057 0 0 0
nt@synapse_cleft 2688 -0.0473380012 0.0528407672 0.0116167299 0 0 0
nt@synapse_cleft 2702 -0.00298855903 -0.0127840481 0.000912353335 0 0 0
nt@synapse_cleft 2708 -0.0449081399 0.00132590968 0.00283742451 0 0 0
nt@synapse_cleft 2709 0.00418178964 0.0071154797 0.0172725742 0 0 0
nt@synapse_cleft 2710 -0.0121581778 -0.027272852 0.00864862854 0 0 0
nt@synapse_cleft 2713 -0.000200774738 -0.0281666149 0.0142440276 0 0 0
nt@synapse_cleft 2714 0.0448433903 0.0241115686 0.0116542767 0 0 0
nt@synapse_cleft 2720 0.00926249449 0.0218588883 0.007835257 0 0 0
nt@synapse_cleft 2724 0.0136079798 -0.0142001841 0.00785648049 0 0 0
nt@synapse_cleft 2729 0.0219634291 -0.0136377197 0.0188065369 0 0 0
nt@synapse_cleft 2734 0.0330274717 0.00401792186 0.0131892142 0 0 0
nt@synapse_cleft 2739 0.0258078836 -0.0149048723 0.00975865332 0 0 0
nt@synapse_cleft 2743 0.00229886843 -0.0394644673 0.0126512231 0 0 0
nt@synapse_cleft 2750 0.0341731743 -0.0333135789 0.0135103968 0 0 0
nt@synapse_cleft 2752 -0.0214775948 -0.0202046036 0.0186438472 0 0 0
nt@synapse_cleft 2756 0.0291152199 -0.0206042452 0.00850050447 0 0 0
nt@synapse_cleft 2758 0.00456457108 -0.0119409462 0.0136798205 0 0 0
nt@synapse_cleft 2766 -0.0467478011 0.0371202401 0.0188304453 0 0 0
nt@synapse_cleft 2775 0.0402209337 -0.0194639228 0.01186682 0 0 0
nt@synapse_cleft 2785 0.00406908166 0.0254548479 0.00413387595 0 0 0
nt@synapse_cleft 2798 -0.0260344622 0.0239290627 0.0107788057 0 0 0
nt@synapse_cleft 2807 -0.0170240859 0.0197838342 0.00945820871 0 0 0
nt@synapse_cleft 2808 0.0160120605 0.055579827 0.014172451 0 0 0
nt@synapse_cleft 2815 -0.00801938488 0.00803584172 0.0120560036 0 0 0
nt@synapse_cleft 2820 0.0161930688 -0.0014079894 0.0151342908 0 0 0
nt@synapse_cleft 2828 0.0133513351 -0.0518287538 0.00541954378 0 0 0
nt@synapse_cleft 2837 -0.00656595777 0.00912651511 0.0157634818 0 0 0
nt@synapse_cleft 2848 0.0133408694 0.0079732275 0.00552116445 0 0 0
nt@synapse_cleft 2854 0.0175527776 -0.0119332354 0.0104585759 0 0 0
nt@synapse_cleft 2855 -0.0239544251 -0.0254374158 0.000706884656 0 0 0
nt@synapse_cleft 2857 0.0272266317 -0.0261570791 0.0178527253 0 0 0
nt@synapse_cleft 2861 -0.0188354721 0.00669987888 0.00838326425 0 0 0
nt@synapse_cleft 2863 -0.0226872277 0.0201853944 0.000969457776 0 0 0
nt@synapse_cleft 2868 0.00456642202 0.0162364518 0.000105583562 0 0 0
nt@synapse_cleft 2871 0.012862508 -0.0481731352 0.0179605313 0 0 0
nt@synapse_cleft 2875 0.0148311755 0.0188341081 0.019200903 0 0 0
nt@synapse_cleft 2876 -0.0163717465 -0.000109265853 0.0160930748 0 0 0
nt@synapse_cleft 2880 0.00118241679 0.0167949667 0.0058191186 0 0 0
nt@synapse_cleft 2884 0.038483612 0.0024171842 0.0175194004 0 0 0
nt@synapse_cleft 2887 0.00270956526 -0.0238397536 0.0195555461 0 0 0
nt@synapse_cleft 2894 0.0119104885 0.0139971893 0.00366476653 0 0 0
nt@synapse_cleft 2895 0.0636183927 -0.0070031982 0.016384639 0 0 0
nt@synapse_cleft 2897 0.000718806509 -0.0365974138 0.0144549893 0 0 0
nt@synapse_cleft 2905 -0.0218257809 0.0209074168 0.0124268015 0 0 0
nt@synapse_cleft 2909 0.0430329526 -0.0176661493 0.0173080057 0 0 0
nt@synapse_cleft 2910 -0.0429553349 0.0111961956 0.0185818579 0 0 0
nt@synapse_cleft 2912 0.0177827205 -0.0136875458 0.00205013463 0 0 0
nt@synapse_cleft 2915 0.0154639378 -0.0394631017 0.0198802062 0 0 0
nt@synapse_cleft 2918 -0.0155360038 -0.0538306954 0.0149225615 0 0 0
nt@synapse_cleft 2920 0.0142134157 -0.00582866835 0.0174080099 0 0 0
nt@synapse_cleft 2921 0.00606435772 0.0500649864 0.003115026 0 0 0
nt@synapse_cleft 2922 0.0657265255 -0.021596549 0.019257586 0 0 0
nt@synapse_cleft 2925 -0.010259083 0.031616486 0.0150596929 0 0 0
nt@synapse_cleft 2933 -0.0122011559 -0.0115055119 0.00503921867 0 0 0
nt@synapse_cleft 2935 -0.0259481432 -0.00199490265 0.0167920192 0 0 0
nt@synapse_cleft 2940 0.000435395942 -0.0221480175 0.00207305438 0 0 0
nt@synapse_cleft 2945 -0.0213695075 -0.0162766526 0.00966144685 0 0 0
nt@synapse_cleft 2946 0.00173530826 -0.00561433908 0.0183345617 0 0 0
nt@synapse_cleft 2961 0.0726902533 -0.02768027 0.00466364763 0 0 0
nt@synapse_cleft 2962 0.0149161104 0.0150149437 0.00475904037 0 0 0
nt@synapse_cleft 2967 -0.0120653415 -0.0478160761 0.0114428133 0 0 0
nt@synapse_cleft 2983 0.0133138298 -0.0406416157 0.00186482387 0 0 0
nt@synapse_cleft 2992 -0.0225050132 0.023985489 0.00473778188 0 0 0
nt@synapse_cleft 2993 -0.000492648686 0.048250395 0.0012228502 0 0 0
nt@synapse_cleft 2997 0.0211018207 -0.0157918054 0.00196900697 0 0 0
nt@synapse_cleft 3006 0.0232538194 0.0293153817 0.00599826255 0 0 0
nt@synapse_cleft 3008 0.0166134314 0.0569026213 0.0115765752 0 0 0
nt@synapse_cleft 3012 0.027390632 -0.00142631207 0.00964111187 0 0 0
nt@synapse_cleft 3019 -0.0131549528 0.00694167953 0.00524324604 0 0 0
nt@synapse_cleft 3020 -0.0150010868 -0.0149791362 0.00496133913 0 0 0
nt@synapse_cleft 3024 0.0208069027 0.0143870917 0.0149160211 0 0 0
nt@synapse_cleft 3026 -0.01234186 0.00376460171 0.00522034531 0 0 0
nt@synapse_cleft 3042 0.00268305775 0.0104812404 0.0134742124 0 0 0
nt@synapse_cleft 3047 0.0319141088 0.0506076521 0.00269081272 0 0 0
nt@synapse_cleft 3057 0.0137557586 -0.0143789005 0.0181924799 0 0 0
nt@synapse_cleft 3061 -0.00694058544 0.0379538475 0.00497967399 0 0 0
nt@synapse_cleft 3062 -0.00230361991 -0.0156608428 0.00292388151 0 0 0
nt@synapse_cleft 3069 0.0523650409 -0.0336844521 0.016427534 0 0 0
nt@synapse_cleft 3073 -0.00500912868 0.0438256164 0.00558658086 0 0 0
nt@synapse_cleft 3082 0.0129433262 0.0262940143 0.0163305181 0 0 0
nt@synapse_cleft 3089 -0.00171506749 -0.00975578223 0.00309600106 0 0 0
nt@synapse_cleft 3096 -0.00209368973 0.0361844942 0.000393294357 0 0 0
nt@synapse_cleft 3097 0.0436529051 0.016231786 0.00388350969 0 0 0
nt@synapse_cleft 3099 -0.0155614808 0.0133444454 0.00717333941 0 0 0
nt@synapse_cleft 3111 -0.0154794188 -0.0172471996 0.00233337981 0 0 0
nt@synapse_cleft 3113 -0.0213181767 0.0211772631 0.0198498211 0 0 0
nt@synapse_cleft 3114 0.0285698516 0.027647149 0.0177531054 0 0 0
nt@synapse_cleft 3122 -0.011370912 -0.00202720464 0.00463066921 0 0 0
nt@synapse_cleft 3132 -0.0234968777 -0.00391471898 0.00109860869 0 0 0
nt@synapse_cleft 3134 0.0119130137 0.0317689245 0.0160327278 0 0 0
nt@synapse_cleft 3150 0.0352588525 -0.0729890516 0.00700869108 0 0 0
nt@synapse_cleft 3155 -0.000400859951 0.013204173 0.0145446344 0 0 0
nt@synapse_cleft 3158 -0.0156231205 -0.00951132196 0.0074264649 0 0 0
nt@synapse_cleft 3159 -0.0218662534 0.0144202498 0.0163706273 0 0 0
nt@synapse_cleft 3165 0.0175351685 -0.0060985949 0.0105232878 0 0 0
nt@synapse_cleft 3167 0.00116307433 0.0226749462 0.00773125189 0 0 0
nt@synapse_cleft 3177 0.0226437852 -0.0427556529 0.00611318322 0 0 0
nt@synapse_cleft 3178 -0.0130220131 -0.0170831709 0.00387499871 0 0 0
nt@synapse_cleft 3179 0.015528621 -0.00761126449 0.0078769154 0 0 0
nt@synapse_cleft 3181 0.00924677605 0.0195526893 0.00256365898 0 0 0
nt@synapse_cleft 3183 0.00217672957 -0.0257669688 0.0181287112 0 0 0
nt@synapse_cleft 3184 0.00591371504 0.024427532 0.00093612237 0 0 0
nt@synapse_cleft 3185 -0.00776297234 -0.0146752179 0.00106217062 0 0 0
nt@synapse_cleft 3190 0.0187755213 -0.000599043562 0.00449315106 0 0 0
nt@synapse_cleft 3199 -0.00688433193 0.0436233419 0.0185906234 0 0 0
nt@synapse_cleft 3202 -0.00161515921 0.039585615 0.00826771349 0 0 0
nt@synapse_cleft 3207 -0.00793641608 -0.00132396782 0.00279129356 0 0 0
nt@synapse_cleft 3214 -0.00645074299 -0.0019179175 0.0134721487 0 0 0
nt@synapse_cleft 3220 0.00357191342 0.0211764646 0.00834528955 0 0 0
nt@synapse_cleft 3222 -0.049493751 -0.0130946364 0.00629261365 0 0 0
nt@synapse_cleft 3227 -0.000612436762 0.00713730078 0.0115172153 0 0 0
nt@synapse_cleft 3247 0.00887389737 -0.00909033439 0.014603651 0 0 0
nt@synapse_cleft 3248 -0.019849083 -0.0305297621 0.0174358341 0 0 0
nt@synapse_cleft 3249 -0.0181026605 0.00328259533 0.00220570791 0 0 0
nt@synapse_cleft 3275 -0.00915504862 -0.0068074994 0.0118243131 0 0 0
nt@synapse_cleft 3304 0.0267413319 0.0748168574 0.00638370522 0 0 0
nt@synapse_cleft 3308 -0.0242825406 0.0339074402 0.00658535681 0 0 0
nt@synapse_cleft 3312 -0.000927996714 -0.00841335772 0.00119950488 0 0 0
nt@synapse_cleft 3313 -7.28367012e-05 -0.0121170753 0.0192538434 0 0 0
nt@synapse_cleft 3316 0.0218620301 0.000694502575 0.0140760303 0 0 0
nt@synapse_cleft 3324 -0.0105957117 -0.000964382564 4.86660255e-05 0 0 0
nt@synapse_cleft 3326 0.0209708727 -0.0151651661 0.00423242763 0 0 0
nt@synapse_cleft 3327 -0.00401454802 -0.0381783089 0.0131545576 0 0 0
nt@synapse_cleft 3334 0.0198350383 0.00288921809 0.00690261084 0 0 0
nt@synapse_cleft 3335 0.043296006 0.0123173632 0.00501729563 0 0 0
nt@synapse_cleft 3338 0.0066350659 -0.0382827992 0.0138022611 0 0 0
nt@synapse_cleft 3341 0.0182847925 -0.00665322945 0.00559929209 0 0 0
nt@synapse_cleft 3342 0.012681427 -0.010620127 0.012622039 0 0 0
nt@synapse_cleft 3347 0.0213175979 -0.0434774529 0.00483400039 0 0 0
nt@synapse_cleft 3354 -0.0124589402 -0.018072134 0.00966118784 0 0 0
nt@synapse_cleft 3367 0.0118934033 0.0198763262 0.0168649251 0 0 0
nt@synapse_cleft 3372 -0.0473023074 -0.0204675061 0.0177176688 0 0 0
nt@synapse_cleft 3375 0.0361246919 0.0244217441 0.0174733597 0 0 0
nt@synapse_cleft 3378 0.0130116817 0.0367787116 0.000247585368 0 0 0
nt@synapse_cleft 3394 -0.005471369 -0.0112709576 0.00369006157 0 0 0
nt@synapse_cleft 3401 0.043253568 -0.000493098371 0.0194535945 0 0 0
nt@synapse_cleft 3402 -0.00491589887 -0.0130123205 0.00110744995 0 0 0
nt@synapse_cleft 3404 0.0216567393 -0.0250047595 0.00473045054 0 0 0
nt@synapse_cleft 3407 0.0140528672 0.0504493624 0.00557123375 0 0 0
nt@synapse_cleft 3413 0.0255726818 0.0216474093 0.00282693956 0 0 0
nt@synapse_cleft 3419 -0.0228903005 0.0257488703 0.00130667584 0 0 0
nt@synapse_cleft 3429 0.043488385 -0.0157296489 0.0195345553 0 0 0
nt@synapse_cleft 3432 0.0550007259 -0.0718339787 0.00150487591 0 0 0
nt@synapse_cleft 3445 0.011983759 0.0204163302 0.0161183365 0 0 0
nt@synapse_cleft 3451 0.0130932451 0.0112919948 0.00728094607 0 0 0
nt@synapse_cleft 3455 8.95218948e-05 -0.00625407359 0.0124951548 0 0 0
nt@synapse_cleft 3467 -0.0656612922 0.00731013008 0.010530487 0 0 0
nt@synapse_cleft 3470 0.0216317612 -0.0160335057 0.0185863148 0 0 0
nt@synapse_cleft 3472 -0.0131915129 0.0209901076 0.0142311967 0 0 0
nt@synapse_cleft 3474 0.0358295266 -0.000100869261 0.000451505109 0 0 0
nt@synapse_cleft 3482 -0.0640225498 -0.0424355077 0.0133554384 0 0 0
nt@synapse_cleft 3484 -0.00255168792 0.0203962953 0.0114350484 0 0 0
nt@synapse_cleft 3496 0.00298293079 -0.000890293792 0.0133939401 0 0 0
nt@synapse_cleft 3500 0.022211518 -0.0382731904 0.0118501275 0 0 0
nt@synapse_cleft 3507 -0.0131432476 -0.00516910988 0.0185648435 0 0 0
nt@synapse_cleft 3511 0.0168341162 -0.0191084863 0.00606930553 0 0 0
nt@synapse_cleft 3514 -0.00335406969 -0.00639575121 0.0113989049 0 0 0
nt@synapse_cleft 3519 0.0384325451 -0.0360036364 0.0121946758 0 0 0
nt@synapse_cleft 3525 -0.00882378667 -0.0194001887 0.0136797986 0 0 0
nt@synapse_cleft 3526 0.0159689536 -0.0471903911 0.00356215563 0 0 0
nt@synapse_cleft 3535 0.007151789 0.00211046094 0.00236877329 0 0 0
nt@synapse_cleft 3536 -0.00161242465 0.0106141228 0.0151414604 0 0 0
nt@synapse_cleft 3538 -0.0269467114 0.0139000979 0.00443583131 0 0 0
nt@synapse_cleft 3542 -6.41947183e-05 0.0426891593 0.0074935305 0 0 0
nt@synapse_cleft 3543 -0.0175178675 -0.0117834816 0.00178509946 0 0 0
nt@synapse_cleft 3546 -9.365779e-06 0.0169939378 0.0116780785 0 0 0
nt@synapse_cleft 3561 -0.0160307368 0.0101222009 0.0106451289 0 0 0
nt@synapse_cleft 3562 -0.0664430295 -0.00376222547 0.00641449177 0 0 0
nt@synapse_cleft 3563 0.00901300527 -0.012699501 0.0176302338 0 0 0
nt@synapse_cleft 3565 0.0299578071 -0.0306037276 0.00229871793 0 0 0
nt@synapse_cleft 3566 -0.00087264445 0.0524828647 7.20328969e-05 0 0 0
nt@synapse_cleft 3567 0.00433457729 0.00494072889 0.0102454671 0 0 0
nt@synapse_cleft 3568 0.0328924039 -0.0378525875 0.0106648811 0 0 0
nt@synapse_cleft 3575 -0.0164070213 0.00546314005 0.00317074696 0 0 0
nt@synapse_cleft 3576 0.0499499135 -0.00373649107 0.00322032159 0 0 0
nt@synapse_cleft 3579 -0.000129742079 -0.0142558289 0.00833350849 0 0 0
nt@synapse_cleft 3583 -0.0115974307 0.00444927423 0.0102856374 0 0 0
nt@synapse_cleft 3592 0.0333672513 0.0367761138 0.0158817734 0 0 0
nt@synapse_cleft 3602 -0.0324735386 -0.0104684618 0.0113946376 0 0 0
nt@synapse_cleft 3603 -0.0130834306 0.0285960293 0.0141085623 0 0 0
nt@synapse_cleft 3606 -0.0128819763 -0.00250562969 0.010576507 0 0 0
nt@synapse_cleft 3610 -0.00456874681 0.00779359901 0.003899797 0 0 0
nt@synapse_cleft 3611 0.0107541929 -0.00507396023 0.009928692 0 0 0
nt@synapse_cleft 3616 -0.0300350985 0.0395637264 0.0165134865 0 0 0
nt@synapse_cleft 3617 0.00536046303 -0.0528371515 0.0158583841 0 0 0
nt@synapse_cleft 3620 0.00688348666 0.0244220949 0.0165786183 0 0 0
nt@synapse_cleft 3625 0.0249407834 -0.00146737844 0.010449505 0 0 0
nt@synapse_cleft 3630 0.0171936512 0.0206188509 0.0148210028 0 0 0
nt@synapse_cleft 3635 -0.00676935495 0.0129123222 0.00330718727 0 0 0
nt@synapse_cleft 3636 -0.0240887326 -0.00213315657 0.0160529382 0 0 0
nt@synapse_cleft 3645 0.00314025488 -0.0235732552 0.00152975791 0 0 0
nt@synapse_cleft 3658 0.0165125441 -0.0226212821 0.00926771436 0 0 0
nt@synapse_cleft 3661 0.0291613253 0.0128099841 0.0183648136 0 0 0
nt@synapse_cleft 3664 0.0490152617 -0.0281749713 0.00467098726 0 0 0
nt@synapse_cleft 3667 -0.0259359763 0.00859819577 0.0127573586 0 0 0
nt@synapse_cleft 3670 0.0249742508 -0.0226940954 0.0176649392 0 0 0
nt@synapse_cleft 3681 0.0377668312 -0.0150690454 0.00781025162 0 0 0
nt@synapse_cleft 3689 -0.00661527094 -0.0168778941 0.0181301592 0 0 0
nt@synapse_cleft 3690 0.0245713216 -0.0160146681 0.0195224799 0 0 0
nt@synapse_cleft 3693 -0.0616704023 -0.0439630973 0.00810013309 0 0 0
nt@synapse_cleft 3706 0.0250161838 -0.000834082516 0.0139778192 0 0 0
nt@synapse_cleft 3707 -0.0395309742 -0.0116282778 0.0156058865 0 0 0
nt@synapse_cleft 3713 0.0227096487 -0.0167177363 0.0144925347 0 0 0
nt@synapse_cleft 3714 -0.0498374375 -0.00506013222 0.00964415738 0 0 0
nt@synapse_cleft 3726 0.00241447721 -0.0704312988 0.0101361267 0 0 0
nt@synapse_cleft 3728 -0.000930961185 0.0372952119 0.0039180942 0 0 0
nt@synapse_cleft 3730 0.0285207623 0.0264526743 0.015836169 0 0 0
nt@synapse_cleft 3731 0.00186665222 0.0035437433 0.0189791215 0 0 0
nt@synapse_cleft 3737 0.00837700183 0.0164157943 0.0158912676 0 0 0
nt@synapse_cleft 3738 -0.00609347457 0.0279373772 0.0119992759 0 0 0
nt@synapse_cleft 3739 0.0170412414 0.053370426 0.00730773739 0 0 0
nt@synapse_cleft 3745 -0.00172270204 0.0155097096 0.0110954122 0 0 0
nt@synapse_cleft 3751 -0.000543896532 0.000366502504 0.00909854673 0 0 0
nt@synapse_cleft 3758 -0.0296881715 -0.0337471438 0.00258333139 0 0 0
nt@synapse_cleft 3759 -0.00601380475 -0.022911676 0.00742971651 0 0 0
nt@synapse_cleft 3760 -0.0127524515 0.0328541172 0.00258707196 0 0 0
nt@synapse_cleft 3763 0.0477652777 0.0425141784 0.0154788878 0 0 0
nt@synapse_cleft 3768 0.00722603464 -0.0230437897 0.00902713621 0 0 0
nt@synapse_cleft 3770 0.0135844403 0.0086965995 0.0168146314 0 0 0
nt@synapse_cleft 3771 0.0129188101 -0.0069329342 0.019540228 0 0 0
nt@synapse_cleft 3775 0.00700978878 0.00408135637 0.0169989252 0 0 0
nt@synapse_cleft 3783 -0.0202886901 -0.0181397273 0.0112408712 0 0 0
nt@synapse_cleft 3788 -0.0295485219 -0.0109305178 0.00511826389 0 0 0
nt@synapse_cleft 3793 -0.0150850961 -0.0146040041 0.00117698945 0 0 0
nt@synapse_cleft 3800 0.0278631599 -0.00303845689 0.00336044929 0 0 0
nt@synapse_cleft 3802 0.0239090713 0.0136777572 0.0094341158 0 0 0
nt@synapse_cleft 3811 -0.0302590555 -0.00762315647 0.0177160677 0 0 0
nt@synapse_cleft 3827 0.00296715589 0.0334069128 0.00563862894 0 0 0
nt@synapse_cleft 3831 -0.00144132924 -0.0323083696 0.00148562288 0 0 0
nt@synapse_cleft 3834 0.0420893376 -0.0334219349 0.0179312645 0 0 0
nt@synapse_cleft 3835 0.0234734679 -0.0344290751 0.0100170874 0 0 0
nt@synapse_cleft 3841 0.0189704061 -0.0284830207 0.0111148625 0 0 0
nt@synapse_cleft 3844 -0.00210453256 -0.00526274776 0.00704236171 0 0 0
nt@synapse_cleft 3846 -0.0179572045 0.0159616051 0.00119281793 0 0 0
nt@synapse_cleft 3848 0.0239992701 0.0161972693 0.014260902 0 0 0
nt@synapse_cleft 3850 -0.0349296127 0.0121894832 0.00859047307 0 0 0
nt@synapse_cleft 3859 0.0564901064 -0.000909428879 0.015859332 0 0 0
nt@synapse_cleft 3879 0.0214985292 -0.0392065223 0.00401994048 0 0 0
nt@synapse_cleft 3886 0.0178818768 0.0416483481 0.0161374627 0 0 0
nt@synapse_cleft 3891 0.00144023756 -0.0184392616 0.00813148318 0 0 0
nt@synapse_cleft 3902 -0.0131097452 0.00680678976 0.0145130291 0 0 0
nt@synapse_cleft 3907 -0.0230661996 -0.0171385507 0.00789148814 0 0 0
nt@synapse_cleft 3909 0.00811845019 0.034252473 0.00503892889 0 0 0
nt@synapse_cleft 3917 -0.0080533147 -0.022328467 0.00930385095 0 0 0
nt@synapse_cleft 3918 -0.00915149872 -0.00836328225 0.0109907947 0 0 0
nt@synapse_cleft 3921 0.0191813124 0.0361529553 0.0113615922 0 0 0
nt@synapse_cleft 3927 0.00153355233 0.035229062 0.00423656836 0 0 0
nt@synapse_cleft 3932 0.0187891155 -0.0162103154 0.0125264819 0 0 0
nt@synapse_cleft 3941 -0.023228958 0.0146838346 0.00796722023 0 0 0
nt@synapse_cleft 3949 -0.0274252854 0.0103512603 0.00614609539 0 0 0
nt@synapse_cleft 3952 -0.0270414676 0.00776420634 0.0123783463 0 0 0
nt@synapse_cleft 3953 0.0167486014 -0.0144204267 0.00566881613 0 0 0
nt@synapse_cleft 3956 -0.0181280558 -0.017647627 0.0121342639 0 0 0
nt@synapse_cleft 3957 0.0309770506 -0.00743154068 0.0146360452 0 0 0
nt@synapse_cleft 3958 0.0211401042 0.012801596 0.00892546214 0 0 0
nt@synapse_cleft 3962 -0.0317167503 0.0178297165 0.00717222202 0 0 0
nt@synapse_cleft 3963 0.0213471001 0.0373382553 0.019458126 0 0 0
nt@synapse_cleft 3965 -0.0270217071 -0.00810722506 0.0115335246 0 0 0
nt@synapse_cleft 3967 0.0160525765 -0.0179866584 0.00239705273 0 0 0
nt@synapse_cleft 3968 0.0102282112 -0.0076171767 0.0171802739 0 0 0
nt@synapse_cleft 3973 0.0186950442 -0.0178489033 0.0198201632 0 0 0
nt@synapse_cleft 3974 -0.0285824683 0.0408686023 0.00538239326 0 0 0
nt@synapse_cleft 3977 -0.000803130095 0.0270791859 0.00400897568 0 0 0
nt@synapse_cleft 3978 0.0203194772 0.00153258338 0.00655339296 0 0 0
nt@synapse_cleft 3983 -0.0225115472 -0.0344493857 0.00362805751 0 0 0
nt@synapse_cleft 3988 -0.00225999856 -0.0288335528 0.00946323801 0 0 0
nt@synapse_cleft 3989 0.0495617487 -0.00255742416 0.0117937148 0 0 0
nt@synapse_cleft 3991 0.080883267 -0.0299435325 0.000498465744 0 0 0
nt@synapse_cleft 3993 -0.0435411429 0.00894720124 0.0166608838 0 0 0
nt@synapse_cleft 3997 -0.0622472321 -0.00372354348 0.0125555993 0 0 0
nt@synapse_cleft 3999 -0.0502316478 -0.00339640811 0.0185250091 0 0 0
nt@synapse_cleft 4011 0.0178591112 0.0144421505 0.00287935967 0 0 0
nt@synapse_cleft 4018 0.0067568743 0.0130005388 0.0133100645 0 0 0
nt@synapse_cleft 4024 -0.0156628376 0.040141243 0.00153598122 0 0 0
nt@synapse_cleft 4025 -0.037481574 -0.0110949355 0.000681859472 0 0 0
nt@synapse_cleft 4027 0.0107561971 -0.0214081625 0.0064546601 0 0 0
nt@synapse_cleft 4028 -0.0180141294 0.027529405 0.0167095173 0 0 0
nt@synapse_cleft 4037 -0.0237587734 0.0299901718 0.011972254 0 0 0
nt@synapse_cleft 4040 0.00858839921 0.0212600072 0.0164361152 0 0 0
nt@synapse_cleft 4047 -0.00649597706 0.0156329594 0.00988210499 0 0 0
nt@synapse_cleft 4049 0.033055848 0.000932150104 0.0190720919 0 0 0
nt@synapse_cleft 4051 0.0126980309 0.0178952054 0.0173540767 0 0 0
nt@synapse_cleft 4064 0.0102934497 0.00937816238 0.0112450805 0 0 0
nt@synapse_cleft 4070 -0.00579993498 0.0118551111 0.00619322249 0 0 0
nt@synapse_cleft 4071 -0.0342005687 -0.0417223626 0.01527166 0 0 0
nt@synapse_cleft 4087 -0.00230180267 0.0332593597 0.00295075497 0 0 0
nt@synapse_cleft 4094 0.0351907046 -0.0317964681 0.00204379521 0 0 0
nt@synapse_cleft 4095 0.0294861582 0.0118432829 0.0119734046 0 0 0
nt@synapse_cleft 4099 -0.00665364092 0.0252192649 0.000636056136 0 0 0
nt@synapse_cleft 4102 0.0263689406 -0.0343641506 0.00988900848 0 0 0
nt@synapse_cleft 4103 -0.00945727452 -0.00771556162 8.01110924e-05 0 0 0
nt@synapse_cleft 4106 0.0231623528 0.0137011415 0.00677993358 0 0 0
nt@synapse_cleft 4111 0.0585411843 0.00761544388 0.00173319811 0 0 0
nt@synapse_cleft 4115 -0.00612555808 0.0207220533 0.0170327065 0 0 0
nt@synapse_cleft 4116 0.011009374 0.00249644311 0.0112823309 0 0 0
nt@synapse_cleft 4119 0.0142003687 -0.0260659263 0.0134306942 0 0 0
nt@synapse_cleft 4123 -0.00322296364 0.0153459872 0.0155388867 0 0 0
nt@synapse_cleft 4126 0.020192932 -0.0233074665 0.00509239889 0 0 0
nt@synapse_cleft 4129 -0.0142704782 0.00192320426 0.0168363216 0 0 0
nt@synapse_cleft 4131 -0.0266820064 0.0247617248 0.0168995704 0 0 0
nt@synapse_cleft 4132 0.0223479243 0.0231380861 0.016360422 0 0 0
nt@synapse_cleft 4135 -0.00394376259 -0.00808795432 2.10232971e-05 0 0 0
nt@synapse_cleft 4144 0.0248811473 -0.00767382051 0.0105386785 0 0 0
nt@synapse_cleft 4150 -0.04806321 -0.0581848376 0.0101815471 0 0 0
nt@synapse_cleft 4153 0.00457350623 -0.0134624168 0.00503817542 0 0 0
nt@synapse_cleft 4155 0.0165569586 -0.0541927868 0.0132524947 0 0 0
nt@synapse_cleft 4156 0.027754979 -0.000790373666 0.00923744095 0 0 0
nt@synapse_cleft 4157 0.015528852 0.0158905783 0.0197084714 0 0 0
nt@synapse_cleft 4158 -0.00160887456 -0.00427334721 0.0113402992 0 0 0
nt@synapse_cleft 4162 0.0297719438 -0.0213029085 0.00227884026 0 0 0
nt@synapse_cleft 4163 -0.00557927585 0.0306859611 0.000878994031 0 0 0
nt@synapse_cleft 4170 -0.0553102537 0.00267789967 0.0121985274 0 0 0
nt@synapse_cleft 4177 -0.0493754617 0.0655990958 0.0154145263 0 0 0
nt@synapse_cleft 4178 -0.0119943246 -0.0358124398 0.00050663949 0 0 0
nt@synapse_cleft 4184 -0.00516979173 -0.0103188107 0.00696221867 0 0 0
nt@synapse_cleft 4187 -0.0281743515 -0.0133201846 0.0187238517 0 0 0
nt@synapse_cleft 4193 -0.00845974469 -0.0350935385 0.0111230538 0 0 0
nt@synapse_cleft 4196 -0.021633199 -0.000342389024 0.00392834621 0 0 0
nt@synapse_cleft 4210 0.0189450765 0.000501562729 0.0146758506 0 0 0
nt@synapse_cleft 4214 -0.036524258 0.00201891979 0.0189264434 0 0 0
nt@synapse_cleft 4215 0.0236235203 -0.0555899689 0.00878878355 0 0 0
nt@synapse_cleft 4220 -0.00240032788 -0.024669271 0.0161908478 0 0 0
nt@synapse_cleft 4228 0.0350158369 -0.0108002569 0.00822035303 0 0 0
nt@synapse_cleft 4230 -0.0162592738 0.0412837406 0.0107756707 0 0 0
nt@synapse_cleft 4233 0.0251713855 0.014491418 0.00891561829 0 0 0
nt@synapse_cleft 4234 0.000260485118 -0.0142946725 0.00413780049 0 0 0
nt@synapse_cleft 4236 0.00170095813 0.0212722596 0.0192897441 0 0 0
nt@synapse_cleft 4237 0.00492917667 -0.0169762125 0.0148563496 0 0 0
nt@synapse_cleft 4241 -0.0464325478 0.0143886107 0.0109888094 0 0 0
nt@synapse_cleft 4242 0.0226997118 -0.0159611441 0.0141004475 0 0 0
nt@synapse_cleft 4252 0.0435447982 -0.00154324332 0.0141427916 0 0 0
nt@synapse_cleft 4254 -0.0119415066 0.036181702 0.00266657204 0 0 0
nt@synapse_cleft 4255 -0.026561301 -0.0404167698 0.0157094642 0 0 0
nt@synapse_cleft 4271 0.009859983 -0.0140158914 0.0168222731 0 0 0
nt@synapse_cleft 4279 0.00845717645 -0.0341357375 0.0198042373 0 0 0
nt@synapse_cleft 4283 -0.0244877945 -0.00693719079 0.00663943072 0 0 0
nt@synapse_cleft 4284 0.0497332599 -0.0170715777 0.0164428527 0 0 0
nt@synapse_cleft 4285 -0.0334917716 0.0481283302 0.00592867722 0 0 0
nt@synapse_cleft 4288 0.0243568919 -0.0277300335 0.0179611552 0 0 0
nt@synapse_cleft 4293 -0.00355252079 -0.0194706359 0.0108765748 0 0 0
nt@synapse_cleft 4297 0.0306088006 -0.0165678068 0.000171566092 0 0 0
nt@synapse_cleft 4301 0.00786019989 -0.00928814608 0.00682914733 0 0 0
nt@synapse_cleft 4312 -0.0233218624 -0.0317444875 0.0199504857 0 0 0
nt@synapse_cleft 4317 -0.0144960637 0.0383496669 0.0049991044 0 0 0
nt@synapse_cleft 4326 0.0267702882 -0.00934431618 0.0147436853 0 0 0
nt@synapse_cleft 4330 -0.0184319125 0.00328689261 0.0135441012 0 0 0
nt@synapse_cleft 4334 0.00733213721 0.00681645791 0.00321466871 0 0 0
nt@synapse_cleft 4339 0.00155513848 -0.012677136 0.0122690392 0 0 0
nt@synapse_cleft 4343 -0.0225414501 -0.0367492646 0.00900708365 0 0 0
nt@synapse_cleft 4346 0.00151118527 -0.00428114952 0.0184796307 0 0 0
nt@synapse_cleft 4351 0.0437455616 0.00798763684 0.00397469405 0 0 0
nt@synapse_cleft 4359 0.0228090116 0.0209025206 0.00725006921 0 0 0
nt@synapse_cleft 4360 0.024809458 0.0104273355 0.018063039 0 0 0
nt@synapse_cleft 4363 -0.0431041093 0.0116290788 0.013157142 0 0 0
nt@synapse_cleft 4365 0.0164694739 0.0257784996 0.00830096441 0 0 0
nt@synapse_cleft 4372 -0.00248110963 -0.0256547028 0.00450628281 0 0 0
nt@synapse_cleft 4374 -0.0201541775 -0.0139413501 0.0154986911 0 0 0
nt@synapse_cleft 4376 -0.0199504813 -0.00163815535 0.00101079566 0 0 0
nt@synapse_cleft 4381 -0.010659136 -0.0372756145 0.0033492816 0 0 0
nt@synapse_cleft 4386 -0.0194442234 -0.0336698092 0.00321638584 0 0 0
nt@synapse_cleft 4391 0.0282932472 -0.0294338529 0.00844473743 0 0 0
nt@synapse_cleft 4392 -0.00685110073 -0.00415351041 0.00925916298 0 0 0
nt@synapse_cleft 4394 0.0138503703 -0.00482063893 0.00391050169 0 0 0
nt@synapse_cleft 4395 0.029710883 -0.0347172475 0.0181085401 0 0 0
nt@synapse_cleft 4396 0.0092226392 -0.0505451958 0.00291208177 0 0 0
nt@synapse_cleft 4398 -0.00911165573 0.0121407544 0.0170006063 0 0 0
nt@synapse_cleft 4399 0.0272620856 0.0377957636 0.0167351861 0 0 0
nt@synapse_cleft 4403 -0.0174247525 -0.0153276855 0.0176250849 0 0 0
nt@synapse_cleft 4405 -0.0344654564 -0.0207680217 0.00758200755 0 0 0
nt@synapse_cleft 4414 0.00018058319 -0.0246327934 0.00166373725 0 0 0
nt@synapse_cleft 4416 -0.00857753357 -0.000802264086 0.01967356 0 0 0
nt@synapse_cleft 4423 0.0278744708 -0.0106643351 0.0160689422 0 0 0
nt@synapse_cleft 4424 -0.0285416751 -0.0146831783 0.00137824333 0 0 0
nt@synapse_cleft 4430 -0.00389484322 0.00968020433 0.00378022155 0 0 0
nt@synapse_cleft 4431 0.0271916056 -0.0219036053 0.00331998124 0 0 0
nt@synapse_cleft 4434 0.0234919717 -0.0294259472 0.0193325503 0 0 0
nt@synapse_cleft 4436 0.0163199287 0.0199519821 0.00932223515 0 0 0
nt@synapse_cleft 4446 0.00337349779 0.0429393843 0.0170856046 0 0 0
nt@synapse_cleft 4449 0.0225860548 0.054147882 0.0193887745 0 0 0
nt@synapse_cleft 4464 0.00424589399 -0.0243646819 0.0190996713 0 0 0
nt@synapse_cleft 4470 -0.00528288741 -0.0313647303 0.0167641821 0 0 0
nt@synapse_cleft 4473 -0.00388977149 -0.00777579767 0.00919595699 0 0 0
nt@synapse_cleft 4478 -0.015303081 0.0217705332 0.019323145 0 0 0
nt@synapse_cleft 4480 0.0109134078 0.03394263 0.0168124598 0 0 0
nt@synapse_cleft 4482 -0.0272381805 0.000150273624 0.00219592753 0 0 0
nt@synapse_cleft 4485 0.0210485774 -0.00503990074 0.0107091625 0 0 0
nt@synapse_cleft 4488 0.0250208414 -0.00306481968 0.0173722895 0 0 0
nt@synapse_cleft 4489 0.00816898899 -0.0085382807 0.00175092216 0 0 0
nt@synapse_cleft 4496 -0.0511167989 0.0399955752 0.00103599654 0 0 0
nt@synapse_cleft 4499 -0.0149392913 0.0186552574 0.0172905258 0 0 0
nt@synapse_cleft 4501 0.00549763098 0.00958674173 0.0177470161 0 0 0
nt@synapse_cleft 4514 -0.00121082235 0.0177068217 0.0131595626 0 0 0
nt@synapse_cleft 4517 -0.040869867 0.0218390103 0.0112654251 0 0 0
nt@synapse_cleft 4524 -0.000395877363 -0.0383734037 0.0191347309 0 0 0
nt@synapse_cleft 4527 0.0264592647 -0.0160273625 0.0189630824 0 0 0
nt@synapse_cleft 4538 -0.038730088 -0.03539005 0.00876982971 0 0 0
nt@synapse_cleft 4542 0.0142279864 0.0319304897 0.000194035359 0 0 0
nt@synapse_cleft 4545 -0.027814171 0.0275796342 0.0189161711 0 0 0
nt@synapse_cleft 4551 -0.00951520554 0.0199328119 0.0159314305 0 0 0
nt@synapse_cleft 4553 -0.0271988477 0.00435997913 0.0127483316 0 0 0
nt@synapse_cleft 4559 -0.0207852255 0.0399434415 0.0162689758 0 0 0
nt@synapse_cleft 4565 -0.0376747979 -0.0140719332 0.0133829869 0 0 0
nt@synapse_cleft 4572 0.0033578458 -0.00379644317 0.00528128587 0 0 0
nt@synapse_cleft 4574 0.0377150149 -0.0189530853 0.00308810947 0 0 0
nt@synapse_cleft 4576 -0.0391392107 -0.0271327359 0.00561313245 0 0 0
nt@synapse_cleft 4583 -0.0117451967 -0.00652446449 0.00307374967 0 0 0
nt@synapse_cleft 4587 0.0266653524 0.00269751824 0.0125116571 0 0 0
nt@synapse_cleft 4590 -0.0418159841 -0.0221570923 0.0151306689 0 0 0
nt@synapse_cleft 4593 -0.0413619115 0.0467466937 0.0114169658 0 0 0
nt@synapse_cleft 4594 0.00319451554 0.00549716776 0.0118726163 0 0 0
nt@synapse_cleft 4595 0.0310449785 -0.0307693502 0.0103797839 0 0 0
nt@synapse_cleft 4600 -0.0308367567 0.00543722052 0.000805618467 0 0 0
nt@synapse_cleft 4613 0.0585637848 0.00489963832 0.005371573 0 0 0
nt@synapse_cleft 4620 0.00423925602 -0.00909066022 0.0143807875 0 0 0
nt@synapse_cleft 4622 0.0504295894 0.0425945059 0.00856608329 0 0 0
nt@synapse_cleft 4624 0.0124096681 -0.0243117995 0.012452529 0 0 0
nt@synapse_cleft 4626 0.0223433475 0.00114844443 0.0170332286 0 0 0
nt@synapse_cleft 4628 0.00352867791 0.00996746183 0.0105052402 0 0 0
nt@synapse_cleft 4654 0.0116412426 -0.0294253494 0.0108035659 0 0 0
nt@synapse_cleft 4658 -0.0310117111 0.0251408683 0.00219613823 0 0 0
nt@synapse_cleft 4659 -0.0436773609 0.0221668037 0.0196171834 0 0 0
nt@synapse_cleft 4660 0.0357930285 -0.029362368 0.00373057696 0 0 0
nt@synapse_cleft 4661 0.00430238614 -0.0376538907 0.0132411935 0 0 0
nt@synapse_cleft 4664 0.00336279406 -0.0118168585 0.00387221982 0 0 0
nt@synapse_cleft 4666 0.0649376403 0.0198660541 0.0162696962 0 0 0
nt@synapse_cleft 4671 -0.00245006037 -0.0162610273 0.00258112681 0 0 0
nt@synapse_cleft 4681 0.00416671031 -0.0246475356 0.00710273921 0 0 0
nt@synapse_cleft 4687 0.00422617221 -0.000175905256 0.0151760128 0 0 0
nt@synapse_cleft 4699 -0.0316202544 0.0127315377 0.00346544325 0 0 0
nt@synapse_cleft 4700 -0.0351329046 0.0596885567 0.0134723749 0 0 0
nt@synapse_cleft 4701 0.0220272499 0.0192375159 0.0146427404 0 0 0
nt@synapse_cleft 4706 0.0123467811 -0.0076502903 0.00155513059 0 0 0
nt@synapse_cleft 4709 -0.00128081846 0.00413465227 0.00616148109 0 0 0
nt@synapse_cleft 4710 -0.0200003746 -0.0470436407 0.00165429862 0 0 0
nt@synapse_cleft 4718 0.0529552483 0.0145160496 0.0083223974 0 0 0
nt@synapse_cleft 4732 -0.0056891438 0.0188440799 0.0155997284 0 0 0
nt@synapse_cleft 4736 0.00944327664 0.00281508691 0.00159714897 0 0 0
nt@synapse_cleft 4746 -0.0440360927 -0.0101631446 0.0129119363 0 0 0
nt@synapse_cleft 4750 0.00783102024 -0.0659363429 0.00316917548 0 0 0
nt@synapse_cleft 4753 -0.0118187548 0.00398380499 0.0119835839 0 0 0
nt@synapse_cleft 4754 -0.00984726628 0.00496332553 0.00756990285 0 0 0
nt@synapse_cleft 4756 -0.0185326955 0.0157616885 0.0122343521 0 0 0
nt@synapse_cleft 4758 -0.0457402682 0.0179767508 0.0173375534 0 0 0
nt@synapse_cleft 4764 0.0117620778 -0.00825835525 0.00154980259 0 0 0
nt@synapse_cleft 4767 -0.00599816559 0.0240604337 0.00106779276 0 0 0
nt@synapse_cleft 4779 0.0306849393 -0.0276312438 0.00419206838 0 0 0
nt@synapse_cleft 4784 0.0213884634 0.0113480338 0.0199820242 0 0 0
nt@synapse_cleft 4786 -0.0164520074 0.00829861977 0.00335521684 0 0 0
nt@synapse_cleft 4791 0.0450641508 -0.0123133916 0.00855686191 0 0 0
nt@synapse_cleft 4793 -0.0375314962 0.0170432846 0.0171888524 0 0 0
nt@synapse_cleft 4800 0.0150812024 -0.00551103597 0.0013287318 0 0 0
nt@synapse_cleft 4801 -0.021231505 0.00588979806 0.0103302494 0 0 0
nt@synapse_cleft 4807 0.00992598422 -0.0199279727 0.0143679966 0 0 0
nt@synapse_cleft 4809 -0.0372361144 -0.0419580691 0.0198960077 0 0 0
nt@synapse_cleft 4814 -0.0277157799 0.0285109857 0.0110051156 0 0 0
nt@synapse_cleft 4816 -0.0340424849 -0.0162145969 0.0126419107 0 0 0
nt@synapse_cleft 4822 -0.0104996689 -0.0241908074 0.0147194452 0 0 0
nt@synapse_cleft 4823 -0.00315459191 0.0205663564 0.0187437031 0 0 0
nt@synapse_cleft 4824 -0.000931110756 -0.0321456809 0.000214701852 0 0 0
nt@synapse_cleft 4829 0.0263735175 -0.0660754386 0.0051251975 0 0 0
nt@synapse_cleft 4830 -0.0141766314 0.0114723558 0.0165881212 0 0 0
nt@synapse_cleft 4833 -0.00954810059 -0.0295083143 0.0147612052 0 0 0
nt@synapse_cleft 4839 0.00267937967 -0.00573303074 0.00770252716 0 0 0
nt@synapse_cleft 4844 0.0595133535 -0.0131719571 0.0137143961 0 0 0
nt@synapse_cleft 4852 -0.0277144975 -0.013096988 0.00603058294 0 0 0
nt@synapse_cleft 4855 0.0254283056 0.00773323468 0.0141052502 0 0 0
nt@synapse_cleft 4869 -0.0401084071 0.0140245733 0.011010044 0 0 0
nt@synapse_cleft 4871 0.0217493359 0.0120585659 0.00245946936 0 0 0
nt@synapse_cleft 4880 -0.0157207789 -0.0211465329 0.00688214708 0 0 0
nt@synapse_cleft 4882 -0.0121346315 -0.0276154671 0.00189741055 0 0 0
nt@synapse_cleft 4883 -0.0326558903 0.00123992193 0.00922295399 0 0 0
nt@synapse_cleft 4891 0.00726468535 -0.0129352142 0.00354144873 0 0 0
nt@synapse_cleft 4892 -0.0185425076 0.0190187528 0.0175056058 0 0 0
nt@synapse_cleft 4896 -0.0210141174 -0.0239157903 0.0129443818 0 0 0
nt@synapse_cleft 4897 0.0361166905 -0.0208051258 0.0132341216 0 0 0
nt@synapse_cleft 4901 0.00998452839 0.00833587968 0.00271073713 0 0 0
nt@synapse_cleft 4905 -0.0159844478 -0.012713048 0.0112351076 0 0 0
nt@synapse_cleft 4906 -0.000435293017 -0.0258086548 0.00649212501 0 0 0
nt@synapse_cleft 4918 -0.0101341258 0.0206758372 0.0191776188 0 0 0
nt@synapse_cleft 4919 0.01498947 0.00659658147 0.0131632265 0 0 0
nt@synapse_cleft 4925 0.00233539702 0.00355437383 0.0113343824 0 0 0
nt@synapse_cleft 4928 -8.45639186e-05 0.0565365915 0.00354873442 0 0 0
nt@synapse_cleft 4931 0.0140113987 -0.00964550839 0.019333719 0 0 0
nt@synapse_cleft 4937 -0.0503606257 0.00393448684 0.0023741043 0 0 0
nt@synapse_cleft 4946 -0.018261484 0.0271893738 0.0113359086 0 0 0
nt@synapse_cleft 4956 0.0264896472 -0.00301993778 0.00625614299 0 0 0
nt@synapse_cleft 4967 -0.0120541136 0.00680477758 0.00511478452 0 0 0
nt@synapse_cleft 4972 0.0302149649 -0.0142734855 0.0102807097 0 0 0
nt@synapse_cleft 4973 -0.000200185611 0.0476569274 0.0182337613 0 0 0
nt@synapse_cleft 4979 0.00272532362 -0.00915011985 0.008164675 0 0 0
nt@synapse_cleft 4980 0.00540869075 0.0041902141 0.0143752364 0 0 0
nt@synapse_cleft 4981 0.00767165493 -0.0320031938 0.0135122011 0 0 0
nt@synapse_cleft 4982 0.00941008125 -0.00782452706 0.0175788185 0 0 0
nt@synapse_cleft 4983 -0.0204442837 0.0263245013 0.00360391035 0 0 0
nt@synapse_cleft 4988 0.0165163478 -0.0210060679 0.00356075746 0 0 0
nt@synapse_cleft 4989 -0.00727660379 -0.0176563069 0.0162385335 0 0 0
nt@synapse_cleft 4991 -0.00388325657 -0.0107301141 0.00995846976 0 0 0
nt@synapse_cleft 5004 -0.0220709904 0.0158859628 0.00152359448 0 0 0
nt@synapse_cleft 5006 0.00267161458 -0.00732378753 0.00216173409 0 0 0
nt@synapse_cleft 5009 -0.0296996852 0.0207459555 0.00162432176 0 0 0
nt@synapse_cleft 5011 -0.0161577978 -0.0144508385 0.00643671331 0 0 0
nt@synapse_cleft 5015 -0.0166710402 -0.0185010543 0.0130522248 0 0 0
nt@synapse_cleft 5024 -0.00607357957 -0.00532364957 0.0119702673 0 0 0
nt@synapse_cleft 5044 -0.0325201801 0.00243887431 0.0121903661 0 0 0
nt@synapse_cleft 5045 0.0356970658 0.0343992916 0.0109357256 0 0 0
nt@synapse_cleft 5046 -0.00111934099 -0.0084778028 0.00603703884 0 0 0
nt@synapse_cleft 5052 -0.00506540609 -0.00858320203 0.00780266489 0 0 0
nt@synapse_cleft 5055 -0.00858367325 0.0164517662 0.00861518347 0 0 0
nt@synapse_cleft 5059 -0.0362397856 0.0330970326 0.0185593186 0 0 0
nt@synapse_cleft 5061 0.0230418777 -0.0239686484 0.00535684027 0 0 0
nt@synapse_cleft 5063 -0.0304424639 0.0255040012 0.0179845445 0 0 0
nt@synapse_cleft 5077 0.0470529426 -0.0131673735 0.00962987451 0 0 0
nt@synapse_cleft 5081 0.00883998002 0.0173409151 0.00326428502 0 0 0
nt@synapse_cleft 5082 0.00397742124 0.0520860664 0.00126652489 0 0 0
nt@synapse_cleft 5086 0.0198367217 0.0366796135 0.00368560008 0 0 0
nt@synapse_cleft 5106 0.00308093544 -0.0182954133 0.00610728346 0 0 0
nt@synapse_cleft 5133 -0.0150995513 0.0276961869 0.0161524194 0 0 0
nt@synapse_cleft 5145 0.0256714825 0.0352644895 0.0152067877 0 0 0
nt@synapse_cleft 5154 0.0072531364 0.0236286881 0.0193229815 0 0 0
nt@synapse_cleft 5159 -0.0328398441 -0.00742968251 0.0110144013 0 0 0
nt@synapse_cleft 5163 0.00699574854 0.0134475709 0.0163698886 0 0 0
nt@synapse_cleft 5164 0.0104530901 -0.00346895616 0.00830106641 0 0 0
nt@synapse_cleft 5173 -0.0419990434 -0.00770337799 0.0151699664 0 0 0
nt@synapse_cleft 5176 -0.0267029724 0.0573586197 0.0183582299 0 0 0
nt@synapse_cleft 5179 0.0271100073 0.0109128174 0.00799043121 0 0 0
nt@synapse_cleft 5182 0.0497732962 0.0124287834 0.00697643278 0 0 0
nt@synapse_cleft 5183 0.0415435965 0.00770841538 0.0174443192 0 0 0
nt@synapse_cleft 5193 0.0258617777 0.00526805448 0.0189050544 0 0 0
nt@synapse_cleft 5196 9.14491162e-05 -0.00731499585 0.0168125344 0 0 0
nt@synapse_cleft 5198 -0.0051826794 -0.0275047311 0.00431455841 0 0 0
