nt@synapse_cleft 0 0.0223352165 -0.0087387102 0.0140080825 0 0 0
nt@synapse_cleft 2 -0.0483269805 0.00609042916 0.0161323875 0 0 0
nt@synapse_cleft 7 0.00816271361 0.0135375833 0.0158626258 0 0 0
nt@synapse_cleft 9 0.0328390736 -0.030030882 0.0188499304 0 0 0
nt@synapse_cleft 12 0.00297182608 0.037985732 0.00301789112 0 0 0
nt@synapse_cleft 15 -0.00907123112 0.0183392188 0.0125997516 0 0 0
nt@synapse_cleft 17 0.0183580504 0.00994315479 0.00668595963 0 0 0
nt@synapse_cleft 26 -0.0289719884 0.00639466997 0.0145102965 0 0 0
nt@synapse_cleft 30 0.0108619097 -0.030428024 0.00982239041 0 0 0
nt@synapse_cleft 35 0.00929909274 0.0438951353 0.0180289829 0 0 0
nt@synapse_cleft 42 0.000200222182 0.00818239191 0.0184956412 0 0 0
nt@synapse_cleft 45 0.00232416024 0.0130064939 0.0057775477 0 0 0
nt@synapse_cleft 54 -0.0042176698 0.0332017349 0.00597720507 0 0 0
nt@synapse_cleft 56 -0.0270204262 -0.0144239 0.0108518085 0 0 0
nt@synapse_cleft 59 0.0286143982 0.0143625467 0.0185055341 0 0 0
nt@synapse_cleft 72 -0.021926098 0.0135443657 0.016296884 0 0 0
nt@synapse_cleft 81 0.00732445918 -0.0462352747 0.00301117914 0 0 0
nt@synapse_cleft 87 -0.0101488164 -0.00781468789 0.00786414507 0 0 0
nt@synapse_cleft 89 0.0367110453 -0.000654017758 0.00985463117 0 0 0
nt@synapse_cleft 100 -0.0120627158 -0.019602261 0.014002121 0 0 0
nt@synapse_cleft 103 0.0263851245 -0.0214117145 0.0168944336 0 0 0
nt@synapse_cleft 111 -0.0402745312 0.0426363417 0.0179384552 0 0 0
nt@synapse_cleft 114 0.0366007412 -0.0103810537 0.0195781379 0 0 0
nt@synapse_cleft 115 -0.00348991361 -0.0217745364 0.0124055618 0 0 0
nt@synapse_cleft 116 -0.0253287901 -0.0190476063 0.0122755898 0 0 0
nt@synapse_cleft 135 -0.02912681 -0.0227669578 0.0187541325 0 0 0
nt@synapse_cleft 137 -0.0518819341 -0.0454863217 0.00188800232 0 0 0
nt@synapse_cleft 148 -0.00769931759 0.0656711971 0.000184334262 0 0 0
nt@synapse_cleft 150 -0.0177039431 0.0222029674 0.00646644661 0 0 0
nt@synapse_cleft 156 -0.0186431471 -0.00550470398 0.0177616849 0 0 0
nt@synapse_cleft 162 -0.0152290163 -0.0373023915 0.00705753094 0 0 0
nt@synapse_cleft 167 -0.00176895626 -0.038126963 0.0105922043 0 0 0
nt@synapse_cleft 168 -0.023380941 -0.0212453085 0.0130577065 0 0 0
nt@synapse_cleft 186 -0.0218081314 0.00304863462 0.0191838801 0 0 0
nt@synapse_cleft 188 -0.0042674486 -0.010553242 0.0111164207 0 0 0
nt@synapse_cleft 192 -0.0161221638 0.0398564439 0.0126584492 0 0 0
nt@synapse_cleft 194 -0.0222798098 -0.00195904942 0.0154342054 0 0 0
nt@synapse_cleft 195 0.0383297409 0.0479409787 0.0014542877 0 0 0
nt@synapse_cleft 197 0.0191418684 -0.0135297127 0.00101902025 0 0 0
nt@synapse_cleft 199 0.0416587666 0.0176406792 0.0110385122 0 0 0
nt@synapse_cleft 203 0.00718896181 7.99143949e-05 0.00175669535 0 0 0
nt@synapse_cleft 206 0.00163098626 -0.0219698637 0.0153683121 0 0 0
nt@synapse_cleft 210 -0.0291432111 0.0130058783 0.00476503131 0 0 0
nt@synapse_cleft 224 -0.0117400085 0.0594116283 0.00883758622 0 0 0
nt@synapse_cleft 231 0.0170292731 0.0449521129 0.0113823836 0 0 0
nt@synapse_cleft 235 0.021426175 -0.0177812824 0.0142916991 0 0 0
nt@synapse_cleft 244 -0.0163400918 0.00094257777 0.0181851839 0 0 0
nt@synapse_cleft 248 0.028308669 -0.0250422304 0.0156258224 0 0 0
nt@synapse_cleft 256 -0.050946829 -0.0156926503 0.0174453886 0 0 0
nt@synapse_cleft 263 0.0554504542 0.00968360648 0.00534019902 0 0 0
nt@synapse_cleft 268 0.00565904292 -0.0165627629 0.0133000309 0 0 0
nt@synapse_cleft 272 0.0111185771 -0.0545551893 0.00920914908 0 0 0
nt@synapse_cleft 284 -0.0361877552 0.0858444964 0.0133770652 0 0 0
nt@synapse_cleft 293 0.0313038587 -0.00981769807 0.00636336448 0 0 0
nt@synapse_cleft 306 0.0179932889 -0.026612494 0.00657899249 0 0 0
nt@synapse_cleft 307 0.0165408017 0.000982626673 0.0131004846 0 0 0
nt@synapse_cleft 308 0.0231457044 0.0259319808 0.0193362502 0 0 0
nt@synapse_cleft 310 0.0348308698 0.00583089912 0.00161348884 0 0 0
nt@synapse_cleft 318 -0.0319906489 -0.00165360502 0.00870755015 0 0 0
nt@synapse_cleft 319 0.0527443519 0.00885327698 0.00808684319 0 0 0
nt@synapse_cleft 321 0.036541079 0.0103398435 0.0114842175 0 0 0
nt@synapse_cleft 325 -0.050552142 0.0713607757 0.00960880834 0 0 0
nt@synapse_cleft 347 0.00379137756 -0.000960401819 0.000418431641 0 0 0
nt@synapse_cleft 348 0.000360126389 -0.0208963732 0.00671820618 0 0 0
nt@synapse_cleft 350 0.0132591379 -0.00217771644 0.0161938243 0 0 0
nt@synapse_cleft 356 -0.0347428674 0.0121705994 0.00952846327 0 0 0
nt@synapse_cleft 361 -0.0243363053 0.00542649739 0.017737313 0 0 0
nt@synapse_cleft 371 -0.00891216958 0.0336800474 0.0158218623 0 0 0
nt@synapse_cleft 372 0.00800020105 0.032769644 0.0154952381 0 0 0
nt@synapse_cleft 376 -0.0133985774 0.00266427924 0.00455111256 0 0 0
nt@synapse_cleft 385 0.0203498229 0.0101005193 0.00758320469 0 0 0
nt@synapse_cleft 391 0.0109958991 -0.0299601868 0.0124966674 0 0 0
nt@synapse_cleft 395 -0.00255708706 -0.01593121 0.014002148 0 0 0
nt@synapse_cleft 402 0.00386917495 0.0448264841 0.0152948519 0 0 0
nt@synapse_cleft 406 -0.0319212096 -0.0375994197 0.00490662108 0 0 0
nt@synapse_cleft 421 -0.0492262486 0.0267350332 0.0177934608 0 0 0
nt@synapse_cleft 426 0.0462505017 -0.0169041397 0.0189475485 0 0 0
nt@synapse_cleft 429 -0.0169320236 0.0287346953 0.0120051252 0 0 0
nt@synapse_cleft 440 0.0349634262 -0.00600745454 0.00406345766 0 0 0
nt@synapse_cleft 444 0.00371115785 0.0455822555 0.00652749135 0 0 0
nt@synapse_cleft 449 -6.45441936e-06 -0.0194403268 0.00324709705 0 0 0
nt@synapse_cleft 452 0.0426496598 0.0433793006 0.0151468966 0 0 0
nt@synapse_cleft 453 0.000396756835 -0.00806595641 0.00646171354 0 0 0
nt@synapse_cleft 455 0.00408409417 -0.0304095469 0.0157129529 0 0 0
nt@synapse_cleft 477 0.0194263222 0.0056137852 0.0156048418 0 0 0
nt@synapse_cleft 479 -0.010220556 0.0193216556 0.0124152506 0 0 0
nt@synapse_cleft 482 0.00955849447 0.00509280251 0.0042560155 0 0 0
nt@synapse_cleft 483 0.00231672467 -0.0171176496 0.00181169088 0 0 0
nt@synapse_cleft 499 0.0176905336 0.021004778 0.00211647967 0 0 0
nt@synapse_cleft 501 0.0120609932 0.01996634 0.00669106129 0 0 0
nt@synapse_cleft 503 0.00976161322 -0.0241553539 0.0153953883 0 0 0
nt@synapse_cleft 509 -0.0247929305 0.0520472733 0.00805621909 0 0 0
nt@synapse_cleft 510 0.0146242594 0.0141140284 0.0145563601 0 0 0
nt@synapse_cleft 514 -0.0317172688 0.000647206863 0.0137950104 0 0 0
nt@synapse_cleft 522 -0.0454435349 0.031464438 0.0144324092 0 0 0
nt@synapse_cleft 524 -0.00695347801 0.0274245537 0.0198211253 0 0 0
nt@synapse_cleft 530 0.0185706342 -0.0129996359 0.0123686571 0 0 0
nt@synapse_cleft 536 -0.0369721568 -0.0414099147 0.0131720961 0 0 0
nt@synapse_cleft 544 0.0420484907 0.0168416056 0.00424853452 0 0 0
nt@synapse_cleft 546 -0.0526038926 0.0141827132 0.000411615002 0 0 0
nt@synapse_cleft 549 0.0457735305 -0.0284193961 0.0185053908 0 0 0
nt@synapse_cleft 551 0.00504524514 -0.00825783435 0.0174165488 0 0 0
nt@synapse_cleft 552 0.0231629546 0.0152542259 0.00831287528 0 0 0
nt@synapse_cleft 557 -0.0281107204 -0.0098311281 0.0124102233 0 0 0
nt@synapse_cleft 558 -0.00653516876 -0.0176653113 0.00758036596 0 0 0
nt@synapse_cleft 563 -0.0204780454 -0.0582255949 0.00862282197 0 0 0
nt@synapse_cleft 568 -0.0103928808 0.00258076173 0.0153654041 0 0 0
nt@synapse_cleft 572 -0.0251440799 0.01484776 0.00261251504 0 0 0
nt@synapse_cleft 575 0.000808404895 -0.00629939318 0.00536699367 0 0 0
nt@synapse_cleft 581 0.00268090537 -0.00397985735 0.00359191596 0 0 0
nt@synapse_cleft 583 0.014797841 0.0196448213 0.0158393642 0 0 0
nt@synapse_cleft 586 0.0101176409 0.00429041891 0.000381111063 0 0 0
nt@synapse_cleft 591 -0.0193625049 0.0131391177 0.00553790259 0 0 0
nt@synapse_cleft 593 0.00874939684 0.0440054122 0.0148466811 0 0 0
nt@synapse_cleft 594 0.0296836048 0.025499607 0.0117749299 0 0 0
nt@synapse_cleft 595 -0.0155280016 -0.0138860008 0.00697531631 0 0 0
nt@synapse_cleft 596 -0.0146238857 0.0038699831 0.0179156162 0 0 0
nt@synapse_cleft 598 -0.00128816579 0.00523136309 0.0164140375 0 0 0
nt@synapse_cleft 618 -0.0049446872 -0.0276424132 0.000345084552 0 0 0
nt@synapse_cleft 620 -0.0235423541 0.000853269521 0.0078823426 0 0 0
nt@synapse_cleft 624 0.017282255 -0.00814911132 0.00166406257 0 0 0
nt@synapse_cleft 627 -0.019318308 -0.022241745 0.0080231965 0 0 0
nt@synapse_cleft 629 -0.00485675141 -0.00270130343 0.0123211677 0 0 0
nt@synapse_cleft 633 -0.0281250887 0.0317874337 0.013954371 0 0 0
nt@synapse_cleft 634 0.00377089675 0.00269865234 0.00731111021 0 0 0
nt@synapse_cleft 639 -0.0141292521 -0.0128270338 0.00206507814 0 0 0
nt@synapse_cleft 645 -0.0082279742 -0.00443352578 0.00804946358 0 0 0
nt@synapse_cleft 647 0.0172825209 0.0235956633 0.00172455521 0 0 0
nt@synapse_cleft 661 -0.0228944321 -0.0258780714 0.0185983015 0 0 0
nt@synapse_cleft 664 -0.0176448937 0.00555495023 0.00573325146 0 0 0
nt@synapse_cleft 678 0.0160306527 -0.0280974767 0.00616989154 0 0 0
nt@synapse_cleft 679 -0.0342218003 -0.00384795257 0.0098259832 0 0 0
nt@synapse_cleft 681 0.00345871754 -0.0253023448 0.00231263899 0 0 0
nt@synapse_cleft 691 0.0236807824 0.00568737287 0.00659976282 0 0 0
nt@synapse_cleft 693 0.0139556952 0.0168805732 0.0154416224 0 0 0
nt@synapse_cleft 698 0.00309510668 0.0171460657 0.0197747261 0 0 0
nt@synapse_cleft 699 -0.0162993545 -0.0703236493 0.0113706188 0 0 0
nt@synapse_cleft 712 -0.0201359791 -0.00385190007 0.00915038703 0 0 0
nt@synapse_cleft 720 0.0243057944 -0.0377686377 0.00463057722 0 0 0
nt@synapse_cleft 721 -0.00133934905 -0.0279605411 0.00861307619 0 0 0
nt@synapse_cleft 726 -0.0133391158 -0.0136081089 0.0114825414 0 0 0
nt@synapse_cleft 727 -0.0265158405 0.0144102094 0.0064877424 0 0 0
nt@synapse_cleft 728 0.0136049008 0.00277389969 0.0059729179 0 0 0
nt@synapse_cleft 732 0.0212859992 0.0487470789 0.00847981271 0 0 0
nt@synapse_cleft 735 -0.0451167821 0.00840420709 0.00689013129 0 0 0
nt@synapse_cleft 737 0.0435332163 -0.000240744028 0.0197377712 0 0 0
nt@synapse_cleft 741 0.0301385537 0.00172198216 0.000539385331 0 0 0
nt@synapse_cleft 750 0.0279255366 0.0186506539 0.0169786925 0 0 0
nt@synapse_cleft 754 -0.00553691267 -0.0135590886 0.000225361589 0 0 0
nt@synapse_cleft 760 -0.0111181744 -0.0401823201 0.00487154835 0 0 0
nt@synapse_cleft 762 0.00400344792 -0.0245291715 0.0183653695 0 0 0
nt@synapse_cleft 765 -0.0433011681 0.0462306392 0.00797774511 0 0 0
nt@synapse_cleft 768 -0.0105447089 0.000808467528 0.0138837787 0 0 0
nt@synapse_cleft 769 -0.00451495686 0.0450270918 0.0153893323 0 0 0
nt@synapse_cleft 774 -0.00632418853 0.0244840071 0.00589222382 0 0 0
nt@synapse_cleft 779 -0.0272304835 0.0267977047 0.00146524386 0 0 0
nt@synapse_cleft 797 -0.00822254824 0.025692792 0.00363664467 0 0 0
nt@synapse_cleft 803 -0.0211514449 -0.0440854727 0.0105377125 0 0 0
nt@synapse_cleft 814 0.0400043704 0.0406072142 0.00458193646 0 0 0
nt@synapse_cleft 816 0.000647923347 -0.0104553663 0.00266363218 0 0 0
nt@synapse_cleft 817 0.0195801677 -0.0112808915 0.0142456769 0 0 0
nt@synapse_cleft 828 0.0147070763 -0.0234375135 0.013992405 0 0 0
nt@synapse_cleft 831 0.006188291 -0.0116393763 0.000844699032 0 0 0
nt@synapse_cleft 833 -0.0138499637 -0.00786904697 0.01978428 0 0 0
nt@synapse_cleft 837 -0.0230376952 -0.00410123859 0.0137986614 0 0 0
nt@synapse_cleft 844 -0.0180846321 0.0137577116 0.0137413269 0 0 0
nt@synapse_cleft 847 0.0219523088 -0.00932565168 0.0174233035 0 0 0
nt@synapse_cleft 850 -0.00244804249 0.00891116657 0.0119179529 0 0 0
nt@synapse_cleft 854 -0.00831871719 0.0333470516 0.0014299851 0 0 0
nt@synapse_cleft 866 -0.00384700071 -0.0218901267 0.00566859243 0 0 0
nt@synapse_cleft 871 0.00456854656 0.0110771467 0.0170046941 0 0 0
nt@synapse_cleft 872 0.0201323005 -0.0294148678 0.0180670893 0 0 0
nt@synapse_cleft 877 -0.041877524 0.021371931 0.00716164768 0 0 0
nt@synapse_cleft 884 0.0166356784 0.000686265542 0.0143372421 0 0 0
nt@synapse_cleft 904 -0.0473594536 -0.00632921945 0.0068441659 0 0 0
nt@synapse_cleft 908 -0.0536954598 0.0014966816 0.00332680527 0 0 0
nt@synapse_cleft 909 0.0263558871 0.00104661353 0.00506849123 0 0 0
nt@synapse_cleft 913 -0.0218186374 0.00837880234 0.0176805696 0 0 0
nt@synapse_cleft 918 0.0546883071 0.00477787133 0.0194048847 0 0 0
nt@synapse_cleft 920 0.0145828129 -0.00908546801 0.00402181069 0 0 0
nt@synapse_cleft 925 -0.0215112843 0.0292827324 0.0122490588 0 0 0
nt@synapse_cleft 932 0.0213663538 -0.0517961471 0.00896968861 0 0 0
nt@synapse_cleft 938 -0.0101926411 0.00396670109 0.00973171624 0 0 0
nt@synapse_cleft 940 -0.0490733288 -0.0404874363 0.0110593058 0 0 0
nt@synapse_cleft 942 0.0063525067 -0.0318615722 0.00332669731 0 0 0
nt@synapse_cleft 943 0.0244518873 -0.00425400261 0.0190484553 0 0 0
nt@synapse_cleft 944 -0.0126957811 -0.0559326702 5.82427866e-05 0 0 0
nt@synapse_cleft 945 -0.00409542364 0.0389615983 0.0020500853 0 0 0
nt@synapse_cleft 947 -0.0205838815 0.0106525562 0.0165407824 0 0 0
nt@synapse_cleft 953 -0.0336071907 0.021525935 0.0152509681 0 0 0
nt@synapse_cleft 954 0.0111832046 -0.0230261695 0.0039038395 0 0 0
nt@synapse_cleft 957 0.0489093429 -0.0118555312 0.00239561637 0 0 0
nt@synapse_cleft 961 -0.0331664621 -0.0037945532 0.00616367007 0 0 0
nt@synapse_cleft 967 0.0311578845 -0.00665246246 0.00730213848 0 0 0
nt@synapse_cleft 976 -0.00489958371 0.0302221676 0.0106967899 0 0 0
nt@synapse_cleft 978 -0.037355785 -0.020105295 0.0102068877 0 0 0
nt@synapse_cleft 992 0.0244767294 -0.00165313497 0.0122158976 0 0 0
nt@synapse_cleft 994 -0.0419654446 -0.0222681097 0.015757748 0 0 0
nt@synapse_cleft 998 0.00752016567 -0.0105328593 0.00424310214 0 0 0
nt@synapse_cleft 999 0.0549661643 -0.0295789049 0.00330071514 0 0 0
nt@synapse_cleft 1002 0.00545356747 0.0408129825 0.00269288059 0 0 0
nt@synapse_cleft 1004 -0.0206977995 -0.000590536184 0.00609149845 0 0 0
nt@synapse_cleft 1013 -0.0353720744 0.0435796487 0.0160653571 0 0 0
nt@synapse_cleft 1016 -0.0379111148 0.0196575722 0.0172464185 0 0 0
nt@synapse_cleft 1018 -0.00467759049 -0.0105445885 0.00407362951 0 0 0
nt@synapse_cleft 1024 -0.0315610412 -0.0304485567 0.00799096128 0 0 0
nt@synapse_cleft 1025 -0.00293295685 -0.0255705748 0.0116784738 0 0 0
nt@synapse_cleft 1027 0.0280577614 0.049815198 0.0167306604 0 0 0
nt@synapse_cleft 1035 -0.0337851481 -0.0155628834 0.0184926345 0 0 0
nt@synapse_cleft 1047 0.0238660825 -0.0480672087 0.00250736647 0 0 0
nt@synapse_cleft 1048 -0.0130199119 -0.0569883467 0.00659444383 0 0 0
nt@synapse_cleft 1050 0.0113254156 -0.0476339578 0.0100229411 0 0 0
nt@synapse_cleft 1062 0.0403296695 -0.0113729685 0.0145697059 0 0 0
nt@synapse_cleft 1077 -0.029635987 -0.00150389986 0.013567639 0 0 0
nt@synapse_cleft 1080 -0.0331114294 0.0234009946 0.0190039506 0 0 0
nt@synapse_cleft 1092 -0.0171546995 -0.0149381819 0.0104598975 0 0 0
nt@synapse_cleft 1107 -0.0172009747 -0.000999571166 0.0198905789 0 0 0
nt@synapse_cleft 1108 0.0159859021 0.0167728648 0.000636061891 0 0 0
nt@synapse_cleft 1110 0.0283569984 0.0185044443 0.0191999534 0 0 0
nt@synapse_cleft 1113 -0.0163844865 0.00865449063 0.000946044496 0 0 0
nt@synapse_cleft 1114 0.0139616018 -0.0367446226 0.0127546439 0 0 0
nt@synapse_cleft 1121 0.0071098925 0.0521788672 0.00245696206 0 0 0
nt@synapse_cleft 1130 0.0329868683 -0.0172610831 0.000770466476 0 0 0
nt@synapse_cleft 1136 -0.00321549639 -0.0519496658 0.0118394006 0 0 0
nt@synapse_cleft 1138 0.0105881206 0.00605836287 0.0169996537 0 0 0
nt@synapse_cleft 1140 -0.00133034945 -0.0497949779 0.00906685081 0 0 0
nt@synapse_cleft 1144 -0.0119626257 -0.00709268726 0.00483885644 0 0 0
nt@synapse_cleft 1145 0.0524492952 -0.00313496105 0.01140139 0 0 0
nt@synapse_cleft 1149 -0.0293501069 -0.00257488961 0.0111543504 0 0 0
nt@synapse_cleft 1152 0.0318509814 0.0145659317 0.0185823404 0 0 0
nt@synapse_cleft 1157 0.026384321 -0.0657309589 0.0162725751 0 0 0
nt@synapse_cleft 1165 0.0350611667 0.0379164481 0.000281580566 0 0 0
nt@synapse_cleft 1166 -0.0107602193 0.00799859009 0.00494236404 0 0 0
nt@synapse_cleft 1167 0.039728095 0.0277913905 0.0119054698 0 0 0
nt@synapse_cleft 1172 -0.00176535387 -4.62740225e-05 0.0146616666 0 0 0
nt@synapse_cleft 1177 -0.0141452208 0.0747367957 0.000755901225 0 0 0
nt@synapse_cleft 1179 -0.000458494172 -0.021841793 0.0197298914 0 0 0
nt@synapse_cleft 1186 -0.0645883159 0.00568197189 0.00594018944 0 0 0
nt@synapse_cleft 1188 0.0196956919 -0.0426875764 0.00205543119 0 0 0
nt@synapse_cleft 1193 -0.036250824 -0.0162577022 0.00307195633 0 0 0
nt@synapse_cleft 1200 -0.0110266856 0.00288282156 0.0156345949 0 0 0
nt@synapse_cleft 1203 -0.00173656075 0.0212626524 0.00171372839 0 0 0
nt@synapse_cleft 1204 -0.00151420021 0.0204391541 0.0120576675 0 0 0
nt@synapse_cleft 1205 -0.0259383535 -0.0312649748 0.0114788551 0 0 0
nt@synapse_cleft 1206 -0.0200437904 0.014180393 0.00403939152 0 0 0
nt@synapse_cleft 1237 -0.0280790951 -0.0433015453 0.00517487535 0 0 0
nt@synapse_cleft 1238 -0.0607769663 -0.0406771951 0.0181485799 0 0 0
nt@synapse_cleft 1243 -0.0239926515 -0.000796672833 0.0179766282 0 0 0
nt@synapse_cleft 1248 0.00629554898 0.041563458 0.0124626459 0 0 0
nt@synapse_cleft 1251 -0.0419199377 0.0232863104 0.0186713818 0 0 0
nt@synapse_cleft 1252 -0.0311528313 -0.00399158884 0.00826009076 0 0 0
nt@synapse_cleft 1254 -0.018878276 0.0482415579 0.000724812925 0 0 0
nt@synapse_cleft 1270 0.0541678193 0.0182045808 0.0120106096 0 0 0
nt@synapse_cleft 1275 -0.00429410586 0.0204921296 0.0112077242 0 0 0
nt@synapse_cleft 1289 0.0575929389 0.00142951644 0.00942250018 0 0 0
nt@synapse_cleft 1298 -0.0134575421 -0.0120972276 0.00989332518 0 0 0
nt@synapse_cleft 1302 -0.0220857526 0.0322169527 0.00500538214 0 0 0
nt@synapse_cleft 1311 0.00921364352 -0.0196703763 0.00229998539 0 0 0
nt@synapse_cleft 1316 -0.0296094647 -0.0218054594 0.00802085826 0 0 0
nt@synapse_cleft 1326 0.0220375571 0.0126425664 0.00479023444 0 0 0
nt@synapse_cleft 1328 0.0177187667 -0.000480434049 0.00776233142 0 0 0
nt@synapse_cleft 1333 -0.0159817915 0.0304499359 0.00788162843 0 0 0
nt@synapse_cleft 1338 -0.00774338206 0.0136740527 0.000352782847 0 0 0
nt@synapse_cleft 1343 0.0209685019 0.00456807789 0.00996555543 0 0 0
nt@synapse_cleft 1347 -0.0484754119 -0.0126511396 0.0191088796 0 0 0
nt@synapse_cleft 1349 0.00508178257 -0.00428255449 0.0188282103 0 0 0
nt@synapse_cleft 1351 0.0393681744 -0.0227783737 0.00598464215 0 0 0
nt@synapse_cleft 1359 -0.0130616541 -0.0127434112 0.00934767162 0 0 0
nt@synapse_cleft 1361 -0.00377475995 -0.0379595602 0.00803380408 0 0 0
nt@synapse_cleft 1368 0.0214596478 0.000611985758 0.0128202994 0 0 0
nt@synapse_cleft 1372 -0.00749894597 0.0398581548 0.0087919667 0 0 0
nt@synapse_cleft 1380 -0.0137855381 0.0147192029 0.0137925488 0 0 0
nt@synapse_cleft 1384 -0.0450062141 -0.00830567371 0.0192383148 0 0 0
nt@synapse_cleft 1393 -0.0244021496 0.0439970408 0.0101445132 0 0 0
nt@synapse_cleft 1394 0.0104011651 0.0203977802 0.0098602686 0 0 0
nt@synapse_cleft 1400 -0.0261922949 0.0244099964 0.0113611447 0 0 0
nt@synapse_cleft 1403 0.0116463058 0.0149725928 0.0147204825 0 0 0
nt@synapse_cleft 1406 0.0582062641 -0.0300781577 0.00417439263 0 0 0
nt@synapse_cleft 1408 -0.0109040386 -0.0043084608 0.0124540048 0 0 0
nt@synapse_cleft 1416 -0.0070616521 0.0256848835 0.0111813611 0 0 0
nt@synapse_cleft 1419 0.00651228456 -0.0180810078 0.00136657953 0 0 0
nt@synapse_cleft 1425 -0.00271655028 -0.0401578202 0.000622761979 0 0 0
nt@synapse_cleft 1427 -0.0154718971 -0.0140249228 0.0194311417 0 0 0
nt@synapse_cleft 1438 -0.0183185277 -0.0224612124 0.00348152754 0 0 0
nt@synapse_cleft 1440 -0.0128325549 0.0299129203 0.0181646711 0 0 0
nt@synapse_cleft 1441 -0.0486816223 0.0368959582 0.0107227332 0 0 0
nt@synapse_cleft 1442 -0.00323307729 0.0296033046 0.0182224129 0 0 0
nt@synapse_cleft 1444 -0.0286560337 -0.00699580898 0.00270475834 0 0 0
nt@synapse_cleft 1446 -0.0174215636 -0.0459318217 0.00032293272 0 0 0
nt@synapse_cleft 1449 -0.0270589491 0.00760514592 0.00891920245 0 0 0
nt@synapse_cleft 1452 -0.0334680623 -0.022327517 0.00648652514 0 0 0
nt@synapse_cleft 1454 -0.0165253339 0.01510078 0.00113728044 0 0 0
nt@synapse_cleft 1455 -0.0250746541 0.00233764849 0.0188051021 0 0 0
nt@synapse_cleft 1470 -0.0619425885 -0.0309574285 0.0128563585 0 0 0
nt@synapse_cleft 1472 -0.0594256235 -0.013079152 0.00970290541 0 0 0
nt@synapse_cleft 1473 -0.0127788108 -0.0143529617 0.0141318178 0 0 0
nt@synapse_cleft 1479 -0.00656479318 0.0431396618 0.0164103247 0 0 0
nt@synapse_cleft 1481 0.0273925623 0.014237388 0.0150392932 0 0 0
nt@synapse_cleft 1484 -0.0096657038 0.0201240155 0.0121651151 0 0 0
nt@synapse_cleft 1485 -0.00994006191 -0.0047869468 0.0171584254 0 0 0
nt@synapse_cleft 1487 0.000630606379 -0.0387595839 0.00625436268 0 0 0
nt@synapse_cleft 1488 0.0343561059 -0.00258745401 0.00939418985 0 0 0
nt@synapse_cleft 1494 -0.000623449557 -0.00191823272 0.0122323661 0 0 0
nt@synapse_cleft 1496 0.0069938615 0.0372364773 0.0181978095 0 0 0
nt@synapse_cleft 1506 0.0307824407 0.00544619703 0.0129096659 0 0 0
nt@synapse_cleft 1507 0.00545433743 0.00109739067 0.014833598 0 0 0
nt@synapse_cleft 1508 0.0349116579 0.00258301776 0.0191428268 0 0 0
nt@synapse_cleft 1512 0.0107801516 -0.0173290929 0.0171291803 0 0 0
nt@synapse_cleft 1519 -0.0138804206 -0.00385870759 0.0127021727 0 0 0
nt@synapse_cleft 1527 -0.00914537059 0.0537454028 0.0141939607 0 0 0
nt@synapse_cleft 1528 -0.0347041718 0.0021647883 0.00775986608 0 0 0
nt@synapse_cleft 1531 -0.00817660801 0.0176397942 0.01747559 0 0 0
nt@synapse_cleft 1538 0.0211417625 0.00859850965 0.016895291 0 0 0
nt@synapse_cleft 1542 -0.025357605 0.0254858697 0.00782748009 0 0 0
nt@synapse_cleft 1545 -0.00137240369 0.0111406819 0.0198439728 0 0 0
nt@synapse_cleft 1548 -0.0306528037 -0.0251594814 0.0174410656 0 0 0
nt@synapse_cleft 1553 0.0602694595 0.000152217781 0.00880065816 0 0 0
nt@synapse_cleft 1554 0.0152181051 0.0227916399 2.80600368e-06 0 0 0
nt@synapse_cleft 1561 -0.00124085842 -0.0504188523 0.0048318628 0 0 0
nt@synapse_cleft 1565 -0.00833331224 -0.004954787 0.0180580806 0 0 0
nt@synapse_cleft 1571 -0.0203459675 -0.0125643576 0.014076979 0 0 0
nt@synapse_cleft 1573 0.0211714571 0.0300502682 0.0131276476 0 0 0
nt@synapse_cleft 1588 0.00666660076 -0.0281655342 0.0147345418 0 0 0
nt@synapse_cleft 1592 0.0161201886 -0.022803295 0.00215503005 0 0 0
nt@synapse_cleft 1597 0.00921299914 0.0298510255 0.00375298141 0 0 0
nt@synapse_cleft 1600 0.0251367955 -0.0331173676 0.00696066239 0 0 0
nt@synapse_cleft 1605 0.0175527307 -0.0100432683 0.0181314666 0 0 0
nt@synapse_cleft 1606 -0.0425146826 0.0103442121 0.0168342644 0 0 0
nt@synapse_cleft 1611 -0.00632833405 -0.0265016995 0.00950016642 0 0 0
nt@synapse_cleft 1617 0.00347351514 -0.0298532156 0.0174291757 0 0 0
nt@synapse_cleft 1619 0.0205072046 0.00453653061 0.00444174934 0 0 0
nt@synapse_cleft 1628 0.015468301 0.0344382235 0.0171604342 0 0 0
nt@synapse_cleft 1635 0.0124740129 -0.0125086501 0.0153355159 0 0 0
nt@synapse_cleft 1641 0.0389747828 0.0191992406 0.0121832658 0 0 0
nt@synapse_cleft 1642 0.0253946453 -0.0292075013 0.00425224879 0 0 0
nt@synapse_cleft 1655 -0.00294962638 0.0188190809 0.00801953139 0 0 0
nt@synapse_cleft 1658 0.0274784662 0.0523720087 0.00947365669 0 0 0
nt@synapse_cleft 1660 0.0230344276 0.0183538213 0.0108239986 0 0 0
nt@synapse_cleft 1675 -0.0242086241 -0.0088140753 0.00448581796 0 0 0
nt@synapse_cleft 1678 0.00664594247 -0.0134268259 0.0143930795 0 0 0
nt@synapse_cleft 1681 -0.0170059663 -0.00324119706 0.0193236054 0 0 0
nt@synapse_cleft 1686 -0.0152480166 0.00772552936 0.0182721149 0 0 0
nt@synapse_cleft 1687 -0.0314835996 -0.0297999635 0.00123404865 0 0 0
nt@synapse_cleft 1689 0.00768446952 0.0172358744 0.00896060573 0 0 0
nt@synapse_cleft 1692 -0.0133751651 0.021725055 0.0143067621 0 0 0
nt@synapse_cleft 1695 0.0156712921 -0.0192650803 0.00226021883 0 0 0
nt@synapse_cleft 1701 0.00967837401 0.00361564018 0.0194807197 0 0 0
nt@synapse_cleft 1707 -0.0235953677 0.00173403471 0.0198356687 0 0 0
nt@synapse_cleft 1708 -0.0334671064 0.022926642 0.00906107368 0 0 0
nt@synapse_cleft 1715 0.00732422309 -0.00213132094 0.00820530807 0 0 0
nt@synapse_cleft 1721 0.0171012135 -0.0404831246 0.0164453838 0 0 0
nt@synapse_cleft 1729 -0.00351871912 -0.0194188786 0.00173260635 0 0 0
nt@synapse_cleft 1736 0.0268499333 0.00359380796 0.0164278475 0 0 0
nt@synapse_cleft 1741 0.00777162218 -0.0183089602 0.0119589957 0 0 0
nt@synapse_cleft 1742 0.0108793897 -0.047726694 0.0017427876 0 0 0
nt@synapse_cleft 1743 0.0358742616 0.0386244203 0.0164158032 0 0 0
nt@synapse_cleft 1745 -0.0367459653 0.019590485 0.00246914777 0 0 0
nt@synapse_cleft 1746 0.0181944361 -0.0287471718 0.0056828594 0 0 0
nt@synapse_cleft 1748 0.060396187 0.0196796929 0.00775485432 0 0 0
nt@synapse_cleft 1751 0.0434394829 0.0212157997 0.0149045672 0 0 0
nt@synapse_cleft 1759 0.000853234587 -0.0127243859 0.00783431398 0 0 0
nt@synapse_cleft 1761 -0.0199229569 0.0177710768 0.0105048868 0 0 0
nt@synapse_cleft 1762 -0.0220949888 -0.026710683 0.0131628054 0 0 0
nt@synapse_cleft 1768 0.00674190199 -0.0463911432 0.0163707339 0 0 0
nt@synapse_cleft 1775 -0.0138664575 -0.0127706908 0.00558516222 0 0 0
nt@synapse_cleft 1778 0.0485847353 -0.0524383551 0.0181664824 0 0 0
nt@synapse_cleft 1781 -0.0264352787 0.0318708459 0.00717399277 0 0 0
nt@synapse_cleft 1793 0.00627410854 0.0391303634 0.00855201127 0 0 0
nt@synapse_cleft 1795 0.0387942944 -0.0139873511 0.0127510748 0 0 0
nt@synapse_cleft 1804 0.00582924712 0.0136713509 0.0111565648 0 0 0
nt@synapse_cleft 1806 -0.0268532212 0.0260695709 0.012531079 0 0 0
nt@synapse_cleft 1810 -0.0711359002 -0.0440324547 0.0180944827 0 0 0
nt@synapse_cleft 1811 0.00610648153 0.00996583765 0.0163289323 0 0 0
nt@synapse_cleft 1812 -0.00189321752 0.0454246234 0.00971052357 0 0 0
nt@synapse_cleft 1815 -0.0141496776 0.00626294976 0.0164217705 0 0 0
nt@synapse_cleft 1824 0.0119352144 0.00850465628 0.00212844907 0 0 0
nt@synapse_cleft 1829 0.0408816186 -0.0147759364 0.00371247587 0 0 0
nt@synapse_cleft 1830 -0.0349615902 -0.0164996673 0.00990619979 0 0 0
nt@synapse_cleft 1837 -0.0366644268 -0.0147745845 0.00630341048 0 0 0
nt@synapse_cleft 1838 -0.00457242292 -0.0371143791 0.00721524568 0 0 0
nt@synapse_cleft 1843 0.0345499963 0.0102911197 0.0108883734 0 0 0
nt@synapse_cleft 1846 -0.0220118286 0.00377978438 0.00408216444 0 0 0
nt@synapse_cleft 1849 0.0436956627 0.0127612509 0.0100034106 0 0 0
nt@synapse_cleft 1853 0.0587667275 -0.0189872799 0.00508839177 0 0 0
nt@synapse_cleft 1854 0.0160506587 -0.00581691767 0.00495549813 0 0 0
nt@synapse_cleft 1856 0.0180846244 -0.0358923566 0.00935926944 0 0 0
nt@synapse_cleft 1868 -0.0355094987 0.00133416019 0.00619474869 0 0 0
nt@synapse_cleft 1872 0.00363077006 -0.0071067132 0.0118946385 0 0 0
nt@synapse_cleft 1877 0.001033581 0.0232230909 0.0197771956 0 0 0
nt@synapse_cleft 1880 -0.0281888479 -0.0129708231 0.00498817118 0 0 0
nt@synapse_cleft 1883 0.0259532209 0.0205311247 0.00823769977 0 0 0
nt@synapse_cleft 1885 -0.00289127751 -0.00423407127 0.0185989393 0 0 0
nt@synapse_cleft 1887 -0.00125027764 0.0289111305 0.00746968472 0 0 0
nt@synapse_cleft 1892 -0.00729167559 -0.00771579895 0.0102438788 0 0 0
nt@synapse_cleft 1896 0.0215685243 0.000737496913 0.00476744156 0 0 0
nt@synapse_cleft 1900 -0.0131483747 -0.0272344698 0.00531822767 0 0 0
nt@synapse_cleft 1904 -0.0296215119 0.0321083623 0.00172760954 0 0 0
nt@synapse_cleft 1914 0.00601490969 0.0137729096 0.00722309391 0 0 0
nt@synapse_cleft 1918 -0.0167930652 0.0669234775 0.0178640228 0 0 0
nt@synapse_cleft 1923 -0.0163015001 0.0270451627 0.0163243137 0 0 0
nt@synapse_cleft 1925 0.0182153482 0.0225645295 0.0126974922 0 0 0
nt@synapse_cleft 1926 0.00632027221 -0.019081838 0.0185894452 0 0 0
nt@synapse_cleft 1932 0.0191710742 -0.0186494977 0.0170862399 0 0 0
nt@synapse_cleft 1942 0.0399119746 -0.0342910886 0.00234621412 0 0 0
nt@synapse_cleft 1944 -0.00677988555 0.0259374347 0.000439272387 0 0 0
nt@synapse_cleft 1946 -0.0212392562 -0.0118522057 0.00780987481 0 0 0
nt@synapse_cleft 1953 -0.0215297952 -0.00161400887 0.00930497448 0 0 0
nt@synapse_cleft 1961 0.0344879837 0.0119295432 0.000648422271 0 0 0
nt@synapse_cleft 1964 -0.004942523 0.0082773752 0.0121759684 0 0 0
nt@synapse_cleft 1967 0.00987153617 -0.0393909391 0.00918323374 0 0 0
nt@synapse_cleft 1970 -0.0261272463 -0.0399147021 0.0180776818 0 0 0
nt@synapse_cleft 1973 0.0306185311 0.0167638082 0.0166441044 0 0 0
nt@synapse_cleft 1976 -0.0343220323 -0.0192720189 0.00188575306 0 0 0
nt@synapse_cleft 1980 -0.0237596401 -0.0214821209 0.00178887736 0 0 0
nt@synapse_cleft 1984 -0.0570138137 -0.0374342046 0.00213695513 0 0 0
nt@synapse_cleft 1989 -0.0123656637 0.0186523532 0.0155689585 0 0 0
nt@synapse_cleft 1990 0.0183206012 0.0172379131 0.0123975668 0 0 0
nt@synapse_cleft 1993 0.00781693417 -0.0196904421 0.0160657048 0 0 0
nt@synapse_cleft 1997 -0.00407789398 0.0149930448 0.0189562862 0 0 0
nt@synapse_cleft 2004 -0.014924197 0.00928730113 0.00962998574 0 0 0
nt@synapse_cleft 2013 -0.00406248362 -0.00585326469 0.0057997844 0 0 0
nt@synapse_cleft 2014 0.0158721179 0.00152743033 0.0137525239 0 0 0
nt@synapse_cleft 2019 0.0157536538 -0.0190848364 0.0103940214 0 0 0
nt@synapse_cleft 2027 -0.00630522682 -0.0277648074 0.00362493557 0 0 0
nt@synapse_cleft 2032 -0.0192229507 0.00646424388 0.00286862249 0 0 0
nt@synapse_cleft 2035 0.062959097 0.0230645697 0.00375730545 0 0 0
nt@synapse_cleft 2036 0.0590143084 -0.0427886804 0.00344611312 0 0 0
nt@synapse_cleft 2039 0.0379946669 0.0189125316 0.019394174 0 0 0
nt@synapse_cleft 2044 0.0164918482 -0.0205910212 0.01273006 0 0 0
nt@synapse_cleft 2052 0.00154165792 -0.0166247567 0.0153153074 0 0 0
nt@synapse_cleft 2061 0.023805682 0.0156723377 0.00496591648 0 0 0
nt@synapse_cleft 2064 0.0243749329 0.0169106037 0.00778671928 0 0 0
nt@synapse_cleft 2091 -0.00610722264 0.0348783261 0.0109192984 0 0 0
nt@synapse_cleft 2092 0.0135633513 0.030997096 0.00660669816 0 0 0
nt@synapse_cleft 2094 -0.0117919612 -0.00491323265 0.0196355045 0 0 0
nt@synapse_cleft 2096 -0.0123476201 -0.0126739106 0.00361471833 0 0 0
nt@synapse_cleft 2104 0.0370880358 -0.0220627172 0.0119962687 0 0 0
nt@synapse_cleft 2112 -0.00638791868 -0.025032816 0.00207313373 0 0 0
nt@synapse_cleft 2124 0.00319644047 0.0642459305 0.0115269178 0 0 0
nt@synapse_cleft 2127 0.0243246452 0.00173027373 0.000935975165 0 0 0
nt@synapse_cleft 2133 0.014347425 -0.00751848448 0.00835196403 0 0 0
nt@synapse_cleft 2137 -0.0568747792 0.0557255344 0.00464032983 0 0 0
nt@synapse_cleft 2148 0.0325928595 -0.0664471442 0.00463341791 0 0 0
nt@synapse_cleft 2156 0.0419408671 -0.0340721933 0.0152530308 0 0 0
nt@synapse_cleft 2162 -0.00707446864 0.0142714845 0.0155192108 0 0 0
nt@synapse_cleft 2163 0.0117598158 -0.00625776316 0.012182403 0 0 0
nt@synapse_cleft 2177 -0.0118342895 -0.0218567118 0.00784604738 0 0 0
nt@synapse_cleft 2185 -0.0119804292 -0.00543855189 0.0149792032 0 0 0
nt@synapse_cleft 2187 -0.0170493061 0.00584103363 0.00583778503 0 0 0
nt@synapse_cleft 2188 0.0108648185 0.0288960525 0.00855382394 0 0 0
nt@synapse_cleft 2199 -0.00227793182 -0.0239399861 0.00202497076 0 0 0
nt@synapse_cleft 2204 -0.0311745547 0.0138394354 0.00765526326 0 0 0
nt@synapse_cleft 2207 0.038437663 0.00156848977 0.0137950188 0 0 0
nt@synapse_cleft 2218 0.020957773 0.00522115504 0.00346120506 0 0 0
nt@synapse_cleft 2223 -0.0173134038 -0.00104312202 0.0141855099 0 0 0
nt@synapse_cleft 2228 -0.00307400396 0.011910727 0.00880239729 0 0 0
nt@synapse_cleft 2236 0.00120828424 0.00864051552 0.00371315368 0 0 0
nt@synapse_cleft 2251 -0.01154793 0.0122504302 0.00481601793 0 0 0
nt@synapse_cleft 2254 -0.00750263603 -0.0174193996 0.0172065766 0 0 0
nt@synapse_cleft 2257 0.013136454 0.00710132874 0.0117759843 0 0 0
nt@synapse_cleft 2262 -0.00276695375 0.013621394 0.0144302427 0 0 0
nt@synapse_cleft 2271 -0.0575776548 0.0106815749 0.0129425469 0 0 0
nt@synapse_cleft 2274 -0.00838498843 0.042275037 0.0058685295 0 0 0
nt@synapse_cleft 2278 0.0229528228 0.0316828344 0.00189128025 0 0 0
nt@synapse_cleft 2279 -0.0243710636 0.0145201011 0.0111459681 0 0 0
nt@synapse_cleft 2283 0.0379667422 -0.0302566494 0.0113846888 0 0 0
nt@synapse_cleft 2284 0.03048176 0.00490005609 0.0148923084 0 0 0
nt@synapse_cleft 2285 -0.00666636696 -0.0106731792 0.00921071092 0 0 0
nt@synapse_cleft 2289 0.00970906502 -0.00598448591 0.00918950171 0 0 0
nt@synapse_cleft 2298 -0.0367594322 -0.0140894792 0.0133628541 0 0 0
nt@synapse_cleft 2306 -0.00885218826 -0.0528468056 0.00639900784 0 0 0
nt@synapse_cleft 2308 -0.0400159751 0.0154408595 0.00957874573 0 0 0
nt@synapse_cleft 2309 -0.00868658169 0.00486013618 0.0118312052 0 0 0
nt@synapse_cleft 2314 -0.00684348927 -0.0313743324 0.00194214335 0 0 0
nt@synapse_cleft 2317 0.0325870536 0.000412363273 0.00603966683 0 0 0
nt@synapse_cleft 2320 0.0188873302 -0.0297121298 0.000469721889 0 0 0
nt@synapse_cleft 2321 0.0482685843 0.00510246601 0.00623151772 0 0 0
nt@synapse_cleft 2327 -0.0328106656 -0.0383596756 0.0125009713 0 0 0
nt@synapse_cleft 2330 -0.0366964086 0.0109261582 0.0157064354 0 0 0
nt@synapse_cleft 2332 -0.0189380057 -0.00301189823 0.0172203024 0 0 0
nt@synapse_cleft 2349 0.050995806 0.0126420549 0.00915803375 0 0 0
nt@synapse_cleft 2367 -0.0251155541 -0.0430669863 0.00564782413 0 0 0
nt@synapse_cleft 2369 -0.0201177773 -0.000595778236 0.00482204953 0 0 0
nt@synapse_cleft 2383 0.0119062587 -0.0365636609 0.0115484396 0 0 0
nt@synapse_cleft 2386 -0.0136012839 -0.0118910632 0.000535103631 0 0 0
nt@synapse_cleft 2389 0.00960619771 -0.0241425011 0.0121501351 0 0 0
nt@synapse_cleft 2397 0.00229255429 -0.0517989569 0.00637886234 0 0 0
nt@synapse_cleft 2400 -0.0217439704 -0.026941403 0.0174421216 0 0 0
nt@synapse_cleft 2410 0.0258479175 0.0132078452 0.00541495619 0 0 0
nt@synapse_cleft 2411 0.0177771209 -0.0430950098 0.00857414324 0 0 0
nt@synapse_cleft 2412 -0.00233239903 0.0227243318 0.011299466 0 0 0
nt@synapse_cleft 2417 -0.00800134333 0.00465436614 0.0157865705 0 0 0
nt@synapse_cleft 2421 -0.00401200667 0.0149934361 0.000829289327 0 0 0
nt@synapse_cleft 2423 0.015663878 -0.0387019201 0.00954854163 0 0 0
nt@synapse_cleft 2437 0.0451209848 0.00738114275 0.00230207526 0 0 0
nt@synapse_cleft 2438 0.00296910135 -0.0297806186 0.00494479556 0 0 0
nt@synapse_cleft 2448 0.0133049938 0.00628059831 0.0115919662 0 0 0
nt@synapse_cleft 2456 -0.0216018053 -0.0144763506 0.00657246376 0 0 0
nt@synapse_cleft 2459 0.00992012939 0.0457516427 0.000679277557 0 0 0
nt@synapse_cleft 2462 -0.00710546798 0.0412995986 0.00955394581 0 0 0
nt@synapse_cleft 2468 -0.0508339193 -0.021564545 0.00985656339 0 0 0
nt@synapse_cleft 2472 0.0631691367 -0.0515971492 0.0137331606 0 0 0
nt@synapse_cleft 2480 -0.0120936482 -0.0269431886 0.00422686618 0 0 0
nt@synapse_cleft 2481 -0.0149888264 -0.0164583149 0.00676863194 0 0 0
nt@synapse_cleft 2483 0.0295365379 0.0379410463 0.0130504142 0 0 0
nt@synapse_cleft 2491 0.00999011222 0.0114011981 0.00423841506 0 0 0
nt@synapse_cleft 2493 0.025692963 -0.0416628594 0.0144518757 0 0 0
nt@synapse_cleft 2498 0.0145937996 -0.0144997155 0.00687545501 0 0 0
nt@synapse_cleft 2502 0.0166490042 -0.0337555531 0.0168398833 0 0 0
nt@synapse_cleft 2509 -0.00436456784 -0.0270742092 0.0121095056 0 0 0
nt@synapse_cleft 2513 -0.00586397617 0.0207355933 0.00851375202 0 0 0
nt@synapse_cleft 2517 -0.0063050235 -0.00219742881 0.015927334 0 0 0
nt@synapse_cleft 2520 0.0199626417 0.0175461953 0.00130498631 0 0 0
nt@synapse_cleft 2528 0.00694849224 -0.00324215768 0.0180978581 0 0 0
nt@synapse_cleft 2539 -0.0079703146 0.0239552042 0.0134118464 0 0 0
nt@synapse_cleft 2542 0.0202019943 -0.0310710651 0.0188198181 0 0 0
nt@synapse_cleft 2549 -0.00712033625 0.0628490144 0.00961781069 0 0 0
nt@synapse_cleft 2550 0.0361254775 0.00751653325 0.0149115489 0 0 0
nt@synapse_cleft 2555 0.0581178373 -0.0296419248 0.00736175156 0 0 0
nt@synapse_cleft 2560 -0.030317388 0.00414901734 0.00824283131 0 0 0
nt@synapse_cleft 2561 0.0213480532 0.0507841661 0.00642486014 0 0 0
nt@synapse_cleft 2563 -0.00145517141 0.00377845594 0.0166613009 0 0 0
nt@synapse_cleft 2564 -0.0124890172 0.0454298417 0.00629602918 0 0 0
nt@synapse_cleft 2566 -0.0127352636 0.00529604487 0.0187775476 0 0 0
nt@synapse_cleft 2570 0.0074038996 0.00275667901 2.83237999e-05 0 0 0
nt@synapse_cleft 2571 0.0261163853 -0.0514624002 0.00465760413 0 0 0
nt@synapse_cleft 2577 -0.0111618012 0.0307573942 0.0114335294 0 0 0
nt@synapse_cleft 2597 -0.0227838069 0.000991876411 0.016355864 0 0 0
nt@synapse_cleft 2603 0.0347989748 -0.0256001297 0.0184025625 0 0 0
nt@synapse_cleft 2604 0.0384347501 -0.0161444841 0.019578727 0 0 0
nt@synapse_cleft 2610 0.0188600558 -0.0351989783 0.00166766361 0 0 0
nt@synapse_cleft 2615 -0.00437294011 -0.0571551455 0.0097334121 0 0 0
nt@synapse_cleft 2617 -0.0111139014 0.0184977478 0.0147408511 0 0 0
nt@synapse_cleft 2623 -0.023890066 -0.0418720092 0.00303869761 0 0 0
nt@synapse_cleft 2625 -0.0618742488 -0.0213221504 0.00560912328 0 0 0
nt@synapse_cleft 2628 0.0254907368 -0.0251099352 0.0179749256 0 0 0
nt@synapse_cleft 2639 0.0121780014 -0.0141166893 0.00220357644 0 0 0
nt@synapse_cleft 2641 -0.0193098098 0.00439719789 0.00251898659 0 0 0
nt@synapse_cleft 2645 0.0255549139 0.0197032219 0.00626044431 0 0 0
nt@synapse_cleft 2652 -0.0116079875 0.0138782302 0.00252898783 0 0 0
nt@synapse_cleft 2660 -0.00991727602 -0.026778509 0.0118158881 0 0 0
nt@synapse_cleft 2670 -0.0173308766 -0.00145788349 0.0123960318 0 0 0
nt@synapse_cleft 2675 -0.0174457368 0.0110269353 0.0176290959 0 0 0
nt@synapse_cleft 2680 -0.057537145 -0.0437793955 0.00100923733 0 0 0
nt@synapse_cleft 2681 -0.036507005 -0.0310577789 0.0159605809 0 0 0
nt@synapse_cleft 2688 -0.0532149125 0.0586095783 0.00561676552 0 0 0
nt@synapse_cleft 2702 -0.00902866579 -0.0130362197 0.00249250232 0 0 0
nt@synapse_cleft 2708 -0.0411139828 0.00962607451 0.00101533141 0 0 0
nt@synapse_cleft 2709 0.00894406389 0.00293152985 0.0152606399 0 0 0
nt@synapse_cleft 2710 -0.00512434444 -0.0303316286 0.0140977251 0 0 0
nt@synapse_cleft 2713 -0.000919843686 -0.0338729312 0.00262825864 0 0 0
nt@synapse_cleft 2720 0.00993047523 0.0159325885 0.0151550617 0 0 0
nt@synapse_cleft 2724 0.00113159374 -0.0110617389 0.00603747554 0 0 0
nt@synapse_cleft 2729 0.0120968884 -0.0296022108 0.0189670543 0 0 0
nt@synapse_cleft 2734 0.0348679119 0.000104552937 0.0173703382 0 0 0
nt@synapse_cleft 2739 0.0351654642 -0.00910420592 0.00158114719 0 0 0
nt@synapse_cleft 2743 -0.00180458175 -0.0358263218 0.018323368 0 0 0
nt@synapse_cleft 2750 0.0298294995 -0.0444712019 0.00648744535 0 0 0
nt@synapse_cleft 2752 -0.0218351228 -0.0215802859 0.0171270083 0 0 0
nt@synapse_cleft 2756 0.0409345522 -0.0289305858 0.00263272436 0 0 0
nt@synapse_cleft 2766 -0.0474965141 0.041721186 0.0193389671 0 0 0
nt@synapse_cleft 2775 0.0410314655 -0.0247793347 0.010760724 0 0 0
nt@synapse_cleft 2785 -0.00302050066 0.0262027033 0.0112340001 0 0 0
nt@synapse_cleft 2798 -0.0194065338 0.0161979318 0.00976373856 0 0 0
nt@synapse_cleft 2807 -0.0265449316 0.0206746717 0.00947368997 0 0 0
nt@synapse_cleft 2808 0.0103787178 0.0600777647 0.0130109992 0 0 0
nt@synapse_cleft 2815 -0.0208822592 0.00468085783 0.0179958185 0 0 0
nt@synapse_cleft 2820 0.0151892761 -0.00683177826 0.0198486269 0 0 0
nt@synapse_cleft 2828 0.0130891697 -0.0540595522 0.00225921818 0 0 0
nt@synapse_cleft 2837 -0.00825939273 0.0183172015 0.0167496296 0 0 0
nt@synapse_cleft 2854 0.0187892404 -0.024957991 0.00141313408 0 0 0
nt@synapse_cleft 2857 0.0227827205 -0.0239992463 0.0118396858 0 0 0
nt@synapse_cleft 2861 -0.0175812562 0.00835508286 0.0103066239 0 0 0
nt@synapse_cleft 2863 -0.0362457967 0.00951513204 0.000635493154 0 0 0
nt@synapse_cleft 2871 0.0173973472 -0.0468954854 0.0136011739 0 0 0
nt@synapse_cleft 2875 0.0101696686 0.0102308169 0.00529763115 0 0 0
nt@synapse_cleft 2876 -0.0132035547 -0.00395283045 0.0176936714 0 0 0
nt@synapse_cleft 2880 0.0167922808 0.001926274 0.00349800529 0 0 0
nt@synapse_cleft 2884 0.0336264365 0.0179152617 0.0158037279 0 0 0
nt@synapse_cleft 2894 0.0067896563 0.0084704882 0.00661644473 0 0 0
nt@synapse_cleft 2895 0.0720384541 -0.00136297962 0.00911359174 0 0 0
nt@synapse_cleft 2897 0.0094013191 -0.0380671711 0.0162674728 0 0 0
nt@synapse_cleft 2905 -0.00819476223 0.0171974685 0.00845853543 0 0 0
nt@synapse_cleft 2909 0.04770787 -0.0160744324 0.0124058945 0 0 0
nt@synapse_cleft 2910 -0.0524483911 0.0184598503 0.0178594331 0 0 0
nt@synapse_cleft 2912 -0.000320823432 -0.0190785534 0.0050570844 0 0 0
nt@synapse_cleft 2915 0.0328568179 -0.0430252549 0.0120658499 0 0 0
nt@synapse_cleft 2920 0.0113280693 -4.09915505e-05 0.0132140505 0 0 0
nt@synapse_cleft 2921 0.00710189246 0.0525132482 0.00222820699 0 0 0
nt@synapse_cleft 2922 0.0681799618 -0.0303921391 0.0144805122 0 0 0
nt@synapse_cleft 2925 -0.0094071414 0.0381935997 0.011644437 0 0 0
nt@synapse_cleft 2933 -0.00893463017 -0.0071903451 0.00488995579 0 0 0
nt@synapse_cleft 2935 -0.0322706178 0.00428151944 0.0130281176 0 0 0
nt@synapse_cleft 2940 -0.00468598318 -0.0248355698 0.00682987194 0 0 0
nt@synapse_cleft 2945 -0.0356270706 -0.00305699771 0.00243877895 0 0 0
nt@synapse_cleft 2946 -0.00253279332 -0.00559933388 0.0160430433 0 0 0
nt@synapse_cleft 2961 0.0610344413 -0.0414110388 0.00998801453 0 0 0
nt@synapse_cleft 2962 0.0152515583 0.0144792202 0.00487403781 0 0 0
nt@synapse_cleft 2967 -0.000707041528 -0.0401825043 0.0105669019 0 0 0
nt@synapse_cleft 2983 0.0200161807 -0.0330735025 0.0148336661 0 0 0
nt@synapse_cleft 2992 -0.0171952013 0.0342924686 0.00138859555 0 0 0
nt@synapse_cleft 2993 -0.00217760052 0.0444934188 0.00631907363 0 0 0
nt@synapse_cleft 2997 0.00818726383 -0.0069379753 0.000163988014 0 0 0
nt@synapse_cleft 3006 0.0213211002 0.040971914 0.00289723095 0 0 0
nt@synapse_cleft 3008 0.0251501725 0.0476710971 0.0156086377 0 0 0
nt@synapse_cleft 3012 0.0267831933 -0.000454069911 0.00997412202 0 0 0
nt@synapse_cleft 3019 -0.0101286035 0.013422481 0.00343749679 0 0 0
nt@synapse_cleft 3020 -0.0133851753 -0.0211710234 0.00327944469 0 0 0
nt@synapse_cleft 3024 0.0235836305 0.0133352922 0.0127328937 0 0 0
nt@synapse_cleft 3026 -0.0167924368 0.0109229203 0.000996708174 0 0 0
nt@synapse_cleft 3042 -0.000281061198 0.0118289616 0.0195854417 0 0 0
nt@synapse_cleft 3047 0.0297814686 0.0494517208 0.0078986308 0 0 0
nt@synapse_cleft 3057 0.0264012501 -0.0197151465 0.0170861226 0 0 0
nt@synapse_cleft 3061 -0.012971011 0.0365237548 0.00218698505 0 0 0
nt@synapse_cleft 3062 0.00212722869 -0.0219915515 0.0058115503 0 0 0
nt@synapse_cleft 3069 0.0531118557 -0.0398825115 0.0191902812 0 0 0
nt@synapse_cleft 3073 -0.00074229081 0.0362962719 0.00724566806 0 0 0
nt@synapse_cleft 3082 0.0178282986 0.0290134075 0.0145872917 0 0 0
nt@synapse_cleft 3089 -0.00517436298 -0.0152690107 0.00394433137 0 0 0
nt@synapse_cleft 3096 -0.00914147702 0.0265445723 0.00307579645 0 0 0
nt@synapse_cleft 3097 0.0498763584 0.0132012415 0.00631563877 0 0 0
nt@synapse_cleft 3099 -0.0178817684 -0.000354611707 0.00519794961 0 0 0
nt@synapse_cleft 3111 -0.00468438803 -0.0208303692 0.00240712348 0 0 0
nt@synapse_cleft 3114 0.0279261044 0.037394104 0.00138984097 0 0 0
nt@synapse_cleft 3132 -0.0182988412 -0.00026183952 0.00945100907 0 0 0
nt@synapse_cleft 3134 0.0108478682 0.0342727518 0.0184022797 0 0 0
nt@synapse_cleft 3150 0.0400028033 -0.0759261538 0.000107183435 0 0 0
nt@synapse_cleft 3155 -0.00743461105 0.0164520506 0.0109548195 0 0 0
nt@synapse_cleft 3158 -0.0150799967 -0.00915601183 0.00708479502 0 0 0
nt@synapse_cleft 3159 -0.017568044 0.011646305 0.0180234593 0 0 0
nt@synapse_cleft 3167 0.0013480877 0.0229472911 0.013862312 0 0 0
nt@synapse_cleft 3177 0.0346770559 -0.0350620458 0.00853122446 0 0 0
nt@synapse_cleft 3178 -0.0252614183 -0.0167985283 0.00703907045 0 0 0
nt@synapse_cleft 3179 0.0234829888 -0.0108945127 0.0183784807 0 0 0
nt@synapse_cleft 3181 0.00682009058 0.000393782339 0.0124174012 0 0 0
nt@synapse_cleft 3183 0.00778933798 -0.0308908784 0.0196117629 0 0 0
nt@synapse_cleft 3184 0.0197744608 0.0210893558 0.00277234717 0 0 0
nt@synapse_cleft 3185 -0.00511287609 -0.00573868277 0.00913056105 0 0 0
nt@synapse_cleft 3199 0.00622440711 0.0332942975 0.0197211991 0 0 0
nt@synapse_cleft 3202 0.00792451595 0.0341971654 0.012075215 0 0 0
nt@synapse_cleft 3207 -0.00620278315 0.000325474745 0.00421730489 0 0 0
nt@synapse_cleft 3220 0.00226470293 0.0282033677 0.0158435013 0 0 0
nt@synapse_cleft 3222 -0.0536432514 -0.0208993937 0.0111879094 0 0 0
nt@synapse_cleft 3227 0.0127035978 0.0147508313 0.0037734662 0 0 0
nt@synapse_cleft 3247 0.0106285635 -0.0102032986 0.0095071628 0 0 0
nt@synapse_cleft 3248 -0.0258657959 -0.0419340914 0.0107669354 0 0 0
nt@synapse_cleft 3249 -0.0183849757 -0.00750875938 0.0105107008 0 0 0
nt@synapse_cleft 3275 0.0109658204 -0.00921477654 0.00784326658 0 0 0
nt@synapse_cleft 3304 0.0294426991 0.071433608 0.00863457544 0 0 0
nt@synapse_cleft 3308 -0.0237109801 0.0419924297 0.00188584102 0 0 0
nt@synapse_cleft 3312 -0.000402433153 -0.0126111356 0.00705241272 0 0 0
nt@synapse_cleft 3313 -0.0103267449 -0.00407466957 0.0123741573 0 0 0
nt@synapse_cleft 3316 0.0138447549 0.0131095945 0.00872962137 0 0 0
nt@synapse_cleft 3324 -0.00689010158 -0.00285736201 0.000711701848 0 0 0
nt@synapse_cleft 3326 0.0108509563 -0.0110285408 0.00628846741 0 0 0
nt@synapse_cleft 3327 -0.0140079743 -0.0470262068 0.0196882649 0 0 0
nt@synapse_cleft 3334 0.00990946116 0.00871666234 0.00315516629 0 0 0
nt@synapse_cleft 3335 0.0477353154 0.0117205331 0.0148832349 0 0 0
nt@synapse_cleft 3338 -0.00224193249 -0.0365450977 0.0117543959 0 0 0
nt@synapse_cleft 3341 0.0154299657 -0.0054670581 0.00221500512 0 0 0
nt@synapse_cleft 3342 0.0129847906 -0.00273114754 0.0131280161 0 0 0
nt@synapse_cleft 3347 0.0256580111 -0.0507172333 0.0171978532 0 0 0
nt@synapse_cleft 3354 -0.0171888754 -0.0091318088 0.00595635344 0 0 0
nt@synapse_cleft 3367 0.00361588785 0.016106884 0.00537339591 0 0 0
nt@synapse_cleft 3375 0.0446349864 0.0237119025 0.0186264759 0 0 0
nt@synapse_cleft 3378 0.0190861936 0.0340888554 0.00157098051 0 0 0
nt@synapse_cleft 3394 0.00361761747 -0.0180249088 0.000795599007 0 0 0
nt@synapse_cleft 3401 0.0448315647 0.00469532252 0.0108462215 0 0 0
nt@synapse_cleft 3402 -0.00848573529 -0.0107429002 0.00388370756 0 0 0
nt@synapse_cleft 3404 0.0194152658 -0.0222751833 0.00452233041 0 0 0
nt@synapse_cleft 3407 0.0121646549 0.0669314419 0.00772984343 0 0 0
nt@synapse_cleft 3413 0.0191356348 0.027077162 0.00828991181 0 0 0
nt@synapse_cleft 3419 -0.0203695389 0.0279893097 0.000995596363 0 0 0
nt@synapse_cleft 3429 0.0553293313 -0.0115533005 0.0128752414 0 0 0
nt@synapse_cleft 3432 0.0647155085 -0.0641029802 0.00235969516 0 0 0
nt@synapse_cleft 3445 0.0282706935 0.0218416516 0.0142611872 0 0 0
nt@synapse_cleft 3451 0.00954244866 0.0230427869 0.00535820743 0 0 0
nt@synapse_cleft 3455 -0.00424677728 -0.0214294907 0.0160167117 0 0 0
nt@synapse_cleft 3467 -0.0701321888 -0.000946282629 0.00837357885 0 0 0
nt@synapse_cleft 3470 0.0254567059 -0.0221328792 0.014423305 0 0 0
nt@synapse_cleft 3472 -0.0266666076 0.0250022493 0.019234236 0 0 0
nt@synapse_cleft 3474 0.0458766521 -0.000368921991 0.00763222564 0 0 0
nt@synapse_cleft 3482 -0.0699392715 -0.040356039 0.0175828475 0 0 0
nt@synapse_cleft 3484 0.000590534627 0.0171887383 0.0169758184 0 0 0
nt@synapse_cleft 3496 0.00403756697 -0.00357676121 0.0158723617 0 0 0
nt@synapse_cleft 3500 0.0180074793 -0.0233181974 0.0172871947 0 0 0
nt@synapse_cleft 3507 -0.0195489022 -0.00292756722 0.0199978566 0 0 0
nt@synapse_cleft 3511 0.0140593552 -0.0339816601 0.00968393208 0 0 0
nt@synapse_cleft 3514 0.00363375046 0.0039356614 0.0141787909 0 0 0
nt@synapse_cleft 3525 -0.0183269414 -0.0137279933 0.00690264818 0 0 0
nt@synapse_cleft 3526 0.0111948134 -0.0483558384 0.00948324738 0 0 0
nt@synapse_cleft 3535 0.00458884513 0.0203818314 0.000722857213 0 0 0
nt@synapse_cleft 3536 0.00419520349 0.0151334689 0.0138432608 0 0 0
nt@synapse_cleft 3538 -0.0217764733 0.0157677505 0.00588795839 0 0 0
nt@synapse_cleft 3542 -0.00341022223 0.0351244897 0.00512672536 0 0 0
nt@synapse_cleft 3543 -0.0244898631 -0.0158391655 0.000802254794 0 0 0
nt@synapse_cleft 3546 0.0131383566 0.0184697572 0.0104403803 0 0 0
nt@synapse_cleft 3561 -0.0152192856 -0.00446974738 0.00800693059 0 0 0
nt@synapse_cleft 3562 -0.0636231278 -0.006122696 0.008717703 0 0 0
nt@synapse_cleft 3563 0.0110549031 -0.00505759097 0.0193734176 0 0 0
nt@synapse_cleft 3565 0.0309743048 -0.0246338222 0.00294202372 0 0 0
nt@synapse_cleft 3566 -0.0102692968 0.0563140882 0.0142286466 0 0 0
nt@synapse_cleft 3568 0.0263059367 -0.0336405407 0.0168224756 0 0 0
nt@synapse_cleft 3575 -0.0142538675 0.00961875346 0.00230403156 0 0 0
nt@synapse_cleft 3576 0.0473092101 -0.00461905469 0.00728109212 0 0 0
nt@synapse_cleft 3579 -0.0205909686 -0.0262889365 0.00793606691 0 0 0
nt@synapse_cleft 3583 -0.0137748401 -0.000151952826 0.0187705785 0 0 0
nt@synapse_cleft 3592 0.0250100977 0.0405117035 0.0156238895 0 0 0
nt@synapse_cleft 3602 -0.034993119 -0.00988342972 0.0176315679 0 0 0
nt@synapse_cleft 3603 -0.0280714428 0.0255338979 0.0198065018 0 0 0
nt@synapse_cleft 3606 -0.00995235349 -0.00448638545 0.011404507 0 0 0
nt@synapse_cleft 3610 -0.00776811304 0.00726869324 0.00613508685 0 0 0
nt@synapse_cleft 3611 0.0100633315 -0.00570083554 0.0179639662 0 0 0
nt@synapse_cleft 3616 -0.0328030386 0.0367680131 0.00999703599 0 0 0
nt@synapse_cleft 3617 -0.00156646448 -0.0664220963 0.0181421897 0 0 0
nt@synapse_cleft 3620 0.00901333815 0.0284889163 0.014497938 0 0 0
nt@synapse_cleft 3625 0.0300286923 0.0061790147 0.015093597 0 0 0
nt@synapse_cleft 3630 0.0248426317 0.0297766442 0.0120730375 0 0 0
nt@synapse_cleft 3635 -0.00857140015 0.012280513 0.00428502657 0 0 0
nt@synapse_cleft 3636 -0.00363053671 0.00425611241 0.00872135527 0 0 0
nt@synapse_cleft 3645 -0.00297047083 -0.0224608785 0.00197244698 0 0 0
nt@synapse_cleft 3658 0.0287526013 -0.0251527896 0.0170418226 0 0 0
nt@synapse_cleft 3661 0.0254288518 0.00904933997 0.0177922105 0 0 0
nt@synapse_cleft 3664 0.0534300837 -0.037739555 0.00407937423 0 0 0
nt@synapse_cleft 3667 -0.0345090766 0.00243736939 0.0145922081 0 0 0
nt@synapse_cleft 3670 0.0254968171 -0.0261751727 0.0149049053 0 0 0
nt@synapse_cleft 3681 0.0312628613 -0.0173415258 0.00429372459 0 0 0
nt@synapse_cleft 3689 -0.0119483317 -0.0263852168 0.00998814661 0 0 0
nt@synapse_cleft 3690 0.0315496801 -0.010117512 0.0199536768 0 0 0
nt@synapse_cleft 3693 -0.0536767794 -0.0354999927 0.00419595375 0 0 0
nt@synapse_cleft 3706 0.0371354868 -0.00329958677 0.0145943231 0 0 0
nt@synapse_cleft 3707 -0.0479857498 -0.0149029152 0.00309584219 0 0 0
nt@synapse_cleft 3713 0.0252331969 -0.0113785144 0.0140906672 0 0 0
nt@synapse_cleft 3714 -0.046506201 -0.0119190718 0.0157831653 0 0 0
nt@synapse_cleft 3728 -0.00306798753 0.0329320593 0.00358243273 0 0 0
nt@synapse_cleft 3730 0.0223547197 0.0178478224 0.0126843348 0 0 0
nt@synapse_cleft 3731 0.00111868593 0.00736177777 0.0126748304 0 0 0
nt@synapse_cleft 3737 0.0139861241 0.0217104058 0.0069670654 0 0 0
nt@synapse_cleft 3738 -0.00945793604 0.023504513 0.0196710972 0 0 0
nt@synapse_cleft 3739 0.0186369187 0.0539046288 0.0103755038 0 0 0
nt@synapse_cleft 3745 0.00859700984 0.0270764075 0.016660074 0 0 0
nt@synapse_cleft 3751 0.00600059226 0.00316271312 0.00603957426 0 0 0
nt@synapse_cleft 3758 -0.0222754675 -0.0288257383 0.00895013728 0 0 0
nt@synapse_cleft 3759 -0.0243367629 -0.0258237194 0.0035355644 0 0 0
nt@synapse_cleft 3763 0.0413635083 0.0381862196 0.0175447195 0 0 0
nt@synapse_cleft 3768 0.00851604803 -0.0227084244 0.0141953276 0 0 0
nt@synapse_cleft 3771 0.0159675788 -0.0150230676 0.0154724634 0 0 0
nt@synapse_cleft 3775 0.00456521663 0.00885723605 0.00858067697 0 0 0
nt@synapse_cleft 3783 -0.0182875133 -0.0211653555 0.00224966084 0 0 0
nt@synapse_cleft 3788 -0.011869715 -0.010831116 0.00885015972 0 0 0
nt@synapse_cleft 3793 -0.0182084537 -0.0157292222 0.00223132361 0 0 0
nt@synapse_cleft 3800 0.0136953772 -0.00402450767 0.00635125611 0 0 0
nt@synapse_cleft 3802 0.0247012444 0.0215109359 0.0078104663 0 0 0
nt@synapse_cleft 3811 -0.0273559905 -0.0192388078 0.00338522931 0 0 0
nt@synapse_cleft 3827 -0.000507562116 0.0499090896 0.0121621711 0 0 0
nt@synapse_cleft 3831 0.00385143019 -0.0434948319 0.00926661693 0 0 0
nt@synapse_cleft 3834 0.0503876627 -0.0276164704 0.0176624101 0 0 0
nt@synapse_cleft 3835 0.0100845018 -0.0412663537 0.0102285974 0 0 0
nt@synapse_cleft 3841 0.0336533207 -0.0196426522 0.00199483332 0 0 0
nt@synapse_cleft 3844 0.0048605751 -0.00235895025 0.00969484463 0 0 0
nt@synapse_cleft 3846 -0.0200282842 0.014928257 0.00562458727 0 0 0
nt@synapse_cleft 3848 0.0332032114 0.027538758 0.0116740664 0 0 0
nt@synapse_cleft 3850 -0.0337771157 0.00323642275 0.0123725866 0 0 0
nt@synapse_cleft 3859 0.0502194884 -0.00123320909 0.00476443246 0 0 0
nt@synapse_cleft 3879 0.0252397335 -0.046436711 0.0109821965 0 0 0
nt@synapse_cleft 3886 0.0280105223 0.0419637137 0.00907339833 0 0 0
nt@synapse_cleft 3891 0.0121571945 -0.018393754 0.00283580986 0 0 0
nt@synapse_cleft 3902 -0.0227008385 0.00657711223 0.0170158844 0 0 0
nt@synapse_cleft 3907 -0.0184994565 -0.0338475745 0.0152004011 0 0 0
nt@synapse_cleft 3909 0.0204658877 0.0303560254 0.000631911526 0 0 0
nt@synapse_cleft 3917 -0.00506780127 -0.0228817558 0.00940154918 0 0 0
nt@synapse_cleft 3918 -0.0164744 -0.00894621594 0.0103409894 0 0 0
nt@synapse_cleft 3921 0.0269695854 0.0453160431 0.0179057004 0 0 0
nt@synapse_cleft 3927 -0.00449616181 0.0412959288 0.00405441414 0 0 0
nt@synapse_cleft 3932 0.0133814825 -0.0120480596 0.00897912616 0 0 0
nt@synapse_cleft 3941 -0.0284946948 -0.000188532544 0.00078375875 0 0 0
nt@synapse_cleft 3949 -0.0368894713 0.0074255009 0.00239140901 0 0 0
nt@synapse_cleft 3952 -0.0321701476 0.0178115364 0.0171509697 0 0 0
nt@synapse_cleft 3953 0.0229760832 -0.0254870182 0.00347734615 0 0 0
nt@synapse_cleft 3957 0.0383464948 -0.0140032649 0.0184245142 0 0 0
nt@synapse_cleft 3958 0.0102542953 0.0190541223 0.0165308695 0 0 0
nt@synapse_cleft 3962 -0.034582005 0.00403198549 0.0109425543 0 0 0
nt@synapse_cleft 3963 0.0280381181 0.0284162548 0.0102842088 0 0 0
nt@synapse_cleft 3965 -0.0344764093 -0.00548247121 0.0127162186 0 0 0
nt@synapse_cleft 3967 0.0151472227 -0.0143145112 0.00300775873 0 0 0
nt@synapse_cleft 3968 0.0203640913 -0.00345138695 0.00914472168 0 0 0
nt@synapse_cleft 3973 0.00736283048 -0.0238422741 0.0135109265 0 0 0
nt@synapse_cleft 3974 -0.0242752947 0.0449170072 0.00585831425 0 0 0
nt@synapse_cleft 3977 0.0044965505 0.0399717538 0.00653535946 0 0 0
nt@synapse_cleft 3978 0.0181115213 0.00799767022 0.0136135779 0 0 0
nt@synapse_cleft 3983 -0.0273440466 -0.0333293474 0.0106951935 0 0 0
nt@synapse_cleft 3988 -0.00126180567 -0.0335617413 0.011696182 0 0 0
nt@synapse_cleft 3989 0.0484973807 -0.00341695418 0.0126942042 0 0 0
nt@synapse_cleft 3991 0.07858749 -0.0256350521 0.00236023734 0 0 0
nt@synapse_cleft 3993 -0.0472098115 0.0031855906 0.0194665482 0 0 0
nt@synapse_cleft 3997 -0.0563283467 0.00194581341 0.0133313135 0 0 0
nt@synapse_cleft 3999 -0.0438415445 -0.00561392111 0.0162761044 0 0 0
nt@synapse_cleft 4011 0.0184163377 0.0193305758 0.00256097061 0 0 0
nt@synapse_cleft 4018 0.0153279428 0.0114135071 0.0159293147 0 0 0
nt@synapse_cleft 4027 0.0101224141 -0.0269701931 0.00196835317 0 0 0
nt@synapse_cleft 4028 -0.0225543056 0.0343671686 0.016210588 0 0 0
nt@synapse_cleft 4037 -0.012407316 0.0319814707 0.0120399301 0 0 0
nt@synapse_cleft 4040 0.00727943971 0.0180868357 0.0191208453 0 0 0
nt@synapse_cleft 4049 0.0341840118 -0.00472403672 0.0181615278 0 0 0
nt@synapse_cleft 4051 0.00622290578 0.00691299777 0.0119192362 0 0 0
nt@synapse_cleft 4064 0.00506435242 0.0102323821 0.0133720975 0 0 0
nt@synapse_cleft 4070 -0.0134823905 0.00504728373 0.0106018482 0 0 0
nt@synapse_cleft 4071 -0.0162788816 -0.0426814907 0.0155432795 0 0 0
nt@synapse_cleft 4087 -0.00822659751 0.033918993 0.0005528033 0 0 0
nt@synapse_cleft 4094 0.0301651298 -0.02718 0.00574023242 0 0 0
nt@synapse_cleft 4095 0.0409489906 -0.00377274205 0.0162318006 0 0 0
nt@synapse_cleft 4099 -0.00258706458 0.0139114995 0.0036417427 0 0 0
nt@synapse_cleft 4103 -0.0110795211 -9.29501439e-05 0.00961083638 0 0 0
nt@synapse_cleft 4106 0.0231666322 0.0160082929 0.0153517458 0 0 0
nt@synapse_cleft 4111 0.0628363063 0.0184774885 0.0125369023 0 0 0
nt@synapse_cleft 4115 -0.00822113957 0.0130346155 0.0177527162 0 0 0
nt@synapse_cleft 4119 0.0154387347 -0.0371616982 0.00907309488 0 0 0
nt@synapse_cleft 4123 0.000114032129 0.0168965581 0.0106002909 0 0 0
nt@synapse_cleft 4126 0.0264194816 -0.0246746196 0.00289916452 0 0 0
nt@synapse_cleft 4129 -0.015583286 0.00973566234 0.0169654302 0 0 0
nt@synapse_cleft 4131 -0.0128121849 0.0251798045 0.0183906351 0 0 0
nt@synapse_cleft 4132 0.0311965189 0.0251584539 0.0186460457 0 0 0
nt@synapse_cleft 4135 0.00812742905 0.002662447 0.00420493441 0 0 0
nt@synapse_cleft 4144 0.0365663923 -0.000293617944 0.00723501352 0 0 0
nt@synapse_cleft 4150 -0.0511000444 -0.0521206172 0.00695355617 0 0 0
nt@synapse_cleft 4153 0.00449649379 -0.0126960492 0.0124058655 0 0 0
nt@synapse_cleft 4155 0.0121024952 -0.0640748669 0.0125643322 0 0 0
nt@synapse_cleft 4156 0.0397048321 -0.00106458168 0.0114253184 0 0 0
nt@synapse_cleft 4158 -0.00400886959 -0.00781788845 0.013372945 0 0 0
nt@synapse_cleft 4162 0.0384778195 -0.0219432203 0.00716418566 0 0 0
nt@synapse_cleft 4163 0.00559256269 0.044074675 0.00540134336 0 0 0
nt@synapse_cleft 4170 -0.0451018542 0.00623740575 0.0136437619 0 0 0
nt@synapse_cleft 4177 -0.058128906 0.0729080661 0.013116691 0 0 0
nt@synapse_cleft 4187 -0.0305891447 -0.023153725 0.011871219 0 0 0
nt@synapse_cleft 4193 -0.000112087654 -0.0403366492 0.00306334151 0 0 0
nt@synapse_cleft 4214 -0.0384979207 -0.00560888258 0.0192352742 0 0 0
nt@synapse_cleft 4215 0.0198611239 -0.0476284349 0.0186701812 0 0 0
nt@synapse_cleft 4220 -0.0079859746 -0.0225694819 0.00563864837 0 0 0
nt@synapse_cleft 4228 0.0322680571 -0.00855294039 0.0167754525 0 0 0
nt@synapse_cleft 4230 -0.0276699195 0.0487707352 0.00299258956 0 0 0
nt@synapse_cleft 4233 0.0216831027 0.0176669605 0.0014682024 0 0 0
nt@synapse_cleft 4237 0.00813849382 -0.0197254971 0.0126598983 0 0 0
nt@synapse_cleft 4241 -0.0523541199 0.0207586619 0.0130820248 0 0 0
nt@synapse_cleft 4242 0.0239816254 -0.0239225588 0.0168390284 0 0 0
nt@synapse_cleft 4252 0.0327831514 0.00365054941 0.0195548099 0 0 0
nt@synapse_cleft 4254 -0.0111082229 0.0349747757 0.00501258061 0 0 0
nt@synapse_cleft 4255 -0.0233419671 -0.0275658594 0.0174008741 0 0 0
nt@synapse_cleft 4279 0.00568653502 -0.0500759814 0.0197870027 0 0 0
nt@synapse_cleft 4283 -0.0267084535 -0.000585703066 0.00653534048 0 0 0
nt@synapse_cleft 4284 0.0619308153 -0.0259737212 0.0131493624 0 0 0
nt@synapse_cleft 4285 -0.0409603471 0.0547299075 0.00355368226 0 0 0
nt@synapse_cleft 4288 0.0282689467 -0.0245144205 0.0151973562 0 0 0
nt@synapse_cleft 4293 -0.00853536382 -0.0149406946 0.00437435252 0 0 0
nt@synapse_cleft 4297 0.0401943328 -0.0324970476 0.00856062567 0 0 0
nt@synapse_cleft 4301 0.0161083811 -0.0071449931 0.0196619124 0 0 0
nt@synapse_cleft 4312 -0.0221140176 -0.029287881 0.00748794992 0 0 0
nt@synapse_cleft 4317 -0.0126461312 0.0409884166 0.00587675344 0 0 0
nt@synapse_cleft 4326 0.0293430641 -0.0124813306 0.0163236119 0 0 0
nt@synapse_cleft 4330 -0.0239402828 0.00325157003 0.0160017466 0 0 0
nt@synapse_cleft 4334 0.0139845624 0.00826680292 0.00530940476 0 0 0
nt@synapse_cleft 4339 0.00244233824 -0.0227031678 0.0149129485 0 0 0
nt@synapse_cleft 4343 -0.0190223642 -0.0445699424 0.00217141686 0 0 0
nt@synapse_cleft 4346 0.0100399483 -0.00722300833 0.0158070568 0 0 0
nt@synapse_cleft 4351 0.032313285 0.0175013497 0.00660560269 0 0 0
nt@synapse_cleft 4360 0.0211701349 0.00577859207 0.0132862681 0 0 0
nt@synapse_cleft 4365 0.0102782963 0.0243259807 0.0126749635 0 0 0
nt@synapse_cleft 4372 -0.00354679165 -0.0235676112 0.00439150299 0 0 0
nt@synapse_cleft 4374 -0.0147868651 -0.0153796891 0.0179049734 0 0 0
nt@synapse_cleft 4376 -0.025060567 -0.0120465637 0.00236469556 0 0 0
nt@synapse_cleft 4381 -0.0243198133 -0.0322401466 0.0106278246 0 0 0
nt@synapse_cleft 4386 -0.0106253317 -0.0214831736 0.00392893148 0 0 0
nt@synapse_cleft 4392 -0.0073186172 0.00692979257 0.012608823 0 0 0
nt@synapse_cleft 4395 0.0218354336 -0.0319455589 0.0151693614 0 0 0
nt@synapse_cleft 4396 0.00853398468 -0.0597341454 0.000862177453 0 0 0
nt@synapse_cleft 4398 -0.0104406276 0.0181507159 0.0158552783 0 0 0
nt@synapse_cleft 4399 0.0256402117 0.0483442458 0.00877804538 0 0 0
nt@synapse_cleft 4403 -0.0242018533 -0.015005794 0.0176449768 0 0 0
nt@synapse_cleft 4405 -0.0296568863 -0.0230663442 0.0125639742 0 0 0
nt@synapse_cleft 4414 -0.00572780476 -0.0333340664 0.00437746814 0 0 0
nt@synapse_cleft 4416 -0.0104630976 -0.00418797741 0.0109826707 0 0 0
nt@synapse_cleft 4423 0.0140413991 -0.0128147861 0.00328461414 0 0 0
nt@synapse_cleft 4424 -0.0334747364 -0.00600186526 0.00561894244 0 0 0
nt@synapse_cleft 4430 -0.0014002326 0.0083043058 0.0109927693 0 0 0
nt@synapse_cleft 4431 0.0262582067 -0.0314544265 0.0090508357 0 0 0
nt@synapse_cleft 4434 0.0170065251 -0.012341065 0.00910460378 0 0 0
nt@synapse_cleft 4436 0.000388010157 0.026818775 0.0165610134 0 0 0
nt@synapse_cleft 4446 -0.00348423636 0.0336800746 0.0163704835 0 0 0
nt@synapse_cleft 4449 0.0187090772 0.0586519392 0.0146536478 0 0 0
nt@synapse_cleft 4464 0.0123029223 -0.0154065364 0.0148799089 0 0 0
nt@synapse_cleft 4470 -0.0152214798 -0.0371927663 0.00706763457 0 0 0
nt@synapse_cleft 4473 -0.00729853631 -0.0050088481 0.00392734782 0 0 0
nt@synapse_cleft 4478 -0.0173445348 0.030633819 0.00894242211 0 0 0
nt@synapse_cleft 4480 0.00646154043 0.0355455471 0.0170870646 0 0 0
nt@synapse_cleft 4482 -0.0260223551 -0.00536094227 0.00875259298 0 0 0
nt@synapse_cleft 4485 0.0190366679 -0.00784787058 0.00799393503 0 0 0
nt@synapse_cleft 4488 0.0192417538 -0.00490460012 0.0143930566 0 0 0
nt@synapse_cleft 4489 0.00589794769 -0.0151854849 0.0050148374 0 0 0
nt@synapse_cleft 4496 -0.0455778367 0.0406343525 0.00395331782 0 0 0
nt@synapse_cleft 4499 -0.00928281579 0.0119216083 0.0123461889 0 0 0
nt@synapse_cleft 4501 1.82433416e-05 0.0142179474 0.0159975995 0 0 0
nt@synapse_cleft 4517 -0.0349001784 0.00981223973 0.00664289999 0 0 0
nt@synapse_cleft 4527 0.0230006499 -0.0031660348 0.0192098201 0 0 0
nt@synapse_cleft 4538 -0.0419773583 -0.0457989281 0.000304482193 0 0 0
nt@synapse_cleft 4542 0.00200405019 0.0293676483 0.00576856436 0 0 0
nt@synapse_cleft 4545 -0.0307360072 0.0303721602 0.0190516697 0 0 0
nt@synapse_cleft 4551 -0.0118203324 0.031190454 0.0129509072 0 0 0
nt@synapse_cleft 4553 -0.032851323 -0.00686687618 0.0111816782 0 0 0
nt@synapse_cleft 4559 -0.0267910669 0.0390716956 0.0169302264 0 0 0
nt@synapse_cleft 4565 -0.0525727835 -0.0145343201 0.00735759344 0 0 0
nt@synapse_cleft 4572 0.00330538865 -0.014531228 0.00104606103 0 0 0
nt@synapse_cleft 4574 0.0387742624 -0.0233223545 0.00450603841 0 0 0
nt@synapse_cleft 4576 -0.0341815294 -0.0328806106 0.00289055484 0 0 0
nt@synapse_cleft 4583 -0.00800143181 0.000341933721 0.00846896043 0 0 0
nt@synapse_cleft 4587 0.0223664744 0.0136120834 0.0152518263 0 0 0
nt@synapse_cleft 4590 -0.0442236729 -0.0125036559 0.0181166284 0 0 0
nt@synapse_cleft 4593 -0.0348792336 0.0401431797 0.00847904085 0 0 0
nt@synapse_cleft 4594 0.011258181 0.0122227983 0.0103116336 0 0 0
nt@synapse_cleft 4595 0.0172255546 -0.0296627082 0.00653512035 0 0 0
nt@synapse_cleft 4600 -0.0293642405 0.00316437357 0.00650585175 0 0 0
nt@synapse_cleft 4613 0.0575039798 0.00649389052 0.0125885903 0 0 0
nt@synapse_cleft 4620 0.00866566096 -0.00665177939 0.0151237365 0 0 0
nt@synapse_cleft 4654 0.0156978726 -0.0268830439 0.00394695879 0 0 0
nt@synapse_cleft 4659 -0.0412239887 0.0211629828 0.0129542213 0 0 0
nt@synapse_cleft 4661 -0.00351070881 -0.0377012422 0.019893355 0 0 0
nt@synapse_cleft 4666 0.0594223035 0.0272599463 0.0162394795 0 0 0
nt@synapse_cleft 4681 0.00183246653 -0.0239075578 0.00786837474 0 0 0
nt@synapse_cleft 4687 0.00294105677 0.00948479582 0.00396440344 0 0 0
nt@synapse_cleft 4699 -0.0211424307 0.0177689064 0.00715674627 0 0 0
nt@synapse_cleft 4700 -0.0356719798 0.0651792501 0.0190435904 0 0 0
nt@synapse_cleft 4701 0.0223353546 0.0166304478 0.0149523834 0 0 0
nt@synapse_cleft 4706 0.0116011508 -0.0110257206 0.000794919852 0 0 0
nt@synapse_cleft 4709 -0.00946583272 0.0140758509 0.00368119003 0 0 0
nt@synapse_cleft 4710 -0.0211569905 -0.0347914351 0.00470731046 0 0 0
nt@synapse_cleft 4718 0.0562150319 0.02026956 0.016667063 0 0 0
nt@synapse_cleft 4736 0.00346918295 0.00970381027 0.00779869406 0 0 0
nt@synapse_cleft 4750 0.00767243455 -0.0628944917 0.00381278131 0 0 0
nt@synapse_cleft 4753 -0.0148752097 0.00252000144 0.00446997116 0 0 0
nt@synapse_cleft 4754 -0.0141662045 0.00666044597 0.00893064574 0 0 0
nt@synapse_cleft 4756 -0.0125572909 0.0059639666 0.010454381 0 0 0
nt@synapse_cleft 4758 -0.0443903328 0.0143130162 0.0119539545 0 0 0
nt@synapse_cleft 4764 0.0100852856 -0.00749570011 0.00368505132 0 0 0
nt@synapse_cleft 4779 0.0259515265 -0.0321310687 0.00724709818 0 0 0
nt@synapse_cleft 4784 0.0169304796 0.0137693469 0.0140768419 0 0 0
nt@synapse_cleft 4786 -0.0217171186 0.0193782246 0.00703272124 0 0 0
nt@synapse_cleft 4791 0.0412230148 -0.0060711213 0.0183255197 0 0 0
nt@synapse_cleft 4793 -0.041368195 0.0102381421 0.0184195639 0 0 0
nt@synapse_cleft 4800 0.0180363059 -0.00492516098 0.00424113831 0 0 0
nt@synapse_cleft 4801 -0.0191161562 0.00681476806 0.0179457114 0 0 0
nt@synapse_cleft 4814 -0.0245707695 0.0190572754 0.00452324302 0 0 0
nt@synapse_cleft 4816 -0.0356101437 -0.0138792916 0.0127052463 0 0 0
nt@synapse_cleft 4822 -0.015526857 -0.0207639511 0.0145030066 0 0 0
nt@synapse_cleft 4823 0.00235959661 0.0207965176 0.0178451596 0 0 0
nt@synapse_cleft 4824 0.00414699669 -0.0261497666 0.00238517945 0 0 0
nt@synapse_cleft 4829 0.0268613402 -0.0715413164 0.000646461657 0 0 0
nt@synapse_cleft 4830 -0.0222137425 0.0198731038 0.0139130318 0 0 0
nt@synapse_cleft 4833 -0.0046028795 -0.0239228358 0.0125384847 0 0 0
nt@synapse_cleft 4839 0.0019033161 -0.00607999721 0.000761238786 0 0 0
nt@synapse_cleft 4844 0.0610743656 -0.0161544189 0.00336696255 0 0 0
nt@synapse_cleft 4852 -0.0250984015 -0.0277165904 0.00676725929 0 0 0
nt@synapse_cleft 4855 0.025003923 0.0166699604 0.0174415038 0 0 0
nt@synapse_cleft 4871 0.017548811 0.0175952447 0.00502256386 0 0 0
nt@synapse_cleft 4880 -0.0154006857 -0.0274822237 0.00241154284 0 0 0
nt@synapse_cleft 4882 -0.0170400153 -0.0318234321 0.000325828428 0 0 0
nt@synapse_cleft 4883 -0.0425288347 -0.00163858022 0.00583345649 0 0 0
nt@synapse_cleft 4892 -0.0152446241 0.026423731 0.0140423585 0 0 0
nt@synapse_cleft 4896 -0.0234159271 -0.0307112952 0.0152992161 0 0 0
nt@synapse_cleft 4897 0.02914143 -0.0165530351 0.0121403167 0 0 0
nt@synapse_cleft 4901 0.0129290041 0.0153118908 0.000482641751 0 0 0
nt@synapse_cleft 4905 -0.024827494 -0.00475227103 0.00795460762 0 0 0
nt@synapse_cleft 4906 -0.00495470987 -0.0363409614 0.0111733123 0 0 0
nt@synapse_cleft 4918 -0.010499126 0.0281966322 0.0184958316 0 0 0
nt@synapse_cleft 4919 -0.00580387455 0.00449715367 0.0158252119 0 0 0
nt@synapse_cleft 4925 0.010062358 0.00479011995 0.0114205343 0 0 0
nt@synapse_cleft 4931 0.0102779528 -0.0181810215 0.0192713698 0 0 0
nt@synapse_cleft 4937 -0.0556810211 0.00213231006 0.00729666976 0 0 0
nt@synapse_cleft 4946 -0.0156481581 0.0219164905 0.00766067452 0 0 0
nt@synapse_cleft 4956 0.0273356183 -0.0073629854 0.00615916637 0 0 0
nt@synapse_cleft 4967 -0.0174636899 0.0147662584 0.0178369684 0 0 0
nt@synapse_cleft 4972 0.0309226457 -0.0262867245 0.0132560881 0 0 0
nt@synapse_cleft 4973 -0.00799376001 0.0441885488 0.0198143231 0 0 0
nt@synapse_cleft 4979 0.000350318568 -0.00369548183 0.00731257536 0 0 0
nt@synapse_cleft 4981 0.00775072514 -0.0450483647 0.0089796317 0 0 0
nt@synapse_cleft 4982 -0.00286205829 0.0100410836 0.0127107583 0 0 0
nt@synapse_cleft 4983 -0.0287433003 0.0170927363 0.00964809132 0 0 0
nt@synapse_cleft 4991 -0.00223398375 -0.00285798189 0.00850052546 0 0 0
nt@synapse_cleft 5004 -0.0218467172 0.00623835261 0.00573983045 0 0 0
nt@synapse_cleft 5006 -0.0027136626 -0.0137302299 0.00446920715 0 0 0
nt@synapse_cleft 5009 -0.039261841 0.0183657533 0.00266473609 0 0 0
nt@synapse_cleft 5011 -0.0206756516 -0.0226873986 0.0060605053 0 0 0
nt@synapse_cleft 5015 -0.0221680359 -0.0246598573 0.0155728755 0 0 0
nt@synapse_cleft 5024 0.00239229089 -0.0141137648 0.0102209992 0 0 0
nt@synapse_cleft 5044 -0.0357315175 0.0060739604 0.00429512567 0 0 0
nt@synapse_cleft 5045 0.0444542983 0.042535758 0.00898208205 0 0 0
nt@synapse_cleft 5046 0.00652329054 -0.00966696143 0.0046506432 0 0 0
nt@synapse_cleft 5052 0.00524160998 -0.00974696275 0.00582171512 0 0 0
nt@synapse_cleft 5055 -0.00741561529 0.0234007384 0.01576325 0 0 0
nt@synapse_cleft 5059 -0.0417205321 0.0183191395 0.0187269548 0 0 0
nt@synapse_cleft 5061 0.0186475001 -0.0309798768 0.00163752087 0 0 0
nt@synapse_cleft 5063 -0.0257368401 0.0316817288 0.0111704707 0 0 0
nt@synapse_cleft 5081 0.014523727 0.000133976101 0.00680417694 0 0 0
nt@synapse_cleft 5082 0.00918422063 0.0482084459 0.00623314327 0 0 0
nt@synapse_cleft 5086 0.0224809282 0.0458757598 0.00835849178 0 0 0
nt@synapse_cleft 5106 0.0069389792 -0.0149853569 0.00785414166 0 0 0
nt@synapse_cleft 5133 -0.0203167159 0.0174714493 0.0177725811 0 0 0
nt@synapse_cleft 5145 0.018005522 0.0338044652 0.0192184314 0 0 0
nt@synapse_cleft 5154 0.0021041103 0.0117380912 0.00786812788 0 0 0
nt@synapse_cleft 5159 -0.0411326656 -0.0101819603 0.00352859827 0 0 0
nt@synapse_cleft 5164 0.0212893498 -0.0024872027 0.00407471853 0 0 0
nt@synapse_cleft 5173 -0.0367512418 -0.00772987098 0.0140616137 0 0 0
nt@synapse_cleft 5176 -0.024557024 0.0604156287 0.0182721233 0 0 0
nt@synapse_cleft 5179 0.0230627735 0.000135975394 0.0091673559 0 0 0
nt@synapse_cleft 5182 0.0493997331 0.0126308948 0.000184036869 0 0 0
nt@synapse_cleft 5183 0.0450390362 -0.00046116464 0.0171379978 0 0 0
nt@synapse_cleft 5196 0.00478978124 0.00543118992 0.00977902001 0 0 0
nt@synapse_cleft 5198 -0.00248667118 -0.0184100782 0.0145120807 0 0 0
