nt@synapse_cleft 0 0.0326470622 0.00462713636 0.0178861832 0 0 0
nt@synapse_cleft 2 -0.0491675174 0.0259530124 0.00378285404 0 0 0
nt@synapse_cleft 7 0.0263955802 0.0238233784 0.00382690991 0 0 0
nt@synapse_cleft 9 0.0367410815 -0.039123249 0.0139844653 0 0 0
nt@synapse_cleft 12 0.0080423086 0.0408100913 0.00398553813 0 0 0
nt@synapse_cleft 15 0.00565291075 0.0283373313 0.0194734779 0 0 0
nt@synapse_cleft 17 0.0369217237 0.0031338938 2.62332804e-05 0 0 0
nt@synapse_cleft 26 -0.0320105801 0.00903345268 0.0147094207 0 0 0
nt@synapse_cleft 35 0.0130719843 0.0589373257 0.0105017549 0 0 0
nt@synapse_cleft 45 -0.0207205216 0.0187068223 0.00593064209 0 0 0
nt@synapse_cleft 54 0.0109435716 0.0185185368 0.0143062241 0 0 0
nt@synapse_cleft 56 -0.0264569191 -0.0314743969 0.00440216347 0 0 0
nt@synapse_cleft 72 -0.0320564111 0.0159757735 0.0184653101 0 0 0
nt@synapse_cleft 87 -0.00168224751 -0.00514706236 0.000342406663 0 0 0
nt@synapse_cleft 89 0.0348332143 -0.0122783584 0.0164794731 0 0 0
nt@synapse_cleft 100 -0.028599585 -0.0337423938 0.000427165912 0 0 0
nt@synapse_cleft 103 0.0356231774 -0.00977054709 0.00869684014 0 0 0
nt@synapse_cleft 111 -0.0358697644 0.0474128557 0.00128892313 0 0 0
nt@synapse_cleft 114 0.0451616084 -0.03263417 0.00203627582 0 0 0
nt@synapse_cleft 115 -0.00644196075 -0.0169118527 0.0145244966 0 0 0
nt@synapse_cleft 116 -0.0231067467 -0.0237488475 0.00459008971 0 0 0
nt@synapse_cleft 137 -0.0530984334 -0.0358989612 0.00413624825 0 0 0
nt@synapse_cleft 148 -0.00796926397 0.0803317313 0.00203390341 0 0 0
nt@synapse_cleft 150 -0.0101287648 0.0239597454 0.00852120368 0 0 0
nt@synapse_cleft 156 -0.00501157885 -0.0136239763 0.000883127258 0 0 0
nt@synapse_cleft 167 -0.00753936204 -0.0363267044 0.000410238701 0 0 0
nt@synapse_cleft 188 -0.0140542108 -0.0211096523 0.0142743111 0 0 0
nt@synapse_cleft 194 -0.013591939 -0.025199721 0.014386552 0 0 0
nt@synapse_cleft 195 0.0396075848 0.0619107382 0.00274764155 0 0 0
nt@synapse_cleft 199 0.0350150559 0.0182988295 0.0125224145 0 0 0
nt@synapse_cleft 206 -0.000912185046 -0.0234648129 0.0194708353 0 0 0
nt@synapse_cleft 224 -0.0211609573 0.0490422205 0.0103076575 0 0 0
nt@synapse_cleft 231 0.0188388671 0.0548195633 0.00175383311 0 0 0
nt@synapse_cleft 235 -0.00172518029 -0.00801764902 0.0111484066 0 0 0
nt@synapse_cleft 244 -0.0204335702 0.0225418901 0.00516190567 0 0 0
nt@synapse_cleft 248 0.0321912413 -0.0222731366 0.0149492786 0 0 0
nt@synapse_cleft 256 -0.039600032 0.00434417218 0.00305119925 0 0 0
nt@synapse_cleft 268 0.00225596477 -0.0272253617 0.0109355233 0 0 0
nt@synapse_cleft 284 -0.0407168748 0.0898573213 0.0101620842 0 0 0
nt@synapse_cleft 293 0.0283916322 -0.0120073779 0.0183903863 0 0 0
nt@synapse_cleft 306 0.0139323214 -0.0326007389 0.0133713638 0 0 0
nt@synapse_cleft 307 0.00376663766 -0.011830344 0.00380141469 0 0 0
nt@synapse_cleft 318 -0.0194333615 -0.0102577394 0.0133920523 0 0 0
nt@synapse_cleft 321 0.041813706 0.0154205886 0.0180369108 0 0 0
nt@synapse_cleft 325 -0.0603402019 0.0783821842 0.0172957248 0 0 0
nt@synapse_cleft 347 -0.00647918175 0.00478389976 0.00341832797 0 0 0
nt@synapse_cleft 348 -0.0132800263 -0.0294647892 0.000407831928 0 0 0
nt@synapse_cleft 350 0.0045818945 -0.00118555216 0.00221644209 0 0 0
nt@synapse_cleft 356 -0.042129264 0.0175089277 0.00994551609 0 0 0
nt@synapse_cleft 361 -0.0375020341 0.011668297 0.0128646793 0 0 0
nt@synapse_cleft 371 -0.00500826159 0.040449286 0.00669123307 0 0 0
nt@synapse_cleft 372 0.0120357201 0.0369329751 0.00923138431 0 0 0
nt@synapse_cleft 376 -0.0223125244 0.00389197945 0.0103684179 0 0 0
nt@synapse_cleft 385 0.0189575631 0.0186487551 0.00432642673 0 0 0
nt@synapse_cleft 402 0.005988456 0.0388609169 0.0110417036 0 0 0
nt@synapse_cleft 406 -0.0268384798 -0.0379589481 0.000641138648 0 0 0
nt@synapse_cleft 421 -0.0546780325 0.0222407401 0.0021680415 0 0 0
nt@synapse_cleft 426 0.0566173422 -0.0221698609 0.019003086 0 0 0
nt@synapse_cleft 429 -0.0193221351 0.0253280824 0.0160093501 0 0 0
nt@synapse_cleft 440 0.0430829626 -0.0110678252 0.0186896023 0 0 0
nt@synapse_cleft 444 0.00683615939 0.0608625539 0.0145389395 0 0 0
nt@synapse_cleft 449 -0.00729431605 -0.0157830504 0.00400998628 0 0 0
nt@synapse_cleft 452 0.0380989707 0.0521486221 0.0103937122 0 0 0
nt@synapse_cleft 455 0.0168492328 -0.0334690227 0.0165931652 0 0 0
nt@synapse_cleft 477 0.000826487384 0.0113168473 0.00819330573 0 0 0
nt@synapse_cleft 479 -0.01840836 0.0117195488 0.014468871 0 0 0
nt@synapse_cleft 482 0.0177653309 0.00483247248 0.00245134308 0 0 0
nt@synapse_cleft 499 0.0161904404 0.0123792961 0.00362382644 0 0 0
nt@synapse_cleft 501 0.0118775667 0.0120026388 0.00979186036 0 0 0
nt@synapse_cleft 503 0.0198612238 -0.0254867049 0.0192839415 0 0 0
nt@synapse_cleft 509 -0.0383304817 0.0446405228 0.000527998584 0 0 0
nt@synapse_cleft 510 0.0214512811 0.0124184328 0.0102570054 0 0 0
nt@synapse_cleft 514 -0.0267439136 0.00178575008 0.00265935841 0 0 0
nt@synapse_cleft 522 -0.0572795022 0.0222578346 0.0137802985 0 0 0
nt@synapse_cleft 524 -0.0193734246 0.0389324161 0.00632855409 0 0 0
nt@synapse_cleft 530 0.0159788539 -0.00499955496 0.00832307607 0 0 0
nt@synapse_cleft 536 -0.025811966 -0.0470261685 0.0135949332 0 0 0
nt@synapse_cleft 544 0.0190896858 -0.00543955357 0.0168186533 0 0 0
nt@synapse_cleft 546 -0.0654143824 0.0130454411 0.00951678505 0 0 0
nt@synapse_cleft 549 0.0594109966 -0.0216129971 0.00432211987 0 0 0
nt@synapse_cleft 551 0.0180844265 -0.0193389599 0.00520023821 0 0 0
nt@synapse_cleft 552 0.0246601078 0.0165732675 0.00202396743 0 0 0
nt@synapse_cleft 557 -0.0448425984 0.0133001316 0.00925517841 0 0 0
nt@synapse_cleft 558 0.00161451637 -0.00702012455 0.0103069791 0 0 0
nt@synapse_cleft 563 -0.0149104951 -0.0659657882 0.000579258215 0 0 0
nt@synapse_cleft 572 -0.0176843337 0.0101355027 0.00333092815 0 0 0
nt@synapse_cleft 575 -0.0128144855 0.00197698075 0.00380676484 0 0 0
nt@synapse_cleft 591 -0.00878884235 0.0137476932 0.00395683645 0 0 0
nt@synapse_cleft 596 -0.0141385774 0.0186321991 0.0102892798 0 0 0
nt@synapse_cleft 598 -0.00373588781 0.0262835654 0.0102508972 0 0 0
nt@synapse_cleft 620 -0.0248718048 -0.0104897965 0.0174763973 0 0 0
nt@synapse_cleft 624 0.0234112454 -0.00619047818 0.00529343517 0 0 0
nt@synapse_cleft 627 -0.0234559817 -0.0329948098 0.00585872031 0 0 0
nt@synapse_cleft 629 -0.0105228239 -0.00715263522 0.00599010296 0 0 0
nt@synapse_cleft 633 -0.0331394319 0.0315855002 0.00876962996 0 0 0
nt@synapse_cleft 634 0.0225378692 0.0158859641 0.0131428813 0 0 0
nt@synapse_cleft 639 -0.00810474036 -0.0234991579 0.00726605084 0 0 0
nt@synapse_cleft 645 -0.00703683248 0.0110233037 0.0138373646 0 0 0
nt@synapse_cleft 647 0.00116372405 0.0284273121 0.0065267201 0 0 0
nt@synapse_cleft 661 -0.0304587016 -0.0437382888 0.0169343716 0 0 0
nt@synapse_cleft 664 -0.00834071209 0.0192879369 0.0040635275 0 0 0
nt@synapse_cleft 678 0.0108360203 -0.0241323021 0.00561635178 0 0 0
nt@synapse_cleft 681 0.00937511791 -0.0374089445 0.00560097912 0 0 0
nt@synapse_cleft 693 0.00816983796 0.0144765614 0.0016966789 0 0 0
nt@synapse_cleft 698 0.00607357696 -0.000280855244 0.016307577 0 0 0
nt@synapse_cleft 699 -0.0220090113 -0.0751687089 0.00050466164 0 0 0
nt@synapse_cleft 712 -0.0168348888 -0.00558233188 0.0109608149 0 0 0
nt@synapse_cleft 721 0.0122882777 -0.0306451889 0.00245488966 0 0 0
nt@synapse_cleft 726 -0.0111068398 0.0123976205 0.0110942749 0 0 0
nt@synapse_cleft 727 -0.0307699466 0.0119033917 0.000540942925 0 0 0
nt@synapse_cleft 728 0.00820986601 0.00479057266 0.00286322392 0 0 0
nt@synapse_cleft 732 0.0100793161 0.0395706753 0.00699105912 0 0 0
nt@synapse_cleft 735 -0.0653226314 0.00958305709 0.00601468639 0 0 0
nt@synapse_cleft 741 0.0404992725 0.0086553256 0.0112760753 0 0 0
nt@synapse_cleft 750 0.0287693138 0.0253111122 0.0182364066 0 0 0
nt@synapse_cleft 754 -0.0139948745 -0.0165254766 0.0156398894 0 0 0
nt@synapse_cleft 760 -0.00845397602 -0.0533621853 0.0116566692 0 0 0
nt@synapse_cleft 762 0.00216198292 -0.0192759892 0.0197767165 0 0 0
nt@synapse_cleft 765 -0.0236785553 0.044676613 0.0155400325 0 0 0
nt@synapse_cleft 768 -0.00459876662 -0.00519036461 0.0179116959 0 0 0
nt@synapse_cleft 769 -0.00380231798 0.0513470862 0.0161047226 0 0 0
nt@synapse_cleft 779 -0.0225962323 0.0128921184 0.00326262193 0 0 0
nt@synapse_cleft 797 0.000466417953 0.0429429573 0.0020123623 0 0 0
nt@synapse_cleft 803 -0.0213845662 -0.0519013332 0.00319724819 0 0 0
nt@synapse_cleft 816 0.00705471927 0.0027576426 0.0084747073 0 0 0
nt@synapse_cleft 831 0.0270618594 -0.0018348345 0.00125839846 0 0 0
nt@synapse_cleft 833 -0.0124091514 -0.00704086119 0.0136770136 0 0 0
nt@synapse_cleft 837 -0.0161975314 -0.0110698935 0.00761370734 0 0 0
nt@synapse_cleft 844 -0.021639062 0.018751164 0.0190483661 0 0 0
nt@synapse_cleft 847 0.00908548315 -0.00624080783 0.0111268161 0 0 0
nt@synapse_cleft 850 -0.00575802527 0.0177354783 0.0171067942 0 0 0
nt@synapse_cleft 854 -0.00614063621 0.038938903 0.000181738584 0 0 0
nt@synapse_cleft 866 -0.0185182347 -0.0279796766 0.000401994392 0 0 0
nt@synapse_cleft 871 0.0218161656 0.0203058369 0.0113210929 0 0 0
nt@synapse_cleft 877 -0.0375404297 0.0171639396 0.0037382611 0 0 0
nt@synapse_cleft 884 0.0194440752 -0.0104643328 0.0195156581 0 0 0
nt@synapse_cleft 904 -0.0559329586 0.00470892597 0.01646571 0 0 0
nt@synapse_cleft 908 -0.0610660522 -0.0216051534 1.16955465e-05 0 0 0
nt@synapse_cleft 909 0.0295297796 -0.00650088918 0.00941000494 0 0 0
nt@synapse_cleft 913 -0.0322380644 0.0211061095 0.0190072863 0 0 0
nt@synapse_cleft 918 0.0736837758 0.0165781753 0.0151221096 0 0 0
nt@synapse_cleft 932 0.0243379563 -0.073044154 0.00123726563 0 0 0
nt@synapse_cleft 938 -0.0162795619 -0.0103950307 0.0198559535 0 0 0
nt@synapse_cleft 940 -0.0532374938 -0.0513793831 0.0132023214 0 0 0
nt@synapse_cleft 942 0.00456258819 -0.0469653148 0.0193037926 0 0 0
nt@synapse_cleft 943 0.028861498 0.00237195576 0.0108688331 0 0 0
nt@synapse_cleft 944 -0.00573164929 -0.0507987032 0.00502653345 0 0 0
nt@synapse_cleft 945 -0.0113230936 0.026620381 0.0094776698 0 0 0
nt@synapse_cleft 947 -0.0268822396 0.0233078191 0.00980829741 0 0 0
nt@synapse_cleft 953 -0.0312061327 0.0138394814 0.00996176249 0 0 0
nt@synapse_cleft 957 0.0684241332 -0.0255064309 0.00366677474 0 0 0
nt@synapse_cleft 961 -0.0176509151 -0.00114646866 0.00387372136 0 0 0
nt@synapse_cleft 967 0.0423606399 0.00932079227 0.0129704028 0 0 0
nt@synapse_cleft 978 -0.0503669031 -0.0112726697 0.01025361 0 0 0
nt@synapse_cleft 998 -0.00184105999 -0.0193922163 0.0115673473 0 0 0
nt@synapse_cleft 999 0.0541943695 -0.0368769252 0.00313177748 0 0 0
nt@synapse_cleft 1002 0.00420894919 0.024707765 0.010579282 0 0 0
nt@synapse_cleft 1013 -0.0347470201 0.048859968 0.016834822 0 0 0
nt@synapse_cleft 1018 -0.00210824436 -0.0113290842 0.00951409326 0 0 0
nt@synapse_cleft 1027 0.0320663428 0.0535552522 0.00748841636 0 0 0
nt@synapse_cleft 1035 -0.035153631 -0.0276904847 0.0102887612 0 0 0
nt@synapse_cleft 1048 -0.0160233629 -0.0493767928 0.0119380851 0 0 0
nt@synapse_cleft 1050 0.029250026 -0.0486810244 0.00590419919 0 0 0
nt@synapse_cleft 1062 0.0452487713 0.00352421877 0.0155936397 0 0 0
nt@synapse_cleft 1077 -0.0443965456 -0.00491469375 0.00942775828 0 0 0
nt@synapse_cleft 1080 -0.0380947303 0.0176939588 0.0137621401 0 0 0
nt@synapse_cleft 1092 -0.0223757836 -0.00950361527 0.00435925621 0 0 0
nt@synapse_cleft 1107 0.00508439213 0.00287833036 0.00504270597 0 0 0
nt@synapse_cleft 1108 0.00873856258 0.0195037578 0.00376953918 0 0 0
nt@synapse_cleft 1113 -0.0272752286 0.00264709021 0.00346737743 0 0 0
nt@synapse_cleft 1114 0.00960320675 -0.0261097369 0.0138239487 0 0 0
nt@synapse_cleft 1130 0.0191874874 -0.0101208683 0.0136194786 0 0 0
nt@synapse_cleft 1136 -0.00400007724 -0.0382497115 0.00167020976 0 0 0
nt@synapse_cleft 1140 0.0058734415 -0.0453852751 0.0188774443 0 0 0
nt@synapse_cleft 1144 -0.0075338106 -0.0095258302 0.000482016899 0 0 0
nt@synapse_cleft 1145 0.0693808296 -0.000836007059 0.0181540163 0 0 0
nt@synapse_cleft 1149 -0.0220559839 0.0086553421 0.0158113031 0 0 0
nt@synapse_cleft 1152 0.0437362963 0.00500638738 0.00658362795 0 0 0
nt@synapse_cleft 1165 0.0529967814 0.033130669 0.00736274139 0 0 0
nt@synapse_cleft 1167 0.0403000257 0.0304736034 0.017192477 0 0 0
nt@synapse_cleft 1172 -0.00468060262 -0.00549058695 0.0122437639 0 0 0
nt@synapse_cleft 1177 -0.0152974423 0.0814519715 0.00708220344 0 0 0
nt@synapse_cleft 1179 0.00898725952 -0.0124054423 0.0138501648 0 0 0
nt@synapse_cleft 1186 -0.0658803481 0.0190339619 0.00263254816 0 0 0
nt@synapse_cleft 1188 0.021950887 -0.0247076455 0.0106770505 0 0 0
nt@synapse_cleft 1193 -0.0208023664 -0.0287021046 0.000477536926 0 0 0
nt@synapse_cleft 1200 -0.0117685958 0.0132670537 0.0171898774 0 0 0
nt@synapse_cleft 1203 -0.0125602143 0.0357428974 0.0122717341 0 0 0
nt@synapse_cleft 1204 0.0157636648 0.026246454 0.00477341122 0 0 0
nt@synapse_cleft 1205 -0.0212896104 -0.0241390629 0.0120465347 0 0 0
nt@synapse_cleft 1206 -0.0160689783 -0.00187342745 0.00313071397 0 0 0
nt@synapse_cleft 1237 -0.0359917976 -0.024641908 0.000560295879 0 0 0
nt@synapse_cleft 1238 -0.0560201434 -0.0385002943 0.00832346168 0 0 0
nt@synapse_cleft 1248 0.0121548451 0.0457225247 0.00557520557 0 0 0
nt@synapse_cleft 1251 -0.0398382385 0.00682222381 0.00827928681 0 0 0
nt@synapse_cleft 1252 -0.0235404778 -0.0159877838 0.0165356469 0 0 0
nt@synapse_cleft 1254 -0.0102612781 0.0399175531 0.00967468088 0 0 0
nt@synapse_cleft 1270 0.0503148411 0.0301239851 0.00591301435 0 0 0
nt@synapse_cleft 1289 0.0658045929 0.00254745335 0.00365394991 0 0 0
nt@synapse_cleft 1298 -0.0103239981 -0.0219615145 0.0186137073 0 0 0
nt@synapse_cleft 1302 -0.0223623294 0.0438161723 0.00509372004 0 0 0
nt@synapse_cleft 1311 0.00535893258 -0.0313163456 0.000833712457 0 0 0
nt@synapse_cleft 1316 -0.0331058896 -0.0243062377 0.00130294395 0 0 0
nt@synapse_cleft 1326 0.0105980479 0.00755967765 0.0072763963 0 0 0
nt@synapse_cleft 1328 0.00962725937 0.0124394155 0.0172405768 0 0 0
nt@synapse_cleft 1333 -0.0271267603 0.0386476475 0.00519498324 0 0 0
nt@synapse_cleft 1343 0.0226019525 -0.00767083592 0.00685619149 0 0 0
nt@synapse_cleft 1347 -0.0464434493 -0.0142912207 0.0132577769 0 0 0
nt@synapse_cleft 1349 0.0323545915 -0.0158015922 0.00721710887 0 0 0
nt@synapse_cleft 1351 0.0411756585 -0.0284670872 0.00672540106 0 0 0
nt@synapse_cleft 1368 0.0174684482 -0.000661702015 0.0156781819 0 0 0
nt@synapse_cleft 1372 -0.0116725094 0.0410777316 0.00503615646 0 0 0
nt@synapse_cleft 1380 -0.0234524638 0.0245574852 0.019908898 0 0 0
nt@synapse_cleft 1384 -0.0459662528 0.0139752593 0.0154777635 0 0 0
nt@synapse_cleft 1400 -0.0349125511 0.0370987504 0.00939086066 0 0 0
nt@synapse_cleft 1403 -0.00150046486 0.013967309 0.00710413734 0 0 0
nt@synapse_cleft 1408 -0.0206233405 -0.0109968196 0.0152220863 0 0 0
nt@synapse_cleft 1416 0.0133575798 0.0346749233 0.0157833873 0 0 0
nt@synapse_cleft 1419 0.00332470545 -0.0106277821 0.014487347 0 0 0
nt@synapse_cleft 1425 -0.0117822812 -0.0266372335 0.00272725654 0 0 0
nt@synapse_cleft 1427 -0.00207151123 -0.0242746039 0.00662276544 0 0 0
nt@synapse_cleft 1438 -0.029354014 -0.0093328683 0.0025499323 0 0 0
nt@synapse_cleft 1440 -0.0253350288 0.0353440948 0.00618856692 0 0 0
nt@synapse_cleft 1442 -0.0114034186 0.0193873215 0.00840087891 0 0 0
nt@synapse_cleft 1444 -0.0284906642 0.00161643309 0.00410413583 0 0 0
nt@synapse_cleft 1446 -0.0126332317 -0.0346034787 0.00729579019 0 0 0
nt@synapse_cleft 1452 -0.036287467 -0.036470749 0.000718592785 0 0 0
nt@synapse_cleft 1455 -0.028712018 0.00776448567 0.0180203079 0 0 0
nt@synapse_cleft 1470 -0.0866467598 -0.0389621147 0.00307988543 0 0 0
nt@synapse_cleft 1472 -0.0645281034 -0.00837047417 0.0172961819 0 0 0
nt@synapse_cleft 1479 -0.00817464415 0.0383480278 0.00999391762 0 0 0
nt@synapse_cleft 1481 0.0106668536 0.00199266178 0.005416801 0 0 0
nt@synapse_cleft 1484 -0.00899276711 0.0236624661 0.0178342122 0 0 0
nt@synapse_cleft 1485 -0.0093943482 -0.0277003312 0.0159492754 0 0 0
nt@synapse_cleft 1487 -0.004124606 -0.0354556808 0.0137528323 0 0 0
nt@synapse_cleft 1488 0.0455841647 0.0145397918 0.0122091039 0 0 0
nt@synapse_cleft 1496 -0.0112826703 0.0455518683 0.00146657978 0 0 0
nt@synapse_cleft 1506 0.0221461653 0.0132701477 0.0166345202 0 0 0
nt@synapse_cleft 1507 -0.00367565679 -0.00117034433 0.00291307992 0 0 0
nt@synapse_cleft 1508 0.0464379121 0.0115384283 0.00987404854 0 0 0
nt@synapse_cleft 1512 0.0281278045 -0.0114936191 0.0128535357 0 0 0
nt@synapse_cleft 1527 -0.0105786049 0.0378249582 0.00480248379 0 0 0
nt@synapse_cleft 1528 -0.0383888653 -0.00106648414 0.0030568843 0 0 0
nt@synapse_cleft 1531 0.000123417708 0.0175239594 0.00111168125 0 0 0
nt@synapse_cleft 1538 0.00417118911 -0.00103668033 0.0092138265 0 0 0
nt@synapse_cleft 1542 -0.00908288291 0.0123669928 0.015833478 0 0 0
nt@synapse_cleft 1553 0.0586225786 0.0115866211 0.0149858101 0 0 0
nt@synapse_cleft 1561 0.0123353796 -0.0430647885 0.00422355534 0 0 0
nt@synapse_cleft 1565 -0.0114608017 -0.00566034513 0.0148494781 0 0 0
nt@synapse_cleft 1571 -0.0335303771 -0.0188706632 0.0101889873 0 0 0
nt@synapse_cleft 1573 0.00703299043 0.0313287314 0.0174994128 0 0 0
nt@synapse_cleft 1588 0.0245003258 -0.0287979652 0.0120659359 0 0 0
nt@synapse_cleft 1592 0.0239428611 -0.0349072355 0.00398754063 0 0 0
nt@synapse_cleft 1597 0.00114632197 0.0425981381 0.000885713788 0 0 0
nt@synapse_cleft 1600 0.0211077694 -0.0332597191 0.0154871066 0 0 0
nt@synapse_cleft 1605 0.0178608475 -0.00717788205 0.0190986804 0 0 0
nt@synapse_cleft 1606 -0.0446356878 0.00771766636 0.00637933145 0 0 0
nt@synapse_cleft 1611 0.0130206942 -0.0160646979 0.0197703067 0 0 0
nt@synapse_cleft 1617 -0.0128639753 -0.0420289632 0.0121971418 0 0 0
nt@synapse_cleft 1628 0.00828008952 0.0309647762 0.00356549715 0 0 0
nt@synapse_cleft 1635 0.0025776358 -0.00781034253 0.0177936445 0 0 0
nt@synapse_cleft 1641 0.0232191492 0.0336014442 0.0128750377 0 0 0
nt@synapse_cleft 1655 0.00334065829 0.0293491991 0.00845818346 0 0 0
nt@synapse_cleft 1658 0.0398577598 0.0475560506 0.0101943066 0 0 0
nt@synapse_cleft 1660 0.00229724638 0.0217939407 0.0156214702 0 0 0
nt@synapse_cleft 1675 -0.0136897965 0.0113720205 0.0148918117 0 0 0
nt@synapse_cleft 1678 0.00620337638 -0.0146544342 0.00579042148 0 0 0
nt@synapse_cleft 1681 -0.00694996909 -0.0123799212 0.0161646816 0 0 0
nt@synapse_cleft 1686 -0.00941697506 0.0348498068 0.00895259381 0 0 0
nt@synapse_cleft 1687 -0.0354776777 -0.0429630519 0.00331331839 0 0 0
nt@synapse_cleft 1689 0.00495039085 0.0150941345 0.0060538928 0 0 0
nt@synapse_cleft 1692 -0.0199798839 0.0102177004 0.0172305196 0 0 0
nt@synapse_cleft 1695 0.0172882508 -0.0173067207 0.00386910965 0 0 0
nt@synapse_cleft 1701 0.0101926886 0.000253019952 0.0124414978 0 0 0
nt@synapse_cleft 1707 -0.0277368023 -0.0134369399 0.0172784648 0 0 0
nt@synapse_cleft 1715 -0.0014652632 0.0127205502 0.0120330634 0 0 0
nt@synapse_cleft 1721 0.0217986374 -0.0558754299 0.00984606737 0 0 0
nt@synapse_cleft 1729 -0.00723788713 -0.0278391827 0.0109000012 0 0 0
nt@synapse_cleft 1736 0.030429162 0.0106580438 0.0127552505 0 0 0
nt@synapse_cleft 1742 0.0176304017 -0.0497754647 0.00326641617 0 0 0
nt@synapse_cleft 1743 0.030003063 0.0321522818 0.00989977632 0 0 0
nt@synapse_cleft 1745 -0.024441238 0.0184265306 0.00352460188 0 0 0
nt@synapse_cleft 1746 0.00874127878 -0.0239922902 0.0122488764 0 0 0
nt@synapse_cleft 1748 0.0510967107 0.0199401027 0.0138772809 0 0 0
nt@synapse_cleft 1751 0.0518500328 0.00194550362 0.0128658423 0 0 0
nt@synapse_cleft 1759 -0.00490969804 -0.0145462632 0.0195871427 0 0 0
nt@synapse_cleft 1762 -0.0277917477 -0.0153600884 0.00600089284 0 0 0
nt@synapse_cleft 1768 0.00508074778 -0.055705894 0.0108187745 0 0 0
nt@synapse_cleft 1775 -0.0188049449 -0.00275017231 0.0151078552 0 0 0
nt@synapse_cleft 1781 -0.0126432429 0.0507841599 0.0028982774 0 0 0
nt@synapse_cleft 1793 0.0131265694 0.0439139925 0.011149934 0 0 0
nt@synapse_cleft 1795 0.0434425855 -0.0196636044 0.0142270228 0 0 0
nt@synapse_cleft 1804 0.0106916449 0.0233011025 0.0116603215 0 0 0
nt@synapse_cleft 1815 -0.0285705865 -0.0159719591 0.00352518634 0 0 0
nt@synapse_cleft 1824 0.019830669 0.00111589213 0.000543089626 0 0 0
nt@synapse_cleft 1829 0.049060467 -0.0149528062 0.0118691549 0 0 0
nt@synapse_cleft 1830 -0.0471252679 -0.00940443367 0.0134533836 0 0 0
nt@synapse_cleft 1837 -0.0451433634 -0.0112157491 0.0100762906 0 0 0
nt@synapse_cleft 1838 0.00797217138 -0.0521035978 0.00954809203 0 0 0
nt@synapse_cleft 1843 0.00888733166 0.0168676814 0.00841498576 0 0 0
nt@synapse_cleft 1846 -0.0219397637 -0.010785864 0.0076114706 0 0 0
nt@synapse_cleft 1853 0.0523343443 -0.0305883207 0.0111734803 0 0 0
nt@synapse_cleft 1854 0.0193727142 0.00203745852 0.00761155284 0 0 0
nt@synapse_cleft 1856 0.019319865 -0.0204052176 0.0160203571 0 0 0
nt@synapse_cleft 1872 -0.000961366082 -0.013004213 0.0110790471 0 0 0
nt@synapse_cleft 1877 0.0110456372 0.0271614792 0.0168578462 0 0 0
nt@synapse_cleft 1880 -0.0362099034 -0.0257635602 0.00346554209 0 0 0
nt@synapse_cleft 1883 0.024845655 0.0131534578 0.0185821868 0 0 0
nt@synapse_cleft 1885 -0.0193183536 -0.000108349076 0.00488804713 0 0 0
nt@synapse_cleft 1887 0.00706266658 0.0209096061 0.00259306613 0 0 0
nt@synapse_cleft 1892 -0.00157919852 0.00138562098 0.00578831078 0 0 0
nt@synapse_cleft 1896 0.0162758776 0.0152477775 0.0124972668 0 0 0
nt@synapse_cleft 1904 -0.0383323549 0.0459809984 0.00177865699 0 0 0
nt@synapse_cleft 1918 -0.0214881753 0.0632048845 0.0129773288 0 0 0
nt@synapse_cleft 1923 -0.0139787278 0.01788127 0.0131514473 0 0 0
nt@synapse_cleft 1926 0.00524616038 -0.00984466774 0.0175380028 0 0 0
nt@synapse_cleft 1932 0.0220579348 -0.00894514415 0.0151620235 0 0 0
nt@synapse_cleft 1942 0.0434892522 -0.0395129713 0.00812196989 0 0 0
nt@synapse_cleft 1946 -0.0168725066 -0.0224611956 0.00899290641 0 0 0
nt@synapse_cleft 1961 0.040217657 0.0188252965 0.0155851779 0 0 0
nt@synapse_cleft 1967 -0.00535003114 -0.0376493016 0.00659050496 0 0 0
nt@synapse_cleft 1970 -0.0210266732 -0.0379012572 0.0128183919 0 0 0
nt@synapse_cleft 1973 0.0264454277 0.0271981944 0.0182728642 0 0 0
nt@synapse_cleft 1976 -0.0534498399 -0.0117086516 0.00135334825 0 0 0
nt@synapse_cleft 1980 -0.00581032127 -0.0143999092 0.0104175686 0 0 0
nt@synapse_cleft 1984 -0.0419375186 -0.0352113696 0.00273333955 0 0 0
nt@synapse_cleft 1990 0.024421552 0.019885828 8.93375882e-05 0 0 0
nt@synapse_cleft 1997 -0.00948451498 0.0244948336 0.0160731995 0 0 0
nt@synapse_cleft 2004 -0.0137347478 0.016859473 0.018693667 0 0 0
nt@synapse_cleft 2013 -0.00795255871 -0.00338241288 0.0175418597 0 0 0
nt@synapse_cleft 2014 0.0115103174 -0.000961532871 0.00744748422 0 0 0
nt@synapse_cleft 2019 0.0193237047 -0.0117507132 0.0119272151 0 0 0
nt@synapse_cleft 2032 -0.0239515098 0.0137413127 0.0119258429 0 0 0
nt@synapse_cleft 2036 0.0566926924 -0.0402959266 0.0160030093 0 0 0
nt@synapse_cleft 2061 0.0156110403 -0.00249839606 0.00887641446 0 0 0
nt@synapse_cleft 2064 0.0259398036 0.0259238225 0.0123406806 0 0 0
nt@synapse_cleft 2091 -0.00628030548 0.0381127013 0.0141648687 0 0 0
nt@synapse_cleft 2092 0.0189958703 0.0196079763 0.0112088282 0 0 0
nt@synapse_cleft 2096 -0.0119246085 -0.0206453503 0.00375259564 0 0 0
nt@synapse_cleft 2104 0.0545365069 -0.0194249241 0.0170230425 0 0 0
nt@synapse_cleft 2112 -0.002317126 -0.0322899819 0.00365531736 0 0 0
nt@synapse_cleft 2124 -0.00534788651 0.0662987842 0.00616413123 0 0 0
nt@synapse_cleft 2127 0.0316247233 -0.0143405942 0.0110353066 0 0 0
nt@synapse_cleft 2137 -0.0648183888 0.0509985731 0.0136839436 0 0 0
nt@synapse_cleft 2156 0.0465000377 -0.0374073441 0.0165156807 0 0 0
nt@synapse_cleft 2162 -0.00893808595 0.0108705323 0.0163274629 0 0 0
nt@synapse_cleft 2163 0.02072063 -0.00256845896 0.00536756189 0 0 0
nt@synapse_cleft 2185 -0.0290941245 -0.00456830308 0.0148508988 0 0 0
nt@synapse_cleft 2187 -0.01868789 -0.00132932872 0.000514744636 0 0 0
nt@synapse_cleft 2199 0.000528467608 -0.0145036825 0.0052888534 0 0 0
nt@synapse_cleft 2204 -0.0203836734 0.0255700075 0.000738045543 0 0 0
nt@synapse_cleft 2218 0.00124248299 -0.00771075757 0.00855107711 0 0 0
nt@synapse_cleft 2223 -0.0197951836 -0.00950378443 0.0137000709 0 0 0
nt@synapse_cleft 2228 -0.00453532874 0.0189015663 0.019127116 0 0 0
nt@synapse_cleft 2236 -0.00234017088 0.00364645942 0.0149263539 0 0 0
nt@synapse_cleft 2251 0.00399928947 0.00266952075 0.00630261679 0 0 0
nt@synapse_cleft 2254 -0.00830596605 -0.0315346093 0.00657766189 0 0 0
nt@synapse_cleft 2257 0.016701517 -0.00284016213 0.0133002477 0 0 0
nt@synapse_cleft 2262 -0.0205603858 0.00183223106 0.0133319379 0 0 0
nt@synapse_cleft 2271 -0.0452519425 0.0130883563 0.0189252805 0 0 0
nt@synapse_cleft 2274 -0.00491464518 0.038675059 0.00010335589 0 0 0
nt@synapse_cleft 2278 0.029574036 0.0383546644 0.00363426395 0 0 0
nt@synapse_cleft 2279 -0.0219835289 0.00344107311 0.0127651143 0 0 0
nt@synapse_cleft 2283 0.0438204384 -0.0227272782 0.0141788061 0 0 0
nt@synapse_cleft 2284 0.0277056445 0.0027447853 0.00174594766 0 0 0
nt@synapse_cleft 2285 0.000150757312 -0.00357880902 0.0148499457 0 0 0
nt@synapse_cleft 2298 -0.0516999617 -0.0345376063 0.0114411516 0 0 0
nt@synapse_cleft 2306 -0.0144475041 -0.0659297802 0.000712027147 0 0 0
nt@synapse_cleft 2308 -0.0528382937 0.0376377427 0.0111788785 0 0 0
nt@synapse_cleft 2309 0.00558002106 0.0178126559 0.0107765999 0 0 0
nt@synapse_cleft 2314 -0.00655682899 -0.0223279754 0.00373223846 0 0 0
nt@synapse_cleft 2320 0.0104300099 -0.0360488705 0.00288863073 0 0 0
nt@synapse_cleft 2321 0.0489938832 0.00461697933 0.00483119562 0 0 0
nt@synapse_cleft 2327 -0.0303163865 -0.0147529314 0.0185122696 0 0 0
nt@synapse_cleft 2330 -0.0307769069 0.0188169577 0.019402925 0 0 0
nt@synapse_cleft 2349 0.0471581074 0.0252901056 0.00756649304 0 0 0
nt@synapse_cleft 2367 -0.0307730269 -0.0500503967 0.000814179776 0 0 0
nt@synapse_cleft 2369 -0.0323032881 0.00619206442 0.00353124627 0 0 0
nt@synapse_cleft 2383 0.00425207833 -0.0771713351 0.0104802803 0 0 0
nt@synapse_cleft 2389 0.00338203775 -0.0173150047 0.010214377 0 0 0
nt@synapse_cleft 2400 -0.0198066917 -0.0258839585 0.0145886012 0 0 0
nt@synapse_cleft 2411 0.0138387102 -0.0352686884 0.0184647627 0 0 0
nt@synapse_cleft 2412 -0.00278252611 0.0045301621 0.0171185267 0 0 0
nt@synapse_cleft 2417 -0.0143730731 0.0040992349 0.0155453078 0 0 0
nt@synapse_cleft 2421 -0.000800446011 0.0219688335 0.0033268807 0 0 0
nt@synapse_cleft 2423 0.0084447395 -0.0508280503 0.00412170828 0 0 0
nt@synapse_cleft 2437 0.0477368181 -0.00843969515 0.0192194858 0 0 0
nt@synapse_cleft 2438 0.0117177954 -0.0309942281 0.00392594473 0 0 0
nt@synapse_cleft 2448 0.000959437008 0.0135121045 0.00486161834 0 0 0
nt@synapse_cleft 2456 -0.016642462 -0.013844274 0.00366347707 0 0 0
nt@synapse_cleft 2462 -0.0175844879 0.0289852669 0.0017939954 0 0 0
nt@synapse_cleft 2468 -0.0471388946 -0.0283236596 0.0198472253 0 0 0
nt@synapse_cleft 2472 0.0608196071 -0.0283289924 0.0143932396 0 0 0
nt@synapse_cleft 2480 -0.00107146612 -0.0309506799 0.0041184791 0 0 0
nt@synapse_cleft 2481 -0.0122176176 -0.0218000539 0.014556062 0 0 0
nt@synapse_cleft 2483 0.0225716649 0.0167587698 0.00545187267 0 0 0
nt@synapse_cleft 2491 0.00568341717 0.0227248125 0.018815095 0 0 0
nt@synapse_cleft 2493 0.0216365918 -0.0423424668 0.0106783867 0 0 0
nt@synapse_cleft 2498 0.00978482794 -0.0224091612 0.00260995249 0 0 0
nt@synapse_cleft 2502 0.0207926073 -0.0300318002 0.00759670202 0 0 0
nt@synapse_cleft 2509 0.00187286445 -0.0178018996 0.00712446378 0 0 0
nt@synapse_cleft 2513 -0.00492112345 0.0197434642 0.00750715439 0 0 0
nt@synapse_cleft 2517 -0.0117070973 0.00736676662 0.0144469674 0 0 0
nt@synapse_cleft 2520 0.0236634784 0.0288990282 0.00480486162 0 0 0
nt@synapse_cleft 2528 0.0158478347 0.000868619911 0.0172015171 0 0 0
nt@synapse_cleft 2539 -0.00338141805 0.0268573261 0.00938060201 0 0 0
nt@synapse_cleft 2542 0.0217223692 -0.0315232961 0.00470884139 0 0 0
nt@synapse_cleft 2549 -0.0137518426 0.0595331544 0.014600046 0 0 0
nt@synapse_cleft 2550 0.0482011875 0.00686362972 0.0117970671 0 0 0
nt@synapse_cleft 2555 0.0597325857 -0.0207296979 0.00546483888 0 0 0
nt@synapse_cleft 2560 -0.034926943 -0.00757022683 4.31943513e-06 0 0 0
nt@synapse_cleft 2561 0.0265477911 0.0548879931 0.0145599089 0 0 0
nt@synapse_cleft 2563 0.00646746945 0.00225970041 0.0102401068 0 0 0
nt@synapse_cleft 2564 -0.0130806334 0.052228689 0.00641732265 0 0 0
nt@synapse_cleft 2566 0.00303555373 0.00441801537 0.0107162416 0 0 0
nt@synapse_cleft 2570 -9.16978638e-05 9.10691062e-05 0.00850755771 0 0 0
nt@synapse_cleft 2577 -0.00820879425 0.0291536427 0.0133145114 0 0 0
nt@synapse_cleft 2597 -0.0155553693 0.00510268045 0.002205068 0 0 0
nt@synapse_cleft 2603 0.0353006005 -0.0246527387 0.0155052914 0 0 0
nt@synapse_cleft 2604 0.0528629243 -0.0167444235 0.0175668986 0 0 0
nt@synapse_cleft 2610 0.0070307656 -0.030583551 0.0180137574 0 0 0
nt@synapse_cleft 2615 0.00407146793 -0.0720360306 0.0173164681 0 0 0
nt@synapse_cleft 2625 -0.0548938812 -0.0244247568 0.00589323098 0 0 0
nt@synapse_cleft 2628 0.0118551393 -0.0368846638 0.00817958272 0 0 0
nt@synapse_cleft 2639 0.0082072925 -0.0243608167 0.00547829775 0 0 0
nt@synapse_cleft 2641 -0.0161310938 -0.0111764039 0.008926879 0 0 0
nt@synapse_cleft 2652 -0.000375289314 0.00494425212 0.018064704 0 0 0
nt@synapse_cleft 2660 -0.0198111602 -0.0269744527 0.00259159089 0 0 0
nt@synapse_cleft 2670 0.00284891007 -0.0116330537 0.00786757208 0 0 0
nt@synapse_cleft 2680 -0.054775672 -0.0435822695 0.000931744143 0 0 0
nt@synapse_cleft 2681 -0.0425778661 -0.0275935655 0.0194429171 0 0 0
nt@synapse_cleft 2688 -0.0423995869 0.068273961 0.00586977494 0 0 0
nt@synapse_cleft 2702 -0.013785784 -0.0119190684 0.00436737286 0 0 0
nt@synapse_cleft 2708 -0.0448559349 0.0126510794 0.00468648725 0 0 0
nt@synapse_cleft 2709 0.0189607867 -0.00464097934 0.00924268349 0 0 0
nt@synapse_cleft 2713 -0.0124688198 -0.0213195484 0.00111378515 0 0 0
nt@synapse_cleft 2720 0.0163802666 0.0268097751 0.015970134 0 0 0
nt@synapse_cleft 2724 0.00127258704 -0.00984631294 0.00780730946 0 0 0
nt@synapse_cleft 2729 0.00493528969 -0.0449685145 0.00898266589 0 0 0
nt@synapse_cleft 2743 -0.00204788826 -0.0441817694 0.0186930534 0 0 0
nt@synapse_cleft 2750 0.0119009949 -0.0508525573 0.0176903278 0 0 0
nt@synapse_cleft 2752 -0.0257297597 -0.034727093 0.000391821291 0 0 0
nt@synapse_cleft 2756 0.0340607125 -0.0267380358 0.0107778166 0 0 0
nt@synapse_cleft 2766 -0.0305500684 0.0241747199 0.00363340027 0 0 0
nt@synapse_cleft 2775 0.0352324551 -0.0317613226 0.011180066 0 0 0
nt@synapse_cleft 2785 0.00569635831 0.0447307809 0.0191038953 0 0 0
nt@synapse_cleft 2798 -0.0400842923 0.00964825932 0.00530639427 0 0 0
nt@synapse_cleft 2807 -0.0275192239 0.00824761311 0.00875855195 0 0 0
nt@synapse_cleft 2808 0.0266946647 0.0534615366 0.0144518954 0 0 0
nt@synapse_cleft 2820 0.0127288789 -0.0017571829 0.0125251694 0 0 0
nt@synapse_cleft 2828 0.00735118381 -0.0343381591 0.00464770504 0 0 0
nt@synapse_cleft 2857 0.0155532925 -0.0265208694 0.00746201377 0 0 0
nt@synapse_cleft 2861 -0.00537145095 0.0191976042 0.00396256207 0 0 0
nt@synapse_cleft 2863 -0.056679625 -0.00370048095 0.00262354316 0 0 0
nt@synapse_cleft 2875 0.0238179656 0.0180779148 0.019065038 0 0 0
nt@synapse_cleft 2876 -0.00311917408 -0.000494279646 0.014492869 0 0 0
nt@synapse_cleft 2880 0.0198865282 -0.0078206832 0.0021627896 0 0 0
nt@synapse_cleft 2884 0.0276725378 0.0135300382 0.0109357664 0 0 0
nt@synapse_cleft 2894 0.0117795408 0.00788558778 0.00425140636 0 0 0
nt@synapse_cleft 2895 0.0667601698 -0.00746093585 0.0126222738 0 0 0
nt@synapse_cleft 2905 -0.00466562636 0.00570878489 0.0144648534 0 0 0
nt@synapse_cleft 2909 0.0492364713 0.00176443752 0.0129266772 0 0 0
nt@synapse_cleft 2910 -0.064340728 0.00962651593 0.0174457614 0 0 0
nt@synapse_cleft 2912 -0.00208530012 -0.0136132411 0.0106449758 0 0 0
nt@synapse_cleft 2915 0.0332399827 -0.0409198153 0.00811970029 0 0 0
nt@synapse_cleft 2920 0.000256863491 0.00407388044 0.019316999 0 0 0
nt@synapse_cleft 2933 -0.00267419729 -0.0165959752 0.000309202797 0 0 0
nt@synapse_cleft 2935 -0.0347205222 0.0122743544 0.0154638161 0 0 0
nt@synapse_cleft 2940 -0.00472787925 -0.0169740541 0.00152825905 0 0 0
nt@synapse_cleft 2962 0.0146643838 -0.0090960782 0.0075503463 0 0 0
nt@synapse_cleft 2967 0.00918165348 -0.0390932996 0.012771193 0 0 0
nt@synapse_cleft 2983 0.0105155129 -0.033905995 0.0112063792 0 0 0
nt@synapse_cleft 2993 -0.0251204663 0.047531388 0.0180257391 0 0 0
nt@synapse_cleft 3006 0.0391420262 0.0556318283 0.00584415177 0 0 0
nt@synapse_cleft 3008 0.0187650228 0.0540652879 0.0144953836 0 0 0
nt@synapse_cleft 3012 0.025420175 -0.00356397281 0.0132206945 0 0 0
nt@synapse_cleft 3019 -0.0335709884 -0.00689380987 0.00371415708 0 0 0
nt@synapse_cleft 3020 -0.0141335569 -0.024815561 0.000732278408 0 0 0
nt@synapse_cleft 3042 -0.00567128318 0.00839016578 0.0183018149 0 0 0
nt@synapse_cleft 3047 0.0207542767 0.0606182199 0.0112992884 0 0 0
nt@synapse_cleft 3057 0.0346647617 -0.00411567878 0.01245189 0 0 0
nt@synapse_cleft 3061 -0.0155217328 0.0338131332 0.0025393241 0 0 0
nt@synapse_cleft 3062 0.0227136472 -0.0226706021 0.00103209729 0 0 0
nt@synapse_cleft 3069 0.0470013293 -0.0303911621 0.0192711636 0 0 0
nt@synapse_cleft 3073 0.00721151729 0.0309699483 0.00173342423 0 0 0
nt@synapse_cleft 3082 0.0292704122 0.02595925 0.00707986666 0 0 0
nt@synapse_cleft 3089 -0.00177515733 -0.0248029482 0.000103859901 0 0 0
nt@synapse_cleft 3096 -0.00662815716 0.0202856736 0.00117999112 0 0 0
nt@synapse_cleft 3099 -0.0378172785 0.0105401292 0.0182655649 0 0 0
nt@synapse_cleft 3114 0.0456523291 0.0250484973 0.0140645566 0 0 0
nt@synapse_cleft 3132 -0.0130241581 -0.00877510638 0.00955542695 0 0 0
nt@synapse_cleft 3134 0.0136170834 0.0371585006 0.014432342 0 0 0
nt@synapse_cleft 3150 0.0345396793 -0.0649637321 0.0061774302 0 0 0
nt@synapse_cleft 3155 -0.00726531424 0.0033831362 0.00988108332 0 0 0
nt@synapse_cleft 3159 -0.0138835661 0.00920921755 0.019382944 0 0 0
nt@synapse_cleft 3177 0.0254920741 -0.021209765 0.00795016586 0 0 0
nt@synapse_cleft 3178 -0.0213310562 -0.0140418068 0.0108527905 0 0 0
nt@synapse_cleft 3181 0.00738122996 -0.00384030035 0.0190398168 0 0 0
nt@synapse_cleft 3183 0.00569607133 -0.0308719609 0.00554156687 0 0 0
nt@synapse_cleft 3184 0.032078544 0.0252384546 0.0144922116 0 0 0
nt@synapse_cleft 3185 0.0232821614 0.012673859 0.0155609349 0 0 0
nt@synapse_cleft 3199 0.0093317391 0.0259767178 0.0182106822 0 0 0
nt@synapse_cleft 3202 0.0112665146 0.0423570869 0.00825156916 0 0 0
nt@synapse_cleft 3207 -0.0193659904 -0.00957835202 0.00508124518 0 0 0
nt@synapse_cleft 3220 0.00960777389 0.0337155016 0.0125646151 0 0 0
nt@synapse_cleft 3222 -0.0623981084 -0.0203332837 0.00729134599 0 0 0
nt@synapse_cleft 3227 0.0165086551 0.00639168176 0.00846275022 0 0 0
nt@synapse_cleft 3247 0.0111431931 -0.00353644932 0.0155671428 0 0 0
nt@synapse_cleft 3249 -0.0232048271 -0.00692297491 0.0084593455 0 0 0
nt@synapse_cleft 3275 0.00918529312 -0.018587698 0.0143480859 0 0 0
nt@synapse_cleft 3304 0.0221013543 0.0742742326 0.0153163741 0 0 0
nt@synapse_cleft 3308 -0.0256213396 0.0480625845 0.00738716 0 0 0
nt@synapse_cleft 3313 -0.0025832712 -0.00734152258 0.00326289327 0 0 0
nt@synapse_cleft 3326 0.0164697759 -0.000877224185 0.00362911924 0 0 0
nt@synapse_cleft 3334 0.00608882278 0.00665985236 0.00792332868 0 0 0
nt@synapse_cleft 3338 -0.00308650512 -0.0595809352 0.0190778199 0 0 0
nt@synapse_cleft 3341 0.0248614259 -0.00649899543 0.0118321738 0 0 0
nt@synapse_cleft 3367 0.0174513066 0.0140388443 0.00564156957 0 0 0
nt@synapse_cleft 3375 0.0411801371 0.0283449069 0.0196632661 0 0 0
nt@synapse_cleft 3378 0.01276886 0.0291683932 0.00576019485 0 0 0
nt@synapse_cleft 3394 -0.00187553794 -0.0357465324 0.000414740018 0 0 0
nt@synapse_cleft 3401 0.0414857948 -0.0109055454 0.00271024788 0 0 0
nt@synapse_cleft 3402 -0.00704073659 -0.0179140856 0.00134065538 0 0 0
nt@synapse_cleft 3404 0.0155754507 -0.0328441566 0.00247689829 0 0 0
nt@synapse_cleft 3407 -0.0108191476 0.0668477353 0.0113282983 0 0 0
nt@synapse_cleft 3413 0.0118071576 0.0201078045 0.016860128 0 0 0
nt@synapse_cleft 3419 -0.0372265501 0.0183735315 0.00412353232 0 0 0
nt@synapse_cleft 3429 0.0566796956 -0.0146025794 0.0181890078 0 0 0
nt@synapse_cleft 3432 0.0526172935 -0.0614133534 0.00232530205 0 0 0
nt@synapse_cleft 3445 0.0294002913 0.0393097865 0.0145402308 0 0 0
nt@synapse_cleft 3451 0.0152956345 0.0177108234 0.0150950791 0 0 0
nt@synapse_cleft 3467 -0.0781644078 -0.00294098331 0.00395739686 0 0 0
nt@synapse_cleft 3474 0.0454957193 -0.00548495606 0.0054565429 0 0 0
nt@synapse_cleft 3482 -0.0715184822 -0.037613945 0.00701018679 0 0 0
nt@synapse_cleft 3484 -0.00711416738 0.0214122285 0.0147366707 0 0 0
nt@synapse_cleft 3500 0.0182546436 -0.0338759305 0.0193812517 0 0 0
nt@synapse_cleft 3507 -0.0307297366 0.00874353658 0.0182571251 0 0 0
nt@synapse_cleft 3511 0.0280188242 -0.0390305884 0.00467040925 0 0 0
nt@synapse_cleft 3514 3.23349423e-05 -0.0056563284 0.0116465647 0 0 0
nt@synapse_cleft 3526 0.0199614159 -0.0435049774 0.0163550078 0 0 0
nt@synapse_cleft 3535 0.0113576569 0.0130132831 0.00195411612 0 0 0
nt@synapse_cleft 3536 0.014156333 0.0133026617 0.00553653046 0 0 0
nt@synapse_cleft 3538 -0.036200597 0.0112765199 0.00292348722 0 0 0
nt@synapse_cleft 3542 -0.000790000923 0.0334203106 0.000899065051 0 0 0
nt@synapse_cleft 3543 -0.0319061309 -0.0183580961 0.00979928271 0 0 0
nt@synapse_cleft 3546 0.0150522975 0.033079275 0.0113136742 0 0 0
nt@synapse_cleft 3561 -0.0204217913 -0.0125031768 0.000402459684 0 0 0
nt@synapse_cleft 3562 -0.0590609659 -0.00591502581 0.00566171507 0 0 0
nt@synapse_cleft 3563 0.024333178 -0.0151634167 0.0179667179 0 0 0
nt@synapse_cleft 3565 0.0342704649 -0.0243082341 0.000178581702 0 0 0
nt@synapse_cleft 3566 -0.0119339109 0.0651369738 0.0190305808 0 0 0
nt@synapse_cleft 3568 0.0129639968 -0.0419342012 0.0093000335 0 0 0
nt@synapse_cleft 3575 -0.0126970324 -0.00122432063 0.0168534865 0 0 0
nt@synapse_cleft 3576 0.0468349614 0.00667205457 0.011056737 0 0 0
nt@synapse_cleft 3592 0.0110792039 0.0438554598 0.00963218381 0 0 0
nt@synapse_cleft 3602 -0.0384944105 -0.0143525597 0.00434125568 0 0 0
nt@synapse_cleft 3603 -0.0148572801 0.025602337 0.0131979414 0 0 0
nt@synapse_cleft 3606 -0.00118713082 -7.03192821e-05 0.00924720862 0 0 0
nt@synapse_cleft 3611 0.0206089419 0.00464531216 0.0150083825 0 0 0
nt@synapse_cleft 3616 -0.0392877995 0.0373646409 0.0198085343 0 0 0
nt@synapse_cleft 3617 -0.0072788483 -0.0622254441 0.0180943577 0 0 0
nt@synapse_cleft 3620 0.00981810269 0.0286002883 0.00163787152 0 0 0
nt@synapse_cleft 3625 0.0188849056 0.0232441446 0.0184862188 0 0 0
nt@synapse_cleft 3635 -0.0160781179 0.0173105748 0.00385809177 0 0 0
nt@synapse_cleft 3636 0.0120357854 -0.00933762291 0.0109465599 0 0 0
nt@synapse_cleft 3645 -0.00194436092 -0.0310293767 0.00762545745 0 0 0
nt@synapse_cleft 3661 0.0244954148 -0.00422657168 0.0194662761 0 0 0
nt@synapse_cleft 3664 0.0310260494 -0.0489322786 0.00566481023 0 0 0
nt@synapse_cleft 3667 -0.0356907781 -0.00283359274 0.00564535032 0 0 0
nt@synapse_cleft 3681 0.0402209059 -0.0233438558 0.00462193031 0 0 0
nt@synapse_cleft 3690 0.0468815543 -0.0162481911 0.0170736164 0 0 0
nt@synapse_cleft 3693 -0.0675270881 -0.0251446618 0.0172439281 0 0 0
nt@synapse_cleft 3706 0.029677258 -0.0278648511 0.00961915979 0 0 0
nt@synapse_cleft 3707 -0.062923908 -0.0125859206 0.0156165604 0 0 0
nt@synapse_cleft 3714 -0.0623502966 -0.00402833759 0.0194506562 0 0 0
nt@synapse_cleft 3730 0.00892120924 0.0100039091 0.00336065454 0 0 0
nt@synapse_cleft 3731 -0.00526158135 0.00676137714 0.0158219739 0 0 0
nt@synapse_cleft 3737 0.0123060005 0.0230008277 0.00382756104 0 0 0
nt@synapse_cleft 3739 0.0289066356 0.0575039655 0.0104261139 0 0 0
nt@synapse_cleft 3745 0.00694742036 0.0204442852 0.0121500443 0 0 0
nt@synapse_cleft 3751 0.00291812037 0.00568778156 0.00901427965 0 0 0
nt@synapse_cleft 3758 -0.00913502389 -0.0370020234 0.00399181993 0 0 0
nt@synapse_cleft 3759 -0.0222534161 -0.0168304855 0.0146067757 0 0 0
nt@synapse_cleft 3763 0.0382354761 0.0372617948 0.00750464947 0 0 0
nt@synapse_cleft 3768 0.0253935786 -0.00410041181 0.00876826217 0 0 0
nt@synapse_cleft 3771 0.0267536755 -0.0291242614 0.0120267624 0 0 0
nt@synapse_cleft 3775 0.00207963138 -0.00853045168 0.0132518953 0 0 0
nt@synapse_cleft 3783 -0.0215267772 -0.0197918392 0.00735440593 0 0 0
nt@synapse_cleft 3788 -0.00783214797 -0.0218738314 0.0193922686 0 0 0
nt@synapse_cleft 3793 -0.0141198625 -0.0115906349 0.0106775826 0 0 0
nt@synapse_cleft 3800 0.0100622678 -0.00932490883 0.0138452025 0 0 0
nt@synapse_cleft 3802 0.00811054874 0.0246506475 0.00359587233 0 0 0
nt@synapse_cleft 3811 -0.0109987175 -0.0377023318 0.00346450763 0 0 0
nt@synapse_cleft 3827 0.00830938925 0.0644320532 0.0154098125 0 0 0
nt@synapse_cleft 3831 -0.00121562636 -0.0445795686 0.00484791625 0 0 0
nt@synapse_cleft 3834 0.0419887644 -0.0310412629 0.0148378333 0 0 0
nt@synapse_cleft 3835 0.0149368536 -0.044870121 0.0117153983 0 0 0
nt@synapse_cleft 3841 0.0476889676 -0.034989691 0.00368868067 0 0 0
nt@synapse_cleft 3844 -0.00557548757 -0.0086321396 0.0156332762 0 0 0
nt@synapse_cleft 3846 -0.0231574075 0.00825861493 0.0134951786 0 0 0
nt@synapse_cleft 3848 0.0256637497 0.0403565083 0.019860087 0 0 0
nt@synapse_cleft 3850 -0.022727592 -0.0189573323 0.0163965538 0 0 0
nt@synapse_cleft 3859 0.0484581439 -0.00224418079 0.000325573647 0 0 0
nt@synapse_cleft 3879 0.0564257167 -0.0637236201 0.0146961333 0 0 0
nt@synapse_cleft 3886 0.0414393349 0.0522571256 0.00612914396 0 0 0
nt@synapse_cleft 3891 0.00884118754 -0.0151779016 0.0106158895 0 0 0
nt@synapse_cleft 3902 -0.0379755208 0.00536473847 0.00985947939 0 0 0
nt@synapse_cleft 3907 -0.0287431885 -0.0141918928 0.0113783994 0 0 0
nt@synapse_cleft 3918 -0.00692234987 -0.00555248155 0.00970422016 0 0 0
nt@synapse_cleft 3921 0.0331338698 0.0492278665 0.000167404784 0 0 0
nt@synapse_cleft 3927 0.00737881833 0.0434597255 0.015063176 0 0 0
nt@synapse_cleft 3932 0.0247493336 -0.0195718971 0.0196084057 0 0 0
nt@synapse_cleft 3952 -0.0355175827 0.0218705746 0.00644080216 0 0 0
nt@synapse_cleft 3953 0.0302610646 -0.0360184946 0.00324058958 0 0 0
nt@synapse_cleft 3957 0.0255253725 0.0147683814 0.0188092973 0 0 0
nt@synapse_cleft 3958 0.00719729998 0.0210832249 0.00932011298 0 0 0
nt@synapse_cleft 3963 0.0198583975 0.0196440976 0.0077008836 0 0 0
nt@synapse_cleft 3965 -0.0432870844 0.00217547014 0.00973867238 0 0 0
nt@synapse_cleft 3967 0.0201489351 -0.0186888165 0.0189840884 0 0 0
nt@synapse_cleft 3968 0.0144413049 -0.00756271608 0.000847065495 0 0 0
nt@synapse_cleft 3973 -0.00887518801 0.00132717896 0.0132686314 0 0 0
nt@synapse_cleft 3974 -0.0275874041 0.064755372 0.000980951929 0 0 0
nt@synapse_cleft 3978 0.0255448929 0.00738024933 0.0199752287 0 0 0
nt@synapse_cleft 3983 -0.0433483494 -0.0279821552 0.000441387821 0 0 0
nt@synapse_cleft 3988 -0.0116195314 -0.035839691 0.007643819 0 0 0
nt@synapse_cleft 3991 0.0771430341 -0.0315184165 0.00835930138 0 0 0
nt@synapse_cleft 3993 -0.054944479 0.00233873306 0.0131492441 0 0 0
nt@synapse_cleft 3997 -0.0528448263 0.00274784295 0.0136364388 0 0 0
nt@synapse_cleft 3999 -0.0329334372 -0.0175914887 0.00486243257 0 0 0
nt@synapse_cleft 4018 0.0201479925 0.00356727516 0.0148008348 0 0 0
nt@synapse_cleft 4037 -0.0096407103 0.032267672 0.0163676729 0 0 0
nt@synapse_cleft 4040 0.00441507725 0.00370549799 0.0146958652 0 0 0
nt@synapse_cleft 4049 0.0306154148 0.0123082594 0.0156792134 0 0 0
nt@synapse_cleft 4051 0.014533032 0.00437907771 0.00621249717 0 0 0
nt@synapse_cleft 4064 0.00568628959 0.0241939747 0.0103276524 0 0 0
nt@synapse_cleft 4070 -0.0184301697 -0.000131054647 0.017986783 0 0 0
nt@synapse_cleft 4071 -0.0148853214 -0.048852165 0.0119829001 0 0 0
nt@synapse_cleft 4103 -0.00711624992 0.0102825401 0.00905714273 0 0 0
nt@synapse_cleft 4106 0.0242558589 0.0179351683 0.0168670827 0 0 0
nt@synapse_cleft 4111 0.0663650037 0.0294091211 0.00480718715 0 0 0
nt@synapse_cleft 4115 0.00199167467 0.00843714407 0.00191756148 0 0 0
nt@synapse_cleft 4119 0.00992028547 -0.0274204872 0.0145854384 0 0 0
nt@synapse_cleft 4123 -0.00979509244 0.0103837402 0.0162689632 0 0 0
nt@synapse_cleft 4126 0.0373408248 -0.0260720926 0.00172429709 0 0 0
nt@synapse_cleft 4129 -0.00577202191 0.0155726804 0.0179762945 0 0 0
nt@synapse_cleft 4132 0.0324745214 0.0333331789 0.0173406738 0 0 0
nt@synapse_cleft 4135 0.0122304154 7.27556852e-05 0.0167175646 0 0 0
nt@synapse_cleft 4150 -0.0405570994 -0.0537623371 0.0112095655 0 0 0
nt@synapse_cleft 4155 0.0209319315 -0.0558162964 0.00338702611 0 0 0
nt@synapse_cleft 4156 0.0535846071 -0.00201232191 0.00381507359 0 0 0
nt@synapse_cleft 4163 0.000385739976 0.050224369 0.00122597793 0 0 0
nt@synapse_cleft 4177 -0.0484727682 0.0708265818 0.016338629 0 0 0
nt@synapse_cleft 4187 -0.0267783727 -0.0287077831 0.0101673772 0 0 0
nt@synapse_cleft 4193 0.0105677564 -0.0406091587 0.0124021507 0 0 0
nt@synapse_cleft 4214 -0.036264766 -0.0143111493 0.0174658231 0 0 0
nt@synapse_cleft 4215 0.0319963293 -0.064176377 0.0175225701 0 0 0
nt@synapse_cleft 4220 -0.0172003358 -0.00671303152 0.010663682 0 0 0
nt@synapse_cleft 4228 0.0326392531 -0.0146890373 0.0172560616 0 0 0
nt@synapse_cleft 4230 -0.0207494625 0.0586680433 0.00494183481 0 0 0
nt@synapse_cleft 4233 0.0191470646 0.0210445997 0.00241014548 0 0 0
nt@synapse_cleft 4237 0.0122080808 -0.0104257497 0.0190512738 0 0 0
nt@synapse_cleft 4242 0.030398053 -0.0415227533 0.0140366586 0 0 0
nt@synapse_cleft 4252 0.0405701494 0.00025616654 0.0176132331 0 0 0
nt@synapse_cleft 4254 -0.011724084 0.0426101799 0.00513090469 0 0 0
nt@synapse_cleft 4255 -0.029556575 -0.038467637 0.011259996 0 0 0
nt@synapse_cleft 4279 0.023156209 -0.0508773504 0.0107134094 0 0 0
nt@synapse_cleft 4285 -0.0417548078 0.0310344324 0.00535593611 0 0 0
nt@synapse_cleft 4288 0.0243427411 -0.0148986234 0.0194911195 0 0 0
nt@synapse_cleft 4293 -0.0162722726 -0.0159109769 0.00432157563 0 0 0
nt@synapse_cleft 4297 0.0401087268 -0.0243771652 0.00751594806 0 0 0
nt@synapse_cleft 4301 0.0335874727 -0.00199505767 0.0121186211 0 0 0
nt@synapse_cleft 4312 -0.0115433254 -0.0284108215 0.0104249205 0 0 0
nt@synapse_cleft 4317 -0.00445987591 0.0504220463 0.0123603469 0 0 0
nt@synapse_cleft 4326 0.028523164 -0.0112251922 0.0184996723 0 0 0
nt@synapse_cleft 4330 -0.0248018161 0.0138687397 0.0183761159 0 0 0
nt@synapse_cleft 4334 0.0130042706 -0.000217777873 0.0076893006 0 0 0
nt@synapse_cleft 4339 0.011192588 -0.0260013305 0.00951863369 0 0 0
nt@synapse_cleft 4343 -0.0230893232 -0.0609839826 0.00156034709 0 0 0
nt@synapse_cleft 4346 0.0254407444 0.00787294943 0.00477479788 0 0 0
nt@synapse_cleft 4351 0.0513462661 0.00912214301 0.00805557256 0 0 0
nt@synapse_cleft 4360 0.00947899198 0.00866800106 0.0124554751 0 0 0
nt@synapse_cleft 4365 0.000955564101 0.0416441787 0.0183725666 0 0 0
nt@synapse_cleft 4374 -0.0161958082 -0.0254636138 0.000735031409 0 0 0
nt@synapse_cleft 4376 -0.0145497507 -0.00156446284 0.0111222571 0 0 0
nt@synapse_cleft 4381 -0.0189124437 -0.0280249973 0.014411441 0 0 0
nt@synapse_cleft 4386 -0.00922413225 0.00435648541 0.00856764805 0 0 0
nt@synapse_cleft 4392 -0.011584603 0.01676488 0.0100100954 0 0 0
nt@synapse_cleft 4395 0.0149652781 -0.0370346972 0.0166969627 0 0 0
nt@synapse_cleft 4396 0.0166269819 -0.0513466602 0.00338836488 0 0 0
nt@synapse_cleft 4398 -0.0193403744 0.0203742785 0.00816103277 0 0 0
nt@synapse_cleft 4399 0.0120027819 0.0327104556 0.0032909392 0 0 0
nt@synapse_cleft 4414 -0.00278378515 -0.0258247803 0.013242834 0 0 0
nt@synapse_cleft 4416 -0.0198117604 -0.00282012326 0.0142468684 0 0 0
nt@synapse_cleft 4423 0.00652110378 -0.003831606 0.0107283017 0 0 0
nt@synapse_cleft 4424 -0.0268491233 0.000726983183 0.000181779259 0 0 0
nt@synapse_cleft 4430 -0.00616293742 -0.0116235444 0.00678591775 0 0 0
nt@synapse_cleft 4431 0.0144162518 -0.0263201611 0.009729952 0 0 0
nt@synapse_cleft 4434 0.0167769516 -0.0051773068 0.00512378271 0 0 0
nt@synapse_cleft 4446 -0.0165177856 0.0265995701 0.0194882048 0 0 0
nt@synapse_cleft 4464 0.0243885747 -0.013932773 0.0139650507 0 0 0
nt@synapse_cleft 4473 -0.0118120609 -0.0067587225 0.00643505121 0 0 0
nt@synapse_cleft 4478 -0.0194381395 0.0457754821 0.0188271709 0 0 0
nt@synapse_cleft 4480 0.0126808451 0.0451527839 0.011592526 0 0 0
nt@synapse_cleft 4482 -0.0409906904 -0.0305765319 0.0129508164 0 0 0
nt@synapse_cleft 4485 0.00984023215 0.0226265779 0.0083558208 0 0 0
nt@synapse_cleft 4488 0.0205948951 -0.000101652592 0.00758098767 0 0 0
nt@synapse_cleft 4489 -0.00746698429 -0.00340543824 3.76283217e-05 0 0 0
nt@synapse_cleft 4499 -0.00118726104 0.0113746697 0.00363834745 0 0 0
nt@synapse_cleft 4501 0.0185232171 0.0133388066 0.00754709154 0 0 0
nt@synapse_cleft 4517 -0.0453125246 0.0137667736 0.00720782692 0 0 0
nt@synapse_cleft 4527 0.0157460204 -0.00272120825 0.0184311713 0 0 0
nt@synapse_cleft 4538 -0.0405838425 -0.0464973424 0.00485153821 0 0 0
nt@synapse_cleft 4542 0.0113661069 0.0489559571 0.00414557209 0 0 0
nt@synapse_cleft 4545 -0.0252177064 0.0366665871 0.0109524834 0 0 0
nt@synapse_cleft 4551 -0.00610747696 0.0429655973 0.0199399042 0 0 0
nt@synapse_cleft 4553 -0.0369362814 -0.0116502113 0.0189257593 0 0 0
nt@synapse_cleft 4559 -0.0285636072 0.0282592444 0.0152128146 0 0 0
nt@synapse_cleft 4574 0.0456295054 -0.0329703004 0.00902519391 0 0 0
nt@synapse_cleft 4576 -0.0325498783 -0.0268816844 0.0189523757 0 0 0
nt@synapse_cleft 4583 0.0087619888 0.000775820192 0.00345316487 0 0 0
nt@synapse_cleft 4590 -0.0567997471 -0.0027795968 0.0152880483 0 0 0
nt@synapse_cleft 4593 -0.0431653615 0.0545435044 0.0020423247 0 0 0
nt@synapse_cleft 4595 0.0368691805 -0.0496940084 0.0002461719 0 0 0
nt@synapse_cleft 4613 0.0621425917 0.00560749197 0.0139225103 0 0 0
nt@synapse_cleft 4620 0.0059179263 -0.000674803474 0.0176670815 0 0 0
nt@synapse_cleft 4654 0.00479212212 -0.0350364718 0.0055162461 0 0 0
nt@synapse_cleft 4659 -0.031883699 0.0365703237 0.00986108761 0 0 0
nt@synapse_cleft 4681 0.0161016804 -0.00754492592 0.0132268823 0 0 0
nt@synapse_cleft 4700 -0.0298255009 0.0570603116 0.00880348568 0 0 0
nt@synapse_cleft 4701 0.0243274396 0.0277251524 0.0157120009 0 0 0
nt@synapse_cleft 4709 -0.0158730931 0.00279969563 0.00271537663 0 0 0
nt@synapse_cleft 4710 -0.00997827089 -0.0162638946 0.00235758731 0 0 0
nt@synapse_cleft 4718 0.0484743173 0.0138885998 0.0104827376 0 0 0
nt@synapse_cleft 4736 -0.00183631372 0.0224358842 0.0085415623 0 0 0
nt@synapse_cleft 4750 -0.00294074266 -0.0680331444 0.00332184479 0 0 0
nt@synapse_cleft 4753 -0.0212622347 0.00384443146 0.0040455333 0 0 0
nt@synapse_cleft 4754 -0.00894794422 -0.00422368558 0.00107161114 0 0 0
nt@synapse_cleft 4756 -0.00402747663 -0.010276648 0.0165417473 0 0 0
nt@synapse_cleft 4758 -0.0320738937 0.000817085525 0.0167638912 0 0 0
nt@synapse_cleft 4764 0.0343907254 -0.0135546584 0.000146429566 0 0 0
nt@synapse_cleft 4779 0.0295926493 -0.029319072 0.0145468542 0 0 0
nt@synapse_cleft 4784 0.0297993921 0.0124588608 0.00122971791 0 0 0
nt@synapse_cleft 4786 -0.0291131237 0.0220411592 0.0169820233 0 0 0
nt@synapse_cleft 4791 0.0462273381 -0.00228594311 0.0172672991 0 0 0
nt@synapse_cleft 4793 -0.0245104621 0.000191495894 0.018421506 0 0 0
nt@synapse_cleft 4800 0.0253441807 9.35056882e-05 0.016345594 0 0 0
nt@synapse_cleft 4801 -0.0108004389 0.0075424101 0.0132956438 0 0 0
nt@synapse_cleft 4816 -0.032710424 -0.0212674089 0.0146436687 0 0 0
nt@synapse_cleft 4822 -0.0147915436 -0.0195659449 0.00123580275 0 0 0
nt@synapse_cleft 4823 -0.00662463333 0.0157607902 0.0144970745 0 0 0
nt@synapse_cleft 4829 0.0180971304 -0.0642847436 0.00472141456 0 0 0
nt@synapse_cleft 4839 -0.00774997684 -0.00344671308 0.00306085497 0 0 0
nt@synapse_cleft 4844 0.0684662626 -0.0221258763 0.0151348059 0 0 0
nt@synapse_cleft 4852 -0.0187763862 -0.0275108123 0.00692552236 0 0 0
nt@synapse_cleft 4871 0.00837334889 0.0128954031 0.00679274131 0 0 0
nt@synapse_cleft 4880 -2.26510024e-05 -0.0298650926 0.0169872487 0 0 0
nt@synapse_cleft 4883 -0.0505937748 0.00756097662 0.0118987578 0 0 0
nt@synapse_cleft 4892 -0.0254046554 0.0364183742 0.0191639961 0 0 0
nt@synapse_cleft 4897 0.0158437844 -0.0168971481 0.00668130056 0 0 0
nt@synapse_cleft 4901 0.0239335922 0.0139032587 0.0025996542 0 0 0
nt@synapse_cleft 4905 -0.0291232659 -0.00457737968 0.00321922818 0 0 0
nt@synapse_cleft 4906 -0.0146596778 -0.036935733 0.00584793317 0 0 0
nt@synapse_cleft 4919 -0.00765445192 0.00714046534 0.0035228495 0 0 0
nt@synapse_cleft 4925 -0.00875423053 -0.0017942669 0.00644296304 0 0 0
nt@synapse_cleft 4937 -0.0686630665 0.00940628851 0.0127080494 0 0 0
nt@synapse_cleft 4946 -0.00223810886 0.00360851885 0.000451005838 0 0 0
nt@synapse_cleft 4973 -0.00527632711 0.0510405692 0.0155968719 0 0 0
nt@synapse_cleft 4979 0.0092878369 -0.007349091 0.00162282347 0 0 0
nt@synapse_cleft 4981 0.00295735872 -0.0612502048 0.00026450909 0 0 0
nt@synapse_cleft 4982 0.00173422779 0.0130142104 0.00471586781 0 0 0
nt@synapse_cleft 4983 -0.0406249573 0.00718521643 0.00730362836 0 0 0
nt@synapse_cleft 4991 -0.0204438806 -0.00583018361 0.0100587036 0 0 0
nt@synapse_cleft 5004 -0.0181732805 -0.0142774302 2.98937455e-05 0 0 0
nt@synapse_cleft 5006 0.0279575301 -0.0194851622 0.00293752202 0 0 0
nt@synapse_cleft 5009 -0.0241799637 -0.00182887472 0.00542012736 0 0 0
nt@synapse_cleft 5015 -0.0253577848 -0.0271468698 0.0100130523 0 0 0
nt@synapse_cleft 5044 -0.0374199702 0.0172670063 0.00759077247 0 0 0
nt@synapse_cleft 5046 -0.00455874472 -0.0300870161 0.000918911667 0 0 0
nt@synapse_cleft 5052 0.0261763311 -0.00418945074 0.0113160507 0 0 0
nt@synapse_cleft 5055 -0.00850725123 0.026235776 0.0150510659 0 0 0
nt@synapse_cleft 5061 0.00398411665 -0.0413791923 0.0111258414 0 0 0
nt@synapse_cleft 5063 -0.0293348869 0.035493522 0.0196003188 0 0 0
nt@synapse_cleft 5082 -0.00799565453 0.0436276785 0.0101369744 0 0 0
nt@synapse_cleft 5086 0.0304091873 0.0467811169 0.00569071419 0 0 0
nt@synapse_cleft 5133 -0.0219603415 0.0258651616 0.00963352623 0 0 0
nt@synapse_cleft 5145 0.020459052 0.0275261976 0.00225940826 0 0 0
nt@synapse_cleft 5154 0.0155653473 0.0137642563 0.0194795907 0 0 0
nt@synapse_cleft 5159 -0.0325916803 -0.0166965143 0.0131670731 0 0 0
nt@synapse_cleft 5164 0.0115227774 -0.00290349744 0.00241460357 0 0 0
nt@synapse_cleft 5173 -0.0241424406 0.00723766173 0.011312754 0 0 0
nt@synapse_cleft 5176 -0.029624066 0.0772648011 0.00310782523 0 0 0
nt@synapse_cleft 5179 0.0179947977 0.00344207958 0.00639263619 0 0 0
nt@synapse_cleft 5182 0.0559209705 0.000709598123 0.0043977054 0 0 0
nt@synapse_cleft 5183 0.0593596365 0.00777108251 0.000856187661 0 0 0
