nt@synapse_cleft 0 0.00469948623 -0.00225562909 0.0179796058 0 0 0
nt@synapse_cleft 2 -0.0420816482 0.0115943303 0.00693365067 0 0 0
nt@synapse_cleft 7 -0.0029643112 0.00709140735 0.0192489412 0 0 0
nt@synapse_cleft 9 0.00316934197 -0.0192880803 0.00336918456 0 0 0
nt@synapse_cleft 12 0.0057800043 0.0325827129 0.0151929181 0 0 0
nt@synapse_cleft 15 -0.015260741 0.0150361254 0.00710238722 0 0 0
nt@synapse_cleft 17 0.00824234229 0.00350914986 0.0033116913 0 0 0
nt@synapse_cleft 23 0.00397719819 -0.0487567595 0.0100503893 0 0 0
nt@synapse_cleft 26 -0.0277929216 -0.000493023688 0.00996165885 0 0 0
nt@synapse_cleft 30 0.0199973741 -0.0333867909 0.00366998412 0 0 0
nt@synapse_cleft 35 -0.018645509 0.00947401069 0.0179652092 0 0 0
nt@synapse_cleft 42 0.00972827579 0.00651021008 0.0166549517 0 0 0
nt@synapse_cleft 45 -0.00817652324 0.0188760565 0.0115955585 0 0 0
nt@synapse_cleft 54 0.0122997204 0.0265526724 0.0142871722 0 0 0
nt@synapse_cleft 56 -0.0186059249 -0.0170477203 0.0185151248 0 0 0
nt@synapse_cleft 59 0.0186053359 0.0167807929 0.0149032257 0 0 0
nt@synapse_cleft 72 -0.0177538737 0.00908064538 0.0155895335 0 0 0
nt@synapse_cleft 81 0.0107834342 -0.0328669811 0.00201472692 0 0 0
nt@synapse_cleft 87 -0.0278116651 -0.0142924199 0.0198446939 0 0 0
nt@synapse_cleft 89 0.0258564891 -0.000456738956 0.0108956193 0 0 0
nt@synapse_cleft 100 -0.0181794481 -0.0148493084 0.0160020364 0 0 0
nt@synapse_cleft 102 -0.0267366694 0.0211554182 0.00219963853 0 0 0
nt@synapse_cleft 103 0.0189124387 -0.0275138868 0.008757048 0 0 0
nt@synapse_cleft 111 -0.0355811741 0.0360301194 0.0171144354 0 0 0
nt@synapse_cleft 114 0.0417910724 -0.0244193962 0.0145000312 0 0 0
nt@synapse_cleft 115 -0.00597653485 -0.0498694866 0.00209260253 0 0 0
nt@synapse_cleft 116 -0.0204846841 -0.0141786844 0.00474185508 0 0 0
nt@synapse_cleft 118 0.0207880785 -0.0057294451 0.0196542447 0 0 0
nt@synapse_cleft 127 -0.0173208824 -0.022340546 0.0175841653 0 0 0
nt@synapse_cleft 135 -0.0182883407 -0.0193963791 0.0167720807 0 0 0
nt@synapse_cleft 137 -0.0513055761 -0.029800419 0.0061416685 0 0 0
nt@synapse_cleft 143 -0.00515371376 -0.0447973744 0.0110568511 0 0 0
nt@synapse_cleft 148 -0.00207890997 0.0480532134 0.00709419805 0 0 0
nt@synapse_cleft 150 -0.0270063076 0.0121288081 0.00110586827 0 0 0
nt@synapse_cleft 156 -0.0201729892 0.00476739065 0.0129565765 0 0 0
nt@synapse_cleft 157 -0.0344722353 0.0158234411 0.0146720374 0 0 0
nt@synapse_cleft 160 0.00982116337 0.00434366446 0.014054834 0 0 0
nt@synapse_cleft 162 -0.0121667144 -0.0215843349 0.00681881978 0 0 0
nt@synapse_cleft 167 0.00188771422 -0.0365786996 0.00999159958 0 0 0
nt@synapse_cleft 168 -0.015722767 -0.0219537433 0.0196279454 0 0 0
nt@synapse_cleft 186 -0.0239882854 -0.0191395965 0.0197078078 0 0 0
nt@synapse_cleft 188 -0.0213733333 0.00170807346 0.00738002372 0 0 0
nt@synapse_cleft 192 -0.00800228715 0.0305476753 0.00542271306 0 0 0
nt@synapse_cleft 194 5.55445585e-05 -0.0160368512 0.0170643881 0 0 0
nt@synapse_cleft 195 0.0194905779 0.0304069687 0.00555172286 0 0 0
nt@synapse_cleft 197 0.00594529054 -0.0094324949 0.00896028391 0 0 0
nt@synapse_cleft 199 0.0290990857 0.0189206424 0.0170338581 0 0 0
nt@synapse_cleft 203 0.00747288059 -0.00891018558 0.00155837737 0 0 0
nt@synapse_cleft 206 -0.00229794224 -0.013479392 0.01755433 0 0 0
nt@synapse_cleft 210 -0.0305672032 0.00990357506 0.00984752441 0 0 0
nt@synapse_cleft 219 0.0227188498 0.0487714618 0.0171768851 0 0 0
nt@synapse_cleft 224 -0.00872138554 0.0549979948 0.0018953699 0 0 0
nt@synapse_cleft 227 -0.0207905217 0.0336688736 0.0152268001 0 0 0
nt@synapse_cleft 231 0.0140579446 0.0403709467 0.0175238197 0 0 0
nt@synapse_cleft 235 0.013520007 -0.0346340288 0.00846977465 0 0 0
nt@synapse_cleft 244 -0.0268009745 0.00687888123 0.0107841504 0 0 0
nt@synapse_cleft 246 -0.0291468648 0.02402399 0.0117108983 0 0 0
nt@synapse_cleft 248 0.0234380134 -0.0287057572 0.0163355614 0 0 0
nt@synapse_cleft 256 -0.0467019375 -0.011643353 0.00567745027 0 0 0
nt@synapse_cleft 263 0.0434145685 0.0231466955 0.0135870781 0 0 0
nt@synapse_cleft 268 -0.00681874978 -0.0121820518 0.013134441 0 0 0
nt@synapse_cleft 272 0.00858184235 -0.0334859396 0.019309769 0 0 0
nt@synapse_cleft 284 -0.0260997609 0.0784608321 0.0176103658 0 0 0
nt@synapse_cleft 289 -0.0334823017 0.0538895902 0.00142365684 0 0 0
nt@synapse_cleft 293 0.0310381055 -0.00522198112 0.0118370461 0 0 0
nt@synapse_cleft 297 -0.0115286672 -0.0132003203 0.00460292779 0 0 0
nt@synapse_cleft 304 -0.0108468491 0.02090054 0.019364787 0 0 0
nt@synapse_cleft 306 0.0183488376 -0.0304757814 0.00637097016 0 0 0
nt@synapse_cleft 307 0.0199852155 0.014558032 0.0191495521 0 0 0
nt@synapse_cleft 308 0.0189278525 0.0243425554 0.0112241501 0 0 0
nt@synapse_cleft 310 0.0281519421 -0.0152209623 0.00554902667 0 0 0
nt@synapse_cleft 318 -0.0272313017 0.00533745275 0.0197792224 0 0 0
nt@synapse_cleft 319 0.061996995 0.00255845373 0.0163818086 0 0 0
nt@synapse_cleft 321 0.0474503111 0.0144290623 0.0063872225 0 0 0
nt@synapse_cleft 325 -0.0634747885 0.061760474 0.00426885442 0 0 0
nt@synapse_cleft 331 0.0437771303 -0.0223930463 0.01856916 0 0 0
nt@synapse_cleft 334 0.0231610597 -0.0113103669 0.0152047281 0 0 0
nt@synapse_cleft 335 0.0237986535 0.0212206985 0.0103511263 0 0 0
nt@synapse_cleft 339 -0.0452146719 -0.0378181144 0.00169451393 0 0 0
nt@synapse_cleft 347 0.0147032024 -0.00882572277 0.00858586738 0 0 0
nt@synapse_cleft 348 0.0113249678 -0.00472545413 0.0114217487 0 0 0
nt@synapse_cleft 350 0.0137392599 0.00723699524 0.000359944985 0 0 0
nt@synapse_cleft 352 -0.0141707497 0.00497447883 0.00261831212 0 0 0
nt@synapse_cleft 356 -0.0322901834 0.0196210621 0.00606691919 0 0 0
nt@synapse_cleft 361 -0.0312166624 0.0135041583 0.0168628116 0 0 0
nt@synapse_cleft 371 -0.0179708624 0.045077001 0.00249309487 0 0 0
nt@synapse_cleft 372 -0.00692715029 0.016908241 0.011323777 0 0 0
nt@synapse_cleft 376 -0.00144821696 0.00969152548 0.0198474551 0 0 0
nt@synapse_cleft 381 -0.0176319338 -0.0121369564 0.00488905378 0 0 0
nt@synapse_cleft 383 -0.00697508856 0.028215544 0.0156716608 0 0 0
nt@synapse_cleft 385 0.0177199036 0.0176001982 0.0170351966 0 0 0
nt@synapse_cleft 388 -0.00876861663 0.0100967803 0.0193185287 0 0 0
nt@synapse_cleft 391 0.0264438538 -0.0417285397 0.0102894352 0 0 0
nt@synapse_cleft 392 -0.00155809486 0.00585739986 0.0155246644 0 0 0
nt@synapse_cleft 395 0.000224642102 -0.0286641269 0.00485952518 0 0 0
nt@synapse_cleft 397 0.0111527499 0.020385314 0.014157762 0 0 0
nt@synapse_cleft 399 -0.0160429155 0.0174333736 0.00500344509 0 0 0
nt@synapse_cleft 402 0.00512985104 0.0450225873 0.000434548787 0 0 0
nt@synapse_cleft 406 -0.020451378 -0.0339356166 0.0108206006 0 0 0
nt@synapse_cleft 415 0.000452184382 -0.0174722815 0.000706418287 0 0 0
nt@synapse_cleft 421 -0.0371549774 0.0314201927 0.0116327181 0 0 0
nt@synapse_cleft 426 0.0352930702 -0.0179255794 0.00693431648 0 0 0
nt@synapse_cleft 429 -0.0178689923 0.0338852897 0.0156749546 0 0 0
nt@synapse_cleft 440 0.0274191179 0.00449197584 0.00598625278 0 0 0
nt@synapse_cleft 444 0.004745957 0.0271451469 0.0140900115 0 0 0
nt@synapse_cleft 449 0.00972812192 -0.0184182879 0.00423178127 0 0 0
nt@synapse_cleft 452 0.0188963971 0.0344715028 0.010712743 0 0 0
nt@synapse_cleft 453 0.00357033406 -0.00138436669 0.0162313278 0 0 0
nt@synapse_cleft 455 0.00302899751 -0.0321568113 0.019329156 0 0 0
nt@synapse_cleft 461 -0.0212899471 -0.0060036614 0.00614352937 0 0 0
nt@synapse_cleft 477 0.0127401079 0.00510749852 0.0170777261 0 0 0
nt@synapse_cleft 479 -0.0141575229 0.00919830509 0.0190162276 0 0 0
nt@synapse_cleft 480 -0.055310774 0.0216133043 0.000109681769 0 0 0
nt@synapse_cleft 482 0.00607164416 0.0031712044 0.00105647215 0 0 0
nt@synapse_cleft 483 -0.00510758743 -0.0256131101 0.0135716565 0 0 0
nt@synapse_cleft 484 -0.0141860103 -0.0331251656 0.00466876169 0 0 0
nt@synapse_cleft 499 0.0179023653 0.0168331836 0.00955445644 0 0 0
nt@synapse_cleft 500 -0.0072993898 -0.0141489927 0.00807299412 0 0 0
nt@synapse_cleft 501 0.00419526181 0.0216573377 0.00931494849 0 0 0
nt@synapse_cleft 503 0.0116391639 -0.020559763 0.00965919235 0 0 0
nt@synapse_cleft 504 0.00515899793 0.030018532 0.00835475905 0 0 0
nt@synapse_cleft 509 -0.00125236894 0.0470393271 0.00220972357 0 0 0
nt@synapse_cleft 510 0.0187029084 0.00495590296 0.0121531364 0 0 0
nt@synapse_cleft 514 -0.0244513842 0.00386173163 0.0105827369 0 0 0
nt@synapse_cleft 522 -0.0325821189 0.0129087614 0.0132928066 0 0 0
nt@synapse_cleft 524 -0.00866559286 0.0144280146 0.0139521088 0 0 0
nt@synapse_cleft 530 0.02774471 -0.00772588673 0.0118126126 0 0 0
nt@synapse_cleft 536 -0.035541001 -0.0403718665 9.09627666e-05 0 0 0
nt@synapse_cleft 544 0.0309644574 0.00855199997 0.00842857518 0 0 0
nt@synapse_cleft 546 -0.0478263998 0.0233462196 0.0142290395 0 0 0
nt@synapse_cleft 548 -0.0181741266 0.0175075709 0.0183884396 0 0 0
nt@synapse_cleft 549 0.0382370504 -0.0350843931 0.00736549023 0 0 0
nt@synapse_cleft 551 0.00770312933 -0.0202484018 0.0132169605 0 0 0
nt@synapse_cleft 552 0.0177136597 -0.00749785149 0.014201307 0 0 0
nt@synapse_cleft 557 -0.0273356229 0.00382752232 0.0167088071 0 0 0
nt@synapse_cleft 558 -0.0164878911 -0.0227999225 0.00581311412 0 0 0
nt@synapse_cleft 563 -0.0124953943 -0.0542531071 0.0165150796 0 0 0
nt@synapse_cleft 568 0.00257799083 0.0102686774 0.0131201107 0 0 0
nt@synapse_cleft 572 -0.0308750718 0.0171246858 0.00918716798 0 0 0
nt@synapse_cleft 575 -0.000354119078 -0.00788367249 0.011228231 0 0 0
nt@synapse_cleft 581 0.00586338997 0.00163349059 0.00124410243 0 0 0
nt@synapse_cleft 583 0.00793620028 0.0270832355 0.0148384572 0 0 0
nt@synapse_cleft 586 0.00786057641 0.0122729374 0.0111787902 0 0 0
nt@synapse_cleft 591 -0.00550605172 0.0334682431 0.0142096048 0 0 0
nt@synapse_cleft 593 0.0083582164 0.0392133111 0.0195663588 0 0 0
nt@synapse_cleft 594 0.0397294987 0.0272967 0.014377056 0 0 0
nt@synapse_cleft 595 -0.00160603939 -0.0402881563 0.00893769957 0 0 0
nt@synapse_cleft 596 -0.0188268887 0.0131950481 0.0150635138 0 0 0
nt@synapse_cleft 598 -0.000942695838 0.00508182897 0.0146111581 0 0 0
nt@synapse_cleft 611 -0.02171064 0.00282781007 0.0170433258 0 0 0
nt@synapse_cleft 616 -0.00359638387 -0.00900081676 0.0067521027 0 0 0
nt@synapse_cleft 618 -0.0136709874 -0.0267880527 0.0115515782 0 0 0
nt@synapse_cleft 620 -0.0181859212 -0.0040223035 0.00406948187 0 0 0
nt@synapse_cleft 624 0.0209458394 -0.00828031477 0.00885682859 0 0 0
nt@synapse_cleft 627 -0.00148577699 -0.0223388783 0.0161302693 0 0 0
nt@synapse_cleft 629 0.0137850696 0.00331028242 0.00587756735 0 0 0
nt@synapse_cleft 630 0.00520265443 0.0062840872 0.00893221411 0 0 0
nt@synapse_cleft 633 -0.0129042943 0.0309054497 0.000818554827 0 0 0
nt@synapse_cleft 634 0.009186473 -0.00601797818 0.019609342 0 0 0
nt@synapse_cleft 639 -0.024309254 -0.0461565938 0.00765546684 0 0 0
nt@synapse_cleft 645 -0.00549968172 -0.00912586633 0.01468658 0 0 0
nt@synapse_cleft 647 0.0048531202 0.0336501371 0.00338409061 0 0 0
nt@synapse_cleft 660 -0.0125321708 -0.018244391 0.0013233687 0 0 0
nt@synapse_cleft 661 -0.0381708985 -0.0110604556 0.00518533326 0 0 0
nt@synapse_cleft 662 -0.00348719502 0.00125142954 0.0100156903 0 0 0
nt@synapse_cleft 664 -0.0153399056 0.00654332492 0.00745187856 0 0 0
nt@synapse_cleft 674 -0.0168889504 0.0107913399 0.00300874768 0 0 0
nt@synapse_cleft 675 0.00765605368 0.0131423586 0.0189170831 0 0 0
nt@synapse_cleft 678 0.0199054618 -0.00361526016 0.0121977127 0 0 0
nt@synapse_cleft 679 -0.0156800138 -0.0135096098 0.00882082169 0 0 0
nt@synapse_cleft 681 -0.00966410952 -0.0199400685 0.0149585817 0 0 0
nt@synapse_cleft 684 -0.0175157009 -0.0127682296 0.00712264531 0 0 0
nt@synapse_cleft 689 0.0139249768 0.00224459415 0.00907965376 0 0 0
nt@synapse_cleft 691 0.0247493923 0.000752022839 0.0017608084 0 0 0
nt@synapse_cleft 693 0.0170585738 0.021311195 0.0191464978 0 0 0
nt@synapse_cleft 695 -0.0213135886 0.0232825814 0.0187117552 0 0 0
nt@synapse_cleft 698 0.00472440259 0.0152622008 0.0134518467 0 0 0
nt@synapse_cleft 699 -0.0170081038 -0.0639083651 0.00388347895 0 0 0
nt@synapse_cleft 704 0.00422177574 0.0137180011 0.00475879647 0 0 0
nt@synapse_cleft 710 0.0415263322 -0.0128297582 0.010045786 0 0 0
nt@synapse_cleft 712 -0.0215075211 -0.0129039155 0.0117655612 0 0 0
nt@synapse_cleft 715 0.0121000803 0.0203317068 0.0151656193 0 0 0
nt@synapse_cleft 720 0.0324042626 -0.0316775927 0.00111337569 0 0 0
nt@synapse_cleft 721 0.00438521807 0.000277863271 4.37129483e-05 0 0 0
nt@synapse_cleft 726 -0.026521131 -0.00433689216 0.011765123 0 0 0
nt@synapse_cleft 727 -0.00190516625 0.022716402 0.00701335938 0 0 0
nt@synapse_cleft 728 -0.00142253095 0.00780245622 0.00160396839 0 0 0
nt@synapse_cleft 732 0.0301333057 0.0504110963 0.00198052276 0 0 0
nt@synapse_cleft 735 -0.0459705313 0.0105404566 0.00219401983 0 0 0
nt@synapse_cleft 737 0.0408307305 -0.000186840794 0.0118226013 0 0 0
nt@synapse_cleft 741 0.0108912508 -0.000930068759 0.00135253171 0 0 0
nt@synapse_cleft 744 -0.0209387995 0.0300200083 0.00590092411 0 0 0
nt@synapse_cleft 746 -0.00867323268 0.0122062509 0.0016745109 0 0 0
nt@synapse_cleft 750 0.0280123325 0.00716546891 0.0124961939 0 0 0
nt@synapse_cleft 754 -0.0111925178 -0.0159016967 0.0181444822 0 0 0
nt@synapse_cleft 755 0.019624017 0.0164521603 0.00103772816 0 0 0
nt@synapse_cleft 760 -0.00766707007 -0.0578454731 0.0036030315 0 0 0
nt@synapse_cleft 762 0.00812688579 -0.0150014785 0.0102945428 0 0 0
nt@synapse_cleft 765 -0.0254063589 0.0202687351 0.0191443975 0 0 0
nt@synapse_cleft 768 -0.020643221 -0.0079817222 0.0199606554 0 0 0
nt@synapse_cleft 769 0.00869899736 0.0317935006 0.0125003622 0 0 0
nt@synapse_cleft 774 0.0021093118 0.0205654733 0.0195023986 0 0 0
nt@synapse_cleft 777 0.049754096 -0.0413181876 0.00522134207 0 0 0
nt@synapse_cleft 779 -0.0155484636 0.00646623325 0.0154745336 0 0 0
nt@synapse_cleft 784 0.00980450923 0.00515893659 0.0197077972 0 0 0
nt@synapse_cleft 797 -0.00341921304 0.0292797911 0.00435748428 0 0 0
nt@synapse_cleft 803 -0.0239705926 -0.0468193709 0.0127587253 0 0 0
nt@synapse_cleft 804 0.0114886951 0.0243466085 0.0039147972 0 0 0
nt@synapse_cleft 814 0.0248843182 0.027937193 0.00055096911 0 0 0
nt@synapse_cleft 816 -0.00299109099 -0.0224955784 0.0067142022 0 0 0
nt@synapse_cleft 817 0.0130130336 -0.0136129549 0.00251451899 0 0 0
nt@synapse_cleft 828 0.0148495676 -0.028561276 0.017028639 0 0 0
nt@synapse_cleft 831 -0.0020230484 -0.0221909965 0.000199720022 0 0 0
nt@synapse_cleft 833 -0.0175525618 -0.00269606741 0.00986815613 0 0 0
nt@synapse_cleft 837 -0.0269554341 -0.0167674883 0.0195594454 0 0 0
nt@synapse_cleft 844 -0.0117152721 0.00655497511 0.0153154472 0 0 0
nt@synapse_cleft 847 0.0195260335 -0.0033182573 0.0018566638 0 0 0
nt@synapse_cleft 850 -0.0096504545 0.0285997838 0.00951127636 0 0 0
nt@synapse_cleft 854 0.0075275206 0.0284557034 0.000113960574 0 0 0
nt@synapse_cleft 866 -0.000958901807 -0.021647981 0.0148802422 0 0 0
nt@synapse_cleft 871 -0.00711293531 0.015126779 0.016589095 0 0 0
nt@synapse_cleft 872 0.0211866662 -0.022102912 0.0118740607 0 0 0
nt@synapse_cleft 875 -0.0246117477 -0.0314528896 0.00814899968 0 0 0
nt@synapse_cleft 877 -0.0461309428 0.0126218165 0.010399583 0 0 0
nt@synapse_cleft 884 -0.00113726741 0.0160762687 0.0155330216 0 0 0
nt@synapse_cleft 900 0.0203339748 -0.0173294514 0.0185089097 0 0 0
nt@synapse_cleft 904 -0.03040736 0.00959512957 0.00368625373 0 0 0
nt@synapse_cleft 906 -0.0220896064 0.00670670858 0.0103412059 0 0 0
nt@synapse_cleft 908 -0.0406325493 -0.00342724551 0.0095282079 0 0 0
nt@synapse_cleft 909 0.0233272797 0.0118556607 0.0197134989 0 0 0
nt@synapse_cleft 913 -0.0121896726 -0.00326990137 0.00702028108 0 0 0
nt@synapse_cleft 918 0.0511072897 -0.00438117477 0.0175677977 0 0 0
nt@synapse_cleft 920 0.017330781 -0.00734834396 0.0167771982 0 0 0
nt@synapse_cleft 924 -0.02687168 0.0123095784 0.0127905698 0 0 0
nt@synapse_cleft 925 -0.0290034875 0.053421945 0.0150052565 0 0 0
nt@synapse_cleft 926 -0.0135827904 -0.0555821151 0.0165360544 0 0 0
nt@synapse_cleft 932 0.0159220399 -0.0393869666 0.00567977334 0 0 0
nt@synapse_cleft 938 -0.0161414567 0.0181264299 0.0158709573 0 0 0
nt@synapse_cleft 940 -0.0559078113 -0.0282123369 0.0136164287 0 0 0
nt@synapse_cleft 941 -0.0234732648 0.046686688 0.0145148313 0 0 0
nt@synapse_cleft 942 0.0231271299 -0.0308176917 0.00424819723 0 0 0
nt@synapse_cleft 943 0.0222967304 -0.0148339246 0.0176392508 0 0 0
nt@synapse_cleft 944 -0.010651141 -0.0497470253 0.00863771337 0 0 0
nt@synapse_cleft 945 -0.016400033 0.0228903682 0.00207050549 0 0 0
nt@synapse_cleft 947 -0.021658538 0.00575032658 0.0111287737 0 0 0
nt@synapse_cleft 951 0.000757667468 -0.0110136181 0.00398858386 0 0 0
nt@synapse_cleft 953 -0.0428174491 0.0204433994 0.0184026719 0 0 0
nt@synapse_cleft 954 0.0156548196 -0.0183364148 0.00841212486 0 0 0
nt@synapse_cleft 957 0.0532070144 -0.0252880788 0.00398008308 0 0 0
nt@synapse_cleft 960 -0.0240330667 0.0418366029 0.000454046716 0 0 0
nt@synapse_cleft 961 -0.0319845535 -0.00319802465 0.0151623628 0 0 0
nt@synapse_cleft 967 0.0288936397 -0.00169803461 0.00801907057 0 0 0
nt@synapse_cleft 976 -0.0309462829 0.0221100966 0.0152863303 0 0 0
nt@synapse_cleft 978 -0.0235705013 -0.0154874561 0.0105721573 0 0 0
nt@synapse_cleft 981 -0.037380562 -0.00131969829 0.0135651791 0 0 0
nt@synapse_cleft 991 0.0344257043 -0.00316549641 0.0100639835 0 0 0
nt@synapse_cleft 992 0.0202491531 0.0151350835 0.0126448136 0 0 0
nt@synapse_cleft 993 -0.0374271169 0.0410080766 0.000606521149 0 0 0
nt@synapse_cleft 994 -0.0262503827 -0.0103533901 0.0026510121 0 0 0
nt@synapse_cleft 998 -0.00555069509 0.0118190017 0.00772183573 0 0 0
nt@synapse_cleft 999 0.040375193 -0.0286635537 0.00880250201 0 0 0
nt@synapse_cleft 1002 0.0205935304 0.0511790869 0.017511544 0 0 0
nt@synapse_cleft 1004 -0.0084061282 0.01197961 0.00390714068 0 0 0
nt@synapse_cleft 1011 0.0237540233 0.0148576341 0.0185609901 0 0 0
nt@synapse_cleft 1013 -0.0210361665 0.0348769906 0.00464703036 0 0 0
nt@synapse_cleft 1016 -0.0328584207 0.0164665986 0.016623899 0 0 0
nt@synapse_cleft 1018 0.00789374134 -0.0146540158 0.00978941275 0 0 0
nt@synapse_cleft 1024 -0.0342073782 -0.00332169515 0.0139177612 0 0 0
nt@synapse_cleft 1025 -0.011398258 -0.0341839864 0.00858754177 0 0 0
nt@synapse_cleft 1027 0.00715242965 0.030499179 0.0139827722 0 0 0
nt@synapse_cleft 1035 -0.0218958414 -0.00785946079 0.016568871 0 0 0
nt@synapse_cleft 1047 0.00845695872 -0.0428986564 0.00385669874 0 0 0
nt@synapse_cleft 1048 0.00262224135 -0.0464872824 0.0014284117 0 0 0
nt@synapse_cleft 1050 0.00504525 -0.0425306215 0.00877288596 0 0 0
nt@synapse_cleft 1056 -0.00108705664 0.0391328495 0.0033692786 0 0 0
nt@synapse_cleft 1062 0.0462052868 -0.00710660302 0.0142536728 0 0 0
nt@synapse_cleft 1065 -0.00557584251 0.021546427 0.0169318512 0 0 0
nt@synapse_cleft 1074 0.0130996786 -0.00649121923 0.0105005518 0 0 0
nt@synapse_cleft 1077 -0.0202332704 -0.0186589823 0.0124242188 0 0 0
nt@synapse_cleft 1080 -0.0214731849 0.0194266406 0.0137596228 0 0 0
nt@synapse_cleft 1088 -0.0317768648 -0.0153075534 0.01780299 0 0 0
nt@synapse_cleft 1092 -0.0209492683 -0.0107780802 0.0105929668 0 0 0
nt@synapse_cleft 1098 -0.00633279463 0.0259390721 0.000310216189 0 0 0
nt@synapse_cleft 1102 -0.0198705757 -0.0121933642 0.0144118046 0 0 0
nt@synapse_cleft 1107 -0.00953607664 0.0139992446 0.00171783631 0 0 0
nt@synapse_cleft 1108 0.0192154972 0.0350227952 0.00106247555 0 0 0
nt@synapse_cleft 1110 0.0237823757 0.0163357378 0.0146897236 0 0 0
nt@synapse_cleft 1113 -0.0149519224 0.00134388389 0.00447918574 0 0 0
nt@synapse_cleft 1114 0.00754597731 -0.0319644348 0.00753903565 0 0 0
nt@synapse_cleft 1121 -0.00107698637 0.0525035642 0.00519963983 0 0 0
nt@synapse_cleft 1127 -0.013831938 -0.000525186863 0.0021816854 0 0 0
nt@synapse_cleft 1130 0.0278302676 -0.00862172227 0.0138878096 0 0 0
nt@synapse_cleft 1136 -0.0195685612 -0.0625677066 0.00553908683 0 0 0
nt@synapse_cleft 1138 0.00766088733 0.0082992859 0.0102667752 0 0 0
nt@synapse_cleft 1140 0.00302533983 -0.0331675881 0.0157603072 0 0 0
nt@synapse_cleft 1144 -0.0196294436 -0.0170535565 0.0028653207 0 0 0
nt@synapse_cleft 1145 0.0639652389 -0.0190494065 0.01580231 0 0 0
nt@synapse_cleft 1149 -0.0200544277 -0.00678107879 0.0161825294 0 0 0
nt@synapse_cleft 1152 0.0245603653 -8.26070289e-05 0.0162350416 0 0 0
nt@synapse_cleft 1157 0.0334725436 -0.0656750525 0.0152229397 0 0 0
nt@synapse_cleft 1165 0.0201409227 0.025705395 0.000731436181 0 0 0
nt@synapse_cleft 1166 -0.00715037879 0.00593605214 0.000971675736 0 0 0
nt@synapse_cleft 1167 0.0467107996 0.029816896 0.00141586836 0 0 0
nt@synapse_cleft 1172 -0.00906638664 -0.00276277548 0.014913838 0 0 0
nt@synapse_cleft 1177 0.00951626226 0.0574974634 0.00219951755 0 0 0
nt@synapse_cleft 1179 0.00681558069 -0.0192049739 0.0188288011 0 0 0
nt@synapse_cleft 1186 -0.056437323 0.000637205184 0.014757668 0 0 0
nt@synapse_cleft 1188 0.0179497773 -0.0405920725 0.000450451779 0 0 0
nt@synapse_cleft 1192 0.0143369973 -0.0263267923 0.0130301761 0 0 0
nt@synapse_cleft 1193 -0.0274647991 -0.00698204692 0.0143886502 0 0 0
nt@synapse_cleft 1200 -0.021694281 0.0255188617 0.0194014352 0 0 0
nt@synapse_cleft 1203 0.00295625423 0.0114537559 0.00270144293 0 0 0
nt@synapse_cleft 1204 0.0108379609 0.00311017486 0.0166188503 0 0 0
nt@synapse_cleft 1205 -0.0376356727 -0.0152546445 0.0128130207 0 0 0
nt@synapse_cleft 1206 -0.0301419397 -0.00798731598 0.016767093 0 0 0
nt@synapse_cleft 1218 -0.00978237417 0.0335057759 0.0140006773 0 0 0
nt@synapse_cleft 1219 0.00599194463 0.00994052329 0.0181252349 0 0 0
nt@synapse_cleft 1237 -0.0179126627 -0.0311560627 0.00367698401 0 0 0
nt@synapse_cleft 1238 -0.0572482255 -0.0184393441 0.0184096531 0 0 0
nt@synapse_cleft 1243 -0.0255663788 0.00633411571 0.0077888655 0 0 0
nt@synapse_cleft 1248 0.00085480031 0.0360108943 0.011116349 0 0 0
nt@synapse_cleft 1251 -0.0166498824 0.016190615 0.0194499643 0 0 0
nt@synapse_cleft 1252 -0.0311168374 0.0126692463 0.00173141586 0 0 0
nt@synapse_cleft 1253 -0.0173679606 -0.0298344457 0.00928984648 0 0 0
nt@synapse_cleft 1254 -0.0208619846 0.0312763718 0.0119948814 0 0 0
nt@synapse_cleft 1262 0.00962286208 0.00791884632 0.0126755563 0 0 0
nt@synapse_cleft 1270 0.0374382333 0.00802263003 0.00455627303 0 0 0
nt@synapse_cleft 1275 -0.0245748431 0.0109131452 0.00755404168 0 0 0
nt@synapse_cleft 1289 0.03565839 -0.00118347821 0.00537218201 0 0 0
nt@synapse_cleft 1298 -0.00387959856 -0.0205341303 0.000981099007 0 0 0
nt@synapse_cleft 1299 -0.0305423932 -0.00287167123 0.0031772704 0 0 0
nt@synapse_cleft 1302 -0.0245832219 0.0292998717 0.00381069302 0 0 0
nt@synapse_cleft 1303 0.0102435622 0.0222500271 0.00277971164 0 0 0
nt@synapse_cleft 1311 0.0071730572 -0.000585069511 0.0191564005 0 0 0
nt@synapse_cleft 1316 -0.0349679652 -0.0309526709 0.0178142075 0 0 0
nt@synapse_cleft 1326 0.0139343964 0.0214199853 0.00398287486 0 0 0
nt@synapse_cleft 1328 0.0179718883 0.000815645301 0.013043069 0 0 0
nt@synapse_cleft 1330 -0.00186334424 -0.0247863845 0.0109569173 0 0 0
nt@synapse_cleft 1333 -0.0231721385 0.0263544361 0.0020464245 0 0 0
nt@synapse_cleft 1338 -0.0106657589 0.00816652771 0.0102555196 0 0 0
nt@synapse_cleft 1343 0.0258592638 0.00846786328 0.0190828168 0 0 0
nt@synapse_cleft 1347 -0.0348458948 -0.0151314318 0.0191452063 0 0 0
nt@synapse_cleft 1348 0.0354851155 -0.0352492058 0.0192543123 0 0 0
nt@synapse_cleft 1349 -0.0102383376 -0.0133522351 0.00884879563 0 0 0
nt@synapse_cleft 1351 0.040647906 -0.024876627 0.00010375621 0 0 0
nt@synapse_cleft 1356 0.0120591634 0.00525879617 0.0059498403 0 0 0
nt@synapse_cleft 1359 -0.0205671171 -0.00864114266 0.0189075846 0 0 0
nt@synapse_cleft 1361 -0.01021741 -0.0554036226 0.000432198481 0 0 0
nt@synapse_cleft 1366 0.0180373581 -0.00439415121 0.00263519669 0 0 0
nt@synapse_cleft 1368 0.0351943399 -0.0025264807 0.00105402028 0 0 0
nt@synapse_cleft 1372 -0.037539554 0.0480529237 0.00344876162 0 0 0
nt@synapse_cleft 1380 0.000360425628 0.0173387237 0.00271653128 0 0 0
nt@synapse_cleft 1381 0.0197947604 -0.0583273367 0.0195045211 0 0 0
nt@synapse_cleft 1382 0.0121383872 0.022042922 0.00437533188 0 0 0
nt@synapse_cleft 1384 -0.0419919208 -0.00563936876 0.0180141645 0 0 0
nt@synapse_cleft 1390 0.0472734426 0.00281632926 0.00905964556 0 0 0
nt@synapse_cleft 1393 -0.0341956136 0.0338472449 0.00784146514 0 0 0
nt@synapse_cleft 1394 0.0154169995 0.0206955606 0.0163401787 0 0 0
nt@synapse_cleft 1397 0.0271146638 0.0334815112 0.0170453504 0 0 0
nt@synapse_cleft 1400 -0.0348521984 0.0202791228 0.00227006847 0 0 0
nt@synapse_cleft 1403 0.0103139037 -0.00382773891 0.0199186777 0 0 0
nt@synapse_cleft 1406 0.0608371263 -0.0283617909 0.00312715743 0 0 0
nt@synapse_cleft 1408 -0.0132951644 -0.0116705462 0.0122313851 0 0 0
nt@synapse_cleft 1411 -0.00200632697 0.0158597672 0.0197456663 0 0 0
nt@synapse_cleft 1416 -0.00429816659 0.035204159 0.0135740159 0 0 0
nt@synapse_cleft 1419 0.0084510478 -0.0137632654 0.0153470783 0 0 0
nt@synapse_cleft 1425 -1.74934732e-05 -0.0443187952 0.00947313261 0 0 0
nt@synapse_cleft 1427 -0.0346818004 -0.00894622175 0.00666744817 0 0 0
nt@synapse_cleft 1434 0.0155857575 0.0244904351 0.00216082559 0 0 0
nt@synapse_cleft 1438 -0.00252047966 -0.0309830588 0.00947880338 0 0 0
nt@synapse_cleft 1440 -0.000469140569 0.0200114029 0.00397260226 0 0 0
nt@synapse_cleft 1441 -0.0381560271 0.0183952328 0.00542595893 0 0 0
nt@synapse_cleft 1442 0.00276445529 0.02166386 0.0152707897 0 0 0
nt@synapse_cleft 1444 -0.0190342505 -0.00448716421 0.0134113529 0 0 0
nt@synapse_cleft 1446 -0.0177055712 -0.0244094217 0.0127138493 0 0 0
nt@synapse_cleft 1449 -0.0264130366 -0.010611275 0.0124554561 0 0 0
nt@synapse_cleft 1452 -0.0235251377 -0.0266342295 0.00792051597 0 0 0
nt@synapse_cleft 1454 -0.0114587226 0.0155697357 0.00531438553 0 0 0
nt@synapse_cleft 1455 -0.0128544566 0.0169149747 0.00798043572 0 0 0
nt@synapse_cleft 1464 -0.0584029621 0.00863839263 0.0141053327 0 0 0
nt@synapse_cleft 1468 0.047054074 0.0236265337 0.0106939798 0 0 0
nt@synapse_cleft 1470 -0.0656944161 -0.0262588294 0.0167111895 0 0 0
nt@synapse_cleft 1472 -0.0430983265 -0.0057493135 0.0177327921 0 0 0
nt@synapse_cleft 1473 0.0151284902 -0.00314941366 0.00363594341 0 0 0
nt@synapse_cleft 1479 -0.021805856 0.0315475202 0.0139667708 0 0 0
nt@synapse_cleft 1481 0.0185824873 0.000809664023 0.0167945283 0 0 0
nt@synapse_cleft 1484 -0.0104270097 0.0120136447 0.0168143277 0 0 0
nt@synapse_cleft 1485 -0.0182766895 -0.00394764506 0.00534520504 0 0 0
nt@synapse_cleft 1487 -0.0228895969 -0.0315108246 0.00889809247 0 0 0
nt@synapse_cleft 1488 0.0260641673 0.003964472 0.00513049043 0 0 0
nt@synapse_cleft 1491 -0.0137055585 -0.0167827115 0.00233672856 0 0 0
nt@synapse_cleft 1494 0.0008992013 0.0114509514 0.0161017866 0 0 0
nt@synapse_cleft 1496 0.00140552329 0.0204444304 0.0176318792 0 0 0
nt@synapse_cleft 1503 -0.0205262269 -0.0148154467 0.00996134972 0 0 0
nt@synapse_cleft 1506 0.0288938528 -0.00497531681 0.00328934719 0 0 0
nt@synapse_cleft 1507 0.000106690806 0.00167790698 0.000681319829 0 0 0
nt@synapse_cleft 1508 0.0144952373 0.00790207226 0.0115689934 0 0 0
nt@synapse_cleft 1512 -0.00519340089 -0.0103538664 0.0169453622 0 0 0
nt@synapse_cleft 1515 0.0159761186 0.0408916316 0.00618422963 0 0 0
nt@synapse_cleft 1519 0.00219687286 -0.0148963846 0.0126807129 0 0 0
nt@synapse_cleft 1526 0.0209609228 -0.0160984504 0.0114253088 0 0 0
nt@synapse_cleft 1527 -0.00605888996 0.0388066432 0.0107975554 0 0 0
nt@synapse_cleft 1528 -0.0420675698 -0.00200353237 0.0165655105 0 0 0
nt@synapse_cleft 1531 0.00319391463 0.02615328 0.0197875947 0 0 0
nt@synapse_cleft 1538 0.00100379626 0.0211225193 0.00597408558 0 0 0
nt@synapse_cleft 1542 -0.0144807097 0.0181847058 0.00999048861 0 0 0
nt@synapse_cleft 1545 -0.000580090048 0.00453602649 0.0144925953 0 0 0
nt@synapse_cleft 1548 -0.0265685566 -0.0203255212 0.00435011332 0 0 0
nt@synapse_cleft 1553 0.0524199459 0.0209017037 0.00934902355 0 0 0
nt@synapse_cleft 1554 0.0225731834 0.00826107943 0.00377597629 0 0 0
nt@synapse_cleft 1561 0.00902118438 -0.05786253 0.00570070573 0 0 0
nt@synapse_cleft 1565 -0.021972498 0.00421294998 0.0164328379 0 0 0
nt@synapse_cleft 1571 -0.0169822793 0.00691102184 0.0104870482 0 0 0
nt@synapse_cleft 1573 0.0122822162 0.0247146169 0.00219533441 0 0 0
nt@synapse_cleft 1583 -0.0210528183 -0.013037953 0.00942628759 0 0 0
nt@synapse_cleft 1584 -0.00968247964 0.00499579699 0.0112542677 0 0 0
nt@synapse_cleft 1588 0.00548724689 -0.0152895259 0.0126510388 0 0 0
nt@synapse_cleft 1590 -0.0348137046 0.0412086574 0.005742432 0 0 0
nt@synapse_cleft 1592 0.00761996965 -0.0165022668 0.0146101518 0 0 0
nt@synapse_cleft 1596 -0.00526465281 -0.0208353533 0.0123999972 0 0 0
nt@synapse_cleft 1597 0.00518035293 0.040565264 0.00804910962 0 0 0
nt@synapse_cleft 1598 -0.0315343146 -0.00419131057 0.0127114926 0 0 0
nt@synapse_cleft 1600 0.0250988568 -0.025798307 0.00155630734 0 0 0
nt@synapse_cleft 1605 0.015712601 0.00758636574 0.0151030357 0 0 0
nt@synapse_cleft 1606 -0.0322294346 0.00351608534 0.00151992119 0 0 0
nt@synapse_cleft 1611 -0.00871900367 -0.0281524451 0.00290149267 0 0 0
nt@synapse_cleft 1612 -0.0178051757 -0.00607668043 0.00549723618 0 0 0
nt@synapse_cleft 1615 0.0073396917 -0.0589734884 0.00725708681 0 0 0
nt@synapse_cleft 1617 0.00382955335 -0.0268705225 0.0127590579 0 0 0
nt@synapse_cleft 1619 0.0239472146 -0.00449269089 0.0196319986 0 0 0
nt@synapse_cleft 1625 -0.024841745 0.0158491985 0.0126631178 0 0 0
nt@synapse_cleft 1628 0.0200667072 0.028889864 0.0123179009 0 0 0
nt@synapse_cleft 1635 0.0154203385 -0.0124821209 0.0110900075 0 0 0
nt@synapse_cleft 1641 0.0234908647 0.0144905226 0.00141519455 0 0 0
nt@synapse_cleft 1642 0.0212020231 -0.0192891406 0.0135421742 0 0 0
nt@synapse_cleft 1655 0.00430967961 0.0198983213 0.00442417909 0 0 0
nt@synapse_cleft 1658 0.0222261672 0.035774739 0.0103721032 0 0 0
nt@synapse_cleft 1660 0.0151082053 0.0186619148 0.0010962959 0 0 0
nt@synapse_cleft 1675 -0.0313163597 -0.00436074823 0.0186383264 0 0 0
nt@synapse_cleft 1678 0.00061383126 -0.00619435878 0.000690500127 0 0 0
nt@synapse_cleft 1681 -0.0232939419 0.0188890803 0.0156734028 0 0 0
nt@synapse_cleft 1684 -0.00301339742 -0.0276527832 0.01116907 0 0 0
nt@synapse_cleft 1686 -0.0129164384 0.00996420245 0.0197106146 0 0 0
nt@synapse_cleft 1687 -0.0226777526 -0.0177769569 0.00447282002 0 0 0
nt@synapse_cleft 1689 0.0116851369 0.0230687344 0.00438264823 0 0 0
nt@synapse_cleft 1692 -0.0112743596 0.0208866255 0.0164548874 0 0 0
nt@synapse_cleft 1695 0.01837673 -0.0111006778 0.00540265192 0 0 0
nt@synapse_cleft 1701 -0.00970646834 0.0145144659 0.0109665265 0 0 0
nt@synapse_cleft 1702 0.0152770607 -0.0190309827 0.0183718901 0 0 0
nt@synapse_cleft 1707 -0.0254155832 -0.013953807 0.0082449205 0 0 0
nt@synapse_cleft 1708 -0.0301264628 0.0142212534 0.000247549097 0 0 0
nt@synapse_cleft 1715 0.00473076162 -0.00199582086 0.0199846001 0 0 0
nt@synapse_cleft 1721 0.00449420273 -0.0348005687 0.00739095168 0 0 0
nt@synapse_cleft 1725 0.0325258804 0.000656309319 0.00649934169 0 0 0
nt@synapse_cleft 1729 0.0020014405 -0.0017630508 0.0133667041 0 0 0
nt@synapse_cleft 1736 0.0248826172 0.0094157064 0.0175116527 0 0 0
nt@synapse_cleft 1741 -0.00249916283 -0.0224045853 0.0187891201 0 0 0
nt@synapse_cleft 1742 0.00848571626 -0.0489887718 0.00964246016 0 0 0
nt@synapse_cleft 1743 0.0359177418 0.0387028847 0.0141328603 0 0 0
nt@synapse_cleft 1745 -0.0320748652 0.0212824296 0.00200970879 0 0 0
nt@synapse_cleft 1746 0.00550281474 -0.0126259954 0.0170148766 0 0 0
nt@synapse_cleft 1748 0.0645675784 0.0165422427 0.0189718738 0 0 0
nt@synapse_cleft 1749 -0.00323810423 -0.00733656408 0.000330634606 0 0 0
nt@synapse_cleft 1751 0.03865416 0.00555026783 0.0121140802 0 0 0
nt@synapse_cleft 1759 -0.00838688851 0.00141405418 0.0184598445 0 0 0
nt@synapse_cleft 1761 -0.0302825054 0.00595007397 0.0137846024 0 0 0
nt@synapse_cleft 1762 -0.0141794055 -0.0310291229 0.0186035277 0 0 0
nt@synapse_cleft 1763 0.0382207041 -0.0227959998 0.0126096859 0 0 0
nt@synapse_cleft 1768 0.0116483447 -0.0247048406 0.0108397734 0 0 0
nt@synapse_cleft 1769 -0.0243445058 0.00675040532 0.0174358527 0 0 0
nt@synapse_cleft 1775 -0.00257548302 -0.00175994533 0.00376433773 0 0 0
nt@synapse_cleft 1777 -0.00672382184 0.000229482213 0.0162165597 0 0 0
nt@synapse_cleft 1778 0.0358650281 -0.0538461519 0.00125688727 0 0 0
nt@synapse_cleft 1781 -0.00967559747 0.0291401137 0.0137452492 0 0 0
nt@synapse_cleft 1793 0.0137157716 0.0284213876 0.0140128076 0 0 0
nt@synapse_cleft 1795 0.0302443787 -0.0109181785 0.00344856762 0 0 0
nt@synapse_cleft 1799 -0.0266709138 0.00785163383 0.00280471568 0 0 0
nt@synapse_cleft 1804 0.00874174952 -0.00895446373 0.00815992094 0 0 0
nt@synapse_cleft 1805 -0.0129495402 0.000325030817 0.00484695686 0 0 0
nt@synapse_cleft 1806 -0.0119334354 0.000372329069 0.0150412998 0 0 0
nt@synapse_cleft 1810 -0.0498752896 -0.0400529486 0.0179613194 0 0 0
nt@synapse_cleft 1811 -0.0054384813 0.00317362706 0.00604605991 0 0 0
nt@synapse_cleft 1812 -0.00293549206 0.0305775278 0.0143755487 0 0 0
nt@synapse_cleft 1815 0.00296784246 0.0161655416 0.00562740823 0 0 0
nt@synapse_cleft 1824 0.00817978381 0.000298194881 0.00259415537 0 0 0
nt@synapse_cleft 1826 0.0244992524 -0.0116872284 0.0190700418 0 0 0
nt@synapse_cleft 1829 0.0398422713 -0.0214757592 0.0132794757 0 0 0
nt@synapse_cleft 1830 -0.0395004191 -0.00475599575 0.0187564677 0 0 0
nt@synapse_cleft 1837 -0.0324815677 -0.00895829536 0.00957921682 0 0 0
nt@synapse_cleft 1838 -0.0169032047 -0.0281734342 0.00680816694 0 0 0
nt@synapse_cleft 1840 -0.0181234592 -0.00204994793 0.0106830951 0 0 0
nt@synapse_cleft 1843 0.0298704812 -0.00445750641 0.00885613674 0 0 0
nt@synapse_cleft 1846 -0.0140154136 0.00305269071 0.00636926372 0 0 0
nt@synapse_cleft 1849 0.040600018 0.00349752637 0.00986943598 0 0 0
nt@synapse_cleft 1853 0.0576420339 -0.0153427357 0.0136225107 0 0 0
nt@synapse_cleft 1854 0.0120311963 -0.00728173387 0.00449246864 0 0 0
nt@synapse_cleft 1855 -0.0246377169 0.0105922436 0.00439009813 0 0 0
nt@synapse_cleft 1856 0.0170168802 -0.00574351165 0.00837926153 0 0 0
nt@synapse_cleft 1864 0.00428486804 -0.0223165314 0.01247713 0 0 0
nt@synapse_cleft 1868 -0.0298903214 0.00663876534 0.013482831 0 0 0
nt@synapse_cleft 1872 -0.00488392879 0.000182575728 0.00587160617 0 0 0
nt@synapse_cleft 1873 -0.0626436168 -0.0010930559 0.0122828518 0 0 0
nt@synapse_cleft 1875 -0.0288275389 0.0162558466 0.00149078051 0 0 0
nt@synapse_cleft 1877 0.00385291518 0.0291011403 0.0112454261 0 0 0
nt@synapse_cleft 1879 0.0543598718 -0.0468248977 0.0189304209 0 0 0
nt@synapse_cleft 1880 -0.029844162 -0.0198013883 0.00690546345 0 0 0
nt@synapse_cleft 1883 0.0128783664 0.0145186741 0.0166595004 0 0 0
nt@synapse_cleft 1885 -0.00741816789 0.00704195638 0.0190572868 0 0 0
nt@synapse_cleft 1887 -0.011631423 0.0360895878 0.00137412374 0 0 0
nt@synapse_cleft 1890 -0.0281406464 0.00280038539 0.0082011394 0 0 0
nt@synapse_cleft 1892 -0.000925297323 0.00743483806 0.0127895353 0 0 0
nt@synapse_cleft 1894 -0.0176254224 0.0174307664 0.0199590486 0 0 0
nt@synapse_cleft 1896 0.0225095343 -0.0111724415 0.00686150711 0 0 0
nt@synapse_cleft 1900 -0.00991277337 -0.00819001094 0.00646416199 0 0 0
nt@synapse_cleft 1904 -0.0387848633 0.0344795435 0.00791441182 0 0 0
nt@synapse_cleft 1914 0.00579622659 0.00958592266 0.00319860231 0 0 0
nt@synapse_cleft 1918 -0.0205215937 0.0532432738 0.019840067 0 0 0
nt@synapse_cleft 1921 0.00185281417 -0.0115467686 0.00201950594 0 0 0
nt@synapse_cleft 1923 -0.00941337199 0.0315248391 0.0161664242 0 0 0
nt@synapse_cleft 1925 0.00688051393 0.0231526218 0.0157592751 0 0 0
nt@synapse_cleft 1926 0.0221247771 -0.000219122156 0.00658363149 0 0 0
nt@synapse_cleft 1932 0.0130102622 -0.0125398992 0.0122326061 0 0 0
nt@synapse_cleft 1942 0.023877376 -0.0305656933 0.00303191966 0 0 0
nt@synapse_cleft 1944 0.00188517218 0.00760341355 0.012101202 0 0 0
nt@synapse_cleft 1946 -0.0121760918 -0.00209491675 0.0120524212 0 0 0
nt@synapse_cleft 1953 -0.0144103664 -0.0197262511 0.000244167259 0 0 0
nt@synapse_cleft 1959 -0.00207060948 -0.0276987853 0.00502404749 0 0 0
nt@synapse_cleft 1961 0.0349380818 0.0137308602 0.0148325697 0 0 0
nt@synapse_cleft 1964 -0.015791292 -0.000334911798 0.00932931759 0 0 0
nt@synapse_cleft 1967 0.0155058581 -0.0235152404 0.0111152187 0 0 0
nt@synapse_cleft 1970 -0.0198704279 -0.0217950443 0.0063739563 0 0 0
nt@synapse_cleft 1973 0.016960108 0.0358641666 0.0162623752 0 0 0
nt@synapse_cleft 1976 -0.0295519497 -0.0106064476 0.00163390205 0 0 0
nt@synapse_cleft 1980 -0.0157072334 -0.0166132069 0.00467830092 0 0 0
nt@synapse_cleft 1982 3.41672803e-05 0.0170937389 0.0177292639 0 0 0
nt@synapse_cleft 1984 -0.0629840394 -0.0176934327 0.00414960044 0 0 0
nt@synapse_cleft 1989 -0.0208394579 0.0103677331 0.0194345752 0 0 0
nt@synapse_cleft 1990 0.0161710061 0.0287869758 0.00513690852 0 0 0
nt@synapse_cleft 1993 0.00103989585 -0.0259895411 0.0181487294 0 0 0
nt@synapse_cleft 1997 0.00116503124 0.0225534405 0.017057882 0 0 0
nt@synapse_cleft 2004 -0.0252651237 0.0055261451 0.00814345516 0 0 0
nt@synapse_cleft 2007 0.00482736096 0.0128935747 0.0184706049 0 0 0
nt@synapse_cleft 2008 0.017667458 0.00800336993 0.0175797418 0 0 0
nt@synapse_cleft 2013 -0.0178008668 -0.00948805536 0.0160303804 0 0 0
nt@synapse_cleft 2014 0.0116625534 0.0258256668 0.00981038798 0 0 0
nt@synapse_cleft 2016 -0.0120476037 -0.00388868478 0.00549229838 0 0 0
nt@synapse_cleft 2019 0.0260572433 -0.021454184 0.0151934385 0 0 0
nt@synapse_cleft 2026 0.0474482543 -0.00713546121 0.00804451441 0 0 0
nt@synapse_cleft 2027 -0.0184879044 -0.0181460472 0.00198846828 0 0 0
nt@synapse_cleft 2032 -0.0262568088 0.00236070433 0.0101904426 0 0 0
nt@synapse_cleft 2035 0.0439782596 0.0182525833 0.00738567229 0 0 0
nt@synapse_cleft 2036 0.0536842711 -0.0121935316 0.0154350223 0 0 0
nt@synapse_cleft 2039 0.026463555 0.0112804387 0.0185257167 0 0 0
nt@synapse_cleft 2041 0.0254794769 0.00985662774 0.0142225319 0 0 0
nt@synapse_cleft 2044 0.0115152511 -0.0193069079 0.0084778925 0 0 0
nt@synapse_cleft 2052 0.00329385508 -0.00910472167 0.0182136846 0 0 0
nt@synapse_cleft 2058 -0.00940801754 -0.0398143737 0.0167847962 0 0 0
nt@synapse_cleft 2061 0.0127114775 -0.0101435825 0.00170681645 0 0 0
nt@synapse_cleft 2064 0.0301994246 0.0231245181 0.00860939454 0 0 0
nt@synapse_cleft 2074 0.0109835501 -0.0512045582 0.0182346784 0 0 0
nt@synapse_cleft 2091 -0.0150097898 0.0214941661 0.0168379883 0 0 0
nt@synapse_cleft 2092 0.0115511275 0.0252054341 0.0198813163 0 0 0
nt@synapse_cleft 2094 -0.0107854245 0.00193183631 0.0085961723 0 0 0
nt@synapse_cleft 2095 0.00529764073 0.0184765756 0.0180247641 0 0 0
nt@synapse_cleft 2096 -0.00995464236 -0.00820168149 0.00593725217 0 0 0
nt@synapse_cleft 2101 -0.0149800331 -0.0177322042 0.00699258113 0 0 0
nt@synapse_cleft 2104 0.0255850276 -0.00102495911 0.0151118096 0 0 0
nt@synapse_cleft 2112 -0.0157537175 -0.0214777137 0.00226395318 0 0 0
nt@synapse_cleft 2115 -0.0252457724 0.00126007144 0.017355246 0 0 0
nt@synapse_cleft 2124 0.000769563405 0.0443367399 0.0125183599 0 0 0
nt@synapse_cleft 2127 0.017986181 0.0127074772 0.00457596501 0 0 0
nt@synapse_cleft 2133 0.0131237016 -0.00800493443 0.00308771629 0 0 0
nt@synapse_cleft 2137 -0.0388890984 0.0423859504 0.00841510367 0 0 0
nt@synapse_cleft 2148 0.0309028776 -0.0468240342 0.00977443252 0 0 0
nt@synapse_cleft 2156 0.0228786344 -0.0267744491 0.0130340398 0 0 0
nt@synapse_cleft 2160 0.0208281359 0.00476645295 0.0124946164 0 0 0
nt@synapse_cleft 2162 -0.0227963734 0.0229856014 0.0107978497 0 0 0
nt@synapse_cleft 2163 0.0204531523 -0.00661431782 0.0162158356 0 0 0
nt@synapse_cleft 2170 0.0322251073 0.00764591048 0.017170993 0 0 0
nt@synapse_cleft 2177 -0.0144917291 -0.0179840249 0.000767499352 0 0 0
nt@synapse_cleft 2185 -0.00682543163 -0.0082304714 0.00340979253 0 0 0
nt@synapse_cleft 2187 -0.0176796984 0.00753321389 0.00573268385 0 0 0
nt@synapse_cleft 2188 -0.00652659328 0.0458801853 0.00392421838 0 0 0
nt@synapse_cleft 2199 0.00894244921 -0.0209914617 0.0104646424 0 0 0
nt@synapse_cleft 2204 -0.0318177761 -0.002912145 0.0182225343 0 0 0
nt@synapse_cleft 2206 -0.019171068 -0.0141642945 0.0189269176 0 0 0
nt@synapse_cleft 2207 0.0236392002 0.000956035784 0.0101681177 0 0 0
nt@synapse_cleft 2217 0.0232262951 -0.0366320037 0.00437924725 0 0 0
nt@synapse_cleft 2218 0.0051847262 0.0141709233 0.017197416 0 0 0
nt@synapse_cleft 2223 -0.0180956572 0.0218800114 0.0111147845 0 0 0
nt@synapse_cleft 2228 -0.011421773 0.00099296418 0.00806024531 0 0 0
nt@synapse_cleft 2235 -0.00419480898 -0.0101211 0.0115512489 0 0 0
nt@synapse_cleft 2236 0.0029252708 0.0240665861 0.0191015298 0 0 0
nt@synapse_cleft 2248 -0.0280110696 -0.00585165209 0.00508426324 0 0 0
nt@synapse_cleft 2251 0.00357784881 -0.000855283127 0.00872974558 0 0 0
nt@synapse_cleft 2254 -0.00369772497 -0.0152309861 0.0170533735 0 0 0
nt@synapse_cleft 2256 -0.0273127819 -0.0329549031 8.78305085e-06 0 0 0
nt@synapse_cleft 2257 0.00794909259 -0.00464219618 0.00829897879 0 0 0
nt@synapse_cleft 2262 -0.0087118712 0.0282653764 0.0138703837 0 0 0
nt@synapse_cleft 2265 0.0311627458 0.0236696466 0.00310597497 0 0 0
nt@synapse_cleft 2269 -0.0365692694 0.0142806939 0.0016431291 0 0 0
nt@synapse_cleft 2271 -0.0711050567 0.0184935281 0.00358436741 0 0 0
nt@synapse_cleft 2274 -0.00793351752 0.0378885296 0.00288499573 0 0 0
nt@synapse_cleft 2278 0.031374409 0.035350707 0.0101961594 0 0 0
nt@synapse_cleft 2279 -0.00510925383 0.0130949221 0.0096551172 0 0 0
nt@synapse_cleft 2283 0.0282799364 -0.0256548283 0.00891771064 0 0 0
nt@synapse_cleft 2284 0.0279633194 -0.00766759202 0.0146050834 0 0 0
nt@synapse_cleft 2285 -0.0110098736 -0.00540010641 0.0160185101 0 0 0
nt@synapse_cleft 2289 0.00327060853 -0.0033215825 0.000379551308 0 0 0
nt@synapse_cleft 2292 -0.0166983242 0.00972269557 0.00931247769 0 0 0
nt@synapse_cleft 2298 -0.0385689957 -0.0221677413 0.0177169071 0 0 0
nt@synapse_cleft 2304 -0.0189968463 0.0259885803 0.000229037149 0 0 0
nt@synapse_cleft 2306 0.00147319391 -0.0366163662 0.00384538257 0 0 0
nt@synapse_cleft 2308 -0.0214584065 0.0176473913 0.00402857293 0 0 0
nt@synapse_cleft 2309 0.0023297062 -0.00786031474 0.0187108489 0 0 0
nt@synapse_cleft 2314 -0.0106522984 -0.027998473 0.0185355258 0 0 0
nt@synapse_cleft 2317 0.0361571789 0.00849092918 0.00618783806 0 0 0
nt@synapse_cleft 2320 0.0155429324 -0.0349905256 0.00821313535 0 0 0
nt@synapse_cleft 2321 0.0509142958 -0.00392287474 0.00234468457 0 0 0
nt@synapse_cleft 2326 0.0198705295 0.0172276044 0.00195013231 0 0 0
nt@synapse_cleft 2327 -0.0331136976 -0.0340014833 0.0130489479 0 0 0
nt@synapse_cleft 2330 -0.0470643019 0.0245559048 0.00428191225 0 0 0
nt@synapse_cleft 2332 -0.01727859 -0.00686015936 0.013500154 0 0 0
nt@synapse_cleft 2343 0.0136830597 -0.00316937151 0.00614372289 0 0 0
nt@synapse_cleft 2349 0.0296409086 0.00790854757 0.0129977252 0 0 0
nt@synapse_cleft 2366 0.0223087435 0.0230730716 0.0111149313 0 0 0
nt@synapse_cleft 2367 -0.0259656074 -0.0266417936 0.0138861831 0 0 0
nt@synapse_cleft 2369 -0.0130128207 0.00833000531 0.0102313766 0 0 0
nt@synapse_cleft 2370 0.0110507096 -0.0228403608 0.000114480812 0 0 0
nt@synapse_cleft 2375 0.00768435512 0.00582274493 0.0108647365 0 0 0
nt@synapse_cleft 2383 0.0206528432 -0.0462076674 0.0118781919 0 0 0
nt@synapse_cleft 2386 -0.00685524777 -0.0135748536 0.00384924127 0 0 0
nt@synapse_cleft 2389 -0.00432167655 -0.0180537444 0.000102834667 0 0 0
nt@synapse_cleft 2397 0.0120812573 -0.0558328509 0.00747300629 0 0 0
nt@synapse_cleft 2400 -0.02196638 -0.0391683606 0.0186241293 0 0 0
nt@synapse_cleft 2410 0.0125985904 0.00336782122 0.0106706793 0 0 0
nt@synapse_cleft 2411 0.0160031978 -0.0421031154 0.000415263453 0 0 0
nt@synapse_cleft 2412 0.00137343916 0.00669688579 0.0122793522 0 0 0
nt@synapse_cleft 2417 -0.0111891193 0.010344927 0.00826857265 0 0 0
nt@synapse_cleft 2421 -0.00611023318 0.0252533219 0.00134175875 0 0 0
nt@synapse_cleft 2423 0.012585043 -0.0360632045 0.00166801348 0 0 0
nt@synapse_cleft 2434 0.00397418994 -0.0226891982 0.0180250215 0 0 0
nt@synapse_cleft 2437 0.0240943449 0.0142477352 0.0045135242 0 0 0
nt@synapse_cleft 2438 0.00115777019 -0.0446454349 0.0037881625 0 0 0
nt@synapse_cleft 2440 -0.0204162895 -0.0286961383 0.0105248077 0 0 0
nt@synapse_cleft 2446 -0.0255331989 0.0187741685 0.00639403847 0 0 0
nt@synapse_cleft 2448 -0.00273218983 0.00387874101 0.013813509 0 0 0
nt@synapse_cleft 2456 -0.0143539754 -0.00317626681 0.0156322759 0 0 0
nt@synapse_cleft 2459 0.000692701794 0.0424563474 0.000369311082 0 0 0
nt@synapse_cleft 2462 -0.0149628391 0.041603221 0.00408570324 0 0 0
nt@synapse_cleft 2463 0.00775345685 -0.0230555837 0.0174509623 0 0 0
nt@synapse_cleft 2466 0.0016308173 -0.0328526842 0.00516437526 0 0 0
nt@synapse_cleft 2467 -0.00788839976 0.0303945849 0.00240219794 0 0 0
nt@synapse_cleft 2468 -0.0519148085 -0.0160968974 0.00992132925 0 0 0
nt@synapse_cleft 2470 0.00449482117 0.0159055405 0.00402941991 0 0 0
nt@synapse_cleft 2472 0.0392929169 -0.0512124407 0.0194536318 0 0 0
nt@synapse_cleft 2480 -0.015867079 -0.0155790079 0.013809257 0 0 0
nt@synapse_cleft 2481 -0.0249342066 -0.00414797432 0.00397962487 0 0 0
nt@synapse_cleft 2483 0.0304659986 0.0126054582 0.00998338561 0 0 0
nt@synapse_cleft 2491 0.0100795064 -0.000965025148 0.0157441008 0 0 0
nt@synapse_cleft 2493 0.0198247224 -0.0508310087 0.0165482395 0 0 0
nt@synapse_cleft 2498 0.0180828325 -0.00645838183 0.00713422122 0 0 0
nt@synapse_cleft 2501 -0.00024670321 0.00998453724 0.00397604914 0 0 0
nt@synapse_cleft 2502 0.0157930662 -0.0408900734 0.0171928107 0 0 0
nt@synapse_cleft 2509 8.1022028e-05 -0.0273869733 0.0181809532 0 0 0
nt@synapse_cleft 2510 -0.0065554235 -0.00238365204 0.0152789776 0 0 0
nt@synapse_cleft 2513 -0.000273445865 0.011616484 0.00047843848 0 0 0
nt@synapse_cleft 2517 -0.00655290115 -0.00699067227 0.0172292769 0 0 0
nt@synapse_cleft 2520 0.0286655245 0.0271773888 0.00193989214 0 0 0
nt@synapse_cleft 2521 0.000782226478 0.021423175 0.00348678401 0 0 0
nt@synapse_cleft 2525 0.0238536024 0.0127721828 0.0119851427 0 0 0
nt@synapse_cleft 2528 -0.0125943057 0.00234627288 0.0067464454 0 0 0
nt@synapse_cleft 2539 -0.0152168272 0.0201368983 0.0195013219 0 0 0
nt@synapse_cleft 2542 0.0257303239 -0.0313438803 0.0171827418 0 0 0
nt@synapse_cleft 2549 -0.0210057127 0.0477389324 0.0114820181 0 0 0
nt@synapse_cleft 2550 0.0249491805 -0.00989390937 0.00456531052 0 0 0
nt@synapse_cleft 2555 0.0492032326 -0.0142172794 0.000332213218 0 0 0
nt@synapse_cleft 2560 -0.036492237 0.0102495378 0.000605279578 0 0 0
nt@synapse_cleft 2561 0.0196452248 0.0478069038 0.0100457333 0 0 0
nt@synapse_cleft 2563 0.00430463238 0.00760011695 0.0175500959 0 0 0
nt@synapse_cleft 2564 -0.00545825786 0.0381033952 0.00616242799 0 0 0
nt@synapse_cleft 2566 -0.00412651052 -0.010890746 0.0064249095 0 0 0
nt@synapse_cleft 2570 0.0199177341 0.00338923458 0.00464317691 0 0 0
nt@synapse_cleft 2571 0.007310198 -0.0414809551 0.00818785954 0 0 0
nt@synapse_cleft 2577 0.00711933548 0.0272140988 0.0165486545 0 0 0
nt@synapse_cleft 2586 0.0417842295 -0.00129373238 0.0146024107 0 0 0
nt@synapse_cleft 2591 -0.00827991918 -0.0109819329 0.000221461812 0 0 0
nt@synapse_cleft 2593 0.0569315304 0.0464448389 0.0195847373 0 0 0
nt@synapse_cleft 2597 -0.0140416607 0.0179262009 0.00255531242 0 0 0
nt@synapse_cleft 2600 0.0111059468 0.0441147894 0.0159881103 0 0 0
nt@synapse_cleft 2603 0.0158834155 -0.0156801164 0.010690012 0 0 0
nt@synapse_cleft 2604 0.0337999727 -0.00882535653 0.00418835727 0 0 0
nt@synapse_cleft 2610 0.00603099447 -0.0410997394 0.00430188306 0 0 0
nt@synapse_cleft 2613 -0.0329964474 -0.0303271618 0.0188083171 0 0 0
nt@synapse_cleft 2615 -0.0145151708 -0.0614219133 0.00797121072 0 0 0
nt@synapse_cleft 2617 -0.0165297656 0.024393992 0.0108677782 0 0 0
nt@synapse_cleft 2620 0.00609188304 -0.0365470906 0.000144260951 0 0 0
nt@synapse_cleft 2623 -0.023134802 -0.0309230667 0.0146261987 0 0 0
nt@synapse_cleft 2625 -0.0436684071 -0.0220873442 0.006613716 0 0 0
nt@synapse_cleft 2628 0.0316443505 -0.0241055266 0.0181168969 0 0 0
nt@synapse_cleft 2631 -0.00247459865 0.0223556071 0.0163339328 0 0 0
nt@synapse_cleft 2639 0.0132554418 -0.00343775229 0.00481088638 0 0 0
nt@synapse_cleft 2641 -0.0170166629 -0.0264433257 0.0109954274 0 0 0
nt@synapse_cleft 2642 -0.0442620218 -0.00273781709 0.00672836298 0 0 0
nt@synapse_cleft 2645 0.0101902444 0.0295411565 0.00370905542 0 0 0
nt@synapse_cleft 2650 0.0271292482 -0.012361657 0.0115795068 0 0 0
nt@synapse_cleft 2652 -0.0198264162 0.000893086377 0.0162295876 0 0 0
nt@synapse_cleft 2660 -0.0168368927 -0.0276938886 0.00924433426 0 0 0
nt@synapse_cleft 2661 0.0364045734 -0.0322930008 0.00317581945 0 0 0
nt@synapse_cleft 2670 -0.0332779365 -0.0139203901 0.0168206488 0 0 0
nt@synapse_cleft 2674 -0.0211487838 -0.0028628672 0.000785151121 0 0 0
nt@synapse_cleft 2675 -0.0074414279 0.00853638983 0.00568575643 0 0 0
nt@synapse_cleft 2680 -0.0613408209 -0.020829716 0.0102856859 0 0 0
nt@synapse_cleft 2681 -0.0318365728 -0.0210176218 0.00763785596 0 0 0
nt@synapse_cleft 2688 -0.060182084 0.0556573774 0.0073521032 0 0 0
nt@synapse_cleft 2692 0.0277998366 -0.018311282 0.0124337304 0 0 0
nt@synapse_cleft 2702 -0.00512965356 -0.016347793 0.000318308298 0 0 0
nt@synapse_cleft 2708 -0.0351759616 0.00513426514 0.0101429096 0 0 0
nt@synapse_cleft 2709 -0.00574859397 0.00129037694 0.0168841534 0 0 0
nt@synapse_cleft 2710 -0.00244981288 -0.0130741019 0.00751304426 0 0 0
nt@synapse_cleft 2713 -0.000184993968 -0.0254058811 0.0145338968 0 0 0
nt@synapse_cleft 2714 0.0403881102 0.0247539338 0.0063962348 0 0 0
nt@synapse_cleft 2720 0.00851116987 0.0172978018 0.00457221586 0 0 0
nt@synapse_cleft 2724 0.00468926596 -0.00699781884 2.84289826e-05 0 0 0
nt@synapse_cleft 2729 0.0180680634 -0.00838408645 0.0186782838 0 0 0
nt@synapse_cleft 2734 0.0440902264 -4.92425825e-05 0.0178314165 0 0 0
nt@synapse_cleft 2739 0.0346154188 -0.0149669426 0.0106061164 0 0 0
nt@synapse_cleft 2743 -0.000157528628 -0.0408064777 0.016702846 0 0 0
nt@synapse_cleft 2750 0.0460454257 -0.0312042766 0.00505254733 0 0 0
nt@synapse_cleft 2752 -0.0225587765 -0.0121641164 0.0104525252 0 0 0
nt@synapse_cleft 2756 0.0303407889 -0.00640597463 0.00606398587 0 0 0
nt@synapse_cleft 2758 0.000301195369 -0.023723244 0.0107793092 0 0 0
nt@synapse_cleft 2760 -0.00225747604 -0.0156617132 0.0163560913 0 0 0
nt@synapse_cleft 2766 -0.0476438095 0.0226166092 0.0190737167 0 0 0
nt@synapse_cleft 2775 0.035285301 -0.011756072 0.015370141 0 0 0
nt@synapse_cleft 2785 0.00337616573 0.0255356894 0.00928416447 0 0 0
nt@synapse_cleft 2798 -0.025360654 0.0121092921 0.0145116053 0 0 0
nt@synapse_cleft 2807 -0.0145365696 0.00403445414 0.00784760728 0 0 0
nt@synapse_cleft 2808 0.0165748029 0.0474288526 0.00102894848 0 0 0
nt@synapse_cleft 2812 -0.0467456441 -0.0367866306 0.00129957836 0 0 0
nt@synapse_cleft 2815 0.00232274692 0.00160492558 0.00869145637 0 0 0
nt@synapse_cleft 2820 0.0159394575 -0.000209324681 0.0106088059 0 0 0
nt@synapse_cleft 2828 0.0218352021 -0.0443184827 0.00755351588 0 0 0
nt@synapse_cleft 2837 -0.0138122322 0.0056159051 0.0155758258 0 0 0
nt@synapse_cleft 2848 0.0126815499 0.0169254154 0.0129660039 0 0 0
nt@synapse_cleft 2854 0.0196578869 -0.00314697946 0.00507244563 0 0 0
nt@synapse_cleft 2855 -0.0260673357 -0.0283198343 0.0014249568 0 0 0
nt@synapse_cleft 2857 0.0209193845 -0.0168500286 0.0173425493 0 0 0
nt@synapse_cleft 2861 -0.0256843093 -0.00247324903 0.00306392698 0 0 0
nt@synapse_cleft 2863 -0.0330677338 0.0172859198 0.00568374561 0 0 0
nt@synapse_cleft 2868 0.00264328197 0.0140922134 0.00480987169 0 0 0
nt@synapse_cleft 2871 0.00738113397 -0.0528489632 0.0117584677 0 0 0
nt@synapse_cleft 2875 0.000830548387 0.00685710815 0.0196067045 0 0 0
nt@synapse_cleft 2876 -0.0239965454 -0.00239013185 0.0155416858 0 0 0
nt@synapse_cleft 2880 -0.000545304662 0.0272030117 0.0149106015 0 0 0
nt@synapse_cleft 2884 0.0282256033 -0.0106379298 0.0100716758 0 0 0
nt@synapse_cleft 2887 0.00571759029 -0.0266968 0.0159323001 0 0 0
nt@synapse_cleft 2894 0.010413984 0.0163340185 0.00762144335 0 0 0
nt@synapse_cleft 2895 0.0562500498 -0.002123991 0.0103635594 0 0 0
nt@synapse_cleft 2897 0.0117565068 -0.0384458643 0.0166523106 0 0 0
nt@synapse_cleft 2905 -0.015566047 0.0193247734 0.0158740257 0 0 0
nt@synapse_cleft 2909 0.0392183906 -0.00800739803 0.00998907328 0 0 0
nt@synapse_cleft 2910 -0.0377274846 0.0123500655 0.00831326951 0 0 0
nt@synapse_cleft 2912 0.0254588056 -0.00917208397 0.0037138121 0 0 0
nt@synapse_cleft 2915 0.0273647298 -0.0269738843 0.00848897444 0 0 0
nt@synapse_cleft 2918 -0.011557432 -0.0541344446 0.016944272 0 0 0
nt@synapse_cleft 2920 0.020806987 -0.00828941583 0.0158157286 0 0 0
nt@synapse_cleft 2921 -0.00164828669 0.0435997042 0.0010071783 0 0 0
nt@synapse_cleft 2922 0.0606087296 -0.0118073334 0.0138534375 0 0 0
nt@synapse_cleft 2925 -0.0145033642 0.018462707 0.0165769575 0 0 0
nt@synapse_cleft 2928 -0.000571124039 0.0551189562 0.00843283771 0 0 0
nt@synapse_cleft 2933 -0.0147267314 -0.00980196241 0.0110348711 0 0 0
nt@synapse_cleft 2935 -0.0361028378 0.00423422343 0.0198382855 0 0 0
nt@synapse_cleft 2938 0.00831972764 -0.0283770229 0.00513454889 0 0 0
nt@synapse_cleft 2940 0.00131538991 -0.0229141723 0.00223314509 0 0 0
nt@synapse_cleft 2945 -0.0336385849 -0.0135833631 0.00498892914 0 0 0
nt@synapse_cleft 2946 0.008466834 -0.000827512571 0.00788391729 0 0 0
nt@synapse_cleft 2951 -0.0185251961 0.00638588348 0.00954298976 0 0 0
nt@synapse_cleft 2955 -0.0244113925 -0.00580179634 0.00246625615 0 0 0
nt@synapse_cleft 2961 0.0575510086 -0.0339607984 0.00887092834 0 0 0
nt@synapse_cleft 2962 0.0186581181 0.00915095467 0.0191002819 0 0 0
nt@synapse_cleft 2967 -0.0265450686 -0.0489781004 0.011831738 0 0 0
nt@synapse_cleft 2982 -0.00936667044 0.00369901775 0.00757365988 0 0 0
nt@synapse_cleft 2983 0.01149202 -0.0482033205 0.00415210567 0 0 0
nt@synapse_cleft 2992 -0.0377675011 0.0222277066 0.00621357314 0 0 0
nt@synapse_cleft 2993 -0.00857597822 0.0396309464 0.00196984767 0 0 0
nt@synapse_cleft 2997 0.0234690849 -0.0238070276 0.00123422604 0 0 0
nt@synapse_cleft 3006 0.0154568797 0.0331321752 0.0122769808 0 0 0
nt@synapse_cleft 3008 0.0153550096 0.0591379047 0.0151705477 0 0 0
nt@synapse_cleft 3012 0.0246239117 -0.00278344665 0.000223577387 0 0 0
nt@synapse_cleft 3019 -0.00414045026 -0.000562479204 0.00300830009 0 0 0
nt@synapse_cleft 3020 -0.0213080781 -0.0168357554 0.00671422716 0 0 0
nt@synapse_cleft 3024 0.0130538884 0.0158153932 0.00432311256 0 0 0
nt@synapse_cleft 3026 -0.0100713393 0.00734487199 0.0117208434 0 0 0
nt@synapse_cleft 3042 -0.0112241486 0.00889864567 0.014189712 0 0 0
nt@synapse_cleft 3047 0.0324480175 0.0428327887 0.00164202244 0 0 0
nt@synapse_cleft 3057 0.00957183339 -0.0209204072 0.0159144301 0 0 0
nt@synapse_cleft 3061 -0.00955177753 0.0248115617 0.0083748402 0 0 0
nt@synapse_cleft 3062 0.00782292052 -0.0263735064 0.00716380694 0 0 0
nt@synapse_cleft 3069 0.0454651793 -0.0316310453 0.00133498366 0 0 0
nt@synapse_cleft 3073 0.00439936769 0.0344971596 0.00613448227 0 0 0
nt@synapse_cleft 3076 -0.027352021 -0.0134121645 0.0027198793 0 0 0
nt@synapse_cleft 3078 -0.0285700908 -0.0173853092 0.0012038127 0 0 0
nt@synapse_cleft 3082 0.00689257511 0.0237377327 0.0147461317 0 0 0
nt@synapse_cleft 3089 0.00545879309 -0.00955719362 0.000223214057 0 0 0
nt@synapse_cleft 3092 -0.0129789249 0.00594637133 0.0194193957 0 0 0
nt@synapse_cleft 3096 -0.0038373907 0.0276878563 0.00190740647 0 0 0
nt@synapse_cleft 3097 0.0401172989 0.0119059402 0.00984178096 0 0 0
nt@synapse_cleft 3099 -0.0205669653 0.0154430349 0.0139894951 0 0 0
nt@synapse_cleft 3109 -0.0243598732 0.0230598372 0.0105408115 0 0 0
nt@synapse_cleft 3111 -0.00703973144 -0.0177588415 0.00249285634 0 0 0
nt@synapse_cleft 3113 -0.0100460957 0.0224126242 0.0146194501 0 0 0
nt@synapse_cleft 3114 0.0224210648 0.025644773 0.0157485742 0 0 0
nt@synapse_cleft 3122 -0.00330185477 -0.00201789592 0.00419248717 0 0 0
nt@synapse_cleft 3132 -0.0235498104 -0.0046940804 0.00816640465 0 0 0
nt@synapse_cleft 3134 0.00284755688 0.0304123389 0.0184975779 0 0 0
nt@synapse_cleft 3144 -0.00260274137 -0.0494406684 0.0198982953 0 0 0
nt@synapse_cleft 3147 -0.0114281553 0.00616922733 0.00817110495 0 0 0
nt@synapse_cleft 3150 0.024453505 -0.0667275607 0.0110412142 0 0 0
nt@synapse_cleft 3155 -0.0060817502 0.0225813049 0.0178060441 0 0 0
nt@synapse_cleft 3158 -0.0167540747 0.00227816536 0.00251709774 0 0 0
nt@synapse_cleft 3159 -0.0219950201 0.0237491962 0.0156807709 0 0 0
nt@synapse_cleft 3165 0.0250034796 -0.00172302886 0.0094221048 0 0 0
nt@synapse_cleft 3167 0.0019960418 0.0136645447 0.0136655299 0 0 0
nt@synapse_cleft 3177 0.0158345747 -0.0324352792 0.00567580378 0 0 0
nt@synapse_cleft 3178 -0.00183452839 -0.0156869422 0.00851963605 0 0 0
nt@synapse_cleft 3179 0.0133777641 -0.00333459557 0.00767421206 0 0 0
nt@synapse_cleft 3181 0.00969256902 0.0255413936 0.00962345951 0 0 0
nt@synapse_cleft 3182 -0.00758484633 -0.00812076028 0.0111075945 0 0 0
nt@synapse_cleft 3183 -0.00929020523 -0.018860162 0.0149404411 0 0 0
nt@synapse_cleft 3184 0.0029133152 0.0130953589 8.18281204e-05 0 0 0
nt@synapse_cleft 3185 -0.00718333549 -0.00988998435 0.000533451604 0 0 0
nt@synapse_cleft 3187 -0.021943184 0.00389249993 0.0160602997 0 0 0
nt@synapse_cleft 3190 0.018475346 -0.0111307253 0.00571303958 0 0 0
nt@synapse_cleft 3199 -0.000417731178 0.0407433971 0.0152691337 0 0 0
nt@synapse_cleft 3202 0.00480761169 0.0286719262 0.0194303317 0 0 0
nt@synapse_cleft 3207 -0.0209110718 -0.0105896888 0.0178408751 0 0 0
nt@synapse_cleft 3211 0.0104924516 0.00568842725 0.0082545904 0 0 0
nt@synapse_cleft 3214 0.00735425982 -0.00732677274 0.0144053048 0 0 0
nt@synapse_cleft 3220 -0.00315293869 0.0175999667 0.0107443031 0 0 0
nt@synapse_cleft 3222 -0.054206989 -0.0148690908 0.00541757745 0 0 0
nt@synapse_cleft 3227 0.00320711474 0.00503165615 0.012261982 0 0 0
nt@synapse_cleft 3230 -0.065648953 -0.0196219134 0.00176644069 0 0 0
nt@synapse_cleft 3247 0.0152264859 -0.00195194445 0.0184437851 0 0 0
nt@synapse_cleft 3248 -0.0175091424 -0.0234415491 0.019803464 0 0 0
nt@synapse_cleft 3249 -0.00421363049 0.0095315992 0.00862817702 0 0 0
nt@synapse_cleft 3275 -0.00211830477 -0.00767981182 0.0193745951 0 0 0
nt@synapse_cleft 3302 -0.00211934882 -0.0322910014 0.00216293908 0 0 0
nt@synapse_cleft 3304 0.0252037209 0.0591955648 0.00412012008 0 0 0
nt@synapse_cleft 3308 -0.0130929882 0.0316356551 0.000684584572 0 0 0
nt@synapse_cleft 3311 -0.0284162841 0.0190908783 0.0185978803 0 0 0
nt@synapse_cleft 3312 -0.0050050257 -0.0130761753 0.00339594762 0 0 0
nt@synapse_cleft 3313 -2.91376889e-05 -0.0162319333 0.0131337067 0 0 0
nt@synapse_cleft 3316 0.0123153528 -0.00366806318 0.00495042344 0 0 0
nt@synapse_cleft 3324 -0.00967544061 -0.00991016109 0.00470721888 0 0 0
nt@synapse_cleft 3326 0.00118491321 -0.0139637744 4.48174479e-05 0 0 0
nt@synapse_cleft 3327 0.000377364848 -0.0398043601 0.0194580029 0 0 0
nt@synapse_cleft 3334 0.0222838762 0.0111390567 0.0128496863 0 0 0
nt@synapse_cleft 3335 0.0304805334 0.00241852984 0.0147085607 0 0 0
nt@synapse_cleft 3338 0.0130291479 -0.031516063 0.00721393531 0 0 0
nt@synapse_cleft 3341 0.0149475957 0.0121839148 0.00391165245 0 0 0
nt@synapse_cleft 3342 0.00331527788 -0.00375625326 0.0164544402 0 0 0
nt@synapse_cleft 3347 0.0281804033 -0.0464599838 0.00876105925 0 0 0
nt@synapse_cleft 3354 -0.0135619617 -0.0199399579 0.0094519874 0 0 0
nt@synapse_cleft 3367 0.00205573573 0.0205639422 0.0119090014 0 0 0
nt@synapse_cleft 3372 -0.0348832356 -0.0174390754 0.00642012044 0 0 0
nt@synapse_cleft 3375 0.0525172807 0.0198460343 0.0158989367 0 0 0
nt@synapse_cleft 3378 0.0110137132 0.0324246318 0.0088342193 0 0 0
nt@synapse_cleft 3394 -0.00773812822 -0.0236366768 0.0117057002 0 0 0
nt@synapse_cleft 3401 0.0382359119 -0.00405055552 0.019680422 0 0 0
nt@synapse_cleft 3402 -0.0102103753 -0.0085113957 0.000298784079 0 0 0
nt@synapse_cleft 3404 0.0216435701 -0.0253652915 0.0111025204 0 0 0
nt@synapse_cleft 3405 0.024088136 0.0301728229 0.00840038632 0 0 0
nt@synapse_cleft 3407 0.00365554574 0.0463897146 0.00396736076 0 0 0
nt@synapse_cleft 3413 0.0166068747 0.00994872629 0.00523432422 0 0 0
nt@synapse_cleft 3415 -0.0141111827 0.0169114536 0.0151123186 0 0 0
nt@synapse_cleft 3419 -0.0286124732 0.0206690568 0.0147040263 0 0 0
nt@synapse_cleft 3429 0.0371108517 -0.0175356719 0.0161838388 0 0 0
nt@synapse_cleft 3432 0.0481422085 -0.0684942729 0.00740904203 0 0 0
nt@synapse_cleft 3434 0.00162331236 -0.0231561337 0.00207330234 0 0 0
nt@synapse_cleft 3445 0.00805250142 0.0125368347 0.0188482745 0 0 0
nt@synapse_cleft 3451 0.0182251273 0.0176888101 0.000505954011 0 0 0
nt@synapse_cleft 3455 -0.00130930768 -0.00699383176 0.0175998418 0 0 0
nt@synapse_cleft 3467 -0.0560190147 0.00713619262 0.0084186408 0 0 0
nt@synapse_cleft 3470 0.0310003946 -0.0149888903 0.018734204 0 0 0
nt@synapse_cleft 3472 -0.0200232337 0.0119181024 0.017205798 0 0 0
nt@synapse_cleft 3474 0.0330070213 -0.00607777436 0.00108796477 0 0 0
nt@synapse_cleft 3482 -0.0567727409 -0.0421800428 0.0146386703 0 0 0
nt@synapse_cleft 3484 -0.00674978595 0.0156080832 0.0141575449 0 0 0
nt@synapse_cleft 3496 0.00143213008 -0.00666863949 0.0196700051 0 0 0
nt@synapse_cleft 3500 0.0140049822 -0.0253104894 0.00881045038 0 0 0
nt@synapse_cleft 3502 0.0313366157 0.0300098729 0.00698885943 0 0 0
nt@synapse_cleft 3507 -0.0210514148 -0.00887104397 0.0162621947 0 0 0
nt@synapse_cleft 3511 0.0276207229 -0.021167235 0.0185561439 0 0 0
nt@synapse_cleft 3514 -0.00489199192 -0.0211013322 0.0136718897 0 0 0
nt@synapse_cleft 3519 0.0344069444 -0.0311997966 0.00471064484 0 0 0
nt@synapse_cleft 3525 -0.00562230334 -0.0191066681 0.00532863577 0 0 0
nt@synapse_cleft 3526 0.0211276199 -0.0353212459 0.00339713372 0 0 0
nt@synapse_cleft 3529 -0.0412206367 0.00995774118 0.00991666996 0 0 0
nt@synapse_cleft 3535 0.00315657242 -0.00842348973 0.00785091334 0 0 0
nt@synapse_cleft 3536 -0.0101301144 0.00811358565 0.00103020961 0 0 0
nt@synapse_cleft 3538 -0.0207726702 0.0039304491 0.000745717689 0 0 0
nt@synapse_cleft 3539 -0.0384162045 0.0239368476 0.00347191595 0 0 0
nt@synapse_cleft 3542 0.00728851675 0.0418324601 0.0159612678 0 0 0
nt@synapse_cleft 3543 -0.0147940388 -0.00206073365 0.012516965 0 0 0
nt@synapse_cleft 3546 -0.00657945368 0.00651163 0.0118046845 0 0 0
nt@synapse_cleft 3561 -0.0225911872 0.0135588329 0.00307683617 0 0 0
nt@synapse_cleft 3562 -0.0605107993 0.000509283626 0.0110033826 0 0 0
nt@synapse_cleft 3563 0.00681400208 -0.00761925168 0.0171129138 0 0 0
nt@synapse_cleft 3565 0.0322231716 -0.017962587 0.00777656123 0 0 0
nt@synapse_cleft 3566 0.00484928852 0.0545286898 0.00449787772 0 0 0
nt@synapse_cleft 3567 0.0141080208 0.0146949729 0.018164446 0 0 0
nt@synapse_cleft 3568 0.0247020019 -0.0367207789 0.0153908231 0 0 0
nt@synapse_cleft 3569 0.0278619424 -0.00826077978 0.0152137397 0 0 0
nt@synapse_cleft 3575 -0.023111113 0.00978828248 0.000199134227 0 0 0
nt@synapse_cleft 3576 0.0301176322 0.00188986022 0.00893466739 0 0 0
nt@synapse_cleft 3579 -0.000265355435 -0.02003884 0.00128184473 0 0 0
nt@synapse_cleft 3583 -0.0109078144 0.00549661164 0.0180996046 0 0 0
nt@synapse_cleft 3585 0.0148862344 -0.00193080867 0.0183571141 0 0 0
nt@synapse_cleft 3592 0.0322431801 0.0271037863 0.0153874991 0 0 0
nt@synapse_cleft 3597 0.0117316271 -0.0322175814 0.0188631461 0 0 0
nt@synapse_cleft 3599 0.0192697876 -0.0389771032 0.0174192541 0 0 0
nt@synapse_cleft 3602 -0.0373980385 -0.0158823756 0.00159837936 0 0 0
nt@synapse_cleft 3603 -0.00655311778 0.0326409701 0.0154871303 0 0 0
nt@synapse_cleft 3606 -0.0108907333 -0.00776822963 0.0140399767 0 0 0
nt@synapse_cleft 3610 -0.00805311521 0.00565333693 0.00878805448 0 0 0
nt@synapse_cleft 3611 0.021630375 -0.00633090005 0.00079121968 0 0 0
nt@synapse_cleft 3616 -0.029099005 0.0444713431 0.0162198287 0 0 0
nt@synapse_cleft 3617 0.000912619325 -0.0507719848 0.0158026097 0 0 0
nt@synapse_cleft 3620 0.011839218 0.0237830984 0.00860551563 0 0 0
nt@synapse_cleft 3625 0.0201276009 0.0100679582 0.0189606389 0 0 0
nt@synapse_cleft 3630 0.0181001882 0.0184664157 0.0139445574 0 0 0
nt@synapse_cleft 3635 -0.0122183324 0.00462097337 2.11739079e-05 0 0 0
nt@synapse_cleft 3636 -0.0287082805 -0.0057787196 0.009252329 0 0 0
nt@synapse_cleft 3637 0.0409031128 0.023498464 0.00459481546 0 0 0
nt@synapse_cleft 3640 -0.0134933037 0.00892727438 0.011223604 0 0 0
nt@synapse_cleft 3642 -0.0119899365 0.00263594149 0.0195964143 0 0 0
nt@synapse_cleft 3645 -0.00786882815 -0.0140244856 0.000769188716 0 0 0
nt@synapse_cleft 3654 0.00357315735 0.045952477 0.00197426734 0 0 0
nt@synapse_cleft 3656 0.0146553964 -0.0117211376 0.0127397682 0 0 0
nt@synapse_cleft 3658 0.0180328975 -0.0268731992 0.016650201 0 0 0
nt@synapse_cleft 3661 0.0245972925 8.82857214e-05 0.0193727128 0 0 0
nt@synapse_cleft 3664 0.0400626096 -0.0196668204 0.0151437009 0 0 0
nt@synapse_cleft 3667 -0.0113253353 0.00833689776 0.00586936812 0 0 0
nt@synapse_cleft 3670 0.026539267 -0.0342845275 0.018916492 0 0 0
nt@synapse_cleft 3676 -0.0362956688 -0.0057321154 0.0085962617 0 0 0
nt@synapse_cleft 3681 0.037291322 -0.0105305812 0.00213633665 0 0 0
nt@synapse_cleft 3689 -0.0102459437 -0.0138162039 0.015323562 0 0 0
nt@synapse_cleft 3690 0.0163020431 -0.0227330998 0.0176222969 0 0 0
nt@synapse_cleft 3693 -0.0520700108 -0.0360693978 0.00182181061 0 0 0
nt@synapse_cleft 3706 0.0345807356 0.000784816486 0.0130234473 0 0 0
nt@synapse_cleft 3707 -0.0419090332 -0.00469980216 0.0197824935 0 0 0
nt@synapse_cleft 3713 0.0320199397 -0.0301114836 0.0169305691 0 0 0
nt@synapse_cleft 3714 -0.0579947102 -0.00515033724 0.00588676823 0 0 0
nt@synapse_cleft 3726 0.0120630225 -0.0637403378 0.0111889478 0 0 0
nt@synapse_cleft 3728 0.00851993102 0.0247107424 0.00674603126 0 0 0
nt@synapse_cleft 3730 0.013410829 0.026840277 0.0173188344 0 0 0
nt@synapse_cleft 3731 -0.00144227479 0.0158498917 0.0192778855 0 0 0
nt@synapse_cleft 3732 -0.000626128998 -0.00349180645 0.0199984573 0 0 0
nt@synapse_cleft 3734 0.0110870384 0.00619561582 0.0134515208 0 0 0
nt@synapse_cleft 3737 0.00368958054 0.00778309262 0.0122674566 0 0 0
nt@synapse_cleft 3738 0.000297093453 0.0284557249 0.017431321 0 0 0
nt@synapse_cleft 3739 0.0102594756 0.0477965862 0.00667496936 0 0 0
nt@synapse_cleft 3745 -0.00400663337 0.0190426282 0.000395227267 0 0 0
nt@synapse_cleft 3751 0.0046739175 -0.00665635852 0.00714722587 0 0 0
nt@synapse_cleft 3758 -0.0207690958 -0.027330185 0.00257837019 0 0 0
nt@synapse_cleft 3759 0.00146522077 -0.0138074716 0.000610583558 0 0 0
nt@synapse_cleft 3760 -0.0152101268 0.045959587 0.00911022787 0 0 0
nt@synapse_cleft 3763 0.0492410576 0.0375643175 0.0150070575 0 0 0
nt@synapse_cleft 3768 0.00738838844 -0.019650035 0.00583765496 0 0 0
nt@synapse_cleft 3770 0.0149162254 0.00260897038 0.0107131594 0 0 0
nt@synapse_cleft 3771 0.0161987441 0.0169764942 0.0180495386 0 0 0
nt@synapse_cleft 3775 0.00779074585 0.00972673532 0.0134324972 0 0 0
nt@synapse_cleft 3783 -0.0256870113 -0.00176544732 0.018555854 0 0 0
nt@synapse_cleft 3788 -0.0222653059 -0.00514879839 0.001700951 0 0 0
nt@synapse_cleft 3793 -0.0197563768 -0.0199386741 0.0111299792 0 0 0
nt@synapse_cleft 3800 0.0350651 -0.00720029281 0.00601029613 0 0 0
nt@synapse_cleft 3802 0.0302645468 0.00625740346 0.00593927993 0 0 0
nt@synapse_cleft 3811 -0.0277998447 -0.0104985896 0.0174293048 0 0 0
nt@synapse_cleft 3821 0.0349369509 0.0268787393 0.00559147443 0 0 0
nt@synapse_cleft 3827 0.0130778778 0.0194747844 0.011103479 0 0 0
nt@synapse_cleft 3831 -0.00490946994 -0.0437448885 0.000797606115 0 0 0
nt@synapse_cleft 3834 0.0450699922 -0.0106447158 0.0166707874 0 0 0
nt@synapse_cleft 3835 0.0137985173 -0.0358454807 0.012338347 0 0 0
nt@synapse_cleft 3841 0.0183213345 -0.0247250713 0.0198531766 0 0 0
nt@synapse_cleft 3844 -0.0187978054 -0.00641668943 0.0128375038 0 0 0
nt@synapse_cleft 3846 -0.0128825214 0.00824043611 0.0128460309 0 0 0
nt@synapse_cleft 3848 0.0220998179 0.00861116044 0.0178858645 0 0 0
nt@synapse_cleft 3850 -0.024162318 0.00169963312 0.0163003611 0 0 0
nt@synapse_cleft 3859 0.0399520139 0.00507874611 0.00983752643 0 0 0
nt@synapse_cleft 3879 0.0135139657 -0.0392408083 0.00183012645 0 0 0
nt@synapse_cleft 3886 0.0191652603 0.0433845817 0.0125390321 0 0 0
nt@synapse_cleft 3891 -0.00344847678 -0.0176393445 0.0120843254 0 0 0
nt@synapse_cleft 3902 -0.0137304921 0.00468058604 0.00180882045 0 0 0
nt@synapse_cleft 3907 -0.0243597414 -0.0212555985 0.00349641598 0 0 0
nt@synapse_cleft 3909 0.0106809861 0.0366095384 0.00172009153 0 0 0
nt@synapse_cleft 3917 0.000713794665 -0.0170398022 0.00244642624 0 0 0
nt@synapse_cleft 3918 -0.00389018146 -0.00793395069 0.00581634463 0 0 0
nt@synapse_cleft 3921 0.019527544 0.0323248133 0.0190875946 0 0 0
nt@synapse_cleft 3927 0.00559151543 0.026625119 0.0174749706 0 0 0
nt@synapse_cleft 3932 0.00550302335 -0.00640014924 0.00956661382 0 0 0
nt@synapse_cleft 3936 -0.0290190554 0.015163333 0.0103710553 0 0 0
nt@synapse_cleft 3940 0.00210718054 -0.0217415928 0.00169078071 0 0 0
nt@synapse_cleft 3941 -0.0219879335 0.0106517063 0.0100099672 0 0 0
nt@synapse_cleft 3949 -0.0191731151 0.00141538254 0.0131478329 0 0 0
nt@synapse_cleft 3952 -0.018712034 0.00451004238 0.00631795817 0 0 0
nt@synapse_cleft 3953 0.0125333326 -0.0175100916 0.00141730359 0 0 0
nt@synapse_cleft 3956 -0.0110403644 -0.0158365318 0.0134168711 0 0 0
nt@synapse_cleft 3957 0.0278842597 -0.00359938814 0.0151913206 0 0 0
nt@synapse_cleft 3958 0.0186500578 0.0209546423 0.0158651625 0 0 0
nt@synapse_cleft 3962 -0.0301605478 0.0243254871 0.00811151205 0 0 0
nt@synapse_cleft 3963 0.0166181747 0.0346207004 0.00689276746 0 0 0
nt@synapse_cleft 3965 -0.0331643372 0.00208236834 0.00312068889 0 0 0
nt@synapse_cleft 3967 0.0203209982 -0.0168352126 0.00104936775 0 0 0
nt@synapse_cleft 3968 0.0197301664 -0.00387248805 0.0151468453 0 0 0
nt@synapse_cleft 3969 0.00895981518 -0.0360966406 0.0119763902 0 0 0
nt@synapse_cleft 3973 0.0222378549 0.00127350336 0.016769899 0 0 0
nt@synapse_cleft 3974 -0.0280555282 0.0365142661 0.0138819761 0 0 0
nt@synapse_cleft 3977 0.00217439934 0.0289529878 0.00185259894 0 0 0
nt@synapse_cleft 3978 0.0222117136 0.00383497259 0.019280154 0 0 0
nt@synapse_cleft 3983 -0.0200363022 -0.0280572931 0.00326451525 0 0 0
nt@synapse_cleft 3988 -0.00980805893 -0.0242656448 0.0116090009 0 0 0
nt@synapse_cleft 3989 0.045443198 0.00694921484 0.00813723935 0 0 0
nt@synapse_cleft 3991 0.0713409386 -0.0128746014 0.00619694115 0 0 0
nt@synapse_cleft 3992 0.00595308111 0.010753199 0.0196141168 0 0 0
nt@synapse_cleft 3993 -0.0283481975 0.00136837804 0.00413661603 0 0 0
nt@synapse_cleft 3995 -0.0425481608 0.0202907407 0.000577132514 0 0 0
nt@synapse_cleft 3997 -0.0508463275 -0.00108368044 0.0161509613 0 0 0
nt@synapse_cleft 3999 -0.0386505698 -0.00998565057 0.0174211863 0 0 0
nt@synapse_cleft 4009 0.00798246059 -0.0135389928 0.0040210657 0 0 0
nt@synapse_cleft 4011 0.0149040033 0.000475816889 0.000764748924 0 0 0
nt@synapse_cleft 4016 0.00121189215 0.0566647372 0.00651523477 0 0 0
nt@synapse_cleft 4018 0.0159432702 0.0104615054 0.0063513689 0 0 0
nt@synapse_cleft 4022 -0.018021 -0.0100065851 0.0087402969 0 0 0
nt@synapse_cleft 4024 -0.0081335107 0.0389513871 0.00654863822 0 0 0
nt@synapse_cleft 4025 -0.0263468139 -0.00493626556 0.010540422 0 0 0
nt@synapse_cleft 4027 0.0135214716 -0.0194933281 0.0049332715 0 0 0
nt@synapse_cleft 4028 -0.0178055404 0.0172010465 0.00388613768 0 0 0
nt@synapse_cleft 4033 -0.0121553355 -0.0143974806 0.00171653931 0 0 0
nt@synapse_cleft 4037 -0.0171400198 0.030700564 0.0171157237 0 0 0
nt@synapse_cleft 4040 0.00317780395 0.0128502457 0.0184729278 0 0 0
nt@synapse_cleft 4047 -0.0040806888 0.0186304237 0.018496266 0 0 0
nt@synapse_cleft 4049 0.0268477293 0.00102695991 0.012485447 0 0 0
nt@synapse_cleft 4051 0.0122055788 0.00974600014 0.0161642722 0 0 0
nt@synapse_cleft 4064 0.0127332933 0.00385018342 0.0132871653 0 0 0
nt@synapse_cleft 4070 -0.0146134282 0.0181513762 0.018618177 0 0 0
nt@synapse_cleft 4071 -0.0379799871 -0.0331388578 0.0158747556 0 0 0
nt@synapse_cleft 4087 -0.00140209342 0.0395135695 0.00693144029 0 0 0
nt@synapse_cleft 4094 0.0323729667 -0.0376503299 0.00627894507 0 0 0
nt@synapse_cleft 4095 0.015695174 0.0129407932 0.0192397925 0 0 0
nt@synapse_cleft 4099 -0.008583363 0.0304349739 0.00114681714 0 0 0
nt@synapse_cleft 4102 0.0333844484 -0.023203311 0.0197155319 0 0 0
nt@synapse_cleft 4103 -0.012917961 0.00332410712 0.00415041149 0 0 0
nt@synapse_cleft 4106 0.0147240462 0.0134051604 0.0125532469 0 0 0
nt@synapse_cleft 4110 -0.0220656334 0.0172940566 0.00558147818 0 0 0
nt@synapse_cleft 4111 0.0487905706 0.00775173557 0.00139896038 0 0 0
nt@synapse_cleft 4115 -0.00728833657 0.00786490449 0.0108836622 0 0 0
nt@synapse_cleft 4116 0.00714149974 -0.00167549849 0.0124942254 0 0 0
nt@synapse_cleft 4119 0.0258644619 -0.0412181167 0.0195341455 0 0 0
nt@synapse_cleft 4123 0.0211019851 0.0185760397 0.00456751634 0 0 0
nt@synapse_cleft 4126 0.0290904643 -0.0236009923 0.0177159491 0 0 0
nt@synapse_cleft 4129 -0.0218146419 0.00504510693 0.00103166433 0 0 0
nt@synapse_cleft 4131 -0.0294057477 0.0159043773 0.0157069531 0 0 0
nt@synapse_cleft 4132 0.0184924364 0.02008644 0.0195599853 0 0 0
nt@synapse_cleft 4135 -0.00265059659 -0.0138582966 0.00949002467 0 0 0
nt@synapse_cleft 4144 0.00676992184 -0.000918916287 0.00776146967 0 0 0
nt@synapse_cleft 4150 -0.0412101789 -0.0619098972 0.00903270583 0 0 0
nt@synapse_cleft 4153 -0.00458406599 -0.0165132136 0.0053054351 0 0 0
nt@synapse_cleft 4155 0.0208691363 -0.0384723806 0.0175328961 0 0 0
nt@synapse_cleft 4156 0.0256928098 -0.00692635971 0.0023119714 0 0 0
nt@synapse_cleft 4157 0.00612167352 0.0202867983 0.0174291414 0 0 0
nt@synapse_cleft 4158 -0.000943177008 -0.00110688711 0.00766460458 0 0 0
nt@synapse_cleft 4162 0.0281757712 -0.0270687946 0.00540033768 0 0 0
nt@synapse_cleft 4163 -0.00586822674 0.0308166144 0.00506981352 0 0 0
nt@synapse_cleft 4170 -0.0528133733 0.000232196073 0.0125220138 0 0 0
nt@synapse_cleft 4177 -0.0384516878 0.0587049924 0.00525248972 0 0 0
nt@synapse_cleft 4178 -0.0151721737 -0.0458262866 0.00687886522 0 0 0
nt@synapse_cleft 4184 0.00939998393 -0.0132531815 0.00173530168 0 0 0
nt@synapse_cleft 4187 -0.028726374 -0.0142818131 0.0155617437 0 0 0
nt@synapse_cleft 4193 -0.00715003338 -0.0306493803 0.0146760454 0 0 0
nt@synapse_cleft 4196 -0.0291530868 0.00960325564 0.00240553753 0 0 0
nt@synapse_cleft 4210 0.0159697778 -0.00318937348 0.0112135216 0 0 0
nt@synapse_cleft 4214 -0.039427674 0.0109180086 0.0109140547 0 0 0
nt@synapse_cleft 4215 0.0199617814 -0.0431414007 0.0106449708 0 0 0
nt@synapse_cleft 4220 -0.00309942865 -0.0159024348 0.0165916737 0 0 0
nt@synapse_cleft 4228 0.0189017165 -0.00961976464 0.00976575172 0 0 0
nt@synapse_cleft 4229 -0.0252075993 -0.0111436262 0.0190400833 0 0 0
nt@synapse_cleft 4230 -0.00753144355 0.0240771126 0.00640158193 0 0 0
nt@synapse_cleft 4233 0.0124887741 0.019236476 0.00628618827 0 0 0
nt@synapse_cleft 4234 -0.00658607577 -0.00765251482 0.00196154963 0 0 0
nt@synapse_cleft 4236 -0.0050825916 0.00890408822 0.0181100524 0 0 0
nt@synapse_cleft 4237 0.00523516016 -0.0198576608 0.0140960542 0 0 0
nt@synapse_cleft 4238 -0.0172883675 -0.0282387874 0.00770660627 0 0 0
nt@synapse_cleft 4241 -0.0387377251 0.00622385884 0.00774738269 0 0 0
nt@synapse_cleft 4242 0.0169982868 0.00229157196 0.0186342019 0 0 0
nt@synapse_cleft 4243 0.021161499 0.00480894847 0.0173311662 0 0 0
nt@synapse_cleft 4252 0.0430625782 -0.0155249414 0.014099671 0 0 0
nt@synapse_cleft 4254 0.00315818952 0.0299914768 0.00705451711 0 0 0
nt@synapse_cleft 4255 -0.0222182224 -0.045709163 0.0163081996 0 0 0
nt@synapse_cleft 4262 0.0376290513 -0.00476526763 0.005673113 0 0 0
nt@synapse_cleft 4271 0.000675005796 -0.0193727799 0.0155587993 0 0 0
nt@synapse_cleft 4272 -0.00769267527 0.0230129566 0.0146203467 0 0 0
nt@synapse_cleft 4279 0.00925330958 -0.0179341424 0.0157461521 0 0 0
nt@synapse_cleft 4283 -0.0305468112 0.0014702473 0.0122623358 0 0 0
nt@synapse_cleft 4284 0.0413293074 -0.0218168452 0.00128163445 0 0 0
nt@synapse_cleft 4285 -0.0248555361 0.0449204414 0.00210647926 0 0 0
nt@synapse_cleft 4287 0.052764499 0.00565110816 0.0163835039 0 0 0
nt@synapse_cleft 4288 0.0208754186 -0.014021681 0.0189718695 0 0 0
nt@synapse_cleft 4293 -0.00386219284 -0.0249633024 0.00768569581 0 0 0
nt@synapse_cleft 4297 0.0408676902 -0.0273975891 0.00313989207 0 0 0
nt@synapse_cleft 4301 0.0144820856 -0.0121095642 0.00591107904 0 0 0
nt@synapse_cleft 4312 -0.019249647 -0.0205547113 0.0138175932 0 0 0
nt@synapse_cleft 4317 -0.0129379378 0.0273925642 0.00585021615 0 0 0
nt@synapse_cleft 4318 -0.0236451863 -0.0248105691 0.00747615461 0 0 0
nt@synapse_cleft 4322 0.00808225715 0.0142457499 0.0116500466 0 0 0
nt@synapse_cleft 4326 0.0208264014 -0.00705327631 0.000837849335 0 0 0
nt@synapse_cleft 4330 -0.0177517722 0.00472614871 0.00772816159 0 0 0
nt@synapse_cleft 4334 0.00413883594 -0.00445163847 0.00435411977 0 0 0
nt@synapse_cleft 4339 -0.0108508054 -0.00964261152 0.00453016575 0 0 0
nt@synapse_cleft 4343 -0.0123592188 -0.0345493898 0.0183719536 0 0 0
nt@synapse_cleft 4346 -0.00273476242 -0.0161028046 0.0196586669 0 0 0
nt@synapse_cleft 4351 0.0466455069 0.00809497643 0.00370335452 0 0 0
nt@synapse_cleft 4359 0.0155345952 0.0118798583 0.0147753321 0 0 0
nt@synapse_cleft 4360 0.0165257282 0.0136039919 0.0157089665 0 0 0
nt@synapse_cleft 4363 -0.0388825719 -0.00210480331 0.00648987645 0 0 0
nt@synapse_cleft 4365 0.0171613724 0.00865277905 0.0194523442 0 0 0
nt@synapse_cleft 4372 -0.000767293371 -0.00899664648 0.00783683429 0 0 0
nt@synapse_cleft 4374 -0.01625271 -0.00557969302 0.0198361683 0 0 0
nt@synapse_cleft 4376 -0.0269455794 -0.00536751852 0.00230344922 0 0 0
nt@synapse_cleft 4381 -0.0103273822 -0.0337625671 0.00620357494 0 0 0
nt@synapse_cleft 4386 -0.00828422951 -0.0335485887 0.000360829206 0 0 0
nt@synapse_cleft 4391 0.0125528815 -0.0308275144 0.00548166655 0 0 0
nt@synapse_cleft 4392 -0.00939878233 0.00050821236 6.36262708e-05 0 0 0
nt@synapse_cleft 4394 0.0142674012 -0.01720616 0.00759363548 0 0 0
nt@synapse_cleft 4395 0.0103084919 -0.0274701895 0.0074077086 0 0 0
nt@synapse_cleft 4396 0.00834698828 -0.0439775333 0.0187867066 0 0 0
nt@synapse_cleft 4398 -0.017857931 0.00741011209 0.00888446499 0 0 0
nt@synapse_cleft 4399 0.0320331499 0.032094015 0.0190276935 0 0 0
nt@synapse_cleft 4403 -0.00841287046 -0.0278419225 0.0110057254 0 0 0
nt@synapse_cleft 4405 -0.0207392722 -0.0171190846 0.000958325769 0 0 0
nt@synapse_cleft 4407 0.0378450657 -0.0339079379 0.00721786966 0 0 0
nt@synapse_cleft 4414 0.0155936071 -0.016964321 0.0025696972 0 0 0
nt@synapse_cleft 4416 -0.0123941267 0.00569950674 0.00628983789 0 0 0
nt@synapse_cleft 4423 0.0290255314 -0.0103102199 0.00779233329 0 0 0
nt@synapse_cleft 4424 -0.023868031 -0.00785590881 0.0112794428 0 0 0
nt@synapse_cleft 4426 0.0124902144 -0.0107645196 0.00865359149 0 0 0
nt@synapse_cleft 4430 -0.00891208297 -0.00458334885 0.0107070029 0 0 0
nt@synapse_cleft 4431 0.0077858237 -0.0117700679 0.0063088098 0 0 0
nt@synapse_cleft 4434 0.0203488548 -0.0317636214 0.0153956942 0 0 0
nt@synapse_cleft 4436 0.0203602495 0.0166695921 0.00992725999 0 0 0
nt@synapse_cleft 4446 0.00801010063 0.0439856689 0.0179309914 0 0 0
nt@synapse_cleft 4449 0.0283899277 0.0454847781 0.0195207098 0 0 0
nt@synapse_cleft 4453 -0.0351649998 0.0159469512 0.00655142937 0 0 0
nt@synapse_cleft 4464 0.00385290633 -0.0339588636 0.0173637622 0 0 0
nt@synapse_cleft 4470 -0.00522099601 -0.0308946211 0.0163601837 0 0 0
nt@synapse_cleft 4473 -0.00695798107 -0.0150746103 0.00255285343 0 0 0
nt@synapse_cleft 4478 -0.00795233204 0.0265491807 0.0101005286 0 0 0
nt@synapse_cleft 4480 0.0011669045 0.0200004061 0.0167080119 0 0 0
nt@synapse_cleft 4482 -0.0140293871 0.000825743491 0.00607713544 0 0 0
nt@synapse_cleft 4485 0.022469087 -0.00527427292 0.00348354456 0 0 0
nt@synapse_cleft 4488 0.0300590326 0.00542707652 0.0145162767 0 0 0
nt@synapse_cleft 4489 0.0164989954 -0.00149760662 0.0021734364 0 0 0
nt@synapse_cleft 4491 -0.00945985889 0.0339827258 0.00700314273 0 0 0
nt@synapse_cleft 4496 -0.057417097 0.0409536949 0.01539693 0 0 0
nt@synapse_cleft 4499 -0.0056589246 -0.00109957794 0.00569899198 0 0 0
nt@synapse_cleft 4501 0.0102726799 0.00483687281 0.0137781372 0 0 0
nt@synapse_cleft 4514 0.00380026382 0.00777645519 0.00390953177 0 0 0
nt@synapse_cleft 4517 -0.0419056014 0.0443531408 0.00146394878 0 0 0
nt@synapse_cleft 4524 0.00237396218 -0.0366032628 0.0171885724 0 0 0
nt@synapse_cleft 4527 0.0263430062 -0.0204379114 0.00690996442 0 0 0
nt@synapse_cleft 4533 0.00300215236 -0.00668999291 0.00378647488 0 0 0
nt@synapse_cleft 4538 -0.0345589621 -0.0326351282 0.00318856094 0 0 0
nt@synapse_cleft 4540 0.0254829628 -0.00245473371 0.00487300049 0 0 0
nt@synapse_cleft 4542 0.00399476522 0.0239925611 0.00194302898 0 0 0
nt@synapse_cleft 4545 -0.0125841214 0.0212275794 0.0151996466 0 0 0
nt@synapse_cleft 4551 -0.0137333372 0.0200896095 0.0182351604 0 0 0
nt@synapse_cleft 4553 -0.0277354252 -0.00516640694 0.0118330619 0 0 0
nt@synapse_cleft 4559 -0.00535905562 0.0297757243 0.00650563807 0 0 0
nt@synapse_cleft 4565 -0.0401273479 -0.0178575451 0.0187759979 0 0 0
nt@synapse_cleft 4572 -0.00181402367 0.0072014797 0.00792491506 0 0 0
nt@synapse_cleft 4574 0.0354226305 -0.016945698 0.000493887262 0 0 0
nt@synapse_cleft 4576 -0.0419812754 -0.0203596399 0.0126249798 0 0 0
nt@synapse_cleft 4583 -0.0046140939 -0.00381133712 0.00430693083 0 0 0
nt@synapse_cleft 4587 0.0247444225 0.00348432866 0.0162038821 0 0 0
nt@synapse_cleft 4590 -0.046407832 -0.0265251977 0.0134727588 0 0 0
nt@synapse_cleft 4593 -0.0365279403 0.0439057003 0.00933443416 0 0 0
nt@synapse_cleft 4594 0.00834947632 0.00492476499 0.000989828334 0 0 0
nt@synapse_cleft 4595 0.0300083944 -0.0322875929 0.0159209572 0 0 0
nt@synapse_cleft 4600 -0.023337958 0.00254785991 0.0030057464 0 0 0
nt@synapse_cleft 4607 -0.00471691854 0.0510593755 0.0144782248 0 0 0
nt@synapse_cleft 4613 0.0405826159 -0.00711715188 0.00128103301 0 0 0
nt@synapse_cleft 4620 -0.00223182866 0.000643822239 0.00938818943 0 0 0
nt@synapse_cleft 4622 0.0544022847 0.0474681049 0.0106069602 0 0 0
nt@synapse_cleft 4624 0.0169110651 -0.0160055375 0.0167768918 0 0 0
nt@synapse_cleft 4626 0.0245346967 0.00397108629 0.014308375 0 0 0
nt@synapse_cleft 4628 -0.00730833165 0.00344298673 0.00570612612 0 0 0
nt@synapse_cleft 4641 0.0210198816 -0.0112503311 0.0010320642 0 0 0
nt@synapse_cleft 4654 0.0110910615 -0.0393494684 0.0137645853 0 0 0
nt@synapse_cleft 4658 -0.0245798855 0.0294129943 0.0154912778 0 0 0
nt@synapse_cleft 4659 -0.0508760149 0.021911317 0.00889191287 0 0 0
nt@synapse_cleft 4660 0.0262437828 -0.0249758321 0.0138269774 0 0 0
nt@synapse_cleft 4661 0.0193265177 -0.0357979764 0.00297868134 0 0 0
nt@synapse_cleft 4664 0.00858257017 -0.00351142033 0.00750934606 0 0 0
nt@synapse_cleft 4666 0.0529408521 0.018050172 0.017849177 0 0 0
nt@synapse_cleft 4671 -0.00500296905 -0.0199729273 0.00276783116 0 0 0
nt@synapse_cleft 4681 0.0125892258 -0.0226889335 0.0154765235 0 0 0
nt@synapse_cleft 4687 -0.00303525856 -0.00660697137 0.0163761859 0 0 0
nt@synapse_cleft 4699 -0.035126759 0.0119347572 0.000371286647 0 0 0
nt@synapse_cleft 4700 -0.0314697953 0.0603086556 0.0178591222 0 0 0
nt@synapse_cleft 4701 0.0188798294 0.0218534608 0.0120585837 0 0 0
nt@synapse_cleft 4706 0.0119276582 -0.0154018577 0.0075754526 0 0 0
nt@synapse_cleft 4709 -0.0108624888 0.0150797189 0.00702548183 0 0 0
nt@synapse_cleft 4710 -0.0165872286 -0.0468229611 0.00129035685 0 0 0
nt@synapse_cleft 4718 0.0306165128 0.0092469134 0.00522775883 0 0 0
nt@synapse_cleft 4732 -0.0171615303 0.0136478044 0.00282312079 0 0 0
nt@synapse_cleft 4736 8.52275035e-05 -0.007178629 0.00352035189 0 0 0
nt@synapse_cleft 4746 -0.0516207271 -0.0009196622 0.00137051638 0 0 0
nt@synapse_cleft 4750 0.00906521212 -0.0616932934 0.010285818 0 0 0
nt@synapse_cleft 4753 -0.0197199099 -0.000994617774 0.00674063202 0 0 0
nt@synapse_cleft 4754 -0.0167888722 0.00892459469 0.0112354856 0 0 0
nt@synapse_cleft 4756 -0.0168496238 0.0151813855 0.0129056929 0 0 0
nt@synapse_cleft 4758 -0.0419235171 0.0165519527 0.0172286847 0 0 0
nt@synapse_cleft 4764 0.0137129165 -0.0124620183 0.0101037065 0 0 0
nt@synapse_cleft 4767 0.0105921092 0.0232393067 6.45875239e-05 0 0 0
nt@synapse_cleft 4779 0.0332624847 -0.0267019676 0.00736396633 0 0 0
nt@synapse_cleft 4784 0.022249153 0.0080156907 0.0118527638 0 0 0
nt@synapse_cleft 4786 -0.00773013881 0.00681566312 0.0113227564 0 0 0
nt@synapse_cleft 4791 0.0256311025 -0.00626320613 0.00101831077 0 0 0
nt@synapse_cleft 4793 -0.0284857605 0.012889242 0.0188387745 0 0 0
nt@synapse_cleft 4800 0.0143902709 -0.00694927536 0.000603343019 0 0 0
nt@synapse_cleft 4801 -0.028276281 0.00433079542 0.00456890543 0 0 0
nt@synapse_cleft 4807 0.00507150099 -0.00814799075 0.0114758341 0 0 0
nt@synapse_cleft 4809 -0.0382555823 -0.0378313272 0.0191597354 0 0 0
nt@synapse_cleft 4812 -0.00213545788 -0.0549839576 0.00584325921 0 0 0
nt@synapse_cleft 4813 -0.0402393581 -0.0788235885 0.0118881723 0 0 0
nt@synapse_cleft 4814 -0.0293570681 0.0262697127 0.00377994146 0 0 0
nt@synapse_cleft 4816 -0.029625752 -0.0218220932 0.0156959799 0 0 0
nt@synapse_cleft 4822 0.0013480199 -0.0136266201 2.57412224e-05 0 0 0
nt@synapse_cleft 4823 -0.00118287248 0.0149197931 0.0184711001 0 0 0
nt@synapse_cleft 4824 0.0046736577 -0.0169945318 0.00692694566 0 0 0
nt@synapse_cleft 4829 0.0327241015 -0.0626582459 0.0196960581 0 0 0
nt@synapse_cleft 4830 -0.0147919045 0.0142613288 0.00734838634 0 0 0
nt@synapse_cleft 4833 -0.0143044564 -0.0245727802 0.012547833 0 0 0
nt@synapse_cleft 4838 -0.0110726525 0.0272416395 0.00824964767 0 0 0
nt@synapse_cleft 4839 0.00706721902 -0.00485145838 0.0170592486 0 0 0
nt@synapse_cleft 4844 0.0558699206 -0.0172704651 0.0147217587 0 0 0
nt@synapse_cleft 4852 -0.0193288592 -0.00658132463 0.0131021775 0 0 0
nt@synapse_cleft 4855 0.0358525601 0.00731709941 0.018545285 0 0 0
nt@synapse_cleft 4869 -0.027688776 0.0150738901 0.0173931188 0 0 0
nt@synapse_cleft 4871 0.0175715817 0.0226069369 0.00531067146 0 0 0
nt@synapse_cleft 4872 -0.0333295982 0.0242971688 0.015356192 0 0 0
nt@synapse_cleft 4880 -0.0113512485 -0.0176485237 0.0120978488 0 0 0
nt@synapse_cleft 4882 -0.0241128144 -0.0331942732 0.00151371998 0 0 0
nt@synapse_cleft 4883 -0.0250311509 0.00284735212 0.0162527251 0 0 0
nt@synapse_cleft 4890 -0.00118530804 0.00340762478 0.00518324014 0 0 0
nt@synapse_cleft 4891 -0.00225149182 -0.0172347625 0.0105599986 0 0 0
nt@synapse_cleft 4892 -0.0222641012 0.0181150711 0.007757303 0 0 0
nt@synapse_cleft 4896 -0.0152730547 -0.0250691534 0.0177355134 0 0 0
nt@synapse_cleft 4897 0.0356278245 -0.0153847837 0.00335168151 0 0 0
nt@synapse_cleft 4901 0.00339322541 0.0112173074 0.00619363129 0 0 0
nt@synapse_cleft 4905 -0.0126755112 -0.00199511075 0.00891764974 0 0 0
nt@synapse_cleft 4906 0.00122319737 -0.0281621977 0.0161441661 0 0 0
nt@synapse_cleft 4918 -0.00556236205 0.0167696814 0.00805530436 0 0 0
nt@synapse_cleft 4919 0.0170746588 0.000972799703 0.0102940788 0 0 0
nt@synapse_cleft 4925 0.0230598028 -0.00192119854 0.0194917484 0 0 0
nt@synapse_cleft 4928 0.00424988945 0.0537769786 0.00857535301 0 0 0
nt@synapse_cleft 4931 0.0143146154 -0.0110846458 0.0120114835 0 0 0
nt@synapse_cleft 4937 -0.0567162896 -0.00937542388 0.00152806641 0 0 0
nt@synapse_cleft 4946 -0.0207727762 0.0125808485 0.00070926282 0 0 0
nt@synapse_cleft 4956 0.0159141283 0.00263740382 0.0100905312 0 0 0
nt@synapse_cleft 4967 -0.00139253587 -0.00152473157 0.00336576161 0 0 0
nt@synapse_cleft 4972 0.0321918365 -0.0218972927 0.0144396936 0 0 0
nt@synapse_cleft 4973 -0.000827103082 0.0406904812 0.0162878242 0 0 0
nt@synapse_cleft 4979 -0.00750940795 -0.0103979905 0.00361858593 0 0 0
nt@synapse_cleft 4980 0.00891670905 0.00783258625 0.0186938432 0 0 0
nt@synapse_cleft 4981 -0.0134503546 -0.0204257976 0.00645884131 0 0 0
nt@synapse_cleft 4982 0.0115382512 -0.0162980332 0.0073718445 0 0 0
nt@synapse_cleft 4983 -0.0264078345 0.0301801251 0.00829071779 0 0 0
nt@synapse_cleft 4988 0.0141124407 -0.0135270731 0.00699355147 0 0 0
nt@synapse_cleft 4989 -0.011744037 -0.0200666427 0.0130391725 0 0 0
nt@synapse_cleft 4991 -0.00184871416 -0.0164760026 0.0179209096 0 0 0
nt@synapse_cleft 4994 -0.0329254745 0.014910174 0.00962374689 0 0 0
nt@synapse_cleft 5004 -0.0202153925 0.0329637456 0.0031500995 0 0 0
nt@synapse_cleft 5006 0.00783750791 -0.00707319455 0.00138578856 0 0 0
nt@synapse_cleft 5009 -0.0302426641 0.0124112146 0.00847384854 0 0 0
nt@synapse_cleft 5011 -0.010522687 -0.017220646 0.00350551749 0 0 0
nt@synapse_cleft 5015 -0.0309745272 -0.0239680337 0.00912846515 0 0 0
nt@synapse_cleft 5024 -0.00338896566 -0.00898499741 0.00478129941 0 0 0
nt@synapse_cleft 5044 -0.0363608733 0.00395742015 0.0188354997 0 0 0
nt@synapse_cleft 5045 0.0280014905 0.0166425641 0.00513932625 0 0 0
nt@synapse_cleft 5046 0.00082024169 -0.0106928146 0.00772101558 0 0 0
nt@synapse_cleft 5052 -0.0127716585 -0.0122521145 0.00687570033 0 0 0
nt@synapse_cleft 5055 -0.0181406518 0.0153037116 0.00433179593 0 0 0
nt@synapse_cleft 5059 -0.0300628772 0.027323258 0.0150204121 0 0 0
nt@synapse_cleft 5061 0.0189564465 -0.026456742 0.00451890332 0 0 0
nt@synapse_cleft 5063 -0.0237780292 0.0153478283 0.000182055723 0 0 0
nt@synapse_cleft 5065 0.0157913648 -0.0268537383 0.0151020492 0 0 0
nt@synapse_cleft 5077 0.0466065846 -0.00708488746 0.0120507214 0 0 0
nt@synapse_cleft 5081 0.012998142 0.0132003759 0.00099783064 0 0 0
nt@synapse_cleft 5082 0.0110325521 0.0585487953 0.0158239832 0 0 0
nt@synapse_cleft 5086 0.0309386581 0.0290268435 0.0126292529 0 0 0
nt@synapse_cleft 5105 0.00247246028 -0.0202697558 0.0144208734 0 0 0
nt@synapse_cleft 5106 -0.00571859224 -0.0162706648 0.0121796642 0 0 0
nt@synapse_cleft 5111 -0.0259154985 -0.0394870787 0.0099211501 0 0 0
nt@synapse_cleft 5126 -0.030876575 -0.0123828897 0.0125438997 0 0 0
nt@synapse_cleft 5133 -0.017528385 0.0254998979 0.0191765639 0 0 0
nt@synapse_cleft 5135 -0.0101570633 0.00539645409 0.00539420669 0 0 0
nt@synapse_cleft 5145 0.01527368 0.0202081379 0.0175369425 0 0 0
nt@synapse_cleft 5154 0.00932412996 0.0261985756 0.0171883802 0 0 0
nt@synapse_cleft 5159 -0.0324975644 -0.00153174681 0.01648318 0 0 0
nt@synapse_cleft 5160 0.0438365341 -0.0157705366 0.0160249105 0 0 0
nt@synapse_cleft 5163 0.00305204334 0.0210521833 0.0148811025 0 0 0
nt@synapse_cleft 5164 0.00342767483 -0.0207815259 0.00068858799 0 0 0
nt@synapse_cleft 5173 -0.0344468307 -0.00694861253 0.0190433851 0 0 0
nt@synapse_cleft 5175 -0.0324206223 0.0140406393 0.0161684818 0 0 0
nt@synapse_cleft 5176 -0.0241661137 0.0611529483 0.0198580336 0 0 0
nt@synapse_cleft 5179 0.0328898942 0.00507521026 0.00227432667 0 0 0
nt@synapse_cleft 5182 0.0435821386 0.0146730998 0.00115188722 0 0 0
nt@synapse_cleft 5183 0.0312563816 0.00802657583 0.0105594866 0 0 0
nt@synapse_cleft 5186 0.0190566792 -0.0140068345 0.0119576987 0 0 0
nt@synapse_cleft 5193 0.0181049051 0.00134803256 0.0184195647 0 0 0
nt@synapse_cleft 5196 -0.0177993682 -0.00819618161 0.013505561 0 0 0
nt@synapse_cleft 5198 0.00148367309 -0.0170322052 0.000643610444 0 0 0
