nt@synapse_cleft 0 0.0361564334 -0.00122646301 0.0168862153 0 0 0
nt@synapse_cleft 2 -0.0545580182 0.0186092767 0.000151473617 0 0 0
nt@synapse_cleft 7 0.0328171915 0.0220164708 0.00313139611 0 0 0
nt@synapse_cleft 9 0.0372212011 -0.0379886552 0.0149961116 0 0 0
nt@synapse_cleft 12 0.0093438043 0.0508912213 0.00737519685 0 0 0
nt@synapse_cleft 15 0.00325591196 0.0214722267 0.00739367647 0 0 0
nt@synapse_cleft 17 0.0344030944 0.00923617437 0.00194240509 0 0 0
nt@synapse_cleft 26 -0.0286458614 0.0122997812 0.0134983304 0 0 0
nt@synapse_cleft 35 0.00785700815 0.0534412943 0.0126705789 0 0 0
nt@synapse_cleft 45 -0.0221078313 0.0251874903 0.00997246043 0 0 0
nt@synapse_cleft 54 0.0139023546 0.0133877672 0.0102124603 0 0 0
nt@synapse_cleft 56 -0.0257500291 -0.0294216182 0.00692324434 0 0 0
nt@synapse_cleft 72 -0.025340927 0.0301932675 0.0141332545 0 0 0
nt@synapse_cleft 87 -0.00557820565 0.00188451617 0.00233844984 0 0 0
nt@synapse_cleft 89 0.0334761943 -0.012978829 0.0186852658 0 0 0
nt@synapse_cleft 100 -0.0251213103 -0.0303844778 0.00304761944 0 0 0
nt@synapse_cleft 103 0.0409160822 -0.0104121884 0.000509680235 0 0 0
nt@synapse_cleft 111 -0.0304492315 0.0404496189 0.00264063776 0 0 0
nt@synapse_cleft 114 0.0454445632 -0.0340846129 0.00555129667 0 0 0
nt@synapse_cleft 115 -0.00313070513 -0.0237466986 0.0171658519 0 0 0
nt@synapse_cleft 137 -0.0565676137 -0.0285470318 0.00691095366 0 0 0
nt@synapse_cleft 150 -0.00904962889 0.0304731852 0.0103650886 0 0 0
nt@synapse_cleft 156 -0.00338300439 -0.0194193651 0.00155638371 0 0 0
nt@synapse_cleft 167 -0.0148026743 -0.032239549 0.00776092372 0 0 0
nt@synapse_cleft 188 -0.0103048162 -0.025115801 0.00796058854 0 0 0
nt@synapse_cleft 194 -0.0126959166 -0.0336212871 9.23631776e-05 0 0 0
nt@synapse_cleft 195 0.0412780259 0.0619214882 0.00242491514 0 0 0
nt@synapse_cleft 199 0.0320066267 0.0160040492 0.0053256046 0 0 0
nt@synapse_cleft 206 -0.00197487746 -0.0274030507 0.0181983818 0 0 0
nt@synapse_cleft 224 -0.0157186138 0.0505441806 0.0155720402 0 0 0
nt@synapse_cleft 231 0.00555531184 0.0532386258 0.00641013669 0 0 0
nt@synapse_cleft 235 0.00232898419 0.00117117253 0.00687828316 0 0 0
nt@synapse_cleft 244 -0.0146273352 0.0212688562 0.000670114937 0 0 0
nt@synapse_cleft 248 0.0360096416 -0.0248695416 0.0164575665 0 0 0
nt@synapse_cleft 256 -0.0332444574 0.00375716718 0.000961398336 0 0 0
nt@synapse_cleft 284 -0.0448804387 0.0944468965 0.0142628948 0 0 0
nt@synapse_cleft 306 0.0213265493 -0.0327332686 0.0118813222 0 0 0
nt@synapse_cleft 307 -0.00874008212 -0.0148695323 0.00368374558 0 0 0
nt@synapse_cleft 318 -0.0229195051 -0.00988933075 0.00231268386 0 0 0
nt@synapse_cleft 321 0.0316887282 0.0308085894 0.00735338287 0 0 0
nt@synapse_cleft 325 -0.0669805613 0.0896189298 0.0136204721 0 0 0
nt@synapse_cleft 347 -0.00904322769 -0.00287277189 0.00206311254 0 0 0
nt@synapse_cleft 348 -0.0175769899 -0.0349624022 0.00273483758 0 0 0
nt@synapse_cleft 350 -0.00575490634 -0.00121540555 0.0153308686 0 0 0
nt@synapse_cleft 361 -0.0291279287 0.0116280431 0.0102982018 0 0 0
nt@synapse_cleft 371 -0.00216826155 0.03904436 0.00582385637 0 0 0
nt@synapse_cleft 376 -0.0249718657 0.0127454411 0.00541766402 0 0 0
nt@synapse_cleft 385 0.0190084974 0.0032028032 0.00863704141 0 0 0
nt@synapse_cleft 402 -0.00101267527 0.0468290736 0.00918996933 0 0 0
nt@synapse_cleft 406 -0.0260771907 -0.04062692 0.00371876212 0 0 0
nt@synapse_cleft 421 -0.0590879515 0.0195215473 0.00420589474 0 0 0
nt@synapse_cleft 426 0.0560188373 -0.0340752828 0.0141809449 0 0 0
nt@synapse_cleft 429 -0.0169062195 0.0199060908 0.013784701 0 0 0
nt@synapse_cleft 440 0.0483890728 -0.01032133 0.0145726541 0 0 0
nt@synapse_cleft 444 0.00946702739 0.0618331194 0.00608810736 0 0 0
nt@synapse_cleft 449 -0.00287507289 -0.0224592038 0.00396609105 0 0 0
nt@synapse_cleft 452 0.034828545 0.0529425294 0.00962407265 0 0 0
nt@synapse_cleft 455 0.0193700014 -0.0317061894 0.0196712215 0 0 0
nt@synapse_cleft 477 0.0145610444 0.00637021194 0.0199016761 0 0 0
nt@synapse_cleft 479 -0.01677798 0.0165408653 0.0105909667 0 0 0
nt@synapse_cleft 482 0.013459408 0.00748255942 0.00842592532 0 0 0
nt@synapse_cleft 499 0.0252001785 0.0101947049 0.00814109869 0 0 0
nt@synapse_cleft 501 0.0174426807 0.00687390424 0.00827299678 0 0 0
nt@synapse_cleft 503 0.0186265362 -0.0261672978 0.0178079798 0 0 0
nt@synapse_cleft 510 0.021999657 0.00102850855 0.0181586999 0 0 0
nt@synapse_cleft 514 -0.0227640001 0.00659705131 0.000283322361 0 0 0
nt@synapse_cleft 522 -0.0535961832 0.0176938917 0.0196893817 0 0 0
nt@synapse_cleft 524 -0.0126403709 0.0224551166 0.00210020302 0 0 0
nt@synapse_cleft 530 0.0170152741 -0.0050760128 0.0044498254 0 0 0
nt@synapse_cleft 536 -0.021583039 -0.0460091606 0.0012365419 0 0 0
nt@synapse_cleft 544 0.0163985581 -0.00875342113 0.0124185052 0 0 0
nt@synapse_cleft 546 -0.0586240061 0.0143021914 0.00425824068 0 0 0
nt@synapse_cleft 549 0.0710089531 -0.0189205523 0.00463094272 0 0 0
nt@synapse_cleft 551 0.0233569876 -0.0193226111 0.003588151 0 0 0
nt@synapse_cleft 557 -0.0501546705 0.0178137216 0.00812085564 0 0 0
nt@synapse_cleft 558 -0.000153029531 -0.00429290819 0.00114749629 0 0 0
nt@synapse_cleft 563 -0.00933681943 -0.0739025004 0.00279479307 0 0 0
nt@synapse_cleft 572 -0.0233485944 0.00853504964 0.00381549687 0 0 0
nt@synapse_cleft 575 -0.0186968883 -0.0037486954 0.00670127098 0 0 0
nt@synapse_cleft 591 -0.00288591508 0.0149254469 0.00282742848 0 0 0
nt@synapse_cleft 596 -0.0113784884 0.0205143047 0.0001110857 0 0 0
nt@synapse_cleft 598 -0.0041371981 0.0295000127 0.00691667778 0 0 0
nt@synapse_cleft 620 -0.0141388709 -0.0134423152 0.01491458 0 0 0
nt@synapse_cleft 624 0.0212350133 -0.0108737116 0.00315633745 0 0 0
nt@synapse_cleft 627 -0.0317959796 -0.0290808179 0.0158409356 0 0 0
nt@synapse_cleft 629 -0.00217985024 -0.0129078501 0.00251129417 0 0 0
nt@synapse_cleft 633 -0.0376429257 0.0405427185 0.0150841582 0 0 0
nt@synapse_cleft 634 0.0184058803 0.0169790972 0.0155880079 0 0 0
nt@synapse_cleft 639 -0.0170784317 -0.0232574732 0.0077891225 0 0 0
nt@synapse_cleft 645 -0.00303206056 0.00855271691 0.0124314675 0 0 0
nt@synapse_cleft 647 -0.00519415727 0.0309912388 0.00817720287 0 0 0
nt@synapse_cleft 661 -0.0256788486 -0.0413757872 0.0151716683 0 0 0
nt@synapse_cleft 664 -0.00200313998 0.0166130985 0.00126595179 0 0 0
nt@synapse_cleft 678 0.00558040977 -0.0335914033 0.0100476306 0 0 0
nt@synapse_cleft 681 0.0146857057 -0.0275664831 0.00960431836 0 0 0
nt@synapse_cleft 693 0.00555651859 0.0210911084 0.0102567077 0 0 0
nt@synapse_cleft 698 0.00111036229 -0.0124661784 0.0169676867 0 0 0
nt@synapse_cleft 699 -0.0192477367 -0.0637931972 0.00275122352 0 0 0
nt@synapse_cleft 712 -0.0131571461 0.00389467338 0.0130122094 0 0 0
nt@synapse_cleft 721 0.0185945568 -0.0271271623 0.00357728217 0 0 0
nt@synapse_cleft 726 -0.0124147247 0.0195233489 0.00451730427 0 0 0
nt@synapse_cleft 727 -0.0398396814 0.0169747993 0.000862330046 0 0 0
nt@synapse_cleft 728 0.00178604876 0.0192948235 0.00489291073 0 0 0
nt@synapse_cleft 732 0.0155752988 0.0365077703 0.00809746778 0 0 0
nt@synapse_cleft 735 -0.0740244169 -0.0015079643 0.00371838148 0 0 0
nt@synapse_cleft 741 0.0467500204 0.0113993988 0.00865096988 0 0 0
nt@synapse_cleft 750 0.0211354208 0.0276754456 0.0149775789 0 0 0
nt@synapse_cleft 754 -0.0111351099 -0.0179120142 0.0022908083 0 0 0
nt@synapse_cleft 760 -0.00565221087 -0.0530728019 0.013254151 0 0 0
nt@synapse_cleft 762 0.00457675509 -0.0109566001 0.00666281917 0 0 0
nt@synapse_cleft 765 -0.0168579202 0.0457025452 0.00950868103 0 0 0
nt@synapse_cleft 768 -0.00773627118 -0.00372159485 0.0129321252 0 0 0
nt@synapse_cleft 769 -0.00265602912 0.0483380443 0.0155454692 0 0 0
nt@synapse_cleft 779 -0.021108024 0.0047491256 0.00156685119 0 0 0
nt@synapse_cleft 797 0.00707646179 0.0445185141 0.00540972685 0 0 0
nt@synapse_cleft 803 -0.0175639053 -0.0571394537 0.0101980452 0 0 0
nt@synapse_cleft 816 0.00994595722 0.0101790408 0.000849891979 0 0 0
nt@synapse_cleft 831 0.0296528469 -0.00658792437 0.00455228227 0 0 0
nt@synapse_cleft 833 -0.0139655703 -0.0162500225 0.0160897438 0 0 0
nt@synapse_cleft 837 -0.00927036556 -0.00359985344 0.00995883376 0 0 0
nt@synapse_cleft 844 -0.030462819 0.0259892237 0.00990065861 0 0 0
nt@synapse_cleft 847 0.00637579285 -0.00902739289 0.0198713851 0 0 0
nt@synapse_cleft 850 -0.00648954041 0.0171035398 0.0167570019 0 0 0
nt@synapse_cleft 854 -0.00168517992 0.0373716162 0.00671657181 0 0 0
nt@synapse_cleft 866 -0.0180929754 -0.0224201661 0.00385413129 0 0 0
nt@synapse_cleft 877 -0.0438614435 0.0202856431 0.000295805855 0 0 0
nt@synapse_cleft 884 0.015597019 -0.0145736295 0.0185027686 0 0 0
nt@synapse_cleft 904 -0.0686210398 0.0126765822 0.01239275 0 0 0
nt@synapse_cleft 908 -0.0543014572 -0.0365821966 0.000618378095 0 0 0
nt@synapse_cleft 909 0.0321936773 0.00223748175 0.00702188021 0 0 0
nt@synapse_cleft 913 -0.0260870976 0.0244253746 0.0196463659 0 0 0
nt@synapse_cleft 918 0.0778833715 0.0115544743 0.0155748438 0 0 0
nt@synapse_cleft 932 0.0198179736 -0.0710937834 0.0118310098 0 0 0
nt@synapse_cleft 938 -0.00791670707 -0.0104821888 0.0108922213 0 0 0
nt@synapse_cleft 940 -0.0593972204 -0.0527700012 0.0135692271 0 0 0
nt@synapse_cleft 942 0.0119267201 -0.0531483403 0.0168734247 0 0 0
nt@synapse_cleft 943 0.0390823905 0.00380479188 0.0194673515 0 0 0
nt@synapse_cleft 944 -0.00978296422 -0.0507027439 0.00420946806 0 0 0
nt@synapse_cleft 945 0.000353409916 0.036549205 0.00397503664 0 0 0
nt@synapse_cleft 947 -0.027221371 0.0167232766 0.0156189673 0 0 0
nt@synapse_cleft 953 -0.0227963637 -0.00200660173 0.00755189937 0 0 0
nt@synapse_cleft 957 0.0670716624 -0.0218791414 0.00577716011 0 0 0
nt@synapse_cleft 961 -0.0190813646 -0.00460732171 0.00635926009 0 0 0
nt@synapse_cleft 967 0.0426722673 -0.00143436008 0.00767908445 0 0 0
nt@synapse_cleft 978 -0.0582335983 0.000648098854 0.0158810429 0 0 0
nt@synapse_cleft 998 0.00633504065 -0.0154906724 0.0143127757 0 0 0
nt@synapse_cleft 999 0.0547156369 -0.0444898579 0.0153805797 0 0 0
nt@synapse_cleft 1002 0.00501052305 0.0238264998 0.0150787091 0 0 0
nt@synapse_cleft 1013 -0.04243437 0.0476393501 0.016746079 0 0 0
nt@synapse_cleft 1018 -0.00583488404 -0.00874039009 0.00800883192 0 0 0
nt@synapse_cleft 1027 0.0263259323 0.0456831952 0.0119489498 0 0 0
nt@synapse_cleft 1035 -0.0398779609 -0.0232623007 0.0033463584 0 0 0
nt@synapse_cleft 1048 -0.0195560374 -0.0445604627 0.0183425405 0 0 0
nt@synapse_cleft 1062 0.041757164 0.0135829922 0.0165988196 0 0 0
nt@synapse_cleft 1077 -0.0519541078 0.00424683497 0.00944215141 0 0 0
nt@synapse_cleft 1080 -0.0466749177 0.0211313166 0.0153203556 0 0 0
nt@synapse_cleft 1092 -0.0279993179 -0.0108956665 0.00573137273 0 0 0
nt@synapse_cleft 1107 0.00607970706 0.00238403965 0.000480881109 0 0 0
nt@synapse_cleft 1113 -0.0305742728 -0.00493148265 0.008968148 0 0 0
nt@synapse_cleft 1114 -0.00111694718 -0.0271466346 0.0168707786 0 0 0
nt@synapse_cleft 1130 0.01710227 -0.00243095401 0.0193035584 0 0 0
nt@synapse_cleft 1136 -0.00628193574 -0.0357161366 0.00497979347 0 0 0
nt@synapse_cleft 1140 0.00288826194 -0.0502289179 0.0189280527 0 0 0
nt@synapse_cleft 1144 -0.00494981076 -0.0139359781 0.0131304605 0 0 0
nt@synapse_cleft 1145 0.0806373657 0.00341448553 0.0149401422 0 0 0
nt@synapse_cleft 1149 -0.0228119297 0.00491096513 0.0110603979 0 0 0
nt@synapse_cleft 1152 0.0508615768 0.00222724528 0.0112137284 0 0 0
nt@synapse_cleft 1165 0.0675367101 0.0270542273 0.0159596497 0 0 0
nt@synapse_cleft 1167 0.0446030049 0.0338523272 0.0194525823 0 0 0
nt@synapse_cleft 1172 -0.00124832532 -0.000387194013 0.0197884684 0 0 0
nt@synapse_cleft 1177 -0.0142774269 0.0851005807 0.00958355758 0 0 0
nt@synapse_cleft 1186 -0.0614892941 0.0143221001 0.000853800996 0 0 0
nt@synapse_cleft 1188 0.0169676689 -0.0212163764 0.015061017 0 0 0
nt@synapse_cleft 1193 -0.017370236 -0.028304691 0.0095765577 0 0 0
nt@synapse_cleft 1200 -0.00328672856 0.0117893844 0.011231486 0 0 0
nt@synapse_cleft 1203 -0.0215592413 0.0272759645 0.00973391359 0 0 0
nt@synapse_cleft 1204 0.020067129 0.0311187513 0.000488294895 0 0 0
nt@synapse_cleft 1205 -0.0144758691 -0.0235827903 0.0199996193 0 0 0
nt@synapse_cleft 1206 -0.0124887313 0.00381657797 0.00157012298 0 0 0
nt@synapse_cleft 1237 -0.0387938214 -0.0125746403 0.00201559646 0 0 0
nt@synapse_cleft 1238 -0.0538305668 -0.0400577209 0.0100241702 0 0 0
nt@synapse_cleft 1248 0.0152658499 0.0513602602 0.00480309059 0 0 0
nt@synapse_cleft 1251 -0.0322170401 0.0016043909 0.0110572656 0 0 0
nt@synapse_cleft 1252 -0.0169785113 -0.0163586632 0.0186424623 0 0 0
nt@synapse_cleft 1270 0.0585917397 0.0298550155 0.000481160474 0 0 0
nt@synapse_cleft 1289 0.059778146 -0.000211786841 0.00582843562 0 0 0
nt@synapse_cleft 1298 -0.00597271596 -0.0216037984 0.0169309453 0 0 0
nt@synapse_cleft 1302 -0.0204173265 0.0355961159 0.000870314517 0 0 0
nt@synapse_cleft 1311 0.00322351682 -0.0288207762 0.00465464208 0 0 0
nt@synapse_cleft 1316 -0.0314463717 -0.0204993089 0.00113597262 0 0 0
nt@synapse_cleft 1326 0.00947200633 0.00229939593 0.0166536505 0 0 0
nt@synapse_cleft 1328 0.0177458059 0.016532461 0.0150939679 0 0 0
nt@synapse_cleft 1343 0.0164849226 -0.0152753971 0.00654505329 0 0 0
nt@synapse_cleft 1347 -0.0451215813 -0.0144943186 0.00697575849 0 0 0
nt@synapse_cleft 1349 0.0281614776 -0.0133729135 0.00806342124 0 0 0
nt@synapse_cleft 1368 0.0188546529 -0.00235078457 0.0180460695 0 0 0
nt@synapse_cleft 1372 -0.00288513851 0.0382867047 0.00478560627 0 0 0
nt@synapse_cleft 1380 -0.0241063271 0.0280408566 0.0174614171 0 0 0
nt@synapse_cleft 1384 -0.0447110109 0.0165238032 0.012401356 0 0 0
nt@synapse_cleft 1400 -0.0336191877 0.0366208128 0.00485209238 0 0 0
nt@synapse_cleft 1403 -0.00215643583 0.00751321285 0.00634107695 0 0 0
nt@synapse_cleft 1408 -0.0318409214 -0.0194829475 0.0125603263 0 0 0
nt@synapse_cleft 1416 0.0164325811 0.0258413965 0.014741873 0 0 0
nt@synapse_cleft 1419 -0.00145392764 -0.00603404558 0.00785421453 0 0 0
nt@synapse_cleft 1425 -0.00876285037 -0.0236110105 0.00299219839 0 0 0
nt@synapse_cleft 1427 0.00579648055 -0.0209676395 0.0033957547 0 0 0
nt@synapse_cleft 1438 -0.0260704485 -0.0126280414 0.00909924426 0 0 0
nt@synapse_cleft 1440 -0.0127229822 0.0367691064 0.00429983811 0 0 0
nt@synapse_cleft 1442 -0.00420088867 0.023623795 0.00818078436 0 0 0
nt@synapse_cleft 1444 -0.0229140065 -0.0066856106 0.0030279347 0 0 0
nt@synapse_cleft 1446 -0.0143735475 -0.0366383593 0.0063919405 0 0 0
nt@synapse_cleft 1452 -0.0447565596 -0.0291228638 0.00491395215 0 0 0
nt@synapse_cleft 1455 -0.0290012262 0.00606439503 0.0169702176 0 0 0
nt@synapse_cleft 1470 -0.093667421 -0.0425458661 0.00493540704 0 0 0
nt@synapse_cleft 1472 -0.0667452832 -0.00329928178 0.00953817417 0 0 0
nt@synapse_cleft 1479 -0.0191652673 0.0387958256 0.0045738362 0 0 0
nt@synapse_cleft 1481 0.00220927493 -0.00694543346 0.00973976304 0 0 0
nt@synapse_cleft 1484 -0.00340888192 0.0184091638 0.00794470874 0 0 0
nt@synapse_cleft 1485 -0.00872170355 -0.0301775395 0.0141298142 0 0 0
nt@synapse_cleft 1487 -0.00157598889 -0.0340142174 0.014667755 0 0 0
nt@synapse_cleft 1488 0.0450986549 0.0211542966 0.0125142071 0 0 0
nt@synapse_cleft 1496 -0.0119367345 0.0415643615 0.0046199602 0 0 0
nt@synapse_cleft 1506 0.0268313456 0.0113560652 0.0104279538 0 0 0
nt@synapse_cleft 1508 0.0500565753 0.0123521572 0.00977842938 0 0 0
nt@synapse_cleft 1512 0.0309019846 -0.00848789308 0.014536128 0 0 0
nt@synapse_cleft 1527 -0.00744640211 0.0393679283 0.000564414465 0 0 0
nt@synapse_cleft 1528 -0.0476214379 0.00298093977 0.00268740675 0 0 0
nt@synapse_cleft 1531 -0.00158598229 0.00634983659 0.0046735749 0 0 0
nt@synapse_cleft 1538 0.00486531462 0.00719364273 0.00929097259 0 0 0
nt@synapse_cleft 1542 -0.00822831746 0.0240609606 0.00915778803 0 0 0
nt@synapse_cleft 1553 0.05254903 0.0131524025 0.0136874795 0 0 0
nt@synapse_cleft 1561 0.00420663244 -0.0468670454 0.0146735265 0 0 0
nt@synapse_cleft 1565 -0.00713357535 -0.0134039416 0.0196848092 0 0 0
nt@synapse_cleft 1571 -0.0337515207 -0.0286731172 0.0177890407 0 0 0
nt@synapse_cleft 1573 0.000786387207 0.0339750622 0.0199845634 0 0 0
nt@synapse_cleft 1592 0.0216149212 -0.0423455756 0.00287948572 0 0 0
nt@synapse_cleft 1600 0.0178076558 -0.0391512604 0.017934051 0 0 0
nt@synapse_cleft 1605 0.0305967468 -0.00910405441 0.0164300515 0 0 0
nt@synapse_cleft 1606 -0.0494122231 0.00139714675 0.0072187713 0 0 0
nt@synapse_cleft 1611 0.0189931775 -0.0139213037 0.00643343782 0 0 0
nt@synapse_cleft 1617 -0.0194706047 -0.0449471405 0.0122297309 0 0 0
nt@synapse_cleft 1628 0.0180093384 0.0320328249 0.0040725376 0 0 0
nt@synapse_cleft 1641 0.0310126386 0.0320443584 0.00951085471 0 0 0
nt@synapse_cleft 1655 0.0105644461 0.0266864044 0.00784295551 0 0 0
nt@synapse_cleft 1658 0.026446728 0.0459344834 0.00834969299 0 0 0
nt@synapse_cleft 1675 -0.0206081426 0.0185734913 0.0172509099 0 0 0
nt@synapse_cleft 1678 0.00904569776 -0.00606630968 0.000454407249 0 0 0
nt@synapse_cleft 1681 0.00611999268 -0.0170586776 0.00987609063 0 0 0
nt@synapse_cleft 1686 -0.013395683 0.0414341192 0.0163961613 0 0 0
nt@synapse_cleft 1687 -0.0394194826 -0.0403129113 0.0126897825 0 0 0
nt@synapse_cleft 1689 0.00104612638 0.0200730093 0.00352141826 0 0 0
nt@synapse_cleft 1692 -0.0272296808 0.00183765276 0.0180874971 0 0 0
nt@synapse_cleft 1695 0.0307564332 -0.00857388157 0.00542679586 0 0 0
nt@synapse_cleft 1701 0.0163002429 0.00244800696 0.00247286452 0 0 0
nt@synapse_cleft 1707 -0.0258052293 -0.0104892978 0.0172293758 0 0 0
nt@synapse_cleft 1715 0.00680586734 0.0179206083 0.00981985376 0 0 0
nt@synapse_cleft 1721 0.0276613807 -0.0572807649 0.0154482081 0 0 0
nt@synapse_cleft 1729 -0.0032659499 -0.0334716827 0.0153473942 0 0 0
nt@synapse_cleft 1736 0.0257311639 0.00470960062 0.0032375734 0 0 0
nt@synapse_cleft 1742 0.0169290423 -0.0546924098 0.0120519923 0 0 0
nt@synapse_cleft 1743 0.0188970904 0.0310560557 0.0054835027 0 0 0
nt@synapse_cleft 1745 -0.0189989131 0.0199721762 0.000940797533 0 0 0
nt@synapse_cleft 1746 0.0148574295 -0.0200424322 0.0107952591 0 0 0
nt@synapse_cleft 1751 0.0476462367 -0.00104417127 0.0179628012 0 0 0
nt@synapse_cleft 1759 -0.0118024147 -0.0210036476 0.00952758766 0 0 0
nt@synapse_cleft 1762 -0.0208140741 -0.0213554629 0.0115534494 0 0 0
nt@synapse_cleft 1768 0.00623500594 -0.048881571 0.0180192429 0 0 0
nt@synapse_cleft 1775 -0.0165569942 -0.00428438621 0.0162513372 0 0 0
nt@synapse_cleft 1781 -0.00807022192 0.0544636382 0.00767032147 0 0 0
nt@synapse_cleft 1793 0.0261664226 0.0375842984 0.00685799211 0 0 0
nt@synapse_cleft 1795 0.0423180243 -0.0191083536 0.0161219163 0 0 0
nt@synapse_cleft 1804 0.0135260061 0.0235095878 0.0179409812 0 0 0
nt@synapse_cleft 1815 -0.0236889554 -0.0194750357 0.000363679772 0 0 0
nt@synapse_cleft 1824 0.0305525021 -0.00257073672 0.00280894315 0 0 0
nt@synapse_cleft 1829 0.0471864895 -0.00912198394 0.0189877697 0 0 0
nt@synapse_cleft 1830 -0.0491467802 -0.0167220587 0.0110459519 0 0 0
nt@synapse_cleft 1837 -0.0357715154 -0.00579988446 0.00956983696 0 0 0
nt@synapse_cleft 1838 0.00570172472 -0.0552786681 0.00105186497 0 0 0
nt@synapse_cleft 1843 0.00775389582 0.019570165 0.0129426194 0 0 0
nt@synapse_cleft 1846 -0.0136700022 -0.015624434 0.0140995483 0 0 0
nt@synapse_cleft 1853 0.0472506911 -0.0254293063 0.0180900849 0 0 0
nt@synapse_cleft 1854 0.0206307979 -0.00224400747 0.006050358 0 0 0
nt@synapse_cleft 1856 0.0212498354 -0.0164212514 0.012912224 0 0 0
nt@synapse_cleft 1872 0.00107846079 -0.00539010428 0.0192384045 0 0 0
nt@synapse_cleft 1877 0.0237772888 0.030306935 0.0139145049 0 0 0
nt@synapse_cleft 1880 -0.0255859181 -0.0258670053 0.00452474381 0 0 0
nt@synapse_cleft 1883 0.0298730635 0.00998219301 0.0161203929 0 0 0
nt@synapse_cleft 1885 -0.0166549071 0.00505485854 0.00515282281 0 0 0
nt@synapse_cleft 1887 0.0112711028 0.0180998564 0.00155131716 0 0 0
nt@synapse_cleft 1892 -0.00139404817 0.00469398159 0.0078631459 0 0 0
nt@synapse_cleft 1896 0.0100290082 0.0220063345 0.0116723855 0 0 0
nt@synapse_cleft 1904 -0.0357180941 0.0413574314 0.00589280644 0 0 0
nt@synapse_cleft 1918 -0.0300432943 0.0561483007 0.0194620202 0 0 0
nt@synapse_cleft 1923 -0.0126840091 0.0262428206 0.0122073607 0 0 0
nt@synapse_cleft 1926 -0.00527389223 -0.0077693302 0.016129456 0 0 0
nt@synapse_cleft 1932 0.0257089117 -0.0108654003 0.0112877878 0 0 0
nt@synapse_cleft 1942 0.0400954459 -0.0408444721 0.00773514633 0 0 0
nt@synapse_cleft 1946 -0.0158007645 -0.0208270399 0.0124435803 0 0 0
nt@synapse_cleft 1961 0.0446897014 0.0210135581 0.0134128856 0 0 0
nt@synapse_cleft 1967 -0.0044203971 -0.0286497187 0.0131626694 0 0 0
nt@synapse_cleft 1970 -0.0211928014 -0.0524795331 0.00680866475 0 0 0
nt@synapse_cleft 1973 0.0227789023 0.0193325989 0.0113665227 0 0 0
nt@synapse_cleft 1976 -0.0527760574 -0.0116855598 0.000722137356 0 0 0
nt@synapse_cleft 1980 -0.00500528608 -0.0118287342 0.0170375094 0 0 0
nt@synapse_cleft 1984 -0.0363087191 -0.0258395108 0.00209005073 0 0 0
nt@synapse_cleft 1990 0.0140126198 0.0117228826 0.000338101776 0 0 0
nt@synapse_cleft 1997 -0.00507771449 0.0164208186 0.0111852978 0 0 0
nt@synapse_cleft 2004 -0.0321711393 0.0132325041 0.0187256474 0 0 0
nt@synapse_cleft 2013 -0.00224552398 -0.0102170595 0.017204114 0 0 0
nt@synapse_cleft 2014 0.0184298332 0.000216611077 0.00979073066 0 0 0
nt@synapse_cleft 2019 0.0153849722 -0.00993392447 0.00680879891 0 0 0
nt@synapse_cleft 2032 -0.0197919632 0.0114507126 0.00446438924 0 0 0
nt@synapse_cleft 2036 0.0642080868 -0.0420192588 0.0118725881 0 0 0
nt@synapse_cleft 2061 0.0165307384 -0.00892455719 0.00715831404 0 0 0
nt@synapse_cleft 2064 0.0211591947 0.0327755006 0.0100065958 0 0 0
nt@synapse_cleft 2092 0.0235014526 0.0275029492 0.00940328264 0 0 0
nt@synapse_cleft 2096 -0.0195003199 -0.0155984343 0.00561550252 0 0 0
nt@synapse_cleft 2104 0.05008971 -0.0294431426 0.0173958334 0 0 0
nt@synapse_cleft 2112 0.00369504862 -0.0283500428 0.0100892444 0 0 0
nt@synapse_cleft 2124 0.000511246127 0.0628184781 0.0107093125 0 0 0
nt@synapse_cleft 2127 0.0254202946 -0.0151037675 0.00593403792 0 0 0
nt@synapse_cleft 2137 -0.0620177152 0.0630385834 0.0158660823 0 0 0
nt@synapse_cleft 2156 0.0494980771 -0.0323130322 0.00757728309 0 0 0
nt@synapse_cleft 2162 -0.00915169518 0.0233612839 0.0195988424 0 0 0
nt@synapse_cleft 2163 0.00958005856 -0.0108913197 0.0148843569 0 0 0
nt@synapse_cleft 2185 -0.031838025 -0.00158904285 0.0192869589 0 0 0
nt@synapse_cleft 2187 -0.0315752493 0.00225445319 0.010405392 0 0 0
nt@synapse_cleft 2199 0.00518117215 -0.0132073548 0.00575837003 0 0 0
nt@synapse_cleft 2204 -0.0154139826 0.0286870142 0.00401231588 0 0 0
nt@synapse_cleft 2218 -0.00115838504 -0.00711407428 0.0196507606 0 0 0
nt@synapse_cleft 2223 -0.0161427815 -0.00882624295 0.00756798264 0 0 0
nt@synapse_cleft 2228 -0.00618178233 0.0235902617 0.0156682375 0 0 0
nt@synapse_cleft 2251 0.0168266556 0.00698681357 0.00817105178 0 0 0
nt@synapse_cleft 2254 -0.00803077872 -0.0336565638 0.0137340198 0 0 0
nt@synapse_cleft 2257 0.00898280579 -0.00782678375 0.0124798308 0 0 0
nt@synapse_cleft 2262 -0.0161821161 -0.00666762055 0.0181084948 0 0 0
nt@synapse_cleft 2271 -0.0345580598 0.0136591181 0.0197780323 0 0 0
nt@synapse_cleft 2274 0.00020137516 0.025467899 0.00510972631 0 0 0
nt@synapse_cleft 2278 0.0295938346 0.0415073219 0.00430498465 0 0 0
nt@synapse_cleft 2279 -0.0342632344 0.014816567 0.0170560627 0 0 0
nt@synapse_cleft 2283 0.0383493763 -0.02813441 0.0123222888 0 0 0
nt@synapse_cleft 2284 0.0333430244 -0.00843687495 0.0120088435 0 0 0
nt@synapse_cleft 2285 -0.00734270382 -0.00600216031 0.0102529155 0 0 0
nt@synapse_cleft 2298 -0.0427793688 -0.03475458 0.011278915 0 0 0
nt@synapse_cleft 2306 -0.0111359956 -0.0638108581 0.00291732428 0 0 0
nt@synapse_cleft 2308 -0.0505204732 0.0354110206 0.0141571682 0 0 0
nt@synapse_cleft 2309 0.00481104534 0.0223855138 0.0175350844 0 0 0
nt@synapse_cleft 2314 0.00380592248 -0.0165575008 0.00802305606 0 0 0
nt@synapse_cleft 2320 0.00912480457 -0.0277268304 0.00314929165 0 0 0
nt@synapse_cleft 2321 0.0456820289 0.0113369698 0.00101287909 0 0 0
nt@synapse_cleft 2327 -0.033727345 -0.0167630089 0.0113559608 0 0 0
nt@synapse_cleft 2330 -0.0287697489 0.0128154248 0.0171818188 0 0 0
nt@synapse_cleft 2349 0.0441204708 0.030441819 0.00772302641 0 0 0
nt@synapse_cleft 2367 -0.0309969605 -0.0558047398 7.683097e-05 0 0 0
nt@synapse_cleft 2369 -0.0350232355 0.00448828739 0.00662046549 0 0 0
nt@synapse_cleft 2383 0.00568050735 -0.0813120731 0.0130085902 0 0 0
nt@synapse_cleft 2389 0.00789561021 -0.0163709537 0.0114130232 0 0 0
nt@synapse_cleft 2400 -0.0156617848 -0.0153020706 0.0180989933 0 0 0
nt@synapse_cleft 2411 0.0246578627 -0.0399872305 0.0163689661 0 0 0
nt@synapse_cleft 2412 0.000839794018 0.00549007083 0.0183644071 0 0 0
nt@synapse_cleft 2421 0.0127555686 0.0285569975 0.000702807494 0 0 0
nt@synapse_cleft 2423 0.00766522641 -0.0515198548 0.00665541905 0 0 0
nt@synapse_cleft 2437 0.0440331472 -0.00186975646 0.0106803236 0 0 0
nt@synapse_cleft 2438 0.0175590702 -0.038081723 0.000540381376 0 0 0
nt@synapse_cleft 2448 -0.00215648421 0.0215051368 0.00444983772 0 0 0
nt@synapse_cleft 2456 -0.0275356988 -0.0191350177 0.00127211574 0 0 0
nt@synapse_cleft 2462 -0.0108399567 0.02738854 0.0032513549 0 0 0
nt@synapse_cleft 2468 -0.0414285066 -0.0343736539 0.0128498687 0 0 0
nt@synapse_cleft 2472 0.0607818192 -0.0314998315 0.00599242387 0 0 0
nt@synapse_cleft 2481 -0.0151486284 -0.0283023175 0.0137418965 0 0 0
nt@synapse_cleft 2483 0.0213355623 0.0144715199 0.00180384029 0 0 0
nt@synapse_cleft 2491 0.0152687023 0.0311499171 0.0191123143 0 0 0
nt@synapse_cleft 2493 0.0229735433 -0.0427468428 0.0128833422 0 0 0
nt@synapse_cleft 2498 0.00395736935 -0.0185196417 0.00085562059 0 0 0
nt@synapse_cleft 2502 0.026410051 -0.0295942074 0.0164456643 0 0 0
nt@synapse_cleft 2509 0.00336894148 -0.0173875647 0.000220246396 0 0 0
nt@synapse_cleft 2513 -0.0180484722 0.0252749738 0.00768324962 0 0 0
nt@synapse_cleft 2517 -0.00665830243 -0.00159119456 0.0191398676 0 0 0
nt@synapse_cleft 2520 0.0214609526 0.0329207127 0.0116472849 0 0 0
nt@synapse_cleft 2528 0.00930746795 -0.0036318262 0.0153217227 0 0 0
nt@synapse_cleft 2539 0.00461643332 0.0157810394 0.00615344123 0 0 0
nt@synapse_cleft 2542 0.0289053784 -0.0289939037 0.0086197188 0 0 0
nt@synapse_cleft 2549 -0.0184992898 0.0570667723 0.0166409353 0 0 0
nt@synapse_cleft 2550 0.0545164709 0.0169968586 0.0167370897 0 0 0
nt@synapse_cleft 2555 0.0615727273 -0.0223490996 0.0114165487 0 0 0
nt@synapse_cleft 2560 -0.0318565207 -0.00212848084 0.0110225169 0 0 0
nt@synapse_cleft 2561 0.0162314116 0.0493586736 0.0125854514 0 0 0
nt@synapse_cleft 2563 -0.000390711306 0.00933044839 0.00714149482 0 0 0
nt@synapse_cleft 2564 -0.00691515585 0.0562255266 0.0114656953 0 0 0
nt@synapse_cleft 2566 -0.00343858392 0.0177693839 0.00898946558 0 0 0
nt@synapse_cleft 2570 0.00135096826 0.00736732221 0.00897248112 0 0 0
nt@synapse_cleft 2577 0.000814175797 0.0182903901 0.00823093739 0 0 0
nt@synapse_cleft 2603 0.0345927949 -0.0252698334 0.018193754 0 0 0
nt@synapse_cleft 2604 0.05718769 -0.0305577366 0.0185538441 0 0 0
nt@synapse_cleft 2610 -0.000174006575 -0.0231668267 0.0194774834 0 0 0
nt@synapse_cleft 2625 -0.0537683526 -0.0163818975 0.0016781905 0 0 0
nt@synapse_cleft 2628 0.0200952183 -0.025342751 0.0171634982 0 0 0
nt@synapse_cleft 2639 0.00161844112 -0.0142848122 0.00896675376 0 0 0
nt@synapse_cleft 2641 -0.0192487387 -0.0159502004 0.0153974766 0 0 0
nt@synapse_cleft 2652 0.00750348695 0.000628781854 0.0169578702 0 0 0
nt@synapse_cleft 2660 -0.0169285343 -0.0228872725 0.00810475894 0 0 0
nt@synapse_cleft 2670 -0.00221169385 -0.00889407056 0.00714715754 0 0 0
nt@synapse_cleft 2680 -0.0560116253 -0.0311650135 0.00178084991 0 0 0
nt@synapse_cleft 2681 -0.0368734774 -0.0322777336 0.0172954321 0 0 0
nt@synapse_cleft 2688 -0.0429172983 0.0725535869 0.00944402897 0 0 0
nt@synapse_cleft 2702 -0.0195524748 -0.00854250428 0.000959990033 0 0 0
nt@synapse_cleft 2708 -0.0376890189 0.0144333702 0.0115167866 0 0 0
nt@synapse_cleft 2709 0.0240417597 -0.0120514693 0.0168715962 0 0 0
nt@synapse_cleft 2720 0.0158335336 0.00761932248 0.01030025 0 0 0
nt@synapse_cleft 2724 -0.00308820888 -0.0187627542 0.0143319744 0 0 0
nt@synapse_cleft 2729 0.00982504042 -0.0494859294 0.015955639 0 0 0
nt@synapse_cleft 2743 -0.000169703112 -0.0558805463 0.00810816802 0 0 0
nt@synapse_cleft 2750 0.00901310232 -0.0540302501 0.00616987343 0 0 0
nt@synapse_cleft 2752 -0.0286498655 -0.0286968652 0.00876786027 0 0 0
nt@synapse_cleft 2756 0.0370682216 -0.0241887897 0.0105433944 0 0 0
nt@synapse_cleft 2766 -0.0345642773 0.0227215075 0.00314605182 0 0 0
nt@synapse_cleft 2775 0.0272109394 -0.0291304916 0.0160298277 0 0 0
nt@synapse_cleft 2785 0.0137566534 0.0427087647 0.0116015062 0 0 0
nt@synapse_cleft 2798 -0.0350393049 0.00928487028 0.0124244778 0 0 0
nt@synapse_cleft 2807 -0.028637949 0.0142604738 0.0142169575 0 0 0
nt@synapse_cleft 2808 0.0343581784 0.0612885291 0.00409440235 0 0 0
nt@synapse_cleft 2820 0.0102019463 -0.000738531359 0.0174121337 0 0 0
nt@synapse_cleft 2828 -0.000662127634 -0.0446771982 0.00115407269 0 0 0
nt@synapse_cleft 2857 0.0220306608 -0.038545483 0.00672790546 0 0 0
nt@synapse_cleft 2861 -0.010253098 0.0154951914 0.0101620811 0 0 0
nt@synapse_cleft 2863 -0.0502318646 0.000203940882 0.00479394512 0 0 0
nt@synapse_cleft 2875 0.0215685033 0.0150125659 0.0146988715 0 0 0
nt@synapse_cleft 2876 0.00671119045 -0.00204509443 0.0190860051 0 0 0
nt@synapse_cleft 2880 0.0197921804 -0.0165745466 0.0108314432 0 0 0
nt@synapse_cleft 2884 0.0210804737 0.0154988018 0.00874050865 0 0 0
nt@synapse_cleft 2894 0.0215754347 0.0202516573 0.00844570725 0 0 0
nt@synapse_cleft 2895 0.0626413916 -0.0153616335 0.0110412541 0 0 0
nt@synapse_cleft 2905 -0.00508981733 0.0079445653 0.00896934061 0 0 0
nt@synapse_cleft 2909 0.0473244586 -0.012436642 0.0189590159 0 0 0
nt@synapse_cleft 2910 -0.0598291383 0.0050458229 0.0118439203 0 0 0
nt@synapse_cleft 2912 -1.94190984e-05 -0.0134759873 0.0125888535 0 0 0
nt@synapse_cleft 2915 0.0342381279 -0.0458083948 0.012128357 0 0 0
nt@synapse_cleft 2920 -0.00306756071 -0.00275895114 0.00880845804 0 0 0
nt@synapse_cleft 2933 -0.0121418256 -0.0205191817 0.00548460508 0 0 0
nt@synapse_cleft 2935 -0.0351983013 0.00242284392 0.0168955096 0 0 0
nt@synapse_cleft 2940 -0.00375693642 -0.0197812959 0.00546765041 0 0 0
nt@synapse_cleft 2962 0.0215427055 -0.0062182596 0.000924118851 0 0 0
nt@synapse_cleft 2983 0.00903909155 -0.0260965305 0.0066452949 0 0 0
nt@synapse_cleft 2993 -0.0158357011 0.0460523276 0.0179709779 0 0 0
nt@synapse_cleft 3006 0.0496632851 0.0668429786 0.00504824228 0 0 0
nt@synapse_cleft 3012 0.0212533182 -0.0117374402 0.0189143172 0 0 0
nt@synapse_cleft 3019 -0.034403362 -0.00428700529 0.00931090973 0 0 0
nt@synapse_cleft 3020 -0.0146387731 -0.03064244 0.00266395589 0 0 0
nt@synapse_cleft 3042 -0.0109129717 0.00799452917 0.0167160076 0 0 0
nt@synapse_cleft 3047 0.0245723107 0.0595174635 0.00903007866 0 0 0
nt@synapse_cleft 3057 0.0461866885 -0.00530610663 0.0192624625 0 0 0
nt@synapse_cleft 3061 -0.0177069045 0.028467438 0.00171311372 0 0 0
nt@synapse_cleft 3069 0.0411021695 -0.0254266303 0.0195680017 0 0 0
nt@synapse_cleft 3073 0.0123331339 0.0403722733 0.000892805293 0 0 0
nt@synapse_cleft 3089 0.00205481327 -0.0142029618 0.000974357121 0 0 0
nt@synapse_cleft 3096 -0.00496030978 0.007534286 0.00575164954 0 0 0
nt@synapse_cleft 3099 -0.0430019906 0.01432074 0.0112815069 0 0 0
nt@synapse_cleft 3114 0.0356637598 0.0229270926 0.0160671107 0 0 0
nt@synapse_cleft 3134 0.0133424888 0.028919452 0.00450476365 0 0 0
nt@synapse_cleft 3150 0.01958814 -0.0594572371 0.00556965331 0 0 0
nt@synapse_cleft 3159 -0.0139715925 0.00868005284 0.0191979463 0 0 0
nt@synapse_cleft 3177 0.0147567203 -0.0207748295 0.00259318819 0 0 0
nt@synapse_cleft 3178 -0.0234462308 -0.0204959945 0.00812309078 0 0 0
nt@synapse_cleft 3181 0.0100696854 -0.00438429822 0.0183759969 0 0 0
nt@synapse_cleft 3183 0.000278487278 -0.0313997271 0.00317649671 0 0 0
nt@synapse_cleft 3184 0.0240584404 0.0261999305 0.011196145 0 0 0
nt@synapse_cleft 3185 0.0127382194 0.00763319433 0.0133135074 0 0 0
nt@synapse_cleft 3199 0.00144657315 0.0145635491 0.0195788328 0 0 0
nt@synapse_cleft 3202 0.00815021931 0.0319696065 0.00501386799 0 0 0
nt@synapse_cleft 3220 0.00233035984 0.0384196951 0.00664453143 0 0 0
nt@synapse_cleft 3222 -0.05707568 -0.014537769 0.0022859972 0 0 0
nt@synapse_cleft 3227 0.0130896778 0.0079553837 0.010647968 0 0 0
nt@synapse_cleft 3247 0.00316097559 -0.00421208142 0.0144105804 0 0 0
nt@synapse_cleft 3249 -0.00874265884 -0.00642919906 0.0127683529 0 0 0
nt@synapse_cleft 3275 0.00804100028 -0.0206307913 0.0103707422 0 0 0
nt@synapse_cleft 3304 0.0262499006 0.0809929884 0.0114511886 0 0 0
nt@synapse_cleft 3308 -0.0337601889 0.0487635038 0.00353978193 0 0 0
nt@synapse_cleft 3326 0.0121061842 0.00132401818 0.00239790295 0 0 0
nt@synapse_cleft 3334 0.00582708944 0.0150049916 0.0076302302 0 0 0
nt@synapse_cleft 3338 -0.00989838315 -0.0597483442 0.0138673899 0 0 0
nt@synapse_cleft 3341 0.0221873665 0.00365011756 0.000188957846 0 0 0
nt@synapse_cleft 3367 0.0148603692 0.0141028968 0.0101019952 0 0 0
nt@synapse_cleft 3375 0.0485388271 0.0359442011 0.0143092982 0 0 0
nt@synapse_cleft 3378 0.00768673954 0.021284508 0.00367384545 0 0 0
nt@synapse_cleft 3394 0.00436449868 -0.0260313476 0.000614803847 0 0 0
nt@synapse_cleft 3402 -0.00546611675 -0.0273017362 0.00115411661 0 0 0
nt@synapse_cleft 3404 0.00267338303 -0.0348052173 0.000172944853 0 0 0
nt@synapse_cleft 3407 -0.0092290524 0.0706106024 0.0171521604 0 0 0
nt@synapse_cleft 3413 0.0224857035 0.0133270328 0.0191105533 0 0 0
nt@synapse_cleft 3419 -0.0351855502 0.0317639701 0.00347059118 0 0 0
nt@synapse_cleft 3429 0.0484252188 -0.0221155228 0.0170048772 0 0 0
nt@synapse_cleft 3432 0.0553699092 -0.0687516384 0.00714120869 0 0 0
nt@synapse_cleft 3445 0.0237618779 0.0380429886 0.0104050865 0 0 0
nt@synapse_cleft 3451 0.0174753752 0.00829582006 0.014484351 0 0 0
nt@synapse_cleft 3467 -0.0714900229 0.00149900763 0.00612995124 0 0 0
nt@synapse_cleft 3474 0.0539908566 0.00189488136 0.00121624818 0 0 0
nt@synapse_cleft 3482 -0.0748372167 -0.0311234553 0.00457265981 0 0 0
nt@synapse_cleft 3484 -0.00937536717 0.0231629369 0.0172008325 0 0 0
nt@synapse_cleft 3500 0.0158691707 -0.0247757285 0.0198827705 0 0 0
nt@synapse_cleft 3507 -0.0347706671 0.00714838795 0.0187003312 0 0 0
nt@synapse_cleft 3511 0.0263212273 -0.0384578081 0.00200318342 0 0 0
nt@synapse_cleft 3526 0.0121155291 -0.0471787669 0.0141382504 0 0 0
nt@synapse_cleft 3535 0.00857826885 0.0131502944 0.00274313711 0 0 0
nt@synapse_cleft 3536 0.0156946486 0.00949652509 0.0108803516 0 0 0
nt@synapse_cleft 3538 -0.0296429102 0.00880268197 0.0072564158 0 0 0
nt@synapse_cleft 3542 0.00146776443 0.0325751641 0.00524061469 0 0 0
nt@synapse_cleft 3543 -0.0324273168 -0.0293504326 0.0150306942 0 0 0
nt@synapse_cleft 3546 0.00662016069 0.0380139099 0.0138572515 0 0 0
nt@synapse_cleft 3561 -0.0114345595 -0.0146037315 0.00296541365 0 0 0
nt@synapse_cleft 3562 -0.0585149199 -0.00564018911 0.000781443588 0 0 0
nt@synapse_cleft 3563 0.022421322 -0.0237498516 0.0192808465 0 0 0
nt@synapse_cleft 3565 0.0370895151 -0.014440444 0.0105305786 0 0 0
nt@synapse_cleft 3566 -0.0146168041 0.0609154862 0.0164810026 0 0 0
nt@synapse_cleft 3575 -0.020043661 -0.00404958141 0.0138886294 0 0 0
nt@synapse_cleft 3576 0.0505782663 0.00369820037 0.00611175968 0 0 0
nt@synapse_cleft 3592 0.00471628989 0.04979605 0.00402423215 0 0 0
nt@synapse_cleft 3602 -0.0397506165 -0.0188513341 0.0119759128 0 0 0
nt@synapse_cleft 3603 -0.0189883283 0.0251591744 0.0188688431 0 0 0
nt@synapse_cleft 3606 -0.00707546997 0.0104378109 0.0102542302 0 0 0
nt@synapse_cleft 3611 0.0103487847 0.0105371787 0.0111446825 0 0 0
nt@synapse_cleft 3616 -0.0515015208 0.039338396 0.0111592092 0 0 0
nt@synapse_cleft 3617 -0.0137798007 -0.0685637798 0.0186899657 0 0 0
nt@synapse_cleft 3620 0.0166781926 0.033391475 0.0101763784 0 0 0
nt@synapse_cleft 3625 0.0170877146 0.0165801672 0.0179535519 0 0 0
nt@synapse_cleft 3635 -0.0222047052 0.0186339175 0.00656569044 0 0 0
nt@synapse_cleft 3636 0.000843085075 -0.0124453342 0.00379889577 0 0 0
nt@synapse_cleft 3645 0.00798675544 -0.0338874368 0.00665161715 0 0 0
nt@synapse_cleft 3661 0.024556277 -0.00122803892 0.00574480086 0 0 0
nt@synapse_cleft 3667 -0.0347631554 -0.00651405507 0.0101989614 0 0 0
nt@synapse_cleft 3681 0.038562552 -0.0276218698 0.000961169546 0 0 0
nt@synapse_cleft 3690 0.0490740957 -0.0169934494 0.0177911208 0 0 0
nt@synapse_cleft 3693 -0.0657874249 -0.0262313001 0.0165060792 0 0 0
nt@synapse_cleft 3706 0.0296733287 -0.0293185653 0.0052846337 0 0 0
nt@synapse_cleft 3707 -0.061806916 -0.0153534915 0.015682526 0 0 0
nt@synapse_cleft 3714 -0.0592259922 -0.00724673359 0.0154577663 0 0 0
nt@synapse_cleft 3730 0.00377002725 0.0112113188 0.0059338423 0 0 0
nt@synapse_cleft 3731 -0.0163427096 -0.000930911564 0.0128995901 0 0 0
nt@synapse_cleft 3737 0.00494553628 0.0127559463 0.00442737622 0 0 0
nt@synapse_cleft 3739 0.0281852439 0.0614395088 0.0173440542 0 0 0
nt@synapse_cleft 3745 -0.00641862242 0.0223107456 0.00551749531 0 0 0
nt@synapse_cleft 3751 -0.00181292563 -0.00841313326 0.00903810705 0 0 0
nt@synapse_cleft 3758 -0.0130793462 -0.0376251175 0.000400813841 0 0 0
nt@synapse_cleft 3759 -0.0158194105 -0.0120433409 0.0181929708 0 0 0
nt@synapse_cleft 3763 0.0394123611 0.0362950126 0.00555861465 0 0 0
nt@synapse_cleft 3768 0.0192375228 0.0034065001 0.0121997629 0 0 0
nt@synapse_cleft 3771 0.013859026 -0.0286311898 0.0110680874 0 0 0
nt@synapse_cleft 3783 -0.0187795171 -0.0279579824 0.00690273176 0 0 0
nt@synapse_cleft 3788 0.000919127577 -0.0215887559 0.0175471017 0 0 0
nt@synapse_cleft 3793 -0.0127767742 -0.00967102643 0.0157874215 0 0 0
nt@synapse_cleft 3800 0.0226983895 -0.0137228098 0.0153712495 0 0 0
nt@synapse_cleft 3811 -0.0113131834 -0.0252413933 0.00406800882 0 0 0
nt@synapse_cleft 3827 0.012310745 0.0646859355 0.0102524179 0 0 0
nt@synapse_cleft 3831 -0.00460527358 -0.0484339439 0.0082406919 0 0 0
nt@synapse_cleft 3834 0.0464197588 -0.0336671028 0.0187509857 0 0 0
nt@synapse_cleft 3835 0.016503759 -0.03820787 0.00410498577 0 0 0
nt@synapse_cleft 3844 -0.00804913445 -0.0100573939 0.0122516247 0 0 0
nt@synapse_cleft 3846 -0.0282858532 -0.00308607911 0.0184912032 0 0 0
nt@synapse_cleft 3848 0.0261925515 0.042356831 0.0188835267 0 0 0
nt@synapse_cleft 3850 -0.0172064111 -0.0197926817 0.0179002179 0 0 0
nt@synapse_cleft 3859 0.0436937491 -0.00631488341 0.00367806372 0 0 0
nt@synapse_cleft 3879 0.0520034184 -0.0622350808 0.00728443264 0 0 0
nt@synapse_cleft 3886 0.040977675 0.0595334933 0.00123347183 0 0 0
nt@synapse_cleft 3891 0.00434617642 -0.00859546772 0.00911689448 0 0 0
nt@synapse_cleft 3902 -0.0307348482 0.00352408287 0.0106199548 0 0 0
nt@synapse_cleft 3907 -0.0342976609 -0.0172963108 0.00436201401 0 0 0
nt@synapse_cleft 3918 -0.00467937069 -0.00920249081 0.00172091305 0 0 0
nt@synapse_cleft 3921 0.0323789546 0.0444521611 0.00265291965 0 0 0
nt@synapse_cleft 3927 0.00686058439 0.0383912303 0.0185785528 0 0 0
nt@synapse_cleft 3932 0.024277876 -0.0251122916 0.013511162 0 0 0
nt@synapse_cleft 3952 -0.0366046407 0.0238584544 0.00862709485 0 0 0
nt@synapse_cleft 3953 0.036135352 -0.041050821 0.00230147911 0 0 0
nt@synapse_cleft 3957 0.0281025937 0.0178616771 0.0154660846 0 0 0
nt@synapse_cleft 3958 -0.00120345638 0.0213589969 0.0152644216 0 0 0
nt@synapse_cleft 3963 0.0132563895 0.020098403 0.000507683006 0 0 0
nt@synapse_cleft 3965 -0.0403859027 0.00592643962 0.0142353338 0 0 0
nt@synapse_cleft 3967 0.0255772016 -0.0176695276 0.012526691 0 0 0
nt@synapse_cleft 3968 0.00226300586 -0.00523761455 0.00210830714 0 0 0
nt@synapse_cleft 3973 -0.0102635799 0.00449368424 0.0196784523 0 0 0
nt@synapse_cleft 3974 -0.0216028931 0.0766182451 0.00486278826 0 0 0
nt@synapse_cleft 3978 0.0254081858 0.00171401964 0.0156293459 0 0 0
nt@synapse_cleft 3983 -0.0351778427 -0.0312904658 0.00153468247 0 0 0
nt@synapse_cleft 3988 -0.0158962491 -0.0355716056 0.00145472752 0 0 0
nt@synapse_cleft 3991 0.0759211277 -0.0339586338 0.00362847942 0 0 0
nt@synapse_cleft 3993 -0.0541839088 -0.0134861496 0.0153274879 0 0 0
nt@synapse_cleft 3997 -0.0495642389 0.0109663193 0.0180832009 0 0 0
nt@synapse_cleft 3999 -0.0351216338 -0.0170901478 0.00548804843 0 0 0
nt@synapse_cleft 4018 0.0235459043 0.0043315173 0.0165310535 0 0 0
nt@synapse_cleft 4037 -0.00535589459 0.0278592483 0.0159334319 0 0 0
nt@synapse_cleft 4040 0.00181910094 0.0113009522 0.0110815413 0 0 0
nt@synapse_cleft 4049 0.0145455644 0.0118712334 0.0168226935 0 0 0
nt@synapse_cleft 4051 0.00424277635 0.011333179 0.0121783633 0 0 0
nt@synapse_cleft 4064 2.32620047e-05 0.0170299139 0.0134994748 0 0 0
nt@synapse_cleft 4070 -0.0189932664 0.00633452528 0.01710933 0 0 0
nt@synapse_cleft 4103 -0.00967570701 0.0130558299 0.00331569357 0 0 0
nt@synapse_cleft 4106 0.0257289217 0.0215016424 0.00827150749 0 0 0
nt@synapse_cleft 4115 0.0106911145 0.0130305392 0.00887337859 0 0 0
nt@synapse_cleft 4119 0.0192374497 -0.0251097828 0.0152125271 0 0 0
nt@synapse_cleft 4123 -0.0139173377 0.0136146975 0.0167083791 0 0 0
nt@synapse_cleft 4126 0.0426320161 -0.0351381453 0.00199264014 0 0 0
nt@synapse_cleft 4129 -0.00576269135 0.0168272161 0.0181498125 0 0 0
nt@synapse_cleft 4132 0.0293050917 0.0423232736 0.0150801387 0 0 0
nt@synapse_cleft 4135 0.010264643 0.00175675046 0.0170473506 0 0 0
nt@synapse_cleft 4150 -0.032882265 -0.0566470407 0.0196474529 0 0 0
nt@synapse_cleft 4155 0.0218312675 -0.0594187663 0.00790534376 0 0 0
nt@synapse_cleft 4156 0.0541991834 -5.82041959e-05 0.00976000218 0 0 0
nt@synapse_cleft 4163 0.0114503775 0.0422705801 0.00513505351 0 0 0
nt@synapse_cleft 4177 -0.0334135794 0.072257677 0.0172608084 0 0 0
nt@synapse_cleft 4187 -0.0147437689 -0.0253287798 0.0190842258 0 0 0
nt@synapse_cleft 4193 0.00971921499 -0.0491780228 0.0123131123 0 0 0
nt@synapse_cleft 4214 -0.0315633273 -0.0135819371 0.0150356523 0 0 0
nt@synapse_cleft 4215 0.0317420108 -0.0573694962 0.0137443239 0 0 0
nt@synapse_cleft 4220 -0.026519361 -0.0131307901 0.0128209997 0 0 0
nt@synapse_cleft 4228 0.0433378317 -0.0175059957 0.0165200712 0 0 0
nt@synapse_cleft 4230 -0.0128903226 0.0619456905 0.000870511521 0 0 0
nt@synapse_cleft 4233 0.0155377897 0.0182793608 0.0105538849 0 0 0
nt@synapse_cleft 4242 0.0322184682 -0.0510988728 0.010971718 0 0 0
nt@synapse_cleft 4252 0.0311205591 0.0067300006 0.010382202 0 0 0
nt@synapse_cleft 4254 -0.00729525598 0.0440259035 0.0042116983 0 0 0
nt@synapse_cleft 4255 -0.0256554313 -0.0340372163 0.00735705284 0 0 0
nt@synapse_cleft 4279 0.0286276018 -0.0582418812 0.00853678358 0 0 0
nt@synapse_cleft 4285 -0.0438254126 0.0430403067 0.0130651738 0 0 0
nt@synapse_cleft 4288 0.0229083239 -0.019287047 0.0142663596 0 0 0
nt@synapse_cleft 4293 -0.0291245678 -0.0107129689 0.00836598647 0 0 0
nt@synapse_cleft 4297 0.0292118423 -0.0202926537 0.0135769068 0 0 0
nt@synapse_cleft 4301 0.0470328419 -0.00687725856 0.0109217692 0 0 0
nt@synapse_cleft 4312 -0.0217653422 -0.0338266873 0.0117242393 0 0 0
nt@synapse_cleft 4317 -0.0156110285 0.0528747079 0.00222734674 0 0 0
nt@synapse_cleft 4326 0.0262165981 -0.00276589538 0.0186467705 0 0 0
nt@synapse_cleft 4330 -0.0238920424 0.0163286501 0.0185440133 0 0 0
nt@synapse_cleft 4339 0.0113241217 -0.0238290359 0.0184308173 0 0 0
nt@synapse_cleft 4343 -0.0242625186 -0.0622592953 0.00566977101 0 0 0
nt@synapse_cleft 4346 0.0197138198 0.0132070218 0.00131347048 0 0 0
nt@synapse_cleft 4351 0.0523608338 0.0104762429 0.0185397562 0 0 0
nt@synapse_cleft 4360 0.00265456866 0.00988442493 0.00910601688 0 0 0
nt@synapse_cleft 4365 0.00798804231 0.042031991 0.0150381803 0 0 0
nt@synapse_cleft 4374 -0.0153769769 -0.0295821795 0.00492113381 0 0 0
nt@synapse_cleft 4381 -0.0213170032 -0.0354573838 0.0141562653 0 0 0
nt@synapse_cleft 4386 -0.0114834134 0.00605098583 0.00510949938 0 0 0
nt@synapse_cleft 4392 0.00567607394 0.0151482843 0.00684846937 0 0 0
nt@synapse_cleft 4395 0.015108769 -0.0423932038 0.0196669912 0 0 0
nt@synapse_cleft 4396 0.0155935923 -0.0486937543 0.00571347446 0 0 0
nt@synapse_cleft 4398 -0.0173032418 0.00605503296 0.0120223315 0 0 0
nt@synapse_cleft 4399 0.0260007534 0.0379645357 6.28250048e-05 0 0 0
nt@synapse_cleft 4414 0.00301956981 -0.0195248855 0.0194823652 0 0 0
nt@synapse_cleft 4416 -0.0165642149 0.00320953913 0.0176841604 0 0 0
nt@synapse_cleft 4423 0.0228965197 -0.0066483575 0.00926328238 0 0 0
nt@synapse_cleft 4424 -0.0324408183 0.000305756838 0.00226994538 0 0 0
nt@synapse_cleft 4430 -0.0045748113 -0.012740175 0.00740208826 0 0 0
nt@synapse_cleft 4431 0.0162121233 -0.0370623072 0.0160418253 0 0 0
nt@synapse_cleft 4434 0.0171777264 -0.00103444767 0.000790574318 0 0 0
nt@synapse_cleft 4446 -0.0118547841 0.0329289887 0.0160372392 0 0 0
nt@synapse_cleft 4464 0.0193937949 -0.0199774543 0.0108547235 0 0 0
nt@synapse_cleft 4478 -0.0187871651 0.0378793671 0.00629525508 0 0 0
nt@synapse_cleft 4480 0.0166100114 0.0451589942 0.0103304695 0 0 0
nt@synapse_cleft 4482 -0.0463391358 -0.0249489777 0.0173669658 0 0 0
nt@synapse_cleft 4485 0.0147749847 0.0241136524 0.0143743983 0 0 0
nt@synapse_cleft 4488 0.0109305191 0.0138442816 0.00734112191 0 0 0
nt@synapse_cleft 4489 -0.0198041893 -0.0109176762 0.00378147969 0 0 0
nt@synapse_cleft 4499 -0.00250149865 0.0143603642 0.00997770707 0 0 0
nt@synapse_cleft 4501 0.0125027431 0.00375031892 0.0127928175 0 0 0
nt@synapse_cleft 4517 -0.0417526428 0.00913837245 0.00556783664 0 0 0
nt@synapse_cleft 4527 0.00697173667 0.00808181243 0.0170673023 0 0 0
nt@synapse_cleft 4538 -0.0390679098 -0.0436478274 0.00413161658 0 0 0
nt@synapse_cleft 4542 0.0044070108 0.0524288996 0.00684459862 0 0 0
nt@synapse_cleft 4545 -0.0233072224 0.0422306155 0.00340660519 0 0 0
nt@synapse_cleft 4551 -0.00231531618 0.0400735706 0.00767957498 0 0 0
nt@synapse_cleft 4553 -0.0356342157 -0.0161791546 0.0171888244 0 0 0
nt@synapse_cleft 4559 -0.0296165271 0.0201732427 0.0195281836 0 0 0
nt@synapse_cleft 4574 0.0436743132 -0.0285556609 0.00464182126 0 0 0
nt@synapse_cleft 4576 -0.0433524439 -0.0205449417 0.0148728923 0 0 0
nt@synapse_cleft 4583 0.00978676354 0.00701467081 0.0045392987 0 0 0
nt@synapse_cleft 4590 -0.0552815927 -0.0100143263 0.0162266433 0 0 0
nt@synapse_cleft 4593 -0.0506650015 0.0506721254 0.00270605931 0 0 0
nt@synapse_cleft 4595 0.0345636357 -0.0399469355 0.00104556752 0 0 0
nt@synapse_cleft 4620 0.0043895782 0.00819555467 0.0168320973 0 0 0
nt@synapse_cleft 4659 -0.03791803 0.0513250416 0.0119436305 0 0 0
nt@synapse_cleft 4681 0.0258303337 -0.00973650424 0.018012568 0 0 0
nt@synapse_cleft 4700 -0.0314344866 0.050930792 0.00564220275 0 0 0
nt@synapse_cleft 4709 -0.0200870907 -0.00649347131 0.00612992115 0 0 0
nt@synapse_cleft 4718 0.0483214723 0.0146736725 0.0143537769 0 0 0
nt@synapse_cleft 4736 -0.00290403761 0.0256221545 0.0044267962 0 0 0
nt@synapse_cleft 4750 -0.00793506622 -0.0667251343 0.012433296 0 0 0
nt@synapse_cleft 4753 -0.0148939315 -0.00280652468 0.0155240872 0 0 0
nt@synapse_cleft 4754 -0.00489781026 -0.0163260679 0.000739205536 0 0 0
nt@synapse_cleft 4756 0.0149214273 -0.0204509866 0.0186034765 0 0 0
nt@synapse_cleft 4758 -0.0247308778 -0.0018094541 0.0186847449 0 0 0
nt@synapse_cleft 4764 0.0340473644 -0.0164689491 0.000426807817 0 0 0
nt@synapse_cleft 4779 0.0314644843 -0.0241463739 0.0106282812 0 0 0
nt@synapse_cleft 4784 0.0318517526 0.00745300674 0.00780492333 0 0 0
nt@synapse_cleft 4786 -0.0309118858 0.0218266585 0.0179322302 0 0 0
nt@synapse_cleft 4791 0.0470219699 0.00839622214 0.0138030468 0 0 0
nt@synapse_cleft 4793 -0.0340539854 0.0036499829 0.0161815864 0 0 0
nt@synapse_cleft 4800 0.0312439548 0.00644525635 0.0143456529 0 0 0
nt@synapse_cleft 4801 -0.011169035 0.009489372 0.0126161705 0 0 0
nt@synapse_cleft 4822 -0.0176841765 -0.0146086885 0.00519397138 0 0 0
nt@synapse_cleft 4823 -0.0166903575 0.00805540676 0.0171433205 0 0 0
nt@synapse_cleft 4829 0.0199683005 -0.0585588181 0.00359446437 0 0 0
nt@synapse_cleft 4839 -0.00472608838 -0.00699453778 0.00662215549 0 0 0
nt@synapse_cleft 4844 0.0692643364 -0.0183862349 0.0181658217 0 0 0
nt@synapse_cleft 4852 -0.0165924477 -0.03461094 0.00737828318 0 0 0
nt@synapse_cleft 4871 0.00623660755 0.0131521224 0.00839633581 0 0 0
nt@synapse_cleft 4880 0.00253470115 -0.0232050346 0.0190744317 0 0 0
nt@synapse_cleft 4892 -0.0262828437 0.0352784779 0.00668226879 0 0 0
nt@synapse_cleft 4897 0.0151541867 -0.023934555 0.00080223193 0 0 0
nt@synapse_cleft 4901 0.0245520576 0.00563898021 0.00604804377 0 0 0
nt@synapse_cleft 4905 -0.0310096577 0.00674212475 0.002063566 0 0 0
nt@synapse_cleft 4906 -0.017304183 -0.0363455086 0.0092339392 0 0 0
nt@synapse_cleft 4919 -0.00016090279 0.0209612835 0.00234907142 0 0 0
nt@synapse_cleft 4925 -0.0164749541 0.00199676759 0.00753033646 0 0 0
nt@synapse_cleft 4937 -0.0735609104 0.00827904605 0.0111439401 0 0 0
nt@synapse_cleft 4946 0.00270307237 0.00492523765 0.0107766636 0 0 0
nt@synapse_cleft 4973 0.00109277797 0.0468798533 0.0144251124 0 0 0
nt@synapse_cleft 4979 0.00684318807 -0.00271941622 0.0049786441 0 0 0
nt@synapse_cleft 4981 0.00508208538 -0.0613328307 0.00346633878 0 0 0
nt@synapse_cleft 4982 0.000180830263 0.017748183 0.00933908938 0 0 0
nt@synapse_cleft 4983 -0.0297046771 -0.00348694561 0.00120489433 0 0 0
nt@synapse_cleft 4991 -0.0160814758 -0.00619185174 0.00783893369 0 0 0
nt@synapse_cleft 5004 -0.0193782503 -0.0155308972 0.00755521566 0 0 0
nt@synapse_cleft 5006 0.0236238279 -0.019109974 0.0151199181 0 0 0
nt@synapse_cleft 5009 -0.0139838358 0.00430904327 0.00400960284 0 0 0
nt@synapse_cleft 5015 -0.0311574975 -0.0384058699 0.00800132141 0 0 0
nt@synapse_cleft 5044 -0.0473690253 0.0290958493 0.00677515901 0 0 0
nt@synapse_cleft 5046 8.86229139e-05 -0.0210461079 0.00164431392 0 0 0
nt@synapse_cleft 5055 -0.00587514758 0.0258483838 0.019193459 0 0 0
nt@synapse_cleft 5061 -0.000934569004 -0.0360111324 0.00434435469 0 0 0
nt@synapse_cleft 5063 -0.0312376874 0.0447908929 0.0180227564 0 0 0
nt@synapse_cleft 5082 -0.00461886956 0.0590230049 0.0112858834 0 0 0
nt@synapse_cleft 5086 0.0333744748 0.0454016749 0.00469660261 0 0 0
nt@synapse_cleft 5133 -0.0296061968 0.0233640518 0.0148208264 0 0 0
nt@synapse_cleft 5145 0.0147847118 0.0202233009 0.00219796384 0 0 0
nt@synapse_cleft 5154 0.01327671 0.0187358867 0.0157562361 0 0 0
nt@synapse_cleft 5159 -0.0372930981 -0.0129226837 0.0143880112 0 0 0
nt@synapse_cleft 5164 0.0149672516 -0.00607108224 0.000405478283 0 0 0
nt@synapse_cleft 5173 -0.0312016736 0.00244674061 0.0128165839 0 0 0
nt@synapse_cleft 5176 -0.0333430189 0.0752799604 0.00621706051 0 0 0
nt@synapse_cleft 5179 0.0253738581 0.00552129862 0.00780934088 0 0 0
nt@synapse_cleft 5182 0.0678489415 -0.000786378811 0.000462214975 0 0 0
