nt@synapse_cleft 0 0.0335622712 0.0020059517 0.0180827237 0 0 0
nt@synapse_cleft 2 -0.0473169716 0.0317895105 0.0060823735 0 0 0
nt@synapse_cleft 7 0.0227213065 0.0213590687 0.00287195876 0 0 0
nt@synapse_cleft 9 0.0339278101 -0.0352310057 0.0136431626 0 0 0
nt@synapse_cleft 12 0.00643087104 0.0417259508 0.00646505237 0 0 0
nt@synapse_cleft 15 0.0034192597 0.0226020996 0.0196435081 0 0 0
nt@synapse_cleft 17 0.0348188226 0.00290679459 0.00381268935 0 0 0
nt@synapse_cleft 26 -0.0298281112 0.0105123593 0.0195714492 0 0 0
nt@synapse_cleft 35 0.0156138051 0.0618566604 0.00952283286 0 0 0
nt@synapse_cleft 42 0.00737390728 0.00497323757 0.012363872 0 0 0
nt@synapse_cleft 45 -0.0210164281 0.0198553022 0.00740070689 0 0 0
nt@synapse_cleft 54 0.00524549804 0.0219016871 0.0160383518 0 0 0
nt@synapse_cleft 56 -0.0290952184 -0.0330273462 0.00561871593 0 0 0
nt@synapse_cleft 72 -0.0323039597 0.0143866452 0.0149515269 0 0 0
nt@synapse_cleft 87 -0.00424542573 -0.00410414987 0.00336618337 0 0 0
nt@synapse_cleft 89 0.0348370359 -0.0201260763 0.0147173913 0 0 0
nt@synapse_cleft 100 -0.0279796854 -0.0332217596 0.00402867624 0 0 0
nt@synapse_cleft 103 0.0361642609 -0.0126897853 0.00700604835 0 0 0
nt@synapse_cleft 111 -0.0411982631 0.047159047 0.00471681907 0 0 0
nt@synapse_cleft 114 0.0466284364 -0.0257310825 0.0022351022 0 0 0
nt@synapse_cleft 115 -0.00251463204 -0.0164805936 0.011686224 0 0 0
nt@synapse_cleft 116 -0.0157764375 -0.0216509076 0.000861105361 0 0 0
nt@synapse_cleft 135 -0.0335899273 -0.0125355591 0.0177048827 0 0 0
nt@synapse_cleft 137 -0.0533591268 -0.0394042527 0.00077312939 0 0 0
nt@synapse_cleft 148 -0.0108329332 0.0805410279 0.0050701859 0 0 0
nt@synapse_cleft 150 -0.0116520124 0.0226232265 0.010968129 0 0 0
nt@synapse_cleft 156 -0.0045592001 -0.0143998873 0.00228764524 0 0 0
nt@synapse_cleft 167 -0.00419303781 -0.0352390209 0.000714918347 0 0 0
nt@synapse_cleft 188 -0.0097266174 -0.0204822596 0.0145979703 0 0 0
nt@synapse_cleft 194 -0.014955971 -0.0239964466 0.0163319086 0 0 0
nt@synapse_cleft 195 0.0343225622 0.0531365984 0.00560267652 0 0 0
nt@synapse_cleft 199 0.0385105014 0.0211585182 0.0171484892 0 0 0
nt@synapse_cleft 206 -0.00128751399 -0.022773483 0.014741422 0 0 0
nt@synapse_cleft 210 -0.0246889719 0.00806334983 0.00135067527 0 0 0
nt@synapse_cleft 224 -0.0222446387 0.0464839729 0.0120386307 0 0 0
nt@synapse_cleft 231 0.0200040389 0.0559790036 0.00295788465 0 0 0
nt@synapse_cleft 235 -0.00180040341 -0.0101066663 0.0134428791 0 0 0
nt@synapse_cleft 244 -0.0154962033 0.0208675901 0.00683652766 0 0 0
nt@synapse_cleft 248 0.0328735909 -0.0254534526 0.0146532472 0 0 0
nt@synapse_cleft 256 -0.0369943491 0.000734063829 0.00715548947 0 0 0
nt@synapse_cleft 268 0.000400050918 -0.0333342489 0.0126871257 0 0 0
nt@synapse_cleft 284 -0.0446105572 0.08591811 0.0121656867 0 0 0
nt@synapse_cleft 293 0.0279896563 -0.0148375124 0.0178702203 0 0 0
nt@synapse_cleft 306 0.0189182171 -0.0300882464 0.0128648424 0 0 0
nt@synapse_cleft 307 0.00897709207 -0.0109024314 0.0108803926 0 0 0
nt@synapse_cleft 318 -0.0190227438 -0.00764800876 0.0125630228 0 0 0
nt@synapse_cleft 321 0.0423365388 0.013643193 0.0168287532 0 0 0
nt@synapse_cleft 325 -0.0616829714 0.0792950532 0.0198688507 0 0 0
nt@synapse_cleft 347 -0.00666180661 0.00996327541 0.0082497808 0 0 0
nt@synapse_cleft 348 -0.00949421205 -0.0281620297 0.00215991486 0 0 0
nt@synapse_cleft 350 0.0065514276 -0.00382281943 0.000616108068 0 0 0
nt@synapse_cleft 356 -0.0441096342 0.0164123443 0.00953331358 0 0 0
nt@synapse_cleft 361 -0.0395936003 0.0105683168 0.0135770318 0 0 0
nt@synapse_cleft 371 -0.00881983064 0.0379942919 0.00731166628 0 0 0
nt@synapse_cleft 372 0.0115735605 0.0319328935 0.00990234239 0 0 0
nt@synapse_cleft 376 -0.0218495909 0.00533908976 0.00607469033 0 0 0
nt@synapse_cleft 385 0.022228484 0.0232978028 0.00374108973 0 0 0
nt@synapse_cleft 402 0.00939022859 0.0431580811 0.0186988209 0 0 0
nt@synapse_cleft 406 -0.0275112541 -0.0365991783 0.00585380521 0 0 0
nt@synapse_cleft 421 -0.0536241698 0.0217689349 0.0071662954 0 0 0
nt@synapse_cleft 426 0.056671205 -0.0227244348 0.0153277422 0 0 0
nt@synapse_cleft 429 -0.0189366433 0.0261768589 0.0169987466 0 0 0
nt@synapse_cleft 440 0.0400480686 -0.0124515755 0.0185281972 0 0 0
nt@synapse_cleft 444 0.0033468273 0.0580231236 0.0116356223 0 0 0
nt@synapse_cleft 449 -0.00977421551 -0.0176394393 8.84253789e-05 0 0 0
nt@synapse_cleft 452 0.0409144883 0.0491893568 0.0114564017 0 0 0
nt@synapse_cleft 455 0.0176074319 -0.0320249349 0.0141424369 0 0 0
nt@synapse_cleft 477 0.000917439079 0.00815501653 0.0105638973 0 0 0
nt@synapse_cleft 479 -0.0183126472 0.0115922012 0.0115507191 0 0 0
nt@synapse_cleft 482 0.0142012982 0.00350668047 0.00613729081 0 0 0
nt@synapse_cleft 499 0.0175392358 0.0163229608 0.00889376696 0 0 0
nt@synapse_cleft 501 0.00635934601 0.0148788279 0.00917347172 0 0 0
nt@synapse_cleft 503 0.0166143204 -0.0245754714 0.0182647427 0 0 0
nt@synapse_cleft 509 -0.0382069749 0.0423134498 0.00200116694 0 0 0
nt@synapse_cleft 510 0.017817254 0.00210767537 0.0088868207 0 0 0
nt@synapse_cleft 514 -0.0304334019 0.00266734083 0.00769969695 0 0 0
nt@synapse_cleft 522 -0.058903791 0.0236416337 0.0187334851 0 0 0
nt@synapse_cleft 524 -0.0213152894 0.0352239769 0.00470259451 0 0 0
nt@synapse_cleft 530 0.0170215913 -0.00979869345 0.00455426874 0 0 0
nt@synapse_cleft 536 -0.0287121772 -0.0459832295 0.0110456782 0 0 0
nt@synapse_cleft 544 0.0176340099 -0.00970541141 0.0148441132 0 0 0
nt@synapse_cleft 546 -0.0679117801 0.0127467538 0.00669865985 0 0 0
nt@synapse_cleft 549 0.054954708 -0.0224664447 0.00477323827 0 0 0
nt@synapse_cleft 551 0.0169469645 -0.023369677 0.00643770575 0 0 0
nt@synapse_cleft 552 0.0266740322 0.0148371036 0.00219483304 0 0 0
nt@synapse_cleft 557 -0.0439998489 0.00976344591 0.00582214769 0 0 0
nt@synapse_cleft 558 0.00419921486 -0.00582304519 0.0110074812 0 0 0
nt@synapse_cleft 563 -0.0187979735 -0.0641877128 0.00147678666 0 0 0
nt@synapse_cleft 572 -0.0119150204 0.0149432936 0.0064104675 0 0 0
nt@synapse_cleft 575 -0.00877532551 -7.50989896e-05 0.00492183223 0 0 0
nt@synapse_cleft 591 -0.0102858586 0.0119055246 0.00725306244 0 0 0
nt@synapse_cleft 596 -0.0120798465 0.0191862379 0.0148093068 0 0 0
nt@synapse_cleft 598 0.00456807907 0.0244935127 0.00855217363 0 0 0
nt@synapse_cleft 620 -0.0324756406 -0.0124651028 0.0166433354 0 0 0
nt@synapse_cleft 624 0.0207136927 -0.0103355955 0.00173043869 0 0 0
nt@synapse_cleft 627 -0.020520941 -0.0333463297 0.00745886116 0 0 0
nt@synapse_cleft 629 -0.00913571255 -0.00909587153 0.00943569763 0 0 0
nt@synapse_cleft 633 -0.0333770163 0.0318999964 0.0128062581 0 0 0
nt@synapse_cleft 634 0.0214384189 0.0156672933 0.00815143722 0 0 0
nt@synapse_cleft 639 -0.00971003482 -0.019867145 0.011087087 0 0 0
nt@synapse_cleft 645 -0.00591403164 0.0138948306 0.0163621367 0 0 0
nt@synapse_cleft 647 0.00152741282 0.0247752436 0.00722114218 0 0 0
nt@synapse_cleft 661 -0.0325868814 -0.0495196198 0.0190609484 0 0 0
nt@synapse_cleft 664 -0.00700639826 0.018807311 0.00324312029 0 0 0
nt@synapse_cleft 678 0.00970213854 -0.0261303628 0.00637737221 0 0 0
nt@synapse_cleft 681 0.0102690325 -0.0367722782 0.00483371017 0 0 0
nt@synapse_cleft 693 0.00984274645 0.0194782754 0.0003305697 0 0 0
nt@synapse_cleft 698 0.00377471737 0.00713343527 0.0139600093 0 0 0
nt@synapse_cleft 699 -0.0154103975 -0.0745425042 0.000171948387 0 0 0
nt@synapse_cleft 712 -0.0133000011 -0.000555460641 0.0105521654 0 0 0
nt@synapse_cleft 721 0.0116325897 -0.0288268304 0.0011537273 0 0 0
nt@synapse_cleft 726 -0.0083948693 0.000471102806 0.0148741074 0 0 0
nt@synapse_cleft 727 -0.0323955197 0.00585371781 0.00373479289 0 0 0
nt@synapse_cleft 728 0.0138653098 0.00400681804 0.00183113488 0 0 0
nt@synapse_cleft 732 0.0148753911 0.0465183694 0.00255212715 0 0 0
nt@synapse_cleft 735 -0.0643832534 0.00647677031 0.00443831544 0 0 0
nt@synapse_cleft 741 0.0422535976 0.00741135688 0.0107219371 0 0 0
nt@synapse_cleft 750 0.0273636505 0.0265910341 0.0187229557 0 0 0
nt@synapse_cleft 754 -0.0209745696 -0.0194556127 0.0141958737 0 0 0
nt@synapse_cleft 760 -0.0117338507 -0.0560485597 0.014253043 0 0 0
nt@synapse_cleft 762 0.00149064294 -0.0135474506 0.0197743001 0 0 0
nt@synapse_cleft 765 -0.0345229389 0.0455162197 0.0136773181 0 0 0
nt@synapse_cleft 768 -0.00546032515 -0.00646592618 0.0164242089 0 0 0
nt@synapse_cleft 769 -0.00952678964 0.052992403 0.0179272341 0 0 0
nt@synapse_cleft 779 -0.0249944302 0.0114173611 0.00281367323 0 0 0
nt@synapse_cleft 797 -0.00293250329 0.0412976816 0.00468318258 0 0 0
nt@synapse_cleft 803 -0.0210632573 -0.0512661836 0.00644964994 0 0 0
nt@synapse_cleft 816 0.00609651564 -0.000496038102 0.00889086812 0 0 0
nt@synapse_cleft 831 0.0236817113 -0.0034529131 0.00175406039 0 0 0
nt@synapse_cleft 833 -0.00733748228 -0.00623573995 0.0156041249 0 0 0
nt@synapse_cleft 837 -0.0212286805 -0.0111431427 0.00922025318 0 0 0
nt@synapse_cleft 844 -0.0189242537 0.0130764628 0.0193616866 0 0 0
nt@synapse_cleft 847 0.0131747 -0.00482373945 0.013438801 0 0 0
nt@synapse_cleft 850 -0.00428520513 0.0180723506 0.0193243582 0 0 0
nt@synapse_cleft 854 -0.00814982008 0.0401448134 0.000528226555 0 0 0
nt@synapse_cleft 866 -0.0173574854 -0.024899558 0.0019080215 0 0 0
nt@synapse_cleft 871 0.0201501714 0.0228908509 0.00796948146 0 0 0
nt@synapse_cleft 877 -0.038848611 0.0217511304 0.00145194995 0 0 0
nt@synapse_cleft 884 0.0186477758 -0.00952231007 0.0175108091 0 0 0
nt@synapse_cleft 904 -0.0592169288 0.0105670261 0.0172345814 0 0 0
nt@synapse_cleft 908 -0.0652688225 -0.0192610714 0.00392276604 0 0 0
nt@synapse_cleft 909 0.0340958897 -0.000269569956 0.0116105317 0 0 0
nt@synapse_cleft 913 -0.025890726 0.018589859 0.0171128725 0 0 0
nt@synapse_cleft 918 0.0771901874 0.0133651958 0.0183352489 0 0 0
nt@synapse_cleft 932 0.029027722 -0.0740722832 0.000639307604 0 0 0
nt@synapse_cleft 938 -0.0159663313 -0.0016851995 0.0197544551 0 0 0
nt@synapse_cleft 940 -0.0536410865 -0.0521086334 0.0159022222 0 0 0
nt@synapse_cleft 942 0.00979983772 -0.0452041998 0.0194347971 0 0 0
nt@synapse_cleft 943 0.028338627 0.000258251614 0.00470375748 0 0 0
nt@synapse_cleft 944 -0.00852104205 -0.0518517626 0.00517159016 0 0 0
nt@synapse_cleft 945 -0.0109158899 0.030144005 0.00926381014 0 0 0
nt@synapse_cleft 947 -0.0258808168 0.0216532778 0.00679847844 0 0 0
nt@synapse_cleft 953 -0.0320424963 0.0152984582 0.00860876251 0 0 0
nt@synapse_cleft 957 0.0646965488 -0.0246947377 0.000760090235 0 0 0
nt@synapse_cleft 961 -0.0205774855 -0.00492089252 0.00199631148 0 0 0
nt@synapse_cleft 967 0.0423194376 0.00760278786 0.00925207215 0 0 0
nt@synapse_cleft 978 -0.050117647 -0.0117733388 0.00263941384 0 0 0
nt@synapse_cleft 998 -0.00201329046 -0.0154346793 0.0112315259 0 0 0
nt@synapse_cleft 999 0.0546597717 -0.0338448083 0.00316614399 0 0 0
nt@synapse_cleft 1002 0.00650320037 0.030984315 0.0191012534 0 0 0
nt@synapse_cleft 1004 -0.0139331505 -0.0028172069 0.00315348983 0 0 0
nt@synapse_cleft 1013 -0.0345903855 0.0466425135 0.0191675555 0 0 0
nt@synapse_cleft 1018 0.000886222227 -0.0107117679 0.00955794817 0 0 0
nt@synapse_cleft 1027 0.0326981492 0.0486818569 0.00602550824 0 0 0
nt@synapse_cleft 1035 -0.0355830735 -0.0244424147 0.0100738118 0 0 0
nt@synapse_cleft 1048 -0.0157182615 -0.0511460915 0.0145498099 0 0 0
nt@synapse_cleft 1050 0.032009454 -0.0475042586 0.00211078391 0 0 0
nt@synapse_cleft 1062 0.0420723519 8.94422102e-05 0.0143973326 0 0 0
nt@synapse_cleft 1077 -0.0488831132 -0.00281640156 0.0175243315 0 0 0
nt@synapse_cleft 1080 -0.0402073009 0.0197915154 0.0102051302 0 0 0
nt@synapse_cleft 1092 -0.022817009 -0.00931361607 0.000968427622 0 0 0
nt@synapse_cleft 1107 -0.00133045007 0.00722601485 0.00268301932 0 0 0
nt@synapse_cleft 1108 0.011605139 0.0187070864 0.0060557376 0 0 0
nt@synapse_cleft 1113 -0.0277410714 0.00163586406 0.00506689837 0 0 0
nt@synapse_cleft 1114 0.00846719635 -0.025992338 0.0115353204 0 0 0
nt@synapse_cleft 1130 0.0234381719 -0.0122169095 0.0132427837 0 0 0
nt@synapse_cleft 1136 -0.00838727437 -0.037786851 0.00134209431 0 0 0
nt@synapse_cleft 1140 0.00455289448 -0.0485687729 0.0183645258 0 0 0
nt@synapse_cleft 1144 -0.00639852677 -0.00997527916 0.000308426371 0 0 0
nt@synapse_cleft 1145 0.0693508408 -0.00329641649 0.0133795075 0 0 0
nt@synapse_cleft 1149 -0.0241417948 0.00759463406 0.0189415619 0 0 0
nt@synapse_cleft 1152 0.0408506686 0.00536396715 0.00672130945 0 0 0
nt@synapse_cleft 1165 0.0532313994 0.0312104536 0.0105098656 0 0 0
nt@synapse_cleft 1167 0.0413358554 0.0339054128 0.0175728581 0 0 0
nt@synapse_cleft 1172 -0.00674643785 0.000487736341 0.0116123028 0 0 0
nt@synapse_cleft 1177 -0.0149215713 0.080407747 0.00525855323 0 0 0
nt@synapse_cleft 1179 0.0115652587 -0.015097075 0.0131690532 0 0 0
nt@synapse_cleft 1186 -0.0652912643 0.0178958946 0.00214996205 0 0 0
nt@synapse_cleft 1188 0.020935065 -0.0274481199 0.00813425217 0 0 0
nt@synapse_cleft 1193 -0.0165036326 -0.0291112825 0.00455107085 0 0 0
nt@synapse_cleft 1200 -0.00801784895 0.0122533 0.0162304144 0 0 0
nt@synapse_cleft 1203 -0.0063766205 0.0340154397 0.0122700544 0 0 0
nt@synapse_cleft 1204 0.0188683362 0.0220280983 0.00694308819 0 0 0
nt@synapse_cleft 1205 -0.0257385626 -0.0208897535 0.0106326262 0 0 0
nt@synapse_cleft 1206 -0.015202541 -0.00317378769 0.00471610224 0 0 0
nt@synapse_cleft 1237 -0.0384808902 -0.0250564994 0.00422064023 0 0 0
nt@synapse_cleft 1238 -0.0581876694 -0.0386972711 0.00969518212 0 0 0
nt@synapse_cleft 1243 -0.0194098945 -0.00538991015 0.0143150653 0 0 0
nt@synapse_cleft 1248 0.0094037292 0.040228498 0.000422782981 0 0 0
nt@synapse_cleft 1251 -0.0370329121 0.0102233789 0.0119873392 0 0 0
nt@synapse_cleft 1252 -0.0236415475 -0.0152884211 0.0130699262 0 0 0
nt@synapse_cleft 1254 -0.01408215 0.0392938386 0.00896164994 0 0 0
nt@synapse_cleft 1270 0.0494288977 0.0341454841 0.00756025795 0 0 0
nt@synapse_cleft 1289 0.0658538761 0.00418944565 0.00383867106 0 0 0
nt@synapse_cleft 1298 -0.0101305234 -0.0209005146 0.0195208729 0 0 0
nt@synapse_cleft 1302 -0.0223931213 0.0434938711 0.00211423528 0 0 0
nt@synapse_cleft 1311 0.0068143289 -0.0303531645 0.00349349864 0 0 0
nt@synapse_cleft 1316 -0.0313389692 -0.0266975286 0.0031457758 0 0 0
nt@synapse_cleft 1326 0.015542603 0.0116798693 0.00589069251 0 0 0
nt@synapse_cleft 1328 0.0115384159 0.0112412645 0.0147818458 0 0 0
nt@synapse_cleft 1333 -0.0258974034 0.0420828572 0.00388997494 0 0 0
nt@synapse_cleft 1338 -0.00560645287 0.0154852485 0.018633278 0 0 0
nt@synapse_cleft 1343 0.0256726799 -0.00334940195 0.00659868314 0 0 0
nt@synapse_cleft 1347 -0.0422684845 -0.0151722115 0.0160819619 0 0 0
nt@synapse_cleft 1349 0.0279919977 -0.0202802919 0.0067169679 0 0 0
nt@synapse_cleft 1351 0.0365532606 -0.027619083 0.00204662592 0 0 0
nt@synapse_cleft 1361 0.00142461895 -0.0248261435 0.00434280224 0 0 0
nt@synapse_cleft 1368 0.0157112449 -0.00206618474 0.0160658369 0 0 0
nt@synapse_cleft 1372 -0.0132763386 0.0388286757 0.0048164217 0 0 0
nt@synapse_cleft 1380 -0.0266907704 0.0239717665 0.0199166205 0 0 0
nt@synapse_cleft 1384 -0.0481338863 0.0141230914 0.0137187313 0 0 0
nt@synapse_cleft 1394 0.0119700039 0.0148820751 0.0175969868 0 0 0
nt@synapse_cleft 1400 -0.0367393035 0.0370304186 0.00795164333 0 0 0
nt@synapse_cleft 1403 -0.0059813568 0.0167353579 0.00317523561 0 0 0
nt@synapse_cleft 1408 -0.0189063975 -0.00451474782 0.0165046138 0 0 0
nt@synapse_cleft 1416 0.0103840005 0.0364502766 0.0106349468 0 0 0
nt@synapse_cleft 1419 0.00434412531 -0.00807221708 0.0148142252 0 0 0
nt@synapse_cleft 1425 -0.00925271545 -0.0321654262 0.00131252372 0 0 0
nt@synapse_cleft 1427 -0.00688574826 -0.0219063926 0.0112408648 0 0 0
nt@synapse_cleft 1438 -0.0299449298 -0.00999462879 0.00689996317 0 0 0
nt@synapse_cleft 1440 -0.0265449408 0.0326412298 0.0116725911 0 0 0
nt@synapse_cleft 1442 -0.0122557379 0.0214512676 0.0110774015 0 0 0
nt@synapse_cleft 1444 -0.0236037923 0.00176374059 0.00042992142 0 0 0
nt@synapse_cleft 1446 -0.0107558055 -0.0383688046 0.009323711 0 0 0
nt@synapse_cleft 1452 -0.0354592659 -0.0385859604 1.80397755e-05 0 0 0
nt@synapse_cleft 1455 -0.0223958812 0.00179908963 0.0193152753 0 0 0
nt@synapse_cleft 1470 -0.088409778 -0.0398743916 0.000620618259 0 0 0
nt@synapse_cleft 1472 -0.0660437421 -0.00443102674 0.0131290466 0 0 0
nt@synapse_cleft 1479 -0.00350175596 0.0419431553 0.0125481125 0 0 0
nt@synapse_cleft 1481 0.0157230558 0.00261628989 0.00885562007 0 0 0
nt@synapse_cleft 1484 -0.00545583786 0.0228020131 0.0160858831 0 0 0
nt@synapse_cleft 1485 -0.00452091008 -0.0228899126 0.0178061208 0 0 0
nt@synapse_cleft 1487 -0.00568919911 -0.0374223616 0.0153296781 0 0 0
nt@synapse_cleft 1488 0.0458560254 0.015710132 0.0163169448 0 0 0
nt@synapse_cleft 1496 -0.00681268843 0.047230175 0.00339307944 0 0 0
nt@synapse_cleft 1506 0.0213401951 0.00908031049 0.0151095601 0 0 0
nt@synapse_cleft 1507 0.00107817462 0.00286031108 0.00350030561 0 0 0
nt@synapse_cleft 1508 0.0456685301 0.00804019269 0.0121888569 0 0 0
nt@synapse_cleft 1512 0.0243213854 -0.00839360058 0.00797779536 0 0 0
nt@synapse_cleft 1527 -0.0111437991 0.0422465821 0.00233818382 0 0 0
nt@synapse_cleft 1528 -0.0397648893 0.00111015922 0.00209136211 0 0 0
nt@synapse_cleft 1531 -0.00188819334 0.0148365057 0.000272555523 0 0 0
nt@synapse_cleft 1538 0.00325284233 -0.000189832268 0.00509490327 0 0 0
nt@synapse_cleft 1542 -0.0111601667 0.00950949559 0.0143399046 0 0 0
nt@synapse_cleft 1553 0.0554952538 0.00889392413 0.0149442284 0 0 0
nt@synapse_cleft 1561 0.00917002575 -0.0350980829 0.0032357472 0 0 0
nt@synapse_cleft 1565 -0.0107072206 -0.0073349606 0.0133557273 0 0 0
nt@synapse_cleft 1571 -0.0271050687 -0.0180911635 0.0118898688 0 0 0
nt@synapse_cleft 1573 0.00761813965 0.0316036757 0.0157901427 0 0 0
nt@synapse_cleft 1588 0.0209358475 -0.0299228505 0.0110342648 0 0 0
nt@synapse_cleft 1592 0.0193899424 -0.0332114933 0.00114833729 0 0 0
nt@synapse_cleft 1597 -0.000325336334 0.0402003893 0.00380605468 0 0 0
nt@synapse_cleft 1600 0.019076695 -0.0345488819 0.0153887198 0 0 0
nt@synapse_cleft 1605 0.0140837547 4.74020863e-05 0.0180154807 0 0 0
nt@synapse_cleft 1606 -0.0461803698 0.00831352519 0.00760658416 0 0 0
nt@synapse_cleft 1611 0.00897696503 -0.0152988692 0.0196143834 0 0 0
nt@synapse_cleft 1617 -0.0128837221 -0.0402374153 0.00516253423 0 0 0
nt@synapse_cleft 1628 0.0047058882 0.036291288 0.0102082397 0 0 0
nt@synapse_cleft 1635 0.00522729195 -0.000303396578 0.0151425621 0 0 0
nt@synapse_cleft 1641 0.0277499105 0.0340028194 0.0188366176 0 0 0
nt@synapse_cleft 1655 0.0047089974 0.0307452585 0.00950945842 0 0 0
nt@synapse_cleft 1658 0.0376413975 0.0502519274 0.00801949058 0 0 0
nt@synapse_cleft 1660 0.00366883208 0.0246111472 0.0169269994 0 0 0
nt@synapse_cleft 1675 -0.0191757932 0.0114950387 0.0170510071 0 0 0
nt@synapse_cleft 1678 0.00315790912 -0.0126891818 0.00715656397 0 0 0
nt@synapse_cleft 1681 -0.00880909655 -0.0131410463 0.01847569 0 0 0
nt@synapse_cleft 1686 -0.00970990174 0.0341761407 0.00848227261 0 0 0
nt@synapse_cleft 1687 -0.036499795 -0.0448196163 0.000224193498 0 0 0
nt@synapse_cleft 1689 0.00281359793 0.0143360365 0.0116021633 0 0 0
nt@synapse_cleft 1692 -0.0212645053 0.0131156244 0.0192396102 0 0 0
nt@synapse_cleft 1695 0.0178401985 -0.0177882321 0.00557632611 0 0 0
nt@synapse_cleft 1701 0.00800901474 -0.00491155958 0.0113237569 0 0 0
nt@synapse_cleft 1707 -0.0293270804 -0.0149528013 0.018347789 0 0 0
nt@synapse_cleft 1708 -0.0278360876 0.014600026 0.00625082907 0 0 0
nt@synapse_cleft 1715 -0.00245814312 0.012378617 0.0145840398 0 0 0
nt@synapse_cleft 1721 0.0202754933 -0.0613778618 0.00247944966 0 0 0
nt@synapse_cleft 1729 -0.00373618862 -0.0199189879 0.0108498257 0 0 0
nt@synapse_cleft 1736 0.0335687357 0.00571259113 0.0156385212 0 0 0
nt@synapse_cleft 1742 0.0214252889 -0.0494902927 0.00630751067 0 0 0
nt@synapse_cleft 1743 0.0273173303 0.0352327536 0.0136581036 0 0 0
nt@synapse_cleft 1745 -0.031562663 0.0161802144 0.00123719999 0 0 0
nt@synapse_cleft 1746 0.0132269978 -0.0225877366 0.0149716873 0 0 0
nt@synapse_cleft 1748 0.0527013939 0.0181788462 0.0135618811 0 0 0
nt@synapse_cleft 1751 0.0513901767 0.00299190198 0.00901797851 0 0 0
nt@synapse_cleft 1759 -0.00342480155 -0.0174324494 0.0175798166 0 0 0
nt@synapse_cleft 1762 -0.0297802337 -0.0144756352 0.0074515207 0 0 0
nt@synapse_cleft 1768 0.00500580161 -0.0572145541 0.0120367978 0 0 0
nt@synapse_cleft 1775 -0.0166850424 -0.00967433956 0.0118626417 0 0 0
nt@synapse_cleft 1781 -0.0176898772 0.0500171281 0.00638583739 0 0 0
nt@synapse_cleft 1793 0.0106013957 0.0409639952 0.0115931324 0 0 0
nt@synapse_cleft 1795 0.0438898812 -0.0150723789 0.0191119487 0 0 0
nt@synapse_cleft 1804 0.00970588902 0.0243790914 0.0112333093 0 0 0
nt@synapse_cleft 1815 -0.0301309925 -0.014019555 0.00404376103 0 0 0
nt@synapse_cleft 1824 0.020770623 -0.00402449401 0.00171000365 0 0 0
nt@synapse_cleft 1829 0.0518865072 -0.0169613546 0.0111779907 0 0 0
nt@synapse_cleft 1830 -0.0432446797 -0.00817854135 0.018062194 0 0 0
nt@synapse_cleft 1837 -0.0460305419 -0.011912661 0.00913336733 0 0 0
nt@synapse_cleft 1838 0.00737314757 -0.0525381839 0.00651710366 0 0 0
nt@synapse_cleft 1843 0.0047739282 0.0196045125 0.0135427503 0 0 0
nt@synapse_cleft 1846 -0.0175136924 -0.0128473358 0.00951051874 0 0 0
nt@synapse_cleft 1853 0.0526867277 -0.0347814981 0.0136216155 0 0 0
nt@synapse_cleft 1854 0.0208727306 0.00240866828 0.00554953466 0 0 0
nt@synapse_cleft 1856 0.0206210228 -0.0206016644 0.0161873123 0 0 0
nt@synapse_cleft 1872 0.000229907645 -0.0116130546 0.0122264838 0 0 0
nt@synapse_cleft 1877 0.0137017468 0.0248165941 0.0199804684 0 0 0
nt@synapse_cleft 1880 -0.0367713508 -0.0199069955 0.00436860176 0 0 0
nt@synapse_cleft 1883 0.0268796988 0.0156826133 0.0162723386 0 0 0
nt@synapse_cleft 1885 -0.0169813991 -0.00260122742 0.00712034469 0 0 0
nt@synapse_cleft 1887 0.0107701931 0.0234669399 0.00516624383 0 0 0
nt@synapse_cleft 1892 -0.000949038782 -8.75737314e-05 0.00938482447 0 0 0
nt@synapse_cleft 1896 0.0217932318 0.0125857639 0.0105654837 0 0 0
nt@synapse_cleft 1904 -0.0376943595 0.0462620791 0.000689147741 0 0 0
nt@synapse_cleft 1918 -0.0184748175 0.0634762541 0.0117982358 0 0 0
nt@synapse_cleft 1923 -0.0122650753 0.0196315996 0.0162461438 0 0 0
nt@synapse_cleft 1926 0.00649984183 -0.0109280571 0.0185204417 0 0 0
nt@synapse_cleft 1932 0.0199891048 -0.00912261394 0.0155461167 0 0 0
nt@synapse_cleft 1942 0.0475878867 -0.0368795594 0.00705540441 0 0 0
nt@synapse_cleft 1944 -0.000501379086 0.0372529654 0.00677751753 0 0 0
nt@synapse_cleft 1946 -0.0212015243 -0.0169250667 0.00684876611 0 0 0
nt@synapse_cleft 1961 0.0447124376 0.0175336758 0.00975984172 0 0 0
nt@synapse_cleft 1967 -0.00179497074 -0.0402155103 0.00458139023 0 0 0
nt@synapse_cleft 1970 -0.0198342401 -0.0360802011 0.0093679507 0 0 0
nt@synapse_cleft 1973 0.0233227931 0.0245474784 0.0172797495 0 0 0
nt@synapse_cleft 1976 -0.049205994 -0.0117984188 0.000210355967 0 0 0
nt@synapse_cleft 1980 -0.00408746288 -0.0110528725 0.0127788213 0 0 0
nt@synapse_cleft 1984 -0.0398100414 -0.025659448 0.000905234042 0 0 0
nt@synapse_cleft 1990 0.0260647757 0.0231028803 0.00317556333 0 0 0
nt@synapse_cleft 1997 -0.0142419728 0.0276480248 0.0159782401 0 0 0
nt@synapse_cleft 2004 -0.015147784 0.0122360058 0.0165140914 0 0 0
nt@synapse_cleft 2013 -0.00673997091 -0.00564770221 0.0134920363 0 0 0
nt@synapse_cleft 2014 0.0108901147 0.000802151833 0.00724432194 0 0 0
nt@synapse_cleft 2019 0.0217776779 -0.013082557 0.0197924372 0 0 0
nt@synapse_cleft 2032 -0.0260472133 0.0162812048 0.00965239802 0 0 0
nt@synapse_cleft 2036 0.0615636722 -0.0406307439 0.0176009476 0 0 0
nt@synapse_cleft 2061 0.0158152932 0.000377017826 0.00609965397 0 0 0
nt@synapse_cleft 2064 0.022427513 0.0221738766 0.0138960668 0 0 0
nt@synapse_cleft 2091 -0.00905541726 0.0400605211 0.0122946873 0 0 0
nt@synapse_cleft 2092 0.0168244653 0.022473113 0.0106718946 0 0 0
nt@synapse_cleft 2096 -0.0124297942 -0.0123117996 0.00615468726 0 0 0
nt@synapse_cleft 2104 0.0504255297 -0.0188142765 0.014234133 0 0 0
nt@synapse_cleft 2112 -0.00474672675 -0.0251179605 0.00054249223 0 0 0
nt@synapse_cleft 2124 -0.00672467339 0.0652543364 0.00901970893 0 0 0
nt@synapse_cleft 2127 0.0276855597 -0.0141185224 0.0075834512 0 0 0
nt@synapse_cleft 2137 -0.0620354333 0.0532418914 0.0104313403 0 0 0
nt@synapse_cleft 2148 0.0356242753 -0.081358823 0.00526877485 0 0 0
nt@synapse_cleft 2156 0.0442045756 -0.0395200902 0.0155795246 0 0 0
nt@synapse_cleft 2162 -0.00774769396 0.0056007549 0.0132362165 0 0 0
nt@synapse_cleft 2163 0.0158101817 -0.00409686394 0.00567190498 0 0 0
nt@synapse_cleft 2185 -0.0279211481 -0.00469864471 0.0190813181 0 0 0
nt@synapse_cleft 2187 -0.0167639237 0.000742395678 0.00199219415 0 0 0
nt@synapse_cleft 2199 -0.00245205315 -0.0152601597 0.00548958339 0 0 0
nt@synapse_cleft 2204 -0.0214469908 0.0266122976 0.000681897836 0 0 0
nt@synapse_cleft 2218 0.0011217067 -0.00971086934 0.00521500733 0 0 0
nt@synapse_cleft 2223 -0.0216042533 -0.0125308924 0.0176181537 0 0 0
nt@synapse_cleft 2228 -0.00634803796 0.0193487475 0.0162090891 0 0 0
nt@synapse_cleft 2236 -0.00168205047 0.0032744171 0.0199807006 0 0 0
nt@synapse_cleft 2251 0.000360348115 0.00350961539 0.00355233038 0 0 0
nt@synapse_cleft 2254 -0.00760044157 -0.0318336418 0.00911463159 0 0 0
nt@synapse_cleft 2257 0.0185293357 -0.00165407039 0.0139652573 0 0 0
nt@synapse_cleft 2262 -0.020881449 0.00110313779 0.014636726 0 0 0
nt@synapse_cleft 2271 -0.0496768292 0.0132810747 0.0181568995 0 0 0
nt@synapse_cleft 2274 -0.00351328554 0.0371151878 0.00114415979 0 0 0
nt@synapse_cleft 2278 0.0271181099 0.0310696307 0.000551044432 0 0 0
nt@synapse_cleft 2279 -0.0200659519 0.0069818287 0.0157088212 0 0 0
nt@synapse_cleft 2283 0.0406186394 -0.0176885007 0.0163209847 0 0 0
nt@synapse_cleft 2284 0.0293843637 0.000730197486 0.00158394803 0 0 0
nt@synapse_cleft 2285 -0.000944537244 -0.0082693831 0.0130356782 0 0 0
nt@synapse_cleft 2298 -0.0560291837 -0.0347339453 0.0124621037 0 0 0
nt@synapse_cleft 2306 -0.0134524713 -0.0619837911 0.00194429466 0 0 0
nt@synapse_cleft 2308 -0.049485778 0.0380566857 0.00707529727 0 0 0
nt@synapse_cleft 2309 0.00440825417 0.0108031451 0.0140018635 0 0 0
nt@synapse_cleft 2314 -0.00729544236 -0.0260119448 0.0064163735 0 0 0
nt@synapse_cleft 2317 0.0420518122 0.00740492279 0.000941439021 0 0 0
nt@synapse_cleft 2320 0.01323128 -0.0327796267 0.00591526978 0 0 0
nt@synapse_cleft 2321 0.0493224618 0.00556735617 0.00635170586 0 0 0
nt@synapse_cleft 2327 -0.0322184878 -0.0179460496 0.0188139081 0 0 0
nt@synapse_cleft 2330 -0.0318666485 0.0189375789 0.0166933052 0 0 0
nt@synapse_cleft 2349 0.0516404666 0.0243525179 0.00831494167 0 0 0
nt@synapse_cleft 2367 -0.0306131736 -0.0510649279 0.000284275753 0 0 0
nt@synapse_cleft 2369 -0.0287623958 0.00742662931 0.00413262741 0 0 0
nt@synapse_cleft 2383 0.00156935836 -0.0721922492 0.00795953931 0 0 0
nt@synapse_cleft 2389 0.00183391486 -0.0159005769 0.0139660331 0 0 0
nt@synapse_cleft 2400 -0.0216401507 -0.0247297444 0.0159616262 0 0 0
nt@synapse_cleft 2411 0.0165033454 -0.0426005615 0.016226153 0 0 0
nt@synapse_cleft 2412 -0.00335129404 0.00780665858 0.0193278332 0 0 0
nt@synapse_cleft 2417 -0.017243172 0.00583804204 0.0156110544 0 0 0
nt@synapse_cleft 2421 -0.00222711935 0.0211237579 0.00250433478 0 0 0
nt@synapse_cleft 2423 0.00754222271 -0.0528470193 0.00602172432 0 0 0
nt@synapse_cleft 2437 0.0510018633 -0.00361376171 0.0152091239 0 0 0
nt@synapse_cleft 2438 0.0148268808 -0.0295516963 0.00130636798 0 0 0
nt@synapse_cleft 2448 0.00326877166 0.0162190821 0.00238458788 0 0 0
nt@synapse_cleft 2456 -0.0181847987 -0.0106804087 0.000219182571 0 0 0
nt@synapse_cleft 2462 -0.0153793381 0.0284364815 0.00188688868 0 0 0
nt@synapse_cleft 2468 -0.0464743933 -0.0228814403 0.0162691548 0 0 0
nt@synapse_cleft 2472 0.0591331964 -0.0333066321 0.0175406991 0 0 0
nt@synapse_cleft 2480 -0.00496315069 -0.0347568349 0.00953495781 0 0 0
nt@synapse_cleft 2481 -0.012319873 -0.021139517 0.0167749526 0 0 0
nt@synapse_cleft 2483 0.0226117653 0.0191000215 0.00645783817 0 0 0
nt@synapse_cleft 2491 0.00430911104 0.0205255239 0.0172581264 0 0 0
nt@synapse_cleft 2493 0.0257401409 -0.0368753785 0.0116314099 0 0 0
nt@synapse_cleft 2498 0.0148720314 -0.0240757812 0.00157960554 0 0 0
nt@synapse_cleft 2502 0.0235431481 -0.0293288261 0.00706271482 0 0 0
nt@synapse_cleft 2509 -0.00105821953 -0.0202729193 0.00756919712 0 0 0
nt@synapse_cleft 2513 -0.00744104096 0.0213716256 0.0116489807 0 0 0
nt@synapse_cleft 2517 -0.00794229476 0.00577277913 0.0150729183 0 0 0
nt@synapse_cleft 2520 0.0193952436 0.0255197143 0.00283444519 0 0 0
nt@synapse_cleft 2528 0.0125806289 0.00578473357 0.0141374099 0 0 0
nt@synapse_cleft 2539 -0.00259520274 0.0295244146 0.00434169995 0 0 0
nt@synapse_cleft 2542 0.0215183319 -0.0336339122 0.00616596861 0 0 0
nt@synapse_cleft 2549 -0.0101427583 0.0657580769 0.0143423947 0 0 0
nt@synapse_cleft 2550 0.0461392821 0.00777545367 0.00971219514 0 0 0
nt@synapse_cleft 2555 0.0578713652 -0.0228176728 0.00734849608 0 0 0
nt@synapse_cleft 2560 -0.0330127673 -0.00730240379 0.00291722078 0 0 0
nt@synapse_cleft 2561 0.022110311 0.0542786792 0.00721412692 0 0 0
nt@synapse_cleft 2563 0.00472756465 -0.000854386147 0.0100529313 0 0 0
nt@synapse_cleft 2564 -0.0127852315 0.0530657436 0.00941794277 0 0 0
nt@synapse_cleft 2566 -0.00230561674 0.00364967873 0.0113278449 0 0 0
nt@synapse_cleft 2570 -0.000210313766 0.00177131028 0.00781150492 0 0 0
nt@synapse_cleft 2577 -0.00584250509 0.0285734966 0.0157464593 0 0 0
nt@synapse_cleft 2597 -0.0168517849 -0.000750042482 0.00086717737 0 0 0
nt@synapse_cleft 2603 0.0371262021 -0.0240298427 0.0183517734 0 0 0
nt@synapse_cleft 2604 0.0548658935 -0.0184506738 0.0152690613 0 0 0
nt@synapse_cleft 2610 0.00974335667 -0.027132452 0.0186144662 0 0 0
nt@synapse_cleft 2615 0.0044366112 -0.072288532 0.013974709 0 0 0
nt@synapse_cleft 2625 -0.0518943296 -0.0261348634 0.000229667291 0 0 0
nt@synapse_cleft 2628 0.0135084753 -0.0362875588 0.0067940803 0 0 0
nt@synapse_cleft 2639 0.0112474119 -0.0231318278 0.00688865714 0 0 0
nt@synapse_cleft 2641 -0.0189912717 -0.0113618648 0.00793571836 0 0 0
nt@synapse_cleft 2652 -0.00678357145 0.00444677268 0.0197017414 0 0 0
nt@synapse_cleft 2660 -0.020910109 -0.0238875675 0.00146632708 0 0 0
nt@synapse_cleft 2670 -0.00224892721 -0.0124965545 0.00907229405 0 0 0
nt@synapse_cleft 2680 -0.060318776 -0.0416218632 0.00729182794 0 0 0
nt@synapse_cleft 2681 -0.0369679485 -0.0309079334 0.0196379439 0 0 0
nt@synapse_cleft 2688 -0.0431300507 0.0658572725 0.00350880432 0 0 0
nt@synapse_cleft 2702 -0.0143727422 -0.0128855174 0.00294006467 0 0 0
nt@synapse_cleft 2708 -0.0449565007 0.0156187998 0.00541714063 0 0 0
nt@synapse_cleft 2709 0.0154370824 -0.00491584882 0.00853606016 0 0 0
nt@synapse_cleft 2713 -0.0124818295 -0.0255867301 0.00145038985 0 0 0
nt@synapse_cleft 2720 0.0150562032 0.0239459534 0.0139211752 0 0 0
nt@synapse_cleft 2724 0.00295125555 -0.00829685734 0.0108842925 0 0 0
nt@synapse_cleft 2729 0.00211590307 -0.0392509349 0.0126134034 0 0 0
nt@synapse_cleft 2743 -0.00189716739 -0.0451636528 0.0190108188 0 0 0
nt@synapse_cleft 2750 0.0112054852 -0.0494577011 0.0198158723 0 0 0
nt@synapse_cleft 2752 -0.0250947723 -0.0304940979 0.00345781839 0 0 0
nt@synapse_cleft 2756 0.03707525 -0.0232792317 0.010968264 0 0 0
nt@synapse_cleft 2766 -0.0296669031 0.0260334887 0.00433361569 0 0 0
nt@synapse_cleft 2775 0.0358103661 -0.0277858945 0.0119353585 0 0 0
nt@synapse_cleft 2785 0.00733783709 0.0469674133 0.0165967831 0 0 0
nt@synapse_cleft 2798 -0.0373786168 0.0139941083 0.00921082586 0 0 0
nt@synapse_cleft 2807 -0.0219687973 0.0100459788 0.00746027812 0 0 0
nt@synapse_cleft 2808 0.0282256037 0.05538933 0.0141156872 0 0 0
nt@synapse_cleft 2820 0.0126992556 -0.00320980537 0.0127054795 0 0 0
nt@synapse_cleft 2828 0.00525403798 -0.0371838049 0.00357108078 0 0 0
nt@synapse_cleft 2857 0.0152904916 -0.0243999438 0.0113841998 0 0 0
nt@synapse_cleft 2861 -0.00541033544 0.015986667 0.00243940398 0 0 0
nt@synapse_cleft 2863 -0.0476172722 -0.0046675204 0.00358394571 0 0 0
nt@synapse_cleft 2875 0.0207884896 0.0161694911 0.0173973287 0 0 0
nt@synapse_cleft 2876 -0.00159724137 -0.00063060306 0.0167980521 0 0 0
nt@synapse_cleft 2880 0.0218314743 -0.00561011098 0.00313636253 0 0 0
nt@synapse_cleft 2884 0.0258957162 0.0131934332 0.0126895199 0 0 0
nt@synapse_cleft 2894 0.0137402444 0.00892976497 0.00194672995 0 0 0
nt@synapse_cleft 2895 0.0660310983 -0.00728041711 0.011499687 0 0 0
nt@synapse_cleft 2905 -0.0051498106 0.00787106957 0.0157128863 0 0 0
nt@synapse_cleft 2909 0.0502195259 0.000919489059 0.0106894136 0 0 0
nt@synapse_cleft 2910 -0.0687285103 0.0108604761 0.0159167519 0 0 0
nt@synapse_cleft 2912 0.00313359747 -0.0185346189 0.0149919699 0 0 0
nt@synapse_cleft 2915 0.0349502609 -0.0506382402 0.0110152502 0 0 0
nt@synapse_cleft 2920 0.00274216837 0.00192943585 0.0178802187 0 0 0
nt@synapse_cleft 2933 -0.00481759139 -0.0202344265 0.00259917663 0 0 0
nt@synapse_cleft 2935 -0.0327872667 0.0117293596 0.0149559619 0 0 0
nt@synapse_cleft 2940 -0.00309352008 -0.0166546411 0.000934948034 0 0 0
nt@synapse_cleft 2962 0.0181016478 -0.00749569635 0.0117076287 0 0 0
nt@synapse_cleft 2967 0.00948235197 -0.0400314424 0.0110514022 0 0 0
nt@synapse_cleft 2983 0.00694352278 -0.037976326 0.01159108 0 0 0
nt@synapse_cleft 2993 -0.0254376881 0.0535104907 0.0178639992 0 0 0
nt@synapse_cleft 3006 0.0376980212 0.0563800746 0.00145808485 0 0 0
nt@synapse_cleft 3008 0.019729073 0.0550904475 0.0136469791 0 0 0
nt@synapse_cleft 3012 0.0229720223 -0.00671694444 0.0121046711 0 0 0
nt@synapse_cleft 3019 -0.0307381418 -0.00256114547 0.00777034695 0 0 0
nt@synapse_cleft 3020 -0.0136582021 -0.0224757796 0.000482677229 0 0 0
nt@synapse_cleft 3024 0.0350535582 -0.00111913155 0.00484038583 0 0 0
nt@synapse_cleft 3042 -0.0062584371 0.00740596934 0.0160652126 0 0 0
nt@synapse_cleft 3047 0.024487235 0.0585557547 0.0159204661 0 0 0
nt@synapse_cleft 3057 0.0311783747 -0.00597207906 0.0130720774 0 0 0
nt@synapse_cleft 3061 -0.0162113263 0.0337254136 0.0049179869 0 0 0
nt@synapse_cleft 3062 0.0187760705 -0.0167983096 0.00233779208 0 0 0
nt@synapse_cleft 3069 0.0542693057 -0.0310779711 0.0176482926 0 0 0
nt@synapse_cleft 3073 0.0119843839 0.0325000415 0.00195898221 0 0 0
nt@synapse_cleft 3082 0.0281360267 0.0256989803 0.00126388493 0 0 0
nt@synapse_cleft 3089 -0.0071308819 -0.0229230253 0.00265233969 0 0 0
nt@synapse_cleft 3096 -0.00795905783 0.0234469699 0.00578782032 0 0 0
nt@synapse_cleft 3099 -0.0359361167 0.0125270062 0.0185241479 0 0 0
nt@synapse_cleft 3114 0.0418356865 0.0230112479 0.0154911335 0 0 0
nt@synapse_cleft 3132 -0.00986762734 -0.0095555422 0.0109038656 0 0 0
nt@synapse_cleft 3134 0.0140464482 0.030175028 0.0178147116 0 0 0
nt@synapse_cleft 3150 0.0387529109 -0.0717328166 0.00535471934 0 0 0
nt@synapse_cleft 3155 -0.0113878936 0.00567866977 0.0106563269 0 0 0
nt@synapse_cleft 3159 -0.0143728375 0.0113864671 0.0186772157 0 0 0
nt@synapse_cleft 3177 0.0335776844 -0.0214356465 0.00908884352 0 0 0
nt@synapse_cleft 3178 -0.0193206967 -0.013662082 0.0142804958 0 0 0
nt@synapse_cleft 3181 0.00694896387 -0.00723273176 0.0183268568 0 0 0
nt@synapse_cleft 3183 0.00583804594 -0.0294175128 0.00802252901 0 0 0
nt@synapse_cleft 3184 0.0275690757 0.0261311469 0.0138752222 0 0 0
nt@synapse_cleft 3185 0.0184827833 0.0111959571 0.013202479 0 0 0
nt@synapse_cleft 3199 0.0100267798 0.0236401225 0.0187945453 0 0 0
nt@synapse_cleft 3202 0.00792351401 0.0501686529 0.00964840054 0 0 0
nt@synapse_cleft 3207 -0.0188380312 -0.00978253515 0.00404900163 0 0 0
nt@synapse_cleft 3220 0.00598882948 0.0365108831 0.00737545206 0 0 0
nt@synapse_cleft 3222 -0.0600776541 -0.0216582128 0.0111117296 0 0 0
nt@synapse_cleft 3227 0.0142648081 0.00755431956 0.00671548532 0 0 0
nt@synapse_cleft 3247 0.00575550252 -0.00696008624 0.0123292654 0 0 0
nt@synapse_cleft 3249 -0.0242006475 -0.00957046676 0.0120497228 0 0 0
nt@synapse_cleft 3275 0.00800636128 -0.0146964402 0.014193992 0 0 0
nt@synapse_cleft 3304 0.0217199769 0.0713270634 0.00998119686 0 0 0
nt@synapse_cleft 3308 -0.0246061072 0.0500364719 0.00684374573 0 0 0
nt@synapse_cleft 3313 -0.00528531343 -0.00651737875 0.0011884787 0 0 0
nt@synapse_cleft 3326 0.0196406426 -0.00225591467 0.00113043813 0 0 0
nt@synapse_cleft 3334 0.00655166361 0.00408251652 0.0135984261 0 0 0
nt@synapse_cleft 3338 0.0031360125 -0.0590398739 0.0182631209 0 0 0
nt@synapse_cleft 3341 0.0230709059 -0.00488307647 0.0077585273 0 0 0
nt@synapse_cleft 3347 0.0197081147 -0.0377225717 0.0145484995 0 0 0
nt@synapse_cleft 3367 0.0140850219 0.015841705 0.00629102866 0 0 0
nt@synapse_cleft 3375 0.0424414869 0.0324560178 0.0184955065 0 0 0
nt@synapse_cleft 3378 0.0100774943 0.0284127571 0.00156367043 0 0 0
nt@synapse_cleft 3394 -0.00144996126 -0.0366358305 0.00193890599 0 0 0
nt@synapse_cleft 3401 0.0452436625 -0.00651361782 0.00493942144 0 0 0
nt@synapse_cleft 3402 -0.0042240455 -0.0173903268 0.0029629146 0 0 0
nt@synapse_cleft 3404 0.0180035133 -0.032233427 0.00204548056 0 0 0
nt@synapse_cleft 3407 -0.00694628677 0.0683404052 0.0127502046 0 0 0
nt@synapse_cleft 3413 0.0159429104 0.0195154909 0.0141649993 0 0 0
nt@synapse_cleft 3419 -0.0330717035 0.0162011747 0.00294106794 0 0 0
nt@synapse_cleft 3429 0.0595513869 -0.0157932745 0.0139489694 0 0 0
nt@synapse_cleft 3432 0.0520980239 -0.0585189706 0.00225371433 0 0 0
nt@synapse_cleft 3445 0.0248456202 0.0379752954 0.013604904 0 0 0
nt@synapse_cleft 3451 0.0107332195 0.0156667935 0.0163226147 0 0 0
nt@synapse_cleft 3467 -0.0771039985 -0.00116578183 0.000232510873 0 0 0
nt@synapse_cleft 3474 0.0514189057 -0.0041733503 0.00622323331 0 0 0
nt@synapse_cleft 3482 -0.0707830925 -0.0392786635 0.0111844687 0 0 0
nt@synapse_cleft 3484 -0.00871395044 0.0215565476 0.0161777556 0 0 0
nt@synapse_cleft 3500 0.0209790251 -0.0284273881 0.0195910934 0 0 0
nt@synapse_cleft 3507 -0.0312599029 0.00314931009 0.0183407886 0 0 0
nt@synapse_cleft 3511 0.0281160427 -0.0336140455 0.00546156201 0 0 0
nt@synapse_cleft 3514 0.00121987596 -0.00917320806 0.011700498 0 0 0
nt@synapse_cleft 3526 0.0185384035 -0.0400059163 0.0167852043 0 0 0
nt@synapse_cleft 3535 0.0131531487 0.0146144452 0.00399462957 0 0 0
nt@synapse_cleft 3536 0.0146515888 0.0135241414 0.00331095153 0 0 0
nt@synapse_cleft 3538 -0.0342379704 0.0131331997 0.00176539474 0 0 0
nt@synapse_cleft 3542 -0.00308462684 0.0304867698 0.00179957916 0 0 0
nt@synapse_cleft 3543 -0.029514019 -0.0206250471 0.00897086488 0 0 0
nt@synapse_cleft 3546 0.0167223766 0.0293713147 0.0122384968 0 0 0
nt@synapse_cleft 3561 -0.0193495081 -0.0122498883 0.00113678055 0 0 0
nt@synapse_cleft 3562 -0.0540763031 -0.00667317137 0.00622886293 0 0 0
nt@synapse_cleft 3563 0.0253100872 -0.0189471166 0.0175918307 0 0 0
nt@synapse_cleft 3565 0.0336538807 -0.0246377011 0.00142354845 0 0 0
nt@synapse_cleft 3566 -0.00913630733 0.0678548912 0.0162295996 0 0 0
nt@synapse_cleft 3568 0.0159706371 -0.0457713983 0.0123166672 0 0 0
nt@synapse_cleft 3575 -0.0110391521 0.00515667116 0.0189893248 0 0 0
nt@synapse_cleft 3576 0.0480923478 0.00257996726 0.00851297149 0 0 0
nt@synapse_cleft 3592 0.0146835854 0.0439805576 0.00990244582 0 0 0
nt@synapse_cleft 3602 -0.0378973234 -0.00990873427 0.00636027504 0 0 0
nt@synapse_cleft 3603 -0.016076187 0.0213829119 0.0177313284 0 0 0
nt@synapse_cleft 3606 0.00417465635 0.000270623238 0.00834592345 0 0 0
nt@synapse_cleft 3610 0.00106120936 0.00917802346 0.00500269815 0 0 0
nt@synapse_cleft 3611 0.0177044567 0.0043474779 0.0150505484 0 0 0
nt@synapse_cleft 3616 -0.0402826867 0.0342059593 0.0174923055 0 0 0
nt@synapse_cleft 3617 -0.0107035329 -0.0668278318 0.0191210547 0 0 0
nt@synapse_cleft 3620 0.01536215 0.0293488635 0.00397000358 0 0 0
nt@synapse_cleft 3625 0.0243097911 0.0203393157 0.0162922112 0 0 0
nt@synapse_cleft 3635 -0.010843091 0.0180144058 0.00418933449 0 0 0
nt@synapse_cleft 3636 0.0102930629 -0.00708456323 0.0107284085 0 0 0
nt@synapse_cleft 3645 -5.66447978e-05 -0.0283977455 0.00739766779 0 0 0
nt@synapse_cleft 3658 0.01704849 -0.021456579 0.0141541017 0 0 0
nt@synapse_cleft 3661 0.0289981708 -0.00242061513 0.0153672968 0 0 0
nt@synapse_cleft 3664 0.0304822796 -0.0479129841 0.00846644496 0 0 0
nt@synapse_cleft 3667 -0.035180869 -0.00325112194 0.00333144131 0 0 0
nt@synapse_cleft 3681 0.0369045631 -0.025263907 0.00426532814 0 0 0
nt@synapse_cleft 3690 0.0422953806 -0.0201179796 0.0152807404 0 0 0
nt@synapse_cleft 3693 -0.0638992849 -0.0233980849 0.0170030353 0 0 0
nt@synapse_cleft 3706 0.0309255362 -0.0252614164 0.00818716652 0 0 0
nt@synapse_cleft 3707 -0.0671833232 -0.0105838328 0.0163281503 0 0 0
nt@synapse_cleft 3714 -0.0634430954 -0.00800336426 0.0178903234 0 0 0
nt@synapse_cleft 3730 0.0107776895 0.0121790971 0.00064685154 0 0 0
nt@synapse_cleft 3731 -0.00166163163 0.00368820388 0.0115994555 0 0 0
nt@synapse_cleft 3737 0.0118508005 0.0251559186 0.00682703509 0 0 0
nt@synapse_cleft 3739 0.0256492277 0.0611669959 0.0149210773 0 0 0
nt@synapse_cleft 3745 0.00325170231 0.0233878105 0.00852837156 0 0 0
nt@synapse_cleft 3751 -0.00361994922 0.0027421427 0.0079682372 0 0 0
nt@synapse_cleft 3758 -0.0125863254 -0.0350346118 0.00221932806 0 0 0
nt@synapse_cleft 3759 -0.0220404784 -0.0158347634 0.0112725648 0 0 0
nt@synapse_cleft 3763 0.0335138568 0.0379719853 0.00606741018 0 0 0
nt@synapse_cleft 3768 0.0232358317 -0.00529833019 0.0129141643 0 0 0
nt@synapse_cleft 3771 0.0264635235 -0.028291266 0.00991401901 0 0 0
nt@synapse_cleft 3775 0.00504366487 -0.00656915528 0.0172541912 0 0 0
nt@synapse_cleft 3783 -0.0229836016 -0.0223035834 0.00504609008 0 0 0
nt@synapse_cleft 3788 -0.00564480737 -0.0184562449 0.0192502344 0 0 0
nt@synapse_cleft 3793 -0.0185070966 -0.00766413029 0.0120698183 0 0 0
nt@synapse_cleft 3800 0.0123533625 -0.0100547021 0.0120514198 0 0 0
nt@synapse_cleft 3802 0.00661673279 0.0211395159 0.000133158383 0 0 0
nt@synapse_cleft 3811 -0.0127882269 -0.0333385425 0.00396753603 0 0 0
nt@synapse_cleft 3827 0.0128594113 0.0606806725 0.0132324475 0 0 0
nt@synapse_cleft 3831 -4.48117564e-05 -0.0489504907 0.00158401245 0 0 0
nt@synapse_cleft 3834 0.0386143285 -0.0335678199 0.0146968883 0 0 0
nt@synapse_cleft 3835 0.0199336149 -0.049308669 0.0116983178 0 0 0
nt@synapse_cleft 3841 0.0453178225 -0.0294056286 0.0063415114 0 0 0
nt@synapse_cleft 3844 -0.00521269707 -0.00990352943 0.0150605317 0 0 0
nt@synapse_cleft 3846 -0.0210558088 0.00076973091 0.019700772 0 0 0
nt@synapse_cleft 3848 0.0223308497 0.0393106477 0.0183292612 0 0 0
nt@synapse_cleft 3850 -0.027635594 -0.02012501 0.0140677876 0 0 0
nt@synapse_cleft 3859 0.0530875826 0.00129222589 0.00141349859 0 0 0
nt@synapse_cleft 3879 0.0483160913 -0.0615165694 0.0168674683 0 0 0
nt@synapse_cleft 3886 0.0411629595 0.0463987352 0.00693728101 0 0 0
nt@synapse_cleft 3891 0.00989771176 -0.014404825 0.00890580431 0 0 0
nt@synapse_cleft 3902 -0.0340212891 0.00763577301 0.00705673537 0 0 0
nt@synapse_cleft 3907 -0.0284890058 -0.0179550656 0.0152369002 0 0 0
nt@synapse_cleft 3918 -0.00900099259 -0.00362374565 0.00908221279 0 0 0
nt@synapse_cleft 3921 0.0328420401 0.0548040342 0.00160994206 0 0 0
nt@synapse_cleft 3927 0.00407478462 0.0468888532 0.0161483657 0 0 0
nt@synapse_cleft 3932 0.0236007117 -0.012170229 0.0195608051 0 0 0
nt@synapse_cleft 3952 -0.0417850701 0.0230684503 0.00490684269 0 0 0
nt@synapse_cleft 3953 0.0261210716 -0.0312513917 0.00615289083 0 0 0
nt@synapse_cleft 3957 0.0287914216 0.0116110913 0.0137945944 0 0 0
nt@synapse_cleft 3958 0.0109908807 0.0143475073 0.0126326207 0 0 0
nt@synapse_cleft 3962 -0.0248862492 -0.00192969128 0.00525902836 0 0 0
nt@synapse_cleft 3963 0.0230330225 0.0185570262 0.00827504262 0 0 0
nt@synapse_cleft 3965 -0.0427149806 0.00331884972 0.00356792188 0 0 0
nt@synapse_cleft 3967 0.01830658 -0.0207107636 0.0182249395 0 0 0
nt@synapse_cleft 3968 0.0184482537 -0.00609468555 0.00153661773 0 0 0
nt@synapse_cleft 3973 -0.00625735968 0.00379844791 0.0133173466 0 0 0
nt@synapse_cleft 3974 -0.0308141687 0.0581773333 0.00125682613 0 0 0
nt@synapse_cleft 3978 0.0257382369 0.00174510468 0.0197344767 0 0 0
nt@synapse_cleft 3983 -0.0408651755 -0.032021332 0.00144809254 0 0 0
nt@synapse_cleft 3988 -0.00694008977 -0.0340387843 0.00484764776 0 0 0
nt@synapse_cleft 3991 0.0740058051 -0.0264293242 0.00679966381 0 0 0
nt@synapse_cleft 3993 -0.0536301998 0.00112409746 0.0146177553 0 0 0
nt@synapse_cleft 3997 -0.0505962219 0.00504171809 0.012969738 0 0 0
nt@synapse_cleft 3999 -0.0339305216 -0.0145994478 0.00550078909 0 0 0
nt@synapse_cleft 4018 0.0170348256 0.0045754355 0.0172851503 0 0 0
nt@synapse_cleft 4037 -0.0135419244 0.0338259159 0.0187747172 0 0 0
nt@synapse_cleft 4040 0.001906915 0.00336324716 0.0167594913 0 0 0
nt@synapse_cleft 4049 0.029492528 0.0128972758 0.0159289547 0 0 0
nt@synapse_cleft 4051 0.0134699027 -0.000349414761 0.00667422555 0 0 0
nt@synapse_cleft 4064 0.00217111027 0.022488219 0.00941419513 0 0 0
nt@synapse_cleft 4070 -0.0220293151 -0.000356879116 0.0183044531 0 0 0
nt@synapse_cleft 4071 -0.0136835739 -0.0523375318 0.0123806916 0 0 0
nt@synapse_cleft 4103 -0.0064590551 0.00761555173 0.0101324652 0 0 0
nt@synapse_cleft 4106 0.0242448958 0.0170202357 0.0187609166 0 0 0
nt@synapse_cleft 4111 0.0650928883 0.0247481031 0.00237644094 0 0 0
nt@synapse_cleft 4115 0.000564661575 0.00951322105 0.00679488646 0 0 0
nt@synapse_cleft 4119 0.0131364906 -0.0271191241 0.0144930649 0 0 0
nt@synapse_cleft 4123 -0.00881546561 0.0108518036 0.0120517604 0 0 0
nt@synapse_cleft 4126 0.0385815475 -0.0300154082 0.0012910482 0 0 0
nt@synapse_cleft 4129 -0.00920093134 0.0109783104 0.0153350611 0 0 0
nt@synapse_cleft 4132 0.0369318921 0.0297871797 0.0194242641 0 0 0
nt@synapse_cleft 4135 0.0119707656 -0.00284287123 0.0174577945 0 0 0
nt@synapse_cleft 4150 -0.0372811373 -0.0536845653 0.0127872195 0 0 0
nt@synapse_cleft 4155 0.0168410281 -0.062483709 0.00117370906 0 0 0
nt@synapse_cleft 4156 0.0527142029 -0.00475462459 0.00625946238 0 0 0
nt@synapse_cleft 4163 0.000837108072 0.049125695 0.000279373634 0 0 0
nt@synapse_cleft 4177 -0.0539393981 0.0711928475 0.019466071 0 0 0
nt@synapse_cleft 4187 -0.024482309 -0.0255553069 0.0156825657 0 0 0
nt@synapse_cleft 4193 0.00767324042 -0.0402513048 0.0140176309 0 0 0
nt@synapse_cleft 4214 -0.0405653961 -0.0164534718 0.0167256512 0 0 0
nt@synapse_cleft 4215 0.0317592697 -0.0663222877 0.0138503917 0 0 0
nt@synapse_cleft 4220 -0.00832086142 -0.00504374303 0.0145320991 0 0 0
nt@synapse_cleft 4228 0.0340468243 -0.0134163296 0.0192636274 0 0 0
nt@synapse_cleft 4230 -0.0221510227 0.0572295828 0.00480294157 0 0 0
nt@synapse_cleft 4233 0.0167567911 0.0205301184 0.00343967418 0 0 0
nt@synapse_cleft 4237 0.0116621276 -0.0101642481 0.0182122073 0 0 0
nt@synapse_cleft 4242 0.029510017 -0.0367605531 0.0171668548 0 0 0
nt@synapse_cleft 4252 0.0396089052 -0.000715028532 0.0193260893 0 0 0
nt@synapse_cleft 4254 -0.00730640524 0.0439292939 0.00769518697 0 0 0
nt@synapse_cleft 4255 -0.0229647533 -0.0362226667 0.0147635845 0 0 0
nt@synapse_cleft 4279 0.0230939911 -0.0473499019 0.00926910751 0 0 0
nt@synapse_cleft 4285 -0.0452831624 0.0390041869 0.00456222898 0 0 0
nt@synapse_cleft 4288 0.0230033481 -0.0150061186 0.0169646878 0 0 0
nt@synapse_cleft 4293 -0.0169212603 -0.0132213405 0.00651980086 0 0 0
nt@synapse_cleft 4297 0.0413550325 -0.0277161945 0.00703578133 0 0 0
nt@synapse_cleft 4301 0.0354126006 0.00195562448 0.0108070453 0 0 0
nt@synapse_cleft 4312 -0.0133032463 -0.0262646162 0.00661063381 0 0 0
nt@synapse_cleft 4317 -0.00544725285 0.0449442991 0.0110849983 0 0 0
nt@synapse_cleft 4326 0.0282154036 -0.0154283456 0.0135779018 0 0 0
nt@synapse_cleft 4330 -0.0233779384 0.00816048624 0.0159776196 0 0 0
nt@synapse_cleft 4334 0.015929529 -0.000177299315 0.00854833307 0 0 0
nt@synapse_cleft 4339 0.0106991887 -0.0295308927 0.00864715196 0 0 0
nt@synapse_cleft 4343 -0.0203975082 -0.0613748277 0.00222016308 0 0 0
nt@synapse_cleft 4346 0.0250738087 0.00546183092 0.00901013361 0 0 0
nt@synapse_cleft 4351 0.0490618716 0.0102079242 0.00874848699 0 0 0
nt@synapse_cleft 4360 0.00977635149 0.00579466668 0.0154045778 0 0 0
nt@synapse_cleft 4365 0.00343749571 0.0388611987 0.014652418 0 0 0
nt@synapse_cleft 4374 -0.015718118 -0.0219304228 0.00372661026 0 0 0
nt@synapse_cleft 4376 -0.0138443686 -0.0134833205 0.0082528687 0 0 0
nt@synapse_cleft 4381 -0.0204966009 -0.0306187414 0.0148733648 0 0 0
nt@synapse_cleft 4386 -0.00674080652 0.00597866733 0.00963904869 0 0 0
nt@synapse_cleft 4392 -0.00671821988 0.0161835711 0.0128176275 0 0 0
nt@synapse_cleft 4395 0.0124386405 -0.0393233734 0.0159936663 0 0 0
nt@synapse_cleft 4396 0.0153691672 -0.0583406839 0.00201008605 0 0 0
nt@synapse_cleft 4398 -0.021646186 0.0232171408 0.0046331506 0 0 0
nt@synapse_cleft 4399 0.00912103353 0.0338516454 0.00500338212 0 0 0
nt@synapse_cleft 4414 -0.0024727166 -0.0266245542 0.0114330313 0 0 0
nt@synapse_cleft 4416 -0.0231571863 -0.00858059709 0.012402138 0 0 0
nt@synapse_cleft 4423 0.00959467606 0.00039538371 0.0117702291 0 0 0
nt@synapse_cleft 4424 -0.0319299213 -0.00147787868 0.00310543697 0 0 0
nt@synapse_cleft 4430 -0.00602015834 -0.0134427143 0.00741499596 0 0 0
nt@synapse_cleft 4431 0.0117923288 -0.0285417692 0.00985912549 0 0 0
nt@synapse_cleft 4434 0.0160585968 -0.00459262358 0.00461977769 0 0 0
nt@synapse_cleft 4446 -0.0136202463 0.0265763045 0.0187871074 0 0 0
nt@synapse_cleft 4464 0.0261618166 -0.0126458264 0.015515773 0 0 0
nt@synapse_cleft 4473 -0.011699579 -0.00287858302 0.00740308387 0 0 0
nt@synapse_cleft 4478 -0.018719836 0.0415352017 0.0147892584 0 0 0
nt@synapse_cleft 4480 0.0142350129 0.0418739147 0.00763351642 0 0 0
nt@synapse_cleft 4482 -0.0367294804 -0.0254339442 0.0144827774 0 0 0
nt@synapse_cleft 4485 0.00820785452 0.0237285307 0.0106201045 0 0 0
nt@synapse_cleft 4488 0.0253261809 -0.00123216024 0.00726342103 0 0 0
nt@synapse_cleft 4489 -0.00563334418 -0.00600492513 0.001060495 0 0 0
nt@synapse_cleft 4496 -0.0469212315 0.0546191886 0.00130302981 0 0 0
nt@synapse_cleft 4499 -0.000273980906 0.012753821 0.00201109373 0 0 0
nt@synapse_cleft 4501 0.0209255563 0.00806253519 0.0107300489 0 0 0
nt@synapse_cleft 4517 -0.0445225752 0.0161781299 0.0100117588 0 0 0
nt@synapse_cleft 4527 0.0160307398 -0.00319923734 0.0172259201 0 0 0
nt@synapse_cleft 4538 -0.041138662 -0.043848323 0.00276231499 0 0 0
nt@synapse_cleft 4542 0.00958815413 0.0530993422 0.00243127893 0 0 0
nt@synapse_cleft 4545 -0.0236517625 0.0359333183 0.0146354296 0 0 0
nt@synapse_cleft 4551 -0.0140084336 0.0386544406 0.0191260512 0 0 0
nt@synapse_cleft 4553 -0.0359626814 -0.0154142761 0.0183184921 0 0 0
nt@synapse_cleft 4559 -0.0319985982 0.0316854611 0.0131916822 0 0 0
nt@synapse_cleft 4574 0.0465930632 -0.0278681476 0.0104793096 0 0 0
nt@synapse_cleft 4576 -0.0355464072 -0.0281059872 0.018230608 0 0 0
nt@synapse_cleft 4583 0.0101535387 0.000388623465 0.00206163924 0 0 0
nt@synapse_cleft 4590 -0.0518840924 -0.00295422575 0.0192777422 0 0 0
nt@synapse_cleft 4593 -0.0424166429 0.0536810544 0.00182462737 0 0 0
nt@synapse_cleft 4594 0.00998709441 0.0177344653 0.00194612697 0 0 0
nt@synapse_cleft 4595 0.0339489506 -0.0530637259 0.00279026471 0 0 0
nt@synapse_cleft 4613 0.059609338 0.00249877966 0.0112001099 0 0 0
nt@synapse_cleft 4620 0.00454048028 0.00201818221 0.0146303577 0 0 0
nt@synapse_cleft 4654 0.00572276512 -0.0338177449 0.010487632 0 0 0
nt@synapse_cleft 4659 -0.0330512972 0.036747979 0.0127615213 0 0 0
nt@synapse_cleft 4661 -0.00473349083 -0.0477282401 0.0138992318 0 0 0
nt@synapse_cleft 4681 0.0125373098 -0.0109152895 0.00837607731 0 0 0
nt@synapse_cleft 4700 -0.0279238078 0.0588714228 0.00484114226 0 0 0
nt@synapse_cleft 4701 0.0242146581 0.0252571832 0.0140823315 0 0 0
nt@synapse_cleft 4709 -0.0134075056 -0.000386812589 0.00395414426 0 0 0
nt@synapse_cleft 4710 -0.00977908397 -0.0152686191 0.00142983469 0 0 0
nt@synapse_cleft 4718 0.0486891563 0.0108502572 0.00853906944 0 0 0
nt@synapse_cleft 4736 -0.00233551582 0.0205677118 0.0125650231 0 0 0
nt@synapse_cleft 4750 2.46299089e-05 -0.0647005624 0.00228651351 0 0 0
nt@synapse_cleft 4753 -0.0223168783 0.00340044846 0.0051836964 0 0 0
nt@synapse_cleft 4754 -0.0135854477 -0.0101055656 0.00180416817 0 0 0
nt@synapse_cleft 4756 -0.0105737826 -0.00857594057 0.01804909 0 0 0
nt@synapse_cleft 4758 -0.0321401584 0.00254206344 0.0171738054 0 0 0
nt@synapse_cleft 4764 0.0288027158 -0.0118250402 0.000706349686 0 0 0
nt@synapse_cleft 4779 0.0265911814 -0.0247442129 0.0140629843 0 0 0
nt@synapse_cleft 4784 0.0295654764 0.00920959666 0.00139213896 0 0 0
nt@synapse_cleft 4786 -0.0260568259 0.0194675787 0.019028367 0 0 0
nt@synapse_cleft 4791 0.0457960923 -0.00288916603 0.016844543 0 0 0
nt@synapse_cleft 4793 -0.0259947356 -0.00110208152 0.0174015799 0 0 0
nt@synapse_cleft 4800 0.026158575 -0.00351371625 0.0122626246 0 0 0
nt@synapse_cleft 4801 -0.0147585009 0.015284233 0.0169193357 0 0 0
nt@synapse_cleft 4816 -0.0387279908 -0.0223874706 0.0150137209 0 0 0
nt@synapse_cleft 4822 -0.0124260153 -0.020139899 0.00563333826 0 0 0
nt@synapse_cleft 4823 -0.00463307565 0.0202399652 0.0160528655 0 0 0
nt@synapse_cleft 4829 0.0120976424 -0.0634353017 0.006049582 0 0 0
nt@synapse_cleft 4830 -0.0326214454 3.64817593e-05 0.0115942298 0 0 0
nt@synapse_cleft 4839 -0.0063231211 -0.00652528348 0.00367868349 0 0 0
nt@synapse_cleft 4844 0.0679302784 -0.0261602384 0.0157931044 0 0 0
nt@synapse_cleft 4852 -0.0219829092 -0.0259292248 0.00728567471 0 0 0
nt@synapse_cleft 4871 0.0113513805 0.0110563133 0.00530382103 0 0 0
nt@synapse_cleft 4880 0.00514164733 -0.0317036278 0.0198342543 0 0 0
nt@synapse_cleft 4883 -0.0524169199 8.89875053e-05 0.0166978803 0 0 0
nt@synapse_cleft 4892 -0.0254995537 0.0369950637 0.0187595572 0 0 0
nt@synapse_cleft 4897 0.015516161 -0.0152901193 0.00771571847 0 0 0
nt@synapse_cleft 4901 0.0235236297 0.0160045429 0.000357036101 0 0 0
nt@synapse_cleft 4905 -0.0331918236 -0.00347135121 0.00751163138 0 0 0
nt@synapse_cleft 4906 -0.0202225744 -0.0342475278 0.00824042339 0 0 0
nt@synapse_cleft 4919 -0.0120233867 0.00648805705 0.00185474183 0 0 0
nt@synapse_cleft 4925 -0.00686266253 -0.000519176473 0.00054214708 0 0 0
nt@synapse_cleft 4937 -0.0711036868 0.00805807263 0.0103759628 0 0 0
nt@synapse_cleft 4946 -0.00177597716 0.00274289871 0.00317353676 0 0 0
nt@synapse_cleft 4967 -0.0210089654 0.0104609688 0.0154942926 0 0 0
nt@synapse_cleft 4973 -0.00524321612 0.0539859665 0.0197055842 0 0 0
nt@synapse_cleft 4979 0.00776220536 -0.00686623877 0.000706713763 0 0 0
nt@synapse_cleft 4981 0.00164983827 -0.0617104492 0.00134996123 0 0 0
nt@synapse_cleft 4982 0.00189272113 0.0172697151 0.00269981792 0 0 0
nt@synapse_cleft 4983 -0.0400817135 0.0092052322 0.0046538122 0 0 0
nt@synapse_cleft 4991 -0.0212188407 -0.00835786621 0.00990857216 0 0 0
nt@synapse_cleft 5004 -0.0171712642 -0.0123479499 0.00147637918 0 0 0
nt@synapse_cleft 5006 0.0232475514 -0.0183558911 0.00329176983 0 0 0
nt@synapse_cleft 5009 -0.0250567356 0.00141130922 0.00923247446 0 0 0
nt@synapse_cleft 5015 -0.0261012021 -0.0266824641 0.0159592537 0 0 0
nt@synapse_cleft 5044 -0.0346332008 0.0197962114 0.00459208686 0 0 0
nt@synapse_cleft 5046 -0.00759615511 -0.0338173941 0.00128023905 0 0 0
nt@synapse_cleft 5052 0.0247496566 -0.0100483653 0.00610946054 0 0 0
nt@synapse_cleft 5055 -0.00847245477 0.0259305136 0.0134791415 0 0 0
nt@synapse_cleft 5061 0.00541966453 -0.0367435189 0.0114402112 0 0 0
nt@synapse_cleft 5063 -0.0308203228 0.0371789247 0.0157851559 0 0 0
nt@synapse_cleft 5081 0.0200211657 -0.00660549565 0.000549797352 0 0 0
nt@synapse_cleft 5082 -0.00348117119 0.0431495974 0.0126389836 0 0 0
nt@synapse_cleft 5086 0.0296299679 0.0460384841 0.00392954582 0 0 0
nt@synapse_cleft 5133 -0.0216839869 0.0216400348 0.00977403423 0 0 0
nt@synapse_cleft 5145 0.0184950845 0.0322441468 0.00567327517 0 0 0
nt@synapse_cleft 5154 0.0108600893 0.0168579847 0.0197449551 0 0 0
nt@synapse_cleft 5159 -0.0312966253 -0.0163902549 0.0195571872 0 0 0
nt@synapse_cleft 5164 0.0140567775 -0.00392504233 0.000897799389 0 0 0
nt@synapse_cleft 5173 -0.024015052 0.0037817437 0.0110609096 0 0 0
nt@synapse_cleft 5176 -0.0295556773 0.0757074835 0.000687612791 0 0 0
nt@synapse_cleft 5179 0.0198398049 0.00526852838 0.00764359342 0 0 0
nt@synapse_cleft 5182 0.0552323951 -0.000111059765 0.00446190946 0 0 0
nt@synapse_cleft 5183 0.0554681693 0.00336956453 0.00522489127 0 0 0
