nt@synapse_cleft 0 0.0331176956 0.00833947822 0.0178168723 0 0 0
nt@synapse_cleft 2 -0.0514445969 0.019962665 0.00329955634 0 0 0
nt@synapse_cleft 7 0.0252987082 0.023537593 0.00052914484 0 0 0
nt@synapse_cleft 9 0.0418991894 -0.0365431092 0.0140491219 0 0 0
nt@synapse_cleft 12 0.0104200004 0.0438959427 0.00270068784 0 0 0
nt@synapse_cleft 15 0.000174889982 0.0263100668 0.00821866068 0 0 0
nt@synapse_cleft 17 0.0359292006 0.00648650181 0.00190927672 0 0 0
nt@synapse_cleft 26 -0.0335472016 0.00998343802 0.0124784907 0 0 0
nt@synapse_cleft 35 0.00477504777 0.0552777015 0.00897562444 0 0 0
nt@synapse_cleft 45 -0.0256479184 0.0155572185 0.00840616807 0 0 0
nt@synapse_cleft 54 0.011320941 0.014592749 0.0129356195 0 0 0
nt@synapse_cleft 56 -0.026072183 -0.0350778109 0.00433741905 0 0 0
nt@synapse_cleft 72 -0.024130489 0.0197721691 0.0197841108 0 0 0
nt@synapse_cleft 87 -0.00418040707 0.00148790384 0.00446110749 0 0 0
nt@synapse_cleft 89 0.0312324465 -0.0129333616 0.0172744397 0 0 0
nt@synapse_cleft 100 -0.0206293434 -0.0298383069 0.00168218033 0 0 0
nt@synapse_cleft 103 0.0353455075 -0.00999567626 0.0027428222 0 0 0
nt@synapse_cleft 111 -0.0350817037 0.0420819207 0.00479629474 0 0 0
nt@synapse_cleft 114 0.0504436562 -0.0391126099 0.00741467401 0 0 0
nt@synapse_cleft 115 -0.00726212772 -0.0195519021 0.0138991567 0 0 0
nt@synapse_cleft 137 -0.055812011 -0.0281548576 0.00694939155 0 0 0
nt@synapse_cleft 148 -0.0134118442 0.0721617976 0.00170224351 0 0 0
nt@synapse_cleft 150 -0.0118529917 0.0259673075 0.0129977476 0 0 0
nt@synapse_cleft 156 -0.00356412512 -0.0142216443 0.000544280456 0 0 0
nt@synapse_cleft 167 -0.0116325302 -0.0318727176 0.00290086338 0 0 0
nt@synapse_cleft 188 -0.0129306461 -0.0253408769 0.0126516162 0 0 0
nt@synapse_cleft 194 -0.00876129636 -0.0273363869 0.00436439145 0 0 0
nt@synapse_cleft 195 0.0402613587 0.0674978491 0.000123159951 0 0 0
nt@synapse_cleft 199 0.0269358898 0.0152070468 0.00869892419 0 0 0
nt@synapse_cleft 206 0.00030092746 -0.0247604026 0.0197599606 0 0 0
nt@synapse_cleft 224 -0.0177964175 0.0461575588 0.00583621429 0 0 0
nt@synapse_cleft 231 0.0117689084 0.0503275397 0.00313830177 0 0 0
nt@synapse_cleft 235 0.00536517104 -0.00394357551 0.00736956262 0 0 0
nt@synapse_cleft 244 -0.0254504247 0.0209884481 0.00355199253 0 0 0
nt@synapse_cleft 248 0.0291227885 -0.0292072029 0.0166410125 0 0 0
nt@synapse_cleft 256 -0.031575795 0.00721834262 0.00163586342 0 0 0
nt@synapse_cleft 268 0.00628708174 -0.0346019828 0.00823948413 0 0 0
nt@synapse_cleft 284 -0.0411201539 0.0969094178 0.00768512902 0 0 0
nt@synapse_cleft 293 0.0299186175 -0.0143680704 0.0193022562 0 0 0
nt@synapse_cleft 306 0.018074275 -0.0311729922 0.0199362889 0 0 0
nt@synapse_cleft 307 -0.00927582255 -0.0164264976 0.00329712689 0 0 0
nt@synapse_cleft 318 -0.0211494004 -0.00866885855 0.00792343207 0 0 0
nt@synapse_cleft 321 0.0373297515 0.0206923506 0.0125982946 0 0 0
nt@synapse_cleft 325 -0.0593215795 0.0874710923 0.0136211956 0 0 0
nt@synapse_cleft 347 -0.0038121105 -0.00108286803 0.00330392863 0 0 0
nt@synapse_cleft 348 -0.017951613 -0.031142668 0.00192885957 0 0 0
nt@synapse_cleft 350 0.00145836673 -0.00318931569 0.0104961976 0 0 0
nt@synapse_cleft 356 -0.042451319 0.0132774974 0.00507543475 0 0 0
nt@synapse_cleft 361 -0.0317209479 0.0100106107 0.0122655207 0 0 0
nt@synapse_cleft 371 -0.00640116423 0.038383413 0.00916163171 0 0 0
nt@synapse_cleft 372 0.00617187912 0.0369645197 0.0110369989 0 0 0
nt@synapse_cleft 376 -0.0187251952 0.00847498054 0.00381046758 0 0 0
nt@synapse_cleft 385 0.0204548247 0.00701584846 0.00551079721 0 0 0
nt@synapse_cleft 402 0.00595847834 0.0419518193 0.0120674044 0 0 0
nt@synapse_cleft 406 -0.028299451 -0.0390972937 0.00516793394 0 0 0
nt@synapse_cleft 421 -0.0556740996 0.0177311976 0.00196165378 0 0 0
nt@synapse_cleft 426 0.0583541591 -0.0267591288 0.0192937261 0 0 0
nt@synapse_cleft 429 -0.0213576111 0.0283372896 0.0153464678 0 0 0
nt@synapse_cleft 440 0.0448740108 -0.00808139179 0.0170362972 0 0 0
nt@synapse_cleft 444 0.00905460096 0.0626823472 0.0148079091 0 0 0
nt@synapse_cleft 449 -0.00622885978 -0.0195215357 0.00323526681 0 0 0
nt@synapse_cleft 452 0.0294466892 0.0507044372 0.0142025581 0 0 0
nt@synapse_cleft 455 0.0240999388 -0.033598438 0.0185864486 0 0 0
nt@synapse_cleft 477 0.010005891 0.00537318288 0.0143527028 0 0 0
nt@synapse_cleft 479 -0.0161655707 0.0163892467 0.0150176744 0 0 0
nt@synapse_cleft 482 0.0133763793 0.0120516387 0.00347121395 0 0 0
nt@synapse_cleft 499 0.0227049406 0.00999931001 0.00290689736 0 0 0
nt@synapse_cleft 501 0.0209332772 0.00781183094 0.0103812382 0 0 0
nt@synapse_cleft 503 0.0229541343 -0.0243398714 0.019667469 0 0 0
nt@synapse_cleft 510 0.0181517113 0.00594894838 0.0148897387 0 0 0
nt@synapse_cleft 514 -0.0235649827 0.00399295679 0.00482925424 0 0 0
nt@synapse_cleft 522 -0.0570620235 0.0176213172 0.0193104349 0 0 0
nt@synapse_cleft 524 -0.0169791465 0.0309312489 0.00187469147 0 0 0
nt@synapse_cleft 530 0.0180622522 -0.00268608441 0.0101074327 0 0 0
nt@synapse_cleft 536 -0.0257264067 -0.0465234713 0.00275495432 0 0 0
nt@synapse_cleft 544 0.0159041171 -0.00920612159 0.00804226156 0 0 0
nt@synapse_cleft 546 -0.0595842247 0.0148155208 0.00763125551 0 0 0
nt@synapse_cleft 549 0.0673882396 -0.0200938785 0.00300162441 0 0 0
nt@synapse_cleft 551 0.0211219445 -0.0202560596 0.00962514428 0 0 0
nt@synapse_cleft 557 -0.0516947569 0.0100385807 0.00823401545 0 0 0
nt@synapse_cleft 558 -0.00135780802 -0.00546978379 0.00248588711 0 0 0
nt@synapse_cleft 563 -0.00343512979 -0.0703428168 0.000307361392 0 0 0
nt@synapse_cleft 572 -0.0252642025 0.0102842182 0.00440564723 0 0 0
nt@synapse_cleft 575 -0.0127998483 -0.00550048276 0.0041961247 0 0 0
nt@synapse_cleft 591 -0.00962538107 0.0157316014 0.00210860377 0 0 0
nt@synapse_cleft 596 -0.0128940429 0.0139258811 0.000125809349 0 0 0
nt@synapse_cleft 598 -0.00432525324 0.025669678 0.010688162 0 0 0
nt@synapse_cleft 620 -0.0200201268 -0.0103851094 0.0173949034 0 0 0
nt@synapse_cleft 624 0.0217117906 -0.0116960658 0.00126749563 0 0 0
nt@synapse_cleft 627 -0.0323050257 -0.0310376164 0.00610375858 0 0 0
nt@synapse_cleft 629 -0.0056497539 -0.0148721369 0.00369081222 0 0 0
nt@synapse_cleft 633 -0.0379273108 0.035156829 0.0136126676 0 0 0
nt@synapse_cleft 634 0.0204645699 0.0157630705 0.010049558 0 0 0
nt@synapse_cleft 639 -0.0112927868 -0.022003657 0.00899307033 0 0 0
nt@synapse_cleft 645 -0.00457096518 0.00849145816 0.0156684224 0 0 0
nt@synapse_cleft 647 -0.00154412126 0.0242692123 0.0088230081 0 0 0
nt@synapse_cleft 661 -0.0304252424 -0.0424152559 0.0131104626 0 0 0
nt@synapse_cleft 664 -0.00532031082 0.0198756596 0.00236609167 0 0 0
nt@synapse_cleft 678 0.00710707969 -0.0291290974 0.000301583731 0 0 0
nt@synapse_cleft 681 0.0131366104 -0.0321843403 0.0111702023 0 0 0
nt@synapse_cleft 693 0.0117614032 0.0177032652 0.00643530913 0 0 0
nt@synapse_cleft 698 -0.00107182117 0.000725548452 0.0154710279 0 0 0
nt@synapse_cleft 699 -0.0135455498 -0.0639262171 0.00981555071 0 0 0
nt@synapse_cleft 712 -0.0132717452 -0.00775204305 0.0151946496 0 0 0
nt@synapse_cleft 721 0.015125534 -0.0297027583 0.00252667094 0 0 0
nt@synapse_cleft 726 -0.0111804881 0.0172421299 0.00557338521 0 0 0
nt@synapse_cleft 727 -0.0402264976 0.0142988273 0.00307393414 0 0 0
nt@synapse_cleft 728 0.00405293954 0.0130404989 0.00872654521 0 0 0
nt@synapse_cleft 732 0.0111490916 0.0395309279 0.00851214651 0 0 0
nt@synapse_cleft 735 -0.0699110096 0.00600871673 0.0023237682 0 0 0
nt@synapse_cleft 741 0.0436320114 0.00646665643 0.00652216389 0 0 0
nt@synapse_cleft 750 0.0216842927 0.026081699 0.0179715165 0 0 0
nt@synapse_cleft 754 -0.0136883307 -0.017312901 0.001773992 0 0 0
nt@synapse_cleft 760 -0.00426601535 -0.0542161882 0.00428977587 0 0 0
nt@synapse_cleft 762 -0.000734924946 -0.0131424728 0.0100508375 0 0 0
nt@synapse_cleft 765 -0.0170170808 0.0416544466 0.0172054685 0 0 0
nt@synapse_cleft 768 -0.00863209703 0.000558124331 0.0139165086 0 0 0
nt@synapse_cleft 769 0.000581481939 0.0522881277 0.0159374042 0 0 0
nt@synapse_cleft 779 -0.0169542865 0.00930247669 0.00485970633 0 0 0
nt@synapse_cleft 797 0.00405936409 0.0418250733 0.00115155499 0 0 0
nt@synapse_cleft 803 -0.0189746858 -0.0576904291 0.0057782207 0 0 0
nt@synapse_cleft 816 0.00765237622 0.0130368766 0.00813259786 0 0 0
nt@synapse_cleft 831 0.0256650613 -0.000379148491 0.00462305579 0 0 0
nt@synapse_cleft 833 -0.0123657709 -0.0147090439 0.0199885221 0 0 0
nt@synapse_cleft 837 -0.00433115791 -0.00573811271 0.0101034042 0 0 0
nt@synapse_cleft 844 -0.0239758065 0.0138166233 0.0175915784 0 0 0
nt@synapse_cleft 847 0.0118784092 -0.0106526231 0.0166528538 0 0 0
nt@synapse_cleft 850 -0.00391938871 0.0121175598 0.016443229 0 0 0
nt@synapse_cleft 854 -0.00105385204 0.042090179 0.00101429162 0 0 0
nt@synapse_cleft 866 -0.0176206217 -0.0220365473 0.000558139274 0 0 0
nt@synapse_cleft 877 -0.0382782224 0.0180153096 0.00175777694 0 0 0
nt@synapse_cleft 884 0.0162731947 -0.0145912842 0.0178431364 0 0 0
nt@synapse_cleft 904 -0.0611539861 0.0105906707 0.0154761548 0 0 0
nt@synapse_cleft 908 -0.0601223974 -0.0339532094 0.00107461939 0 0 0
nt@synapse_cleft 909 0.0325802031 -0.00171087091 0.0133338813 0 0 0
nt@synapse_cleft 913 -0.0279480447 0.028657266 0.0199737574 0 0 0
nt@synapse_cleft 918 0.0741178517 0.010192995 0.0165170723 0 0 0
nt@synapse_cleft 932 0.0235665789 -0.0693615908 0.00683549659 0 0 0
nt@synapse_cleft 938 -0.0097010607 -0.0116972822 0.0143171391 0 0 0
nt@synapse_cleft 940 -0.0480168115 -0.0503627722 0.0117999547 0 0 0
nt@synapse_cleft 942 0.00147073044 -0.0493434932 0.0151621831 0 0 0
nt@synapse_cleft 943 0.0341085438 0.00732103525 0.0170462376 0 0 0
nt@synapse_cleft 944 -0.00614485161 -0.0498857197 0.00547882875 0 0 0
nt@synapse_cleft 945 -0.00237575409 0.0348310117 0.004214395 0 0 0
nt@synapse_cleft 947 -0.0319173446 0.0192012509 0.00893355949 0 0 0
nt@synapse_cleft 953 -0.0205936303 0.0033208042 0.00446997711 0 0 0
nt@synapse_cleft 957 0.0649167943 -0.0217815522 0.00607732817 0 0 0
nt@synapse_cleft 961 -0.0189515663 -0.00190710346 0.00444218499 0 0 0
nt@synapse_cleft 967 0.0403475776 0.00664946404 0.00961341348 0 0 0
nt@synapse_cleft 978 -0.0537192225 -0.005583237 0.0186663509 0 0 0
nt@synapse_cleft 998 0.00259749756 -0.0181193802 0.0199784574 0 0 0
nt@synapse_cleft 999 0.0527605149 -0.0429823863 0.014875718 0 0 0
nt@synapse_cleft 1002 0.005773685 0.0265511031 0.00699534656 0 0 0
nt@synapse_cleft 1013 -0.0368172862 0.0447720202 0.0163776557 0 0 0
nt@synapse_cleft 1018 -0.0108382914 -0.00365408806 0.00959918503 0 0 0
nt@synapse_cleft 1027 0.0296302955 0.0476483283 0.00790872214 0 0 0
nt@synapse_cleft 1035 -0.0329029444 -0.0284344101 0.00777230596 0 0 0
nt@synapse_cleft 1048 -0.0210474445 -0.0451612021 0.0169486681 0 0 0
nt@synapse_cleft 1050 0.0261713055 -0.0450411107 0.0120106313 0 0 0
nt@synapse_cleft 1062 0.0421901409 0.00993901851 0.015410224 0 0 0
nt@synapse_cleft 1077 -0.0473057943 -0.00219969236 0.0113801578 0 0 0
nt@synapse_cleft 1080 -0.0452248939 0.0174224515 0.0137132319 0 0 0
nt@synapse_cleft 1092 -0.0258728459 -0.00196219706 0.00945777443 0 0 0
nt@synapse_cleft 1107 0.0126083944 0.00133984067 0.000205755775 0 0 0
nt@synapse_cleft 1108 0.00701377995 0.0240418514 0.00779508142 0 0 0
nt@synapse_cleft 1113 -0.0310426303 -0.00437101755 0.00920311155 0 0 0
nt@synapse_cleft 1114 0.00293241192 -0.0265986673 0.012928235 0 0 0
nt@synapse_cleft 1130 0.0154502182 -0.00620715917 0.018898943 0 0 0
nt@synapse_cleft 1136 -0.00636098893 -0.0386351384 0.00283802161 0 0 0
nt@synapse_cleft 1140 0.00464538809 -0.057016879 0.0190042259 0 0 0
nt@synapse_cleft 1144 -0.00819837214 -0.00792160575 0.00818262278 0 0 0
nt@synapse_cleft 1145 0.0772133105 -0.00243207517 0.017123994 0 0 0
nt@synapse_cleft 1149 -0.0230295968 0.00807884551 0.0132300166 0 0 0
nt@synapse_cleft 1152 0.0434277714 0.00732378054 0.00639297632 0 0 0
nt@synapse_cleft 1165 0.0576622454 0.0299729033 0.0185025011 0 0 0
nt@synapse_cleft 1167 0.0453325106 0.0297738914 0.0160234265 0 0 0
nt@synapse_cleft 1172 -0.0046949037 0.000183236634 0.0164086672 0 0 0
nt@synapse_cleft 1177 -0.0153166449 0.0832413499 0.00688458917 0 0 0
nt@synapse_cleft 1186 -0.0670540693 0.0193238802 0.00288157169 0 0 0
nt@synapse_cleft 1188 0.0149451839 -0.0185760798 0.013429881 0 0 0
nt@synapse_cleft 1193 -0.0232660764 -0.0289397069 0.00630046529 0 0 0
nt@synapse_cleft 1200 -0.014099695 0.00667932704 0.0178033262 0 0 0
nt@synapse_cleft 1203 -0.0189027872 0.0259274012 0.0116769342 0 0 0
nt@synapse_cleft 1204 0.020105378 0.0292928253 0.00366947205 0 0 0
nt@synapse_cleft 1205 -0.0198972361 -0.0210302716 0.014820503 0 0 0
nt@synapse_cleft 1206 -0.012971479 0.00286614363 0.00298846323 0 0 0
nt@synapse_cleft 1237 -0.036716564 -0.0194984646 0.00150055872 0 0 0
nt@synapse_cleft 1238 -0.0565468214 -0.0416948752 0.0133824447 0 0 0
nt@synapse_cleft 1248 0.0151758857 0.0451872537 0.009645604 0 0 0
nt@synapse_cleft 1251 -0.0343379665 0.00378251037 0.00723472693 0 0 0
nt@synapse_cleft 1252 -0.0189970363 -0.0177983124 0.0191199419 0 0 0
nt@synapse_cleft 1270 0.0535483756 0.0322722611 0.00663843146 0 0 0
nt@synapse_cleft 1289 0.0617939616 0.00132960836 0.00295511078 0 0 0
nt@synapse_cleft 1298 -0.00357225557 -0.0242287637 0.0132676449 0 0 0
nt@synapse_cleft 1302 -0.0220562678 0.0418415967 0.00253724578 0 0 0
nt@synapse_cleft 1311 0.00016919745 -0.0294591724 0.00210454835 0 0 0
nt@synapse_cleft 1316 -0.0346093297 -0.0218692921 0.00247564673 0 0 0
nt@synapse_cleft 1326 0.0111692431 0.00331684002 0.0192060838 0 0 0
nt@synapse_cleft 1328 0.0114351221 0.0117536748 0.0160248109 0 0 0
nt@synapse_cleft 1333 -0.0294583563 0.0399523769 0.00613724808 0 0 0
nt@synapse_cleft 1343 0.0185917598 -0.0124114283 0.00446927712 0 0 0
nt@synapse_cleft 1347 -0.0480474304 -0.0127180234 0.0111303104 0 0 0
nt@synapse_cleft 1349 0.0240465217 -0.0121520006 0.010054047 0 0 0
nt@synapse_cleft 1368 0.0236651236 -0.0015156721 0.0160017829 0 0 0
nt@synapse_cleft 1372 -0.0127751559 0.0411298601 0.00242471098 0 0 0
nt@synapse_cleft 1380 -0.0248686973 0.0265508088 0.017279817 0 0 0
nt@synapse_cleft 1384 -0.0483309916 0.013509491 0.014281731 0 0 0
nt@synapse_cleft 1400 -0.0339431201 0.038630196 0.0032114025 0 0 0
nt@synapse_cleft 1403 0.00594235257 0.00941773225 0.00714159392 0 0 0
nt@synapse_cleft 1408 -0.0316812555 -0.0146283982 0.00864458561 0 0 0
nt@synapse_cleft 1416 0.014102233 0.0305242151 0.0176469286 0 0 0
nt@synapse_cleft 1419 0.000325246702 -0.00689079328 0.0130366275 0 0 0
nt@synapse_cleft 1425 -0.0132356055 -0.0272363985 0.00280787444 0 0 0
nt@synapse_cleft 1427 0.00315962852 -0.0268141977 0.0080145245 0 0 0
nt@synapse_cleft 1438 -0.028557793 -0.0120490502 0.0033753539 0 0 0
nt@synapse_cleft 1440 -0.0170815849 0.035533865 0.0014936173 0 0 0
nt@synapse_cleft 1442 -0.00909995607 0.0206206585 0.00801952861 0 0 0
nt@synapse_cleft 1444 -0.0209139393 -0.00244739129 0.00289518191 0 0 0
nt@synapse_cleft 1446 -0.0125276098 -0.0365199569 0.00896143188 0 0 0
nt@synapse_cleft 1452 -0.0409277668 -0.0295925377 0.00062977686 0 0 0
nt@synapse_cleft 1455 -0.0254053814 0.00419445882 0.0193091603 0 0 0
nt@synapse_cleft 1470 -0.0923602859 -0.0336449452 0.00113714265 0 0 0
nt@synapse_cleft 1472 -0.0724271877 -0.00974208186 0.00954852997 0 0 0
nt@synapse_cleft 1479 -0.0147282799 0.0433808372 0.00589535991 0 0 0
nt@synapse_cleft 1481 0.000392223159 -0.00537990944 0.00510123301 0 0 0
nt@synapse_cleft 1484 -0.00784035316 0.0244391492 0.0154345645 0 0 0
nt@synapse_cleft 1485 -0.00918466228 -0.0334141514 0.0177779449 0 0 0
nt@synapse_cleft 1487 -0.00350375633 -0.0316378583 0.017419605 0 0 0
nt@synapse_cleft 1488 0.035439571 0.0106956274 0.0143590238 0 0 0
nt@synapse_cleft 1496 -0.00755581296 0.041767757 0.00224907721 0 0 0
nt@synapse_cleft 1506 0.0259357449 0.0163378172 0.012141648 0 0 0
nt@synapse_cleft 1508 0.0416560401 0.0114033068 0.0120041982 0 0 0
nt@synapse_cleft 1512 0.0291489762 -0.00722011911 0.017259681 0 0 0
nt@synapse_cleft 1527 -0.00507226552 0.0359101138 0.00618894335 0 0 0
nt@synapse_cleft 1528 -0.0477905021 0.00443104522 0.00375641159 0 0 0
nt@synapse_cleft 1531 0.00675394506 0.00918222438 0.00445667528 0 0 0
nt@synapse_cleft 1538 0.00477190101 0.00610906992 0.00678162435 0 0 0
nt@synapse_cleft 1542 -0.01122249 0.0197333106 0.0153098107 0 0 0
nt@synapse_cleft 1553 0.0546330672 0.00888410738 0.0126712308 0 0 0
nt@synapse_cleft 1561 0.00561337238 -0.0477039521 0.0069856344 0 0 0
nt@synapse_cleft 1565 -0.0115289794 -0.0104159724 0.0125452944 0 0 0
nt@synapse_cleft 1571 -0.0304393258 -0.0270056144 0.014879152 0 0 0
nt@synapse_cleft 1573 0.00883795622 0.0297757759 0.0156523825 0 0 0
nt@synapse_cleft 1592 0.0206067518 -0.03685559 0.00137753492 0 0 0
nt@synapse_cleft 1597 0.00424224516 0.046146197 0.00528170569 0 0 0
nt@synapse_cleft 1600 0.0175386544 -0.0363856071 0.0160140163 0 0 0
nt@synapse_cleft 1605 0.0309019346 -0.0085742587 0.0168359093 0 0 0
nt@synapse_cleft 1606 -0.046784446 0.0062282255 0.0104871456 0 0 0
nt@synapse_cleft 1611 0.0164431743 -0.0147987031 0.0137940831 0 0 0
nt@synapse_cleft 1617 -0.0191171981 -0.0435727037 0.0127930157 0 0 0
nt@synapse_cleft 1628 0.0125733903 0.0316492394 0.00218836519 0 0 0
nt@synapse_cleft 1641 0.0275883311 0.0350482234 0.00788956853 0 0 0
nt@synapse_cleft 1655 0.00933393162 0.0302499019 0.00926258098 0 0 0
nt@synapse_cleft 1658 0.0295192272 0.0456131451 0.0068820768 0 0 0
nt@synapse_cleft 1675 -0.0178710133 0.0154856171 0.0180636514 0 0 0
nt@synapse_cleft 1678 0.00746923731 -0.0148331462 0.0043488136 0 0 0
nt@synapse_cleft 1681 -0.000189024299 -0.0156432166 0.0113786056 0 0 0
nt@synapse_cleft 1686 -0.0114415979 0.0373135327 0.0133002385 0 0 0
nt@synapse_cleft 1687 -0.0389930008 -0.044074889 0.0101722157 0 0 0
nt@synapse_cleft 1689 0.00174672597 0.0180280808 0.00634045873 0 0 0
nt@synapse_cleft 1692 -0.0214474379 0.00754889773 0.0190755112 0 0 0
nt@synapse_cleft 1695 0.0275215833 -0.0126635149 0.0081648382 0 0 0
nt@synapse_cleft 1701 0.0137414252 0.00367129767 0.00447638866 0 0 0
nt@synapse_cleft 1707 -0.028763111 -0.00740945087 0.0193075385 0 0 0
nt@synapse_cleft 1715 0.00836476775 0.0124211606 0.0117638304 0 0 0
nt@synapse_cleft 1721 0.0253661494 -0.0554743548 0.0141552062 0 0 0
nt@synapse_cleft 1729 -0.00162593199 -0.0318418665 0.00866723424 0 0 0
nt@synapse_cleft 1736 0.0322807016 0.0119006823 0.0113164686 0 0 0
nt@synapse_cleft 1742 0.0142480726 -0.0527665411 0.00639399964 0 0 0
nt@synapse_cleft 1743 0.0212061155 0.0342386311 0.00853751723 0 0 0
nt@synapse_cleft 1745 -0.0189241923 0.0196263454 0.000246890936 0 0 0
nt@synapse_cleft 1746 0.018225753 -0.0225311173 0.0109521249 0 0 0
nt@synapse_cleft 1751 0.052291381 -0.00153684112 0.0152529076 0 0 0
nt@synapse_cleft 1759 -0.00719539607 -0.0197634893 0.0113575789 0 0 0
nt@synapse_cleft 1762 -0.0243472197 -0.0238853999 0.013419028 0 0 0
nt@synapse_cleft 1768 0.00781499746 -0.0471999205 0.0115705262 0 0 0
nt@synapse_cleft 1775 -0.021022402 -0.00391203433 0.017367255 0 0 0
nt@synapse_cleft 1781 -0.0103494464 0.0516220186 0.00701348408 0 0 0
nt@synapse_cleft 1793 0.0208200637 0.039936014 0.00575993479 0 0 0
nt@synapse_cleft 1795 0.0410122808 -0.018054807 0.0165636948 0 0 0
nt@synapse_cleft 1804 0.0115712718 0.0277272953 0.0176655252 0 0 0
nt@synapse_cleft 1815 -0.025673088 -0.0163321276 0.00109081534 0 0 0
nt@synapse_cleft 1824 0.0279378441 0.000361129043 0.00206286545 0 0 0
nt@synapse_cleft 1829 0.0470615246 -0.011573513 0.0179220717 0 0 0
nt@synapse_cleft 1830 -0.045974694 -0.0187123486 0.00626831148 0 0 0
nt@synapse_cleft 1837 -0.0386323051 -0.00688156997 0.0115868199 0 0 0
nt@synapse_cleft 1838 0.00817277653 -0.0537893656 0.00578567284 0 0 0
nt@synapse_cleft 1843 0.0090296054 0.0145878266 0.0156453237 0 0 0
nt@synapse_cleft 1846 -0.0176610423 -0.0130591754 0.0107055438 0 0 0
nt@synapse_cleft 1853 0.0461048449 -0.020587276 0.0167313239 0 0 0
nt@synapse_cleft 1854 0.0224069413 -0.00286013946 0.00782068015 0 0 0
nt@synapse_cleft 1856 0.0205744772 -0.0127700415 0.0149689309 0 0 0
nt@synapse_cleft 1872 -0.000137167878 -0.0101615058 0.0170126238 0 0 0
nt@synapse_cleft 1877 0.0217414489 0.0292533115 0.0156010501 0 0 0
nt@synapse_cleft 1880 -0.0289545688 -0.0271245742 0.00516087987 0 0 0
nt@synapse_cleft 1883 0.0265851822 0.0151736551 0.017529985 0 0 0
nt@synapse_cleft 1885 -0.0202567027 0.00362173649 0.00763018684 0 0 0
nt@synapse_cleft 1887 0.00564849038 0.0195345905 0.00247672424 0 0 0
nt@synapse_cleft 1892 -0.00492012912 0.00339190047 0.0121367959 0 0 0
nt@synapse_cleft 1896 0.00851136642 0.0198675816 0.013299634 0 0 0
nt@synapse_cleft 1904 -0.0434561898 0.0420138885 0.00187125654 0 0 0
nt@synapse_cleft 1918 -0.0243638953 0.0551938802 0.0190795051 0 0 0
nt@synapse_cleft 1923 -0.012369908 0.0220825789 0.0181621564 0 0 0
nt@synapse_cleft 1926 0.00216381549 -0.00543885324 0.0195045201 0 0 0
nt@synapse_cleft 1932 0.0256486608 -0.0125686372 0.0129716465 0 0 0
nt@synapse_cleft 1942 0.039656789 -0.0415684346 0.00686555362 0 0 0
nt@synapse_cleft 1946 -0.0120169499 -0.0257369069 0.0097743159 0 0 0
nt@synapse_cleft 1961 0.0441933951 0.0243335847 0.0113803578 0 0 0
nt@synapse_cleft 1967 -0.00705211088 -0.0341923338 0.00996643256 0 0 0
nt@synapse_cleft 1970 -0.0205875573 -0.0456140312 0.00785209609 0 0 0
nt@synapse_cleft 1973 0.0198315151 0.0225440213 0.0165411021 0 0 0
nt@synapse_cleft 1976 -0.0527690676 -0.016752956 0.00372174257 0 0 0
nt@synapse_cleft 1980 -0.00169423354 -0.0152878791 0.0113707932 0 0 0
nt@synapse_cleft 1984 -0.0373534285 -0.0255342626 0.00122888774 0 0 0
nt@synapse_cleft 1990 0.0190626419 0.0135633356 0.00619846488 0 0 0
nt@synapse_cleft 1997 -0.0126778134 0.0220329816 0.0148758023 0 0 0
nt@synapse_cleft 2004 -0.0239633232 0.0143516535 0.0187999551 0 0 0
nt@synapse_cleft 2013 -0.00596457751 -0.0033413885 0.0140434682 0 0 0
nt@synapse_cleft 2014 0.0133108311 -0.00284447545 0.00544412134 0 0 0
nt@synapse_cleft 2019 0.0135677374 -0.0114154707 0.0108801016 0 0 0
nt@synapse_cleft 2032 -0.0179054963 0.00884481149 0.00386164027 0 0 0
nt@synapse_cleft 2036 0.0625729769 -0.0428933466 0.0151006473 0 0 0
nt@synapse_cleft 2061 0.0184873415 -0.00892410972 0.0126714083 0 0 0
nt@synapse_cleft 2064 0.0193969449 0.0292210201 0.0131484998 0 0 0
nt@synapse_cleft 2092 0.0169405624 0.0282392351 0.012924619 0 0 0
nt@synapse_cleft 2096 -0.0222836485 -0.0170252316 0.00518653678 0 0 0
nt@synapse_cleft 2104 0.0493560722 -0.0190545383 0.0131674766 0 0 0
nt@synapse_cleft 2112 0.00188288409 -0.0292410387 0.00399104375 0 0 0
nt@synapse_cleft 2124 -0.00363682684 0.0562881783 0.00547377343 0 0 0
nt@synapse_cleft 2127 0.0256229241 -0.0131572173 0.00585363416 0 0 0
nt@synapse_cleft 2137 -0.0641036242 0.0621721269 0.0129890664 0 0 0
nt@synapse_cleft 2156 0.0488694016 -0.033350148 0.00455665696 0 0 0
nt@synapse_cleft 2162 -0.00899944534 0.0224600712 0.0188282803 0 0 0
nt@synapse_cleft 2163 0.0183286551 -0.0115316828 0.0130722644 0 0 0
nt@synapse_cleft 2185 -0.0317700751 -0.00270915238 0.0126247731 0 0 0
nt@synapse_cleft 2187 -0.0233667234 -0.00123567403 0.00475868737 0 0 0
nt@synapse_cleft 2199 0.00119424881 -0.00795500251 0.00340648842 0 0 0
nt@synapse_cleft 2204 -0.0180036074 0.0278555458 0.00382604869 0 0 0
nt@synapse_cleft 2218 -0.000102604337 -0.0087195606 0.0118422258 0 0 0
nt@synapse_cleft 2223 -0.0158055313 -0.0110910171 0.00889984519 0 0 0
nt@synapse_cleft 2228 -0.00778378552 0.0231818305 0.0166619755 0 0 0
nt@synapse_cleft 2251 0.00682851683 0.00218410796 0.000275155122 0 0 0
nt@synapse_cleft 2254 -0.0114743351 -0.0304030734 0.00890624089 0 0 0
nt@synapse_cleft 2257 0.0103601937 -0.00435906449 0.013173568 0 0 0
nt@synapse_cleft 2262 -0.0222894611 -0.00713371808 0.0142263558 0 0 0
nt@synapse_cleft 2271 -0.03773841 0.0057025366 0.019226693 0 0 0
nt@synapse_cleft 2274 0.00110493472 0.0296698089 5.36940756e-05 0 0 0
nt@synapse_cleft 2278 0.03091466 0.0373598785 0.00437108904 0 0 0
nt@synapse_cleft 2279 -0.0332595369 0.00309029683 0.0195623686 0 0 0
nt@synapse_cleft 2283 0.0425498169 -0.0315967929 0.0186760131 0 0 0
nt@synapse_cleft 2284 0.033692073 0.00058626617 0.00453845928 0 0 0
nt@synapse_cleft 2285 -0.00404224183 -0.00593066184 0.0142056795 0 0 0
nt@synapse_cleft 2298 -0.0496543835 -0.038663021 0.0089545569 0 0 0
nt@synapse_cleft 2306 -0.0148193226 -0.0646981351 0.00359078095 0 0 0
nt@synapse_cleft 2308 -0.0503496943 0.0365726748 0.0131359667 0 0 0
nt@synapse_cleft 2309 0.00749049843 0.0172814166 0.0171691134 0 0 0
nt@synapse_cleft 2314 0.00351728243 -0.023037834 0.00845091483 0 0 0
nt@synapse_cleft 2320 0.0100930545 -0.0345193701 0.00542781352 0 0 0
nt@synapse_cleft 2321 0.0465493845 0.012274602 0.00085548474 0 0 0
nt@synapse_cleft 2327 -0.0317687474 -0.0151000018 0.0149116401 0 0 0
nt@synapse_cleft 2330 -0.0295776821 0.0145799847 0.0155567021 0 0 0
nt@synapse_cleft 2349 0.0436418893 0.0342835107 0.000566975333 0 0 0
nt@synapse_cleft 2367 -0.0342100543 -0.0458087216 0.000971349526 0 0 0
nt@synapse_cleft 2369 -0.0333449622 0.00763181765 0.000403144984 0 0 0
nt@synapse_cleft 2383 0.00599927084 -0.0846573421 0.0052736236 0 0 0
nt@synapse_cleft 2389 0.00334177177 -0.0137849618 0.0108146566 0 0 0
nt@synapse_cleft 2400 -0.0188706701 -0.0199520621 0.0158572188 0 0 0
nt@synapse_cleft 2411 0.0253899943 -0.0363011232 0.0192341112 0 0 0
nt@synapse_cleft 2412 -0.000637508929 0.00372406147 0.0188279428 0 0 0
nt@synapse_cleft 2421 0.0103347768 0.0218815537 0.00657322723 0 0 0
nt@synapse_cleft 2423 0.00877927655 -0.048144085 0.0064867275 0 0 0
nt@synapse_cleft 2437 0.0415445987 -0.00430139001 0.0162780545 0 0 0
nt@synapse_cleft 2438 0.0166115451 -0.0334138433 0.000882923857 0 0 0
nt@synapse_cleft 2448 0.000861993857 0.0200373607 0.00812929885 0 0 0
nt@synapse_cleft 2456 -0.0234613761 -0.018259379 0.0057231718 0 0 0
nt@synapse_cleft 2462 -0.0134609619 0.0337844559 0.00766486214 0 0 0
nt@synapse_cleft 2468 -0.0443358401 -0.0305313838 0.0134446991 0 0 0
nt@synapse_cleft 2472 0.0630054657 -0.0307433936 0.00347769029 0 0 0
nt@synapse_cleft 2480 -0.000707875623 -0.0277014655 0.00239797016 0 0 0
nt@synapse_cleft 2481 -0.0161675813 -0.031242523 0.00933405289 0 0 0
nt@synapse_cleft 2483 0.0171559699 0.0154983959 0.00503209979 0 0 0
nt@synapse_cleft 2491 0.0115333207 0.0256545615 0.0181675279 0 0 0
nt@synapse_cleft 2493 0.0221921261 -0.0445106885 0.00973774637 0 0 0
nt@synapse_cleft 2498 0.00489832885 -0.0208296407 0.00476809688 0 0 0
nt@synapse_cleft 2502 0.0203340275 -0.0296456915 0.0109723371 0 0 0
nt@synapse_cleft 2509 0.00981516614 -0.0133611471 0.00111623078 0 0 0
nt@synapse_cleft 2513 -0.0103790791 0.0213452906 0.0075167887 0 0 0
nt@synapse_cleft 2517 -0.00845202495 0.0051223633 0.0170574975 0 0 0
nt@synapse_cleft 2520 0.0216579908 0.035104785 0.0114608101 0 0 0
nt@synapse_cleft 2528 0.0112104682 -0.00216631124 0.0143463509 0 0 0
nt@synapse_cleft 2539 -0.00251383659 0.0189378252 0.0070496582 0 0 0
nt@synapse_cleft 2542 0.0256897924 -0.031947674 0.00917309399 0 0 0
nt@synapse_cleft 2549 -0.020383949 0.0534227433 0.0137592869 0 0 0
nt@synapse_cleft 2550 0.0558883879 0.0101523645 0.0185024188 0 0 0
nt@synapse_cleft 2555 0.0593556313 -0.0225365214 0.0104633366 0 0 0
nt@synapse_cleft 2560 -0.0334323965 -0.0053412164 0.00658162863 0 0 0
nt@synapse_cleft 2561 0.0221905065 0.0516829094 0.0145215324 0 0 0
nt@synapse_cleft 2563 0.00389435959 0.00346660366 0.0110042091 0 0 0
nt@synapse_cleft 2564 -0.00724687444 0.0554976453 0.00684670668 0 0 0
nt@synapse_cleft 2566 0.000567778243 0.00780802024 0.0068881126 0 0 0
nt@synapse_cleft 2570 0.000754451394 0.00410848902 0.0068082773 0 0 0
nt@synapse_cleft 2577 -0.00180103024 0.0225673502 0.012863686 0 0 0
nt@synapse_cleft 2603 0.0383599141 -0.0219705325 0.0192092218 0 0 0
nt@synapse_cleft 2604 0.0532278838 -0.0248215972 0.0193255438 0 0 0
nt@synapse_cleft 2610 0.00853272735 -0.0211323747 0.0197989568 0 0 0
nt@synapse_cleft 2615 0.00615330783 -0.0730047167 0.0196510642 0 0 0
nt@synapse_cleft 2625 -0.0550321235 -0.015785231 0.00465309637 0 0 0
nt@synapse_cleft 2628 0.0177091681 -0.0284238361 0.0170686791 0 0 0
nt@synapse_cleft 2639 -0.0007848467 -0.0154306976 0.00379699776 0 0 0
nt@synapse_cleft 2641 -0.0134096924 -0.00823372725 0.0152952173 0 0 0
nt@synapse_cleft 2652 0.00436289871 0.00157568682 0.0156621055 0 0 0
nt@synapse_cleft 2660 -0.0189173184 -0.01987038 0.000456358062 0 0 0
nt@synapse_cleft 2670 -0.00177651234 -0.0132463939 0.00422423168 0 0 0
nt@synapse_cleft 2680 -0.0563949106 -0.0368468747 0.000389079109 0 0 0
nt@synapse_cleft 2681 -0.0399739513 -0.0285850263 0.0186143324 0 0 0
nt@synapse_cleft 2688 -0.0456287418 0.0714594601 0.0110733338 0 0 0
nt@synapse_cleft 2702 -0.0206870393 -0.00685578453 0.00399418821 0 0 0
nt@synapse_cleft 2708 -0.0396749667 0.0222073296 0.004416174 0 0 0
nt@synapse_cleft 2709 0.0218315031 -0.00891304304 0.0149897036 0 0 0
nt@synapse_cleft 2720 0.015088304 0.0157828174 0.0080823072 0 0 0
nt@synapse_cleft 2724 -0.000994263173 -0.0118201873 0.0065510713 0 0 0
nt@synapse_cleft 2729 0.0101620701 -0.0431457428 0.018474563 0 0 0
nt@synapse_cleft 2743 0.000516754581 -0.0525650046 0.0167895881 0 0 0
nt@synapse_cleft 2750 0.00820821247 -0.0564248552 0.0117153434 0 0 0
nt@synapse_cleft 2752 -0.0262938598 -0.0317666712 0.00896297419 0 0 0
nt@synapse_cleft 2756 0.0334514105 -0.0228089356 0.0152345568 0 0 0
nt@synapse_cleft 2766 -0.0295387572 0.0259861813 0.000265911478 0 0 0
nt@synapse_cleft 2775 0.0272592005 -0.0338265994 0.0187545858 0 0 0
nt@synapse_cleft 2785 0.00967440026 0.0413541505 0.0192823594 0 0 0
nt@synapse_cleft 2798 -0.0351922931 0.0108534411 0.00809989991 0 0 0
nt@synapse_cleft 2807 -0.0255825584 0.00548180327 0.012841243 0 0 0
nt@synapse_cleft 2808 0.0292345261 0.0581821375 0.00117938033 0 0 0
nt@synapse_cleft 2820 0.0151023587 -0.000603857622 0.0158384995 0 0 0
nt@synapse_cleft 2828 0.00183390973 -0.0392098791 0.00490702332 0 0 0
nt@synapse_cleft 2857 0.0138646127 -0.0320288425 0.00707623005 0 0 0
nt@synapse_cleft 2861 -0.00965609995 0.0218914196 0.00824445545 0 0 0
nt@synapse_cleft 2863 -0.0477708617 -0.000225748609 0.000654849698 0 0 0
nt@synapse_cleft 2875 0.0235433876 0.0145355855 0.0192293434 0 0 0
nt@synapse_cleft 2876 0.00250524573 -0.00124889835 0.0181830361 0 0 0
nt@synapse_cleft 2880 0.0186567851 -0.010665519 0.00721787771 0 0 0
nt@synapse_cleft 2884 0.0212697036 0.0155025134 0.00973627891 0 0 0
nt@synapse_cleft 2894 0.0214514612 0.019141745 0.00711535681 0 0 0
nt@synapse_cleft 2895 0.0666036762 -0.0140210168 0.0137013232 0 0 0
nt@synapse_cleft 2905 -0.00465051212 0.00247546326 0.00942024907 0 0 0
nt@synapse_cleft 2909 0.0538855005 -0.00102741014 0.0180209987 0 0 0
nt@synapse_cleft 2910 -0.0664043545 0.00235783862 0.0156337454 0 0 0
nt@synapse_cleft 2912 -0.0024154722 -0.0184068073 0.0114323864 0 0 0
nt@synapse_cleft 2915 0.0370289574 -0.0463861055 0.00999388579 0 0 0
nt@synapse_cleft 2920 -0.00285760765 -0.00195749479 0.0117157699 0 0 0
nt@synapse_cleft 2933 -0.0113169155 -0.015416588 0.0025093104 0 0 0
nt@synapse_cleft 2935 -0.0373762369 0.00542314705 0.0151374413 0 0 0
nt@synapse_cleft 2940 -0.00726944704 -0.020409093 0.00143777647 0 0 0
nt@synapse_cleft 2962 0.014483605 -0.00315109736 0.00397895473 0 0 0
nt@synapse_cleft 2983 0.00784747641 -0.0268642368 0.00875798514 0 0 0
nt@synapse_cleft 2993 -0.025045143 0.0468654655 0.0190891602 0 0 0
nt@synapse_cleft 3006 0.0441508741 0.0630755244 0.00633748645 0 0 0
nt@synapse_cleft 3012 0.0241974196 -0.00408495084 0.0190348856 0 0 0
nt@synapse_cleft 3019 -0.0304934506 -0.00527263791 0.00477412274 0 0 0
nt@synapse_cleft 3020 -0.0157524203 -0.0250428267 0.00170335883 0 0 0
nt@synapse_cleft 3042 -0.00481462751 0.0149884003 0.0182327624 0 0 0
nt@synapse_cleft 3047 0.0259710187 0.0617651103 0.0108274168 0 0 0
nt@synapse_cleft 3057 0.0403297333 -0.00298105797 0.0184323525 0 0 0
nt@synapse_cleft 3061 -0.0155530569 0.0296897956 0.00268388694 0 0 0
nt@synapse_cleft 3069 0.0420419255 -0.0278663064 0.018984767 0 0 0
nt@synapse_cleft 3073 0.0100270032 0.036065965 0.00147384948 0 0 0
nt@synapse_cleft 3089 -0.00413230004 -0.0220949347 0.00466210976 0 0 0
nt@synapse_cleft 3096 -0.00322118778 0.0137683326 0.000922934238 0 0 0
nt@synapse_cleft 3099 -0.0452064599 0.0131464364 0.0144989541 0 0 0
nt@synapse_cleft 3114 0.0386870619 0.0240342478 0.0159691573 0 0 0
nt@synapse_cleft 3132 -0.0108086266 -0.00947079196 0.00536672283 0 0 0
nt@synapse_cleft 3134 0.0105883339 0.0323604718 0.00613486717 0 0 0
nt@synapse_cleft 3150 0.0209293544 -0.0639604884 0.00452039062 0 0 0
nt@synapse_cleft 3159 -0.0150761437 0.0132064332 0.0175986686 0 0 0
nt@synapse_cleft 3177 0.0172626285 -0.0251751985 0.00227521548 0 0 0
nt@synapse_cleft 3178 -0.0255206476 -0.0212304955 0.0109295775 0 0 0
nt@synapse_cleft 3181 0.0156682029 -0.00179123326 0.014661963 0 0 0
nt@synapse_cleft 3183 0.00845880578 -0.0270216603 0.00110565546 0 0 0
nt@synapse_cleft 3184 0.0311808118 0.0240549634 0.0148508995 0 0 0
nt@synapse_cleft 3185 0.0210840282 0.00838599475 0.0178718484 0 0 0
nt@synapse_cleft 3199 0.00806639932 0.0187682263 0.0177824856 0 0 0
nt@synapse_cleft 3202 0.00914050464 0.0372473083 0.00224455521 0 0 0
nt@synapse_cleft 3207 -0.0119928457 -0.00762058793 0.00765232711 0 0 0
nt@synapse_cleft 3220 0.00886652824 0.0349431575 0.00648541245 0 0 0
nt@synapse_cleft 3222 -0.0550709079 -0.0158466043 0.00159009316 0 0 0
nt@synapse_cleft 3227 0.013916373 0.0121416134 0.0106274229 0 0 0
nt@synapse_cleft 3247 0.00700255152 -0.00343550277 0.0137602844 0 0 0
nt@synapse_cleft 3249 -0.0167387299 -0.0120657817 0.0137935365 0 0 0
nt@synapse_cleft 3275 0.00266812138 -0.0192516988 0.0114108286 0 0 0
nt@synapse_cleft 3304 0.0195479696 0.081440517 0.0151987623 0 0 0
nt@synapse_cleft 3308 -0.0340167546 0.0495084545 0.00568062904 0 0 0
nt@synapse_cleft 3313 -0.00361646964 -0.0116965104 0.000393713244 0 0 0
nt@synapse_cleft 3326 0.0122849793 -0.00150255701 0.00114472591 0 0 0
nt@synapse_cleft 3334 0.00731761686 0.0132597534 0.0106619868 0 0 0
nt@synapse_cleft 3338 -0.00905983775 -0.0592949 0.0186125204 0 0 0
nt@synapse_cleft 3341 0.0217854668 -0.00165247138 0.0112888106 0 0 0
nt@synapse_cleft 3367 0.0136726086 0.013599532 0.00894044097 0 0 0
nt@synapse_cleft 3375 0.0465055291 0.0329486377 0.0126869358 0 0 0
nt@synapse_cleft 3378 0.0109314537 0.0285761748 0.000581847307 0 0 0
nt@synapse_cleft 3394 -0.000856143733 -0.0299730326 0.00254960785 0 0 0
nt@synapse_cleft 3401 0.0418147887 -0.0130117612 0.00435684238 0 0 0
nt@synapse_cleft 3402 -0.00357221677 -0.022402107 0.0036692168 0 0 0
nt@synapse_cleft 3404 0.0132791234 -0.0319516476 0.00243688518 0 0 0
nt@synapse_cleft 3407 -0.0119173592 0.0670810435 0.00904442859 0 0 0
nt@synapse_cleft 3413 0.0148905453 0.0184160888 0.0169872231 0 0 0
nt@synapse_cleft 3419 -0.0324735628 0.0276454631 0.000894735732 0 0 0
nt@synapse_cleft 3429 0.0499260237 -0.0216174305 0.0109939782 0 0 0
nt@synapse_cleft 3432 0.051749978 -0.0672996069 0.00404387081 0 0 0
nt@synapse_cleft 3445 0.0221524211 0.0367896013 0.0120238242 0 0 0
nt@synapse_cleft 3451 0.015886818 0.0134579552 0.0139277548 0 0 0
nt@synapse_cleft 3467 -0.0774344793 -0.00210428747 0.0054289312 0 0 0
nt@synapse_cleft 3474 0.0494155276 -0.00392595888 0.00371133739 0 0 0
nt@synapse_cleft 3482 -0.0716380972 -0.0325859753 0.00664248888 0 0 0
nt@synapse_cleft 3484 -0.0116972697 0.0215788652 0.0104212789 0 0 0
nt@synapse_cleft 3500 0.0202788111 -0.0261412693 0.0187955047 0 0 0
nt@synapse_cleft 3507 -0.0320259167 0.0111126466 0.0189213514 0 0 0
nt@synapse_cleft 3511 0.0270173798 -0.0393193124 0.00208519542 0 0 0
nt@synapse_cleft 3526 0.013173552 -0.0427830874 0.0126219374 0 0 0
nt@synapse_cleft 3535 0.0107838137 0.0181475513 0.00115115079 0 0 0
nt@synapse_cleft 3536 0.0143331245 0.0120721906 0.0097236508 0 0 0
nt@synapse_cleft 3538 -0.0299235122 0.00651721966 0.00503665247 0 0 0
nt@synapse_cleft 3542 0.00485033578 0.0358101433 0.0095162216 0 0 0
nt@synapse_cleft 3543 -0.0304170543 -0.0267965998 0.0111849868 0 0 0
nt@synapse_cleft 3546 0.0088170954 0.0363869052 0.0139099645 0 0 0
nt@synapse_cleft 3561 -0.0175884278 -0.0102891911 0.000689016333 0 0 0
nt@synapse_cleft 3562 -0.0595402275 -0.00670147052 0.00350552634 0 0 0
nt@synapse_cleft 3563 0.0269137603 -0.0173814685 0.0194878046 0 0 0
nt@synapse_cleft 3565 0.03850234 -0.0243532913 0.0038032287 0 0 0
nt@synapse_cleft 3566 -0.0152132464 0.0649035606 0.015876641 0 0 0
nt@synapse_cleft 3568 0.00893106034 -0.0428885943 0.00929389484 0 0 0
nt@synapse_cleft 3575 -0.0174590545 -0.000979673654 0.0198824012 0 0 0
nt@synapse_cleft 3576 0.0487235783 0.00719919934 0.00513881825 0 0 0
nt@synapse_cleft 3592 0.0108614172 0.0502052274 0.00915601705 0 0 0
nt@synapse_cleft 3602 -0.0361579687 -0.0197993709 0.0140760934 0 0 0
nt@synapse_cleft 3603 -0.0189362048 0.0227624957 0.0154304458 0 0 0
nt@synapse_cleft 3606 -0.00619302191 0.00847678454 0.00752925349 0 0 0
nt@synapse_cleft 3611 0.0183816651 0.010476472 0.0172720973 0 0 0
nt@synapse_cleft 3616 -0.0416829041 0.0381808043 0.0102964951 0 0 0
nt@synapse_cleft 3617 -0.0144221079 -0.0675514129 0.0195981427 0 0 0
nt@synapse_cleft 3620 0.0143846264 0.0243823435 0.00615746733 0 0 0
nt@synapse_cleft 3625 0.023282696 0.0215854098 0.0187322222 0 0 0
nt@synapse_cleft 3635 -0.024531833 0.0196364383 0.00352633815 0 0 0
nt@synapse_cleft 3636 0.00161849726 -0.00886223722 0.00592313086 0 0 0
nt@synapse_cleft 3645 0.00289152462 -0.0285373147 0.00785616566 0 0 0
nt@synapse_cleft 3661 0.0209803846 -0.00488641264 0.0131222898 0 0 0
nt@synapse_cleft 3664 0.0300787568 -0.0504018556 0.00452150281 0 0 0
nt@synapse_cleft 3667 -0.0329544419 -0.00302804083 0.00696969359 0 0 0
nt@synapse_cleft 3681 0.0424441283 -0.0289074664 0.0037272875 0 0 0
nt@synapse_cleft 3690 0.0509768719 -0.0192494571 0.0198258335 0 0 0
nt@synapse_cleft 3693 -0.0682808021 -0.0241096146 0.0119062244 0 0 0
nt@synapse_cleft 3706 0.026037004 -0.0267438121 2.64268643e-05 0 0 0
nt@synapse_cleft 3707 -0.0612257269 -0.0161958471 0.018365017 0 0 0
nt@synapse_cleft 3714 -0.0649330969 -0.0091660468 0.0176763388 0 0 0
nt@synapse_cleft 3730 0.00679243483 0.00650112087 0.00278690152 0 0 0
nt@synapse_cleft 3731 -0.00782957574 -6.96592383e-05 0.0126868814 0 0 0
nt@synapse_cleft 3737 0.00775842955 0.0166721708 1.06971302e-05 0 0 0
nt@synapse_cleft 3739 0.0271136733 0.0580777748 0.017330928 0 0 0
nt@synapse_cleft 3745 -0.00188129072 0.0198578923 0.00555914206 0 0 0
nt@synapse_cleft 3751 -0.000393273188 -0.0072008044 0.00500550772 0 0 0
nt@synapse_cleft 3758 -0.0126414514 -0.0390715923 0.00550640304 0 0 0
nt@synapse_cleft 3759 -0.0144812226 -0.0135617895 0.0190412358 0 0 0
nt@synapse_cleft 3763 0.0330547042 0.0373709783 0.0095931892 0 0 0
nt@synapse_cleft 3768 0.0165931953 0.00140115792 0.012263674 0 0 0
nt@synapse_cleft 3771 0.020888537 -0.029530614 0.0108667055 0 0 0
nt@synapse_cleft 3783 -0.0233463271 -0.0246081356 0.00543833502 0 0 0
nt@synapse_cleft 3788 -0.00511939909 -0.0180344901 0.0195243763 0 0 0
nt@synapse_cleft 3793 -0.0135182777 -0.0086026937 0.0165768779 0 0 0
nt@synapse_cleft 3800 0.018636459 -0.0153099195 0.0152061829 0 0 0
nt@synapse_cleft 3802 0.00905867948 0.0256138094 0.00543658197 0 0 0
nt@synapse_cleft 3811 -0.0120862184 -0.0306499045 0.000181020948 0 0 0
nt@synapse_cleft 3827 0.0101237484 0.0633010132 0.0105632968 0 0 0
nt@synapse_cleft 3831 0.000754055815 -0.0464682286 0.00697607622 0 0 0
nt@synapse_cleft 3834 0.046747585 -0.0312971936 0.0181289906 0 0 0
nt@synapse_cleft 3835 0.0162222885 -0.0443251369 0.00649126808 0 0 0
nt@synapse_cleft 3841 0.0407650739 -0.0342144936 0.00315123568 0 0 0
nt@synapse_cleft 3844 -0.00124949179 -0.00946872513 0.0167030387 0 0 0
nt@synapse_cleft 3846 -0.0240453167 0.00410315785 0.0126261932 0 0 0
nt@synapse_cleft 3848 0.0248631371 0.0419765045 0.0159655202 0 0 0
nt@synapse_cleft 3850 -0.0208781102 -0.0147383939 0.0186891386 0 0 0
nt@synapse_cleft 3859 0.0457871778 -0.00237466342 0.00339212324 0 0 0
nt@synapse_cleft 3879 0.062422025 -0.0624653197 0.0094945883 0 0 0
nt@synapse_cleft 3886 0.035083467 0.060618384 0.00382567418 0 0 0
nt@synapse_cleft 3891 0.00863602218 -0.0106584804 0.00652983714 0 0 0
nt@synapse_cleft 3902 -0.0286354105 0.00170516 0.0105046464 0 0 0
nt@synapse_cleft 3907 -0.0269230523 -0.0193830405 0.00515137222 0 0 0
nt@synapse_cleft 3918 -0.00483521989 -0.00457062763 0.00621910112 0 0 0
nt@synapse_cleft 3921 0.0320032624 0.0516950091 0.000421857212 0 0 0
nt@synapse_cleft 3927 0.00898436663 0.0447622782 0.0138899223 0 0 0
nt@synapse_cleft 3932 0.02412299 -0.0185274909 0.0105122819 0 0 0
nt@synapse_cleft 3952 -0.0380520549 0.0285279527 0.012047281 0 0 0
nt@synapse_cleft 3953 0.0349148761 -0.0354256527 0.000172076949 0 0 0
nt@synapse_cleft 3957 0.0261462019 0.0167255679 0.0199752696 0 0 0
nt@synapse_cleft 3958 0.00855775838 0.0155476976 0.0173863065 0 0 0
nt@synapse_cleft 3963 0.0163396624 0.0211645037 0.007201408 0 0 0
nt@synapse_cleft 3965 -0.044503443 0.00561357069 0.0183012399 0 0 0
nt@synapse_cleft 3967 0.0192260104 -0.014993972 0.0119141701 0 0 0
nt@synapse_cleft 3968 0.0106256219 -0.00726525346 0.00365230157 0 0 0
nt@synapse_cleft 3973 -0.00676285974 0.00235388061 0.0156423415 0 0 0
nt@synapse_cleft 3974 -0.0309589583 0.0702259408 0.00616847527 0 0 0
nt@synapse_cleft 3978 0.0236932478 0.00423169645 0.0168617088 0 0 0
nt@synapse_cleft 3983 -0.0383781063 -0.0281199181 8.56165386e-05 0 0 0
nt@synapse_cleft 3988 -0.0164717164 -0.0310206506 0.000187685772 0 0 0
nt@synapse_cleft 3991 0.0755684338 -0.0325746427 0.00600611797 0 0 0
nt@synapse_cleft 3993 -0.0519521084 -0.00603284593 0.014286059 0 0 0
nt@synapse_cleft 3997 -0.0454841138 0.000968431531 0.0189835761 0 0 0
nt@synapse_cleft 3999 -0.0379533965 -0.020322423 0.00755941594 0 0 0
nt@synapse_cleft 4018 0.028369762 0.00329622004 0.0120561634 0 0 0
nt@synapse_cleft 4037 -0.00508607823 0.0295293244 0.0190191597 0 0 0
nt@synapse_cleft 4040 0.000830896245 0.00818108235 0.010984202 0 0 0
nt@synapse_cleft 4049 0.024270918 0.0137806138 0.0197968564 0 0 0
nt@synapse_cleft 4051 0.0124404098 0.00624720747 0.0100606452 0 0 0
nt@synapse_cleft 4064 -0.0017074769 0.014975107 0.0178566235 0 0 0
nt@synapse_cleft 4070 -0.0173179822 0.00459560361 0.019156495 0 0 0
nt@synapse_cleft 4071 -0.021608132 -0.0452851134 0.00596786306 0 0 0
nt@synapse_cleft 4103 -0.00689745323 0.012220183 0.00342762317 0 0 0
nt@synapse_cleft 4106 0.0276211414 0.0165510157 0.00350719657 0 0 0
nt@synapse_cleft 4115 0.00908895426 0.0161983854 0.00432130083 0 0 0
nt@synapse_cleft 4119 0.0206096951 -0.0224549112 0.0152045811 0 0 0
nt@synapse_cleft 4123 -0.00763366654 0.0132158471 0.0180976124 0 0 0
nt@synapse_cleft 4126 0.0385568676 -0.0279913912 0.00363732722 0 0 0
nt@synapse_cleft 4129 -0.00306232797 0.016659144 0.0179074752 0 0 0
nt@synapse_cleft 4132 0.0312735417 0.0406193307 0.0155644069 0 0 0
nt@synapse_cleft 4135 0.0130335645 -0.00304074342 0.0176190687 0 0 0
nt@synapse_cleft 4150 -0.0411380779 -0.0502307568 0.0175773221 0 0 0
nt@synapse_cleft 4155 0.0204336081 -0.0593616684 0.00756797275 0 0 0
nt@synapse_cleft 4156 0.0527251823 -0.00443667031 0.0102545887 0 0 0
nt@synapse_cleft 4163 0.00262667668 0.0474928532 0.00352080312 0 0 0
nt@synapse_cleft 4177 -0.0368441966 0.0738161434 0.0135579795 0 0 0
nt@synapse_cleft 4187 -0.0185785343 -0.0252012651 0.0157680307 0 0 0
nt@synapse_cleft 4193 0.00629927821 -0.0462305145 0.0157701998 0 0 0
nt@synapse_cleft 4214 -0.0316578134 -0.0166305365 0.0160408205 0 0 0
nt@synapse_cleft 4215 0.0324032916 -0.0578065447 0.0163338282 0 0 0
nt@synapse_cleft 4220 -0.0241715897 -0.00870860804 0.00847884131 0 0 0
nt@synapse_cleft 4228 0.0423573209 -0.0189803625 0.018387411 0 0 0
nt@synapse_cleft 4230 -0.0143099804 0.0647604746 0.00111320871 0 0 0
nt@synapse_cleft 4233 0.0164021674 0.0138795455 0.00402315137 0 0 0
nt@synapse_cleft 4242 0.0360678494 -0.051673097 0.0157378014 0 0 0
nt@synapse_cleft 4252 0.0358446704 0.00389859794 0.0128048317 0 0 0
nt@synapse_cleft 4254 -0.00858271296 0.0461741766 0.00467846252 0 0 0
nt@synapse_cleft 4255 -0.0244267053 -0.032852137 0.010616041 0 0 0
nt@synapse_cleft 4279 0.0300213976 -0.0543974314 0.00857451917 0 0 0
nt@synapse_cleft 4285 -0.0419200274 0.0397737631 0.012070658 0 0 0
nt@synapse_cleft 4288 0.0192438821 -0.0147743147 0.0146705179 0 0 0
nt@synapse_cleft 4293 -0.0227267758 -0.0112746912 0.0089279134 0 0 0
nt@synapse_cleft 4297 0.0337826253 -0.0273114041 0.00979495569 0 0 0
nt@synapse_cleft 4301 0.0464863259 -0.00434300591 0.00771496222 0 0 0
nt@synapse_cleft 4312 -0.0164511956 -0.0310057214 0.00764171936 0 0 0
nt@synapse_cleft 4317 -0.0143313824 0.0521231618 0.00266404337 0 0 0
nt@synapse_cleft 4326 0.0228419898 -0.00538086063 0.0180592121 0 0 0
nt@synapse_cleft 4330 -0.0210988797 0.0126632968 0.0173870358 0 0 0
nt@synapse_cleft 4339 0.0148077504 -0.0275037922 0.0169166288 0 0 0
nt@synapse_cleft 4343 -0.0219027813 -0.0677442686 0.00582588505 0 0 0
nt@synapse_cleft 4346 0.0236803274 0.00600226332 0.0049178615 0 0 0
nt@synapse_cleft 4351 0.0496303996 0.0109853929 0.0159725772 0 0 0
nt@synapse_cleft 4360 0.00828580723 0.00287369618 0.0102118188 0 0 0
nt@synapse_cleft 4365 0.00296951492 0.0429405843 0.0193427441 0 0 0
nt@synapse_cleft 4374 -0.0185465597 -0.0253248232 0.00299316667 0 0 0
nt@synapse_cleft 4376 -0.0177688925 0.000908982269 0.00745830129 0 0 0
nt@synapse_cleft 4381 -0.0185577261 -0.031368357 0.0103878749 0 0 0
nt@synapse_cleft 4386 -0.0135612824 -0.00107944267 0.00516565922 0 0 0
nt@synapse_cleft 4392 -0.0051071873 0.0190143202 0.00363089621 0 0 0
nt@synapse_cleft 4395 0.00956675642 -0.0421140706 0.0183742807 0 0 0
nt@synapse_cleft 4396 0.0180265019 -0.0499773476 0.00514828219 0 0 0
nt@synapse_cleft 4398 -0.0161767767 0.00949374228 0.0113032864 0 0 0
nt@synapse_cleft 4399 0.0171035546 0.0380706344 0.00172543047 0 0 0
nt@synapse_cleft 4414 -0.000682187748 -0.0200971919 0.0156131532 0 0 0
nt@synapse_cleft 4416 -0.0154912089 0.00074739849 0.0177207443 0 0 0
nt@synapse_cleft 4423 0.0135301596 -0.00978067075 0.0120279529 0 0 0
nt@synapse_cleft 4424 -0.0314142698 -0.00015283884 0.00162519792 0 0 0
nt@synapse_cleft 4430 -0.00954496307 -0.0117813299 0.00437115994 0 0 0
nt@synapse_cleft 4431 0.00954400707 -0.0395035023 0.0122193383 0 0 0
nt@synapse_cleft 4434 0.0146260505 -0.00239191426 0.00393177679 0 0 0
nt@synapse_cleft 4446 -0.011953952 0.0346703747 0.0184140735 0 0 0
nt@synapse_cleft 4464 0.0194759038 -0.0129792474 0.00816315519 0 0 0
nt@synapse_cleft 4478 -0.0119996441 0.0455829373 0.00980304259 0 0 0
nt@synapse_cleft 4480 0.0113463653 0.0451400373 0.010031294 0 0 0
nt@synapse_cleft 4482 -0.0428203638 -0.0235479716 0.0164888067 0 0 0
nt@synapse_cleft 4485 0.011566239 0.0250357409 0.0103806817 0 0 0
nt@synapse_cleft 4488 0.0181090152 0.00812432879 0.00500647415 0 0 0
nt@synapse_cleft 4489 -0.0128944223 -0.00256509816 0.000455345716 0 0 0
nt@synapse_cleft 4499 -0.00200160778 0.0157808534 0.00411945084 0 0 0
nt@synapse_cleft 4501 0.0140126592 0.00839889367 0.0158339297 0 0 0
nt@synapse_cleft 4517 -0.043166917 0.00797779519 0.01428888 0 0 0
nt@synapse_cleft 4527 0.0133818806 0.00181271591 0.0167851216 0 0 0
nt@synapse_cleft 4538 -0.0356681403 -0.0455118798 0.00656441534 0 0 0
nt@synapse_cleft 4542 0.0116369435 0.0549481501 0.00707543872 0 0 0
nt@synapse_cleft 4545 -0.0220573872 0.0409845892 0.00992409906 0 0 0
nt@synapse_cleft 4551 -0.00376762586 0.0360110324 0.0108737813 0 0 0
nt@synapse_cleft 4553 -0.0392201102 -0.0175218415 0.011811097 0 0 0
nt@synapse_cleft 4559 -0.0291728795 0.022773215 0.0137787766 0 0 0
nt@synapse_cleft 4574 0.0397334959 -0.0313560876 0.00578097002 0 0 0
nt@synapse_cleft 4576 -0.0394890506 -0.024963546 0.0129934475 0 0 0
nt@synapse_cleft 4583 0.010314792 0.00756236866 0.00716466394 0 0 0
nt@synapse_cleft 4590 -0.0538671978 -0.0107395756 0.0190246616 0 0 0
nt@synapse_cleft 4593 -0.0489436694 0.0507732956 0.00597576482 0 0 0
nt@synapse_cleft 4595 0.0363855416 -0.045545561 0.00637949416 0 0 0
nt@synapse_cleft 4613 0.055458682 0.00280645432 0.00231700545 0 0 0
nt@synapse_cleft 4620 0.00732996337 0.00371689617 0.0192541261 0 0 0
nt@synapse_cleft 4654 0.000269140107 -0.0290323688 0.00612535331 0 0 0
nt@synapse_cleft 4659 -0.036208238 0.052458279 0.00754530578 0 0 0
nt@synapse_cleft 4681 0.0224847538 -0.00487156641 0.0188397729 0 0 0
nt@synapse_cleft 4700 -0.0298292233 0.0567307535 0.0107898043 0 0 0
nt@synapse_cleft 4701 0.0286237064 0.0310893884 0.0138693788 0 0 0
nt@synapse_cleft 4709 -0.0212589445 -0.00231621812 0.00306654995 0 0 0
nt@synapse_cleft 4710 -0.00760320256 -0.0193050625 0.00398513992 0 0 0
nt@synapse_cleft 4718 0.0452537881 0.0153517961 0.0175876548 0 0 0
nt@synapse_cleft 4736 -0.00176532288 0.0270470938 0.0058084433 0 0 0
nt@synapse_cleft 4750 -0.00630191672 -0.073479686 0.00560241068 0 0 0
nt@synapse_cleft 4753 -0.0166924067 -0.00356441749 0.0120874117 0 0 0
nt@synapse_cleft 4754 -0.00326276299 -0.0148021668 0.00199828675 0 0 0
nt@synapse_cleft 4756 0.00784482661 -0.0136501411 0.0168437369 0 0 0
nt@synapse_cleft 4758 -0.0261842488 -0.0022267448 0.01967818 0 0 0
nt@synapse_cleft 4764 0.0349907475 -0.0135458305 0.000766999577 0 0 0
nt@synapse_cleft 4779 0.0320490809 -0.0284001277 0.0111317629 0 0 0
nt@synapse_cleft 4784 0.0318610172 0.00871008543 0.00643533952 0 0 0
nt@synapse_cleft 4786 -0.0289861305 0.0236548553 0.0149536728 0 0 0
nt@synapse_cleft 4791 0.0445969788 0.00292869255 0.0188158627 0 0 0
nt@synapse_cleft 4793 -0.0307800131 0.000962299322 0.0153319223 0 0 0
nt@synapse_cleft 4800 0.0291388357 0.00391564466 0.00800501635 0 0 0
nt@synapse_cleft 4801 -0.00796038456 0.0104343276 0.0162974678 0 0 0
nt@synapse_cleft 4822 -0.0146291897 -0.01767189 0.00175810237 0 0 0
nt@synapse_cleft 4823 -0.0103577921 0.00845060795 0.0143458044 0 0 0
nt@synapse_cleft 4829 0.0160772405 -0.0595141484 0.00138252779 0 0 0
nt@synapse_cleft 4839 -0.00559060085 0.00248614814 0.00253245496 0 0 0
nt@synapse_cleft 4844 0.0663858868 -0.0250509242 0.0198866502 0 0 0
nt@synapse_cleft 4852 -0.0187762503 -0.0284212125 0.0149889552 0 0 0
nt@synapse_cleft 4871 0.00530973921 0.00675373012 0.00548706454 0 0 0
nt@synapse_cleft 4880 -0.000143168339 -0.0283432299 0.0122277571 0 0 0
nt@synapse_cleft 4883 -0.0477200625 0.00405940759 0.0118898837 0 0 0
nt@synapse_cleft 4892 -0.033421413 0.0337284913 0.0145035859 0 0 0
nt@synapse_cleft 4897 0.0143542926 -0.0219622476 0.00194151338 0 0 0
nt@synapse_cleft 4901 0.027534791 0.0100683381 0.00517206698 0 0 0
nt@synapse_cleft 4905 -0.0278761813 0.000652115241 0.00125966737 0 0 0
nt@synapse_cleft 4906 -0.0105121493 -0.0404585755 0.0102693328 0 0 0
nt@synapse_cleft 4919 0.0012419122 0.0155917943 0.00200047315 0 0 0
nt@synapse_cleft 4925 -0.014075171 0.00292730266 0.00570399274 0 0 0
nt@synapse_cleft 4937 -0.0708272115 0.00909941041 0.0112882397 0 0 0
nt@synapse_cleft 4946 0.00401675021 0.00273924406 0.00410468996 0 0 0
nt@synapse_cleft 4973 -0.00497260005 0.0518279164 0.00940188307 0 0 0
nt@synapse_cleft 4979 0.0116259655 -0.0109468563 0.00185492912 0 0 0
nt@synapse_cleft 4981 0.00153763563 -0.0568041402 0.0066801047 0 0 0
nt@synapse_cleft 4982 0.000854549182 0.018103587 0.00780078951 0 0 0
nt@synapse_cleft 4983 -0.0312228871 0.00363850899 0.000144331001 0 0 0
nt@synapse_cleft 4991 -0.0177207422 -0.00572803883 0.00400160776 0 0 0
nt@synapse_cleft 5004 -0.023113392 -0.01508366 0.000303148992 0 0 0
nt@synapse_cleft 5006 0.0217475314 -0.0203312636 0.0110925762 0 0 0
nt@synapse_cleft 5009 -0.0157798048 0.00211623759 0.00724687037 0 0 0
nt@synapse_cleft 5015 -0.0297901991 -0.0288882939 0.010508284 0 0 0
nt@synapse_cleft 5044 -0.0456621426 0.0229308593 0.00580933627 0 0 0
nt@synapse_cleft 5046 -0.00654873679 -0.017865029 0.00120945559 0 0 0
nt@synapse_cleft 5052 0.0265891212 -0.00629366568 0.0119752021 0 0 0
nt@synapse_cleft 5055 -0.0107420889 0.0196533573 0.0181423968 0 0 0
nt@synapse_cleft 5061 0.000981574998 -0.036913611 0.00848650084 0 0 0
nt@synapse_cleft 5063 -0.0328511677 0.0395380706 0.0184080516 0 0 0
nt@synapse_cleft 5082 -0.0101180385 0.0505802735 0.00750783109 0 0 0
nt@synapse_cleft 5086 0.0366937199 0.044988073 0.0062435341 0 0 0
nt@synapse_cleft 5133 -0.0265282455 0.0218625594 0.015630437 0 0 0
nt@synapse_cleft 5145 0.0230936757 0.0190588424 0.00490555973 0 0 0
nt@synapse_cleft 5154 0.0117306586 0.0176384347 0.0198690627 0 0 0
nt@synapse_cleft 5159 -0.032068918 -0.0167486434 0.018483089 0 0 0
nt@synapse_cleft 5164 0.0107580722 -0.00542471201 0.00215924369 0 0 0
nt@synapse_cleft 5173 -0.0225570485 0.00683837 0.00958038132 0 0 0
nt@synapse_cleft 5176 -0.0324999833 0.0795028991 0.00743044968 0 0 0
nt@synapse_cleft 5179 0.0204410922 -0.00191035769 0.00451700312 0 0 0
nt@synapse_cleft 5182 0.0596211295 0.000330140032 0.000375066069 0 0 0
