nt@synapse_cleft 0 0.0343309931 -0.00177943606 0.0170643917 0 0 0
nt@synapse_cleft 2 -0.0529081231 0.0190147843 0.000961062617 0 0 0
nt@synapse_cleft 7 0.0301791925 0.0229259057 0.00274702428 0 0 0
nt@synapse_cleft 9 0.0387487148 -0.0376717691 0.0165607215 0 0 0
nt@synapse_cleft 12 0.0112205231 0.0518309745 0.00574758565 0 0 0
nt@synapse_cleft 15 0.00334157124 0.022823199 0.00817319362 0 0 0
nt@synapse_cleft 17 0.0361245425 0.00792543122 0.00267999791 0 0 0
nt@synapse_cleft 26 -0.0314602722 0.0120266019 0.0139843432 0 0 0
nt@synapse_cleft 35 0.00844011506 0.0510174616 0.0132461484 0 0 0
nt@synapse_cleft 45 -0.0216822652 0.02558668 0.0106714519 0 0 0
nt@synapse_cleft 54 0.0139607216 0.0159744532 0.00930164607 0 0 0
nt@synapse_cleft 56 -0.025694179 -0.0290023119 0.00583267186 0 0 0
nt@synapse_cleft 72 -0.0255395759 0.0290233753 0.0150470373 0 0 0
nt@synapse_cleft 87 -0.0053255766 0.00178420063 0.00292333592 0 0 0
nt@synapse_cleft 89 0.0338360434 -0.0119161002 0.0172975921 0 0 0
nt@synapse_cleft 100 -0.0263347733 -0.0321726303 0.00336485501 0 0 0
nt@synapse_cleft 103 0.0409662169 -0.0117198782 0.000704223424 0 0 0
nt@synapse_cleft 111 -0.0302364543 0.0402778766 0.00404975306 0 0 0
nt@synapse_cleft 114 0.043487446 -0.0377608806 0.00652228191 0 0 0
nt@synapse_cleft 115 -0.00483916537 -0.0228388005 0.0165919814 0 0 0
nt@synapse_cleft 137 -0.0554706209 -0.0290251864 0.00599331872 0 0 0
nt@synapse_cleft 150 -0.00978565736 0.0308156001 0.0104751437 0 0 0
nt@synapse_cleft 156 -0.00290211535 -0.0184562526 0.00265985028 0 0 0
nt@synapse_cleft 167 -0.0132853262 -0.0315750904 0.00730496546 0 0 0
nt@synapse_cleft 188 -0.0101772189 -0.0231790898 0.00736298875 0 0 0
nt@synapse_cleft 194 -0.0127890729 -0.0326623299 8.59427609e-05 0 0 0
nt@synapse_cleft 195 0.0409872026 0.0617286963 0.00290916415 0 0 0
nt@synapse_cleft 199 0.0303199661 0.014595058 0.00583650652 0 0 0
nt@synapse_cleft 206 -0.00360806532 -0.0280783915 0.0159605777 0 0 0
nt@synapse_cleft 224 -0.0158622225 0.0495464847 0.0141354194 0 0 0
nt@synapse_cleft 231 0.00783385424 0.0524171244 0.00634293474 0 0 0
nt@synapse_cleft 235 0.00301053905 0.00162168335 0.00760294952 0 0 0
nt@synapse_cleft 244 -0.0168978995 0.0187509837 0.000824497171 0 0 0
nt@synapse_cleft 248 0.0355842961 -0.0255158373 0.0155887036 0 0 0
nt@synapse_cleft 256 -0.0325473589 0.00204191619 0.000541249897 0 0 0
nt@synapse_cleft 284 -0.0436136155 0.0949058454 0.0136285821 0 0 0
nt@synapse_cleft 306 0.0210797563 -0.0333452042 0.0105695981 0 0 0
nt@synapse_cleft 307 -0.0104209138 -0.0160320005 0.00398499603 0 0 0
nt@synapse_cleft 318 -0.0226603784 -0.00986845894 0.005812664 0 0 0
nt@synapse_cleft 321 0.0315991921 0.0284157358 0.00778223023 0 0 0
nt@synapse_cleft 325 -0.0660626025 0.087734367 0.0111072159 0 0 0
nt@synapse_cleft 347 -0.00737437782 -0.00218806448 0.00103315951 0 0 0
nt@synapse_cleft 348 -0.0168569168 -0.0351433401 0.00164670918 0 0 0
nt@synapse_cleft 350 -0.0052375636 -0.00246904938 0.0151136477 0 0 0
nt@synapse_cleft 361 -0.0289998716 0.0103857865 0.0102185282 0 0 0
nt@synapse_cleft 371 -0.00310635038 0.0368583763 0.00608506124 0 0 0
nt@synapse_cleft 376 -0.0222234699 0.0108760018 0.00493173384 0 0 0
nt@synapse_cleft 385 0.0205408976 0.00202529859 0.00669222971 0 0 0
nt@synapse_cleft 402 0.000354002572 0.0465710264 0.0107305702 0 0 0
nt@synapse_cleft 406 -0.0253128307 -0.0406144631 0.00438689928 0 0 0
nt@synapse_cleft 421 -0.0598513813 0.0206388091 0.00434275073 0 0 0
nt@synapse_cleft 426 0.0553012302 -0.0311525153 0.0143314468 0 0 0
nt@synapse_cleft 429 -0.0181320029 0.0205355601 0.0144427765 0 0 0
nt@synapse_cleft 440 0.0493511274 -0.00961763666 0.015375071 0 0 0
nt@synapse_cleft 444 0.00730435394 0.0605559749 0.00687516569 0 0 0
nt@synapse_cleft 449 -0.00479305852 -0.020574692 0.00467970279 0 0 0
nt@synapse_cleft 452 0.0340450707 0.0523104071 0.00932691404 0 0 0
nt@synapse_cleft 455 0.0186666831 -0.0326296465 0.0176085534 0 0 0
nt@synapse_cleft 477 0.0139813384 0.00524542163 0.019590171 0 0 0
nt@synapse_cleft 479 -0.019346315 0.0179293096 0.0118172094 0 0 0
nt@synapse_cleft 482 0.0132648934 0.00748138206 0.00623484005 0 0 0
nt@synapse_cleft 499 0.022594089 0.00981520899 0.00618759965 0 0 0
nt@synapse_cleft 501 0.017302994 0.00696557433 0.00944945321 0 0 0
nt@synapse_cleft 503 0.0199960305 -0.0255382292 0.0173507019 0 0 0
nt@synapse_cleft 510 0.0223373819 0.00343240653 0.0193428003 0 0 0
nt@synapse_cleft 514 -0.0240383313 0.00826834922 0.00117408045 0 0 0
nt@synapse_cleft 522 -0.053730354 0.0177670213 0.0184611802 0 0 0
nt@synapse_cleft 524 -0.0145856203 0.021018882 0.00219668321 0 0 0
nt@synapse_cleft 530 0.0187503837 -0.00462198666 0.00570921825 0 0 0
nt@synapse_cleft 536 -0.0235871299 -0.0464289323 0.00154663328 0 0 0
nt@synapse_cleft 544 0.0183114673 -0.00828993601 0.0111346434 0 0 0
nt@synapse_cleft 546 -0.0598310248 0.0148019355 0.00503027862 0 0 0
nt@synapse_cleft 549 0.0719054446 -0.0187166251 0.00543070677 0 0 0
nt@synapse_cleft 551 0.0236390725 -0.0182629734 0.00464466615 0 0 0
nt@synapse_cleft 557 -0.0516708914 0.0193035269 0.00549476656 0 0 0
nt@synapse_cleft 558 -0.00146531908 -0.00452775213 0.000898521207 0 0 0
nt@synapse_cleft 563 -0.00937805833 -0.07392406 0.00250731541 0 0 0
nt@synapse_cleft 572 -0.023663683 0.00864442378 0.00360741324 0 0 0
nt@synapse_cleft 575 -0.0182886333 -0.0060940132 0.00668309709 0 0 0
nt@synapse_cleft 591 -0.0040422426 0.0164402308 0.00139280818 0 0 0
nt@synapse_cleft 596 -0.0115777343 0.0198231654 0.000904677597 0 0 0
nt@synapse_cleft 598 -0.00589660696 0.0299743439 0.00620127765 0 0 0
nt@synapse_cleft 620 -0.0137358944 -0.0134756104 0.014024545 0 0 0
nt@synapse_cleft 624 0.0218893491 -0.0119637516 0.00463945671 0 0 0
nt@synapse_cleft 627 -0.0310586111 -0.0283207257 0.0152078609 0 0 0
nt@synapse_cleft 629 -0.00257372147 -0.0145033253 0.000265271356 0 0 0
nt@synapse_cleft 633 -0.0382458998 0.0396956392 0.0162568741 0 0 0
nt@synapse_cleft 634 0.0173911459 0.0174368759 0.0132923968 0 0 0
nt@synapse_cleft 639 -0.0175315576 -0.0213660249 0.00727106491 0 0 0
nt@synapse_cleft 645 -0.00483643668 0.011206384 0.0132131869 0 0 0
nt@synapse_cleft 647 -0.00555760404 0.0300713602 0.00854445718 0 0 0
nt@synapse_cleft 661 -0.0265665115 -0.0411385285 0.0130989657 0 0 0
nt@synapse_cleft 664 -0.00184891166 0.0180063913 0.00155081988 0 0 0
nt@synapse_cleft 678 0.0052981984 -0.0354583186 0.00854286595 0 0 0
nt@synapse_cleft 681 0.0137092346 -0.0267425507 0.00956540902 0 0 0
nt@synapse_cleft 693 0.00551329814 0.0217444565 0.0101377462 0 0 0
nt@synapse_cleft 698 0.00129419878 -0.0113441457 0.0181919014 0 0 0
nt@synapse_cleft 699 -0.0189558638 -0.0623443028 0.00329676269 0 0 0
nt@synapse_cleft 712 -0.015483644 0.00325807644 0.0117460482 0 0 0
nt@synapse_cleft 721 0.0178532958 -0.0268848314 0.00343280951 0 0 0
nt@synapse_cleft 726 -0.011444586 0.0212876779 0.00621400901 0 0 0
nt@synapse_cleft 727 -0.03783594 0.0163380083 0.00231133317 0 0 0
nt@synapse_cleft 728 0.00335913153 0.0183308877 0.00583760878 0 0 0
nt@synapse_cleft 732 0.0158817897 0.0368397392 0.00758082117 0 0 0
nt@synapse_cleft 735 -0.0743930281 -0.00364163496 0.00307184978 0 0 0
nt@synapse_cleft 741 0.0480182932 0.0106692642 0.00763967356 0 0 0
nt@synapse_cleft 750 0.0210446945 0.0282106608 0.0147007394 0 0 0
nt@synapse_cleft 754 -0.0108113909 -0.0177957868 0.00110421666 0 0 0
nt@synapse_cleft 760 -0.00552712045 -0.0517288471 0.010152796 0 0 0
nt@synapse_cleft 762 0.00234073008 -0.0100623329 0.00615965666 0 0 0
nt@synapse_cleft 765 -0.0160056021 0.0445936081 0.011128279 0 0 0
nt@synapse_cleft 768 -0.00773624841 -0.00148194583 0.0138284315 0 0 0
nt@synapse_cleft 769 -0.00176789094 0.0490355956 0.0150675474 0 0 0
nt@synapse_cleft 779 -0.020976293 0.00368756067 0.00148188106 0 0 0
nt@synapse_cleft 797 0.00782629201 0.0431895441 0.00584179915 0 0 0
nt@synapse_cleft 803 -0.0178013531 -0.0563812096 0.011507243 0 0 0
nt@synapse_cleft 816 0.00838242086 0.0103467537 0.00223059344 0 0 0
nt@synapse_cleft 831 0.0286267546 -0.00400571132 0.00390831393 0 0 0
nt@synapse_cleft 833 -0.0146729489 -0.0162948868 0.0163467367 0 0 0
nt@synapse_cleft 837 -0.00936818465 -0.00455501469 0.00978146373 0 0 0
nt@synapse_cleft 844 -0.0305932661 0.0251652352 0.0105930551 0 0 0
nt@synapse_cleft 847 0.00780619254 -0.00953115227 0.0199166356 0 0 0
nt@synapse_cleft 850 -0.00551295021 0.0156122443 0.0177972162 0 0 0
nt@synapse_cleft 854 -0.00159945856 0.0388662668 0.00603627031 0 0 0
nt@synapse_cleft 866 -0.0186788313 -0.0216267847 0.00331032185 0 0 0
nt@synapse_cleft 877 -0.04053189 0.0198229472 0.00297474978 0 0 0
nt@synapse_cleft 884 0.0157377948 -0.0126248951 0.0157352572 0 0 0
nt@synapse_cleft 904 -0.0690990122 0.0144113749 0.0122802655 0 0 0
nt@synapse_cleft 908 -0.0545452859 -0.0364296853 0.00158433039 0 0 0
nt@synapse_cleft 909 0.0333035483 0.00145760843 0.00802612786 0 0 0
nt@synapse_cleft 913 -0.024719349 0.0246487539 0.0182146965 0 0 0
nt@synapse_cleft 918 0.0778043732 0.0115645123 0.0129601474 0 0 0
nt@synapse_cleft 932 0.0170473174 -0.0714212936 0.0141817301 0 0 0
nt@synapse_cleft 938 -0.00979149553 -0.0112984668 0.0125344718 0 0 0
nt@synapse_cleft 940 -0.058919724 -0.0507329391 0.0145117159 0 0 0
nt@synapse_cleft 942 0.0104146254 -0.0518894408 0.0168570042 0 0 0
nt@synapse_cleft 943 0.0393738834 0.00628535807 0.0199517629 0 0 0
nt@synapse_cleft 944 -0.0106053478 -0.0512029291 0.00691305391 0 0 0
nt@synapse_cleft 945 -0.000492889814 0.0363813617 0.00480596991 0 0 0
nt@synapse_cleft 947 -0.0252052848 0.0163348357 0.0172287945 0 0 0
nt@synapse_cleft 953 -0.0206490719 -0.000714728308 0.00687051013 0 0 0
nt@synapse_cleft 957 0.066894802 -0.0209241388 0.00768933348 0 0 0
nt@synapse_cleft 961 -0.0198458961 -0.00410738379 0.00570378357 0 0 0
nt@synapse_cleft 967 0.0405165665 -0.00119733788 0.00625411404 0 0 0
nt@synapse_cleft 978 -0.0580406054 -4.03436012e-05 0.0167315284 0 0 0
nt@synapse_cleft 998 0.00405462158 -0.0162741174 0.0152659363 0 0 0
nt@synapse_cleft 999 0.0538231727 -0.0430202572 0.014467086 0 0 0
nt@synapse_cleft 1002 0.00461870724 0.0248089348 0.0143624319 0 0 0
nt@synapse_cleft 1013 -0.0428082852 0.0463135182 0.0151184241 0 0 0
nt@synapse_cleft 1018 -0.00522326005 -0.0100056793 0.00686555145 0 0 0
nt@synapse_cleft 1027 0.0272444458 0.0459877075 0.0117761053 0 0 0
nt@synapse_cleft 1035 -0.0391734921 -0.0250103344 0.00276992601 0 0 0
nt@synapse_cleft 1048 -0.0215020137 -0.0442404046 0.0185995284 0 0 0
nt@synapse_cleft 1062 0.0399837145 0.0110752994 0.0169632671 0 0 0
nt@synapse_cleft 1077 -0.0516948936 0.00431850476 0.01067647 0 0 0
nt@synapse_cleft 1080 -0.0459281265 0.0211147092 0.0136350768 0 0 0
nt@synapse_cleft 1092 -0.0284907159 -0.00818761339 0.00602008469 0 0 0
nt@synapse_cleft 1107 0.00697231219 0.00224512241 2.17569369e-05 0 0 0
nt@synapse_cleft 1113 -0.0336122637 -0.00502118732 0.00814962802 0 0 0
nt@synapse_cleft 1114 -0.000277789574 -0.0275012986 0.0166777507 0 0 0
nt@synapse_cleft 1130 0.0165778881 -0.00446828932 0.0180072794 0 0 0
nt@synapse_cleft 1136 -0.00756173173 -0.0365142143 0.00513331264 0 0 0
nt@synapse_cleft 1140 0.00226406116 -0.0488168391 0.0178019348 0 0 0
nt@synapse_cleft 1144 -0.00755994068 -0.0126761905 0.0138826396 0 0 0
nt@synapse_cleft 1145 0.0798549605 0.00422767531 0.0144816973 0 0 0
nt@synapse_cleft 1149 -0.0202128017 0.00652996112 0.0110213468 0 0 0
nt@synapse_cleft 1152 0.0499173878 0.00293944545 0.0116424557 0 0 0
nt@synapse_cleft 1165 0.0660042465 0.0275075409 0.0169543636 0 0 0
nt@synapse_cleft 1167 0.0438257594 0.0333858013 0.0188739298 0 0 0
nt@synapse_cleft 1172 -0.000735181165 -0.000130927906 0.0192198573 0 0 0
nt@synapse_cleft 1177 -0.0148502432 0.0832781287 0.00962143911 0 0 0
nt@synapse_cleft 1186 -0.0614705941 0.0154777942 0.000736865461 0 0 0
nt@synapse_cleft 1188 0.0175978235 -0.0197058576 0.0152195453 0 0 0
nt@synapse_cleft 1193 -0.017771448 -0.0290219069 0.0101853299 0 0 0
nt@synapse_cleft 1200 -0.00536513235 0.00998157468 0.0116448308 0 0 0
nt@synapse_cleft 1203 -0.0209014685 0.0299579294 0.0102695211 0 0 0
nt@synapse_cleft 1204 0.0199171152 0.0299457213 0.000363298634 0 0 0
nt@synapse_cleft 1205 -0.0145912219 -0.021609715 0.0186464964 0 0 0
nt@synapse_cleft 1206 -0.0123571817 0.000723590546 0.000738285554 0 0 0
nt@synapse_cleft 1237 -0.0382981516 -0.0127099976 0.00272141496 0 0 0
nt@synapse_cleft 1238 -0.0553236588 -0.0418040482 0.0112128863 0 0 0
nt@synapse_cleft 1248 0.0142812342 0.0489363076 0.0046746885 0 0 0
nt@synapse_cleft 1251 -0.0335230714 -7.39555701e-05 0.0106109076 0 0 0
nt@synapse_cleft 1252 -0.0175584941 -0.0158903844 0.0172752397 0 0 0
nt@synapse_cleft 1270 0.0572514443 0.0312497681 0.000346727534 0 0 0
nt@synapse_cleft 1289 0.0588952634 -0.000269092925 0.00656718002 0 0 0
nt@synapse_cleft 1298 -0.00529941702 -0.023177948 0.0191209834 0 0 0
nt@synapse_cleft 1302 -0.0190290861 0.0362692934 0.00179779404 0 0 0
nt@synapse_cleft 1311 0.00243372384 -0.0288896442 0.00375126245 0 0 0
nt@synapse_cleft 1316 -0.0320024907 -0.0196311861 0.000558583519 0 0 0
nt@synapse_cleft 1326 0.0104960458 0.00133484745 0.0167249884 0 0 0
nt@synapse_cleft 1328 0.0170924966 0.0188330044 0.0138907687 0 0 0
nt@synapse_cleft 1343 0.0158563659 -0.0148812523 0.00527108317 0 0 0
nt@synapse_cleft 1347 -0.045380466 -0.0127320539 0.00824290557 0 0 0
nt@synapse_cleft 1349 0.0262886186 -0.0124836446 0.00827953572 0 0 0
nt@synapse_cleft 1368 0.0166053306 -0.00334381536 0.0173701642 0 0 0
nt@synapse_cleft 1372 -0.00574282027 0.0382033467 0.00353354548 0 0 0
nt@synapse_cleft 1380 -0.0242522198 0.0281111624 0.0189039017 0 0 0
nt@synapse_cleft 1384 -0.0426554572 0.0179005457 0.0124631736 0 0 0
nt@synapse_cleft 1400 -0.033957496 0.0379845073 0.00359393777 0 0 0
nt@synapse_cleft 1403 2.207181e-05 0.00751120775 0.00512381828 0 0 0
nt@synapse_cleft 1408 -0.0333367366 -0.0182635994 0.0141226996 0 0 0
nt@synapse_cleft 1416 0.0145467661 0.02549492 0.0159755821 0 0 0
nt@synapse_cleft 1419 -0.00324596137 -0.00513927542 0.00780504339 0 0 0
nt@synapse_cleft 1425 -0.00882654609 -0.0241857773 0.00129068788 0 0 0
nt@synapse_cleft 1427 0.00697584937 -0.023007418 0.00285446954 0 0 0
nt@synapse_cleft 1438 -0.0254559242 -0.0128590214 0.0104865248 0 0 0
nt@synapse_cleft 1440 -0.0152154263 0.0366793077 0.00532598215 0 0 0
nt@synapse_cleft 1442 -0.00524728016 0.0221096831 0.010004784 0 0 0
nt@synapse_cleft 1444 -0.0232153991 -0.00811370217 0.00499873763 0 0 0
nt@synapse_cleft 1446 -0.0149711007 -0.0369951993 0.00599838952 0 0 0
nt@synapse_cleft 1452 -0.0438973878 -0.029959868 0.00519922218 0 0 0
nt@synapse_cleft 1455 -0.0274047467 0.00529881417 0.0158940564 0 0 0
nt@synapse_cleft 1470 -0.0916239493 -0.0431710298 0.00493714197 0 0 0
nt@synapse_cleft 1472 -0.068569712 -0.00312386276 0.010014113 0 0 0
nt@synapse_cleft 1479 -0.0190725384 0.0405345663 0.00576020869 0 0 0
nt@synapse_cleft 1481 0.00251477683 -0.00625130326 0.0104331996 0 0 0
nt@synapse_cleft 1484 -0.00565143335 0.0221239134 0.0110420499 0 0 0
nt@synapse_cleft 1485 -0.0102222862 -0.0304697762 0.013771658 0 0 0
nt@synapse_cleft 1487 -0.00171624744 -0.0325165798 0.0156360065 0 0 0
nt@synapse_cleft 1488 0.0454248414 0.0194629151 0.0114618643 0 0 0
nt@synapse_cleft 1496 -0.0114889027 0.0419451992 0.00478331739 0 0 0
nt@synapse_cleft 1506 0.0273179855 0.0111993324 0.00919224557 0 0 0
nt@synapse_cleft 1508 0.0504762167 0.0121378031 0.0113938067 0 0 0
nt@synapse_cleft 1512 0.0314750889 -0.00679821136 0.0126942204 0 0 0
nt@synapse_cleft 1527 -0.00699635781 0.0393413817 0.000124227352 0 0 0
nt@synapse_cleft 1528 -0.0459792215 0.00148315128 0.000730662736 0 0 0
nt@synapse_cleft 1531 -0.00103611176 0.00762677259 0.00463101194 0 0 0
nt@synapse_cleft 1538 0.00588765109 0.00879367945 0.00802827543 0 0 0
nt@synapse_cleft 1542 -0.00967005847 0.0243277646 0.00897077087 0 0 0
nt@synapse_cleft 1553 0.0545695697 0.0120458296 0.0143353802 0 0 0
nt@synapse_cleft 1561 0.00359053653 -0.0486019287 0.0140905119 0 0 0
nt@synapse_cleft 1565 -0.00910270854 -0.0113358583 0.0197671117 0 0 0
nt@synapse_cleft 1571 -0.0324428194 -0.0276419038 0.0155521429 0 0 0
nt@synapse_cleft 1573 0.00232058385 0.0343690359 0.0197330118 0 0 0
nt@synapse_cleft 1592 0.0213168833 -0.0418189536 0.00157407092 0 0 0
nt@synapse_cleft 1600 0.0188754707 -0.0403740189 0.0183652216 0 0 0
nt@synapse_cleft 1605 0.0302889567 -0.00605803473 0.0157754103 0 0 0
nt@synapse_cleft 1606 -0.0498148536 0.000519625667 0.00788825181 0 0 0
nt@synapse_cleft 1611 0.0176424775 -0.0124534826 0.00690097665 0 0 0
nt@synapse_cleft 1617 -0.021087727 -0.0458492798 0.0114996993 0 0 0
nt@synapse_cleft 1628 0.0185439949 0.0325596686 0.00526060053 0 0 0
nt@synapse_cleft 1641 0.0302438373 0.0331054412 0.00867449427 0 0 0
nt@synapse_cleft 1655 0.00924411081 0.0264330077 0.00828958423 0 0 0
nt@synapse_cleft 1658 0.0267528533 0.0449843247 0.00971624241 0 0 0
nt@synapse_cleft 1675 -0.0184399475 0.0198701937 0.0195739492 0 0 0
nt@synapse_cleft 1678 0.00986212537 -0.00434377339 0.0010689694 0 0 0
nt@synapse_cleft 1681 0.00435902233 -0.0190614043 0.00807621819 0 0 0
nt@synapse_cleft 1686 -0.0119379287 0.0428167194 0.0152795639 0 0 0
nt@synapse_cleft 1687 -0.0381166791 -0.0394210843 0.0153094312 0 0 0
nt@synapse_cleft 1689 0.0019000773 0.0192755187 0.00505082613 0 0 0
nt@synapse_cleft 1692 -0.0269706001 0.0027959093 0.0179224895 0 0 0
nt@synapse_cleft 1695 0.0303494216 -0.00858369426 0.00729906056 0 0 0
nt@synapse_cleft 1701 0.0170252784 0.00222398127 0.00538651968 0 0 0
nt@synapse_cleft 1707 -0.0246959694 -0.00932350942 0.0163689711 0 0 0
nt@synapse_cleft 1715 0.00695761568 0.0176045176 0.0103005315 0 0 0
nt@synapse_cleft 1721 0.027802967 -0.0565132105 0.0151025043 0 0 0
nt@synapse_cleft 1729 -0.00244082156 -0.0346791956 0.0126539665 0 0 0
nt@synapse_cleft 1736 0.0261640371 0.00690469378 0.00238056247 0 0 0
nt@synapse_cleft 1742 0.0170066504 -0.0538769766 0.0108493926 0 0 0
nt@synapse_cleft 1743 0.0187723166 0.0296663152 0.00723185698 0 0 0
nt@synapse_cleft 1745 -0.0202066075 0.0193722284 0.00153116645 0 0 0
nt@synapse_cleft 1746 0.0172396796 -0.0198903839 0.010308362 0 0 0
nt@synapse_cleft 1751 0.0478881606 -0.000455332778 0.0181983619 0 0 0
nt@synapse_cleft 1759 -0.0102875952 -0.0202298036 0.00989582119 0 0 0
nt@synapse_cleft 1762 -0.0184863151 -0.0228132022 0.0119215156 0 0 0
nt@synapse_cleft 1768 0.00487921966 -0.0497461928 0.0175838281 0 0 0
nt@synapse_cleft 1775 -0.0170772894 -0.00572474514 0.0172667961 0 0 0
nt@synapse_cleft 1781 -0.00862071324 0.0518192204 0.00759479956 0 0 0
nt@synapse_cleft 1793 0.0259886216 0.0387534666 0.00727333181 0 0 0
nt@synapse_cleft 1795 0.044869351 -0.0194040297 0.0184951613 0 0 0
nt@synapse_cleft 1804 0.0148823341 0.0232702672 0.0195381186 0 0 0
nt@synapse_cleft 1815 -0.0200625228 -0.0183592818 0.000136735524 0 0 0
nt@synapse_cleft 1824 0.028151307 -0.00379900693 0.0034703396 0 0 0
nt@synapse_cleft 1829 0.046137192 -0.00851177261 0.0180514067 0 0 0
nt@synapse_cleft 1830 -0.0497573777 -0.0191350177 0.0109540537 0 0 0
nt@synapse_cleft 1837 -0.0357651756 -0.00378349303 0.0105138305 0 0 0
nt@synapse_cleft 1838 0.0047819638 -0.0536243412 0.00254810264 0 0 0
nt@synapse_cleft 1843 0.00791564542 0.0192543614 0.0127882372 0 0 0
nt@synapse_cleft 1846 -0.0129481877 -0.0164186934 0.0112388008 0 0 0
nt@synapse_cleft 1853 0.0449805196 -0.0246408192 0.019753747 0 0 0
nt@synapse_cleft 1854 0.0216426298 -0.00294529833 0.0071853076 0 0 0
nt@synapse_cleft 1856 0.0216498825 -0.0161222562 0.0118541463 0 0 0
nt@synapse_cleft 1872 0.00257489866 -0.00589001295 0.0190675526 0 0 0
nt@synapse_cleft 1877 0.0236572434 0.028928229 0.0153224314 0 0 0
nt@synapse_cleft 1880 -0.0255750838 -0.026147426 0.0034557686 0 0 0
nt@synapse_cleft 1883 0.0283930784 0.0124573167 0.0149483292 0 0 0
nt@synapse_cleft 1885 -0.0174574164 0.00516830166 0.00639782554 0 0 0
nt@synapse_cleft 1887 0.0115825182 0.0182680437 0.00207487891 0 0 0
nt@synapse_cleft 1892 -0.00267667342 0.00528731462 0.00957915539 0 0 0
nt@synapse_cleft 1896 0.0079004792 0.021179832 0.0123720547 0 0 0
nt@synapse_cleft 1904 -0.0344157002 0.0422468792 0.00636576543 0 0 0
nt@synapse_cleft 1918 -0.0286542052 0.0556634354 0.0195977865 0 0 0
nt@synapse_cleft 1923 -0.0125268104 0.026743283 0.012706022 0 0 0
nt@synapse_cleft 1926 -0.00482561803 -0.00472216773 0.0152625111 0 0 0
nt@synapse_cleft 1932 0.0270398588 -0.0118191217 0.0108412709 0 0 0
nt@synapse_cleft 1942 0.0392495369 -0.040086542 0.00354817173 0 0 0
nt@synapse_cleft 1946 -0.0147803219 -0.0216998919 0.0114236585 0 0 0
nt@synapse_cleft 1961 0.0449819949 0.021731128 0.0160847078 0 0 0
nt@synapse_cleft 1967 -0.00407220422 -0.0284982827 0.0128453074 0 0 0
nt@synapse_cleft 1970 -0.0203363146 -0.052040446 0.0069724148 0 0 0
nt@synapse_cleft 1973 0.0211370996 0.0194078707 0.0137011974 0 0 0
nt@synapse_cleft 1976 -0.0545691282 -0.0115455499 0.000213760014 0 0 0
nt@synapse_cleft 1980 -0.00344684941 -0.0123517377 0.0165298647 0 0 0
nt@synapse_cleft 1984 -0.0349898998 -0.0255860411 1.93776484e-05 0 0 0
nt@synapse_cleft 1990 0.0136677838 0.0116604262 0.0020372068 0 0 0
nt@synapse_cleft 1997 -0.00379169054 0.0171181578 0.0120777455 0 0 0
nt@synapse_cleft 2004 -0.0335257312 0.0135635756 0.0173131196 0 0 0
nt@synapse_cleft 2013 -0.00458029654 -0.0118725076 0.0169652112 0 0 0
nt@synapse_cleft 2014 0.0166715966 -0.000458185937 0.00853633735 0 0 0
nt@synapse_cleft 2019 0.0151286706 -0.00945629163 0.00573869679 0 0 0
nt@synapse_cleft 2032 -0.0213401388 0.00824758769 0.00671065219 0 0 0
nt@synapse_cleft 2036 0.0629054648 -0.0414275781 0.00955145734 0 0 0
nt@synapse_cleft 2061 0.0149051156 -0.00823159889 0.00667049203 0 0 0
nt@synapse_cleft 2064 0.0222399997 0.0308978552 0.0117225166 0 0 0
nt@synapse_cleft 2092 0.0212158552 0.0292861307 0.00816646723 0 0 0
nt@synapse_cleft 2096 -0.0175619556 -0.0141000994 0.00430130493 0 0 0
nt@synapse_cleft 2104 0.0507487645 -0.0298452338 0.0180943672 0 0 0
nt@synapse_cleft 2112 0.00371634941 -0.0274907137 0.00706746379 0 0 0
nt@synapse_cleft 2124 -0.000460757801 0.0608722327 0.00844093095 0 0 0
nt@synapse_cleft 2127 0.0265427956 -0.0150353751 0.00377948675 0 0 0
nt@synapse_cleft 2137 -0.0641926656 0.0610117102 0.0152057088 0 0 0
nt@synapse_cleft 2156 0.0484290129 -0.0320467159 0.00503604774 0 0 0
nt@synapse_cleft 2162 -0.00594421737 0.0220879097 0.0189350314 0 0 0
nt@synapse_cleft 2163 0.0112671907 -0.0122377869 0.0151077719 0 0 0
nt@synapse_cleft 2185 -0.0296327878 -0.00230851542 0.0177494409 0 0 0
nt@synapse_cleft 2187 -0.0305805254 0.00100664613 0.00891698147 0 0 0
nt@synapse_cleft 2199 0.00504927493 -0.0124827652 0.00480162707 0 0 0
nt@synapse_cleft 2204 -0.0146539868 0.029229112 0.00315636695 0 0 0
nt@synapse_cleft 2218 -0.000840152398 -0.00693700304 0.01879392 0 0 0
nt@synapse_cleft 2223 -0.0168762557 -0.00711038895 0.00601669246 0 0 0
nt@synapse_cleft 2228 -0.00364878283 0.0226184405 0.0155698834 0 0 0
nt@synapse_cleft 2251 0.0149945639 0.00587354375 0.00800677642 0 0 0
nt@synapse_cleft 2254 -0.00945830467 -0.033340634 0.0138807657 0 0 0
nt@synapse_cleft 2257 0.00981466368 -0.00943793197 0.0134932664 0 0 0
nt@synapse_cleft 2262 -0.0152793035 -0.0054745734 0.017666075 0 0 0
nt@synapse_cleft 2271 -0.0334410673 0.0132395279 0.0189260755 0 0 0
nt@synapse_cleft 2274 -0.00110536365 0.0265539737 0.00380055928 0 0 0
nt@synapse_cleft 2278 0.0299920359 0.0423715796 0.00218042689 0 0 0
nt@synapse_cleft 2279 -0.0349096424 0.0123978072 0.0162319663 0 0 0
nt@synapse_cleft 2283 0.0391821112 -0.0294323833 0.0139455295 0 0 0
nt@synapse_cleft 2284 0.0343967342 -0.00829801109 0.0123192563 0 0 0
nt@synapse_cleft 2285 -0.00805318567 -0.00553037584 0.0117287738 0 0 0
nt@synapse_cleft 2298 -0.0432513179 -0.0324305926 0.0105740457 0 0 0
nt@synapse_cleft 2306 -0.0096531961 -0.0626285713 0.00276703813 0 0 0
nt@synapse_cleft 2308 -0.050485945 0.0347626734 0.0121088621 0 0 0
nt@synapse_cleft 2309 0.00697874717 0.0221835924 0.0174119229 0 0 0
nt@synapse_cleft 2314 0.00356771927 -0.0149186958 0.0057218284 0 0 0
nt@synapse_cleft 2320 0.00917277212 -0.0294670139 0.00272617567 0 0 0
nt@synapse_cleft 2321 0.0470268199 0.0113667261 0.000944678656 0 0 0
nt@synapse_cleft 2327 -0.0338148416 -0.018042334 0.0137145485 0 0 0
nt@synapse_cleft 2330 -0.0288540869 0.013989723 0.0183929838 0 0 0
nt@synapse_cleft 2349 0.0454908984 0.0308429287 0.00779381513 0 0 0
nt@synapse_cleft 2367 -0.0319293108 -0.0543827025 0.00050877403 0 0 0
nt@synapse_cleft 2369 -0.0349471413 0.00437842117 0.0063169576 0 0 0
nt@synapse_cleft 2383 0.00340964082 -0.0810922685 0.0122225994 0 0 0
nt@synapse_cleft 2389 0.00897974672 -0.0138371964 0.0117283962 0 0 0
nt@synapse_cleft 2400 -0.0154940519 -0.0147494513 0.017200856 0 0 0
nt@synapse_cleft 2411 0.0265475146 -0.0400939513 0.0167561734 0 0 0
nt@synapse_cleft 2412 -0.000668098792 0.00477908177 0.0199408563 0 0 0
nt@synapse_cleft 2421 0.0123712232 0.026400235 0.00191129998 0 0 0
nt@synapse_cleft 2423 0.00581727389 -0.0521039627 0.00682130375 0 0 0
nt@synapse_cleft 2437 0.0428403363 -0.00338416865 0.0108196486 0 0 0
nt@synapse_cleft 2438 0.0189768547 -0.0392701151 0.00217127778 0 0 0
nt@synapse_cleft 2448 -0.00283154432 0.0204225048 0.00346606277 0 0 0
nt@synapse_cleft 2456 -0.0252731094 -0.0191153412 0.00456624285 0 0 0
nt@synapse_cleft 2462 -0.00980621888 0.0288412632 0.00305919411 0 0 0
nt@synapse_cleft 2468 -0.0401274504 -0.0335933455 0.0118036258 0 0 0
nt@synapse_cleft 2472 0.0599015747 -0.031945298 0.0046764177 0 0 0
nt@synapse_cleft 2480 0.0011325516 -0.0262711036 0.00515886285 0 0 0
nt@synapse_cleft 2481 -0.0140503496 -0.0287275452 0.0128715715 0 0 0
nt@synapse_cleft 2483 0.0202346962 0.0139709353 0.00108078209 0 0 0
nt@synapse_cleft 2491 0.0144278572 0.0302314374 0.0174093915 0 0 0
nt@synapse_cleft 2493 0.0245183234 -0.0433214356 0.0137461459 0 0 0
nt@synapse_cleft 2498 0.00485046724 -0.0194819785 0.00093861882 0 0 0
nt@synapse_cleft 2502 0.0261968316 -0.0327766391 0.0163418629 0 0 0
nt@synapse_cleft 2509 0.00497063106 -0.018740293 0.000141992702 0 0 0
nt@synapse_cleft 2513 -0.0173251744 0.0255087292 0.0078432126 0 0 0
nt@synapse_cleft 2517 -0.00690546356 -0.000532995633 0.0177717317 0 0 0
nt@synapse_cleft 2520 0.0209338798 0.0339262678 0.0116803472 0 0 0
nt@synapse_cleft 2528 0.0105530649 -0.00129905177 0.0132211411 0 0 0
nt@synapse_cleft 2539 0.00412889165 0.0160645735 0.00544114115 0 0 0
nt@synapse_cleft 2542 0.0301841523 -0.0305213457 0.00829752415 0 0 0
nt@synapse_cleft 2549 -0.017954379 0.0562316693 0.0166899673 0 0 0
nt@synapse_cleft 2550 0.0544116008 0.0159943847 0.0153723677 0 0 0
nt@synapse_cleft 2555 0.061987776 -0.021682894 0.00947118932 0 0 0
nt@synapse_cleft 2560 -0.0327278827 -0.0017447553 0.0094488999 0 0 0
nt@synapse_cleft 2561 0.0143086273 0.0490458841 0.0128351402 0 0 0
nt@synapse_cleft 2563 -0.000226387323 0.00874186948 0.00765168629 0 0 0
nt@synapse_cleft 2564 -0.00584935033 0.0548271162 0.0108197804 0 0 0
nt@synapse_cleft 2566 -0.00261790557 0.0174941335 0.00757757135 0 0 0
nt@synapse_cleft 2570 0.00288259147 0.00666268848 0.00776376866 0 0 0
nt@synapse_cleft 2577 -0.000750769671 0.017063873 0.0113893008 0 0 0
nt@synapse_cleft 2603 0.0331882547 -0.0234202053 0.017691169 0 0 0
nt@synapse_cleft 2604 0.0554553502 -0.0293470714 0.0190358366 0 0 0
nt@synapse_cleft 2610 0.000318104236 -0.0230254023 0.0192480637 0 0 0
nt@synapse_cleft 2625 -0.0543452699 -0.0162814152 0.00127072451 0 0 0
nt@synapse_cleft 2628 0.0188872108 -0.0246428574 0.0162453376 0 0 0
nt@synapse_cleft 2639 0.000606248338 -0.0156727338 0.00905812575 0 0 0
nt@synapse_cleft 2641 -0.0202290697 -0.0162376073 0.0166296807 0 0 0
nt@synapse_cleft 2652 0.00791224443 0.00135766613 0.0166418777 0 0 0
nt@synapse_cleft 2660 -0.0161863629 -0.024203879 0.00708682772 0 0 0
nt@synapse_cleft 2670 -0.00223114916 -0.011709044 0.00717497724 0 0 0
nt@synapse_cleft 2680 -0.0556995408 -0.0321460124 0.00135170892 0 0 0
nt@synapse_cleft 2681 -0.038812097 -0.0332718345 0.0189036153 0 0 0
nt@synapse_cleft 2688 -0.0423476131 0.0736752199 0.0094289762 0 0 0
nt@synapse_cleft 2702 -0.0199832518 -0.00904276536 0.000313144551 0 0 0
nt@synapse_cleft 2708 -0.0380511801 0.015633589 0.00960304429 0 0 0
nt@synapse_cleft 2709 0.0242801922 -0.0134211373 0.0180824234 0 0 0
nt@synapse_cleft 2720 0.0149971981 0.00830878382 0.0103100909 0 0 0
nt@synapse_cleft 2724 -0.00383857627 -0.0168921646 0.0145844791 0 0 0
nt@synapse_cleft 2729 0.00871785373 -0.0487797451 0.0146329627 0 0 0
nt@synapse_cleft 2743 0.000883223204 -0.0554258933 0.00990039474 0 0 0
nt@synapse_cleft 2750 0.00834821483 -0.0541465818 0.00869995852 0 0 0
nt@synapse_cleft 2752 -0.0270991995 -0.0285284928 0.0109470038 0 0 0
nt@synapse_cleft 2756 0.0361792949 -0.0251567384 0.0105208396 0 0 0
nt@synapse_cleft 2766 -0.0365389948 0.022503106 0.00381347882 0 0 0
nt@synapse_cleft 2775 0.0263149664 -0.0298278254 0.0149998777 0 0 0
nt@synapse_cleft 2785 0.0129950024 0.0405872372 0.0102602541 0 0 0
nt@synapse_cleft 2798 -0.0345467251 0.00795132417 0.015211083 0 0 0
nt@synapse_cleft 2807 -0.0279904105 0.0124420233 0.0141021644 0 0 0
nt@synapse_cleft 2808 0.0332345028 0.0608177288 0.00447143556 0 0 0
nt@synapse_cleft 2820 0.0116951564 0.00139285236 0.0165841855 0 0 0
nt@synapse_cleft 2828 0.00150014926 -0.0437437722 0.000252151181 0 0 0
nt@synapse_cleft 2857 0.0184431173 -0.0367604424 0.00780932993 0 0 0
nt@synapse_cleft 2861 -0.011612573 0.0180192967 0.00953920535 0 0 0
nt@synapse_cleft 2863 -0.0491176398 -0.00064557876 0.0025669497 0 0 0
nt@synapse_cleft 2875 0.0222147945 0.0138646723 0.0127083443 0 0 0
nt@synapse_cleft 2876 0.00391341769 -0.00379092432 0.0182252012 0 0 0
nt@synapse_cleft 2880 0.0203717972 -0.0153905533 0.0108525636 0 0 0
nt@synapse_cleft 2884 0.02170523 0.0177145164 0.00839054796 0 0 0
nt@synapse_cleft 2894 0.021660571 0.0207646382 0.00945510163 0 0 0
nt@synapse_cleft 2895 0.0625836247 -0.0141979089 0.0119761593 0 0 0
nt@synapse_cleft 2905 -0.00198626327 0.00750951401 0.00853099219 0 0 0
nt@synapse_cleft 2909 0.0478160051 -0.0132148571 0.0192351479 0 0 0
nt@synapse_cleft 2910 -0.0611931574 0.00333022638 0.0112204593 0 0 0
nt@synapse_cleft 2912 -0.000947418718 -0.0133479939 0.0132918433 0 0 0
nt@synapse_cleft 2915 0.0353496983 -0.0450058442 0.0112487839 0 0 0
nt@synapse_cleft 2920 -0.0040443911 -0.0033390522 0.00804269059 0 0 0
nt@synapse_cleft 2933 -0.0125046025 -0.0210205517 0.00454366097 0 0 0
nt@synapse_cleft 2935 -0.0364471362 0.00257930755 0.0180063752 0 0 0
nt@synapse_cleft 2940 -0.00494448134 -0.0183101989 0.00446676756 0 0 0
nt@synapse_cleft 2962 0.0209015945 -0.00724537886 0.00238148037 0 0 0
nt@synapse_cleft 2983 0.00715877286 -0.026009006 0.00572510137 0 0 0
nt@synapse_cleft 2993 -0.0181889856 0.046228538 0.0170568571 0 0 0
nt@synapse_cleft 3006 0.0489189156 0.0663197667 0.00699856928 0 0 0
nt@synapse_cleft 3012 0.0216692882 -0.0101568548 0.0183612291 0 0 0
nt@synapse_cleft 3019 -0.0329930498 -0.00561319605 0.00859642836 0 0 0
nt@synapse_cleft 3020 -0.0146635564 -0.0291332438 0.00104240352 0 0 0
nt@synapse_cleft 3042 -0.00877635461 0.00829956821 0.0163947499 0 0 0
nt@synapse_cleft 3047 0.0215753795 0.0588957708 0.00921101259 0 0 0
nt@synapse_cleft 3057 0.0442001922 -0.00487749283 0.0186278556 0 0 0
nt@synapse_cleft 3061 -0.0184383772 0.0282634169 0.000369799036 0 0 0
nt@synapse_cleft 3069 0.0411600717 -0.0257787849 0.0191770185 0 0 0
nt@synapse_cleft 3073 0.0121682536 0.0389423 0.00134477469 0 0 0
nt@synapse_cleft 3089 0.00268111148 -0.0149959501 0.00114581105 0 0 0
nt@synapse_cleft 3096 -0.00383740582 0.0068510066 0.00549819541 0 0 0
nt@synapse_cleft 3099 -0.0429094244 0.0134194716 0.0113106385 0 0 0
nt@synapse_cleft 3114 0.0359684627 0.0217016915 0.0179594209 0 0 0
nt@synapse_cleft 3134 0.0122576032 0.0294479558 0.00470954776 0 0 0
nt@synapse_cleft 3150 0.0214747693 -0.0601259636 0.00529865268 0 0 0
nt@synapse_cleft 3159 -0.0124131037 0.0106915521 0.0184160768 0 0 0
nt@synapse_cleft 3177 0.016908175 -0.024043156 0.0047906664 0 0 0
nt@synapse_cleft 3178 -0.0220454481 -0.0210429749 0.00882577115 0 0 0
nt@synapse_cleft 3181 0.0113512459 -0.00501945358 0.0186519246 0 0 0
nt@synapse_cleft 3183 0.00217297762 -0.0330352193 0.00432451 0 0 0
nt@synapse_cleft 3184 0.0226680978 0.0246636403 0.010279585 0 0 0
nt@synapse_cleft 3185 0.0149162769 0.0103791004 0.0130267575 0 0 0
nt@synapse_cleft 3199 0.00134884242 0.015235136 0.0188475823 0 0 0
nt@synapse_cleft 3202 0.00653742902 0.0318863417 0.0028169604 0 0 0
nt@synapse_cleft 3220 0.00346046371 0.0390769315 0.0055805692 0 0 0
nt@synapse_cleft 3222 -0.0570357186 -0.0143380733 0.00112199577 0 0 0
nt@synapse_cleft 3227 0.0111803003 0.00599040935 0.00837172073 0 0 0
nt@synapse_cleft 3247 0.00368362351 -0.00337971176 0.0153475421 0 0 0
nt@synapse_cleft 3249 -0.00858882824 -0.00800242599 0.0137728986 0 0 0
nt@synapse_cleft 3275 0.0074082135 -0.0213007061 0.0083416139 0 0 0
nt@synapse_cleft 3304 0.028658152 0.0820333334 0.0118085267 0 0 0
nt@synapse_cleft 3308 -0.0328520118 0.0486272633 0.00233321641 0 0 0
nt@synapse_cleft 3326 0.0131962027 0.000190091045 0.00265589583 0 0 0
nt@synapse_cleft 3334 0.00554764028 0.0164707268 0.00942454535 0 0 0
nt@synapse_cleft 3338 -0.010338758 -0.0614826386 0.0138361808 0 0 0
nt@synapse_cleft 3341 0.0220333057 0.00175963758 0.0015327926 0 0 0
nt@synapse_cleft 3367 0.0140304634 0.0123701652 0.010126618 0 0 0
nt@synapse_cleft 3375 0.0471863688 0.0368506791 0.0121263504 0 0 0
nt@synapse_cleft 3378 0.00814125301 0.0210155951 0.00312989501 0 0 0
nt@synapse_cleft 3394 0.0042716124 -0.0261211057 0.000954197174 0 0 0
nt@synapse_cleft 3402 -0.00393430823 -0.0277590721 0.00210741812 0 0 0
nt@synapse_cleft 3404 0.00760121113 -0.0325588379 0.00125804008 0 0 0
nt@synapse_cleft 3407 -0.00962419282 0.0692689503 0.0161319744 0 0 0
nt@synapse_cleft 3413 0.0224682175 0.0144291443 0.0169083912 0 0 0
nt@synapse_cleft 3419 -0.0362049371 0.030166326 0.00314952934 0 0 0
nt@synapse_cleft 3429 0.048593244 -0.0254027817 0.0155060817 0 0 0
nt@synapse_cleft 3432 0.0566858849 -0.0694833514 0.00850981832 0 0 0
nt@synapse_cleft 3445 0.0242897971 0.0371327073 0.0107382592 0 0 0
nt@synapse_cleft 3451 0.0178096463 0.00745885467 0.0141457081 0 0 0
nt@synapse_cleft 3467 -0.0711919323 -0.000865111614 0.00473141501 0 0 0
nt@synapse_cleft 3474 0.0533482454 0.00314269463 0.00361074967 0 0 0
nt@synapse_cleft 3482 -0.0728836765 -0.0279530804 0.0061086423 0 0 0
nt@synapse_cleft 3484 -0.0106353943 0.0237960741 0.0153889202 0 0 0
nt@synapse_cleft 3500 0.0168738656 -0.0231572602 0.0186339926 0 0 0
nt@synapse_cleft 3507 -0.0350936018 0.00561919982 0.0176054107 0 0 0
nt@synapse_cleft 3511 0.0262739361 -0.0392544798 0.00153495193 0 0 0
nt@synapse_cleft 3526 0.0122171796 -0.0451435644 0.0132077826 0 0 0
nt@synapse_cleft 3535 0.00693577159 0.0140727936 0.00463314066 0 0 0
nt@synapse_cleft 3536 0.0153316399 0.0100060731 0.0109231044 0 0 0
nt@synapse_cleft 3538 -0.0276055493 0.00852154389 0.00747999052 0 0 0
nt@synapse_cleft 3542 0.00292339392 0.031738098 0.00673849476 0 0 0
nt@synapse_cleft 3543 -0.0326627925 -0.0282014171 0.0154954771 0 0 0
nt@synapse_cleft 3546 0.00728407298 0.0382421004 0.0164933903 0 0 0
nt@synapse_cleft 3561 -0.0129778464 -0.0134573005 0.00270906667 0 0 0
nt@synapse_cleft 3562 -0.0588616586 -0.00670358645 0.00155000951 0 0 0
nt@synapse_cleft 3563 0.0238403414 -0.0230687334 0.0197839927 0 0 0
nt@synapse_cleft 3565 0.0384794317 -0.0162941757 0.00882499555 0 0 0
nt@synapse_cleft 3566 -0.0138753816 0.0619798751 0.0149933465 0 0 0
nt@synapse_cleft 3575 -0.0184344449 -0.00409617727 0.0135084515 0 0 0
nt@synapse_cleft 3576 0.0490992313 0.00361125624 0.00638646681 0 0 0
nt@synapse_cleft 3592 0.0023073867 0.0511765923 0.00255969784 0 0 0
nt@synapse_cleft 3602 -0.038967655 -0.0185891148 0.0113034597 0 0 0
nt@synapse_cleft 3603 -0.0204857699 0.0247280585 0.0198889627 0 0 0
nt@synapse_cleft 3606 -0.00686343834 0.0095085538 0.0093640628 0 0 0
nt@synapse_cleft 3611 0.0111088742 0.0119878371 0.0112454933 0 0 0
nt@synapse_cleft 3616 -0.0490470072 0.0406047469 0.0108072215 0 0 0
nt@synapse_cleft 3617 -0.0127443521 -0.0683271193 0.0194771852 0 0 0
nt@synapse_cleft 3620 0.0163594995 0.0332613914 0.00788935976 0 0 0
nt@synapse_cleft 3625 0.0172203205 0.0171243883 0.0185715805 0 0 0
nt@synapse_cleft 3635 -0.0234055048 0.0174732929 0.00786523107 0 0 0
nt@synapse_cleft 3636 -0.000208855796 -0.00990020564 0.00344126251 0 0 0
nt@synapse_cleft 3645 0.00761976961 -0.0347560233 0.00670142722 0 0 0
nt@synapse_cleft 3661 0.0235532238 -0.00245403589 0.00719193832 0 0 0
nt@synapse_cleft 3667 -0.0339289444 -0.00451351084 0.0102123946 0 0 0
nt@synapse_cleft 3681 0.0376962299 -0.0257758772 0.00237348425 0 0 0
nt@synapse_cleft 3690 0.0511602867 -0.0165792814 0.0185246741 0 0 0
nt@synapse_cleft 3693 -0.0670501589 -0.0281014581 0.0167585489 0 0 0
nt@synapse_cleft 3706 0.0286257609 -0.0287701142 0.0045775947 0 0 0
nt@synapse_cleft 3707 -0.0618675448 -0.0143231264 0.0179291085 0 0 0
nt@synapse_cleft 3714 -0.0600038542 -0.0069612766 0.016910426 0 0 0
nt@synapse_cleft 3730 0.00420199232 0.00901390743 0.0064457936 0 0 0
nt@synapse_cleft 3731 -0.0146959891 -0.00347590897 0.0118842717 0 0 0
nt@synapse_cleft 3737 0.00273110119 0.0135414035 0.00331716024 0 0 0
nt@synapse_cleft 3739 0.0279296324 0.061110637 0.0178442704 0 0 0
nt@synapse_cleft 3745 -0.00527148112 0.0208434602 0.00634128736 0 0 0
nt@synapse_cleft 3751 -0.000685226967 -0.00735049386 0.00677673829 0 0 0
nt@synapse_cleft 3758 -0.0120334128 -0.0402966175 0.00125746288 0 0 0
nt@synapse_cleft 3759 -0.0158044365 -0.01519787 0.0197394254 0 0 0
nt@synapse_cleft 3763 0.039499678 0.0380523344 0.00653656814 0 0 0
nt@synapse_cleft 3768 0.0187357096 0.00218754333 0.0127243857 0 0 0
nt@synapse_cleft 3771 0.0140350438 -0.0294558069 0.0114632822 0 0 0
nt@synapse_cleft 3783 -0.0179947659 -0.0278250451 0.00662804439 0 0 0
nt@synapse_cleft 3788 0.000518007242 -0.0205668951 0.0171275771 0 0 0
nt@synapse_cleft 3793 -0.0127746058 -0.0101831819 0.0152540751 0 0 0
nt@synapse_cleft 3800 0.0218429364 -0.0121528834 0.0160318635 0 0 0
nt@synapse_cleft 3811 -0.0100123342 -0.0234491049 0.00331699129 0 0 0
nt@synapse_cleft 3827 0.0123765683 0.063515543 0.0103982717 0 0 0
nt@synapse_cleft 3831 -0.00296675951 -0.0492555731 0.00780222778 0 0 0
nt@synapse_cleft 3834 0.0458895289 -0.0327205826 0.0185755179 0 0 0
nt@synapse_cleft 3835 0.0151817543 -0.0380312473 0.0068109866 0 0 0
nt@synapse_cleft 3844 -0.00766579082 -0.0109941728 0.0126900633 0 0 0
nt@synapse_cleft 3846 -0.0283207264 -0.000968989914 0.0176438989 0 0 0
nt@synapse_cleft 3848 0.0264308372 0.041619039 0.0198930863 0 0 0
nt@synapse_cleft 3850 -0.0183749846 -0.0192316442 0.0157580605 0 0 0
nt@synapse_cleft 3859 0.0436208674 -0.00589740184 0.00549272842 0 0 0
nt@synapse_cleft 3879 0.051017063 -0.0633672022 0.00847510854 0 0 0
nt@synapse_cleft 3886 0.0400933805 0.0602346214 0.00266470078 0 0 0
nt@synapse_cleft 3891 0.00456122617 -0.00955246715 0.00887491528 0 0 0
nt@synapse_cleft 3902 -0.0302759363 0.00493231209 0.00934077264 0 0 0
nt@synapse_cleft 3907 -0.0318772514 -0.0167604567 0.00418744769 0 0 0
nt@synapse_cleft 3918 -0.00500525306 -0.0070296108 0.00131524778 0 0 0
nt@synapse_cleft 3921 0.0309350135 0.0467616929 0.00435401289 0 0 0
nt@synapse_cleft 3927 0.00763503522 0.0387096191 0.0170182265 0 0 0
nt@synapse_cleft 3932 0.0251235663 -0.0252425469 0.0128663643 0 0 0
nt@synapse_cleft 3952 -0.0402501628 0.0250573251 0.00792555027 0 0 0
nt@synapse_cleft 3953 0.0357407424 -0.0416322065 0.00186984046 0 0 0
nt@synapse_cleft 3957 0.0292715047 0.0167826917 0.0175860757 0 0 0
nt@synapse_cleft 3958 -0.00135493685 0.0203872526 0.0146070253 0 0 0
nt@synapse_cleft 3963 0.0129307734 0.0210378268 0.000804449114 0 0 0
nt@synapse_cleft 3965 -0.0422763581 0.00615213603 0.0131603236 0 0 0
nt@synapse_cleft 3967 0.025695056 -0.0182421337 0.0123112112 0 0 0
nt@synapse_cleft 3968 0.00306441502 -0.00638004505 0.00137850295 0 0 0
nt@synapse_cleft 3973 -0.0103269782 0.00367303857 0.0184882747 0 0 0
nt@synapse_cleft 3974 -0.022762879 0.0765405693 0.00515101376 0 0 0
nt@synapse_cleft 3978 0.0240779685 0.001165331 0.0162075757 0 0 0
nt@synapse_cleft 3983 -0.0375655884 -0.0319467928 0.00133629351 0 0 0
nt@synapse_cleft 3988 -0.0161491088 -0.0349061715 0.00152039452 0 0 0
nt@synapse_cleft 3991 0.0776482691 -0.0343086287 0.00437483214 0 0 0
nt@synapse_cleft 3993 -0.0536195328 -0.0122978759 0.0162753982 0 0 0
nt@synapse_cleft 3997 -0.0490990433 0.00995943751 0.0165984856 0 0 0
nt@synapse_cleft 3999 -0.0358185668 -0.0182096385 0.0052761415 0 0 0
nt@synapse_cleft 4018 0.0242813681 0.00518494984 0.0155162535 0 0 0
nt@synapse_cleft 4037 -0.00466748243 0.0279131449 0.0144239351 0 0 0
nt@synapse_cleft 4040 0.00254892607 0.00952570593 0.00922743386 0 0 0
nt@synapse_cleft 4049 0.0135775279 0.0125859943 0.0179820877 0 0 0
nt@synapse_cleft 4051 0.00537519426 0.0108471285 0.0135183769 0 0 0
nt@synapse_cleft 4064 -0.00308221097 0.0143699992 0.0141826287 0 0 0
nt@synapse_cleft 4070 -0.0170113562 0.00535249003 0.0167468313 0 0 0
nt@synapse_cleft 4103 -0.00951756639 0.0111140136 0.00189397311 0 0 0
nt@synapse_cleft 4106 0.0253811048 0.0243777619 0.00587867204 0 0 0
nt@synapse_cleft 4115 0.00952502625 0.0123400869 0.00777544075 0 0 0
nt@synapse_cleft 4119 0.0198819168 -0.0261022992 0.0148800771 0 0 0
nt@synapse_cleft 4123 -0.0135672868 0.0150604168 0.0173367866 0 0 0
nt@synapse_cleft 4126 0.0426957144 -0.0343153698 0.00195367817 0 0 0
nt@synapse_cleft 4129 -0.00447765255 0.0164353232 0.0187353836 0 0 0
nt@synapse_cleft 4132 0.0298157914 0.0409350356 0.0147328829 0 0 0
nt@synapse_cleft 4135 0.0118034652 0.00243080809 0.0176465468 0 0 0
nt@synapse_cleft 4150 -0.0341848276 -0.0545502979 0.0182250749 0 0 0
nt@synapse_cleft 4155 0.0204022035 -0.0588411115 0.0080904333 0 0 0
nt@synapse_cleft 4156 0.0524207605 -0.000650236336 0.00943893298 0 0 0
nt@synapse_cleft 4163 0.010335832 0.0426945645 0.00555809426 0 0 0
nt@synapse_cleft 4177 -0.0333184556 0.0718865314 0.0181903024 0 0 0
nt@synapse_cleft 4187 -0.0152988407 -0.0244870851 0.0188367487 0 0 0
nt@synapse_cleft 4193 0.0113864168 -0.0476066072 0.0120082201 0 0 0
nt@synapse_cleft 4214 -0.0322442179 -0.0158295787 0.0166044338 0 0 0
nt@synapse_cleft 4215 0.0334420701 -0.0567202422 0.013421008 0 0 0
nt@synapse_cleft 4220 -0.0260815486 -0.0112766998 0.0113201271 0 0 0
nt@synapse_cleft 4228 0.0433258922 -0.0173543025 0.0153198919 0 0 0
nt@synapse_cleft 4230 -0.0120351377 0.0603634883 0.000609304707 0 0 0
nt@synapse_cleft 4233 0.0157189724 0.0146030338 0.0117869602 0 0 0
nt@synapse_cleft 4242 0.032139522 -0.049357132 0.0122949974 0 0 0
nt@synapse_cleft 4252 0.0336778204 0.00268640477 0.0112337204 0 0 0
nt@synapse_cleft 4254 -0.00737677501 0.0442803902 0.00403951955 0 0 0
nt@synapse_cleft 4255 -0.0237534318 -0.0335023165 0.00543120014 0 0 0
nt@synapse_cleft 4279 0.029692019 -0.0587347228 0.0084464586 0 0 0
nt@synapse_cleft 4285 -0.0438639338 0.0425086022 0.0147995948 0 0 0
nt@synapse_cleft 4288 0.0220551636 -0.0187415527 0.0152934007 0 0 0
nt@synapse_cleft 4293 -0.0294356478 -0.0107072828 0.00970224138 0 0 0
nt@synapse_cleft 4297 0.0301365376 -0.0201210946 0.0135217447 0 0 0
nt@synapse_cleft 4301 0.0459270141 -0.00580120043 0.0109429511 0 0 0
nt@synapse_cleft 4312 -0.0194863523 -0.0349079686 0.0102989014 0 0 0
nt@synapse_cleft 4317 -0.0153769253 0.053502084 0.000343247493 0 0 0
nt@synapse_cleft 4326 0.0248563722 -0.00133973784 0.0193719243 0 0 0
nt@synapse_cleft 4330 -0.0230058931 0.013579957 0.0185158991 0 0 0
nt@synapse_cleft 4339 0.0114336531 -0.0251898401 0.0189009694 0 0 0
nt@synapse_cleft 4343 -0.0268443218 -0.0649905217 0.0056633279 0 0 0
nt@synapse_cleft 4346 0.0202687867 0.0140498238 0.000467128391 0 0 0
nt@synapse_cleft 4351 0.051259715 0.0121890975 0.0187259597 0 0 0
nt@synapse_cleft 4360 0.00562191107 0.00753813771 0.00888689191 0 0 0
nt@synapse_cleft 4365 0.00639116702 0.0414337319 0.0145386731 0 0 0
nt@synapse_cleft 4374 -0.0182097412 -0.0297268727 0.00389668203 0 0 0
nt@synapse_cleft 4381 -0.0231870643 -0.0336717763 0.0141847129 0 0 0
nt@synapse_cleft 4386 -0.0135759414 0.00567269097 0.0065494154 0 0 0
nt@synapse_cleft 4392 0.00549625012 0.0136202915 0.00513417694 0 0 0
nt@synapse_cleft 4395 0.0152092696 -0.0422796438 0.0199942198 0 0 0
nt@synapse_cleft 4396 0.0152478138 -0.0488812654 0.00759941684 0 0 0
nt@synapse_cleft 4398 -0.0174485373 0.00731308226 0.0129329981 0 0 0
nt@synapse_cleft 4399 0.0258931217 0.0351824107 0.000732839999 0 0 0
nt@synapse_cleft 4414 0.00158367869 -0.019311125 0.0192329547 0 0 0
nt@synapse_cleft 4416 -0.0155995702 0.00317330563 0.0191038756 0 0 0
nt@synapse_cleft 4423 0.0230430316 -0.00617060651 0.0068783696 0 0 0
nt@synapse_cleft 4424 -0.0314045941 -0.000786749311 0.000709549403 0 0 0
nt@synapse_cleft 4430 -0.00420955889 -0.0125718889 0.00689256698 0 0 0
nt@synapse_cleft 4431 0.0140114845 -0.0393141402 0.0149326407 0 0 0
nt@synapse_cleft 4434 0.0169105554 -0.00168876548 0.000845670103 0 0 0
nt@synapse_cleft 4446 -0.0117793144 0.0317694982 0.0171530773 0 0 0
nt@synapse_cleft 4464 0.0199701208 -0.0182904527 0.00943159818 0 0 0
nt@synapse_cleft 4478 -0.0194015019 0.0361562452 0.00588969002 0 0 0
nt@synapse_cleft 4480 0.0149109869 0.0450686183 0.0103731499 0 0 0
nt@synapse_cleft 4482 -0.0464758197 -0.0272558113 0.018356461 0 0 0
nt@synapse_cleft 4485 0.0135583801 0.0229877483 0.0134312641 0 0 0
nt@synapse_cleft 4488 0.0128175757 0.0120688525 0.00700532486 0 0 0
nt@synapse_cleft 4489 -0.020517119 -0.0117383745 0.00491735486 0 0 0
nt@synapse_cleft 4499 -0.00255156265 0.0159942834 0.00655804391 0 0 0
nt@synapse_cleft 4501 0.0121280527 0.00577778874 0.0122567783 0 0 0
nt@synapse_cleft 4517 -0.0415495346 0.0091396531 0.00534827914 0 0 0
nt@synapse_cleft 4527 0.00733677687 0.00604857759 0.016593512 0 0 0
nt@synapse_cleft 4538 -0.0391197544 -0.042938594 0.00365199176 0 0 0
nt@synapse_cleft 4542 0.00854300041 0.0510659244 0.00685373261 0 0 0
nt@synapse_cleft 4545 -0.0227180322 0.0405285352 0.00269597082 0 0 0
nt@synapse_cleft 4551 -0.00370031753 0.0398327097 0.0083802686 0 0 0
nt@synapse_cleft 4553 -0.0358366924 -0.0176516337 0.0159424602 0 0 0
nt@synapse_cleft 4559 -0.0286572181 0.0202510866 0.0196575859 0 0 0
nt@synapse_cleft 4574 0.0421386252 -0.0267642052 0.00482688169 0 0 0
nt@synapse_cleft 4576 -0.0429110783 -0.019731143 0.017036098 0 0 0
nt@synapse_cleft 4583 0.00953057129 0.00972405605 0.0035060379 0 0 0
nt@synapse_cleft 4590 -0.0558876651 -0.01000504 0.0174668512 0 0 0
nt@synapse_cleft 4593 -0.0509028907 0.0509702618 0.00332368638 0 0 0
nt@synapse_cleft 4595 0.0349137984 -0.0402864024 0.00156035789 0 0 0
nt@synapse_cleft 4620 0.00599094648 0.00928970571 0.0166482017 0 0 0
nt@synapse_cleft 4659 -0.0364860634 0.0507405552 0.0124174265 0 0 0
nt@synapse_cleft 4681 0.026619446 -0.0084043234 0.0190011959 0 0 0
nt@synapse_cleft 4700 -0.0314803133 0.0524680507 0.0056369951 0 0 0
nt@synapse_cleft 4709 -0.0185639426 -0.00535898733 0.00528238101 0 0 0
nt@synapse_cleft 4718 0.0479536869 0.0135609028 0.0144520745 0 0 0
nt@synapse_cleft 4736 -0.00107781967 0.027353732 0.00515464653 0 0 0
nt@synapse_cleft 4750 -0.00738514226 -0.0658303837 0.010529916 0 0 0
nt@synapse_cleft 4753 -0.0170656454 -0.00465104845 0.0159622315 0 0 0
nt@synapse_cleft 4754 -0.0042009813 -0.0171806499 0.00171909986 0 0 0
nt@synapse_cleft 4756 0.0121732538 -0.0179571796 0.0192061095 0 0 0
nt@synapse_cleft 4758 -0.0233883356 -0.00134488758 0.0188984415 0 0 0
nt@synapse_cleft 4764 0.0364934443 -0.0148575818 0.000738832511 0 0 0
nt@synapse_cleft 4779 0.0320479192 -0.0250769021 0.0111976834 0 0 0
nt@synapse_cleft 4784 0.0332147006 0.00956870125 0.00673114723 0 0 0
nt@synapse_cleft 4786 -0.0312392812 0.02274173 0.0172974539 0 0 0
nt@synapse_cleft 4791 0.0467399132 0.00689557663 0.0146257928 0 0 0
nt@synapse_cleft 4793 -0.035792339 0.00373514515 0.0173422745 0 0 0
nt@synapse_cleft 4800 0.0312381448 0.00495691538 0.013523968 0 0 0
nt@synapse_cleft 4801 -0.0118201443 0.00883941815 0.0154170398 0 0 0
nt@synapse_cleft 4822 -0.0160619597 -0.0156973609 0.00469070144 0 0 0
nt@synapse_cleft 4823 -0.0163488401 0.00953253825 0.0170489649 0 0 0
nt@synapse_cleft 4829 0.0183272101 -0.056215786 0.00260090414 0 0 0
nt@synapse_cleft 4839 -0.00340330284 -0.00755512372 0.00398310988 0 0 0
nt@synapse_cleft 4844 0.0679983133 -0.019469994 0.0196101742 0 0 0
nt@synapse_cleft 4852 -0.0170518437 -0.0336206761 0.00915886088 0 0 0
nt@synapse_cleft 4871 0.00815866789 0.0147544797 0.00975430652 0 0 0
nt@synapse_cleft 4880 0.00211906645 -0.0218316712 0.0185106379 0 0 0
nt@synapse_cleft 4892 -0.0277088624 0.0348152436 0.00624428589 0 0 0
nt@synapse_cleft 4897 0.0134164648 -0.0230102271 0.00241793625 0 0 0
nt@synapse_cleft 4901 0.0246330899 0.00572843486 0.00642583511 0 0 0
nt@synapse_cleft 4905 -0.0293643201 0.00405612453 0.00159813002 0 0 0
nt@synapse_cleft 4906 -0.0160297745 -0.0350979162 0.0108723934 0 0 0
nt@synapse_cleft 4919 -0.00075487241 0.0207877187 0.00183466023 0 0 0
nt@synapse_cleft 4925 -0.0176252296 0.00122947697 0.00808129707 0 0 0
nt@synapse_cleft 4937 -0.0731870783 0.00885890893 0.0122021137 0 0 0
nt@synapse_cleft 4946 0.00265582076 0.00486071644 0.00983669874 0 0 0
nt@synapse_cleft 4973 0.00192366922 0.0457321951 0.0151249246 0 0 0
nt@synapse_cleft 4979 0.00861580401 -0.00357350755 0.00309993581 0 0 0
nt@synapse_cleft 4981 0.00326862484 -0.0611174724 0.00215087074 0 0 0
nt@synapse_cleft 4982 5.65739755e-05 0.0191384877 0.00921228435 0 0 0
nt@synapse_cleft 4983 -0.0289562024 -0.00232129342 0.000362228993 0 0 0
nt@synapse_cleft 4991 -0.0172013054 -0.00746444564 0.00832829918 0 0 0
nt@synapse_cleft 5004 -0.0174306074 -0.0132397025 0.00444429177 0 0 0
nt@synapse_cleft 5006 0.0218404068 -0.0180723825 0.0146635227 0 0 0
nt@synapse_cleft 5009 -0.012802276 0.00465025301 0.00207511903 0 0 0
nt@synapse_cleft 5015 -0.0319722882 -0.0375524413 0.00738108103 0 0 0
nt@synapse_cleft 5044 -0.0484423905 0.0275441906 0.00706934448 0 0 0
nt@synapse_cleft 5046 -0.000915214611 -0.019975425 0.00251721763 0 0 0
nt@synapse_cleft 5052 0.018212995 -0.00761758281 0.00368444136 0 0 0
nt@synapse_cleft 5055 -0.00649417539 0.0256982953 0.0188798721 0 0 0
nt@synapse_cleft 5061 0.000257617948 -0.0378096877 0.00701254077 0 0 0
nt@synapse_cleft 5063 -0.0322092042 0.0453260521 0.0171209843 0 0 0
nt@synapse_cleft 5082 -0.00562250918 0.0577556682 0.00893949433 0 0 0
nt@synapse_cleft 5086 0.0333030265 0.0463792313 0.00442699678 0 0 0
nt@synapse_cleft 5133 -0.0281992143 0.0231058864 0.016142608 0 0 0
nt@synapse_cleft 5145 0.0156109401 0.0191155929 0.00233407607 0 0 0
nt@synapse_cleft 5154 0.0117421278 0.0176170492 0.0145894793 0 0 0
nt@synapse_cleft 5159 -0.0373470453 -0.0126677255 0.0142407669 0 0 0
nt@synapse_cleft 5164 0.0141568205 -0.0051301114 0.00231634907 0 0 0
nt@synapse_cleft 5173 -0.029249231 0.00274279539 0.0117315598 0 0 0
nt@synapse_cleft 5176 -0.0326347313 0.0753433076 0.00832199338 0 0 0
nt@synapse_cleft 5179 0.0253937213 0.00337675525 0.00950632554 0 0 0
nt@synapse_cleft 5182 0.0678445753 -0.000598596469 0.00094649428 0 0 0
