nt@synapse_cleft 0 0.0077471788 0.000661200792 0.0173982226 0 0 0
nt@synapse_cleft 2 -0.0422971929 0.0150897379 0.0184420558 0 0 0
nt@synapse_cleft 7 0.00436653957 0.0121162868 0.0111994464 0 0 0
nt@synapse_cleft 9 0.0133183201 -0.020402012 0.0123877394 0 0 0
nt@synapse_cleft 12 0.00558046673 0.0331208402 0.0135326784 0 0 0
nt@synapse_cleft 15 -0.015545074 0.0232063574 0.00778241282 0 0 0
nt@synapse_cleft 17 0.0202463353 0.0057525382 0.00772682968 0 0 0
nt@synapse_cleft 23 0.00699124527 -0.0479527473 0.00893551553 0 0 0
nt@synapse_cleft 26 -0.024278908 0.0108229614 0.0103891782 0 0 0
nt@synapse_cleft 30 0.0197958583 -0.0338067506 0.00870298714 0 0 0
nt@synapse_cleft 35 -0.00959097191 0.0185367931 0.0193079362 0 0 0
nt@synapse_cleft 42 0.00522559821 0.00374776945 0.0193726927 0 0 0
nt@synapse_cleft 45 -0.00651567648 0.0153839242 0.00972838144 0 0 0
nt@synapse_cleft 54 0.00158453488 0.0214936841 0.0184507156 0 0 0
nt@synapse_cleft 56 -0.0200108847 -0.00696744349 0.0149244538 0 0 0
nt@synapse_cleft 59 0.0321648265 0.01566286 0.0132987539 0 0 0
nt@synapse_cleft 72 -0.0254759009 0.010019923 0.017222658 0 0 0
nt@synapse_cleft 81 0.0129582238 -0.0324055035 0.0100250941 0 0 0
nt@synapse_cleft 87 -0.0118940772 -0.0222360177 0.01860736 0 0 0
nt@synapse_cleft 89 0.027498364 0.00248945147 0.00981600413 0 0 0
nt@synapse_cleft 100 -0.0183319266 -0.023772838 0.00809020037 0 0 0
nt@synapse_cleft 102 -0.0279265624 0.0165293598 1.10664197e-05 0 0 0
nt@synapse_cleft 103 0.0231926869 -0.0209291235 0.0154730571 0 0 0
nt@synapse_cleft 111 -0.0293196335 0.0461797368 0.0183881319 0 0 0
nt@synapse_cleft 114 0.0416538038 -0.0187372051 0.0175753687 0 0 0
nt@synapse_cleft 115 -0.00218923082 -0.0348302116 0.00975569564 0 0 0
nt@synapse_cleft 116 -0.0297541492 -0.0189656251 0.0142337309 0 0 0
nt@synapse_cleft 118 0.0163809097 0.00293974863 0.0106942533 0 0 0
nt@synapse_cleft 135 -0.0227952841 -0.0268169342 0.0124740791 0 0 0
nt@synapse_cleft 137 -0.0501549373 -0.0380697928 0.0115917807 0 0 0
nt@synapse_cleft 143 -0.00948120207 -0.0516152616 0.00502065876 0 0 0
nt@synapse_cleft 148 0.00178043243 0.0527034596 0.00839133737 0 0 0
nt@synapse_cleft 150 -0.0262566977 0.0132281086 0.00875784111 0 0 0
nt@synapse_cleft 156 -0.0254630126 -0.00167576226 0.0191103321 0 0 0
nt@synapse_cleft 157 -0.0252588152 0.0114859722 0.0102772025 0 0 0
nt@synapse_cleft 162 -0.0130771105 -0.0282704281 0.00814929943 0 0 0
nt@synapse_cleft 167 -0.00413746841 -0.0449095882 0.00647591513 0 0 0
nt@synapse_cleft 168 -0.0213951413 -0.0202043473 0.0125463018 0 0 0
nt@synapse_cleft 186 -0.020694384 -0.0121480808 0.0185636619 0 0 0
nt@synapse_cleft 188 -0.016166959 -0.00312279485 0.00421555126 0 0 0
nt@synapse_cleft 192 -0.00552435092 0.0393485363 0.0189733032 0 0 0
nt@synapse_cleft 194 -0.00325146855 -0.00912235513 0.0142043569 0 0 0
nt@synapse_cleft 195 0.0165191644 0.0432645352 0.00485806151 0 0 0
nt@synapse_cleft 197 0.0101801947 -0.0196440463 0.00627795766 0 0 0
nt@synapse_cleft 199 0.0439160586 0.0107366463 0.00742276062 0 0 0
nt@synapse_cleft 203 0.00823479693 -0.00417361796 0.00710621318 0 0 0
nt@synapse_cleft 206 0.000928033224 -0.0169170358 0.0196702761 0 0 0
nt@synapse_cleft 210 -0.0324227203 0.0180924322 0.00434708789 0 0 0
nt@synapse_cleft 224 -0.01809105 0.0593567057 0.00115245865 0 0 0
nt@synapse_cleft 231 0.0153898574 0.0377332888 0.0183372974 0 0 0
nt@synapse_cleft 235 0.0231842092 -0.0223276357 0.00695502231 0 0 0
nt@synapse_cleft 244 -0.0179807841 0.00295873543 0.0182917076 0 0 0
nt@synapse_cleft 248 0.0331625285 -0.0268553597 0.00833876129 0 0 0
nt@synapse_cleft 256 -0.0411343671 -0.0127635161 0.0104890671 0 0 0
nt@synapse_cleft 263 0.042617996 0.0198197429 0.0168203146 0 0 0
nt@synapse_cleft 268 0.00221457799 -0.0091841593 0.0107039098 0 0 0
nt@synapse_cleft 272 0.00470036591 -0.0483275599 0.0169839529 0 0 0
nt@synapse_cleft 284 -0.0299562525 0.0811518262 0.00897564426 0 0 0
nt@synapse_cleft 289 -0.0394316243 0.0607670913 0.00780833866 0 0 0
nt@synapse_cleft 293 0.0321613125 -0.00464074039 0.0144282533 0 0 0
nt@synapse_cleft 306 0.00994583546 -0.0239443627 0.0116828446 0 0 0
nt@synapse_cleft 307 0.0150250809 0.00443237434 0.0180023227 0 0 0
nt@synapse_cleft 308 0.0197060579 0.0256530905 0.00886767282 0 0 0
nt@synapse_cleft 310 0.0255324239 -0.000536147339 0.0105709704 0 0 0
nt@synapse_cleft 318 -0.0344025008 0.00999657231 0.0198303403 0 0 0
nt@synapse_cleft 319 0.0590275099 0.00264784683 0.0143637312 0 0 0
nt@synapse_cleft 321 0.0395660442 0.0203653171 0.00877718664 0 0 0
nt@synapse_cleft 325 -0.058508299 0.0701520222 0.0148052674 0 0 0
nt@synapse_cleft 331 0.0468788458 -0.0188727046 0.0164618676 0 0 0
nt@synapse_cleft 347 0.00211598525 -0.00965123833 0.00509786173 0 0 0
nt@synapse_cleft 348 0.00378128891 -0.00725308074 0.0123933624 0 0 0
nt@synapse_cleft 350 0.0178978844 0.00747282783 0.00319867236 0 0 0
nt@synapse_cleft 352 -0.0114524914 0.0269904407 0.00492877007 0 0 0
nt@synapse_cleft 356 -0.0351275474 0.0188987007 0.0061146871 0 0 0
nt@synapse_cleft 361 -0.0256102201 0.0111387935 0.0192378027 0 0 0
nt@synapse_cleft 371 -0.00857447547 0.0331209838 0.0040501271 0 0 0
nt@synapse_cleft 372 0.00376275764 0.0239060119 0.00663651856 0 0 0
nt@synapse_cleft 376 -0.00842860407 -0.00423571599 0.0180102835 0 0 0
nt@synapse_cleft 381 -0.0146990628 -0.0156199402 0.00496515388 0 0 0
nt@synapse_cleft 385 0.0148755198 0.00910923471 0.0162939172 0 0 0
nt@synapse_cleft 391 0.0214744379 -0.0435954397 0.0147806432 0 0 0
nt@synapse_cleft 395 -0.000410256767 -0.0246748726 0.0110369213 0 0 0
nt@synapse_cleft 397 0.015393634 0.0270807363 0.0163424009 0 0 0
nt@synapse_cleft 402 0.00352607663 0.0448840724 0.00631605807 0 0 0
nt@synapse_cleft 406 -0.0245504206 -0.0438534779 0.00887832783 0 0 0
nt@synapse_cleft 421 -0.0348275024 0.0258955633 0.0182855177 0 0 0
nt@synapse_cleft 426 0.0354812065 -0.0172403784 0.0161769997 0 0 0
nt@synapse_cleft 429 -0.0205184626 0.0230193361 0.0109421827 0 0 0
nt@synapse_cleft 440 0.0330776077 0.00366882225 3.60935425e-05 0 0 0
nt@synapse_cleft 444 -0.00226080363 0.0293462811 0.00733558546 0 0 0
nt@synapse_cleft 449 -0.00214682224 -0.0172314113 0.00849119695 0 0 0
nt@synapse_cleft 452 0.0284387879 0.0438465175 0.013545739 0 0 0
nt@synapse_cleft 453 0.00448183222 -0.0105880292 0.0171314739 0 0 0
nt@synapse_cleft 455 -0.00321666635 -0.024519224 0.0187306521 0 0 0
nt@synapse_cleft 477 0.0197033604 0.00877294308 0.0161316128 0 0 0
nt@synapse_cleft 479 -0.0104108974 0.0237131705 0.014896321 0 0 0
nt@synapse_cleft 480 -0.0554224171 0.0147343591 0.00137396638 0 0 0
nt@synapse_cleft 482 0.0133261988 0.00589627111 0.000916612558 0 0 0
nt@synapse_cleft 483 -0.00724350808 -0.0264108778 0.00767882521 0 0 0
nt@synapse_cleft 484 -0.00679447853 -0.0395958367 0.00231425229 0 0 0
nt@synapse_cleft 499 0.019691709 0.0182533723 0.00852490816 0 0 0
nt@synapse_cleft 500 -0.00835877209 -0.0122966787 0.00491482502 0 0 0
nt@synapse_cleft 501 0.00701842429 0.0144876846 0.00698673101 0 0 0
nt@synapse_cleft 503 0.009813144 -0.0203815232 0.011357865 0 0 0
nt@synapse_cleft 509 -0.0138879382 0.052324532 0.000539114981 0 0 0
nt@synapse_cleft 510 0.018938226 0.00384965997 0.00952147881 0 0 0
nt@synapse_cleft 514 -0.0224558691 0.00728599013 0.0146057341 0 0 0
nt@synapse_cleft 522 -0.0424153499 0.0186224609 0.0123515574 0 0 0
nt@synapse_cleft 524 -0.0120826814 0.0226272541 0.0191734399 0 0 0
nt@synapse_cleft 530 0.0198990666 -0.00511036835 0.0084879876 0 0 0
nt@synapse_cleft 536 -0.031949505 -0.0367324555 0.00109646473 0 0 0
nt@synapse_cleft 544 0.0349680252 0.0164710678 0.0125800973 0 0 0
nt@synapse_cleft 546 -0.0487268713 0.0144979483 0.0108796288 0 0 0
nt@synapse_cleft 548 -0.0233964019 0.0205587204 0.0190074341 0 0 0
nt@synapse_cleft 549 0.0296972875 -0.0335276083 0.0167589613 0 0 0
nt@synapse_cleft 551 0.00707750472 -0.0147832032 0.0146673337 0 0 0
nt@synapse_cleft 552 0.0201638998 -0.00143181708 0.0120118032 0 0 0
nt@synapse_cleft 557 -0.034357253 0.000818152033 0.00841533222 0 0 0
nt@synapse_cleft 558 -0.0106033102 -0.0228164472 0.0060881489 0 0 0
nt@synapse_cleft 563 -0.0117317647 -0.0549366605 0.0167495989 0 0 0
nt@synapse_cleft 568 -0.0071627793 0.00745423771 0.015812586 0 0 0
nt@synapse_cleft 572 -0.0323281995 0.0211133404 0.00586174846 0 0 0
nt@synapse_cleft 575 -0.000653130782 -0.0105685416 0.00774910194 0 0 0
nt@synapse_cleft 581 0.0032372897 -0.00362831931 0.0091329852 0 0 0
nt@synapse_cleft 583 0.0108770448 0.0197650389 0.0123657874 0 0 0
nt@synapse_cleft 586 0.00619192002 0.0141340245 0.0108038503 0 0 0
nt@synapse_cleft 591 -0.0117291283 0.0248855625 0.014162449 0 0 0
nt@synapse_cleft 593 0.00494084515 0.0354849809 0.0134435266 0 0 0
nt@synapse_cleft 594 0.0371639213 0.0232523389 0.00990816519 0 0 0
nt@synapse_cleft 595 -0.00469789123 -0.0367614383 0.00585724912 0 0 0
nt@synapse_cleft 596 -0.0236279777 0.00516124878 0.0170417201 0 0 0
nt@synapse_cleft 598 -0.00203618979 -0.0029455362 0.0151428435 0 0 0
nt@synapse_cleft 618 -0.0115803821 -0.0338544976 0.00359938083 0 0 0
nt@synapse_cleft 620 -0.0236569042 -0.00280263567 0.00756747896 0 0 0
nt@synapse_cleft 624 0.0173441473 -0.00540092706 0.00685637004 0 0 0
nt@synapse_cleft 627 -0.00723000114 -0.0177843374 0.0183705877 0 0 0
nt@synapse_cleft 629 0.00437408894 0.0028751906 0.000129513706 0 0 0
nt@synapse_cleft 630 0.00642790609 0.00858113596 0.00142473908 0 0 0
nt@synapse_cleft 633 -0.0179181275 0.0206216513 0.00504519441 0 0 0
nt@synapse_cleft 634 0.0112196241 -0.00381884305 0.013903596 0 0 0
nt@synapse_cleft 639 -0.0212757536 -0.0334082483 0.00114819136 0 0 0
nt@synapse_cleft 645 -0.0105705862 -0.0104790535 0.0180161003 0 0 0
nt@synapse_cleft 647 0.0101451224 0.0306286066 0.000178905114 0 0 0
nt@synapse_cleft 661 -0.0286646579 -0.0163877207 0.0160410539 0 0 0
nt@synapse_cleft 662 -0.00945357515 0.00789820661 0.0115703303 0 0 0
nt@synapse_cleft 664 -0.0118063641 0.0115579148 0.0120303035 0 0 0
nt@synapse_cleft 674 -0.0212016299 0.0107439489 0.00382490881 0 0 0
nt@synapse_cleft 675 0.0167685446 0.00996771339 0.010009747 0 0 0
nt@synapse_cleft 678 0.0169884662 -0.0145059182 0.0116857355 0 0 0
nt@synapse_cleft 679 -0.0284365732 -0.00044353084 0.0150148624 0 0 0
nt@synapse_cleft 681 -0.00845455932 -0.0255576138 0.013482263 0 0 0
nt@synapse_cleft 684 -0.0219889591 -0.0110397169 0.0097191493 0 0 0
nt@synapse_cleft 689 0.0244866714 0.00558030908 0.0159797467 0 0 0
nt@synapse_cleft 691 0.0192935855 0.00815466082 0.004875564 0 0 0
nt@synapse_cleft 693 0.0129166957 0.0144161367 0.0120981502 0 0 0
nt@synapse_cleft 695 -0.0258789278 0.0269286493 0.0149723326 0 0 0
nt@synapse_cleft 698 0.0027819457 0.015158903 0.0146710608 0 0 0
nt@synapse_cleft 699 -0.0204287467 -0.0614251856 0.00590461997 0 0 0
nt@synapse_cleft 704 0.0145460463 0.0229487796 0.000686190091 0 0 0
nt@synapse_cleft 710 0.0369169705 -0.0044166228 0.0197443099 0 0 0
nt@synapse_cleft 712 -0.0247820955 -0.00996637165 0.00167723158 0 0 0
nt@synapse_cleft 715 0.0202373339 0.0276010576 0.00742048211 0 0 0
nt@synapse_cleft 720 0.0260428562 -0.0400843113 0.0024678857 0 0 0
nt@synapse_cleft 721 0.00422427451 -0.0159147872 0.00164193398 0 0 0
nt@synapse_cleft 726 -0.0265007291 -0.00534709862 0.00726619501 0 0 0
nt@synapse_cleft 727 -0.00878205977 0.022006875 0.000403127964 0 0 0
nt@synapse_cleft 728 0.00104277581 0.00404253471 0.00472338737 0 0 0
nt@synapse_cleft 732 0.0277900877 0.0525237544 0.000286844433 0 0 0
nt@synapse_cleft 735 -0.0470345465 0.0097761297 0.00332799978 0 0 0
nt@synapse_cleft 737 0.0436830647 0.00562549343 0.00631148717 0 0 0
nt@synapse_cleft 741 0.0187362825 0.000766166212 0.00263435006 0 0 0
nt@synapse_cleft 744 -0.0150998297 0.0289737692 0.0117040234 0 0 0
nt@synapse_cleft 746 0.00200747499 0.0139561172 0.000676144253 0 0 0
nt@synapse_cleft 750 0.0254919551 0.0183154336 0.0162550953 0 0 0
nt@synapse_cleft 754 -0.00244982321 -0.019353267 0.0194640679 0 0 0
nt@synapse_cleft 755 0.0189948519 0.0195090421 0.00478628227 0 0 0
nt@synapse_cleft 760 -0.00427416656 -0.0541356996 0.00347630794 0 0 0
nt@synapse_cleft 762 0.00864349328 -0.0133792475 0.0172313399 0 0 0
nt@synapse_cleft 765 -0.0306932001 0.0352478975 0.0163377032 0 0 0
nt@synapse_cleft 768 -0.0200810534 -0.00075618063 0.013765718 0 0 0
nt@synapse_cleft 769 -0.000621237708 0.0423299162 0.014037778 0 0 0
nt@synapse_cleft 774 0.00577168119 0.0244956147 0.00996167756 0 0 0
nt@synapse_cleft 777 0.039583313 -0.0412620773 0.00717375617 0 0 0
nt@synapse_cleft 779 -0.0197012755 0.0152002161 0.00511061687 0 0 0
nt@synapse_cleft 784 0.0154055856 0.00649837708 0.0163294042 0 0 0
nt@synapse_cleft 797 -0.00657386381 0.0371294955 0.00222125894 0 0 0
nt@synapse_cleft 803 -0.0265573616 -0.0381658906 0.0147008516 0 0 0
nt@synapse_cleft 804 0.000340788971 0.0219237301 0.00483326833 0 0 0
nt@synapse_cleft 814 0.0402482429 0.0320609069 0.00214335994 0 0 0
nt@synapse_cleft 816 -0.000738009111 -0.0196865321 0.00436049901 0 0 0
nt@synapse_cleft 817 0.0209825778 -0.0144290551 0.0096563748 0 0 0
nt@synapse_cleft 828 0.00969731188 -0.0278128179 0.0154631619 0 0 0
nt@synapse_cleft 831 -0.00130070495 -0.0237462956 0.00193866472 0 0 0
nt@synapse_cleft 833 -0.0143901055 -0.00251877699 0.00826110381 0 0 0
nt@synapse_cleft 837 -0.0193143627 -0.0140581479 0.0149981359 0 0 0
nt@synapse_cleft 844 -0.0115630169 0.00792766379 0.0179435492 0 0 0
nt@synapse_cleft 847 0.0215517418 -0.000910792731 0.0100051093 0 0 0
nt@synapse_cleft 850 0.00262011143 0.0234299123 0.000962501013 0 0 0
nt@synapse_cleft 854 0.00675039792 0.0328679273 0.00898710598 0 0 0
nt@synapse_cleft 866 0.00212054324 -0.0142558652 0.00947996391 0 0 0
nt@synapse_cleft 871 -0.00740385935 0.0130467451 0.0160700881 0 0 0
nt@synapse_cleft 872 0.0235848849 -0.0208016893 0.0183699441 0 0 0
nt@synapse_cleft 877 -0.042844024 0.0122242843 0.0154169959 0 0 0
nt@synapse_cleft 884 -0.00354005486 0.00743830225 0.0174362046 0 0 0
nt@synapse_cleft 900 0.0179581596 -0.021965999 0.0185031719 0 0 0
nt@synapse_cleft 904 -0.0371516865 0.0129874146 0.00434779765 0 0 0
nt@synapse_cleft 906 -0.013887328 0.00692367985 0.0150782299 0 0 0
nt@synapse_cleft 908 -0.0402189765 0.007101358 0.000664331958 0 0 0
nt@synapse_cleft 909 0.0265880414 0.00851293973 0.00780351051 0 0 0
nt@synapse_cleft 913 -0.0250661965 -0.0007087562 0.0199380265 0 0 0
nt@synapse_cleft 918 0.0625675034 -0.00577418203 0.0167980752 0 0 0
nt@synapse_cleft 920 0.01891592 -0.0139553896 0.0151802706 0 0 0
nt@synapse_cleft 924 -0.0358165857 0.000107095757 0.0115392309 0 0 0
nt@synapse_cleft 925 -0.0285843224 0.040926307 0.0109330623 0 0 0
nt@synapse_cleft 926 -0.0154795931 -0.0533483235 0.0190156903 0 0 0
nt@synapse_cleft 932 0.01668807 -0.0448030365 0.00257577714 0 0 0
nt@synapse_cleft 938 -0.0121986114 0.0149976144 0.00175882687 0 0 0
nt@synapse_cleft 940 -0.0503900944 -0.0272624584 0.00819109883 0 0 0
nt@synapse_cleft 941 -0.0326117989 0.0464259749 0.0193110257 0 0 0
nt@synapse_cleft 942 0.0170717065 -0.0226838761 0.0042634293 0 0 0
nt@synapse_cleft 943 0.0221012826 -0.010202112 0.00884732114 0 0 0
nt@synapse_cleft 944 -0.00226493117 -0.0546889951 0.000772823264 0 0 0
nt@synapse_cleft 945 -0.0103732801 0.026042505 6.11305748e-05 0 0 0
nt@synapse_cleft 947 -0.0209966966 0.00989191606 0.0122436369 0 0 0
nt@synapse_cleft 953 -0.04442394 0.0195383495 0.0152372077 0 0 0
nt@synapse_cleft 954 0.0111798159 -0.00995428438 0.00570009487 0 0 0
nt@synapse_cleft 957 0.0489077154 -0.0261203958 0.00540234114 0 0 0
nt@synapse_cleft 960 -0.0261073386 0.0285434018 0.00777767351 0 0 0
nt@synapse_cleft 961 -0.026504475 -0.00367622507 0.0128758817 0 0 0
nt@synapse_cleft 967 0.0408534592 -0.00253077508 0.0126126616 0 0 0
nt@synapse_cleft 976 -0.0236555361 0.0204226234 0.0169571621 0 0 0
nt@synapse_cleft 978 -0.0411967242 -0.0181022843 0.0104853966 0 0 0
nt@synapse_cleft 991 0.0287346787 -0.00680958116 0.0188541956 0 0 0
nt@synapse_cleft 992 0.0238689546 0.00668744997 0.00326079094 0 0 0
nt@synapse_cleft 994 -0.0346135698 -0.011384162 0.0101979735 0 0 0
nt@synapse_cleft 998 0.000785543345 0.000794908518 0.00304317869 0 0 0
nt@synapse_cleft 999 0.0446310427 -0.038872876 0.00240401269 0 0 0
nt@synapse_cleft 1002 0.0138545083 0.0493960088 0.00348855103 0 0 0
nt@synapse_cleft 1004 -0.0143285105 0.00912863304 0.0042901324 0 0 0
nt@synapse_cleft 1011 0.0235596416 0.0207000977 0.0129034835 0 0 0
nt@synapse_cleft 1013 -0.0333845286 0.0395963545 0.0147634315 0 0 0
nt@synapse_cleft 1016 -0.0302231024 0.0187091441 0.014892065 0 0 0
nt@synapse_cleft 1018 -0.00368423098 -0.0241157585 0.0098998563 0 0 0
nt@synapse_cleft 1024 -0.0386614459 -0.0127441865 0.0140637452 0 0 0
nt@synapse_cleft 1025 -0.00447701466 -0.035423316 0.00146693369 0 0 0
nt@synapse_cleft 1027 0.0156650073 0.0338035214 0.014917054 0 0 0
nt@synapse_cleft 1035 -0.0266442869 -0.0190584633 0.0152148269 0 0 0
nt@synapse_cleft 1047 0.0234823633 -0.0459055142 0.000676789313 0 0 0
nt@synapse_cleft 1048 -0.000360944313 -0.0467632655 0.00387997458 0 0 0
nt@synapse_cleft 1050 0.00410751541 -0.0469456879 0.0183105205 0 0 0
nt@synapse_cleft 1056 -0.00676689796 0.0620338255 0.00048399627 0 0 0
nt@synapse_cleft 1062 0.0419840051 -0.010053419 0.0142257678 0 0 0
nt@synapse_cleft 1077 -0.0293726027 -0.0125550341 0.0142981414 0 0 0
nt@synapse_cleft 1080 -0.028892051 0.0176776002 0.0112399443 0 0 0
nt@synapse_cleft 1088 -0.0447233902 -0.00742792045 0.0168960482 0 0 0
nt@synapse_cleft 1092 -0.0170026002 -0.010582939 0.00991335432 0 0 0
nt@synapse_cleft 1102 -0.017164415 -0.0198954506 0.0152704057 0 0 0
nt@synapse_cleft 1107 -0.0078652212 0.00581794133 0.0118535893 0 0 0
nt@synapse_cleft 1108 0.015658587 0.0308105703 0.000234659434 0 0 0
nt@synapse_cleft 1110 0.0218886687 0.0160673998 0.0141555242 0 0 0
nt@synapse_cleft 1113 -0.0147586889 0.0152764356 0.00108897152 0 0 0
nt@synapse_cleft 1114 0.0147430497 -0.0238718138 0.00239366512 0 0 0
nt@synapse_cleft 1121 0.00100705513 0.0439992302 0.000761577029 0 0 0
nt@synapse_cleft 1127 -0.0107936914 0.00255727392 0.00508190491 0 0 0
nt@synapse_cleft 1130 0.0311598145 -0.0226202056 0.00737923953 0 0 0
nt@synapse_cleft 1136 -0.00973745793 -0.0582067046 0.00827624199 0 0 0
nt@synapse_cleft 1138 0.0169045099 0.00593327365 0.0153820211 0 0 0
nt@synapse_cleft 1140 0.00859551299 -0.0308365354 0.0162915424 0 0 0
nt@synapse_cleft 1144 -0.0132707264 -0.00920011355 0.0114908663 0 0 0
nt@synapse_cleft 1145 0.0662846861 -0.0152854023 0.0175120499 0 0 0
nt@synapse_cleft 1149 -0.0246414617 -0.000824807359 0.0097658978 0 0 0
nt@synapse_cleft 1152 0.0218446321 -0.00239102766 0.0135766856 0 0 0
nt@synapse_cleft 1157 0.0333857621 -0.0507218623 0.017022722 0 0 0
nt@synapse_cleft 1165 0.018057448 0.0296956533 0.00146636181 0 0 0
nt@synapse_cleft 1166 -0.0113654469 0.0052327766 0.00858213482 0 0 0
nt@synapse_cleft 1167 0.0366381027 0.0313046481 0.00941397203 0 0 0
nt@synapse_cleft 1172 -0.00646842757 0.000735088685 0.00830787324 0 0 0
nt@synapse_cleft 1177 -0.00604014816 0.0731560854 0.00393331612 0 0 0
nt@synapse_cleft 1179 0.00059503043 -0.0210537975 0.00240592396 0 0 0
nt@synapse_cleft 1186 -0.0629093265 0.000897237533 0.00751637969 0 0 0
nt@synapse_cleft 1188 0.0202446314 -0.0420812641 0.00433827611 0 0 0
nt@synapse_cleft 1192 0.0158302855 -0.012865116 0.0194604052 0 0 0
nt@synapse_cleft 1193 -0.0298339482 -0.00762014777 0.0100377746 0 0 0
nt@synapse_cleft 1200 -0.0136259507 0.0200183038 0.0145122565 0 0 0
nt@synapse_cleft 1203 0.00340290259 0.00430072085 0.00797017661 0 0 0
nt@synapse_cleft 1204 0.0048066113 0.00431496747 0.00917184515 0 0 0
nt@synapse_cleft 1205 -0.0316193139 -0.0176052376 0.0162412381 0 0 0
nt@synapse_cleft 1206 -0.0333791033 -0.00275449351 0.0123306621 0 0 0
nt@synapse_cleft 1218 -0.00922156102 0.0255134356 0.0162915844 0 0 0
nt@synapse_cleft 1219 0.00175667885 0.00981590374 0.0139539612 0 0 0
nt@synapse_cleft 1237 -0.0184337202 -0.0328253189 0.00864366488 0 0 0
nt@synapse_cleft 1238 -0.0615367822 -0.0278533829 0.0193211227 0 0 0
nt@synapse_cleft 1243 -0.0171681946 -0.00069838799 0.00769064511 0 0 0
nt@synapse_cleft 1248 0.00473059682 0.0455441573 0.0131259739 0 0 0
nt@synapse_cleft 1251 -0.0314576232 0.011250844 0.0174791191 0 0 0
nt@synapse_cleft 1252 -0.0353783573 0.00179523815 0.00386614026 0 0 0
nt@synapse_cleft 1254 -0.0240858184 0.0244789343 0.00882062776 0 0 0
nt@synapse_cleft 1270 0.0407542385 0.00683885167 0.00754707265 0 0 0
nt@synapse_cleft 1275 -0.0156876084 0.010819488 0.00808167918 0 0 0
nt@synapse_cleft 1289 0.0418490614 -0.0103441631 0.00188457709 0 0 0
nt@synapse_cleft 1298 -0.00471782365 -0.0173180139 0.00348075555 0 0 0
nt@synapse_cleft 1302 -0.00907900556 0.0309199779 0.00297799202 0 0 0
nt@synapse_cleft 1311 0.0140613827 -0.0113226199 0.0127127623 0 0 0
nt@synapse_cleft 1316 -0.0292286982 -0.0329891722 0.0119250129 0 0 0
nt@synapse_cleft 1326 0.0227998759 0.0136366996 0.00515523185 0 0 0
nt@synapse_cleft 1328 0.0138228955 0.00491236968 0.0100340925 0 0 0
nt@synapse_cleft 1333 -0.0192383346 0.0290815984 0.00850806567 0 0 0
nt@synapse_cleft 1338 -0.0135501761 0.0139139914 0.0084462212 0 0 0
nt@synapse_cleft 1343 0.0128666393 0.010019713 0.0180361111 0 0 0
nt@synapse_cleft 1347 -0.0418599312 -0.0166389902 0.0157758093 0 0 0
nt@synapse_cleft 1348 0.0393347371 -0.0422050098 0.0184460627 0 0 0
nt@synapse_cleft 1349 -0.0121792856 -0.0074000906 0.00959247264 0 0 0
nt@synapse_cleft 1351 0.0414408921 -0.0304832668 0.000911360233 0 0 0
nt@synapse_cleft 1359 -0.0192949076 -0.0158045162 0.0121591004 0 0 0
nt@synapse_cleft 1361 -0.00648137767 -0.0549330956 0.00227255015 0 0 0
nt@synapse_cleft 1366 0.0239052952 -0.00450000332 0.0132481901 0 0 0
nt@synapse_cleft 1368 0.0306356128 0.0116101751 0.00347837464 0 0 0
nt@synapse_cleft 1372 -0.0216116102 0.0507528845 0.00587273848 0 0 0
nt@synapse_cleft 1380 -0.0082411562 0.0112298123 0.00473630703 0 0 0
nt@synapse_cleft 1381 0.0158401593 -0.0541976839 0.0164324695 0 0 0
nt@synapse_cleft 1382 0.0181307262 0.0160064736 0.00247486307 0 0 0
nt@synapse_cleft 1384 -0.0431240246 -0.0155726318 0.00853926683 0 0 0
nt@synapse_cleft 1390 0.0407928399 -0.00406012584 0.00250822123 0 0 0
nt@synapse_cleft 1393 -0.0346873967 0.0329821781 0.00361923896 0 0 0
nt@synapse_cleft 1394 0.0196871499 0.0217688035 0.0151738319 0 0 0
nt@synapse_cleft 1397 0.0300841552 0.0244829944 0.0134373403 0 0 0
nt@synapse_cleft 1400 -0.0309041144 0.0132360827 0.00849643315 0 0 0
nt@synapse_cleft 1403 0.00616391123 -0.0015907709 0.0157581314 0 0 0
nt@synapse_cleft 1406 0.0570173584 -0.0284253288 0.00613340849 0 0 0
nt@synapse_cleft 1408 -0.0164438262 -0.0142196963 0.0114644829 0 0 0
nt@synapse_cleft 1411 0.0079865876 0.0104238334 0.0186708141 0 0 0
nt@synapse_cleft 1416 -0.00937685375 0.0244757048 0.00394283414 0 0 0
nt@synapse_cleft 1419 0.00416489504 -0.0215192278 0.00899184384 0 0 0
nt@synapse_cleft 1425 0.00249902088 -0.0404821963 0.0122852918 0 0 0
nt@synapse_cleft 1427 -0.0303375997 -0.00896814921 0.0178124984 0 0 0
nt@synapse_cleft 1434 0.0129871897 0.0184567971 0.0143938082 0 0 0
nt@synapse_cleft 1438 -0.0120363908 -0.0277792272 0.00471361488 0 0 0
nt@synapse_cleft 1440 0.00565476668 0.0226969061 0.0033450074 0 0 0
nt@synapse_cleft 1441 -0.0306841202 0.013587773 0.00030984165 0 0 0
nt@synapse_cleft 1442 -0.000645765823 0.0316768875 0.019016957 0 0 0
nt@synapse_cleft 1444 -0.0241500551 -0.00656706165 0.00839750801 0 0 0
nt@synapse_cleft 1446 -0.0172537076 -0.0299168668 0.00301138628 0 0 0
nt@synapse_cleft 1449 -0.0324874989 -0.00139567309 0.00243203644 0 0 0
nt@synapse_cleft 1452 -0.0277884886 -0.0273251603 0.00107237385 0 0 0
nt@synapse_cleft 1454 -0.0177384565 0.00471899207 0.0103908416 0 0 0
nt@synapse_cleft 1455 -0.0261667285 0.0132821735 0.0186025245 0 0 0
nt@synapse_cleft 1464 -0.0524068325 0.0139391271 0.0129201681 0 0 0
nt@synapse_cleft 1470 -0.0654711864 -0.0298912636 0.0172173876 0 0 0
nt@synapse_cleft 1472 -0.0447311948 -0.00915409265 0.00854218411 0 0 0
nt@synapse_cleft 1473 0.00598196687 -0.00865489117 0.0135822519 0 0 0
nt@synapse_cleft 1479 -0.0124496652 0.0278255565 0.0182034779 0 0 0
nt@synapse_cleft 1481 0.0200819067 0.00360759605 0.0195985918 0 0 0
nt@synapse_cleft 1484 -0.00710116301 0.0127597502 0.0142192127 0 0 0
nt@synapse_cleft 1485 -0.0173067443 -0.00215599565 0.0114269219 0 0 0
nt@synapse_cleft 1487 -0.0178370229 -0.0361196167 0.000297264528 0 0 0
nt@synapse_cleft 1488 0.0268089201 -0.00259089353 0.00216442191 0 0 0
nt@synapse_cleft 1494 0.00371032468 0.0154306469 0.0187637043 0 0 0
nt@synapse_cleft 1496 -0.000102128285 0.0261808787 0.0199827915 0 0 0
nt@synapse_cleft 1506 0.0273300872 0.00223869482 0.011692464 0 0 0
nt@synapse_cleft 1507 0.00892249066 0.00324395754 0.00578392017 0 0 0
nt@synapse_cleft 1508 0.0229140145 0.0111001697 0.00909587727 0 0 0
nt@synapse_cleft 1512 0.00346179261 -0.00700322921 0.00621821991 0 0 0
nt@synapse_cleft 1519 -0.00367121851 -0.00608927124 0.0145300388 0 0 0
nt@synapse_cleft 1527 -0.010920128 0.0428480114 0.00766356189 0 0 0
nt@synapse_cleft 1528 -0.0393367496 -0.00291270835 0.0124220936 0 0 0
nt@synapse_cleft 1531 -0.00182976213 0.0250800588 0.0131364713 0 0 0
nt@synapse_cleft 1538 0.00660452178 0.01909128 0.0194308346 0 0 0
nt@synapse_cleft 1542 -0.0113551312 0.0252333216 0.0104506815 0 0 0
nt@synapse_cleft 1545 0.00387155231 0.001472979 0.0132868985 0 0 0
nt@synapse_cleft 1548 -0.0316311368 -0.0269545882 0.00823780815 0 0 0
nt@synapse_cleft 1553 0.0584159686 0.0142454497 0.000957764345 0 0 0
nt@synapse_cleft 1554 0.0190495763 0.00869511522 0.00107209102 0 0 0
nt@synapse_cleft 1561 -0.00187045722 -0.0532821846 0.00571195466 0 0 0
nt@synapse_cleft 1565 -0.00781217903 -0.00229245501 0.0156613291 0 0 0
nt@synapse_cleft 1571 -0.0132419492 -0.00210222981 0.0122077125 0 0 0
nt@synapse_cleft 1573 0.0150500224 0.0288460888 0.00319880979 0 0 0
nt@synapse_cleft 1588 0.00443065871 -0.0175611987 0.019017144 0 0 0
nt@synapse_cleft 1592 0.00511988124 -0.0200879847 0.00225691202 0 0 0
nt@synapse_cleft 1597 0.00612244444 0.0337910022 0.00590970311 0 0 0
nt@synapse_cleft 1600 0.0212089221 -0.028440334 0.00343329578 0 0 0
nt@synapse_cleft 1605 0.018683614 0.000503942058 0.011960463 0 0 0
nt@synapse_cleft 1606 -0.0371906279 0.00729673018 0.00650141225 0 0 0
nt@synapse_cleft 1611 -0.00466562781 -0.0273454712 0.00255214355 0 0 0
nt@synapse_cleft 1612 -0.0162769679 -0.0150298753 0.00798171891 0 0 0
nt@synapse_cleft 1617 0.014265664 -0.0277538714 0.00635859657 0 0 0
nt@synapse_cleft 1619 0.014920439 -0.00312851674 0.0179218703 0 0 0
nt@synapse_cleft 1628 0.0161267617 0.0383119466 0.0113467475 0 0 0
nt@synapse_cleft 1635 0.0173920664 -0.0107982193 0.00528684208 0 0 0
nt@synapse_cleft 1641 0.0321897365 0.0153451729 0.0132991785 0 0 0
nt@synapse_cleft 1642 0.0261080748 -0.0264823733 0.0119286607 0 0 0
nt@synapse_cleft 1655 0.00256877527 0.0178852065 0.00174862246 0 0 0
nt@synapse_cleft 1658 0.0191207074 0.040572549 0.0130455226 0 0 0
nt@synapse_cleft 1660 0.0173915785 0.01897252 0.00856445803 0 0 0
nt@synapse_cleft 1675 -0.0267261301 -0.00980566011 0.016058676 0 0 0
nt@synapse_cleft 1678 0.00548209015 -0.016250943 0.00442489263 0 0 0
nt@synapse_cleft 1681 -0.0211508843 0.00231471583 0.00433457346 0 0 0
nt@synapse_cleft 1684 0.00426793608 -0.0350477589 0.00489159205 0 0 0
nt@synapse_cleft 1686 -0.00433400783 0.0118565211 0.0166008259 0 0 0
nt@synapse_cleft 1687 -0.0343896562 -0.0271771968 0.00132586159 0 0 0
nt@synapse_cleft 1689 0.0110525572 0.0137293379 0.00623503187 0 0 0
nt@synapse_cleft 1692 -0.0175324538 0.0184981259 0.0117738432 0 0 0
nt@synapse_cleft 1695 0.0159221317 -0.0133790946 0.00585899326 0 0 0
nt@synapse_cleft 1701 -0.000472434992 0.0116802708 0.0151241224 0 0 0
nt@synapse_cleft 1707 -0.0250479809 -0.00804686259 0.0113691647 0 0 0
nt@synapse_cleft 1708 -0.0391873908 0.0121407591 0.00209898197 0 0 0
nt@synapse_cleft 1715 0.00586591877 0.00309415693 0.0198605575 0 0 0
nt@synapse_cleft 1721 0.000227207719 -0.0310434922 0.011333044 0 0 0
nt@synapse_cleft 1725 0.0320707992 -0.00371470936 0.00414169596 0 0 0
nt@synapse_cleft 1729 0.0102933442 -0.0117342545 0.0106726012 0 0 0
nt@synapse_cleft 1736 0.0259479166 0.0104709023 0.0118765699 0 0 0
nt@synapse_cleft 1741 0.00445219181 -0.0211538282 0.0144976103 0 0 0
nt@synapse_cleft 1742 0.0126736696 -0.0470967162 0.00775523143 0 0 0
nt@synapse_cleft 1743 0.0396726984 0.0359100313 0.0157506316 0 0 0
nt@synapse_cleft 1745 -0.0397899645 0.0272670596 0.000641091089 0 0 0
nt@synapse_cleft 1746 0.0108164724 -0.0136433379 0.0190389376 0 0 0
nt@synapse_cleft 1748 0.0558966743 0.0127317553 0.00843988341 0 0 0
nt@synapse_cleft 1749 0.000968307986 -0.000194679562 0.00226275262 0 0 0
nt@synapse_cleft 1751 0.0372724178 0.019798592 0.0141437054 0 0 0
nt@synapse_cleft 1759 -0.0111081125 -0.0105583546 0.0144925074 0 0 0
nt@synapse_cleft 1761 -0.0222944487 0.00882371811 0.0132704935 0 0 0
nt@synapse_cleft 1762 -0.0212421136 -0.0285717746 0.0143606342 0 0 0
nt@synapse_cleft 1768 0.00865001866 -0.0225459728 0.0145578881 0 0 0
nt@synapse_cleft 1775 -0.00720930218 -0.003688814 0.00412177649 0 0 0
nt@synapse_cleft 1778 0.0493438899 -0.0530129791 0.0146529745 0 0 0
nt@synapse_cleft 1781 -0.0177218671 0.0386087953 0.00525899205 0 0 0
nt@synapse_cleft 1793 0.0132051172 0.0349428978 0.0166771395 0 0 0
nt@synapse_cleft 1795 0.0271821954 -0.0111465081 0.0171294082 0 0 0
nt@synapse_cleft 1799 -0.0284427499 0.00287089023 0.00762149511 0 0 0
nt@synapse_cleft 1804 0.012110454 0.00734384207 0.0154742543 0 0 0
nt@synapse_cleft 1805 -0.0124578296 0.000752161158 0.019754635 0 0 0
nt@synapse_cleft 1806 -0.0107740038 0.00890808756 0.0115340963 0 0 0
nt@synapse_cleft 1810 -0.0529675742 -0.045284723 0.0179689609 0 0 0
nt@synapse_cleft 1811 0.000406366278 0.00927598424 0.00692741998 0 0 0
nt@synapse_cleft 1812 -0.00177598205 0.0531431438 0.0155505581 0 0 0
nt@synapse_cleft 1815 -0.00462990818 0.0119604842 0.0097036457 0 0 0
nt@synapse_cleft 1824 0.0167296997 -0.000628186776 0.00123536349 0 0 0
nt@synapse_cleft 1826 0.0263777466 -0.0168230588 0.0184826577 0 0 0
nt@synapse_cleft 1829 0.0440115424 -0.020291298 0.0129770493 0 0 0
nt@synapse_cleft 1830 -0.0360045884 -0.0160109081 0.0111388769 0 0 0
nt@synapse_cleft 1837 -0.0348927011 -0.0107856172 0.0127816824 0 0 0
nt@synapse_cleft 1838 -0.0105576925 -0.0350809902 0.00874237851 0 0 0
nt@synapse_cleft 1843 0.036229058 -0.00689848589 0.006770303 0 0 0
nt@synapse_cleft 1846 -0.0216696048 0.00510280349 0.00997312448 0 0 0
nt@synapse_cleft 1849 0.0432984818 0.00509110709 0.00746465835 0 0 0
nt@synapse_cleft 1853 0.065073761 -0.0188204888 0.00777969925 0 0 0
nt@synapse_cleft 1854 0.00467711942 -0.012457664 0.00801622639 0 0 0
nt@synapse_cleft 1855 -0.0238619012 0.011272222 0.00804184922 0 0 0
nt@synapse_cleft 1856 0.019181764 -0.0149398914 0.00999552418 0 0 0
nt@synapse_cleft 1864 -0.00377244802 -0.019887302 0.0114646761 0 0 0
nt@synapse_cleft 1868 -0.0207833225 0.000580236416 0.0120793997 0 0 0
nt@synapse_cleft 1872 0.00102509244 -0.00796267336 0.0143050173 0 0 0
nt@synapse_cleft 1873 -0.0598739571 -0.00150212436 0.00206555317 0 0 0
nt@synapse_cleft 1875 -0.0285342291 0.0147115347 0.00447134515 0 0 0
nt@synapse_cleft 1877 0.00120535483 0.0252294986 0.0176706385 0 0 0
nt@synapse_cleft 1879 0.0584387321 -0.0554051368 0.0147524907 0 0 0
nt@synapse_cleft 1880 -0.021388814 -0.0229030143 0.0068602323 0 0 0
nt@synapse_cleft 1883 0.0103579837 0.0192862936 0.0182967898 0 0 0
nt@synapse_cleft 1885 -0.0074901608 0.00176049347 0.00806851752 0 0 0
nt@synapse_cleft 1887 -0.0056766545 0.0314111946 0.000965939093 0 0 0
nt@synapse_cleft 1892 -0.00195919638 0.00879025443 0.00506436965 0 0 0
nt@synapse_cleft 1894 -0.00874631102 0.0145409888 0.0156766695 0 0 0
nt@synapse_cleft 1896 0.0277610627 -0.00706790607 0.00726305339 0 0 0
nt@synapse_cleft 1900 -0.00875836389 -0.0135963411 0.00115624709 0 0 0
nt@synapse_cleft 1904 -0.0350182814 0.0413932976 0.0085107012 0 0 0
nt@synapse_cleft 1914 0.00655499427 0.0133398357 0.000830704823 0 0 0
nt@synapse_cleft 1918 -0.0136607757 0.0567248734 0.0124813907 0 0 0
nt@synapse_cleft 1921 -0.000248214992 -0.0180991063 0.010608314 0 0 0
nt@synapse_cleft 1923 -0.0132838305 0.0246212807 0.0165282513 0 0 0
nt@synapse_cleft 1925 0.00311477492 0.0261380534 0.0134815087 0 0 0
nt@synapse_cleft 1926 0.0129818431 -0.00901481752 0.0176063664 0 0 0
nt@synapse_cleft 1932 0.0120610013 -0.0132309711 0.0165506172 0 0 0
nt@synapse_cleft 1942 0.0262467573 -0.0277995003 0.00158257916 0 0 0
nt@synapse_cleft 1944 0.000997971422 0.0169114925 0.0127652404 0 0 0
nt@synapse_cleft 1946 -0.01950908 -0.00568672509 0.00231923508 0 0 0
nt@synapse_cleft 1953 -0.0256155667 -0.0159708677 0.00631623784 0 0 0
nt@synapse_cleft 1961 0.0336984133 0.0184413836 0.00815741083 0 0 0
nt@synapse_cleft 1964 -0.00881830362 -0.00463357519 0.00731839165 0 0 0
nt@synapse_cleft 1967 0.0221027126 -0.0289349263 0.0108898704 0 0 0
nt@synapse_cleft 1970 -0.018410385 -0.0383502163 0.0091194147 0 0 0
nt@synapse_cleft 1973 0.028748736 0.0345516564 0.0124693345 0 0 0
nt@synapse_cleft 1976 -0.0313952653 -0.0157895268 0.00361035909 0 0 0
nt@synapse_cleft 1980 -0.0171880166 -0.0238414319 0.00287071354 0 0 0
nt@synapse_cleft 1984 -0.0521152225 -0.0147743401 0.00195602904 0 0 0
nt@synapse_cleft 1989 -0.0197501941 0.0105837821 0.0133875682 0 0 0
nt@synapse_cleft 1990 0.0228570298 0.0246827469 0.00342820849 0 0 0
nt@synapse_cleft 1993 0.000377558721 -0.018261429 0.0185814235 0 0 0
nt@synapse_cleft 1997 0.00548640045 0.016103668 0.0117750011 0 0 0
nt@synapse_cleft 2004 -0.0168928243 0.00758926563 0.0186334404 0 0 0
nt@synapse_cleft 2007 0.00592409591 0.010157061 0.0184804823 0 0 0
nt@synapse_cleft 2008 0.0254671982 0.00814567947 0.0101903538 0 0 0
nt@synapse_cleft 2013 -0.0146529175 -0.00428360862 0.00525224085 0 0 0
nt@synapse_cleft 2014 0.0193888831 0.0142244471 0.0151961538 0 0 0
nt@synapse_cleft 2019 0.0181512609 -0.00869809359 0.0177226405 0 0 0
nt@synapse_cleft 2026 0.0577117454 0.00110919722 0.00933695319 0 0 0
nt@synapse_cleft 2027 -0.00772742965 -0.023818713 0.00386142992 0 0 0
nt@synapse_cleft 2032 -0.0248235219 -0.00752439744 0.0150712676 0 0 0
nt@synapse_cleft 2035 0.0536658665 0.0161136874 0.00112420786 0 0 0
nt@synapse_cleft 2036 0.0497229692 -0.0322933768 0.0136393103 0 0 0
nt@synapse_cleft 2039 0.0333866974 0.0124416827 0.019337943 0 0 0
nt@synapse_cleft 2041 0.0339573412 -0.00267179475 0.0110751163 0 0 0
nt@synapse_cleft 2044 0.0148416482 -0.0218317259 0.00964490851 0 0 0
nt@synapse_cleft 2052 0.00141863808 -0.0164656815 0.0172183623 0 0 0
nt@synapse_cleft 2058 -0.00645432046 -0.0341092581 0.0112698913 0 0 0
nt@synapse_cleft 2061 0.0169089079 -0.00180555783 0.00404501911 0 0 0
nt@synapse_cleft 2064 0.0224415241 0.0259643892 0.00306959691 0 0 0
nt@synapse_cleft 2091 -0.01558896 0.0227306983 0.0132136448 0 0 0
nt@synapse_cleft 2092 0.0170311494 0.0297905554 0.00536513391 0 0 0
nt@synapse_cleft 2094 -0.0111394051 -0.00206487516 0.0154109491 0 0 0
nt@synapse_cleft 2096 -0.0123813227 -0.00654098684 0.000524599159 0 0 0
nt@synapse_cleft 2101 -0.0100748865 -0.0151370662 0.00456357392 0 0 0
nt@synapse_cleft 2104 0.0211216423 0.00455036744 0.0057581703 0 0 0
nt@synapse_cleft 2112 -0.015812857 -0.0254092422 0.00453900486 0 0 0
nt@synapse_cleft 2115 -0.0251402078 0.00584583463 0.0142639535 0 0 0
nt@synapse_cleft 2124 0.00124531512 0.0425089968 0.00796521376 0 0 0
nt@synapse_cleft 2127 0.0155398996 0.0104159026 0.00554567035 0 0 0
nt@synapse_cleft 2133 0.011076408 -0.00686731282 0.00749743996 0 0 0
nt@synapse_cleft 2137 -0.0344930867 0.0532098473 0.0053232876 0 0 0
nt@synapse_cleft 2148 0.0289719332 -0.0546304082 0.00553670068 0 0 0
nt@synapse_cleft 2156 0.0342036323 -0.027442817 0.0166866654 0 0 0
nt@synapse_cleft 2162 -0.0135100433 0.017515363 0.0144094845 0 0 0
nt@synapse_cleft 2163 0.0170504908 1.52283843e-05 0.0193946169 0 0 0
nt@synapse_cleft 2170 0.0172183088 0.00228326709 0.015519823 0 0 0
nt@synapse_cleft 2177 -0.010684178 -0.0346215873 0.00316614638 0 0 0
nt@synapse_cleft 2185 -0.0116507172 -0.0118754705 0.00888555466 0 0 0
nt@synapse_cleft 2187 -0.0134156232 0.00422136858 0.00687348107 0 0 0
nt@synapse_cleft 2188 -0.00328374502 0.0396964241 0.00621206458 0 0 0
nt@synapse_cleft 2199 0.00342626134 -0.0231680915 0.00151830727 0 0 0
nt@synapse_cleft 2204 -0.0352000859 0.00196163015 0.0193227135 0 0 0
nt@synapse_cleft 2206 -0.016697077 -0.0129909014 0.0136657004 0 0 0
nt@synapse_cleft 2207 0.0313887058 0.00894761634 0.0146778424 0 0 0
nt@synapse_cleft 2217 0.0201245189 -0.0393423635 0.0051235105 0 0 0
nt@synapse_cleft 2218 0.0128064994 0.0127101726 0.0185852509 0 0 0
nt@synapse_cleft 2223 -0.0210804285 0.0177204468 0.00268959935 0 0 0
nt@synapse_cleft 2228 -0.00825033683 0.0103321156 0.00773779405 0 0 0
nt@synapse_cleft 2235 -0.00688330396 -0.0156224615 0.0118562883 0 0 0
nt@synapse_cleft 2236 0.0025132793 0.0180142134 0.0146749079 0 0 0
nt@synapse_cleft 2248 -0.0301345422 -0.00194211484 0.0034944188 0 0 0
nt@synapse_cleft 2251 -0.00377685947 9.52439042e-05 0.0151832178 0 0 0
nt@synapse_cleft 2254 -0.00786660643 -0.0198510445 0.0182727632 0 0 0
nt@synapse_cleft 2257 -0.00114169415 -0.00461555217 0.00120326177 0 0 0
nt@synapse_cleft 2262 -0.0042961259 0.0346335222 0.0147503334 0 0 0
nt@synapse_cleft 2265 0.0325650173 0.0239812013 0.000893312696 0 0 0
nt@synapse_cleft 2269 -0.0337601492 0.0208695219 0.00668643532 0 0 0
nt@synapse_cleft 2271 -0.0612629176 0.0217993506 0.00371911446 0 0 0
nt@synapse_cleft 2274 -0.0135438563 0.0416566835 0.00400928658 0 0 0
nt@synapse_cleft 2278 0.0239714878 0.0337443182 0.00736781721 0 0 0
nt@synapse_cleft 2279 -0.00985825243 0.0120974679 0.0097219713 0 0 0
nt@synapse_cleft 2283 0.0328768504 -0.0254500312 0.00860525103 0 0 0
nt@synapse_cleft 2284 0.0277543372 -0.00203171429 0.0129682776 0 0 0
nt@synapse_cleft 2285 -0.0201010679 -0.0127422531 0.0166997284 0 0 0
nt@synapse_cleft 2289 0.00922192788 -0.00388258437 0.00287439839 0 0 0
nt@synapse_cleft 2292 -0.0095668564 0.00172670033 0.0159992647 0 0 0
nt@synapse_cleft 2298 -0.038285503 -0.0243293525 0.013295859 0 0 0
nt@synapse_cleft 2306 0.000554413749 -0.0491476595 0.0116597475 0 0 0
nt@synapse_cleft 2308 -0.0360552124 0.0121018079 0.00269298697 0 0 0
nt@synapse_cleft 2309 -0.00473762666 -0.00513283589 0.0115243462 0 0 0
nt@synapse_cleft 2314 -0.00594805274 -0.0288516511 0.0101769459 0 0 0
nt@synapse_cleft 2317 0.0344519233 0.00520275437 0.00563787317 0 0 0
nt@synapse_cleft 2320 0.0233392058 -0.0285226414 0.00241325616 0 0 0
nt@synapse_cleft 2321 0.0472453096 0.00643652285 0.00212991185 0 0 0
nt@synapse_cleft 2326 0.0224415754 0.0229667533 0.00283652687 0 0 0
nt@synapse_cleft 2327 -0.0320221023 -0.0370739099 0.0145470245 0 0 0
nt@synapse_cleft 2330 -0.0369637723 0.0134752011 0.0110188517 0 0 0
nt@synapse_cleft 2332 -0.0202807151 -0.00475565049 0.0171160399 0 0 0
nt@synapse_cleft 2343 0.00268142123 0.00212395691 0.00675414976 0 0 0
nt@synapse_cleft 2349 0.0361560138 -0.00165889942 0.0102003636 0 0 0
nt@synapse_cleft 2367 -0.0209762495 -0.0392431169 0.0107239995 0 0 0
nt@synapse_cleft 2369 -0.0125653972 -0.00212954734 0.0081552519 0 0 0
nt@synapse_cleft 2383 0.0178792427 -0.0382033408 0.0167103691 0 0 0
nt@synapse_cleft 2386 -0.0124007216 -0.0170304275 0.00566211503 0 0 0
nt@synapse_cleft 2389 -0.0022094759 -0.0249578831 0.00448933486 0 0 0
nt@synapse_cleft 2397 0.00923686847 -0.0535979385 0.017513201 0 0 0
nt@synapse_cleft 2400 -0.025634457 -0.0423201916 0.0126052972 0 0 0
nt@synapse_cleft 2410 0.021005741 0.00512459436 0.0173139298 0 0 0
nt@synapse_cleft 2411 0.016343387 -0.0467912983 0.00109679178 0 0 0
nt@synapse_cleft 2412 -0.00448715048 0.016090901 0.0138097099 0 0 0
nt@synapse_cleft 2417 -0.0164177085 0.0108367526 0.0145791657 0 0 0
nt@synapse_cleft 2421 -0.00626389428 0.0243293285 0.00634908715 0 0 0
nt@synapse_cleft 2423 0.0159252652 -0.0410958373 0.00103509503 0 0 0
nt@synapse_cleft 2437 0.0296761641 0.0138098361 0.0115518794 0 0 0
nt@synapse_cleft 2438 0.00435470752 -0.041895984 0.00536969813 0 0 0
nt@synapse_cleft 2440 -0.0303730695 -0.0250506248 0.0132556821 0 0 0
nt@synapse_cleft 2448 0.00611074453 -0.000144959911 0.0113903269 0 0 0
nt@synapse_cleft 2456 -0.0231398592 -0.00732485174 0.0129915602 0 0 0
nt@synapse_cleft 2459 -0.00260935083 0.0467943702 0.00200693047 0 0 0
nt@synapse_cleft 2462 -0.0125868253 0.0468202449 0.00505512198 0 0 0
nt@synapse_cleft 2468 -0.0549046955 -0.0170400764 0.0157974607 0 0 0
nt@synapse_cleft 2472 0.0501780405 -0.0509146604 0.0189704457 0 0 0
nt@synapse_cleft 2480 -0.00994495165 -0.0202626778 0.00457440059 0 0 0
nt@synapse_cleft 2481 -0.0239369746 -0.010798283 0.00477272128 0 0 0
nt@synapse_cleft 2483 0.0354924327 0.0239012856 0.0185980754 0 0 0
nt@synapse_cleft 2491 0.00799340886 0.0051135842 0.0178010898 0 0 0
nt@synapse_cleft 2493 0.0211097112 -0.0456985596 0.000396008991 0 0 0
nt@synapse_cleft 2498 0.0158582915 -0.0182042656 0.000790297251 0 0 0
nt@synapse_cleft 2501 0.00288420554 0.00833578361 0.00262167752 0 0 0
nt@synapse_cleft 2502 0.0150394685 -0.0350680212 0.0169207375 0 0 0
nt@synapse_cleft 2509 -0.00505700856 -0.0215920058 0.0185762078 0 0 0
nt@synapse_cleft 2510 -0.000887988196 0.00319612239 0.0110625165 0 0 0
nt@synapse_cleft 2513 0.00122700188 0.00448033408 0.00883124704 0 0 0
nt@synapse_cleft 2517 0.00191042817 -0.00604503912 0.0196815133 0 0 0
nt@synapse_cleft 2520 0.0231117225 0.0196218684 0.0122396985 0 0 0
nt@synapse_cleft 2521 0.00662469799 0.0181780879 0.00790181173 0 0 0
nt@synapse_cleft 2525 0.0288325922 0.0161097342 0.00601769312 0 0 0
nt@synapse_cleft 2528 -0.00951680896 8.29554609e-05 0.0146746176 0 0 0
nt@synapse_cleft 2539 -0.00794274414 0.0148724965 0.0146064334 0 0 0
nt@synapse_cleft 2542 0.0172515872 -0.0248994274 0.0116920663 0 0 0
nt@synapse_cleft 2549 -0.00854714579 0.0681334511 0.0135407795 0 0 0
nt@synapse_cleft 2550 0.0370716752 -0.0151037514 0.00977570376 0 0 0
nt@synapse_cleft 2555 0.0558414275 -0.0227421567 0.000213442854 0 0 0
nt@synapse_cleft 2560 -0.0318328161 0.017720158 0.00108990847 0 0 0
nt@synapse_cleft 2561 0.0209385397 0.050436041 0.00475931134 0 0 0
nt@synapse_cleft 2563 0.00659396249 0.0168098681 0.0115954629 0 0 0
nt@synapse_cleft 2564 -0.0204552953 0.043280305 0.00541247812 0 0 0
nt@synapse_cleft 2566 -0.00343319027 -0.0012232839 0.00466483377 0 0 0
nt@synapse_cleft 2570 0.0151830001 0.00453181339 0.00840562205 0 0 0
nt@synapse_cleft 2571 0.015749901 -0.0417330735 0.00592495149 0 0 0
nt@synapse_cleft 2577 0.00745194595 0.0261520153 0.0156455928 0 0 0
nt@synapse_cleft 2586 0.0428786205 -0.00992181791 0.0146133066 0 0 0
nt@synapse_cleft 2591 -0.00365512168 -0.00670006523 0.00208230398 0 0 0
nt@synapse_cleft 2597 -0.01976372 0.00361765893 0.0102915801 0 0 0
nt@synapse_cleft 2600 0.0112578384 0.0494196226 0.0105339771 0 0 0
nt@synapse_cleft 2603 0.0144094556 -0.0168964497 0.0169568789 0 0 0
nt@synapse_cleft 2604 0.0304913823 -0.00830938191 0.0111494972 0 0 0
nt@synapse_cleft 2610 0.00276013918 -0.0357373289 0.00339493629 0 0 0
nt@synapse_cleft 2613 -0.038103158 -0.025927669 0.0188840025 0 0 0
nt@synapse_cleft 2615 -0.00544469718 -0.069975055 0.00840998989 0 0 0
nt@synapse_cleft 2617 -0.0132918587 0.0198758239 0.0143289462 0 0 0
nt@synapse_cleft 2623 -0.0171435243 -0.0226921231 0.00042250515 0 0 0
nt@synapse_cleft 2625 -0.0519568875 -0.0226977688 0.000256298732 0 0 0
nt@synapse_cleft 2628 0.0331290761 -0.0266665822 0.0164211057 0 0 0
nt@synapse_cleft 2631 -0.00363336665 0.0272614475 0.0146083775 0 0 0
nt@synapse_cleft 2639 0.0139838637 -0.00738002675 0.0082317656 0 0 0
nt@synapse_cleft 2641 -0.0277922209 -0.0216970506 0.00250295184 0 0 0
nt@synapse_cleft 2645 0.0112684038 0.0253486782 0.000613929846 0 0 0
nt@synapse_cleft 2650 0.0321523913 -0.00849191427 0.00349062651 0 0 0
nt@synapse_cleft 2652 -0.0123767859 0.00371240357 0.00865734505 0 0 0
nt@synapse_cleft 2660 -0.0128623766 -0.0246472001 0.0193332379 0 0 0
nt@synapse_cleft 2670 -0.0321580397 -0.00743162481 0.0056423497 0 0 0
nt@synapse_cleft 2674 -0.0167540171 0.0061414262 0.00587182832 0 0 0
nt@synapse_cleft 2675 -0.0139198737 0.00611502282 0.0131409082 0 0 0
nt@synapse_cleft 2680 -0.0560036686 -0.0282160253 0.00660139214 0 0 0
nt@synapse_cleft 2681 -0.0303132405 -0.0206175872 0.018656301 0 0 0
nt@synapse_cleft 2688 -0.052009602 0.0568370612 0.0148469083 0 0 0
nt@synapse_cleft 2702 -0.00105531636 -0.012365142 0.000607999097 0 0 0
nt@synapse_cleft 2708 -0.0411841371 -0.00107695335 0.00269456252 0 0 0
nt@synapse_cleft 2709 0.00320833672 0.00437492116 0.0179579241 0 0 0
nt@synapse_cleft 2710 -0.00722032756 -0.0229108204 0.0083392175 0 0 0
nt@synapse_cleft 2713 -0.000695875771 -0.0258743388 0.0141987061 0 0 0
nt@synapse_cleft 2714 0.0432427015 0.0229392662 0.00886828848 0 0 0
nt@synapse_cleft 2720 0.0132012981 0.0174720596 0.0086448301 0 0 0
nt@synapse_cleft 2724 0.00884359934 -0.0134433144 0.0126487348 0 0 0
nt@synapse_cleft 2729 0.0272337406 -0.0113055567 0.0172301625 0 0 0
nt@synapse_cleft 2734 0.0333964051 0.00253580819 0.0143076353 0 0 0
nt@synapse_cleft 2739 0.0308588007 -0.013431059 0.0104445252 0 0 0
nt@synapse_cleft 2743 -0.00237404215 -0.0316162029 0.0169189207 0 0 0
nt@synapse_cleft 2750 0.0393069305 -0.0332530168 0.0142625751 0 0 0
nt@synapse_cleft 2752 -0.0157915387 -0.0139294659 0.0151771391 0 0 0
nt@synapse_cleft 2756 0.0325148231 -0.0171330872 0.00806389958 0 0 0
nt@synapse_cleft 2758 -0.00156745866 -0.0146310743 0.0155225553 0 0 0
nt@synapse_cleft 2766 -0.0458176358 0.0299713131 0.0172502741 0 0 0
nt@synapse_cleft 2775 0.0400795386 -0.0196883709 0.0146187114 0 0 0
nt@synapse_cleft 2785 0.00468764895 0.0230744077 0.00617455366 0 0 0
nt@synapse_cleft 2798 -0.0262462819 0.0219151597 0.0126093149 0 0 0
nt@synapse_cleft 2807 -0.016588557 0.0228185443 0.00952178826 0 0 0
nt@synapse_cleft 2808 0.0134442287 0.0494323587 0.0123599919 0 0 0
nt@synapse_cleft 2815 -0.00545290988 0.00514565093 0.0194149947 0 0 0
nt@synapse_cleft 2820 0.0157260021 0.00111922004 0.0134005001 0 0 0
nt@synapse_cleft 2828 0.0199318434 -0.0510417351 0.00425365738 0 0 0
nt@synapse_cleft 2837 -0.00694591918 0.00596116915 0.0199305892 0 0 0
nt@synapse_cleft 2848 0.00878506838 0.0134504025 0.000626582231 0 0 0
nt@synapse_cleft 2854 0.0173313835 -0.00850179216 0.00434353647 0 0 0
nt@synapse_cleft 2855 -0.0224064231 -0.0263673597 0.00204473084 0 0 0
nt@synapse_cleft 2857 0.0214307224 -0.0280380451 0.0171644424 0 0 0
nt@synapse_cleft 2861 -0.0264012602 -0.00227977281 0.00359475984 0 0 0
nt@synapse_cleft 2863 -0.0284328671 0.0123839183 0.00491183544 0 0 0
nt@synapse_cleft 2868 0.00305192914 0.0150526931 0.00157232809 0 0 0
nt@synapse_cleft 2871 0.00730197913 -0.05301866 0.0183660076 0 0 0
nt@synapse_cleft 2875 0.0108067919 0.013032854 0.0198145181 0 0 0
nt@synapse_cleft 2876 -0.0189789302 0.00276367322 0.0171874966 0 0 0
nt@synapse_cleft 2880 0.0030899037 0.0145667073 0.00963719541 0 0 0
nt@synapse_cleft 2884 0.0379495885 -0.00516560603 0.0142844201 0 0 0
nt@synapse_cleft 2887 0.00172108859 -0.0231353575 0.0172338351 0 0 0
nt@synapse_cleft 2894 0.012556209 0.0101224627 0.00184417592 0 0 0
nt@synapse_cleft 2895 0.0675227661 -0.00615274686 0.0119503206 0 0 0
nt@synapse_cleft 2897 0.000385238347 -0.0371296453 0.0136334332 0 0 0
nt@synapse_cleft 2905 -0.0193798063 0.0213530283 0.0107738908 0 0 0
nt@synapse_cleft 2909 0.0370895997 -0.0127148214 0.0172218771 0 0 0
nt@synapse_cleft 2910 -0.0432651644 0.0156204836 0.0183573877 0 0 0
nt@synapse_cleft 2912 0.0150995855 -0.0133286117 0.00637434146 0 0 0
nt@synapse_cleft 2915 0.0149891973 -0.0299656792 0.015209061 0 0 0
nt@synapse_cleft 2918 -0.0118537459 -0.0614009105 0.0122240961 0 0 0
nt@synapse_cleft 2920 0.0134137779 -0.00509085849 0.0192213843 0 0 0
nt@synapse_cleft 2921 -0.000172063925 0.0468245523 0.000123447542 0 0 0
nt@synapse_cleft 2922 0.0670794937 -0.0231356584 0.0170153693 0 0 0
nt@synapse_cleft 2925 -0.011538496 0.022068267 0.0137208191 0 0 0
nt@synapse_cleft 2928 -0.00914747376 0.0580163433 0.00270043939 0 0 0
nt@synapse_cleft 2933 -0.0155626001 -0.00875878028 0.00543870507 0 0 0
nt@synapse_cleft 2935 -0.0290468666 -0.00433425474 0.0183876072 0 0 0
nt@synapse_cleft 2940 0.00626059237 -0.024224244 0.000185038018 0 0 0
nt@synapse_cleft 2945 -0.0247620711 -0.0124561296 0.0124111849 0 0 0
nt@synapse_cleft 2946 0.0128028813 -0.0117828324 0.009401274 0 0 0
nt@synapse_cleft 2961 0.0784651461 -0.0297308716 0.00323058604 0 0 0
nt@synapse_cleft 2962 0.0163588125 0.0124305288 0.00529456379 0 0 0
nt@synapse_cleft 2967 -0.018493467 -0.0493588435 0.00760324217 0 0 0
nt@synapse_cleft 2983 0.00877288001 -0.0433076198 0.00271719904 0 0 0
nt@synapse_cleft 2992 -0.0245391088 0.0211584075 0.00911437227 0 0 0
nt@synapse_cleft 2993 -0.00200097662 0.0440724907 0.00164482948 0 0 0
nt@synapse_cleft 2997 0.02461867 -0.0173837068 0.00269553939 0 0 0
nt@synapse_cleft 3006 0.0235982269 0.0277066663 0.0105721933 0 0 0
nt@synapse_cleft 3008 0.0194826025 0.0579179843 0.0116618132 0 0 0
nt@synapse_cleft 3012 0.0250151904 -0.00625492357 0.0116830777 0 0 0
nt@synapse_cleft 3019 -0.0121138779 0.00559549159 0.0102932863 0 0 0
nt@synapse_cleft 3020 -0.0195143097 -0.0170639245 0.00489239435 0 0 0
nt@synapse_cleft 3024 0.018376273 0.0178917225 0.0122180231 0 0 0
nt@synapse_cleft 3026 -0.0132131949 0.00461631985 0.0111008366 0 0 0
nt@synapse_cleft 3042 -0.00146302799 0.0112946228 0.00852594227 0 0 0
nt@synapse_cleft 3047 0.0287755303 0.0447508394 0.00313805907 0 0 0
nt@synapse_cleft 3057 0.0120015515 -0.0134188096 0.0180411192 0 0 0
nt@synapse_cleft 3061 0.00241936085 0.0315531617 0.000908699151 0 0 0
nt@synapse_cleft 3062 -0.00324041522 -0.0164052031 0.00547517079 0 0 0
nt@synapse_cleft 3069 0.0455294732 -0.036872193 0.0150204257 0 0 0
nt@synapse_cleft 3073 -0.00443278348 0.0383832701 0.00339808139 0 0 0
nt@synapse_cleft 3078 -0.0257889238 -0.0141905408 0.00672277932 0 0 0
nt@synapse_cleft 3082 0.0142655751 0.0225525334 0.0196397261 0 0 0
nt@synapse_cleft 3089 -0.00225579578 -0.0116696817 0.00574647215 0 0 0
nt@synapse_cleft 3096 -0.00427665796 0.037511838 0.00394343782 0 0 0
nt@synapse_cleft 3097 0.0389382637 0.0164792194 0.00164752569 0 0 0
nt@synapse_cleft 3099 -0.0229208719 0.0153766547 0.00168960744 0 0 0
nt@synapse_cleft 3111 -0.0117215734 -0.00980726078 0.00399314301 0 0 0
nt@synapse_cleft 3113 -0.0101779159 0.0225777065 0.0151193784 0 0 0
nt@synapse_cleft 3114 0.0233706729 0.0281826998 0.0164238626 0 0 0
nt@synapse_cleft 3122 -0.0126356829 -0.000425754987 0.00281845582 0 0 0
nt@synapse_cleft 3132 -0.0211534849 -0.00679079284 0.00202953617 0 0 0
nt@synapse_cleft 3134 0.00641658855 0.0330401129 0.0174456486 0 0 0
nt@synapse_cleft 3150 0.0283345295 -0.0730740828 0.010277657 0 0 0
nt@synapse_cleft 3155 -0.00119213591 0.0155635879 0.0180619544 0 0 0
nt@synapse_cleft 3158 -0.0139830405 -0.00617815789 0.00280425165 0 0 0
nt@synapse_cleft 3159 -0.022187221 0.0158830522 0.0142883173 0 0 0
nt@synapse_cleft 3165 0.0186571723 -0.00298637825 0.00832010825 0 0 0
nt@synapse_cleft 3167 0.00383658559 0.0232802977 0.0140244143 0 0 0
nt@synapse_cleft 3177 0.0175257183 -0.0405640714 0.00126222647 0 0 0
nt@synapse_cleft 3178 -0.00938970735 -0.0220251667 0.00213299335 0 0 0
nt@synapse_cleft 3179 0.0188829109 -0.00453066035 0.00795801074 0 0 0
nt@synapse_cleft 3181 0.00391549602 0.0232000622 0.00281031225 0 0 0
nt@synapse_cleft 3182 -0.00660228249 -0.00900168033 0.0149897519 0 0 0
nt@synapse_cleft 3183 0.000244916095 -0.0256715789 0.0174514279 0 0 0
nt@synapse_cleft 3184 0.00420560347 0.0201751183 0.00162160075 0 0 0
nt@synapse_cleft 3185 -0.00567688025 -0.0144077411 0.000351250064 0 0 0
nt@synapse_cleft 3187 -0.0257284501 0.00638086195 0.0168450147 0 0 0
nt@synapse_cleft 3190 0.0218515312 0.000756173938 0.0067510664 0 0 0
nt@synapse_cleft 3199 -0.00350486433 0.0455183145 0.0131310244 0 0 0
nt@synapse_cleft 3202 0.00437686256 0.0356375945 0.0114367905 0 0 0
nt@synapse_cleft 3207 -0.0100253998 -0.00741032103 0.00789407696 0 0 0
nt@synapse_cleft 3211 0.0208874906 0.010682594 0.00321003838 0 0 0
nt@synapse_cleft 3214 -0.00558715976 -0.00392985825 0.0101064406 0 0 0
nt@synapse_cleft 3220 0.00544011008 0.0167611872 0.00489371244 0 0 0
nt@synapse_cleft 3222 -0.0458327659 -0.0151795319 0.00729951163 0 0 0
nt@synapse_cleft 3227 0.00201736871 0.00960665382 0.00797412428 0 0 0
nt@synapse_cleft 3230 -0.0672848535 -0.0217343465 0.00539059396 0 0 0
nt@synapse_cleft 3247 0.00543801985 -0.00706664029 0.0188012403 0 0 0
nt@synapse_cleft 3248 -0.022914815 -0.0303638126 0.0191695628 0 0 0
nt@synapse_cleft 3249 -0.0155320621 0.00904864202 0.00448060505 0 0 0
nt@synapse_cleft 3275 -0.00355921028 -0.00920803202 0.009315091 0 0 0
nt@synapse_cleft 3304 0.0251723894 0.0714891356 0.0120271594 0 0 0
nt@synapse_cleft 3308 -0.0227159952 0.0349387851 0.00541938651 0 0 0
nt@synapse_cleft 3312 0.00264732683 -0.00644554183 5.01609035e-05 0 0 0
nt@synapse_cleft 3313 -0.00225401237 -0.0133788652 0.0184820711 0 0 0
nt@synapse_cleft 3316 0.0216373248 -0.000405215976 0.0106284485 0 0 0
nt@synapse_cleft 3324 -0.0124294136 -0.00432672013 0.00464436311 0 0 0
nt@synapse_cleft 3326 0.0120668517 -0.0154188969 0.00176768434 0 0 0
nt@synapse_cleft 3327 -0.00262353146 -0.034693758 0.0120260168 0 0 0
nt@synapse_cleft 3334 0.0191074818 -0.00326456223 0.00749430633 0 0 0
nt@synapse_cleft 3335 0.0386500196 0.00626119591 0.0118510189 0 0 0
nt@synapse_cleft 3338 0.0116097373 -0.033076473 0.0128357661 0 0 0
nt@synapse_cleft 3341 0.0226216263 0.0023875778 0.00426169685 0 0 0
nt@synapse_cleft 3342 0.0128860621 -0.0109272437 0.019346771 0 0 0
nt@synapse_cleft 3347 0.0195367801 -0.040782392 0.00309784465 0 0 0
nt@synapse_cleft 3354 -0.0142175555 -0.0192026483 0.00808616853 0 0 0
nt@synapse_cleft 3367 0.00624019796 0.0176087714 0.0195086773 0 0 0
nt@synapse_cleft 3372 -0.0493614351 -0.0201011884 0.0199784291 0 0 0
nt@synapse_cleft 3375 0.0442679284 0.0239675361 0.00929765242 0 0 0
nt@synapse_cleft 3378 0.0128708787 0.0398153796 0.00494518744 0 0 0
nt@synapse_cleft 3394 -0.0081290169 -0.0094548387 0.0103824234 0 0 0
nt@synapse_cleft 3401 0.0394108929 -0.00927112235 0.01881774 0 0 0
nt@synapse_cleft 3402 -0.00372052657 -0.0143378194 0.00244384212 0 0 0
nt@synapse_cleft 3404 0.0186996897 -0.0232305305 0.00316923121 0 0 0
nt@synapse_cleft 3405 0.0234027099 0.0322878219 0.0130154605 0 0 0
nt@synapse_cleft 3407 0.0129160336 0.0474422997 0.00374143891 0 0 0
nt@synapse_cleft 3413 0.0240711379 0.0180795931 0.00445344056 0 0 0
nt@synapse_cleft 3415 -0.021272821 0.0182464778 0.0131083696 0 0 0
nt@synapse_cleft 3419 -0.0241215216 0.023313894 0.00238129812 0 0 0
nt@synapse_cleft 3429 0.0374314494 -0.0196962048 0.0189469116 0 0 0
nt@synapse_cleft 3432 0.0494920102 -0.0695976528 0.000871931689 0 0 0
nt@synapse_cleft 3445 0.00909924452 0.016980424 0.0194895678 0 0 0
nt@synapse_cleft 3451 0.0179074671 0.0129348233 0.00124343197 0 0 0
nt@synapse_cleft 3455 -0.00146355305 -0.00521082495 0.00809625957 0 0 0
nt@synapse_cleft 3467 -0.0680271784 0.00774784304 0.00807968976 0 0 0
nt@synapse_cleft 3470 0.0229851289 -0.0138159058 0.017548099 0 0 0
nt@synapse_cleft 3472 -0.0222527444 0.0168702066 0.0181624992 0 0 0
nt@synapse_cleft 3474 0.0340002117 0.00248657405 0.00331410616 0 0 0
nt@synapse_cleft 3482 -0.0716068653 -0.0500957782 0.0178156016 0 0 0
nt@synapse_cleft 3484 -0.00554441832 0.0186674041 0.0149237608 0 0 0
nt@synapse_cleft 3496 0.00179473401 -0.0051165961 0.0171518845 0 0 0
nt@synapse_cleft 3500 0.0187589685 -0.0303114615 0.0196884963 0 0 0
nt@synapse_cleft 3507 -0.0143379499 -0.00664918295 0.0167177105 0 0 0
nt@synapse_cleft 3511 0.0240709433 -0.0211042863 0.00926477832 0 0 0
nt@synapse_cleft 3514 -0.00217791121 -0.0141232976 0.00970749248 0 0 0
nt@synapse_cleft 3519 0.0412646552 -0.0365342895 0.0144963469 0 0 0
nt@synapse_cleft 3525 -0.00887178625 -0.0142907437 0.00916923828 0 0 0
nt@synapse_cleft 3526 0.0164742081 -0.0463914388 0.00239176728 0 0 0
nt@synapse_cleft 3535 0.005114495 -0.00429175293 0.000862170125 0 0 0
nt@synapse_cleft 3536 -0.00538607173 0.00970201827 0.0148248478 0 0 0
nt@synapse_cleft 3538 -0.0209186372 0.0127477657 0.000857214944 0 0 0
nt@synapse_cleft 3542 0.0026987467 0.0412918179 0.00393463951 0 0 0
nt@synapse_cleft 3543 -0.0202559212 -0.0106605638 0.00267909041 0 0 0
nt@synapse_cleft 3546 0.00529616132 0.0143774221 0.00983676335 0 0 0
nt@synapse_cleft 3561 -0.0165138516 0.00958455723 0.00698455711 0 0 0
nt@synapse_cleft 3562 -0.0606440741 -0.00540902419 0.00329250934 0 0 0
nt@synapse_cleft 3563 0.0109398024 -0.00781634291 0.0193298832 0 0 0
nt@synapse_cleft 3565 0.0272807968 -0.0331886619 0.00510904552 0 0 0
nt@synapse_cleft 3566 -0.00347380435 0.0501750823 0.00124612184 0 0 0
nt@synapse_cleft 3567 0.00672054211 0.00338419975 0.0115015446 0 0 0
nt@synapse_cleft 3568 0.0281226425 -0.0355537189 0.0108330134 0 0 0
nt@synapse_cleft 3569 0.0238204877 -0.0139009835 0.00858561118 0 0 0
nt@synapse_cleft 3575 -0.0102075416 0.00562802532 0.000264047292 0 0 0
nt@synapse_cleft 3576 0.0425799087 -0.00710228852 0.0094175609 0 0 0
nt@synapse_cleft 3579 -0.00464228316 -0.0209672076 0.00650074433 0 0 0
nt@synapse_cleft 3583 -0.00870337125 0.00698116457 0.00900911321 0 0 0
nt@synapse_cleft 3592 0.0413197517 0.0331306738 0.0194326479 0 0 0
nt@synapse_cleft 3597 0.0163661947 -0.0464706664 0.0196567523 0 0 0
nt@synapse_cleft 3602 -0.0366393893 -0.00876960711 0.00975449425 0 0 0
nt@synapse_cleft 3603 -0.0102982437 0.0289961032 0.0156606459 0 0 0
nt@synapse_cleft 3606 -0.0155883071 0.00364024216 0.00643012102 0 0 0
nt@synapse_cleft 3610 0.00101005406 0.00984813166 0.00105276704 0 0 0
nt@synapse_cleft 3611 0.016971017 -0.00843231541 0.0117197258 0 0 0
nt@synapse_cleft 3616 -0.0227907232 0.0394732063 0.0148856275 0 0 0
nt@synapse_cleft 3617 0.00402256984 -0.0562620042 0.0124177005 0 0 0
nt@synapse_cleft 3620 0.0083086946 0.0218104891 0.0170700975 0 0 0
nt@synapse_cleft 3625 0.03003499 0.00432097731 0.0103594603 0 0 0
nt@synapse_cleft 3630 0.0174945608 0.0193847257 0.0134119974 0 0 0
nt@synapse_cleft 3635 -0.0139015252 0.0106070315 0.00326492235 0 0 0
nt@synapse_cleft 3636 -0.0278463964 -0.00442920156 0.0172797523 0 0 0
nt@synapse_cleft 3637 0.0355498499 0.0207893938 0.00317063127 0 0 0
nt@synapse_cleft 3640 -0.0158811811 0.00216843439 0.012816134 0 0 0
nt@synapse_cleft 3645 -0.00130932495 -0.0200646263 0.00371611361 0 0 0
nt@synapse_cleft 3656 0.023053774 -0.0108330336 0.00689784014 0 0 0
nt@synapse_cleft 3658 0.0155653537 -0.0244325733 0.0144304499 0 0 0
nt@synapse_cleft 3661 0.0294852393 0.00740194495 0.0190842946 0 0 0
nt@synapse_cleft 3664 0.044758103 -0.0261493888 0.00855176797 0 0 0
nt@synapse_cleft 3667 -0.0230388351 0.0100219697 0.00921958031 0 0 0
nt@synapse_cleft 3670 0.0241571354 -0.0263127843 0.0183926171 0 0 0
nt@synapse_cleft 3681 0.0414148239 -0.0137650365 0.0112815099 0 0 0
nt@synapse_cleft 3689 -0.00104153092 -0.0154317471 0.0196937766 0 0 0
nt@synapse_cleft 3690 0.0213846431 -0.0188868035 0.0178587774 0 0 0
nt@synapse_cleft 3693 -0.0605173345 -0.0407372218 0.0106749873 0 0 0
nt@synapse_cleft 3706 0.0311170886 -0.00418294227 0.0182165824 0 0 0
nt@synapse_cleft 3707 -0.0441940982 -0.00815633124 0.0168545736 0 0 0
nt@synapse_cleft 3713 0.0296387397 -0.0230181152 0.0109793222 0 0 0
nt@synapse_cleft 3714 -0.0599943156 -0.00977353471 0.00837191881 0 0 0
nt@synapse_cleft 3726 3.77749823e-05 -0.0625334216 0.00791891107 0 0 0
nt@synapse_cleft 3728 -0.00182120774 0.024925825 0.00324989581 0 0 0
nt@synapse_cleft 3730 0.021390716 0.0294807495 0.0187226489 0 0 0
nt@synapse_cleft 3731 -0.00320914573 0.00548046677 0.0172560627 0 0 0
nt@synapse_cleft 3737 0.00393777272 0.021302232 0.0172581065 0 0 0
nt@synapse_cleft 3738 -0.00129282172 0.0242176352 0.0148688737 0 0 0
nt@synapse_cleft 3739 0.00889777616 0.0483523149 0.00898111697 0 0 0
nt@synapse_cleft 3745 -0.00148262993 0.0147017618 0.00777467484 0 0 0
nt@synapse_cleft 3751 0.00738805436 -0.00272095275 0.0109590904 0 0 0
nt@synapse_cleft 3758 -0.0229359338 -0.0349111632 0.00277135189 0 0 0
nt@synapse_cleft 3759 -0.00524702365 -0.0235438793 0.00779636372 0 0 0
nt@synapse_cleft 3760 -0.0191002152 0.0369593335 0.00307728371 0 0 0
nt@synapse_cleft 3763 0.0498893898 0.03824557 0.00906500046 0 0 0
nt@synapse_cleft 3768 0.00929304711 -0.0263443003 0.0160212669 0 0 0
nt@synapse_cleft 3770 0.0100880152 0.00784990852 0.0190708407 0 0 0
nt@synapse_cleft 3771 0.0158690447 -0.00191341907 0.0169353902 0 0 0
nt@synapse_cleft 3775 0.00474233669 0.00234873612 0.0169879549 0 0 0
nt@synapse_cleft 3783 -0.0175252263 -0.0151593955 0.0184654043 0 0 0
nt@synapse_cleft 3788 -0.0276726941 -0.00865511964 0.00446663824 0 0 0
nt@synapse_cleft 3793 -0.0172562501 -0.0206450437 0.00272292229 0 0 0
nt@synapse_cleft 3800 0.0348406712 0.00279185925 0.0120335624 0 0 0
nt@synapse_cleft 3802 0.0291256172 0.0149004323 0.00956171437 0 0 0
nt@synapse_cleft 3811 -0.0300765892 -0.0028788112 0.0179901291 0 0 0
nt@synapse_cleft 3827 0.00505994744 0.0305819613 0.00449125043 0 0 0
nt@synapse_cleft 3831 0.00469570608 -0.0377768216 0.00212576495 0 0 0
nt@synapse_cleft 3834 0.0416731918 -0.0207497365 0.0149729749 0 0 0
nt@synapse_cleft 3835 0.0185433 -0.0377495419 0.0143485064 0 0 0
nt@synapse_cleft 3841 0.0147241064 -0.0234536953 0.0120004089 0 0 0
nt@synapse_cleft 3844 -0.00746353888 -0.0113297352 0.000584122689 0 0 0
nt@synapse_cleft 3846 -0.0228503385 0.0117500693 0.0036486544 0 0 0
nt@synapse_cleft 3848 0.0250441954 0.0188872345 0.0164110955 0 0 0
nt@synapse_cleft 3850 -0.0324684669 0.00819470771 0.0110912111 0 0 0
nt@synapse_cleft 3859 0.0497080873 0.000509453892 0.0130618985 0 0 0
nt@synapse_cleft 3879 0.0189387382 -0.0343476194 0.00117596636 0 0 0
nt@synapse_cleft 3886 0.0166374141 0.0392005412 0.0131498547 0 0 0
nt@synapse_cleft 3891 -0.000142245542 -0.0148525308 0.00924220687 0 0 0
nt@synapse_cleft 3902 -0.0101956965 0.00109562011 0.0139075747 0 0 0
nt@synapse_cleft 3907 -0.0257985656 -0.0157824465 0.000574657002 0 0 0
nt@synapse_cleft 3909 0.00772556742 0.0385169168 0.0108418841 0 0 0
nt@synapse_cleft 3917 -0.00702611848 -0.0235208909 0.00669524835 0 0 0
nt@synapse_cleft 3918 -0.00583390076 -0.0132805066 0.00742865695 0 0 0
nt@synapse_cleft 3921 0.0177485247 0.0356595871 0.0145502923 0 0 0
nt@synapse_cleft 3927 0.00916511923 0.0330983472 0.00656417966 0 0 0
nt@synapse_cleft 3932 0.0149768353 -0.0151574422 0.00815250215 0 0 0
nt@synapse_cleft 3940 -0.00178114506 -0.0268036225 0.00803950561 0 0 0
nt@synapse_cleft 3941 -0.0186111061 0.0139183969 0.0054789355 0 0 0
nt@synapse_cleft 3949 -0.0224035373 0.0040496626 0.00413556862 0 0 0
nt@synapse_cleft 3952 -0.0234662363 0.014042228 0.00761650109 0 0 0
nt@synapse_cleft 3953 0.0112852099 -0.0194883217 0.000703166205 0 0 0
nt@synapse_cleft 3956 -0.0159463109 -0.0180772048 0.0155164787 0 0 0
nt@synapse_cleft 3957 0.0364922342 -0.000407313178 0.0160960427 0 0 0
nt@synapse_cleft 3958 0.017127076 0.0110172726 0.0114828704 0 0 0
nt@synapse_cleft 3962 -0.0293597542 0.0159002265 0.0103675356 0 0 0
nt@synapse_cleft 3963 0.0164135539 0.0379379342 0.0184603053 0 0 0
nt@synapse_cleft 3965 -0.029837883 -0.0031989986 0.0137855763 0 0 0
nt@synapse_cleft 3967 0.0111829827 -0.0193414803 0.00138248312 0 0 0
nt@synapse_cleft 3968 0.0134543707 -0.0116559402 0.0192405178 0 0 0
nt@synapse_cleft 3969 0.000301732566 -0.026043918 0.00471414101 0 0 0
nt@synapse_cleft 3973 0.0207321724 -0.0104867227 0.0165355575 0 0 0
nt@synapse_cleft 3974 -0.0350489887 0.040900932 0.00442553538 0 0 0
nt@synapse_cleft 3977 0.00277326573 0.029303082 0.00362956129 0 0 0
nt@synapse_cleft 3978 0.0124937664 0.00302895896 0.0147696081 0 0 0
nt@synapse_cleft 3983 -0.0225265178 -0.0378570038 0.00577751899 0 0 0
nt@synapse_cleft 3988 -0.00500169479 -0.0250408472 0.0155091369 0 0 0
nt@synapse_cleft 3989 0.0511862222 -0.00691277352 0.0117362253 0 0 0
nt@synapse_cleft 3991 0.0747930535 -0.0285630802 0.000361363454 0 0 0
nt@synapse_cleft 3993 -0.0456738879 0.00550917061 0.016967246 0 0 0
nt@synapse_cleft 3997 -0.059064283 -0.000999390567 0.0165948687 0 0 0
nt@synapse_cleft 3999 -0.0482873 -0.00338334637 0.0159699208 0 0 0
nt@synapse_cleft 4009 -0.000310084259 -0.0226917058 0.00688533845 0 0 0
nt@synapse_cleft 4011 0.0178584806 0.00988444611 0.00354406166 0 0 0
nt@synapse_cleft 4016 0.00330987085 0.0520080502 0.00627303584 0 0 0
nt@synapse_cleft 4018 0.0118887068 0.00882231993 0.00743879159 0 0 0
nt@synapse_cleft 4024 -0.010876345 0.0406431954 0.00487367648 0 0 0
nt@synapse_cleft 4025 -0.03670437 -0.00814078276 0.00166309941 0 0 0
nt@synapse_cleft 4027 0.00666596934 -0.0222887102 0.000702045468 0 0 0
nt@synapse_cleft 4028 -0.0219600473 0.0268958463 0.0146560639 0 0 0
nt@synapse_cleft 4037 -0.0256731536 0.0263423444 0.0113336918 0 0 0
nt@synapse_cleft 4040 0.0107081394 0.0180079602 0.0171359533 0 0 0
nt@synapse_cleft 4047 -0.00798510045 0.0134195638 0.0122085225 0 0 0
nt@synapse_cleft 4049 0.0248607578 -0.000487241656 0.0177551045 0 0 0
nt@synapse_cleft 4051 0.0135267467 0.0192015987 0.0143485281 0 0 0
nt@synapse_cleft 4064 0.00840019507 0.00884520521 0.00793298724 0 0 0
nt@synapse_cleft 4070 -0.00901595319 0.0136574594 0.00806923931 0 0 0
nt@synapse_cleft 4071 -0.0343719106 -0.031843856 0.0198904898 0 0 0
nt@synapse_cleft 4087 -0.00561500309 0.0365741586 0.00867192304 0 0 0
nt@synapse_cleft 4094 0.0390179736 -0.0287849573 0.00262286457 0 0 0
nt@synapse_cleft 4095 0.0288149796 0.012088714 0.0131059856 0 0 0
nt@synapse_cleft 4099 -0.0117453655 0.0278456238 0.000733411855 0 0 0
nt@synapse_cleft 4102 0.0305991736 -0.0271759615 0.0153529704 0 0 0
nt@synapse_cleft 4103 -0.00934741592 -0.0059384233 0.00449169583 0 0 0
nt@synapse_cleft 4106 0.0206122622 0.0110442656 0.00472723253 0 0 0
nt@synapse_cleft 4110 -0.02774537 0.0245837092 0.00578695645 0 0 0
nt@synapse_cleft 4111 0.0520997421 0.0108404804 0.00158646944 0 0 0
nt@synapse_cleft 4115 -0.00375415918 0.02109423 0.0143935655 0 0 0
nt@synapse_cleft 4116 0.0150200648 -0.00181669424 0.00698923724 0 0 0
nt@synapse_cleft 4119 0.0188268541 -0.0254031367 0.0175277834 0 0 0
nt@synapse_cleft 4123 -0.00261356631 0.0164012195 0.0153059422 0 0 0
nt@synapse_cleft 4126 0.0181396931 -0.0248732977 0.0118385874 0 0 0
nt@synapse_cleft 4129 -0.0171789174 0.00503732191 0.0130808242 0 0 0
nt@synapse_cleft 4131 -0.0267768 0.0222626711 0.0153231199 0 0 0
nt@synapse_cleft 4132 0.0235884898 0.0210793881 0.0183624309 0 0 0
nt@synapse_cleft 4135 0.0047317736 -0.0149629421 5.95035137e-05 0 0 0
nt@synapse_cleft 4144 0.0179192006 -0.0116918088 0.003602096 0 0 0
nt@synapse_cleft 4150 -0.0439294726 -0.0603281461 0.00453443228 0 0 0
nt@synapse_cleft 4153 0.00504832317 -0.0142876942 0.00673679133 0 0 0
nt@synapse_cleft 4155 0.011709291 -0.0522206917 0.0190633598 0 0 0
nt@synapse_cleft 4156 0.0297908253 0.00485644668 0.0117046057 0 0 0
nt@synapse_cleft 4157 0.0183662486 0.0137041433 0.0170413227 0 0 0
nt@synapse_cleft 4158 0.00216951639 -0.000503269083 0.0151301102 0 0 0
nt@synapse_cleft 4162 0.0263560216 -0.0208513364 0.00772450482 0 0 0
nt@synapse_cleft 4163 -0.00765673464 0.0329933761 1.22256147e-05 0 0 0
nt@synapse_cleft 4170 -0.0553264697 0.00204282631 0.00829221271 0 0 0
nt@synapse_cleft 4177 -0.0436139859 0.0656166866 0.0107811687 0 0 0
nt@synapse_cleft 4178 -0.0136660936 -0.0411243785 0.0114598579 0 0 0
nt@synapse_cleft 4184 -0.000935199377 -0.0134571322 0.0058913392 0 0 0
nt@synapse_cleft 4187 -0.0286996427 -0.00891641525 0.0163676052 0 0 0
nt@synapse_cleft 4193 -0.00781558813 -0.0346067217 0.0136063774 0 0 0
nt@synapse_cleft 4196 -0.0178165785 0.0065843704 0.00180948475 0 0 0
nt@synapse_cleft 4210 0.0135884757 -0.00047070919 0.0150797585 0 0 0
nt@synapse_cleft 4214 -0.0389983769 0.00452017917 0.0170553455 0 0 0
nt@synapse_cleft 4215 0.0227484067 -0.0516612933 0.00577783564 0 0 0
nt@synapse_cleft 4220 0.00014849745 -0.0228260376 0.0189673921 0 0 0
nt@synapse_cleft 4228 0.0341603663 -0.00819063318 0.00496198186 0 0 0
nt@synapse_cleft 4229 -0.0204943886 -0.0155246859 0.01979447 0 0 0
nt@synapse_cleft 4230 -0.0185422004 0.0386878036 0.0073379917 0 0 0
nt@synapse_cleft 4233 0.0223967544 0.0178300988 0.0125451146 0 0 0
nt@synapse_cleft 4234 -0.00394520309 -0.0159102587 0.00635094368 0 0 0
nt@synapse_cleft 4236 0.00143738882 0.0155933425 0.0143206849 0 0 0
nt@synapse_cleft 4237 0.00407952581 -0.0181604927 0.013358321 0 0 0
nt@synapse_cleft 4238 -0.0181423051 -0.0217928478 0.00277919578 0 0 0
nt@synapse_cleft 4241 -0.0515660349 0.0113327229 0.00639501982 0 0 0
nt@synapse_cleft 4242 0.0179936735 -0.0137788983 0.0183352902 0 0 0
nt@synapse_cleft 4243 0.0211954661 -0.00346128736 0.0123721013 0 0 0
nt@synapse_cleft 4252 0.0449883064 -0.00883320913 0.0109005302 0 0 0
nt@synapse_cleft 4254 -0.0118366869 0.0364318668 0.00701575886 0 0 0
nt@synapse_cleft 4255 -0.0303085529 -0.0394454266 0.0198664909 0 0 0
nt@synapse_cleft 4271 0.0118651208 -0.00991978815 0.0183659641 0 0 0
nt@synapse_cleft 4272 -0.0107354266 0.0299465442 0.00978340381 0 0 0
nt@synapse_cleft 4279 0.0136144568 -0.0332603272 0.0164440667 0 0 0
nt@synapse_cleft 4283 -0.0191617209 -0.00651212164 0.00512822253 0 0 0
nt@synapse_cleft 4284 0.0419593738 -0.0180564248 0.00882440443 0 0 0
nt@synapse_cleft 4285 -0.0321390953 0.0494038739 0.00906778383 0 0 0
nt@synapse_cleft 4288 0.0191219365 -0.0244286794 0.0191907417 0 0 0
nt@synapse_cleft 4293 -0.00307962961 -0.0215756518 0.0130559028 0 0 0
nt@synapse_cleft 4297 0.0369453185 -0.018583065 0.0031679763 0 0 0
nt@synapse_cleft 4301 0.00857415959 -0.00266275715 0.00288656212 0 0 0
nt@synapse_cleft 4312 -0.0217375192 -0.0280624466 0.00952665856 0 0 0
nt@synapse_cleft 4317 -0.0121247629 0.0343781404 0.0077796598 0 0 0
nt@synapse_cleft 4326 0.0229009556 -0.00763383295 0.0152737858 0 0 0
nt@synapse_cleft 4330 -0.0213061072 0.00912617844 0.0166412806 0 0 0
nt@synapse_cleft 4334 0.00648004268 0.00274933651 0.00281688524 0 0 0
nt@synapse_cleft 4339 -0.00130150807 -0.00932768024 0.00856979515 0 0 0
nt@synapse_cleft 4343 -0.0203420621 -0.0397116612 0.0117300188 0 0 0
nt@synapse_cleft 4346 0.00020174845 -0.0083997557 0.0153117578 0 0 0
nt@synapse_cleft 4351 0.0444656486 0.0093567805 0.00671430154 0 0 0
nt@synapse_cleft 4359 0.0213553664 0.0171960641 0.0021020063 0 0 0
nt@synapse_cleft 4360 0.0211422728 0.00842767302 0.0175958471 0 0 0
nt@synapse_cleft 4363 -0.0366661974 0.0113389669 0.0115208181 0 0 0
nt@synapse_cleft 4365 0.0160780031 0.0189293312 0.00933947163 0 0 0
nt@synapse_cleft 4372 -0.00214460144 -0.0249777329 0.0062754555 0 0 0
nt@synapse_cleft 4374 -0.0152394932 -0.00925060634 0.0138862368 0 0 0
nt@synapse_cleft 4376 -0.0205541521 -0.0019190183 0.00392523279 0 0 0
nt@synapse_cleft 4381 -0.0143976504 -0.0405863774 0.00674840045 0 0 0
nt@synapse_cleft 4386 -0.0223568639 -0.0335795505 0.00184204855 0 0 0
nt@synapse_cleft 4391 0.020657391 -0.030003735 0.0105255128 0 0 0
nt@synapse_cleft 4392 -0.0137713479 0.00145514574 0.00140908127 0 0 0
nt@synapse_cleft 4394 0.0104660368 -0.00664419252 0.000629882379 0 0 0
nt@synapse_cleft 4395 0.0290314727 -0.0353563011 0.0174526516 0 0 0
nt@synapse_cleft 4396 0.0130196739 -0.0503458577 0.00630089763 0 0 0
nt@synapse_cleft 4398 -0.0121983412 0.0104827713 0.016577302 0 0 0
nt@synapse_cleft 4399 0.0256553479 0.0355942838 0.0145434628 0 0 0
nt@synapse_cleft 4403 -0.0220584308 -0.0130428368 0.0148596497 0 0 0
nt@synapse_cleft 4405 -0.0305450378 -0.0212125756 0.00766273076 0 0 0
nt@synapse_cleft 4414 0.00231491049 -0.0229725445 0.00150288684 0 0 0
nt@synapse_cleft 4416 -0.0106629841 -0.00111294759 0.017029333 0 0 0
nt@synapse_cleft 4423 0.0338763967 -0.0140025223 0.0171148751 0 0 0
nt@synapse_cleft 4424 -0.0297656502 -0.0142655026 0.00156181776 0 0 0
nt@synapse_cleft 4426 0.0110057478 -0.0151973291 0.0161917766 0 0 0
nt@synapse_cleft 4430 -0.011808673 0.00370921423 0.001753664 0 0 0
nt@synapse_cleft 4431 0.0151907513 -0.0216359127 0.00598990303 0 0 0
nt@synapse_cleft 4434 0.0243429218 -0.0295999061 0.0178867555 0 0 0
nt@synapse_cleft 4436 0.0216037325 0.0226235199 0.0110895896 0 0 0
nt@synapse_cleft 4446 0.00851470949 0.0406952752 0.0181742212 0 0 0
nt@synapse_cleft 4449 0.0261023667 0.0482822644 0.0181334936 0 0 0
nt@synapse_cleft 4453 -0.03788561 0.0237150342 0.0111478495 0 0 0
nt@synapse_cleft 4464 0.000942770727 -0.026860793 0.0120462082 0 0 0
nt@synapse_cleft 4470 -0.00514734419 -0.0283582989 0.0178114577 0 0 0
nt@synapse_cleft 4473 -0.00457860985 -0.0130330648 0.0040281197 0 0 0
nt@synapse_cleft 4478 -0.0157554053 0.0285670885 0.0174010199 0 0 0
nt@synapse_cleft 4480 0.00855843922 0.0332361935 0.0165387226 0 0 0
nt@synapse_cleft 4482 -0.0235483567 -0.000761604479 0.00546589296 0 0 0
nt@synapse_cleft 4485 0.0198559428 -0.00919579448 0.00389905183 0 0 0
nt@synapse_cleft 4488 0.0225631648 0.000596940103 0.0143948268 0 0 0
nt@synapse_cleft 4489 0.0136094097 -0.00628228605 0.00858810164 0 0 0
nt@synapse_cleft 4496 -0.0560031775 0.0377714883 0.0103968392 0 0 0
nt@synapse_cleft 4499 -0.00996856317 0.0102743447 0.0174713792 0 0 0
nt@synapse_cleft 4501 0.00910263795 0.00330745396 0.0191411754 0 0 0
nt@synapse_cleft 4514 0.000965811636 0.0180677317 0.0101248724 0 0 0
nt@synapse_cleft 4517 -0.0392966346 0.028170752 0.00521228955 0 0 0
nt@synapse_cleft 4524 -6.50961404e-05 -0.0392629334 0.0184116864 0 0 0
nt@synapse_cleft 4527 0.03062283 -0.0217035669 0.0120346973 0 0 0
nt@synapse_cleft 4538 -0.0292567076 -0.0330335863 0.0120932326 0 0 0
nt@synapse_cleft 4540 0.0268551497 -0.0121111885 0.0103477473 0 0 0
nt@synapse_cleft 4542 0.0108381542 0.025726236 0.00141886946 0 0 0
nt@synapse_cleft 4545 -0.0228292629 0.0242380604 0.0141507751 0 0 0
nt@synapse_cleft 4551 -0.0151259191 0.0230808915 0.0178988666 0 0 0
nt@synapse_cleft 4553 -0.0311216879 0.00862617391 0.00684747854 0 0 0
nt@synapse_cleft 4559 -0.0150403532 0.0345821946 0.0136468221 0 0 0
nt@synapse_cleft 4565 -0.0379153664 -0.0127718323 0.0142679338 0 0 0
nt@synapse_cleft 4572 0.00397317677 0.000128341454 0.00716411309 0 0 0
nt@synapse_cleft 4574 0.0339908907 -0.0178890817 0.00178929782 0 0 0
nt@synapse_cleft 4576 -0.0402104385 -0.0292050308 0.00998507357 0 0 0
nt@synapse_cleft 4583 -0.0109601996 -0.00445616718 0.00702331648 0 0 0
nt@synapse_cleft 4587 0.0223315407 -0.00232082302 0.012542584 0 0 0
nt@synapse_cleft 4590 -0.0421066966 -0.0238722702 0.0132150966 0 0 0
nt@synapse_cleft 4593 -0.0420902946 0.0473854693 0.0191446088 0 0 0
nt@synapse_cleft 4594 0.00258323757 0.00148156657 0.00775040314 0 0 0
nt@synapse_cleft 4595 0.0353878939 -0.0324018018 0.0134853112 0 0 0
nt@synapse_cleft 4600 -0.0353216143 0.00557340898 0.00404694168 0 0 0
nt@synapse_cleft 4613 0.0558598069 -0.00399001039 0.000150738561 0 0 0
nt@synapse_cleft 4620 0.010001292 -0.00900151336 0.0110154012 0 0 0
nt@synapse_cleft 4622 0.0531735123 0.0491945281 0.00489701035 0 0 0
nt@synapse_cleft 4624 0.0147905582 -0.0183510902 0.0166584895 0 0 0
nt@synapse_cleft 4626 0.0247512551 0.00406047366 0.0183906287 0 0 0
nt@synapse_cleft 4628 0.00263330276 0.0137981396 0.00643389021 0 0 0
nt@synapse_cleft 4654 0.0142448523 -0.0338669401 0.0121841011 0 0 0
nt@synapse_cleft 4658 -0.0323523176 0.0283632855 0.00738560982 0 0 0
nt@synapse_cleft 4659 -0.0490051661 0.0207039681 0.0153549508 0 0 0
nt@synapse_cleft 4660 0.0307466444 -0.0330029128 0.00456593058 0 0 0
nt@synapse_cleft 4661 0.0122647077 -0.0351974104 0.00442698259 0 0 0
nt@synapse_cleft 4664 0.00978425086 -0.00547546226 0.000418557484 0 0 0
nt@synapse_cleft 4666 0.0636356602 0.021504901 0.0153010312 0 0 0
nt@synapse_cleft 4671 -0.00130709446 -0.016212888 0.00385992611 0 0 0
nt@synapse_cleft 4681 0.00880849028 -0.021894051 0.0111455204 0 0 0
nt@synapse_cleft 4687 0.00844336739 -0.00434876656 0.0155891439 0 0 0
nt@synapse_cleft 4699 -0.0327820188 0.0147696041 0.00490786457 0 0 0
nt@synapse_cleft 4700 -0.0356743303 0.0561999697 0.015848385 0 0 0
nt@synapse_cleft 4701 0.0232594043 0.0206139334 0.0182927743 0 0 0
nt@synapse_cleft 4706 0.00900130394 -0.00891671668 0.0047442495 0 0 0
nt@synapse_cleft 4709 -0.0109330824 0.00404698193 0.00120298305 0 0 0
nt@synapse_cleft 4710 -0.0200942495 -0.0445082238 0.00108241045 0 0 0
nt@synapse_cleft 4718 0.0486996157 0.0103745802 0.0102285114 0 0 0
nt@synapse_cleft 4732 -0.0150810099 0.0199997561 0.0164225132 0 0 0
nt@synapse_cleft 4736 0.00652311417 -0.00113019289 0.00363923712 0 0 0
nt@synapse_cleft 4746 -0.0470486598 -0.00919407806 0.00739514344 0 0 0
nt@synapse_cleft 4750 0.0126873032 -0.0630880197 0.00709544903 0 0 0
nt@synapse_cleft 4753 -0.0128973902 -0.000339450736 0.0111604696 0 0 0
nt@synapse_cleft 4754 -0.00995308882 0.00910174634 0.0107733772 0 0 0
nt@synapse_cleft 4756 -0.0143739621 0.0145556789 0.00995331829 0 0 0
nt@synapse_cleft 4758 -0.0402248379 0.0176899404 0.0140087519 0 0 0
nt@synapse_cleft 4764 0.0118435651 -0.014870584 0.00781716465 0 0 0
nt@synapse_cleft 4767 -2.15203855e-05 0.0198378654 0.000452644122 0 0 0
nt@synapse_cleft 4779 0.0267184611 -0.0320874841 0.00342650256 0 0 0
nt@synapse_cleft 4784 0.0210807434 0.00567110184 0.0140283384 0 0 0
nt@synapse_cleft 4786 -0.0129950005 0.0080240311 0.00328887143 0 0 0
nt@synapse_cleft 4791 0.0397682752 -0.0124537783 0.00402095345 0 0 0
nt@synapse_cleft 4793 -0.034001018 0.020653443 0.0160622057 0 0 0
nt@synapse_cleft 4800 0.0133714327 -0.00981076783 0.00344940405 0 0 0
nt@synapse_cleft 4801 -0.0196419718 0.00539145459 0.00668096306 0 0 0
nt@synapse_cleft 4807 0.0114379443 -0.0109473629 0.015351631 0 0 0
nt@synapse_cleft 4809 -0.0360128938 -0.0360938376 0.0178275935 0 0 0
nt@synapse_cleft 4814 -0.0278118341 0.0277933663 0.00384405579 0 0 0
nt@synapse_cleft 4816 -0.037688669 -0.0145966627 0.0160474365 0 0 0
nt@synapse_cleft 4822 -0.00819891776 -0.0235598062 0.0113677768 0 0 0
nt@synapse_cleft 4823 -0.00493482814 0.0102773632 0.0179005481 0 0 0
nt@synapse_cleft 4824 -0.000734344113 -0.0349368754 0.00128046554 0 0 0
nt@synapse_cleft 4829 0.0264456917 -0.062900681 0.00934848971 0 0 0
nt@synapse_cleft 4830 -0.017013222 0.0179047228 0.0187622843 0 0 0
nt@synapse_cleft 4833 -0.0132087847 -0.02709365 0.0189599357 0 0 0
nt@synapse_cleft 4838 -0.00887347383 0.0318611497 0.0148792433 0 0 0
nt@synapse_cleft 4839 0.00477183755 0.00188343621 0.00452207144 0 0 0
nt@synapse_cleft 4844 0.0592007597 -0.0175268822 0.0157866583 0 0 0
nt@synapse_cleft 4852 -0.0315178171 -0.0103985915 0.0104101828 0 0 0
nt@synapse_cleft 4855 0.022320632 0.0128145768 0.0173592326 0 0 0
nt@synapse_cleft 4869 -0.0414802947 0.0172595533 0.0138726928 0 0 0
nt@synapse_cleft 4871 0.0233663143 0.0145496561 0.00745772219 0 0 0
nt@synapse_cleft 4880 -0.0140825719 -0.0168652227 0.0159352432 0 0 0
nt@synapse_cleft 4882 -0.0177599745 -0.0279989468 0.00168915244 0 0 0
nt@synapse_cleft 4883 -0.0363082463 0.00301637628 0.0142136743 0 0 0
nt@synapse_cleft 4890 -0.0160222999 0.00497805261 0.0100905162 0 0 0
nt@synapse_cleft 4891 -0.00183611359 -0.00864291255 0.0101237266 0 0 0
nt@synapse_cleft 4892 -0.0189932785 0.0242383448 0.0172046241 0 0 0
nt@synapse_cleft 4896 -0.0155941871 -0.0255085087 0.0114031363 0 0 0
nt@synapse_cleft 4897 0.0313631923 -0.0196895382 0.00856730063 0 0 0
nt@synapse_cleft 4901 0.010633806 0.0139537045 0.00612656731 0 0 0
nt@synapse_cleft 4905 -0.0115887148 -0.0113868452 0.00144747303 0 0 0
nt@synapse_cleft 4906 -0.00293148372 -0.027152318 0.00744142069 0 0 0
nt@synapse_cleft 4918 -0.010558275 0.011508752 0.0115361822 0 0 0
nt@synapse_cleft 4919 0.0135684579 0.00645298984 0.0120530987 0 0 0
nt@synapse_cleft 4925 0.0123264431 0.00652842608 0.00834448316 0 0 0
nt@synapse_cleft 4928 0.00129485136 0.0611317331 0.00584672767 0 0 0
nt@synapse_cleft 4931 0.0156701723 -0.0100426612 0.0160455243 0 0 0
nt@synapse_cleft 4937 -0.0496700998 -0.00242967601 0.00603387387 0 0 0
nt@synapse_cleft 4946 -0.0185806118 0.0216636539 0.0085512323 0 0 0
nt@synapse_cleft 4956 0.0166368462 -0.00467587697 0.0106824791 0 0 0
nt@synapse_cleft 4967 -0.0038446239 0.00722790831 0.00380523775 0 0 0
nt@synapse_cleft 4972 0.0290800309 -0.0203525765 0.0151844789 0 0 0
nt@synapse_cleft 4973 -0.00219707664 0.0467464312 0.0182991149 0 0 0
nt@synapse_cleft 4979 -0.00607911979 -0.00511105098 0.000670724391 0 0 0
nt@synapse_cleft 4980 0.0114027101 0.0102572048 0.0168102302 0 0 0
nt@synapse_cleft 4981 0.00582300232 -0.0275856395 0.00750290299 0 0 0
nt@synapse_cleft 4982 0.00756078666 -0.00709599249 0.0183500432 0 0 0
nt@synapse_cleft 4983 -0.0161377751 0.0250109637 0.00490759522 0 0 0
nt@synapse_cleft 4988 0.013416035 -0.0203027694 0.00148178127 0 0 0
nt@synapse_cleft 4989 -0.00360141123 -0.0186649639 0.0184450484 0 0 0
nt@synapse_cleft 4991 0.0040561891 -0.0173133304 0.00911239071 0 0 0
nt@synapse_cleft 5004 -0.016598378 0.0211190132 0.000247831777 0 0 0
nt@synapse_cleft 5006 0.000835353303 -0.0100899179 0.0066038875 0 0 0
nt@synapse_cleft 5009 -0.0319585333 0.0190568334 0.00639925582 0 0 0
nt@synapse_cleft 5011 -0.0135721412 -0.0195770968 0.0045580424 0 0 0
nt@synapse_cleft 5015 -0.0215448429 -0.0180135062 0.0121632976 0 0 0
nt@synapse_cleft 5024 -0.00260789078 -0.0064971039 0.00783334413 0 0 0
nt@synapse_cleft 5044 -0.0310517119 0.00646932968 0.0156066627 0 0 0
nt@synapse_cleft 5045 0.0325096975 0.0262683457 0.0016099268 0 0 0
nt@synapse_cleft 5046 0.00166664477 -0.00724427038 0.00791916727 0 0 0
nt@synapse_cleft 5052 -0.008009132 -0.00923089261 0.0069990619 0 0 0
nt@synapse_cleft 5055 -0.0132761849 0.00834264155 0.00926233631 0 0 0
nt@synapse_cleft 5059 -0.0318805485 0.0307442157 0.0173693305 0 0 0
nt@synapse_cleft 5061 0.0248749405 -0.0224917977 0.000752716572 0 0 0
nt@synapse_cleft 5063 -0.0280158318 0.0247234806 0.0109297962 0 0 0
nt@synapse_cleft 5077 0.0433148419 -0.012604171 0.00862117899 0 0 0
nt@synapse_cleft 5081 0.011465027 0.0107414207 0.00207038879 0 0 0
nt@synapse_cleft 5082 -0.00207233402 0.0500252426 0.00914776733 0 0 0
nt@synapse_cleft 5086 0.0244829412 0.0313770708 0.0131356459 0 0 0
nt@synapse_cleft 5106 0.000295947314 -0.0119643505 0.00338944283 0 0 0
nt@synapse_cleft 5133 -0.0200247337 0.02663614 0.0198406899 0 0 0
nt@synapse_cleft 5145 0.0189944929 0.0310941376 0.0174475817 0 0 0
nt@synapse_cleft 5154 0.00868718805 0.0263581236 0.0156965367 0 0 0
nt@synapse_cleft 5159 -0.0323814131 -0.000304538129 0.0142995281 0 0 0
nt@synapse_cleft 5163 -0.00432966568 0.0175689142 0.0110746992 0 0 0
nt@synapse_cleft 5164 0.00477915941 -0.0151344357 0.000610400032 0 0 0
nt@synapse_cleft 5173 -0.0429901274 -0.00673779505 0.0198367402 0 0 0
nt@synapse_cleft 5176 -0.0237625597 0.0511078675 0.0178506182 0 0 0
nt@synapse_cleft 5179 0.0253261298 0.0106983707 0.0100730384 0 0 0
nt@synapse_cleft 5182 0.0509727432 0.00997491288 0.00722960656 0 0 0
nt@synapse_cleft 5183 0.0372866374 0.00640435108 0.0118073582 0 0 0
nt@synapse_cleft 5193 0.0282103717 0.00338562593 0.0161211717 0 0 0
nt@synapse_cleft 5196 -0.0052441213 -0.00416691531 0.0102321498 0 0 0
nt@synapse_cleft 5198 0.00433310928 -0.0238231948 0.00192663079 0 0 0
