nt@synapse_cleft 0 0.0324418151 0.00173075191 0.0168233156 0 0 0
nt@synapse_cleft 2 -0.0474619808 0.0302262828 0.00453220753 0 0 0
nt@synapse_cleft 7 0.0220903538 0.0230756634 0.00364948853 0 0 0
nt@synapse_cleft 9 0.0351765104 -0.036228257 0.0132861057 0 0 0
nt@synapse_cleft 12 0.00688014674 0.0408630084 0.00804605836 0 0 0
nt@synapse_cleft 15 0.00486088128 0.022104027 0.0190995018 0 0 0
nt@synapse_cleft 17 0.037006557 0.00139853788 0.0052628268 0 0 0
nt@synapse_cleft 26 -0.0302908 0.0105894066 0.0198270979 0 0 0
nt@synapse_cleft 35 0.0148754267 0.0632825663 0.0112049505 0 0 0
nt@synapse_cleft 42 0.00819278004 0.00310478565 0.0114276702 0 0 0
nt@synapse_cleft 45 -0.0206318622 0.0181409255 0.00388178082 0 0 0
nt@synapse_cleft 54 0.00934204916 0.0212050896 0.0150290531 0 0 0
nt@synapse_cleft 56 -0.0301659735 -0.0312206885 0.0075411719 0 0 0
nt@synapse_cleft 72 -0.0317164739 0.017007593 0.0154570325 0 0 0
nt@synapse_cleft 87 -0.00425797894 -0.00256102489 0.000496000249 0 0 0
nt@synapse_cleft 89 0.0360117907 -0.0166474699 0.0149032383 0 0 0
nt@synapse_cleft 100 -0.0292937059 -0.0349308824 0.00271961386 0 0 0
nt@synapse_cleft 103 0.0357801143 -0.0149501234 0.00751787809 0 0 0
nt@synapse_cleft 111 -0.0376251501 0.0471473613 0.00273073337 0 0 0
nt@synapse_cleft 114 0.0455243518 -0.0265409459 0.00166239161 0 0 0
nt@synapse_cleft 115 -0.00431771516 -0.0167495321 0.014529409 0 0 0
nt@synapse_cleft 116 -0.0182158843 -0.0216926232 0.00132405828 0 0 0
nt@synapse_cleft 135 -0.0340099272 -0.0131346411 0.015558582 0 0 0
nt@synapse_cleft 137 -0.0541715646 -0.0366551833 0.000536989852 0 0 0
nt@synapse_cleft 148 -0.00977806923 0.0806535757 0.00307951665 0 0 0
nt@synapse_cleft 150 -0.0117553607 0.0228850455 0.0102128984 0 0 0
nt@synapse_cleft 156 -0.00255855156 -0.014689979 0.000915465079 0 0 0
nt@synapse_cleft 167 -0.0059523529 -0.0347849005 0.00181325738 0 0 0
nt@synapse_cleft 188 -0.0110861559 -0.0252738492 0.0147463813 0 0 0
nt@synapse_cleft 194 -0.0141976255 -0.022216703 0.0150143607 0 0 0
nt@synapse_cleft 195 0.0360777767 0.055664031 0.00785206563 0 0 0
nt@synapse_cleft 199 0.0377500717 0.0179759479 0.0137238663 0 0 0
nt@synapse_cleft 206 -0.00160089131 -0.0236780632 0.0156532232 0 0 0
nt@synapse_cleft 210 -0.0229651095 0.00853041341 0.000195543573 0 0 0
nt@synapse_cleft 224 -0.0219703382 0.0459300419 0.0113412779 0 0 0
nt@synapse_cleft 231 0.0190043807 0.0563651779 0.00419236965 0 0 0
nt@synapse_cleft 235 -0.001775799 -0.00955087245 0.011853684 0 0 0
nt@synapse_cleft 244 -0.0177887364 0.0186550318 0.00486385243 0 0 0
nt@synapse_cleft 248 0.0308044561 -0.0258085057 0.0163815803 0 0 0
nt@synapse_cleft 256 -0.0375882173 0.00279384639 0.00504438367 0 0 0
nt@synapse_cleft 268 0.00111429226 -0.0318364844 0.0123291455 0 0 0
nt@synapse_cleft 284 -0.0411827041 0.0856906899 0.0118515301 0 0 0
nt@synapse_cleft 293 0.0272680473 -0.0156101567 0.0194879432 0 0 0
nt@synapse_cleft 306 0.0190179012 -0.0304148314 0.0130972403 0 0 0
nt@synapse_cleft 307 0.00773090027 -0.0126356174 0.00826954378 0 0 0
nt@synapse_cleft 318 -0.0224252858 -0.00861285308 0.011435594 0 0 0
nt@synapse_cleft 321 0.043196621 0.0137766037 0.0194779181 0 0 0
nt@synapse_cleft 325 -0.0604214737 0.0805805616 0.0199079322 0 0 0
nt@synapse_cleft 347 -0.00828851123 0.00826173229 0.00731928554 0 0 0
nt@synapse_cleft 348 -0.0123133306 -0.0296169547 0.00232779982 0 0 0
nt@synapse_cleft 350 0.00455281368 -0.00309182744 0.000461714249 0 0 0
nt@synapse_cleft 356 -0.0428104439 0.0154626146 0.00893698795 0 0 0
nt@synapse_cleft 361 -0.0373500414 0.0113544595 0.0160751062 0 0 0
nt@synapse_cleft 371 -0.00568381221 0.0386570148 0.00593467517 0 0 0
nt@synapse_cleft 372 0.0101806699 0.0349153632 0.00939783937 0 0 0
nt@synapse_cleft 376 -0.0223012172 0.00421655647 0.00667397588 0 0 0
nt@synapse_cleft 385 0.0214379947 0.0197396005 0.00377584594 0 0 0
nt@synapse_cleft 402 0.00875215509 0.0443138789 0.0173504377 0 0 0
nt@synapse_cleft 406 -0.0286950032 -0.0374278606 0.00336712981 0 0 0
nt@synapse_cleft 421 -0.0535964558 0.0198276281 0.00678538656 0 0 0
nt@synapse_cleft 426 0.0570493852 -0.0217431454 0.0137052617 0 0 0
nt@synapse_cleft 429 -0.0217922237 0.0267020826 0.0160979435 0 0 0
nt@synapse_cleft 440 0.0407598615 -0.0110354501 0.0171474644 0 0 0
nt@synapse_cleft 444 0.0039289136 0.0589447087 0.00894615959 0 0 0
nt@synapse_cleft 449 -0.0106872544 -0.0169393042 0.000804698089 0 0 0
nt@synapse_cleft 452 0.0414744793 0.0491282783 0.0123332463 0 0 0
nt@synapse_cleft 455 0.0157526149 -0.0332991946 0.0177197187 0 0 0
nt@synapse_cleft 477 -7.54470765e-05 0.0107772364 0.00909167312 0 0 0
nt@synapse_cleft 479 -0.0179341974 0.0130074607 0.0132361789 0 0 0
nt@synapse_cleft 482 0.0155229848 0.00366891448 0.00701615938 0 0 0
nt@synapse_cleft 499 0.0199932057 0.0153260009 0.00539181434 0 0 0
nt@synapse_cleft 501 0.0077124564 0.0132195399 0.0109458739 0 0 0
nt@synapse_cleft 503 0.014135253 -0.0261200894 0.0173704127 0 0 0
nt@synapse_cleft 509 -0.0371159519 0.0441296039 0.00111528685 0 0 0
nt@synapse_cleft 510 0.0207855823 0.00372118947 0.00928277646 0 0 0
nt@synapse_cleft 514 -0.0287276254 0.00178294679 0.00718924266 0 0 0
nt@synapse_cleft 522 -0.05650651 0.0236903064 0.0153047892 0 0 0
nt@synapse_cleft 524 -0.019365817 0.0348361666 0.00656941711 0 0 0
nt@synapse_cleft 530 0.0143944965 -0.00856028096 0.00705257507 0 0 0
nt@synapse_cleft 536 -0.0266243668 -0.045268244 0.00980317536 0 0 0
nt@synapse_cleft 544 0.0186245659 -0.00773729812 0.0158714031 0 0 0
nt@synapse_cleft 546 -0.0675562475 0.0146995981 0.0101174769 0 0 0
nt@synapse_cleft 549 0.0555563521 -0.0258446517 0.0062000144 0 0 0
nt@synapse_cleft 551 0.0188826814 -0.0216596619 0.00453039896 0 0 0
nt@synapse_cleft 552 0.0247001012 0.0158237111 0.00042823006 0 0 0
nt@synapse_cleft 557 -0.0439618184 0.0119171538 0.00650223148 0 0 0
nt@synapse_cleft 558 0.00427903266 -0.00636229047 0.0101582929 0 0 0
nt@synapse_cleft 563 -0.0188443188 -0.065285271 0.00149942165 0 0 0
nt@synapse_cleft 572 -0.0159446174 0.0116965759 0.00450377979 0 0 0
nt@synapse_cleft 575 -0.0109179596 -0.000312156091 0.00475886637 0 0 0
nt@synapse_cleft 591 -0.00914278515 0.01316226 0.00644094769 0 0 0
nt@synapse_cleft 596 -0.0121269464 0.0189627258 0.0148524193 0 0 0
nt@synapse_cleft 598 0.00298633105 0.0236337029 0.0107932785 0 0 0
nt@synapse_cleft 620 -0.0309466637 -0.0143394947 0.0149674037 0 0 0
nt@synapse_cleft 624 0.0187460677 -0.00888354541 0.0034908992 0 0 0
nt@synapse_cleft 627 -0.0193200938 -0.0362193227 0.00625407485 0 0 0
nt@synapse_cleft 629 -0.00680032022 -0.00745739638 0.00591798379 0 0 0
nt@synapse_cleft 633 -0.0299671834 0.032553013 0.0125459962 0 0 0
nt@synapse_cleft 634 0.0227908137 0.0172441028 0.0106574821 0 0 0
nt@synapse_cleft 639 -0.00973387505 -0.022145121 0.00957628129 0 0 0
nt@synapse_cleft 645 -0.00834555696 0.0136084079 0.015380392 0 0 0
nt@synapse_cleft 647 -0.000204886174 0.0273508937 0.00376221856 0 0 0
nt@synapse_cleft 661 -0.0318370651 -0.0446695138 0.0199511188 0 0 0
nt@synapse_cleft 664 -0.0055521225 0.0194313071 0.00329124049 0 0 0
nt@synapse_cleft 678 0.00940859534 -0.0267039324 0.00637616268 0 0 0
nt@synapse_cleft 681 0.00926999757 -0.0378703894 0.00560637848 0 0 0
nt@synapse_cleft 693 0.00698117693 0.0201450001 0.000251938478 0 0 0
nt@synapse_cleft 698 0.00556521667 0.00643660274 0.0148101291 0 0 0
nt@synapse_cleft 699 -0.0194036557 -0.0759201482 0.000390607944 0 0 0
nt@synapse_cleft 712 -0.0149865373 -0.00310003906 0.0122274289 0 0 0
nt@synapse_cleft 721 0.00982838982 -0.0310602187 0.00197115356 0 0 0
nt@synapse_cleft 726 -0.0086206373 0.00418368693 0.0116752338 0 0 0
nt@synapse_cleft 727 -0.0309862088 0.00716156847 0.00589573829 0 0 0
nt@synapse_cleft 728 0.0113997967 0.00587904709 0.00273442551 0 0 0
nt@synapse_cleft 732 0.0152757555 0.0440751522 0.00685636608 0 0 0
nt@synapse_cleft 735 -0.0665448214 0.00827742509 0.00573896727 0 0 0
nt@synapse_cleft 741 0.040677024 0.00906182425 0.0123374743 0 0 0
nt@synapse_cleft 750 0.0278713089 0.0230402168 0.0190628178 0 0 0
nt@synapse_cleft 754 -0.0178810648 -0.0174434173 0.0136325306 0 0 0
nt@synapse_cleft 760 -0.0133526084 -0.0545066603 0.0151980981 0 0 0
nt@synapse_cleft 762 0.000544423768 -0.0171843835 0.0197692666 0 0 0
nt@synapse_cleft 765 -0.0303525363 0.0455480949 0.0143792813 0 0 0
nt@synapse_cleft 768 -0.00557545212 -0.00877489704 0.0185791928 0 0 0
nt@synapse_cleft 769 -0.00951670614 0.0533287437 0.0186765972 0 0 0
nt@synapse_cleft 779 -0.023043973 0.0126849763 0.00376595337 0 0 0
nt@synapse_cleft 797 -0.00334251392 0.0425322764 0.00254306282 0 0 0
nt@synapse_cleft 803 -0.0206455917 -0.052386283 0.00455065554 0 0 0
nt@synapse_cleft 816 0.00297799013 -0.0024274076 0.00809194426 0 0 0
nt@synapse_cleft 831 0.0228132484 -0.00399855105 0.001199028 0 0 0
nt@synapse_cleft 833 -0.00888901158 -0.00505192162 0.0149080979 0 0 0
nt@synapse_cleft 837 -0.019441449 -0.0121827792 0.00798875529 0 0 0
nt@synapse_cleft 844 -0.0204149895 0.0134670799 0.0182109809 0 0 0
nt@synapse_cleft 847 0.0122286576 -0.00511719599 0.012989636 0 0 0
nt@synapse_cleft 850 -0.00506164412 0.0163433379 0.0180135135 0 0 0
nt@synapse_cleft 854 -0.00622532381 0.0412881686 8.44759123e-05 0 0 0
nt@synapse_cleft 866 -0.0180002124 -0.024997275 0.00179751308 0 0 0
nt@synapse_cleft 871 0.0207466107 0.0217738694 0.00797329927 0 0 0
nt@synapse_cleft 877 -0.0366843514 0.0205845984 0.00177263599 0 0 0
nt@synapse_cleft 884 0.017830743 -0.00811187991 0.0177009801 0 0 0
nt@synapse_cleft 904 -0.0588742948 0.00995338061 0.0164640515 0 0 0
nt@synapse_cleft 908 -0.0662285434 -0.0189786839 0.00222463487 0 0 0
nt@synapse_cleft 909 0.0313494649 -0.000123631647 0.00862948367 0 0 0
nt@synapse_cleft 913 -0.0264255008 0.0193748638 0.0179541795 0 0 0
nt@synapse_cleft 918 0.0746933744 0.0139780479 0.0191502082 0 0 0
nt@synapse_cleft 932 0.0252455259 -0.073760017 0.000361168372 0 0 0
nt@synapse_cleft 938 -0.0155428826 -0.00606202845 0.0179015891 0 0 0
nt@synapse_cleft 940 -0.0562473658 -0.0503519823 0.0132703196 0 0 0
nt@synapse_cleft 942 0.00812912275 -0.0449838261 0.0191095416 0 0 0
nt@synapse_cleft 943 0.031240954 0.00248629904 0.00777484457 0 0 0
nt@synapse_cleft 944 -0.00602198778 -0.0512445288 0.00504604211 0 0 0
nt@synapse_cleft 945 -0.0115959326 0.0307368698 0.00901837941 0 0 0
nt@synapse_cleft 947 -0.0243398739 0.0202533441 0.00681425438 0 0 0
nt@synapse_cleft 953 -0.03188284 0.0139447401 0.00840312058 0 0 0
nt@synapse_cleft 957 0.0645193366 -0.0249644489 0.000131461352 0 0 0
nt@synapse_cleft 961 -0.0197563669 -0.00273406884 0.00283817388 0 0 0
nt@synapse_cleft 967 0.0426463208 0.0106506348 0.00868600035 0 0 0
nt@synapse_cleft 978 -0.0517206179 -0.0144049656 0.00449922945 0 0 0
nt@synapse_cleft 998 -0.0034435018 -0.0177327727 0.0117898937 0 0 0
nt@synapse_cleft 999 0.0556589896 -0.0334474923 0.00422601856 0 0 0
nt@synapse_cleft 1002 0.00888904955 0.0287813553 0.018090567 0 0 0
nt@synapse_cleft 1004 -0.0130894911 -0.00234516368 0.00223087344 0 0 0
nt@synapse_cleft 1013 -0.0366308019 0.0470879583 0.0195805778 0 0 0
nt@synapse_cleft 1018 -0.000947646038 -0.0119767063 0.00870353532 0 0 0
nt@synapse_cleft 1027 0.0330808688 0.0503278413 0.00876666979 0 0 0
nt@synapse_cleft 1035 -0.0332873277 -0.026371608 0.0108342 0 0 0
nt@synapse_cleft 1048 -0.014262274 -0.0508537168 0.0150510973 0 0 0
nt@synapse_cleft 1050 0.0316060243 -0.0478934506 0.00409857902 0 0 0
nt@synapse_cleft 1062 0.0427619679 0.00321553513 0.015295842 0 0 0
nt@synapse_cleft 1077 -0.0476337939 -0.00375381 0.0164602047 0 0 0
nt@synapse_cleft 1080 -0.0399014412 0.0200207613 0.0135448595 0 0 0
nt@synapse_cleft 1092 -0.0237073705 -0.0101275534 0.00228938327 0 0 0
nt@synapse_cleft 1107 -0.000892788562 0.00674374081 0.00276573202 0 0 0
nt@synapse_cleft 1108 0.00878620027 0.0184059537 0.00657961458 0 0 0
nt@synapse_cleft 1113 -0.0267086557 0.00348469791 0.00692435981 0 0 0
nt@synapse_cleft 1114 0.00714647102 -0.0265977528 0.0133873927 0 0 0
nt@synapse_cleft 1130 0.0230715048 -0.0128849084 0.0147359116 0 0 0
nt@synapse_cleft 1136 -0.00744657781 -0.0378672884 0.00118060173 0 0 0
nt@synapse_cleft 1140 0.00457463016 -0.0480103023 0.0195891442 0 0 0
nt@synapse_cleft 1144 -0.00548711292 -0.0077717361 0.000760957391 0 0 0
nt@synapse_cleft 1145 0.0705577641 -0.00265771316 0.0142014545 0 0 0
nt@synapse_cleft 1149 -0.0227901478 0.00852480411 0.015765417 0 0 0
nt@synapse_cleft 1152 0.042442321 0.00412179604 0.00742124454 0 0 0
nt@synapse_cleft 1165 0.0501620615 0.030940155 0.0100859516 0 0 0
nt@synapse_cleft 1167 0.038956563 0.0318201689 0.0156092612 0 0 0
nt@synapse_cleft 1172 -0.00390753632 -0.00256455084 0.0150171239 0 0 0
nt@synapse_cleft 1177 -0.013249929 0.0813665836 0.00498786464 0 0 0
nt@synapse_cleft 1179 0.0111063804 -0.0141024818 0.0111250886 0 0 0
nt@synapse_cleft 1186 -0.0658973575 0.0182667555 0.00173564889 0 0 0
nt@synapse_cleft 1188 0.0215049682 -0.0256017439 0.0098803651 0 0 0
nt@synapse_cleft 1193 -0.0198863179 -0.0311574647 0.00329820916 0 0 0
nt@synapse_cleft 1200 -0.00729728798 0.012601017 0.0177531477 0 0 0
nt@synapse_cleft 1203 -0.00550180131 0.0333532277 0.0103240072 0 0 0
nt@synapse_cleft 1204 0.0177362159 0.0226740179 0.00620558345 0 0 0
nt@synapse_cleft 1205 -0.0258542131 -0.0221559486 0.0122966843 0 0 0
nt@synapse_cleft 1206 -0.016018656 -0.00217207593 0.00152284479 0 0 0
nt@synapse_cleft 1237 -0.0391908255 -0.0216353295 0.0021813877 0 0 0
nt@synapse_cleft 1238 -0.0566950321 -0.0388782385 0.0108194025 0 0 0
nt@synapse_cleft 1243 -0.0223289449 -0.00767520001 0.0145108969 0 0 0
nt@synapse_cleft 1248 0.0102945729 0.0419793011 0.00208327771 0 0 0
nt@synapse_cleft 1251 -0.0371856258 0.00878878569 0.01262171 0 0 0
nt@synapse_cleft 1252 -0.0248046434 -0.0140191119 0.0159145976 0 0 0
nt@synapse_cleft 1254 -0.0115885515 0.0388334424 0.00870966758 0 0 0
nt@synapse_cleft 1270 0.0500593391 0.0354639458 0.00691742544 0 0 0
nt@synapse_cleft 1289 0.0660276428 0.00591894101 0.00358552254 0 0 0
nt@synapse_cleft 1298 -0.0113581982 -0.0242634989 0.0192919227 0 0 0
nt@synapse_cleft 1302 -0.0223821536 0.0438080938 0.00407313663 0 0 0
nt@synapse_cleft 1311 0.00472836544 -0.0319827091 0.00231686847 0 0 0
nt@synapse_cleft 1316 -0.0322840005 -0.0245661235 0.00257044039 0 0 0
nt@synapse_cleft 1326 0.013021382 0.0115674068 0.00521498001 0 0 0
nt@synapse_cleft 1328 0.0131217918 0.0101883785 0.0138831754 0 0 0
nt@synapse_cleft 1333 -0.0267861186 0.0423662661 0.00463747492 0 0 0
nt@synapse_cleft 1338 -0.00743816339 0.0142716677 0.0183003282 0 0 0
nt@synapse_cleft 1343 0.0250127633 -0.00505638727 0.00579838185 0 0 0
nt@synapse_cleft 1347 -0.041572487 -0.0162784291 0.0136366747 0 0 0
nt@synapse_cleft 1349 0.0286019063 -0.0188393188 0.00771309862 0 0 0
nt@synapse_cleft 1351 0.0380283089 -0.0302511624 0.00499136281 0 0 0
nt@synapse_cleft 1361 0.000925836935 -0.0257627022 0.00402134968 0 0 0
nt@synapse_cleft 1368 0.0175111498 -0.00135471402 0.0161113716 0 0 0
nt@synapse_cleft 1372 -0.0140685603 0.0386693386 0.00282799997 0 0 0
nt@synapse_cleft 1380 -0.0246129669 0.0247084094 0.0179360316 0 0 0
nt@synapse_cleft 1384 -0.0463945345 0.0134936186 0.0143523551 0 0 0
nt@synapse_cleft 1394 0.0123831863 0.0143343269 0.0187360528 0 0 0
nt@synapse_cleft 1400 -0.0375498098 0.0367384534 0.00916731184 0 0 0
nt@synapse_cleft 1403 -0.0068695905 0.0156363657 0.00587989166 0 0 0
nt@synapse_cleft 1408 -0.0177713573 -0.00797544103 0.015956468 0 0 0
nt@synapse_cleft 1416 0.0117931947 0.0349720299 0.0154206315 0 0 0
nt@synapse_cleft 1419 0.00701233912 -0.00817471525 0.0131696109 0 0 0
nt@synapse_cleft 1425 -0.00987181953 -0.0310412967 0.000620347109 0 0 0
nt@synapse_cleft 1427 -0.00716634069 -0.0214648485 0.012830529 0 0 0
nt@synapse_cleft 1438 -0.0278841646 -0.0109040496 0.00395185144 0 0 0
nt@synapse_cleft 1440 -0.0254557161 0.0332438687 0.00830340427 0 0 0
nt@synapse_cleft 1442 -0.0126954262 0.018698474 0.0096258202 0 0 0
nt@synapse_cleft 1444 -0.0244871294 0.00132151172 0.00228669189 0 0 0
nt@synapse_cleft 1446 -0.00917350186 -0.0360115478 0.00830835388 0 0 0
nt@synapse_cleft 1452 -0.0365746617 -0.0403345969 0.000102441652 0 0 0
nt@synapse_cleft 1455 -0.0246443841 0.00401114712 0.0183426657 0 0 0
nt@synapse_cleft 1470 -0.0877055363 -0.0397983781 0.00103901577 0 0 0
nt@synapse_cleft 1472 -0.0650596586 -0.0077555676 0.0144457995 0 0 0
nt@synapse_cleft 1479 -0.0024749976 0.0376375216 0.0127143809 0 0 0
nt@synapse_cleft 1481 0.0132739431 0.00329177722 0.00733690939 0 0 0
nt@synapse_cleft 1484 -0.00623387421 0.021895234 0.0186665566 0 0 0
nt@synapse_cleft 1485 -0.00795709613 -0.023288743 0.0174229895 0 0 0
nt@synapse_cleft 1487 -0.00713631187 -0.0391035273 0.0142121657 0 0 0
nt@synapse_cleft 1488 0.0440139714 0.017155837 0.0143588848 0 0 0
nt@synapse_cleft 1496 -0.00769677528 0.0463222763 0.00278174456 0 0 0
nt@synapse_cleft 1506 0.0239828836 0.0109837394 0.0158147582 0 0 0
nt@synapse_cleft 1507 -0.00106592349 0.000953838234 0.000312185754 0 0 0
nt@synapse_cleft 1508 0.0465617408 0.00749267563 0.0148056237 0 0 0
nt@synapse_cleft 1512 0.0239517512 -0.0118434012 0.0091788502 0 0 0
nt@synapse_cleft 1527 -0.0103970347 0.0386413857 0.0015079816 0 0 0
nt@synapse_cleft 1528 -0.0408054274 -0.000922389421 0.00137240307 0 0 0
nt@synapse_cleft 1531 -0.000838143166 0.0141991463 0.00279274743 0 0 0
nt@synapse_cleft 1538 0.00477143807 0.000413986031 0.00476868933 0 0 0
nt@synapse_cleft 1542 -0.0130176437 0.008692271 0.0149408504 0 0 0
nt@synapse_cleft 1553 0.0565974767 0.0106349689 0.0127464337 0 0 0
nt@synapse_cleft 1561 0.00954704873 -0.0366592853 0.00407532958 0 0 0
nt@synapse_cleft 1565 -0.0101388908 -0.00524302171 0.0120804971 0 0 0
nt@synapse_cleft 1571 -0.0296108437 -0.0193276301 0.0114647974 0 0 0
nt@synapse_cleft 1573 0.00779747518 0.0302807893 0.0156781708 0 0 0
nt@synapse_cleft 1588 0.0212627533 -0.0287871079 0.0119684307 0 0 0
nt@synapse_cleft 1592 0.0221259111 -0.0331847319 0.00301608183 0 0 0
nt@synapse_cleft 1597 0.00163535788 0.0397536454 0.00163859729 0 0 0
nt@synapse_cleft 1600 0.0193976166 -0.0332597351 0.0157897238 0 0 0
nt@synapse_cleft 1605 0.0145725299 -0.000790320975 0.0193025293 0 0 0
nt@synapse_cleft 1606 -0.0453518705 0.00893420295 0.00843992858 0 0 0
nt@synapse_cleft 1611 0.0090451564 -0.0140511823 0.0184813674 0 0 0
nt@synapse_cleft 1617 -0.014966991 -0.0405363654 0.00728637418 0 0 0
nt@synapse_cleft 1628 0.00760544641 0.0375565524 0.00751750077 0 0 0
nt@synapse_cleft 1635 0.00341494843 -0.00404312472 0.0176179117 0 0 0
nt@synapse_cleft 1641 0.0289961856 0.0351798914 0.0170077365 0 0 0
nt@synapse_cleft 1655 0.00260519096 0.0313749104 0.0103061241 0 0 0
nt@synapse_cleft 1658 0.0388346929 0.0487596716 0.00583127084 0 0 0
nt@synapse_cleft 1660 0.00491213926 0.0237245336 0.015170228 0 0 0
nt@synapse_cleft 1675 -0.0152660554 0.0116587062 0.0163275866 0 0 0
nt@synapse_cleft 1678 0.00256491543 -0.0130156849 0.00834166768 0 0 0
nt@synapse_cleft 1681 -0.0075133459 -0.0137915535 0.0168021112 0 0 0
nt@synapse_cleft 1686 -0.00758885409 0.0336950821 0.00849825344 0 0 0
nt@synapse_cleft 1687 -0.0371750576 -0.0425484529 0.00175821355 0 0 0
nt@synapse_cleft 1689 0.00395453154 0.0145871277 0.00940392625 0 0 0
nt@synapse_cleft 1692 -0.0199107719 0.0141697341 0.0199783985 0 0 0
nt@synapse_cleft 1695 0.016430266 -0.0184596522 0.00385793616 0 0 0
nt@synapse_cleft 1701 0.00925084317 -0.00417305926 0.0122274885 0 0 0
nt@synapse_cleft 1707 -0.0287812478 -0.0139307916 0.0178919998 0 0 0
nt@synapse_cleft 1708 -0.0268668369 0.0140266699 0.00644863696 0 0 0
nt@synapse_cleft 1715 -0.00233695322 0.0115772787 0.0147847005 0 0 0
nt@synapse_cleft 1721 0.0214273905 -0.0583132084 0.00548485923 0 0 0
nt@synapse_cleft 1729 -0.00330071535 -0.0201821193 0.0107729893 0 0 0
nt@synapse_cleft 1736 0.0345757991 0.00742189621 0.0123834522 0 0 0
nt@synapse_cleft 1742 0.0191190471 -0.0480462731 0.00596588911 0 0 0
nt@synapse_cleft 1743 0.0277697455 0.0336486301 0.0122571444 0 0 0
nt@synapse_cleft 1745 -0.0305441453 0.0181618231 0.00339803159 0 0 0
nt@synapse_cleft 1746 0.0117744247 -0.0240124555 0.0165549361 0 0 0
nt@synapse_cleft 1748 0.0534804732 0.0188827227 0.0132203414 0 0 0
nt@synapse_cleft 1751 0.0516150028 0.00345664652 0.00855276106 0 0 0
nt@synapse_cleft 1759 -0.00305972926 -0.0165983574 0.019433063 0 0 0
nt@synapse_cleft 1762 -0.0298539134 -0.0146137524 0.00599797454 0 0 0
nt@synapse_cleft 1768 0.00624741094 -0.0572720051 0.0123910555 0 0 0
nt@synapse_cleft 1775 -0.0149497501 -0.00784431519 0.0116221137 0 0 0
nt@synapse_cleft 1781 -0.0150578402 0.0509804257 0.00599088445 0 0 0
nt@synapse_cleft 1793 0.0134677426 0.0429272833 0.0115853877 0 0 0
nt@synapse_cleft 1795 0.0425554384 -0.0194129345 0.0177367847 0 0 0
nt@synapse_cleft 1804 0.0104266139 0.0225317639 0.0108673375 0 0 0
nt@synapse_cleft 1815 -0.0291209927 -0.0147333831 0.00633822605 0 0 0
nt@synapse_cleft 1824 0.0206512377 -0.00207209037 0.000204740957 0 0 0
nt@synapse_cleft 1829 0.0539809319 -0.0168163644 0.0104360205 0 0 0
nt@synapse_cleft 1830 -0.0438852911 -0.00666619225 0.0175893365 0 0 0
nt@synapse_cleft 1837 -0.0453399724 -0.0121757213 0.00912019529 0 0 0
nt@synapse_cleft 1838 0.00870511044 -0.0552913906 0.00678073285 0 0 0
nt@synapse_cleft 1843 0.00615152881 0.0177360352 0.0115176883 0 0 0
nt@synapse_cleft 1846 -0.0178787687 -0.012380064 0.00919644207 0 0 0
nt@synapse_cleft 1853 0.0517720964 -0.0352045244 0.0106878845 0 0 0
nt@synapse_cleft 1854 0.0197661759 0.00524686456 0.00791411992 0 0 0
nt@synapse_cleft 1856 0.02054394 -0.0178312038 0.014446313 0 0 0
nt@synapse_cleft 1872 0.00157801838 -0.0103568902 0.0123854616 0 0 0
nt@synapse_cleft 1877 0.014609791 0.0258082689 0.0180318846 0 0 0
nt@synapse_cleft 1880 -0.0347776676 -0.0213387504 0.00493206628 0 0 0
nt@synapse_cleft 1883 0.0255137807 0.0179161944 0.0168393155 0 0 0
nt@synapse_cleft 1885 -0.0189587236 -0.0031987759 0.00627474413 0 0 0
nt@synapse_cleft 1887 0.0095710767 0.0236716749 0.00292610097 0 0 0
nt@synapse_cleft 1892 -0.000928226924 3.99555819e-05 0.00875256146 0 0 0
nt@synapse_cleft 1896 0.0210162164 0.0143232305 0.00797272465 0 0 0
nt@synapse_cleft 1904 -0.0383802619 0.0470164756 0.00258831015 0 0 0
nt@synapse_cleft 1918 -0.0201348257 0.0647691677 0.0116437704 0 0 0
nt@synapse_cleft 1923 -0.0126274962 0.0191507155 0.0140860427 0 0 0
nt@synapse_cleft 1926 0.00903122829 -0.0110431629 0.0168383186 0 0 0
nt@synapse_cleft 1932 0.0226366477 -0.0102026919 0.0146653418 0 0 0
nt@synapse_cleft 1942 0.0469457048 -0.0385959006 0.00618909276 0 0 0
nt@synapse_cleft 1944 -0.00124759376 0.0336933645 0.00511329414 0 0 0
nt@synapse_cleft 1946 -0.0220378822 -0.0184215416 0.0051560018 0 0 0
nt@synapse_cleft 1961 0.0442885819 0.0178683997 0.0133952236 0 0 0
nt@synapse_cleft 1967 -0.00261806607 -0.0410871448 0.0049478427 0 0 0
nt@synapse_cleft 1970 -0.0230284424 -0.0375739186 0.013213492 0 0 0
nt@synapse_cleft 1973 0.0242387101 0.0263055482 0.0163663898 0 0 0
nt@synapse_cleft 1976 -0.0520548319 -0.00990576817 9.98428384e-05 0 0 0
nt@synapse_cleft 1980 -0.00400975727 -0.0103532129 0.0108499792 0 0 0
nt@synapse_cleft 1984 -0.0385908603 -0.0287218679 0.000539967009 0 0 0
nt@synapse_cleft 1990 0.025979116 0.0223521202 0.00263386118 0 0 0
nt@synapse_cleft 1997 -0.014261662 0.0270370658 0.0155836823 0 0 0
nt@synapse_cleft 2004 -0.0137760838 0.0131320523 0.0164475856 0 0 0
nt@synapse_cleft 2013 -0.00747899797 -0.00656750924 0.0129191542 0 0 0
nt@synapse_cleft 2014 0.0123087231 -2.86418552e-05 0.00923700839 0 0 0
nt@synapse_cleft 2019 0.0209003474 -0.0117195075 0.0191623639 0 0 0
nt@synapse_cleft 2032 -0.0254861705 0.0149348847 0.0102434461 0 0 0
nt@synapse_cleft 2036 0.0597069949 -0.0429553174 0.016346874 0 0 0
nt@synapse_cleft 2061 0.0163650835 0.000890380798 0.00718265607 0 0 0
nt@synapse_cleft 2064 0.0216030458 0.0235003069 0.0148544176 0 0 0
nt@synapse_cleft 2091 -0.00643568288 0.0396263904 0.0125613969 0 0 0
nt@synapse_cleft 2092 0.0168767184 0.0207208967 0.0111690425 0 0 0
nt@synapse_cleft 2096 -0.0108713632 -0.0119520575 0.00625575897 0 0 0
nt@synapse_cleft 2104 0.0502524025 -0.0178557895 0.0151668975 0 0 0
nt@synapse_cleft 2112 -0.00419331086 -0.0286137438 0.000956535464 0 0 0
nt@synapse_cleft 2124 -0.00708367257 0.0661967221 0.00774479096 0 0 0
nt@synapse_cleft 2127 0.0296295697 -0.0152164408 0.00712783127 0 0 0
nt@synapse_cleft 2137 -0.0631681327 0.0511748258 0.0133819682 0 0 0
nt@synapse_cleft 2148 0.0354641122 -0.081799273 0.00651681262 0 0 0
nt@synapse_cleft 2156 0.0451449198 -0.0393607108 0.0163427808 0 0 0
nt@synapse_cleft 2162 -0.00814612099 0.00577071919 0.0153132948 0 0 0
nt@synapse_cleft 2163 0.0153585931 -0.00270300139 0.00652011482 0 0 0
nt@synapse_cleft 2185 -0.0271782012 -0.00629356313 0.0179148562 0 0 0
nt@synapse_cleft 2187 -0.0160721424 0.00303708081 0.00040959405 0 0 0
nt@synapse_cleft 2199 -0.00112516588 -0.0156752468 0.00288514448 0 0 0
nt@synapse_cleft 2204 -0.0228643617 0.026983833 0.00199474884 0 0 0
nt@synapse_cleft 2218 6.53472058e-05 -0.0082116068 0.0062773052 0 0 0
nt@synapse_cleft 2223 -0.0196647794 -0.0111128105 0.0188862872 0 0 0
nt@synapse_cleft 2228 -0.0082351331 0.0165796707 0.0142736493 0 0 0
nt@synapse_cleft 2236 -0.00133552218 0.00398224761 0.0188154689 0 0 0
nt@synapse_cleft 2251 -0.00256279714 0.00483608224 0.00431537336 0 0 0
nt@synapse_cleft 2254 -0.00883071377 -0.029436052 0.0081435064 0 0 0
nt@synapse_cleft 2257 0.0191586215 -0.00160551258 0.0133363675 0 0 0
nt@synapse_cleft 2262 -0.0189680978 0.00118104705 0.015794338 0 0 0
nt@synapse_cleft 2271 -0.0476812229 0.0136563374 0.0199432991 0 0 0
nt@synapse_cleft 2274 -0.00401006683 0.036702419 0.000592539218 0 0 0
nt@synapse_cleft 2278 0.0295499023 0.0344771127 0.000665923993 0 0 0
nt@synapse_cleft 2279 -0.022854177 0.00683566413 0.0160423066 0 0 0
nt@synapse_cleft 2283 0.0419876014 -0.0173035188 0.0179585919 0 0 0
nt@synapse_cleft 2284 0.0289021353 0.001011835 0.00132799315 0 0 0
nt@synapse_cleft 2285 -0.00082964439 -0.00492425237 0.0136824723 0 0 0
nt@synapse_cleft 2298 -0.0585271764 -0.034307213 0.0121321854 0 0 0
nt@synapse_cleft 2306 -0.0134005448 -0.0607395665 0.000353618773 0 0 0
nt@synapse_cleft 2308 -0.0526814451 0.0409248536 0.00824825255 0 0 0
nt@synapse_cleft 2309 0.00456943388 0.0128524089 0.0150663997 0 0 0
nt@synapse_cleft 2314 -0.00661570695 -0.0239919755 0.0032944064 0 0 0
nt@synapse_cleft 2317 0.0416708405 0.00747134041 0.000769426553 0 0 0
nt@synapse_cleft 2320 0.0137048596 -0.0325948971 0.00280557068 0 0 0
nt@synapse_cleft 2321 0.0497107579 0.00450055212 0.00608097676 0 0 0
nt@synapse_cleft 2327 -0.0311542343 -0.0160761479 0.0180502579 0 0 0
nt@synapse_cleft 2330 -0.0296587297 0.01855414 0.0165330932 0 0 0
nt@synapse_cleft 2349 0.0519114243 0.0258664637 0.00980805397 0 0 0
nt@synapse_cleft 2367 -0.0318193589 -0.0506821124 0.000453827718 0 0 0
nt@synapse_cleft 2369 -0.0307739965 0.00806645444 0.00219230592 0 0 0
nt@synapse_cleft 2383 0.00356474238 -0.0743263734 0.00731919 0 0 0
nt@synapse_cleft 2389 0.00202991534 -0.0150026807 0.0145527046 0 0 0
nt@synapse_cleft 2400 -0.0200373191 -0.0236667425 0.0158214812 0 0 0
nt@synapse_cleft 2411 0.0162838535 -0.0405674564 0.0156796781 0 0 0
nt@synapse_cleft 2412 -0.00441804125 0.00688672011 0.0161636562 0 0 0
nt@synapse_cleft 2417 -0.0170756121 0.00549826467 0.0182640003 0 0 0
nt@synapse_cleft 2421 -0.00395676373 0.0204613404 0.00150011783 0 0 0
nt@synapse_cleft 2423 0.00798354983 -0.049207929 0.00346789483 0 0 0
nt@synapse_cleft 2437 0.0491145057 -0.0065103826 0.0165638195 0 0 0
nt@synapse_cleft 2438 0.0113236604 -0.0312184634 0.000490559954 0 0 0
nt@synapse_cleft 2448 0.00196889327 0.0165285398 0.00347350348 0 0 0
nt@synapse_cleft 2456 -0.0180998197 -0.00883608739 0.000235954988 0 0 0
nt@synapse_cleft 2462 -0.0135969146 0.0300169225 0.00216082883 0 0 0
nt@synapse_cleft 2468 -0.0462317983 -0.0239053017 0.0164310302 0 0 0
nt@synapse_cleft 2472 0.0603450403 -0.0333121396 0.0167084431 0 0 0
nt@synapse_cleft 2480 -0.00417249612 -0.0327984484 0.00612811236 0 0 0
nt@synapse_cleft 2481 -0.0125798329 -0.0195531887 0.0164493179 0 0 0
nt@synapse_cleft 2483 0.0242299824 0.0156062514 0.00755433538 0 0 0
nt@synapse_cleft 2491 0.00220341475 0.021089805 0.0166513731 0 0 0
nt@synapse_cleft 2493 0.023833071 -0.0377655549 0.0115000104 0 0 0
nt@synapse_cleft 2498 0.014791891 -0.0249986883 0.00394485462 0 0 0
nt@synapse_cleft 2502 0.0246624749 -0.0288126231 0.00659062456 0 0 0
nt@synapse_cleft 2509 -0.00194312387 -0.019260498 0.00517121286 0 0 0
nt@synapse_cleft 2513 -0.00293882316 0.0239316145 0.01197834 0 0 0
nt@synapse_cleft 2517 -0.0111016493 0.00651142797 0.0103228933 0 0 0
nt@synapse_cleft 2520 0.0205959142 0.0281354806 0.00336194081 0 0 0
nt@synapse_cleft 2528 0.0137078378 0.00209920375 0.0124185164 0 0 0
nt@synapse_cleft 2539 -0.00467715027 0.0276539514 0.00540564548 0 0 0
nt@synapse_cleft 2542 0.0244836369 -0.0322595154 0.00485475803 0 0 0
nt@synapse_cleft 2549 -0.0134989388 0.0630398914 0.016220478 0 0 0
nt@synapse_cleft 2550 0.0454706333 0.00707839001 0.0108843026 0 0 0
nt@synapse_cleft 2555 0.057697757 -0.0216416018 0.00671534432 0 0 0
nt@synapse_cleft 2560 -0.0312041881 -0.00914103069 0.00357753648 0 0 0
nt@synapse_cleft 2561 0.0229276379 0.0541743211 0.010683201 0 0 0
nt@synapse_cleft 2563 0.00542177936 0.000517061779 0.0100253047 0 0 0
nt@synapse_cleft 2564 -0.0126398002 0.0515994247 0.010349664 0 0 0
nt@synapse_cleft 2566 -0.00283235125 0.00321000223 0.00974867303 0 0 0
nt@synapse_cleft 2570 0.00250286229 0.00420394918 0.00836965359 0 0 0
nt@synapse_cleft 2577 -0.00725142049 0.0277411171 0.0154390171 0 0 0
nt@synapse_cleft 2597 -0.0163223224 -0.000586603445 0.000889813419 0 0 0
nt@synapse_cleft 2603 0.0355579214 -0.0267948219 0.0164785187 0 0 0
nt@synapse_cleft 2604 0.0528046155 -0.0152796101 0.0166087197 0 0 0
nt@synapse_cleft 2610 0.011205937 -0.0290534411 0.018771803 0 0 0
nt@synapse_cleft 2615 0.00554757967 -0.0713264109 0.014089329 0 0 0
nt@synapse_cleft 2625 -0.0549210871 -0.0261408526 0.00175997585 0 0 0
nt@synapse_cleft 2628 0.0134130766 -0.0361539046 0.0069438893 0 0 0
nt@synapse_cleft 2639 0.0122914111 -0.0261715819 0.00612463036 0 0 0
nt@synapse_cleft 2641 -0.015583493 -0.0115779644 0.00655188905 0 0 0
nt@synapse_cleft 2652 -0.0050974943 0.003437304 0.0182436302 0 0 0
nt@synapse_cleft 2660 -0.0195429679 -0.0238198708 0.00190208018 0 0 0
nt@synapse_cleft 2670 -0.00178372525 -0.0110986323 0.00911977699 0 0 0
nt@synapse_cleft 2680 -0.0596390799 -0.0417257166 0.00604233012 0 0 0
nt@synapse_cleft 2681 -0.0348305029 -0.0296426637 0.0190680715 0 0 0
nt@synapse_cleft 2688 -0.0419067684 0.0682309452 0.00312556054 0 0 0
nt@synapse_cleft 2702 -0.0144363583 -0.0136052084 0.00404263241 0 0 0
nt@synapse_cleft 2708 -0.0471402067 0.0156083705 0.00483149336 0 0 0
nt@synapse_cleft 2709 0.0149357464 -0.00505887532 0.00761166735 0 0 0
nt@synapse_cleft 2713 -0.010628412 -0.0251523842 0.00170204603 0 0 0
nt@synapse_cleft 2720 0.0171596894 0.0231327024 0.0122515217 0 0 0
nt@synapse_cleft 2724 0.0022754924 -0.00996844631 0.00837000382 0 0 0
nt@synapse_cleft 2729 0.00169331059 -0.0419595661 0.0129147216 0 0 0
nt@synapse_cleft 2743 -0.00102102198 -0.0459080506 0.0183287445 0 0 0
nt@synapse_cleft 2750 0.0106789193 -0.05059806 0.0189092392 0 0 0
nt@synapse_cleft 2752 -0.0268621126 -0.0314728766 0.00374798509 0 0 0
nt@synapse_cleft 2756 0.0354455865 -0.0246956378 0.00946610755 0 0 0
nt@synapse_cleft 2766 -0.0292730183 0.0260640058 0.00270726885 0 0 0
nt@synapse_cleft 2775 0.0350323003 -0.0279154482 0.0154268885 0 0 0
nt@synapse_cleft 2785 0.00876700677 0.0474627808 0.016684328 0 0 0
nt@synapse_cleft 2798 -0.0362012266 0.0122099694 0.00726508482 0 0 0
nt@synapse_cleft 2807 -0.0251951201 0.00885684099 0.00755076438 0 0 0
nt@synapse_cleft 2808 0.0291681193 0.0549443156 0.0137430662 0 0 0
nt@synapse_cleft 2820 0.0136623998 -0.00106600461 0.0149787266 0 0 0
nt@synapse_cleft 2828 0.00492796578 -0.0358667448 0.00228235898 0 0 0
nt@synapse_cleft 2857 0.013303313 -0.025294174 0.0105202817 0 0 0
nt@synapse_cleft 2861 -0.00497375107 0.0180161368 0.00238681025 0 0 0
nt@synapse_cleft 2863 -0.0523242904 -0.0023583185 0.000919264846 0 0 0
nt@synapse_cleft 2875 0.0211314244 0.0167345169 0.0180552933 0 0 0
nt@synapse_cleft 2876 -0.00205872155 -0.00200795954 0.0170073785 0 0 0
nt@synapse_cleft 2880 0.0230208605 -0.00860050674 0.00180161077 0 0 0
nt@synapse_cleft 2884 0.0247405288 0.0140900715 0.0152705875 0 0 0
nt@synapse_cleft 2894 0.0139055853 0.00858583321 0.00306938603 0 0 0
nt@synapse_cleft 2895 0.0673431167 -0.00680841005 0.0113667894 0 0 0
nt@synapse_cleft 2905 -0.00498026632 0.00615784435 0.0141695883 0 0 0
nt@synapse_cleft 2909 0.0482182544 0.00145056819 0.00991098837 0 0 0
nt@synapse_cleft 2910 -0.0684262031 0.00847908501 0.0158227668 0 0 0
nt@synapse_cleft 2912 0.000436579295 -0.0204567878 0.0143840728 0 0 0
nt@synapse_cleft 2915 0.0363216278 -0.0480630884 0.0116040546 0 0 0
nt@synapse_cleft 2920 0.00346508937 0.00031332839 0.0199935578 0 0 0
nt@synapse_cleft 2933 -0.00403682019 -0.0188522442 0.00258308 0 0 0
nt@synapse_cleft 2935 -0.0346449462 0.0118450617 0.0154902012 0 0 0
nt@synapse_cleft 2940 -0.00153188621 -0.0153602534 0.00101788104 0 0 0
nt@synapse_cleft 2962 0.0190676018 -0.00864425686 0.00979526051 0 0 0
nt@synapse_cleft 2967 0.0103148471 -0.0409683669 0.00955761851 0 0 0
nt@synapse_cleft 2983 0.0103738814 -0.0377548393 0.0100154915 0 0 0
nt@synapse_cleft 2993 -0.0256051463 0.0540062835 0.0172207564 0 0 0
nt@synapse_cleft 3006 0.0389619841 0.0552871218 0.00240771573 0 0 0
nt@synapse_cleft 3008 0.0207677106 0.0550653373 0.0139973346 0 0 0
nt@synapse_cleft 3012 0.021503961 -0.0029892422 0.0117394388 0 0 0
nt@synapse_cleft 3019 -0.0304207291 -0.00458190684 0.00495458588 0 0 0
nt@synapse_cleft 3020 -0.0121043761 -0.0238928944 0.00152074782 0 0 0
nt@synapse_cleft 3042 -0.00569395619 0.0061619546 0.0156570802 0 0 0
nt@synapse_cleft 3047 0.024061237 0.0613299844 0.0145488839 0 0 0
nt@synapse_cleft 3057 0.0317023511 -0.00648236753 0.0123096629 0 0 0
nt@synapse_cleft 3061 -0.017279165 0.031564519 0.00290489471 0 0 0
nt@synapse_cleft 3062 0.0197090174 -0.017303446 0.00333259175 0 0 0
nt@synapse_cleft 3069 0.0526847981 -0.0315595849 0.0174559004 0 0 0
nt@synapse_cleft 3073 0.011395605 0.0333947803 0.00114921331 0 0 0
nt@synapse_cleft 3082 0.0291566884 0.0249933014 0.00428003394 0 0 0
nt@synapse_cleft 3089 -0.00765240669 -0.0233129548 7.47476578e-05 0 0 0
nt@synapse_cleft 3096 -0.0068815929 0.0233240503 0.00240712671 0 0 0
nt@synapse_cleft 3099 -0.0362899242 0.0134544339 0.0194550344 0 0 0
nt@synapse_cleft 3114 0.0426713473 0.0246601686 0.0155045317 0 0 0
nt@synapse_cleft 3132 -0.0118269634 -0.0104741386 0.011956736 0 0 0
nt@synapse_cleft 3134 0.0123102536 0.0307250609 0.0170754853 0 0 0
nt@synapse_cleft 3150 0.0358789041 -0.0719578276 0.00583279142 0 0 0
nt@synapse_cleft 3155 -0.0144951684 0.00476396989 0.0102511156 0 0 0
nt@synapse_cleft 3159 -0.0125739053 0.0105220679 0.0183257302 0 0 0
nt@synapse_cleft 3177 0.0308065566 -0.0185181871 0.0101594425 0 0 0
nt@synapse_cleft 3178 -0.0201254686 -0.0135017736 0.0163680514 0 0 0
nt@synapse_cleft 3181 0.00667770531 -0.00659537473 0.019671204 0 0 0
nt@synapse_cleft 3183 0.00424730321 -0.0312981505 0.00809333435 0 0 0
nt@synapse_cleft 3184 0.0291725825 0.0272878626 0.0144219225 0 0 0
nt@synapse_cleft 3185 0.0188444276 0.00885615411 0.0152879055 0 0 0
nt@synapse_cleft 3199 0.00934798824 0.025066013 0.0190013421 0 0 0
nt@synapse_cleft 3202 0.00827111508 0.0490191858 0.00880644714 0 0 0
nt@synapse_cleft 3207 -0.0184891459 -0.0113643118 0.00544101282 0 0 0
nt@synapse_cleft 3220 0.00683213571 0.0347510331 0.00783286939 0 0 0
nt@synapse_cleft 3222 -0.0623597801 -0.021165702 0.00968574406 0 0 0
nt@synapse_cleft 3227 0.0137997876 0.00534059575 0.00752157201 0 0 0
nt@synapse_cleft 3247 0.00269350774 -0.00540417767 0.0149581233 0 0 0
nt@synapse_cleft 3249 -0.0223232652 -0.00900998692 0.0094536052 0 0 0
nt@synapse_cleft 3275 0.00960807741 -0.0184604355 0.0155147899 0 0 0
nt@synapse_cleft 3304 0.0239938792 0.0756012361 0.010649613 0 0 0
nt@synapse_cleft 3308 -0.0221158814 0.0493568766 0.00745985615 0 0 0
nt@synapse_cleft 3313 -0.00589122315 -0.00538122207 0.000349794768 0 0 0
nt@synapse_cleft 3326 0.0184256492 -0.00274267071 0.000657284901 0 0 0
nt@synapse_cleft 3334 0.00545085546 0.00472787451 0.0109484106 0 0 0
nt@synapse_cleft 3338 0.000553168926 -0.0592818408 0.0192886655 0 0 0
nt@synapse_cleft 3341 0.0248214781 -0.00695508321 0.0114771677 0 0 0
nt@synapse_cleft 3347 0.0206911466 -0.034968977 0.0139703843 0 0 0
nt@synapse_cleft 3367 0.0162010518 0.016002723 0.00406564598 0 0 0
nt@synapse_cleft 3375 0.0425691264 0.0319323103 0.0198571514 0 0 0
nt@synapse_cleft 3378 0.0115909258 0.0304279979 0.00116768793 0 0 0
nt@synapse_cleft 3394 -0.00393767604 -0.0378119976 0.00017073307 0 0 0
nt@synapse_cleft 3401 0.0433170608 -0.00832822601 0.00591802955 0 0 0
nt@synapse_cleft 3402 -0.00504844921 -0.0175558342 0.00158966278 0 0 0
nt@synapse_cleft 3404 0.0183783146 -0.0326230855 0.00167386518 0 0 0
nt@synapse_cleft 3407 -0.00852887312 0.0687573311 0.0115513255 0 0 0
nt@synapse_cleft 3413 0.015641334 0.0210365361 0.0163586805 0 0 0
nt@synapse_cleft 3419 -0.0375463976 0.0157886648 0.000840027343 0 0 0
nt@synapse_cleft 3429 0.0591052111 -0.0147804788 0.0174503611 0 0 0
nt@synapse_cleft 3432 0.0495374547 -0.0593893266 0.00103933922 0 0 0
nt@synapse_cleft 3445 0.0232914236 0.0376197842 0.0139464911 0 0 0
nt@synapse_cleft 3451 0.0100744228 0.0157057294 0.0152886508 0 0 0
nt@synapse_cleft 3467 -0.0789392586 -0.00118747119 0.00053845487 0 0 0
nt@synapse_cleft 3474 0.0496032261 -0.00335186133 0.0064504566 0 0 0
nt@synapse_cleft 3482 -0.0686169368 -0.0401639109 0.00924440917 0 0 0
nt@synapse_cleft 3484 -0.00623979564 0.0242163853 0.0150987128 0 0 0
nt@synapse_cleft 3500 0.0197294573 -0.029674418 0.0198080625 0 0 0
nt@synapse_cleft 3507 -0.0304734386 0.00323642091 0.0191036464 0 0 0
nt@synapse_cleft 3511 0.0282943921 -0.0357058445 0.00410247063 0 0 0
nt@synapse_cleft 3514 0.0015164697 -0.00954669898 0.0131805466 0 0 0
nt@synapse_cleft 3526 0.0196798177 -0.0414668627 0.0153147852 0 0 0
nt@synapse_cleft 3535 0.0101035551 0.0146999136 0.00209262412 0 0 0
nt@synapse_cleft 3536 0.0148206193 0.0153789634 0.00744921723 0 0 0
nt@synapse_cleft 3538 -0.0343565925 0.0144445657 0.00112314124 0 0 0
nt@synapse_cleft 3542 -0.00348529182 0.0302651235 0.00141383334 0 0 0
nt@synapse_cleft 3543 -0.0305389892 -0.021457898 0.00884793273 0 0 0
nt@synapse_cleft 3546 0.0154045156 0.0267287418 0.0132493288 0 0 0
nt@synapse_cleft 3561 -0.0193667368 -0.00882981842 0.000522315704 0 0 0
nt@synapse_cleft 3562 -0.0567622068 -0.00640536826 0.006694672 0 0 0
nt@synapse_cleft 3563 0.0243270904 -0.0202328671 0.0186743364 0 0 0
nt@synapse_cleft 3565 0.0331779811 -0.0243640771 0.000107323329 0 0 0
nt@synapse_cleft 3566 -0.00978876298 0.0670428588 0.0180942375 0 0 0
nt@synapse_cleft 3568 0.0161857879 -0.0446895078 0.011711495 0 0 0
nt@synapse_cleft 3575 -0.00856311104 0.00479988471 0.0187166009 0 0 0
nt@synapse_cleft 3576 0.0477973467 0.00319896014 0.00996914012 0 0 0
nt@synapse_cleft 3592 0.0157892712 0.0455765639 0.012578502 0 0 0
nt@synapse_cleft 3602 -0.0371196985 -0.0117233211 0.00243056012 0 0 0
nt@synapse_cleft 3603 -0.0163172577 0.0215818782 0.0157775522 0 0 0
nt@synapse_cleft 3606 0.00376807791 -0.000107199685 0.00793687825 0 0 0
nt@synapse_cleft 3611 0.0186774909 0.00560222485 0.0174168169 0 0 0
nt@synapse_cleft 3616 -0.0388288046 0.0340929141 0.0178571545 0 0 0
nt@synapse_cleft 3617 -0.0121692555 -0.0632537879 0.0177114666 0 0 0
nt@synapse_cleft 3620 0.0158152619 0.0285836011 0.00378711465 0 0 0
nt@synapse_cleft 3625 0.0224923399 0.022164602 0.0172962179 0 0 0
nt@synapse_cleft 3635 -0.0124558624 0.0192353735 0.00473249971 0 0 0
nt@synapse_cleft 3636 0.00960678255 -0.00748858236 0.00988629663 0 0 0
nt@synapse_cleft 3645 -0.00290077994 -0.0291576165 0.00892960633 0 0 0
nt@synapse_cleft 3658 0.0179139496 -0.0217813059 0.0126537407 0 0 0
nt@synapse_cleft 3661 0.0256249771 -0.00351742216 0.0151666858 0 0 0
nt@synapse_cleft 3664 0.0302524647 -0.0505828289 0.00910063488 0 0 0
nt@synapse_cleft 3667 -0.0336898707 -0.000443731428 0.00564867082 0 0 0
nt@synapse_cleft 3681 0.0368516515 -0.0244935665 0.00306016379 0 0 0
nt@synapse_cleft 3690 0.041718192 -0.0167514725 0.0140182514 0 0 0
nt@synapse_cleft 3693 -0.0631875501 -0.0251650854 0.0167648819 0 0 0
nt@synapse_cleft 3706 0.0303332341 -0.025128673 0.00728830127 0 0 0
nt@synapse_cleft 3707 -0.0675201085 -0.0108568745 0.0157067737 0 0 0
nt@synapse_cleft 3714 -0.0618914413 -0.00645119707 0.018939486 0 0 0
nt@synapse_cleft 3730 0.0102166527 0.0121289416 0.00187460482 0 0 0
nt@synapse_cleft 3731 -0.00225823328 0.00589564869 0.013646161 0 0 0
nt@synapse_cleft 3737 0.0106878141 0.0253922055 0.00814577747 0 0 0
nt@synapse_cleft 3739 0.0271546444 0.0596060247 0.0117321671 0 0 0
nt@synapse_cleft 3745 0.00311469712 0.0222841171 0.0098905737 0 0 0
nt@synapse_cleft 3751 -0.00169868327 0.00349594029 0.00688294744 0 0 0
nt@synapse_cleft 3758 -0.0137688048 -0.0350932581 0.00383245666 0 0 0
nt@synapse_cleft 3759 -0.0231706257 -0.0169788662 0.011406129 0 0 0
nt@synapse_cleft 3763 0.0375191014 0.0356817748 0.0043126822 0 0 0
nt@synapse_cleft 3768 0.0229007247 -0.00496669836 0.0121869791 0 0 0
nt@synapse_cleft 3771 0.0280279468 -0.0279237101 0.0104117147 0 0 0
nt@synapse_cleft 3775 0.00442150365 -0.00778968046 0.0152933667 0 0 0
nt@synapse_cleft 3783 -0.0230070943 -0.0202354812 0.00280946718 0 0 0
nt@synapse_cleft 3788 -0.006754506 -0.017061603 0.0190436216 0 0 0
nt@synapse_cleft 3793 -0.0170292317 -0.00975276404 0.0127660105 0 0 0
nt@synapse_cleft 3800 0.0114736812 -0.0105332905 0.0119928039 0 0 0
nt@synapse_cleft 3802 0.00756705196 0.0219971707 0.000876235937 0 0 0
nt@synapse_cleft 3811 -0.0146190998 -0.0374821058 0.00436028958 0 0 0
nt@synapse_cleft 3827 0.0126740199 0.0613158483 0.015826213 0 0 0
nt@synapse_cleft 3831 0.00117500691 -0.0477403321 0.00438753647 0 0 0
nt@synapse_cleft 3834 0.0403238278 -0.0323442965 0.0145127632 0 0 0
nt@synapse_cleft 3835 0.0181905131 -0.0501768412 0.00863477893 0 0 0
nt@synapse_cleft 3841 0.0441250356 -0.0290167436 0.00376318906 0 0 0
nt@synapse_cleft 3844 -0.00512513412 -0.00906070319 0.018084066 0 0 0
nt@synapse_cleft 3846 -0.0228129098 0.00446916099 0.0177865424 0 0 0
nt@synapse_cleft 3848 0.02718067 0.0422959149 0.0194200527 0 0 0
nt@synapse_cleft 3850 -0.0262218667 -0.020163914 0.0142111914 0 0 0
nt@synapse_cleft 3859 0.0504153869 0.00195052375 0.00177718106 0 0 0
nt@synapse_cleft 3879 0.0523687315 -0.0645268514 0.0171555819 0 0 0
nt@synapse_cleft 3886 0.0417843458 0.0489883094 0.00563221493 0 0 0
nt@synapse_cleft 3891 0.0125797607 -0.0152774664 0.00921072608 0 0 0
nt@synapse_cleft 3902 -0.0355933871 0.00726961271 0.00581562134 0 0 0
nt@synapse_cleft 3907 -0.0272835839 -0.0166234482 0.013307738 0 0 0
nt@synapse_cleft 3918 -0.00646073593 -0.00610113109 0.00950278017 0 0 0
nt@synapse_cleft 3921 0.0332399055 0.054914126 0.000334365983 0 0 0
nt@synapse_cleft 3927 0.00667111334 0.0459363303 0.0181560255 0 0 0
nt@synapse_cleft 3932 0.0228319726 -0.0158801409 0.0187740428 0 0 0
nt@synapse_cleft 3952 -0.0395873794 0.0246342527 0.0043340997 0 0 0
nt@synapse_cleft 3953 0.027387215 -0.0320115708 0.0049703064 0 0 0
nt@synapse_cleft 3957 0.0248927775 0.0124731479 0.0156900633 0 0 0
nt@synapse_cleft 3958 0.0114792241 0.0162608599 0.013665441 0 0 0
nt@synapse_cleft 3963 0.0209525629 0.0188959034 0.00887099376 0 0 0
nt@synapse_cleft 3965 -0.0431787943 0.00416685106 0.00330814805 0 0 0
nt@synapse_cleft 3967 0.0192319089 -0.0205210204 0.0194604798 0 0 0
nt@synapse_cleft 3968 0.0165451964 -0.0064866337 0.00274353728 0 0 0
nt@synapse_cleft 3973 -0.00482922739 0.0045118229 0.0122721126 0 0 0
nt@synapse_cleft 3974 -0.0281994705 0.0590968253 0.000248095113 0 0 0
nt@synapse_cleft 3978 0.0291302209 0.00180595415 0.0167137628 0 0 0
nt@synapse_cleft 3983 -0.0394769387 -0.0300669358 4.73536608e-05 0 0 0
nt@synapse_cleft 3988 -0.0069844329 -0.0331932911 0.00470283792 0 0 0
nt@synapse_cleft 3991 0.0722159448 -0.0280435376 0.00863107788 0 0 0
nt@synapse_cleft 3993 -0.0554744916 0.000682472591 0.0134287758 0 0 0
nt@synapse_cleft 3997 -0.0514161849 0.00678317371 0.01274904 0 0 0
nt@synapse_cleft 3999 -0.0347402398 -0.0138919759 0.00513157007 0 0 0
nt@synapse_cleft 4018 0.0172329354 0.00131827843 0.018041499 0 0 0
nt@synapse_cleft 4037 -0.0126561964 0.0336350373 0.0196052562 0 0 0
nt@synapse_cleft 4040 0.00164731524 0.00230646734 0.0165533713 0 0 0
nt@synapse_cleft 4049 0.0295636299 0.0138492026 0.0148284131 0 0 0
nt@synapse_cleft 4051 0.0158771131 0.0014991662 0.00596155413 0 0 0
nt@synapse_cleft 4064 0.0020608562 0.0228805954 0.0114114493 0 0 0
nt@synapse_cleft 4070 -0.0229588526 -0.00040717151 0.0165786739 0 0 0
nt@synapse_cleft 4071 -0.0134542323 -0.0504015591 0.0130274715 0 0 0
nt@synapse_cleft 4103 -0.00824888302 0.00554613983 0.00848335761 0 0 0
nt@synapse_cleft 4106 0.0243669917 0.0183613405 0.0179305154 0 0 0
nt@synapse_cleft 4111 0.0664829887 0.0265839118 0.000585706593 0 0 0
nt@synapse_cleft 4115 0.00184325722 0.00877753652 0.00416826891 0 0 0
nt@synapse_cleft 4119 0.012440765 -0.0272550489 0.0150025577 0 0 0
nt@synapse_cleft 4123 -0.00813666486 0.0109589692 0.0129698466 0 0 0
nt@synapse_cleft 4126 0.0360058748 -0.0290557344 0.000317566629 0 0 0
nt@synapse_cleft 4129 -0.00893019 0.0118611099 0.0145027663 0 0 0
nt@synapse_cleft 4132 0.0365050761 0.0311029975 0.0196481579 0 0 0
nt@synapse_cleft 4135 0.00987535818 -0.000854644505 0.0177898465 0 0 0
nt@synapse_cleft 4150 -0.0357531023 -0.0538430508 0.013518013 0 0 0
nt@synapse_cleft 4155 0.0191737657 -0.0600459888 0.00144309841 0 0 0
nt@synapse_cleft 4156 0.0555196901 -0.00259629151 0.00767787996 0 0 0
nt@synapse_cleft 4163 0.00125025019 0.0501443403 2.70947987e-05 0 0 0
nt@synapse_cleft 4177 -0.0521231755 0.0716141983 0.0191367018 0 0 0
nt@synapse_cleft 4187 -0.0246447145 -0.0283519727 0.0133241728 0 0 0
nt@synapse_cleft 4193 0.00815426427 -0.0402857898 0.0142575771 0 0 0
nt@synapse_cleft 4214 -0.0386780473 -0.0138872399 0.0164584761 0 0 0
nt@synapse_cleft 4215 0.0316043875 -0.0655410962 0.014611786 0 0 0
nt@synapse_cleft 4220 -0.00816119046 -0.00427448883 0.0146921047 0 0 0
nt@synapse_cleft 4228 0.0324790861 -0.0171915367 0.0197945187 0 0 0
nt@synapse_cleft 4230 -0.0213777914 0.0607286531 0.00408110613 0 0 0
nt@synapse_cleft 4233 0.0169513117 0.0223866577 0.00483057153 0 0 0
nt@synapse_cleft 4237 0.0113103444 -0.0104446646 0.0174605782 0 0 0
nt@synapse_cleft 4242 0.030396352 -0.0396414402 0.0136617072 0 0 0
nt@synapse_cleft 4252 0.0391924498 -0.00210092513 0.017076913 0 0 0
nt@synapse_cleft 4254 -0.00901781241 0.0420784042 0.00885099863 0 0 0
nt@synapse_cleft 4255 -0.021724924 -0.0365897336 0.0126846309 0 0 0
nt@synapse_cleft 4279 0.0245070292 -0.0472564845 0.0090244725 0 0 0
nt@synapse_cleft 4285 -0.044816294 0.0380443416 0.00562135218 0 0 0
nt@synapse_cleft 4288 0.0224989082 -0.0148806009 0.0163034729 0 0 0
nt@synapse_cleft 4293 -0.0167245061 -0.0154500725 0.00786326226 0 0 0
nt@synapse_cleft 4297 0.0424856189 -0.0258581615 0.00775323827 0 0 0
nt@synapse_cleft 4301 0.0314770284 0.000696382791 0.0115391073 0 0 0
nt@synapse_cleft 4312 -0.0113063898 -0.0267507576 0.00884901755 0 0 0
nt@synapse_cleft 4317 -0.00655889044 0.0477200675 0.0113630112 0 0 0
nt@synapse_cleft 4326 0.0278037433 -0.0124620381 0.0131080078 0 0 0
nt@synapse_cleft 4330 -0.0228517718 0.0125643462 0.0174333166 0 0 0
nt@synapse_cleft 4334 0.0146120322 -0.00137647619 0.00938244302 0 0 0
nt@synapse_cleft 4339 0.0106384003 -0.0306748648 0.0101404087 0 0 0
nt@synapse_cleft 4343 -0.0201492359 -0.0629478952 0.00293364179 0 0 0
nt@synapse_cleft 4346 0.0241946348 0.00839227283 0.00919291114 0 0 0
nt@synapse_cleft 4351 0.050399208 0.0129634588 0.00790237603 0 0 0
nt@synapse_cleft 4360 0.0114885524 0.00740769076 0.0150913698 0 0 0
nt@synapse_cleft 4365 0.00168504387 0.0417302393 0.0163308541 0 0 0
nt@synapse_cleft 4374 -0.0167357049 -0.0210601307 0.00296790876 0 0 0
nt@synapse_cleft 4376 -0.0145928176 -0.0112072349 0.00802762837 0 0 0
nt@synapse_cleft 4381 -0.0206466525 -0.0299007354 0.0134179042 0 0 0
nt@synapse_cleft 4386 -0.00945426068 0.00784477335 0.00838014387 0 0 0
nt@synapse_cleft 4392 -0.00839704722 0.0154933792 0.0117219307 0 0 0
nt@synapse_cleft 4395 0.0125281473 -0.0384060428 0.0184468064 0 0 0
nt@synapse_cleft 4396 0.0138527341 -0.0553188751 0.000102130725 0 0 0
nt@synapse_cleft 4398 -0.0216344644 0.022769753 0.00632719655 0 0 0
nt@synapse_cleft 4399 0.0111958753 0.0323769155 0.00241633916 0 0 0
nt@synapse_cleft 4414 -0.00116407741 -0.0263521101 0.0115874783 0 0 0
nt@synapse_cleft 4416 -0.0245809847 -0.00674656032 0.0146877876 0 0 0
nt@synapse_cleft 4423 0.00900953361 -0.00116186218 0.0133609914 0 0 0
nt@synapse_cleft 4424 -0.0311514903 -0.000162082795 0.00280914022 0 0 0
nt@synapse_cleft 4430 -0.00252414303 -0.0132697047 0.00480316875 0 0 0
nt@synapse_cleft 4431 0.0110188047 -0.0284209153 0.0125547883 0 0 0
nt@synapse_cleft 4434 0.0175543458 -0.00309620075 0.00285198642 0 0 0
nt@synapse_cleft 4446 -0.0132159855 0.0238241123 0.0179117476 0 0 0
nt@synapse_cleft 4464 0.0275876297 -0.0130793868 0.012560198 0 0 0
nt@synapse_cleft 4473 -0.0110900602 -0.00397205989 0.00852992773 0 0 0
nt@synapse_cleft 4478 -0.0204635931 0.040855438 0.0172316068 0 0 0
nt@synapse_cleft 4480 0.0118095724 0.0419846467 0.0107719798 0 0 0
nt@synapse_cleft 4482 -0.0401401435 -0.0278781828 0.0131037069 0 0 0
nt@synapse_cleft 4485 0.00913660144 0.022487381 0.00976733055 0 0 0
nt@synapse_cleft 4488 0.0235643523 -0.000642190491 0.00642959365 0 0 0
nt@synapse_cleft 4489 -0.00498990253 -0.00320592237 0.000517461957 0 0 0
nt@synapse_cleft 4496 -0.0483286358 0.0539513016 0.00129983469 0 0 0
nt@synapse_cleft 4499 -0.00309900644 0.0175877954 0.00297971604 0 0 0
nt@synapse_cleft 4501 0.0190778302 0.00842532409 0.0104105561 0 0 0
nt@synapse_cleft 4517 -0.0458809981 0.0138343624 0.00749794442 0 0 0
nt@synapse_cleft 4527 0.0171488745 -0.003320216 0.0169907455 0 0 0
nt@synapse_cleft 4538 -0.0431455881 -0.0436865293 0.00402647106 0 0 0
nt@synapse_cleft 4542 0.0112962574 0.0504691618 0.00385309437 0 0 0
nt@synapse_cleft 4545 -0.0243469219 0.035647067 0.0153991332 0 0 0
nt@synapse_cleft 4551 -0.0111373605 0.0375913549 0.0188884104 0 0 0
nt@synapse_cleft 4553 -0.038166409 -0.0154999995 0.0187384 0 0 0
nt@synapse_cleft 4559 -0.0304299309 0.0272038544 0.0127971038 0 0 0
nt@synapse_cleft 4574 0.0468293575 -0.0276398867 0.0117037503 0 0 0
nt@synapse_cleft 4576 -0.0342517167 -0.0296556472 0.0196196513 0 0 0
nt@synapse_cleft 4583 0.0104628358 0.00174848467 0.00214400654 0 0 0
nt@synapse_cleft 4590 -0.0531170648 -0.003370046 0.0190766222 0 0 0
nt@synapse_cleft 4593 -0.0425961598 0.0545124842 0.000829444776 0 0 0
nt@synapse_cleft 4594 0.0108107172 0.0197443077 0.00319891179 0 0 0
nt@synapse_cleft 4595 0.0343322847 -0.0502600578 0.00381086445 0 0 0
nt@synapse_cleft 4613 0.0596577208 0.00443925598 0.0125217686 0 0 0
nt@synapse_cleft 4620 0.00477108869 0.00318874165 0.0122333588 0 0 0
nt@synapse_cleft 4654 0.00709121454 -0.0350415893 0.00948966308 0 0 0
nt@synapse_cleft 4659 -0.0323573416 0.0360327397 0.0137151893 0 0 0
nt@synapse_cleft 4661 -0.00601046822 -0.0481115579 0.0140961858 0 0 0
nt@synapse_cleft 4681 0.0162306359 -0.0107780537 0.00773707639 0 0 0
nt@synapse_cleft 4700 -0.026140112 0.0579674778 0.00531623255 0 0 0
nt@synapse_cleft 4701 0.0250478729 0.0244336971 0.015976072 0 0 0
nt@synapse_cleft 4709 -0.0172774366 0.000725887863 0.00639783102 0 0 0
nt@synapse_cleft 4710 -0.0107679328 -0.0153764388 0.00222796857 0 0 0
nt@synapse_cleft 4718 0.0469923849 0.0122279782 0.0126717321 0 0 0
nt@synapse_cleft 4736 -0.00150006053 0.0220709617 0.0103240346 0 0 0
nt@synapse_cleft 4750 -0.000754090741 -0.0682902178 8.23829042e-06 0 0 0
nt@synapse_cleft 4753 -0.0216355763 0.00428393145 0.00699156917 0 0 0
nt@synapse_cleft 4754 -0.0123338751 -0.00656941131 0.00271897819 0 0 0
nt@synapse_cleft 4756 -0.0076915265 -0.00931173346 0.0186037004 0 0 0
nt@synapse_cleft 4758 -0.0303545382 0.00315020065 0.0182926683 0 0 0
nt@synapse_cleft 4764 0.0295477878 -0.0124792707 0.00136931871 0 0 0
nt@synapse_cleft 4779 0.0281627288 -0.0259956975 0.0128316709 0 0 0
nt@synapse_cleft 4784 0.0293747912 0.00800822089 0.0020147699 0 0 0
nt@synapse_cleft 4786 -0.0243694686 0.0202555337 0.0175134747 0 0 0
nt@synapse_cleft 4791 0.0462195803 -0.00281164873 0.0163019957 0 0 0
nt@synapse_cleft 4793 -0.0240498581 0.00152066408 0.0199843239 0 0 0
nt@synapse_cleft 4800 0.0250899837 -0.00446803856 0.0111408382 0 0 0
nt@synapse_cleft 4801 -0.0132251812 0.0140324211 0.016777843 0 0 0
nt@synapse_cleft 4816 -0.0369976765 -0.0198016262 0.0140050759 0 0 0
nt@synapse_cleft 4822 -0.0131774856 -0.0201497953 0.00525589873 0 0 0
nt@synapse_cleft 4823 -0.00631031219 0.0185498375 0.0148390803 0 0 0
nt@synapse_cleft 4829 0.0123721382 -0.0639368552 0.00509982292 0 0 0
nt@synapse_cleft 4839 -0.00658351156 -0.00540676726 0.00572159283 0 0 0
nt@synapse_cleft 4844 0.0651005591 -0.0250380789 0.0177599679 0 0 0
nt@synapse_cleft 4852 -0.0210903848 -0.023649143 0.00603154468 0 0 0
nt@synapse_cleft 4871 0.0104211925 0.00908951101 0.00515664654 0 0 0
nt@synapse_cleft 4880 0.00390394963 -0.0307808077 0.0188280124 0 0 0
nt@synapse_cleft 4883 -0.0513450554 0.00203135792 0.0167827012 0 0 0
nt@synapse_cleft 4892 -0.0265712501 0.0389491522 0.0182701592 0 0 0
nt@synapse_cleft 4897 0.0144532796 -0.015691928 0.00823541459 0 0 0
nt@synapse_cleft 4901 0.0237003699 0.0150944879 0.000565529113 0 0 0
nt@synapse_cleft 4905 -0.032972357 -0.00455904662 0.00584521707 0 0 0
nt@synapse_cleft 4906 -0.0178465679 -0.0351105227 0.00427168568 0 0 0
nt@synapse_cleft 4919 -0.0103868329 0.00771877511 0.000747251546 0 0 0
nt@synapse_cleft 4925 -0.00832708723 -0.000903441958 0.00221844988 0 0 0
nt@synapse_cleft 4937 -0.0719989994 0.0074029323 0.00832619428 0 0 0
nt@synapse_cleft 4946 -0.00209213593 0.00138512587 0.00277329016 0 0 0
nt@synapse_cleft 4967 -0.0227388227 0.00935610684 0.0169410405 0 0 0
nt@synapse_cleft 4973 -0.00479262271 0.0535984537 0.0177953601 0 0 0
nt@synapse_cleft 4979 0.0074974645 -0.00824226741 0.00157632749 0 0 0
nt@synapse_cleft 4981 0.00658144749 -0.0621780465 0.000904827582 0 0 0
nt@synapse_cleft 4982 -0.000946202655 0.0165685222 0.00381020221 0 0 0
nt@synapse_cleft 4983 -0.0386055197 0.00835788081 0.00404693102 0 0 0
nt@synapse_cleft 4991 -0.0191555139 -0.00873278432 0.0109702017 0 0 0
nt@synapse_cleft 5004 -0.016091622 -0.0144086625 0.00189410202 0 0 0
nt@synapse_cleft 5006 0.0239888218 -0.0182933214 0.00378537049 0 0 0
nt@synapse_cleft 5009 -0.0252270221 0.000399512723 0.006611864 0 0 0
nt@synapse_cleft 5015 -0.023702544 -0.0253083686 0.0153657789 0 0 0
nt@synapse_cleft 5044 -0.0336807276 0.0209331828 0.00817564288 0 0 0
nt@synapse_cleft 5046 -0.0095425795 -0.0326235841 0.00179674173 0 0 0
nt@synapse_cleft 5052 0.0248921279 -0.00715383613 0.00578337468 0 0 0
nt@synapse_cleft 5055 -0.00768356587 0.0237348247 0.014815627 0 0 0
nt@synapse_cleft 5061 0.00433942919 -0.0377297602 0.011157673 0 0 0
nt@synapse_cleft 5063 -0.0318122285 0.0377718773 0.016059775 0 0 0
nt@synapse_cleft 5081 0.0227301492 -0.00676663176 0.00147746795 0 0 0
nt@synapse_cleft 5082 -0.00485418137 0.0442836454 0.0123500946 0 0 0
nt@synapse_cleft 5086 0.0288089891 0.0485419187 0.00315501058 0 0 0
nt@synapse_cleft 5133 -0.0200875037 0.0216797836 0.00893705304 0 0 0
nt@synapse_cleft 5145 0.0194346881 0.0298685605 0.00492281107 0 0 0
nt@synapse_cleft 5154 0.0144159757 0.0130889991 0.0177630758 0 0 0
nt@synapse_cleft 5159 -0.0306150648 -0.0172119025 0.0182060328 0 0 0
nt@synapse_cleft 5164 0.0153062537 -0.00436270303 0.00218886317 0 0 0
nt@synapse_cleft 5173 -0.024845102 0.00426192313 0.00785204891 0 0 0
nt@synapse_cleft 5176 -0.0328978804 0.0754164721 0.00220719437 0 0 0
nt@synapse_cleft 5179 0.0220568632 0.00425837863 0.00931797594 0 0 0
nt@synapse_cleft 5182 0.0552865805 -0.00158440678 0.00452771607 0 0 0
nt@synapse_cleft 5183 0.0565865416 0.00400136911 0.00275638004 0 0 0
