nt@synapse_cleft 0 0.00416985043 -0.00560990037 0.0193112988 0 0 0
nt@synapse_cleft 2 -0.034773779 0.0158816829 0.00363606675 0 0 0
nt@synapse_cleft 7 0.00231276197 -0.00126547471 0.0176367235 0 0 0
nt@synapse_cleft 9 0.000468030622 -0.0203261474 0.00988278065 0 0 0
nt@synapse_cleft 12 -0.0050240845 0.0256501639 0.0140148793 0 0 0
nt@synapse_cleft 15 -0.0152684379 0.0140163914 0.00227087289 0 0 0
nt@synapse_cleft 17 0.00456458283 0.00107947993 0.00361608507 0 0 0
nt@synapse_cleft 23 -0.000694644357 -0.0617116931 0.0101965009 0 0 0
nt@synapse_cleft 26 -0.0176917964 0.00448721134 0.0169063586 0 0 0
nt@synapse_cleft 30 0.0224893964 -0.0265231988 0.00631695506 0 0 0
nt@synapse_cleft 35 -0.0188907898 0.00413046724 0.00806983517 0 0 0
nt@synapse_cleft 42 0.00663402314 0.00954145169 0.0195357797 0 0 0
nt@synapse_cleft 45 -0.00602108901 0.00939683033 0.019502672 0 0 0
nt@synapse_cleft 47 0.0186445927 -0.0109865839 0.00356800008 0 0 0
nt@synapse_cleft 54 -0.00122139902 0.0314585714 0.0112823086 0 0 0
nt@synapse_cleft 56 -0.0128452672 -0.0125765847 0.0185404659 0 0 0
nt@synapse_cleft 59 0.0212722845 0.0214066974 0.00998974435 0 0 0
nt@synapse_cleft 69 0.00894920667 -0.016637685 0.0012759101 0 0 0
nt@synapse_cleft 72 -0.0208724546 0.0212390309 0.0188104773 0 0 0
nt@synapse_cleft 81 0.0217606831 -0.0296244456 0.000664438643 0 0 0
nt@synapse_cleft 87 -0.0237703989 -0.00925147596 0.0147151735 0 0 0
nt@synapse_cleft 89 0.0203248067 0.00624030915 0.00606100732 0 0 0
nt@synapse_cleft 100 -0.0231009032 -0.0162399221 0.019863106 0 0 0
nt@synapse_cleft 102 -0.0249844918 0.0183282282 0.00405069537 0 0 0
nt@synapse_cleft 103 0.0156709538 -0.0220925518 0.00546984258 0 0 0
nt@synapse_cleft 111 -0.031758438 0.0255510301 0.0147519622 0 0 0
nt@synapse_cleft 114 0.0423067674 -0.0290826529 0.00900122435 0 0 0
nt@synapse_cleft 115 -0.00595918512 -0.049755732 0.00243139097 0 0 0
nt@synapse_cleft 116 -0.0113702586 -0.0215489578 0.0189853504 0 0 0
nt@synapse_cleft 118 0.0169410501 -0.00588782904 0.0168468244 0 0 0
nt@synapse_cleft 127 -0.0225320764 -0.0118743985 0.0163380309 0 0 0
nt@synapse_cleft 131 0.0132375253 -0.0464688582 0.0118144079 0 0 0
nt@synapse_cleft 135 -0.0233432521 -0.0193392763 0.0176333988 0 0 0
nt@synapse_cleft 137 -0.0503744312 -0.0243508748 0.0137161217 0 0 0
nt@synapse_cleft 143 0.00243978091 -0.0448625494 0.0186207785 0 0 0
nt@synapse_cleft 148 0.00524628794 0.0521458173 0.00568218196 0 0 0
nt@synapse_cleft 150 -0.0239698822 0.01366161 0.00213204867 0 0 0
nt@synapse_cleft 156 -0.0252881345 -0.00221194842 0.018133718 0 0 0
nt@synapse_cleft 157 -0.0490038834 0.0169037663 0.00111923642 0 0 0
nt@synapse_cleft 160 0.015852976 0.00471079088 0.0103937064 0 0 0
nt@synapse_cleft 162 0.000656524909 -0.0136199883 0.00358653164 0 0 0
nt@synapse_cleft 167 -0.00492479929 -0.0420208382 0.0139727744 0 0 0
nt@synapse_cleft 168 -0.0229049104 -0.0155233403 0.0178192986 0 0 0
nt@synapse_cleft 170 -0.022036936 0.0256278709 0.00109166251 0 0 0
nt@synapse_cleft 186 -0.0214559299 -0.0101899038 0.0164468089 0 0 0
nt@synapse_cleft 188 -0.0143972487 -0.00626402834 0.0135069158 0 0 0
nt@synapse_cleft 192 -0.0177152955 0.0248532494 0.0165617721 0 0 0
nt@synapse_cleft 194 -0.00394738377 -0.0174156191 0.0146573458 0 0 0
nt@synapse_cleft 195 0.0138325135 0.0338872411 0.00666957478 0 0 0
nt@synapse_cleft 197 -0.000954992317 0.000925273056 0.0143241748 0 0 0
nt@synapse_cleft 199 0.0379079008 0.0183651929 0.00076523132 0 0 0
nt@synapse_cleft 203 0.00692066395 -0.00838513702 0.0010896135 0 0 0
nt@synapse_cleft 206 0.00270797975 -0.0143625707 0.0148057506 0 0 0
nt@synapse_cleft 210 -0.0288026606 0.00317663211 0.00620224414 0 0 0
nt@synapse_cleft 219 0.0216017437 0.0407885997 0.0106524215 0 0 0
nt@synapse_cleft 224 -0.016327597 0.0464259908 0.00761430755 0 0 0
nt@synapse_cleft 227 -0.0240877811 0.0358134221 0.0151333167 0 0 0
nt@synapse_cleft 231 0.00356454661 0.0323153628 0.015042088 0 0 0
nt@synapse_cleft 233 0.0102450522 0.0279280839 0.00986751411 0 0 0
nt@synapse_cleft 235 0.02240535 -0.0334514018 0.00554278922 0 0 0
nt@synapse_cleft 244 -0.0276750581 -0.000793471581 0.00426456879 0 0 0
nt@synapse_cleft 246 -0.0231884468 0.0232343064 0.0197354535 0 0 0
nt@synapse_cleft 248 0.0154739425 -0.0282244944 0.0144499342 0 0 0
nt@synapse_cleft 256 -0.0382962864 -0.00639279199 0.0114776364 0 0 0
nt@synapse_cleft 263 0.0443962023 0.0228980083 0.0179569089 0 0 0
nt@synapse_cleft 268 -0.0125242884 -0.0089411585 0.0163706494 0 0 0
nt@synapse_cleft 269 -0.0137086705 -0.00256081011 0.0105307507 0 0 0
nt@synapse_cleft 272 0.0102169185 -0.0300456535 0.013098687 0 0 0
nt@synapse_cleft 284 -0.0296965293 0.0806386363 0.00839963834 0 0 0
nt@synapse_cleft 289 -0.0420996683 0.0504798269 0.00846949519 0 0 0
nt@synapse_cleft 291 -0.0248720539 -0.0268948247 0.0181572079 0 0 0
nt@synapse_cleft 293 0.0270426122 -0.00481281883 0.0116487031 0 0 0
nt@synapse_cleft 297 -0.0130818015 -0.00879318795 0.0179230271 0 0 0
nt@synapse_cleft 304 -0.0107865162 0.0132751494 0.0198251674 0 0 0
nt@synapse_cleft 306 0.0114124296 -0.0212922514 0.0109154708 0 0 0
nt@synapse_cleft 307 0.0139937076 0.0145875306 0.0155027642 0 0 0
nt@synapse_cleft 308 0.0218673854 0.0274703463 0.0183839935 0 0 0
nt@synapse_cleft 310 0.0181477662 -0.0233553885 0.00966889278 0 0 0
nt@synapse_cleft 315 -3.75227451e-05 0.0195252253 0.0099502235 0 0 0
nt@synapse_cleft 318 -0.0203562394 0.013410895 0.0138156623 0 0 0
nt@synapse_cleft 319 0.0656213568 0.0105572681 0.0199219263 0 0 0
nt@synapse_cleft 321 0.0416417642 0.0248891346 0.00301247309 0 0 0
nt@synapse_cleft 325 -0.0623780597 0.0472308688 0.00624921982 0 0 0
nt@synapse_cleft 331 0.0351807534 -0.0130809199 0.00625829928 0 0 0
nt@synapse_cleft 334 0.0161509279 0.000118178058 0.0162489258 0 0 0
nt@synapse_cleft 335 0.0267538929 0.0127340171 0.00790087925 0 0 0
nt@synapse_cleft 339 -0.0343545488 -0.0268128588 0.00201740765 0 0 0
nt@synapse_cleft 347 0.0145231625 -0.00866592333 0.0129031672 0 0 0
nt@synapse_cleft 348 0.0114021966 -0.00790759459 0.00499321606 0 0 0
nt@synapse_cleft 350 0.0210406508 0.00477603674 0.000288647749 0 0 0
nt@synapse_cleft 352 -0.00991421815 0.00599112558 0.00843069206 0 0 0
nt@synapse_cleft 356 -0.0293099652 0.0242953192 0.00896490289 0 0 0
nt@synapse_cleft 359 0.00223202055 0.0448600808 0.00127269369 0 0 0
nt@synapse_cleft 360 -0.00182435809 0.0285206472 0.0181816642 0 0 0
nt@synapse_cleft 361 -0.0212055815 0.0137686081 0.0188264874 0 0 0
nt@synapse_cleft 364 -0.0112067345 -0.0350000313 0.0155098643 0 0 0
nt@synapse_cleft 367 -0.0278197003 -0.0044682138 0.0154227869 0 0 0
nt@synapse_cleft 371 -0.0149105087 0.0392029823 0.00125440615 0 0 0
nt@synapse_cleft 372 -0.00319720734 0.00879493792 0.0184551826 0 0 0
nt@synapse_cleft 376 -0.00326525966 0.0120438226 0.0167536283 0 0 0
nt@synapse_cleft 381 -0.0146778965 -0.0113341998 0.00391522364 0 0 0
nt@synapse_cleft 383 -0.00481093754 0.0248202124 0.000478533169 0 0 0
nt@synapse_cleft 385 0.0155181359 0.0181396083 0.0111176509 0 0 0
nt@synapse_cleft 388 -0.00573926025 0.0090630244 0.0152891598 0 0 0
nt@synapse_cleft 391 0.0290453298 -0.0354312346 0.00634077847 0 0 0
nt@synapse_cleft 392 -0.00218871556 0.00179370062 0.019323731 0 0 0
nt@synapse_cleft 395 0.00405711983 -0.0281231761 0.00953775579 0 0 0
nt@synapse_cleft 397 0.0109637825 0.0236214814 0.0150063145 0 0 0
nt@synapse_cleft 399 -0.0135905819 0.00707074837 0.00114410192 0 0 0
nt@synapse_cleft 402 -0.00145257099 0.0471485758 0.00809998461 0 0 0
nt@synapse_cleft 406 -0.0253924462 -0.024790793 0.00880108349 0 0 0
nt@synapse_cleft 411 0.0215846935 -0.0243238338 0.0143260722 0 0 0
nt@synapse_cleft 415 0.0027228773 -0.00790105323 0.00294217323 0 0 0
nt@synapse_cleft 421 -0.0320999022 0.027113626 0.0159535484 0 0 0
nt@synapse_cleft 426 0.0251613974 -0.0170961142 0.0125546166 0 0 0
nt@synapse_cleft 429 -0.0143994361 0.0333567679 0.0106538302 0 0 0
nt@synapse_cleft 430 -0.0254121208 -0.0430837644 0.0166781242 0 0 0
nt@synapse_cleft 440 0.0253738367 0.00686451775 0.00692133071 0 0 0
nt@synapse_cleft 444 0.00217104973 0.0180944656 0.0152600962 0 0 0
nt@synapse_cleft 449 0.00904668584 -0.00730217004 0.00920982161 0 0 0
nt@synapse_cleft 452 0.0244012265 0.024906744 0.00760993212 0 0 0
nt@synapse_cleft 453 0.00378146629 0.00184595865 0.0191015216 0 0 0
nt@synapse_cleft 455 0.00905870465 -0.0315537859 0.00931199477 0 0 0
nt@synapse_cleft 461 -0.0227576903 -0.000803183733 0.00470092777 0 0 0
nt@synapse_cleft 477 0.00926849274 0.000468769151 0.014952817 0 0 0
nt@synapse_cleft 479 -0.0127442554 0.0091328384 0.0105055631 0 0 0
nt@synapse_cleft 480 -0.0646849736 0.0331073697 0.0024323705 0 0 0
nt@synapse_cleft 482 -0.0135666402 0.00442382801 0.00641587792 0 0 0
nt@synapse_cleft 483 -0.0135770556 -0.0251130179 0.00848145216 0 0 0
nt@synapse_cleft 484 -0.00124718896 -0.0321770755 0.00558575704 0 0 0
nt@synapse_cleft 499 0.0201550979 0.0188374797 0.0144311605 0 0 0
nt@synapse_cleft 500 0.00834629027 -0.0259079751 0.0129848576 0 0 0
nt@synapse_cleft 501 0.00989489392 0.0178287698 0.0120407658 0 0 0
nt@synapse_cleft 503 0.00651068591 -0.0181359478 0.0178780302 0 0 0
nt@synapse_cleft 504 0.00671876381 0.0398894461 0.0127940327 0 0 0
nt@synapse_cleft 509 0.00386819458 0.0303489875 0.0031503309 0 0 0
nt@synapse_cleft 510 0.0223037123 0.0117080872 0.00812901106 0 0 0
nt@synapse_cleft 514 -0.0227028836 0.0043300057 0.0108172961 0 0 0
nt@synapse_cleft 522 -0.0352492368 0.00209843495 0.00950371001 0 0 0
nt@synapse_cleft 524 -0.011872537 0.0226798258 0.0034596975 0 0 0
nt@synapse_cleft 530 0.0268546268 0.00424659092 0.0109040601 0 0 0
nt@synapse_cleft 536 -0.0230442573 -0.0339564349 0.00218699344 0 0 0
nt@synapse_cleft 544 0.0103141838 0.00857050967 0.00899119675 0 0 0
nt@synapse_cleft 546 -0.0405271539 0.0167052889 0.0103392246 0 0 0
nt@synapse_cleft 548 -0.0191013971 0.0240705889 0.014406504 0 0 0
nt@synapse_cleft 549 0.038679952 -0.0402332304 0.00251650351 0 0 0
nt@synapse_cleft 551 0.0122396408 -0.0219664309 0.00359779668 0 0 0
nt@synapse_cleft 552 0.0149382924 -0.00684254398 0.00912478507 0 0 0
nt@synapse_cleft 557 -0.0196033216 0.00891277829 0.0198246547 0 0 0
nt@synapse_cleft 558 -0.0176948169 -0.0171113084 0.00214799565 0 0 0
nt@synapse_cleft 563 -0.0109626192 -0.0367359592 0.0178345479 0 0 0
nt@synapse_cleft 568 0.00566014877 0.00298452826 0.00595543775 0 0 0
nt@synapse_cleft 571 -0.00283549886 0.00116154282 0.00494640266 0 0 0
nt@synapse_cleft 572 -0.032609589 0.0136382146 0.00566577923 0 0 0
nt@synapse_cleft 574 -0.00466947398 0.00658643926 0.0119824471 0 0 0
nt@synapse_cleft 575 0.00290507812 -0.0144950011 0.00882498378 0 0 0
nt@synapse_cleft 581 0.00543700049 0.000753992652 0.0085625328 0 0 0
nt@synapse_cleft 583 0.0136594796 0.0329537295 0.0111144759 0 0 0
nt@synapse_cleft 586 0.0086554092 0.0153568781 0.0104759122 0 0 0
nt@synapse_cleft 587 -0.0114721702 -0.0109207994 0.0043850312 0 0 0
nt@synapse_cleft 591 -0.0176646892 0.0369257508 0.0113487853 0 0 0
nt@synapse_cleft 593 0.000703624513 0.0354713829 0.0159651434 0 0 0
nt@synapse_cleft 594 0.0212349647 0.025627387 0.00970802627 0 0 0
nt@synapse_cleft 595 -0.0049397334 -0.0360323687 0.0168508446 0 0 0
nt@synapse_cleft 596 -0.0209686175 0.0136542222 0.0198224322 0 0 0
nt@synapse_cleft 598 -0.00336936343 0.0210748335 0.010420567 0 0 0
nt@synapse_cleft 611 -0.0175577208 0.00197357679 0.0147073687 0 0 0
nt@synapse_cleft 615 0.0369681935 -0.0346138902 0.00728389352 0 0 0
nt@synapse_cleft 616 -0.00280263011 -0.00727054967 0.0108647226 0 0 0
nt@synapse_cleft 618 -0.0108807843 -0.0297435603 0.0102381962 0 0 0
nt@synapse_cleft 620 -0.00548336084 -0.0047275383 0.00066609634 0 0 0
nt@synapse_cleft 622 0.00465501818 0.0369936337 0.005110401 0 0 0
nt@synapse_cleft 624 0.0184770607 -0.00258802964 0.0145586596 0 0 0
nt@synapse_cleft 627 0.0098334146 -0.0186437386 0.0152277199 0 0 0
nt@synapse_cleft 629 0.013965363 -0.000247773918 0.00335265132 0 0 0
nt@synapse_cleft 630 0.00560965692 -0.00187322077 0.0144049077 0 0 0
nt@synapse_cleft 633 -0.0137459126 0.0380223236 0.00548187466 0 0 0
nt@synapse_cleft 634 0.00890588948 -0.017029818 0.0149697146 0 0 0
nt@synapse_cleft 639 -0.015554608 -0.0487544172 0.00218243317 0 0 0
nt@synapse_cleft 645 -0.00643224997 0.00153101834 0.00716711519 0 0 0
nt@synapse_cleft 647 0.0157019022 0.0276653797 0.00427393833 0 0 0
nt@synapse_cleft 660 0.00111891851 -0.0212748957 0.0128918842 0 0 0
nt@synapse_cleft 661 -0.0460173246 -0.00741076717 0.00304301383 0 0 0
nt@synapse_cleft 662 -0.010515938 -0.00244507514 0.00559095183 0 0 0
nt@synapse_cleft 664 -0.0168960772 0.00541703083 0.0128128583 0 0 0
nt@synapse_cleft 674 -0.0187591461 0.00204457765 0.000769115933 0 0 0
nt@synapse_cleft 675 0.00623379903 0.00856349787 0.0154967414 0 0 0
nt@synapse_cleft 678 0.0184336785 0.00452578292 0.00101428045 0 0 0
nt@synapse_cleft 679 -0.0105255012 -0.0182310008 0.00593916249 0 0 0
nt@synapse_cleft 681 -0.0123033001 -0.0218695981 0.0135326765 0 0 0
nt@synapse_cleft 684 -0.0083982324 -0.00942070854 0.00712591297 0 0 0
nt@synapse_cleft 689 0.0174024587 0.000912153965 0.0106474769 0 0 0
nt@synapse_cleft 691 0.0248083296 -0.00418830775 0.000326447389 0 0 0
nt@synapse_cleft 693 0.0188170132 0.0290001579 0.0125262781 0 0 0
nt@synapse_cleft 695 -0.0166773602 0.0266763382 0.0176668917 0 0 0
nt@synapse_cleft 698 0.0180125216 0.0144806638 0.00704853509 0 0 0
nt@synapse_cleft 699 -0.0105200565 -0.0630826124 0.00690380538 0 0 0
nt@synapse_cleft 704 -0.00391703315 0.0155920227 0.0137559552 0 0 0
nt@synapse_cleft 708 -0.0159162846 -0.00137303277 0.0119510186 0 0 0
nt@synapse_cleft 710 0.0355824748 -0.00295560899 0.000885672789 0 0 0
nt@synapse_cleft 712 -0.018141883 -0.0174976633 0.00494161446 0 0 0
nt@synapse_cleft 715 0.00623829925 0.022659313 0.0182894466 0 0 0
nt@synapse_cleft 720 0.0460323076 -0.0307892957 0.00171712243 0 0 0
nt@synapse_cleft 721 0.011234809 -0.000937041326 0.0131025545 0 0 0
nt@synapse_cleft 726 -0.0236712906 -0.0004596139 0.0043575807 0 0 0
nt@synapse_cleft 727 -0.00410918725 0.0201071222 0.0191836584 0 0 0
nt@synapse_cleft 728 -0.0101307565 0.00876815079 0.000815783458 0 0 0
nt@synapse_cleft 732 0.0380489628 0.0444906233 0.000920963995 0 0 0
nt@synapse_cleft 735 -0.0441488958 0.00167565172 0.00558044261 0 0 0
nt@synapse_cleft 737 0.0315112545 0.0012159043 0.0121102913 0 0 0
nt@synapse_cleft 741 0.00397420761 -0.00195491197 0.00973760075 0 0 0
nt@synapse_cleft 744 -0.00933732905 0.023120722 0.00109752661 0 0 0
nt@synapse_cleft 746 -0.013346503 2.44058995e-05 0.0138054049 0 0 0
nt@synapse_cleft 750 0.0180918781 -0.00926597207 0.0170622777 0 0 0
nt@synapse_cleft 754 -0.00792722773 -0.0190264332 0.0144264597 0 0 0
nt@synapse_cleft 755 0.0174145157 0.0144184028 0.00374925683 0 0 0
nt@synapse_cleft 760 -0.00763389964 -0.054758835 0.0060743305 0 0 0
nt@synapse_cleft 762 0.01395583 -0.016635949 0.00104265468 0 0 0
nt@synapse_cleft 765 -0.0252451719 0.0133787381 0.0137319573 0 0 0
nt@synapse_cleft 768 -0.0213032248 -0.0165432315 0.0190734632 0 0 0
nt@synapse_cleft 769 0.0122738947 0.0270077611 0.00351529622 0 0 0
nt@synapse_cleft 774 0.00256241816 0.0305379562 0.01567499 0 0 0
nt@synapse_cleft 777 0.0390517875 -0.0361478546 0.00964734774 0 0 0
nt@synapse_cleft 779 -0.0200574307 0.0114898608 0.0116480123 0 0 0
nt@synapse_cleft 784 0.0140839748 0.00764562833 0.0141754979 0 0 0
nt@synapse_cleft 797 -0.011175771 0.0301131102 0.00145624945 0 0 0
nt@synapse_cleft 798 0.00150822298 0.0162772852 0.0174738935 0 0 0
nt@synapse_cleft 803 -0.0241972009 -0.0358981435 0.0169457194 0 0 0
nt@synapse_cleft 804 0.00709924447 0.0146149863 0.00752026602 0 0 0
nt@synapse_cleft 814 0.0312994742 0.0126582491 0.00257037043 0 0 0
nt@synapse_cleft 816 0.00206765656 -0.0220161406 0.00663611703 0 0 0
nt@synapse_cleft 817 0.00219975204 -0.006704978 0.00561968611 0 0 0
nt@synapse_cleft 828 0.0102772656 -0.0379113938 0.0198537937 0 0 0
nt@synapse_cleft 831 -0.00918139537 -0.0215868321 0.0106700122 0 0 0
nt@synapse_cleft 833 -0.0175736371 0.00492682364 0.0108385327 0 0 0
nt@synapse_cleft 837 -0.0132511986 -0.0189856238 0.0150763529 0 0 0
nt@synapse_cleft 844 -0.00366993962 -0.00462589091 0.00481794512 0 0 0
nt@synapse_cleft 847 0.0177258234 -0.000353815464 0.000957178563 0 0 0
nt@synapse_cleft 850 -0.0114609587 0.0193599458 0.0164111089 0 0 0
nt@synapse_cleft 854 0.00373952111 0.0400445371 0.0106220195 0 0 0
nt@synapse_cleft 861 -0.00532697303 -0.02845705 0.00213648743 0 0 0
nt@synapse_cleft 866 -0.00635138931 -0.018399678 0.0131457852 0 0 0
nt@synapse_cleft 871 -0.0132528343 0.0136600572 0.0196226844 0 0 0
nt@synapse_cleft 872 0.0211448918 -0.0212728832 0.00525285697 0 0 0
nt@synapse_cleft 875 -0.0152303266 -0.0214322706 0.00828248993 0 0 0
nt@synapse_cleft 877 -0.0424921549 0.00906298799 0.00877183089 0 0 0
nt@synapse_cleft 881 -0.023454408 0.00968323768 0.00391037948 0 0 0
nt@synapse_cleft 884 0.000793961358 0.0144065536 0.0189580085 0 0 0
nt@synapse_cleft 900 0.0163110608 -0.0111764343 0.0130090459 0 0 0
nt@synapse_cleft 904 -0.0193460116 0.000805803789 0.00471151093 0 0 0
nt@synapse_cleft 906 -0.024578477 0.0117814118 0.0124780883 0 0 0
nt@synapse_cleft 908 -0.0269871441 0.000691591249 0.0134389076 0 0 0
nt@synapse_cleft 909 0.0116918526 0.00384727038 0.0174014864 0 0 0
nt@synapse_cleft 913 -0.0116737838 -0.00890705741 0.0129618302 0 0 0
nt@synapse_cleft 918 0.0516685575 -0.0116034092 0.0183671038 0 0 0
nt@synapse_cleft 920 0.0171182163 -0.00526423683 0.0114742425 0 0 0
nt@synapse_cleft 924 -0.0366443625 0.0177673567 0.0150465773 0 0 0
nt@synapse_cleft 925 -0.0287492403 0.0462782879 0.0146627048 0 0 0
nt@synapse_cleft 926 -0.0155971608 -0.0518352561 0.0195320878 0 0 0
nt@synapse_cleft 932 0.0212574899 -0.0311563081 0.00422147489 0 0 0
nt@synapse_cleft 938 -0.0157657587 0.0122810888 0.00821739514 0 0 0
nt@synapse_cleft 940 -0.042880317 -0.0238224218 0.00917009841 0 0 0
nt@synapse_cleft 941 -0.0268729737 0.0258380522 0.0171620849 0 0 0
nt@synapse_cleft 942 0.0119835256 -0.0331997719 0.00899502992 0 0 0
nt@synapse_cleft 943 0.019394841 -0.0174313028 0.0114786054 0 0 0
nt@synapse_cleft 944 -0.00852061443 -0.0441327035 0.00235280849 0 0 0
nt@synapse_cleft 945 -0.0120625321 0.0128016651 0.00409397112 0 0 0
nt@synapse_cleft 947 -0.0170430294 -0.00276519397 0.0113234484 0 0 0
nt@synapse_cleft 951 0.00897341991 -0.00567921932 0.00539719328 0 0 0
nt@synapse_cleft 953 -0.0439369949 0.0151311998 0.0199336067 0 0 0
nt@synapse_cleft 954 0.0106427019 -0.0102211356 0.00468033663 0 0 0
nt@synapse_cleft 957 0.0562869275 -0.0262860205 0.00412694496 0 0 0
nt@synapse_cleft 960 -0.0132305262 0.04232752 0.00621565489 0 0 0
nt@synapse_cleft 961 -0.028240806 -0.00585570154 0.0162154934 0 0 0
nt@synapse_cleft 967 0.0163125858 -0.00430854213 0.00541049166 0 0 0
nt@synapse_cleft 973 -0.0141147458 0.00274366747 0.0185270047 0 0 0
nt@synapse_cleft 976 -0.0291754458 0.0267032254 0.0071466509 0 0 0
nt@synapse_cleft 978 -0.0243419993 -0.0177141601 0.006987013 0 0 0
nt@synapse_cleft 981 -0.0449727104 0.00373011135 0.0171874006 0 0 0
nt@synapse_cleft 991 0.0295411652 -0.00489877705 0.00311889106 0 0 0
nt@synapse_cleft 992 0.0153024166 0.0120899439 0.0128500095 0 0 0
nt@synapse_cleft 993 -0.034878246 0.0329647588 0.00854788919 0 0 0
nt@synapse_cleft 994 -0.0216856412 -0.0102933992 0.00893751795 0 0 0
nt@synapse_cleft 998 -0.00320512604 0.0140830932 0.010096777 0 0 0
nt@synapse_cleft 999 0.0291772875 -0.0339684137 0.0131080695 0 0 0
nt@synapse_cleft 1002 0.02750944 0.0472736882 0.0178133344 0 0 0
nt@synapse_cleft 1004 -0.0148877704 0.00537857597 0.00918971394 0 0 0
nt@synapse_cleft 1011 0.0210938636 0.0140704018 0.01327547 0 0 0
nt@synapse_cleft 1013 -0.00905535092 0.0380767778 0.00679934763 0 0 0
nt@synapse_cleft 1016 -0.0383843266 0.0153857454 0.0166268332 0 0 0
nt@synapse_cleft 1018 0.0171786993 -0.0132481087 0.00667530775 0 0 0
nt@synapse_cleft 1024 -0.0394111172 -0.0118451388 0.0108615393 0 0 0
nt@synapse_cleft 1025 -0.0084783671 -0.0300183471 0.00991325349 0 0 0
nt@synapse_cleft 1027 0.0180736433 0.0349926704 0.017140384 0 0 0
nt@synapse_cleft 1035 -0.0207943397 -0.00797138399 0.0172817872 0 0 0
nt@synapse_cleft 1047 -0.00295216415 -0.0301045849 0.00691223029 0 0 0
nt@synapse_cleft 1048 0.000929742723 -0.046307165 0.00712910531 0 0 0
nt@synapse_cleft 1049 -0.0277654445 0.0273831189 0.0185141527 0 0 0
nt@synapse_cleft 1050 0.00925927267 -0.0306935521 0.0187340908 0 0 0
nt@synapse_cleft 1056 0.0056938996 0.0346749135 0.00182168374 0 0 0
nt@synapse_cleft 1062 0.0416601193 -0.000720480138 0.0183306079 0 0 0
nt@synapse_cleft 1065 -0.00458113114 0.016605052 0.0108521112 0 0 0
nt@synapse_cleft 1074 0.011367017 -0.00844133554 0.000243053452 0 0 0
nt@synapse_cleft 1077 -0.0184108289 -0.00394673051 0.0113339026 0 0 0
nt@synapse_cleft 1080 -0.0239654341 0.00714184674 0.0181308624 0 0 0
nt@synapse_cleft 1088 -0.0327292976 -0.00617502758 0.00479472978 0 0 0
nt@synapse_cleft 1092 -0.0112681164 -0.0125746966 0.0134961102 0 0 0
nt@synapse_cleft 1098 -0.0138447916 0.0242413395 0.00875056941 0 0 0
nt@synapse_cleft 1102 0.00256424581 -0.0010013788 0.0105578322 0 0 0
nt@synapse_cleft 1105 -0.0595492624 -0.031389419 0.0118316723 0 0 0
nt@synapse_cleft 1107 -0.00796063099 0.0114934618 0.000959068002 0 0 0
nt@synapse_cleft 1108 0.0134938735 0.0298839449 0.000817563908 0 0 0
nt@synapse_cleft 1110 0.022238404 0.00947174739 0.0103836933 0 0 0
nt@synapse_cleft 1113 -0.0138894604 -0.00129343626 0.00236775521 0 0 0
nt@synapse_cleft 1114 0.00670651593 -0.0335014492 0.0037125397 0 0 0
nt@synapse_cleft 1121 0.00247701175 0.0426988888 0.0125540451 0 0 0
nt@synapse_cleft 1127 -0.0163495391 0.0026521268 0.00596796867 0 0 0
nt@synapse_cleft 1130 0.0134499818 -0.015114761 0.0188854951 0 0 0
nt@synapse_cleft 1134 -0.0184116447 0.022745012 0.00596753789 0 0 0
nt@synapse_cleft 1136 -0.0239211224 -0.0590527952 0.00517615042 0 0 0
nt@synapse_cleft 1138 0.00254628236 0.00365383369 0.0151715702 0 0 0
nt@synapse_cleft 1140 -0.0030346815 -0.0244008109 0.0180645707 0 0 0
nt@synapse_cleft 1144 -0.0144330949 -0.0205554207 0.0157201932 0 0 0
nt@synapse_cleft 1145 0.0627029738 -0.0171306476 0.0113021709 0 0 0
nt@synapse_cleft 1149 -0.00574806982 0.00448787207 0.0137232959 0 0 0
nt@synapse_cleft 1152 0.027409791 -0.00691969672 0.00768294479 0 0 0
nt@synapse_cleft 1157 0.0304929703 -0.0599590516 0.018009279 0 0 0
nt@synapse_cleft 1165 0.019248737 0.028623201 0.0154732271 0 0 0
nt@synapse_cleft 1166 -0.00490664262 0.00960592111 0.0134905508 0 0 0
nt@synapse_cleft 1167 0.0406278669 0.0169249133 0.00429073861 0 0 0
nt@synapse_cleft 1172 -0.00809102553 -0.00138321866 0.00634040138 0 0 0
nt@synapse_cleft 1173 -0.0154657959 5.84010707e-05 0.0100787152 0 0 0
nt@synapse_cleft 1177 0.00531177732 0.0596401794 0.00151672841 0 0 0
nt@synapse_cleft 1179 0.0154696915 -0.00978328334 0.0152454631 0 0 0
nt@synapse_cleft 1186 -0.0393512311 0.000815718166 0.0172798062 0 0 0
nt@synapse_cleft 1188 0.000893802984 -0.0452731446 0.0114006971 0 0 0
nt@synapse_cleft 1189 0.00198291989 0.0324558271 0.00996626461 0 0 0
nt@synapse_cleft 1192 0.00523422461 -0.0352805323 0.0108642356 0 0 0
nt@synapse_cleft 1193 -0.0222827166 -0.00450934155 0.016936791 0 0 0
nt@synapse_cleft 1197 0.0366344598 0.0292565458 0.00209694673 0 0 0
nt@synapse_cleft 1200 -0.0310005797 0.0286379606 0.0165648692 0 0 0
nt@synapse_cleft 1203 -0.00296218719 0.0166005285 0.00780710442 0 0 0
nt@synapse_cleft 1204 0.0169758557 -0.000657031488 0.016580719 0 0 0
nt@synapse_cleft 1205 -0.0275255693 -0.0123011861 0.0104209277 0 0 0
nt@synapse_cleft 1206 -0.0337614477 -0.00066992447 0.0123807849 0 0 0
nt@synapse_cleft 1218 0.00154823469 0.0418035584 0.0156278285 0 0 0
nt@synapse_cleft 1219 0.0120185589 0.0029425089 0.0174211904 0 0 0
nt@synapse_cleft 1231 0.00972667841 0.0119695545 0.00248716295 0 0 0
nt@synapse_cleft 1237 -0.0136325068 -0.0360248763 0.00402074934 0 0 0
nt@synapse_cleft 1238 -0.0528178358 -0.0152046483 0.0175794879 0 0 0
nt@synapse_cleft 1241 0.00316618045 -0.0100555338 0.00685366629 0 0 0
nt@synapse_cleft 1243 -0.021892034 0.0140929206 0.0149837978 0 0 0
nt@synapse_cleft 1248 0.00729245236 0.0250603074 0.000715505023 0 0 0
nt@synapse_cleft 1251 -0.0135831213 0.0114450417 0.0147427397 0 0 0
nt@synapse_cleft 1252 -0.0250039491 0.00929231116 0.00265317406 0 0 0
nt@synapse_cleft 1253 -0.0177060305 -0.0230970229 0.0118540148 0 0 0
nt@synapse_cleft 1254 -0.0291496267 0.0271795898 0.0178699333 0 0 0
nt@synapse_cleft 1255 0.0278034317 0.0476391636 0.00680377774 0 0 0
nt@synapse_cleft 1262 0.0157144435 9.70747783e-05 0.0196013681 0 0 0
nt@synapse_cleft 1270 0.0495876604 -0.00341425495 0.00267576227 0 0 0
nt@synapse_cleft 1275 -0.0289559714 0.00829293145 0.00236311145 0 0 0
nt@synapse_cleft 1289 0.0257304939 0.00559436273 0.00950117671 0 0 0
nt@synapse_cleft 1298 0.00304697554 -0.0238262662 0.00228066593 0 0 0
nt@synapse_cleft 1299 -0.029819923 -0.00420688574 0.00262756016 0 0 0
nt@synapse_cleft 1302 -0.0343408228 0.0207299751 0.00123028559 0 0 0
nt@synapse_cleft 1303 -0.00821806071 0.0165107148 0.00219199863 0 0 0
nt@synapse_cleft 1311 0.00612409318 0.00305342718 0.0168412855 0 0 0
nt@synapse_cleft 1316 -0.0298126949 -0.0196910634 0.00937049274 0 0 0
nt@synapse_cleft 1326 0.017265403 0.0125447837 0.00200979677 0 0 0
nt@synapse_cleft 1328 0.0227756465 0.00334749831 0.00724101358 0 0 0
nt@synapse_cleft 1330 -0.00968818605 -0.0215998456 0.0156674834 0 0 0
nt@synapse_cleft 1331 -0.00933001969 0.00945780757 0.0130682394 0 0 0
nt@synapse_cleft 1333 -0.0306995117 0.035651844 0.00348263382 0 0 0
nt@synapse_cleft 1338 0.000257654082 0.0112592709 0.0140371839 0 0 0
nt@synapse_cleft 1343 0.0240422835 0.0113242912 0.0168158854 0 0 0
nt@synapse_cleft 1347 -0.0385080843 -0.0109360657 0.0113898061 0 0 0
nt@synapse_cleft 1348 0.0357959063 -0.0331983164 0.0117737227 0 0 0
nt@synapse_cleft 1349 -0.0093735163 -0.00823034822 0.0159309389 0 0 0
nt@synapse_cleft 1351 0.0444489044 -0.0163897518 0.00323939026 0 0 0
nt@synapse_cleft 1356 0.0156763822 0.000717106882 0.0111081666 0 0 0
nt@synapse_cleft 1359 -0.0172974103 -0.00866670607 0.0199725792 0 0 0
nt@synapse_cleft 1361 -0.0135590875 -0.0605358946 0.0125258159 0 0 0
nt@synapse_cleft 1366 0.0190544543 -0.00151787256 0.0059423058 0 0 0
nt@synapse_cleft 1368 0.0375049351 -0.000943532807 0.00177995582 0 0 0
nt@synapse_cleft 1372 -0.0438942968 0.024943764 0.00182842152 0 0 0
nt@synapse_cleft 1380 0.000409031245 0.0188903704 0.000846924597 0 0 0
nt@synapse_cleft 1381 0.00656664309 -0.0578174832 0.0122626982 0 0 0
nt@synapse_cleft 1382 0.00781375612 0.0276867592 0.00949312853 0 0 0
nt@synapse_cleft 1384 -0.0446821502 0.00816211188 0.0151402953 0 0 0
nt@synapse_cleft 1390 0.0399056792 -0.00475341758 0.0127940672 0 0 0
nt@synapse_cleft 1393 -0.0432903947 0.0296849209 0.0173155923 0 0 0
nt@synapse_cleft 1394 0.0174572384 0.0113691211 0.00558619791 0 0 0
nt@synapse_cleft 1397 0.0263075308 0.0305323645 0.0122168075 0 0 0
nt@synapse_cleft 1400 -0.0250530001 0.0314973694 0.00476942994 0 0 0
nt@synapse_cleft 1403 0.00659092901 0.00463629416 0.0148697667 0 0 0
nt@synapse_cleft 1406 0.0540914863 -0.0221032721 0.0109792443 0 0 0
nt@synapse_cleft 1408 -0.0159465384 -0.0107305953 0.00598040685 0 0 0
nt@synapse_cleft 1411 0.00154362278 0.00725667661 0.0125537869 0 0 0
nt@synapse_cleft 1416 -0.00149983309 0.0355636028 0.00868926087 0 0 0
nt@synapse_cleft 1419 0.0100608565 -0.01145207 0.0114983756 0 0 0
nt@synapse_cleft 1425 -0.00576458094 -0.0420705619 0.00118502311 0 0 0
nt@synapse_cleft 1427 -0.0242536583 -0.00147327704 3.52286859e-05 0 0 0
nt@synapse_cleft 1434 0.0171847834 0.0349536574 0.00575120585 0 0 0
nt@synapse_cleft 1438 -0.00465135964 -0.0348168074 0.00247062783 0 0 0
nt@synapse_cleft 1440 0.00271116544 0.0131022774 0.00199532163 0 0 0
nt@synapse_cleft 1441 -0.0373372954 0.0159523425 0.00345031431 0 0 0
nt@synapse_cleft 1442 -0.00121531509 0.0230682568 0.0167467643 0 0 0
nt@synapse_cleft 1444 -0.0213764219 -0.0116535985 0.0162021125 0 0 0
nt@synapse_cleft 1445 0.00958751052 -0.0148558723 0.0100177702 0 0 0
nt@synapse_cleft 1446 -0.0185751481 -0.0203918903 0.0195244186 0 0 0
nt@synapse_cleft 1449 -0.0173627086 -0.0120157081 0.0126682743 0 0 0
nt@synapse_cleft 1452 -0.0205951882 -0.0199504169 0.00642145421 0 0 0
nt@synapse_cleft 1454 -0.0112735006 0.0226453206 0.00222919775 0 0 0
nt@synapse_cleft 1455 -0.0226439852 0.0179192752 0.015641237 0 0 0
nt@synapse_cleft 1464 -0.050154247 0.00946190301 0.0032443279 0 0 0
nt@synapse_cleft 1468 0.0461449766 0.0263384426 0.0127814628 0 0 0
nt@synapse_cleft 1470 -0.0615404366 -0.0274583151 0.0192348303 0 0 0
nt@synapse_cleft 1472 -0.0410849512 0.00612530941 0.0108995269 0 0 0
nt@synapse_cleft 1473 0.020362279 -0.00554397542 0.00782769848 0 0 0
nt@synapse_cleft 1479 -0.0382063046 0.0231490772 0.0146074719 0 0 0
nt@synapse_cleft 1481 0.0169734328 0.00647946721 0.0185608827 0 0 0
nt@synapse_cleft 1484 0.0017537782 0.0084172932 0.0118824112 0 0 0
nt@synapse_cleft 1485 -0.0138071426 0.00809075464 0.00501277667 0 0 0
nt@synapse_cleft 1487 -0.00924732466 -0.0285160064 0.00608936819 0 0 0
nt@synapse_cleft 1488 0.0276764618 0.004779893 0.00379484255 0 0 0
nt@synapse_cleft 1491 -0.0110258985 -0.0199408079 0.0166516492 0 0 0
nt@synapse_cleft 1494 0.00385816836 0.0223593027 0.0128504795 0 0 0
nt@synapse_cleft 1496 -0.00559309057 0.00312500155 0.0182691426 0 0 0
nt@synapse_cleft 1503 -0.0244070655 -0.0231756846 0.00549776041 0 0 0
nt@synapse_cleft 1506 0.0224894098 -0.0161453309 0.00325275659 0 0 0
nt@synapse_cleft 1507 0.0094395082 0.00500653329 0.00269190522 0 0 0
nt@synapse_cleft 1508 0.019817729 0.00543685942 0.00473611542 0 0 0
nt@synapse_cleft 1512 -0.0072742747 -0.0147458802 0.00633696184 0 0 0
nt@synapse_cleft 1515 0.00297286217 0.0341819654 0.00687477383 0 0 0
nt@synapse_cleft 1519 0.00773053801 -0.0142522548 0.00798624677 0 0 0
nt@synapse_cleft 1522 -0.0263151378 0.0123813089 0.0114457611 0 0 0
nt@synapse_cleft 1526 0.0220356436 -0.0168317803 0.0185817983 0 0 0
nt@synapse_cleft 1527 -0.0105690981 0.034203145 0.0147662405 0 0 0
nt@synapse_cleft 1528 -0.0430745093 0.0119863264 0.016486842 0 0 0
nt@synapse_cleft 1531 -0.0122374948 0.0372537345 0.0107385358 0 0 0
nt@synapse_cleft 1538 -0.00150182047 0.0135751516 0.0110410975 0 0 0
nt@synapse_cleft 1542 -0.0230513809 0.0148605692 0.017080963 0 0 0
nt@synapse_cleft 1545 -0.00974795969 0.00119525273 0.00871533147 0 0 0
nt@synapse_cleft 1548 -0.0200115818 -0.0138182307 0.0115432975 0 0 0
nt@synapse_cleft 1553 0.0516151001 0.0186888605 0.00677951668 0 0 0
nt@synapse_cleft 1554 0.0158286998 0.0054542533 0.00776311731 0 0 0
nt@synapse_cleft 1561 0.0128935187 -0.0618831481 0.00127832531 0 0 0
nt@synapse_cleft 1565 -0.0171644543 0.007855863 0.0182261032 0 0 0
nt@synapse_cleft 1571 -0.0152970548 0.00126133922 0.0123525334 0 0 0
nt@synapse_cleft 1573 0.00510788318 0.027403305 0.00788402113 0 0 0
nt@synapse_cleft 1583 -0.0159256046 -0.0251831916 0.0115624441 0 0 0
nt@synapse_cleft 1584 -0.00345788794 0.0059280078 0.000337115233 0 0 0
nt@synapse_cleft 1588 0.00612640725 -0.0128134347 0.011397834 0 0 0
nt@synapse_cleft 1590 -0.0319626156 0.0407251052 0.00190829953 0 0 0
nt@synapse_cleft 1592 0.00552900152 -0.0162965805 0.0166579801 0 0 0
nt@synapse_cleft 1596 0.00117968394 -0.0232758362 0.0129868522 0 0 0
nt@synapse_cleft 1597 0.0121936035 0.0421142032 0.00227068676 0 0 0
nt@synapse_cleft 1598 -0.0284970399 -0.00789785807 0.0193798317 0 0 0
nt@synapse_cleft 1600 0.0208635197 -0.0305611388 0.00166767751 0 0 0
nt@synapse_cleft 1605 0.0137441082 0.0124522546 0.00649966202 0 0 0
nt@synapse_cleft 1606 -0.017845952 0.00651952164 0.0127091733 0 0 0
nt@synapse_cleft 1611 -0.0092618999 -0.0287854549 0.012018517 0 0 0
nt@synapse_cleft 1612 -0.0206950836 -0.00499660813 0.00205887884 0 0 0
nt@synapse_cleft 1615 0.0106690155 -0.057363124 0.0116185313 0 0 0
nt@synapse_cleft 1617 0.0144268441 -0.0288195512 0.0123644021 0 0 0
nt@synapse_cleft 1619 0.0279873845 -0.00858999237 0.0177268661 0 0 0
nt@synapse_cleft 1625 -0.0287708776 0.00946787394 0.0175589094 0 0 0
nt@synapse_cleft 1628 0.0110502126 0.0318844167 0.0160026559 0 0 0
nt@synapse_cleft 1632 0.0303948559 0.0101967722 0.00827775259 0 0 0
nt@synapse_cleft 1635 0.0148144946 -0.0142277937 0.0144976277 0 0 0
nt@synapse_cleft 1641 0.0311636106 0.0143270653 0.00228762016 0 0 0
nt@synapse_cleft 1642 0.025973038 -0.0181356439 0.00867289021 0 0 0
nt@synapse_cleft 1655 0.000383184988 0.0234381908 0.00236950365 0 0 0
nt@synapse_cleft 1658 0.0148738491 0.0364217131 0.00542325974 0 0 0
nt@synapse_cleft 1660 0.0143091293 0.0181402524 0.00256789321 0 0 0
nt@synapse_cleft 1675 -0.0371883122 -0.00359836788 0.0193713475 0 0 0
nt@synapse_cleft 1678 -0.0019196684 -0.00851432468 0.00465081343 0 0 0
nt@synapse_cleft 1681 -0.00998566936 0.0111206927 0.0154879049 0 0 0
nt@synapse_cleft 1684 0.00474846981 -0.0318019805 0.0128850494 0 0 0
nt@synapse_cleft 1686 -0.0148647824 0.0117509123 0.0175176724 0 0 0
nt@synapse_cleft 1687 -0.0320787649 -0.0192583736 0.00459918475 0 0 0
nt@synapse_cleft 1689 0.00969678364 0.0275034334 0.000948941899 0 0 0
nt@synapse_cleft 1692 -0.00204471729 0.0180463091 0.00326767225 0 0 0
nt@synapse_cleft 1695 0.0101793094 -0.00165315717 0.0128313147 0 0 0
nt@synapse_cleft 1701 -9.45839496e-05 0.00871945197 0.00628123747 0 0 0
nt@synapse_cleft 1702 0.0131770429 -0.0179343682 0.0160734619 0 0 0
nt@synapse_cleft 1703 -0.00640173922 0.0134812392 0.00665987008 0 0 0
nt@synapse_cleft 1707 -0.0206588816 -0.0206825545 0.00953384561 0 0 0
nt@synapse_cleft 1708 -0.0160459832 0.0152056009 0.00344408507 0 0 0
nt@synapse_cleft 1713 -0.0155956172 -0.00310126618 0.00319392268 0 0 0
nt@synapse_cleft 1715 0.00899177058 -0.00215521718 0.0196442607 0 0 0
nt@synapse_cleft 1721 0.00359517494 -0.0323216771 0.004573418 0 0 0
nt@synapse_cleft 1725 0.0305793132 0.000434108945 0.0118202791 0 0 0
nt@synapse_cleft 1729 -0.00260188358 0.000557637959 0.0183272009 0 0 0
nt@synapse_cleft 1736 0.0207497864 0.00907788447 0.0126915196 0 0 0
nt@synapse_cleft 1741 -0.00754539703 -0.0160695019 0.018121812 0 0 0
nt@synapse_cleft 1742 0.0174263109 -0.0519096164 0.0103267947 0 0 0
nt@synapse_cleft 1743 0.0269755202 0.0398602831 0.0160459047 0 0 0
nt@synapse_cleft 1745 -0.0346149046 0.00896926505 0.00027928648 0 0 0
nt@synapse_cleft 1746 0.0052589154 -0.00686098767 0.0181629976 0 0 0
nt@synapse_cleft 1747 -0.0192408897 0.027016745 0.00365875602 0 0 0
nt@synapse_cleft 1748 0.0494709909 0.0217859085 0.0194959798 0 0 0
nt@synapse_cleft 1749 0.013641616 -0.000257348613 0.00631639842 0 0 0
nt@synapse_cleft 1751 0.0311032074 0.0044434568 0.00830086006 0 0 0
nt@synapse_cleft 1759 -0.0126229155 -0.00057118771 0.0161147825 0 0 0
nt@synapse_cleft 1761 -0.0288238213 0.00859359692 0.0100221085 0 0 0
nt@synapse_cleft 1762 -0.00950357078 -0.035909816 0.010824361 0 0 0
nt@synapse_cleft 1763 0.0347705658 -0.0193506551 0.0152392971 0 0 0
nt@synapse_cleft 1768 0.0122686463 -0.026547004 0.014041646 0 0 0
nt@synapse_cleft 1769 -0.0253929394 0.00240731984 0.0199009357 0 0 0
nt@synapse_cleft 1775 0.00190230572 -0.0094864578 0.00167872379 0 0 0
nt@synapse_cleft 1777 0.00342127325 -0.00673282705 0.00464180204 0 0 0
nt@synapse_cleft 1778 0.0203870843 -0.048882785 0.00813663344 0 0 0
nt@synapse_cleft 1781 -0.00922010535 0.0209758213 0.0108199635 0 0 0
nt@synapse_cleft 1793 0.00571117114 0.0149605831 0.0147945175 0 0 0
nt@synapse_cleft 1795 0.0189575587 -0.0040861932 0.00893152414 0 0 0
nt@synapse_cleft 1799 -0.0218843562 0.00543611805 0.00225033922 0 0 0
nt@synapse_cleft 1804 0.0174659955 -0.0165253388 0.00305667584 0 0 0
nt@synapse_cleft 1805 -0.0134356993 -0.00313947044 0.00291476536 0 0 0
nt@synapse_cleft 1806 -0.0116166508 0.00447689388 0.000240676001 0 0 0
nt@synapse_cleft 1810 -0.0507440956 -0.0334286761 0.0140958932 0 0 0
nt@synapse_cleft 1811 -0.00597802509 -0.00206368548 0.00882056004 0 0 0
nt@synapse_cleft 1812 -0.00736050352 0.0253016154 0.016279368 0 0 0
nt@synapse_cleft 1815 -0.00569907252 0.0278333055 0.007420411 0 0 0
nt@synapse_cleft 1824 -0.00135009466 -0.000693665178 0.00412452222 0 0 0
nt@synapse_cleft 1826 0.0224295267 -0.0103387112 0.0151415007 0 0 0
nt@synapse_cleft 1827 0.00367122981 -0.0331238933 0.0058558332 0 0 0
nt@synapse_cleft 1829 0.0421765003 -0.0152502231 0.0173673423 0 0 0
nt@synapse_cleft 1830 -0.0381997679 -0.00862926753 0.00417809061 0 0 0
nt@synapse_cleft 1832 -0.027113024 -0.00676470146 0.00265724159 0 0 0
nt@synapse_cleft 1833 -0.00729905296 0.015671732 0.0192729542 0 0 0
nt@synapse_cleft 1837 -0.0201050491 -0.00842175306 0.0111090283 0 0 0
nt@synapse_cleft 1838 -0.00663134915 -0.0231718767 0.00799677636 0 0 0
nt@synapse_cleft 1840 -0.0234790721 -0.00279116811 0.011610006 0 0 0
nt@synapse_cleft 1843 0.0320304595 -0.0125356252 0.00811315541 0 0 0
nt@synapse_cleft 1846 -0.011516448 -0.00171472202 0.00990398129 0 0 0
nt@synapse_cleft 1849 0.035821219 -0.00514621483 0.00538326899 0 0 0
nt@synapse_cleft 1853 0.0667868632 -0.00953562141 0.0181806564 0 0 0
nt@synapse_cleft 1854 0.00586033798 -0.00853789747 0.00649656583 0 0 0
nt@synapse_cleft 1855 -0.0229382261 0.00244277202 0.00098799578 0 0 0
nt@synapse_cleft 1856 0.0180667819 -0.00206362316 0.00885801252 0 0 0
nt@synapse_cleft 1859 0.0436311629 0.0209252841 0.0161580573 0 0 0
nt@synapse_cleft 1864 -0.0012323755 -0.0301753122 0.00616576872 0 0 0
nt@synapse_cleft 1868 -0.0190321709 0.0101331778 0.0166267224 0 0 0
nt@synapse_cleft 1872 0.00142348384 -0.00485516854 0.0159775247 0 0 0
nt@synapse_cleft 1873 -0.0559011568 0.00445405225 0.0132132167 0 0 0
nt@synapse_cleft 1875 -0.0174588069 0.0216431223 0.00495641973 0 0 0
nt@synapse_cleft 1877 0.00694101619 0.0388333489 0.0157469903 0 0 0
nt@synapse_cleft 1879 0.0499297836 -0.0344636986 0.0147602059 0 0 0
nt@synapse_cleft 1880 -0.0349410701 -0.0236351302 0.0149532919 0 0 0
nt@synapse_cleft 1883 0.00833771427 0.00687715 0.0162607246 0 0 0
nt@synapse_cleft 1885 -0.00041358849 0.0121424503 0.0194372028 0 0 0
nt@synapse_cleft 1887 -0.0184206959 0.0284316603 0.00143732629 0 0 0
nt@synapse_cleft 1890 -0.0265730075 -0.00118967697 0.00481818292 0 0 0
nt@synapse_cleft 1892 0.00588454653 0.013437383 0.0143421245 0 0 0
nt@synapse_cleft 1894 -0.0194145264 0.024872638 0.0156083148 0 0 0
nt@synapse_cleft 1896 0.0223883447 -0.00717537926 0.00306418088 0 0 0
nt@synapse_cleft 1900 -0.00604343114 -0.0004010834 0.011897355 0 0 0
nt@synapse_cleft 1904 -0.0278191748 0.0398274972 0.019109118 0 0 0
nt@synapse_cleft 1912 0.0160951091 -0.0292084473 0.00768357062 0 0 0
nt@synapse_cleft 1914 0.0201131197 -0.000636337759 0.0101643706 0 0 0
nt@synapse_cleft 1918 -0.0163005771 0.0453647903 0.0159643767 0 0 0
nt@synapse_cleft 1921 -0.00263556517 -0.00288787646 0.0144504631 0 0 0
nt@synapse_cleft 1923 -0.0144118311 0.0224619856 0.00984454812 0 0 0
nt@synapse_cleft 1925 0.00974076108 0.016993765 0.0117886643 0 0 0
nt@synapse_cleft 1926 0.0264284037 0.00681002736 0.00723844331 0 0 0
nt@synapse_cleft 1932 0.0111842579 -0.0132258169 0.0141344784 0 0 0
nt@synapse_cleft 1942 0.0226154152 -0.034725158 0.00118152919 0 0 0
nt@synapse_cleft 1944 -0.00391535148 0.0121930326 0.00690939145 0 0 0
nt@synapse_cleft 1946 -0.01123658 -0.00118413181 0.000931289846 0 0 0
nt@synapse_cleft 1953 -0.0132147879 -0.0196241437 0.000420262428 0 0 0
nt@synapse_cleft 1959 -0.00896809983 -0.0359654012 0.00910135098 0 0 0
nt@synapse_cleft 1961 0.0359134425 0.00222151329 0.0134302693 0 0 0
nt@synapse_cleft 1964 -0.00512919147 -0.00858338777 0.0184773873 0 0 0
nt@synapse_cleft 1967 0.0150927532 -0.01922993 0.00682898503 0 0 0
nt@synapse_cleft 1970 -0.0143570425 -0.0274618664 0.00556841117 0 0 0
nt@synapse_cleft 1973 0.0205068357 0.0266288316 0.00982851706 0 0 0
nt@synapse_cleft 1976 -0.0310059588 -0.00620532546 0.00889718143 0 0 0
nt@synapse_cleft 1980 -0.0115000527 -0.0187529065 0.00193219944 0 0 0
nt@synapse_cleft 1982 0.00474993225 0.0147010153 0.0109006433 0 0 0
nt@synapse_cleft 1984 -0.0671747154 -0.0213037503 0.00076152661 0 0 0
nt@synapse_cleft 1988 0.0188486445 0.0178293815 0.0121577448 0 0 0
nt@synapse_cleft 1989 -0.0146268831 0.0081820006 0.0193721305 0 0 0
nt@synapse_cleft 1990 0.0160813617 0.0358639088 0.0080730019 0 0 0
nt@synapse_cleft 1993 0.00694963827 -0.0157681283 0.0115914475 0 0 0
nt@synapse_cleft 1997 -0.0042217031 0.0202016415 0.0137457319 0 0 0
nt@synapse_cleft 1998 -0.040840563 -0.023991464 0.0113510218 0 0 0
nt@synapse_cleft 2004 -0.015010839 0.00206970551 0.0139938437 0 0 0
nt@synapse_cleft 2007 0.00765172658 0.0125185967 0.017210919 0 0 0
nt@synapse_cleft 2008 0.0144491708 0.00358981733 0.0156546243 0 0 0
nt@synapse_cleft 2013 -0.0220591984 -0.0135629305 0.0182088554 0 0 0
nt@synapse_cleft 2014 0.0201686547 0.0311492992 0.0073833079 0 0 0
nt@synapse_cleft 2016 -0.0176153121 -0.00529879525 0.00150949309 0 0 0
nt@synapse_cleft 2019 0.0267629649 -0.0232827402 0.0197891474 0 0 0
nt@synapse_cleft 2026 0.0472242353 -0.0149125709 0.0170670116 0 0 0
nt@synapse_cleft 2027 -0.005083224 -0.0204614827 0.00385492481 0 0 0
nt@synapse_cleft 2032 -0.0222172923 0.00209471542 0.0055981784 0 0 0
nt@synapse_cleft 2035 0.0307650749 0.019517852 0.0163263562 0 0 0
nt@synapse_cleft 2036 0.0488510506 -0.00403660529 0.0108845065 0 0 0
nt@synapse_cleft 2039 0.0271764798 0.000849795764 0.010767433 0 0 0
nt@synapse_cleft 2041 0.0310164327 -0.000784837301 0.0131238722 0 0 0
nt@synapse_cleft 2044 0.0209501944 -0.0190945095 0.00864219435 0 0 0
nt@synapse_cleft 2052 0.0023736802 -0.00103479607 0.0169778355 0 0 0
nt@synapse_cleft 2053 -0.0110870557 0.0143834198 0.00903389402 0 0 0
nt@synapse_cleft 2056 -0.0170430313 -0.0165815738 0.00169295888 0 0 0
nt@synapse_cleft 2058 -0.00788587986 -0.0389488695 0.0110508295 0 0 0
nt@synapse_cleft 2061 0.00553122864 0.00137276442 0.00142660223 0 0 0
nt@synapse_cleft 2064 0.0320565123 0.0217190206 0.0110521795 0 0 0
nt@synapse_cleft 2074 0.00679579403 -0.0428227454 0.00449620766 0 0 0
nt@synapse_cleft 2091 -0.0165342519 0.0246153775 0.0131567915 0 0 0
nt@synapse_cleft 2092 0.0110460823 0.019561307 0.0109038863 0 0 0
nt@synapse_cleft 2094 -0.01307917 0.00275970856 0.00689452337 0 0 0
nt@synapse_cleft 2095 0.00790363857 0.0168901135 0.015936735 0 0 0
nt@synapse_cleft 2096 -0.0111593366 -0.0178108305 0.0109290572 0 0 0
nt@synapse_cleft 2101 -0.00787394884 -0.0282534598 0.00179864192 0 0 0
nt@synapse_cleft 2104 0.02101584 0.0132216546 0.0182141895 0 0 0
nt@synapse_cleft 2112 -0.0133599074 -0.0129740442 0.00819304335 0 0 0
nt@synapse_cleft 2115 -0.023366419 -0.00257366896 0.016819582 0 0 0
nt@synapse_cleft 2119 -0.0211944298 -0.010984244 0.000546597022 0 0 0
nt@synapse_cleft 2121 0.0391552096 -0.00991770188 0.0102517773 0 0 0
nt@synapse_cleft 2124 0.011097231 0.0303527047 0.000410374346 0 0 0
nt@synapse_cleft 2127 0.0215713364 0.0102821316 0.00458057106 0 0 0
nt@synapse_cleft 2133 0.0196378847 -0.0126147504 0.00769991935 0 0 0
nt@synapse_cleft 2136 0.0203898529 0.0228064125 0.000846654295 0 0 0
nt@synapse_cleft 2137 -0.0457999081 0.0334010884 0.00486902816 0 0 0
nt@synapse_cleft 2141 0.0308261497 0.0276410621 0.00993123752 0 0 0
nt@synapse_cleft 2148 0.0262229182 -0.0393851818 0.00120195939 0 0 0
nt@synapse_cleft 2156 0.0133272183 -0.0260064365 0.010289492 0 0 0
nt@synapse_cleft 2160 0.0115730121 0.00549911015 0.00955466353 0 0 0
nt@synapse_cleft 2161 0.00460630128 -0.0519644996 0.0140337198 0 0 0
nt@synapse_cleft 2162 -0.0249633151 0.021440621 0.0129524712 0 0 0
nt@synapse_cleft 2163 0.0251786967 -0.00717682839 0.0123867206 0 0 0
nt@synapse_cleft 2166 0.00119116516 0.0234109177 0.00755647107 0 0 0
nt@synapse_cleft 2170 0.0336293667 -2.81582589e-06 0.0166414511 0 0 0
nt@synapse_cleft 2177 -0.00998147677 -0.0173744982 0.00927777048 0 0 0
nt@synapse_cleft 2185 -0.00602728324 -0.00602265875 0.00976093495 0 0 0
nt@synapse_cleft 2187 -0.00911968174 0.0100212926 0.00537743595 0 0 0
nt@synapse_cleft 2188 -0.0167562501 0.0417362717 0.00126693192 0 0 0
nt@synapse_cleft 2199 0.0156223097 -0.0158741858 0.00688676898 0 0 0
nt@synapse_cleft 2204 -0.0439805866 -0.00498077587 0.019807084 0 0 0
nt@synapse_cleft 2206 -0.0115202164 -0.0192242308 0.0139401539 0 0 0
nt@synapse_cleft 2207 0.0281199598 -0.000108025559 0.018034805 0 0 0
nt@synapse_cleft 2217 0.0142654375 -0.0364422006 0.00700501187 0 0 0
nt@synapse_cleft 2218 0.0135981652 0.0158255462 0.0117450095 0 0 0
nt@synapse_cleft 2223 -0.0304227587 0.0152425934 0.0074292769 0 0 0
nt@synapse_cleft 2228 -0.00726281524 0.00635935542 0.00362106025 0 0 0
nt@synapse_cleft 2235 -0.00630357838 -0.00147794651 0.00945087896 0 0 0
nt@synapse_cleft 2236 0.0126517331 0.0264866106 0.016565734 0 0 0
nt@synapse_cleft 2248 -0.0272253045 -0.00606279195 0.0121386302 0 0 0
nt@synapse_cleft 2251 0.0166150141 -0.00632494142 0.0178309499 0 0 0
nt@synapse_cleft 2254 0.00628099894 -0.0145532669 0.0114145495 0 0 0
nt@synapse_cleft 2256 -0.0393231254 -0.0333955927 3.81016604e-05 0 0 0
nt@synapse_cleft 2257 0.00951808424 -0.00551867882 0.00588637175 0 0 0
nt@synapse_cleft 2262 -0.0129259189 0.0323371333 0.00881714366 0 0 0
nt@synapse_cleft 2265 0.0235235484 0.0274721187 7.71745841e-05 0 0 0
nt@synapse_cleft 2269 -0.0400788558 0.00983952541 0.00334007995 0 0 0
nt@synapse_cleft 2271 -0.0679981659 0.0147371717 0.00471653886 0 0 0
nt@synapse_cleft 2274 0.00298768974 0.0344397826 0.000545826785 0 0 0
nt@synapse_cleft 2278 0.0352233029 0.0320388425 0.0127915963 0 0 0
nt@synapse_cleft 2279 -0.00515375296 0.00680071768 0.00406977313 0 0 0
nt@synapse_cleft 2283 0.0290139118 -0.0149521343 0.00814804492 0 0 0
nt@synapse_cleft 2284 0.0225010557 -0.00987122825 0.015913522 0 0 0
nt@synapse_cleft 2285 -0.0149721632 -0.00145907065 0.0142492135 0 0 0
nt@synapse_cleft 2289 -0.00233623587 0.0127495633 0.00318051477 0 0 0
nt@synapse_cleft 2292 -0.021894228 0.00833013857 0.0146107026 0 0 0
nt@synapse_cleft 2298 -0.0351140577 -0.0196201727 0.00891156935 0 0 0
nt@synapse_cleft 2304 -0.0170791051 0.0277929554 0.00380976842 0 0 0
nt@synapse_cleft 2306 0.00028351806 -0.0214468543 0.0121582458 0 0 0
nt@synapse_cleft 2308 -0.019342441 0.00351994632 4.46100568e-06 0 0 0
nt@synapse_cleft 2309 0.00615587785 -0.00242686772 0.019793367 0 0 0
nt@synapse_cleft 2314 -0.00444804146 -0.02446558 0.00795228159 0 0 0
nt@synapse_cleft 2317 0.0382305846 0.0127090092 0.00822075003 0 0 0
nt@synapse_cleft 2320 0.00296918481 -0.0214262115 0.00887368845 0 0 0
nt@synapse_cleft 2321 0.0609921542 -0.000569921938 0.000216550762 0 0 0
nt@synapse_cleft 2326 0.0242621782 0.0165560741 0.00614500943 0 0 0
nt@synapse_cleft 2327 -0.0229525228 -0.0399683407 0.0141845833 0 0 0
nt@synapse_cleft 2330 -0.0436220122 0.0235054198 0.00848749311 0 0 0
nt@synapse_cleft 2331 -0.0312719011 -0.0351457808 0.000698915424 0 0 0
nt@synapse_cleft 2332 -0.0149024748 -0.00515281965 0.0147245224 0 0 0
nt@synapse_cleft 2336 0.00570084561 -0.0169955732 0.00285660311 0 0 0
nt@synapse_cleft 2343 0.0157392074 -0.0113572512 0.0143452145 0 0 0
nt@synapse_cleft 2349 0.029266904 0.0053967781 0.0158301825 0 0 0
nt@synapse_cleft 2354 -0.014285727 -0.00706852994 0.0101595987 0 0 0
nt@synapse_cleft 2366 0.0156340171 0.0284068177 0.0171548444 0 0 0
nt@synapse_cleft 2367 -0.0174188792 -0.0195063784 0.0136891571 0 0 0
nt@synapse_cleft 2369 -0.00733407627 0.00424812562 0.0156336452 0 0 0
nt@synapse_cleft 2370 0.012518878 -0.0156499108 0.00664543785 0 0 0
nt@synapse_cleft 2374 0.0145200103 0.012129982 0.013539996 0 0 0
nt@synapse_cleft 2375 -0.000614292811 0.00634432982 0.0192496619 0 0 0
nt@synapse_cleft 2383 0.0137532866 -0.0484946343 0.00846379936 0 0 0
nt@synapse_cleft 2386 -0.00508277986 -0.0248478314 0.0050366301 0 0 0
nt@synapse_cleft 2389 -0.00502468451 -0.0126713444 0.00701193632 0 0 0
nt@synapse_cleft 2397 0.0113407969 -0.0654565968 0.00621350615 0 0 0
nt@synapse_cleft 2398 -0.0163455265 0.0249354604 0.0175974161 0 0 0
nt@synapse_cleft 2400 -0.0234582831 -0.039858213 0.0154711806 0 0 0
nt@synapse_cleft 2410 0.0123823238 -0.00201741473 0.0161172079 0 0 0
nt@synapse_cleft 2411 0.0140544185 -0.0373542654 0.00923178487 0 0 0
nt@synapse_cleft 2412 0.00641810723 0.00716268038 0.013193058 0 0 0
nt@synapse_cleft 2417 -0.00941260224 0.00675142982 0.0181552408 0 0 0
nt@synapse_cleft 2421 -0.00465487026 0.0222005083 0.00295587917 0 0 0
nt@synapse_cleft 2423 0.00686489399 -0.0343286195 0.00662870783 0 0 0
nt@synapse_cleft 2434 0.0127053353 -0.0313232309 0.0119400951 0 0 0
nt@synapse_cleft 2437 0.0268811114 0.00454566531 0.00962127499 0 0 0
nt@synapse_cleft 2438 0.00280479566 -0.0411297451 0.00358487982 0 0 0
nt@synapse_cleft 2440 -0.0136570772 -0.0314054755 0.0174295408 0 0 0
nt@synapse_cleft 2446 -0.0192959392 0.0211255529 0.00911909054 0 0 0
nt@synapse_cleft 2448 -0.000676567466 -0.0035062657 0.0137517886 0 0 0
nt@synapse_cleft 2456 -0.0242588313 -0.00781592909 0.00778156008 0 0 0
nt@synapse_cleft 2459 0.00925289044 0.0386276623 0.000809313743 0 0 0
nt@synapse_cleft 2462 -0.0176563288 0.0415369773 0.00275104733 0 0 0
nt@synapse_cleft 2463 0.00911936961 -0.0186042929 0.00477995858 0 0 0
nt@synapse_cleft 2466 0.00444470223 -0.0332058994 0.00289912624 0 0 0
nt@synapse_cleft 2467 -0.0056372524 0.0254502405 0.00977349578 0 0 0
nt@synapse_cleft 2468 -0.0452510418 -0.0192303757 0.0121633001 0 0 0
nt@synapse_cleft 2470 0.0110947689 0.0127818174 0.00212906698 0 0 0
nt@synapse_cleft 2471 -0.0178305856 9.56809713e-06 0.0145426802 0 0 0
nt@synapse_cleft 2472 0.0365551626 -0.0519531341 0.0198033488 0 0 0
nt@synapse_cleft 2480 -0.00716642533 -0.011434627 0.0130277566 0 0 0
nt@synapse_cleft 2481 -0.0193030739 -0.0160396101 0.00182322622 0 0 0
nt@synapse_cleft 2483 0.0351140173 0.0123698628 0.0195167218 0 0 0
nt@synapse_cleft 2491 -0.000552895336 -0.00432383332 0.0188415911 0 0 0
nt@synapse_cleft 2493 0.0183703665 -0.0469073762 0.00953872771 0 0 0
nt@synapse_cleft 2495 -0.0226143833 0.0058180258 0.00838872018 0 0 0
nt@synapse_cleft 2498 0.0126039375 -0.00309670453 0.00165459786 0 0 0
nt@synapse_cleft 2501 -0.0147837612 0.0100719448 0.000342699428 0 0 0
nt@synapse_cleft 2502 0.0122602833 -0.028672373 0.0177903021 0 0 0
nt@synapse_cleft 2506 0.0112357402 -0.0127482743 0.019181802 0 0 0
nt@synapse_cleft 2507 0.0198796772 0.0170504915 0.00641937571 0 0 0
nt@synapse_cleft 2509 0.00403917634 -0.0242462102 0.0177284733 0 0 0
nt@synapse_cleft 2510 0.00915093996 -0.0182608291 0.0185644232 0 0 0
nt@synapse_cleft 2513 -0.00911066514 0.00415973665 0.00445844625 0 0 0
nt@synapse_cleft 2517 -0.0204929298 -0.00872861803 0.00699404404 0 0 0
nt@synapse_cleft 2520 0.0284676158 0.0255313762 0.00517106814 0 0 0
nt@synapse_cleft 2521 -0.00723912827 0.0227244217 0.0135904506 0 0 0
nt@synapse_cleft 2525 0.0319733086 0.0191985006 0.0129773055 0 0 0
nt@synapse_cleft 2528 -0.0204654659 -0.00369055557 0.00806862735 0 0 0
nt@synapse_cleft 2539 -0.0158189419 0.0184440732 0.0109675867 0 0 0
nt@synapse_cleft 2542 0.0351207707 -0.0266175815 0.012655611 0 0 0
nt@synapse_cleft 2549 -0.00448327563 0.0508347021 0.0148590683 0 0 0
nt@synapse_cleft 2550 0.0210585586 -0.0131502875 0.000695775645 0 0 0
nt@synapse_cleft 2555 0.0496636977 -0.0165475123 0.00932665044 0 0 0
nt@synapse_cleft 2560 -0.0311087122 -0.00103122416 0.000816580416 0 0 0
nt@synapse_cleft 2561 0.0127802362 0.0405312193 0.0087670127 0 0 0
nt@synapse_cleft 2563 0.00655064403 0.0078776666 0.0184847649 0 0 0
nt@synapse_cleft 2564 -0.00735322868 0.0462085768 0.00583153243 0 0 0
nt@synapse_cleft 2566 0.00414713879 -0.0215533611 0.0148751067 0 0 0
nt@synapse_cleft 2570 0.0194647241 -0.00106818053 0.00719587603 0 0 0
nt@synapse_cleft 2571 0.00687972053 -0.0439666485 0.00943867826 0 0 0
nt@synapse_cleft 2577 0.00433041139 0.0207244012 0.0174424334 0 0 0
nt@synapse_cleft 2586 0.0313959706 -0.0026760601 0.0146640113 0 0 0
nt@synapse_cleft 2591 -0.00725053266 -0.0021796427 0.000713010119 0 0 0
nt@synapse_cleft 2593 0.0439842856 0.0468682686 0.018800748 0 0 0
nt@synapse_cleft 2597 -0.0153739578 0.0150673504 0.000466460724 0 0 0
nt@synapse_cleft 2600 0.0209484117 0.0541971966 0.0158833104 0 0 0
nt@synapse_cleft 2603 0.00540524183 -0.0192175499 0.00982967683 0 0 0
nt@synapse_cleft 2604 0.0420361024 -0.011461381 0.00114553771 0 0 0
nt@synapse_cleft 2610 -0.00133047292 -0.0318436056 0.0021974761 0 0 0
nt@synapse_cleft 2613 -0.0313684527 -0.028560887 0.0140825528 0 0 0
nt@synapse_cleft 2615 -0.0242984892 -0.0582539075 0.00182148415 0 0 0
nt@synapse_cleft 2617 -0.014912467 0.0187390249 0.0111320551 0 0 0
nt@synapse_cleft 2620 0.00598814456 -0.0346187861 0.00992833427 0 0 0
nt@synapse_cleft 2623 -0.0186401066 -0.0365795513 0.0156798989 0 0 0
nt@synapse_cleft 2625 -0.0340268316 -0.0279321024 0.0122455599 0 0 0
nt@synapse_cleft 2628 0.0315346573 -0.0316927111 0.0143933387 0 0 0
nt@synapse_cleft 2631 -0.00740405578 0.0264049047 0.0169997636 0 0 0
nt@synapse_cleft 2639 0.0105660308 0.00755378358 0.00531734856 0 0 0
nt@synapse_cleft 2641 -0.00965526639 -0.0289127915 0.0139371265 0 0 0
nt@synapse_cleft 2642 -0.035799853 -0.00426417299 0.0155625078 0 0 0
nt@synapse_cleft 2645 0.00789123351 0.0163037702 0.0182770284 0 0 0
nt@synapse_cleft 2646 0.0326822091 0.0188480325 0.0173484363 0 0 0
nt@synapse_cleft 2650 0.0291127321 -0.00886112577 0.0162539667 0 0 0
nt@synapse_cleft 2652 -0.0230334963 0.0067409583 0.0146489462 0 0 0
nt@synapse_cleft 2660 -0.0187041408 -0.0274843264 0.0194293195 0 0 0
nt@synapse_cleft 2661 0.0259103642 -0.0267891084 0.00536061943 0 0 0
nt@synapse_cleft 2670 -0.0367391106 -0.0150148453 0.015540965 0 0 0
nt@synapse_cleft 2674 -0.0205823145 -0.0040585697 0.0073841169 0 0 0
nt@synapse_cleft 2675 0.00269879211 0.0159381377 0.013849672 0 0 0
nt@synapse_cleft 2680 -0.0437742059 -0.0306501429 0.000580847935 0 0 0
nt@synapse_cleft 2681 -0.0379361875 -0.0213631798 0.00399849863 0 0 0
nt@synapse_cleft 2688 -0.0546111966 0.0618582832 0.0112271233 0 0 0
nt@synapse_cleft 2692 0.0276004414 -0.0155852987 0.00156486332 0 0 0
nt@synapse_cleft 2702 -0.000974793699 -0.0167135834 0.00297212222 0 0 0
nt@synapse_cleft 2708 -0.0374898769 0.00134452582 0.0184864064 0 0 0
nt@synapse_cleft 2709 -0.00647709768 -0.00304200145 0.0127634955 0 0 0
nt@synapse_cleft 2710 7.04927305e-06 -0.0100910269 0.00911006549 0 0 0
nt@synapse_cleft 2713 0.00406754503 -0.0118284213 0.014666851 0 0 0
nt@synapse_cleft 2714 0.0306591836 0.026459089 0.00772052796 0 0 0
nt@synapse_cleft 2720 0.018317927 0.0206857344 0.00233526717 0 0 0
nt@synapse_cleft 2724 0.00367710172 -0.0193357814 0.00449507473 0 0 0
nt@synapse_cleft 2729 0.0172424489 -0.0107094723 0.0141602899 0 0 0
nt@synapse_cleft 2734 0.0426630263 0.0061100093 0.0178346187 0 0 0
nt@synapse_cleft 2739 0.021444692 -0.0127950749 0.0169125031 0 0 0
nt@synapse_cleft 2743 -0.000707115931 -0.0453516123 0.00800090369 0 0 0
nt@synapse_cleft 2745 0.0248898829 -0.00972119209 0.0111262647 0 0 0
nt@synapse_cleft 2750 0.0328537 -0.0218909297 0.0105489648 0 0 0
nt@synapse_cleft 2752 -0.0356641663 -0.00989206964 0.0120056312 0 0 0
nt@synapse_cleft 2756 0.0283268046 -0.000468872484 0.0149312099 0 0 0
nt@synapse_cleft 2758 -0.00216908773 -0.0241428383 0.0135138372 0 0 0
nt@synapse_cleft 2760 0.00201379015 -0.0163631915 0.0147035865 0 0 0
nt@synapse_cleft 2766 -0.0398422204 0.0162930915 0.0159753104 0 0 0
nt@synapse_cleft 2775 0.0299845418 -0.00745905143 0.0156320985 0 0 0
nt@synapse_cleft 2779 0.0154148227 -0.00168572837 0.00161127876 0 0 0
nt@synapse_cleft 2785 0.00462457171 0.0197524244 0.00681833604 0 0 0
nt@synapse_cleft 2798 -0.0209289746 0.0114860532 0.00152760387 0 0 0
nt@synapse_cleft 2806 0.0268905897 0.0106235983 0.00664508769 0 0 0
nt@synapse_cleft 2807 -0.00617376958 0.00406745452 0.0139928391 0 0 0
nt@synapse_cleft 2808 0.0101120553 0.0431806927 0.00511296114 0 0 0
nt@synapse_cleft 2812 -0.0554161168 -0.0424922737 0.00116204387 0 0 0
nt@synapse_cleft 2815 0.00861487973 -0.00462381428 0.0142921437 0 0 0
nt@synapse_cleft 2820 0.0196535869 -0.00163874962 0.00879080412 0 0 0
nt@synapse_cleft 2828 0.0152150256 -0.0439744152 0.00479873628 0 0 0
nt@synapse_cleft 2837 -0.00860581809 0.0152749203 0.0125234927 0 0 0
nt@synapse_cleft 2848 0.0193303089 0.0171665264 0.0117125488 0 0 0
nt@synapse_cleft 2854 0.020801606 -0.002812785 0.00595466 0 0 0
nt@synapse_cleft 2855 -0.0167317883 -0.0261490928 0.0036922128 0 0 0
nt@synapse_cleft 2857 0.0203260801 -0.0165787949 0.0113120361 0 0 0
nt@synapse_cleft 2861 -0.0290927758 -0.00734518703 0.000135560862 0 0 0
nt@synapse_cleft 2863 -0.0304305405 0.023892774 0.00816113084 0 0 0
nt@synapse_cleft 2866 -0.0402327595 0.0376960804 0.00122146981 0 0 0
nt@synapse_cleft 2868 -0.0039671493 0.0139711875 0.00652064541 0 0 0
nt@synapse_cleft 2871 0.00651692251 -0.0541059421 0.00679557989 0 0 0
nt@synapse_cleft 2875 0.00323440123 -0.00122833297 0.0150482583 0 0 0
nt@synapse_cleft 2876 -0.0239445539 -0.00718500764 0.0170442101 0 0 0
nt@synapse_cleft 2880 -0.0185812083 0.0204261119 0.0127101463 0 0 0
nt@synapse_cleft 2884 0.0275371054 -0.00619484894 0.00475784904 0 0 0
nt@synapse_cleft 2887 -0.000191615061 -0.0115551094 0.0185370675 0 0 0
nt@synapse_cleft 2894 0.00568413355 0.017090617 0.00198807746 0 0 0
nt@synapse_cleft 2895 0.0583502829 -0.00316049771 0.0156159026 0 0 0
nt@synapse_cleft 2897 0.0167360834 -0.0328342373 0.0157989797 0 0 0
nt@synapse_cleft 2905 -0.0157379766 0.0188377963 0.00956874066 0 0 0
nt@synapse_cleft 2909 0.028176871 -0.0101693275 0.00711091034 0 0 0
nt@synapse_cleft 2910 -0.0287698028 0.0235901274 0.0140684938 0 0 0
nt@synapse_cleft 2912 0.0304575384 -0.0051625046 0.000959904163 0 0 0
nt@synapse_cleft 2915 0.0304070621 -0.0233908911 0.00874413882 0 0 0
nt@synapse_cleft 2917 -0.0112354706 0.0228803719 0.0074738101 0 0 0
nt@synapse_cleft 2918 0.000672602768 -0.0433277659 0.0159171135 0 0 0
nt@synapse_cleft 2920 0.00802581221 -0.00228638812 0.0118817945 0 0 0
nt@synapse_cleft 2921 -0.00325968653 0.0386742499 0.0104112743 0 0 0
nt@synapse_cleft 2922 0.0589831818 -0.007950582 0.0150244035 0 0 0
nt@synapse_cleft 2925 -0.0130757341 0.0196576446 0.0113827756 0 0 0
nt@synapse_cleft 2928 -0.0038340634 0.0396817397 0.00310526615 0 0 0
nt@synapse_cleft 2933 -0.0200496884 0.000271631399 0.0103033656 0 0 0
nt@synapse_cleft 2935 -0.0373829142 -0.00242893395 0.00629584239 0 0 0
nt@synapse_cleft 2938 0.0133270297 -0.0280781787 0.0195191704 0 0 0
nt@synapse_cleft 2940 0.00188416343 -0.0209227059 0.00378863607 0 0 0
nt@synapse_cleft 2945 -0.0177035125 -0.00967048513 0.00841889976 0 0 0
nt@synapse_cleft 2946 0.00277050017 0.00265298217 0.00755566715 0 0 0
nt@synapse_cleft 2951 -0.0206677706 0.00718664772 0.00289829728 0 0 0
nt@synapse_cleft 2955 -0.022525739 -0.00110085341 0.0112572246 0 0 0
nt@synapse_cleft 2961 0.0647916675 -0.0303772299 0.00661951714 0 0 0
nt@synapse_cleft 2962 0.0107192895 0.00176265493 0.019729938 0 0 0
nt@synapse_cleft 2967 -0.0268275738 -0.0495040356 0.00328359355 0 0 0
nt@synapse_cleft 2982 -0.0138758298 0.00282307679 0.00681758121 0 0 0
nt@synapse_cleft 2983 0.0227295569 -0.0497314358 0.00628945363 0 0 0
nt@synapse_cleft 2992 -0.0358367188 0.0118339054 0.00447979943 0 0 0
nt@synapse_cleft 2993 -0.0168171576 0.0351924491 0.00395730291 0 0 0
nt@synapse_cleft 2997 0.0275084129 -0.016102113 0.00316230706 0 0 0
nt@synapse_cleft 3006 -0.000812414544 0.0342848583 0.00484103695 0 0 0
nt@synapse_cleft 3008 0.0164308261 0.0584204573 0.0133458664 0 0 0
nt@synapse_cleft 3012 0.0254641845 0.00103874524 0.00589610972 0 0 0
nt@synapse_cleft 3019 -0.00913223511 -0.00523012121 0.00364749664 0 0 0
nt@synapse_cleft 3020 -0.0181474135 -0.0164096116 0.00497812186 0 0 0
nt@synapse_cleft 3024 0.0125941246 0.0272553799 0.0044833001 0 0 0
nt@synapse_cleft 3026 -0.0158198342 -0.00515061121 0.000330333023 0 0 0
nt@synapse_cleft 3042 -0.00393579236 0.00831224701 0.0167544005 0 0 0
nt@synapse_cleft 3047 0.030671381 0.0497023422 0.000300505807 0 0 0
nt@synapse_cleft 3057 0.0167324867 -0.015250445 0.0130646031 0 0 0
nt@synapse_cleft 3061 -0.00978017883 0.0236654057 0.0169076385 0 0 0
nt@synapse_cleft 3062 0.00796901771 -0.0206427598 0.0164885882 0 0 0
nt@synapse_cleft 3069 0.0465765016 -0.0368382651 0.00102609372 0 0 0
nt@synapse_cleft 3073 0.00236954277 0.033235737 0.00030365147 0 0 0
nt@synapse_cleft 3076 -0.0332980117 -0.00477746686 2.16635834e-05 0 0 0
nt@synapse_cleft 3078 -0.0247380243 -0.0190414494 0.0140672884 0 0 0
nt@synapse_cleft 3082 0.0161711335 0.0217641817 0.0163389292 0 0 0
nt@synapse_cleft 3089 0.0148534068 -0.0140259784 0.00700034683 0 0 0
nt@synapse_cleft 3092 -0.010673455 0.0125974374 0.00289517085 0 0 0
nt@synapse_cleft 3096 -0.000832634197 0.0233411167 0.00103325737 0 0 0
nt@synapse_cleft 3097 0.0362445935 0.00952032006 0.00296502931 0 0 0
nt@synapse_cleft 3099 -0.0239563081 0.0138906212 0.0111574063 0 0 0
nt@synapse_cleft 3109 -0.0302402309 0.0226142433 0.0145263306 0 0 0
nt@synapse_cleft 3111 -0.0053975867 -0.0165682231 0.00499138499 0 0 0
nt@synapse_cleft 3113 -0.0122982582 0.022613721 0.0155059901 0 0 0
nt@synapse_cleft 3114 0.0169764058 0.0275662651 0.0175747181 0 0 0
nt@synapse_cleft 3122 -0.00539951328 -0.00535704606 0.000887563692 0 0 0
nt@synapse_cleft 3132 -0.0243821102 -0.00623784552 0.00695808533 0 0 0
nt@synapse_cleft 3134 -0.00614202703 0.0350521651 0.0172417827 0 0 0
nt@synapse_cleft 3144 -0.00211178419 -0.0547626188 0.0155253626 0 0 0
nt@synapse_cleft 3147 -0.00681805119 0.00352364765 0.00895652397 0 0 0
nt@synapse_cleft 3148 -0.0195681154 -0.00916239993 0.0067811297 0 0 0
nt@synapse_cleft 3150 0.0233988421 -0.0629327801 0.00621624279 0 0 0
nt@synapse_cleft 3155 -0.000879387007 0.0120402879 0.0144032268 0 0 0
nt@synapse_cleft 3158 -0.0214622796 0.00105443367 0.00616326821 0 0 0
nt@synapse_cleft 3159 -0.0236494798 0.0178627263 0.00831401096 0 0 0
nt@synapse_cleft 3165 0.0271257797 0.00411078178 0.0142181591 0 0 0
nt@synapse_cleft 3167 -0.00303271944 0.00950236488 0.0118672673 0 0 0
nt@synapse_cleft 3170 0.0225202641 -0.0117400365 0.0183418601 0 0 0
nt@synapse_cleft 3172 -0.0448455066 0.00320057092 0.0108253356 0 0 0
nt@synapse_cleft 3177 0.0109881275 -0.0287654499 0.0113694193 0 0 0
nt@synapse_cleft 3178 -0.0114393264 -0.0155134988 0.00177408953 0 0 0
nt@synapse_cleft 3179 0.0178349906 -0.00803603282 0.00389471679 0 0 0
nt@synapse_cleft 3181 0.0150368197 0.0162641496 0.0172335176 0 0 0
nt@synapse_cleft 3182 -0.0137939438 -0.0170448981 0.0155641769 0 0 0
nt@synapse_cleft 3183 -0.00953685158 -0.0236479723 0.0166690462 0 0 0
nt@synapse_cleft 3184 0.00172768384 0.0178859222 0.00422290916 0 0 0
nt@synapse_cleft 3185 -0.0153447637 -0.0101540708 0.00836326209 0 0 0
nt@synapse_cleft 3187 -0.0200330586 0.00165114288 0.0113537325 0 0 0
nt@synapse_cleft 3190 0.0164150826 -0.00829009169 0.00885101721 0 0 0
nt@synapse_cleft 3195 -0.0176230147 -0.00166999078 0.00915581648 0 0 0
nt@synapse_cleft 3199 -0.00967694519 0.0418861167 0.0129179926 0 0 0
nt@synapse_cleft 3202 0.00601851188 0.0239867882 0.0141108474 0 0 0
nt@synapse_cleft 3207 -0.0109325576 0.00151786735 0.0155650904 0 0 0
nt@synapse_cleft 3211 0.0170849849 0.0097078177 0.0175902562 0 0 0
nt@synapse_cleft 3214 0.00482920686 -0.000155455392 0.0155632835 0 0 0
nt@synapse_cleft 3219 0.00130498159 -0.0554237503 0.00021711473 0 0 0
nt@synapse_cleft 3220 -0.00962018003 0.0120582606 0.00993378579 0 0 0
nt@synapse_cleft 3222 -0.0579068744 -0.0122338797 0.0109920521 0 0 0
nt@synapse_cleft 3227 -0.00105607475 0.0079226134 0.007718112 0 0 0
nt@synapse_cleft 3230 -0.058024535 -0.0208063394 0.000415492112 0 0 0
nt@synapse_cleft 3247 0.0122485559 0.00436151329 0.0155618178 0 0 0
nt@synapse_cleft 3248 -0.0133351805 -0.0166544808 0.0162206969 0 0 0
nt@synapse_cleft 3249 0.00161324889 0.00990615573 0.00918851859 0 0 0
nt@synapse_cleft 3275 -0.00119891639 -0.0133641239 0.0191115098 0 0 0
nt@synapse_cleft 3284 0.0103924081 0.00925823713 0.000325959053 0 0 0
nt@synapse_cleft 3302 0.00451003418 -0.0262129008 0.00011533815 0 0 0
nt@synapse_cleft 3304 0.0209114605 0.0519684171 0.00345810293 0 0 0
nt@synapse_cleft 3308 -0.00379884367 0.0311201143 0.00608127218 0 0 0
nt@synapse_cleft 3311 -0.0328987467 0.0327417401 0.0135755788 0 0 0
nt@synapse_cleft 3312 -0.00890995367 -0.0237372034 0.00132471484 0 0 0
nt@synapse_cleft 3313 -0.00352019346 -0.0116456328 0.0094783908 0 0 0
nt@synapse_cleft 3316 0.0127117592 -0.00881185218 0.0062593313 0 0 0
nt@synapse_cleft 3324 -0.00204811148 -0.00555602313 0.00764588979 0 0 0
nt@synapse_cleft 3326 0.00696830025 -0.0165799469 0.00316405093 0 0 0
nt@synapse_cleft 3327 0.00417666594 -0.0325898887 0.0147505052 0 0 0
nt@synapse_cleft 3334 0.0156673821 0.0122938887 0.0182228834 0 0 0
nt@synapse_cleft 3335 0.0382288843 -0.00963257853 0.0181456767 0 0 0
nt@synapse_cleft 3338 0.000481826855 -0.0304295576 0.000676687812 0 0 0
nt@synapse_cleft 3341 0.00723599895 -0.00323533063 0.00428653052 0 0 0
nt@synapse_cleft 3342 -0.00496239707 0.00100202238 0.0190633267 0 0 0
nt@synapse_cleft 3347 0.0332247508 -0.0409846847 0.00607114205 0 0 0
nt@synapse_cleft 3354 -0.00930594323 -0.0187120249 0.0137864397 0 0 0
nt@synapse_cleft 3367 0.0085656442 0.0269874196 0.00714225278 0 0 0
nt@synapse_cleft 3372 -0.0225761483 -0.00163861521 0.0127892308 0 0 0
nt@synapse_cleft 3375 0.0520518432 0.00615509177 0.00741363264 0 0 0
nt@synapse_cleft 3378 0.0166932921 0.021574587 0.0105449973 0 0 0
nt@synapse_cleft 3381 0.00894441804 0.0108620402 0.0035553541 0 0 0
nt@synapse_cleft 3394 -0.00824231284 -0.0180952768 0.0149707376 0 0 0
nt@synapse_cleft 3401 0.0314313147 0.000466900525 0.0175232183 0 0 0
nt@synapse_cleft 3402 -0.00240447326 -0.00122068533 0.00328868281 0 0 0
nt@synapse_cleft 3404 0.0236975287 -0.0243929636 0.0185307867 0 0 0
nt@synapse_cleft 3405 0.010962167 0.0189797128 0.000669353257 0 0 0
nt@synapse_cleft 3407 0.00337539034 0.0385938084 0.0098191092 0 0 0
nt@synapse_cleft 3413 0.0144867708 0.00680227849 0.0108189752 0 0 0
nt@synapse_cleft 3415 -0.0201448163 0.0102710341 0.0164952629 0 0 0
nt@synapse_cleft 3416 -0.0134622949 -0.0222100101 0.0043012016 0 0 0
nt@synapse_cleft 3419 -0.0399053961 0.029318796 0.0104881314 0 0 0
nt@synapse_cleft 3422 0.0229527586 0.00625507081 0.0165685407 0 0 0
nt@synapse_cleft 3429 0.0395427335 -0.0253825943 0.0183776673 0 0 0
nt@synapse_cleft 3432 0.0506244298 -0.0571266769 0.0153631398 0 0 0
nt@synapse_cleft 3434 0.0172988473 -0.0241410806 0.00695526983 0 0 0
nt@synapse_cleft 3445 -0.000554216587 0.00782724101 0.012071168 0 0 0
nt@synapse_cleft 3451 0.0176619908 0.0143170724 0.00437793372 0 0 0
nt@synapse_cleft 3455 0.00735787267 -0.00726408683 0.0187535598 0 0 0
nt@synapse_cleft 3467 -0.055998894 0.0117076101 0.00777464139 0 0 0
nt@synapse_cleft 3470 0.0337370147 -0.00570824595 0.0167367004 0 0 0
nt@synapse_cleft 3472 -0.0304838997 0.00603980106 0.0194169445 0 0 0
nt@synapse_cleft 3474 0.0311719445 -0.00269344719 0.0101538921 0 0 0
nt@synapse_cleft 3482 -0.0531500477 -0.036678324 0.0144872064 0 0 0
nt@synapse_cleft 3484 -0.0133748765 0.0306342111 0.0186879252 0 0 0
nt@synapse_cleft 3490 0.0433770717 0.0378636854 0.0192923753 0 0 0
nt@synapse_cleft 3496 0.00813596614 -0.00267504375 0.0172416717 0 0 0
nt@synapse_cleft 3500 0.0109361266 -0.0329589114 0.0160954656 0 0 0
nt@synapse_cleft 3502 0.0322372766 0.0151719666 0.00712041928 0 0 0
nt@synapse_cleft 3507 -0.0212504589 -0.0107349045 0.0132135943 0 0 0
nt@synapse_cleft 3511 0.0291180061 -0.0180045963 0.0166121461 0 0 0
nt@synapse_cleft 3513 0.00911055383 -0.0110618712 0.0170507422 0 0 0
nt@synapse_cleft 3514 -0.0099609289 -0.0059668815 0.0193915956 0 0 0
nt@synapse_cleft 3519 0.0273606499 -0.0292095305 0.00730492001 0 0 0
nt@synapse_cleft 3525 -0.00019357187 -0.00844688562 0.000168633479 0 0 0
nt@synapse_cleft 3526 0.019601359 -0.0445877519 0.00491402417 0 0 0
nt@synapse_cleft 3529 -0.0345211148 -0.00232333204 0.00808831082 0 0 0
nt@synapse_cleft 3535 0.00322734263 -0.0103776903 0.0184520099 0 0 0
nt@synapse_cleft 3536 -0.013741023 0.017236846 0.00373609763 0 0 0
nt@synapse_cleft 3538 -0.0127619271 0.00548342001 0.0092913959 0 0 0
nt@synapse_cleft 3539 -0.042314119 0.0260332338 0.00542804781 0 0 0
nt@synapse_cleft 3542 0.00156553635 0.0327491893 0.00928282855 0 0 0
nt@synapse_cleft 3543 -0.0070929277 -0.008381686 0.0116011615 0 0 0
nt@synapse_cleft 3546 -0.0158305755 0.0116898117 0.00979688318 0 0 0
nt@synapse_cleft 3555 -0.0140714855 -0.00982715975 0.00507216154 0 0 0
nt@synapse_cleft 3561 -0.0159365397 0.0152831489 0.000202839158 0 0 0
nt@synapse_cleft 3562 -0.044072811 -0.006054993 0.0187415998 0 0 0
nt@synapse_cleft 3563 0.000619743427 -0.00904101544 0.00895648104 0 0 0
nt@synapse_cleft 3565 0.0229544793 -0.0142434651 0.00393818275 0 0 0
nt@synapse_cleft 3566 0.00133141308 0.0498872361 0.00657320781 0 0 0
nt@synapse_cleft 3567 0.00289145503 0.0197742659 0.0188169947 0 0 0
nt@synapse_cleft 3568 0.0182636381 -0.0229635797 0.0185361375 0 0 0
nt@synapse_cleft 3569 0.0227763908 -0.00594404923 0.0191267062 0 0 0
nt@synapse_cleft 3575 -0.0315683231 0.012398193 0.00121420416 0 0 0
nt@synapse_cleft 3576 0.0289619119 -0.00119625041 0.00511987851 0 0 0
nt@synapse_cleft 3579 0.00352408366 -0.0183407858 0.00268349783 0 0 0
nt@synapse_cleft 3583 -0.00355855182 0.00143611099 0.0166000509 0 0 0
nt@synapse_cleft 3585 0.00958003188 0.000456974575 0.0116716445 0 0 0
nt@synapse_cleft 3592 0.0326182158 0.0150380321 0.0193577531 0 0 0
nt@synapse_cleft 3595 -0.0136817368 0.00752184083 0.00915587773 0 0 0
nt@synapse_cleft 3597 0.0130392306 -0.0227039217 0.0144225405 0 0 0
nt@synapse_cleft 3599 0.0212385167 -0.0419001764 0.00720417621 0 0 0
nt@synapse_cleft 3602 -0.0285227163 -0.00856623497 0.00663491299 0 0 0
nt@synapse_cleft 3603 -0.0035551498 0.0239492794 0.00528351254 0 0 0
nt@synapse_cleft 3606 -0.011256589 -0.00917942199 0.0155069583 0 0 0
nt@synapse_cleft 3610 -0.00922433759 0.00277510676 0.000533058846 0 0 0
nt@synapse_cleft 3611 0.0170850815 -0.00175807461 0.00220079364 0 0 0
nt@synapse_cleft 3616 -0.0340043054 0.0312595896 0.0124957002 0 0 0
nt@synapse_cleft 3617 -0.00921990832 -0.0449216539 0.00726162263 0 0 0
nt@synapse_cleft 3620 0.00174746927 0.031284759 0.0150806325 0 0 0
nt@synapse_cleft 3625 0.0113083518 0.00567925974 0.0170872412 0 0 0
nt@synapse_cleft 3630 0.0216223746 0.0217271565 0.00359072258 0 0 0
nt@synapse_cleft 3635 -0.00299559352 0.00431449115 0.00698484011 0 0 0
nt@synapse_cleft 3636 -0.0239034118 -0.0186124865 0.00879537073 0 0 0
nt@synapse_cleft 3637 0.0545602091 0.025801971 0.0109605066 0 0 0
nt@synapse_cleft 3640 -0.0171630902 0.00392439087 0.016016871 0 0 0
nt@synapse_cleft 3642 -0.0202972176 0.00633712477 0.0197149118 0 0 0
nt@synapse_cleft 3645 -0.00544945863 -0.0150537887 0.0113149256 0 0 0
nt@synapse_cleft 3654 0.00345985824 0.0503949946 0.0142179122 0 0 0
nt@synapse_cleft 3656 0.000844906815 -0.00657710104 0.0120374845 0 0 0
nt@synapse_cleft 3658 0.0186448254 -0.0171516781 0.0179855595 0 0 0
nt@synapse_cleft 3661 0.017913035 0.00617963371 0.0107224658 0 0 0
nt@synapse_cleft 3664 0.0350583307 -0.0218514773 0.0106301483 0 0 0
nt@synapse_cleft 3667 -0.0130483315 0.0174858788 0.012777918 0 0 0
nt@synapse_cleft 3670 0.0304018587 -0.0373148886 0.017705387 0 0 0
nt@synapse_cleft 3676 -0.0357875437 0.00597694752 0.00823153172 0 0 0
nt@synapse_cleft 3680 0.0105103622 -0.00980282776 0.00695755409 0 0 0
nt@synapse_cleft 3681 0.0307530649 0.000103338091 0.0023277419 0 0 0
nt@synapse_cleft 3687 0.00325657456 0.00705968104 0.0131231986 0 0 0
nt@synapse_cleft 3689 -0.00484611541 -0.00636385375 0.0132312211 0 0 0
nt@synapse_cleft 3690 0.0198036312 -0.0145460738 0.0160373615 0 0 0
nt@synapse_cleft 3693 -0.0578932977 -0.0318408999 0.0008135988 0 0 0
nt@synapse_cleft 3706 0.0341870609 0.00300304279 0.0150161958 0 0 0
nt@synapse_cleft 3707 -0.0355906284 -0.000701053481 0.0132963435 0 0 0
nt@synapse_cleft 3713 0.026726108 -0.0284743856 0.0134538091 0 0 0
nt@synapse_cleft 3714 -0.0578733753 -0.0025368973 0.0117596891 0 0 0
nt@synapse_cleft 3726 0.0108473484 -0.0599785488 0.019337228 0 0 0
nt@synapse_cleft 3728 0.00397831023 0.0139013098 0.00398454633 0 0 0
nt@synapse_cleft 3730 0.0186696128 0.0237919191 0.0188573412 0 0 0
nt@synapse_cleft 3731 -0.0095098792 0.00585774166 0.0179414179 0 0 0
nt@synapse_cleft 3732 0.00570589374 -0.0126075109 0.0141733748 0 0 0
nt@synapse_cleft 3734 0.00482832592 0.00320173143 0.0193142269 0 0 0
nt@synapse_cleft 3737 0.00728872137 0.00522644302 0.0136097831 0 0 0
nt@synapse_cleft 3738 0.000456443183 0.0237486456 0.0177996363 0 0 0
nt@synapse_cleft 3739 0.00977488553 0.0454329782 0.0128394341 0 0 0
nt@synapse_cleft 3745 -0.00356932555 0.0220882947 0.00715257144 0 0 0
nt@synapse_cleft 3751 0.0124413556 -0.00593212326 0.00286061145 0 0 0
nt@synapse_cleft 3758 -0.0216254607 -0.0194448773 0.00446475404 0 0 0
nt@synapse_cleft 3759 7.09210165e-05 -0.0165670003 0.000725343639 0 0 0
nt@synapse_cleft 3760 -0.0134003418 0.0442777852 0.00598093467 0 0 0
nt@synapse_cleft 3763 0.0504569582 0.0327435216 0.0190945953 0 0 0
nt@synapse_cleft 3768 0.00473011035 -0.0238793095 0.00267618757 0 0 0
nt@synapse_cleft 3770 0.00554556029 0.00993083414 0.00778883296 0 0 0
nt@synapse_cleft 3771 0.0210852371 0.00522497404 0.00884981319 0 0 0
nt@synapse_cleft 3775 -0.00167733272 0.0142355369 0.00531862055 0 0 0
nt@synapse_cleft 3783 -0.0213544602 -0.00157741392 0.0164532956 0 0 0
nt@synapse_cleft 3788 -0.0212075359 -0.0164666328 0.0133335389 0 0 0
nt@synapse_cleft 3793 -0.0116795343 -0.0110031083 0.00451492502 0 0 0
nt@synapse_cleft 3800 0.0367306682 -0.0145413028 0.0115170308 0 0 0
nt@synapse_cleft 3801 -0.0159036446 -0.00255089294 0.0170098568 0 0 0
nt@synapse_cleft 3802 0.0355889455 0.00798486146 0.000549992175 0 0 0
nt@synapse_cleft 3811 -0.0392791347 -0.00777230556 0.00935936755 0 0 0
nt@synapse_cleft 3820 -0.0385148848 -0.0031717922 0.00625083798 0 0 0
nt@synapse_cleft 3821 0.0272674124 0.0280699297 0.00506188494 0 0 0
nt@synapse_cleft 3827 0.00975218786 0.0188202526 0.0137010659 0 0 0
nt@synapse_cleft 3831 -0.00230663607 -0.0440608513 0.00382411948 0 0 0
nt@synapse_cleft 3834 0.0489183581 -0.0146786666 0.0124290536 0 0 0
nt@synapse_cleft 3835 0.0224242129 -0.0318076146 0.00492109063 0 0 0
nt@synapse_cleft 3841 0.0232455489 -0.00991168223 0.0185151705 0 0 0
nt@synapse_cleft 3844 -0.0107193957 -0.0106462224 0.0193719653 0 0 0
nt@synapse_cleft 3846 -0.0106083631 0.008714403 0.0140018381 0 0 0
nt@synapse_cleft 3848 0.0216807235 0.0190756684 0.0179778532 0 0 0
nt@synapse_cleft 3850 -0.0139611097 -0.0126267065 0.00665357961 0 0 0
nt@synapse_cleft 3859 0.0288878192 0.0136627493 0.0199430262 0 0 0
nt@synapse_cleft 3869 0.011643369 -0.0263600488 0.0148120378 0 0 0
nt@synapse_cleft 3879 0.0103773607 -0.0392218616 0.0116253559 0 0 0
nt@synapse_cleft 3886 0.00837049813 0.0405617592 0.0170718151 0 0 0
nt@synapse_cleft 3891 -0.00663131524 -0.0139147428 0.0118570285 0 0 0
nt@synapse_cleft 3902 -0.0176138256 0.00115378427 0.00683913445 0 0 0
nt@synapse_cleft 3907 -0.0195052869 -0.017217282 0.00794811859 0 0 0
nt@synapse_cleft 3908 -0.0131015457 0.0261662751 0.00121787606 0 0 0
nt@synapse_cleft 3909 0.00974056999 0.0314003869 0.0056257901 0 0 0
nt@synapse_cleft 3917 -0.00458768904 -0.0089501998 0.0108645109 0 0 0
nt@synapse_cleft 3918 0.00294553403 -0.00700239626 0.00340912212 0 0 0
nt@synapse_cleft 3921 0.0190149269 0.0270572902 0.0114969515 0 0 0
nt@synapse_cleft 3927 0.00505105027 0.02886096 0.0149692768 0 0 0
nt@synapse_cleft 3932 0.0139809601 -0.0109445178 0.0139041908 0 0 0
nt@synapse_cleft 3934 -0.017981861 -0.0037137503 0.0185804295 0 0 0
nt@synapse_cleft 3936 -0.0288431165 0.0212698189 0.0181904167 0 0 0
nt@synapse_cleft 3940 0.00655059589 -0.0160135473 0.00361541807 0 0 0
nt@synapse_cleft 3941 -0.0123813726 0.00330478021 0.00128201536 0 0 0
nt@synapse_cleft 3949 -0.0080955372 0.00619010103 0.00680454072 0 0 0
nt@synapse_cleft 3952 -0.0207364464 0.000371359032 0.0170791717 0 0 0
nt@synapse_cleft 3953 0.00540846111 -0.000804277266 0.00460228224 0 0 0
nt@synapse_cleft 3956 -0.0015055591 -0.0191251235 0.0133557705 0 0 0
nt@synapse_cleft 3957 0.0158079731 -0.00261580903 0.0158081119 0 0 0
nt@synapse_cleft 3958 0.0144425306 0.0257724285 0.00349396251 0 0 0
nt@synapse_cleft 3962 -0.026532142 0.0172835029 0.00559816436 0 0 0
nt@synapse_cleft 3963 0.020892844 0.0287275008 0.00557342987 0 0 0
nt@synapse_cleft 3965 -0.0353595588 0.00113920243 0.0126026529 0 0 0
nt@synapse_cleft 3967 0.0128891747 -0.0217225468 0.00160000417 0 0 0
nt@synapse_cleft 3968 0.0144184074 -0.00275521253 0.0156994831 0 0 0
nt@synapse_cleft 3969 0.00371036322 -0.0345673523 0.00576778789 0 0 0
nt@synapse_cleft 3971 0.0200151534 -0.0161344829 0.0105378501 0 0 0
nt@synapse_cleft 3973 0.0227161601 -0.00316811418 0.0166147568 0 0 0
nt@synapse_cleft 3974 -0.0215161222 0.0290518533 0.0140728781 0 0 0
nt@synapse_cleft 3977 0.0066584506 0.0233454185 0.0006548576 0 0 0
nt@synapse_cleft 3978 0.0144655172 0.00344466614 0.0192364236 0 0 0
nt@synapse_cleft 3983 -0.010551288 -0.0318197772 0.00733210171 0 0 0
nt@synapse_cleft 3988 -0.0137188817 -0.0332105216 0.0063157927 0 0 0
nt@synapse_cleft 3989 0.0452624216 0.00477056844 0.0137280351 0 0 0
nt@synapse_cleft 3991 0.0694336423 -0.0197266626 0.00594598249 0 0 0
nt@synapse_cleft 3992 -0.00510490943 0.0124770075 0.0191672911 0 0 0
nt@synapse_cleft 3993 -0.0278692057 -0.000490978669 0.00327020653 0 0 0
nt@synapse_cleft 3995 -0.0430516151 0.0086932439 0.0038922154 0 0 0
nt@synapse_cleft 3997 -0.0466028958 0.00288148713 0.0177268367 0 0 0
nt@synapse_cleft 3999 -0.0336778028 -0.0109549639 0.0129164336 0 0 0
nt@synapse_cleft 4009 0.00599955307 -0.00748942125 0.00129264994 0 0 0
nt@synapse_cleft 4011 0.00371061664 -0.00870739279 0.000974454739 0 0 0
nt@synapse_cleft 4016 0.00281120784 0.0591739275 0.0127453281 0 0 0
nt@synapse_cleft 4018 0.00217881818 0.00959468137 0.00187076675 0 0 0
nt@synapse_cleft 4022 -0.0223760468 -0.0086184952 0.0103859027 0 0 0
nt@synapse_cleft 4024 -0.00795188894 0.0370141441 0.00502381882 0 0 0
nt@synapse_cleft 4025 -0.033245025 0.0103764291 0.0115672091 0 0 0
nt@synapse_cleft 4027 0.00322472084 -0.0189011809 0.00877265791 0 0 0
nt@synapse_cleft 4028 -0.0209199623 0.0138073527 0.00501262951 0 0 0
nt@synapse_cleft 4029 0.0279182512 -0.000802638361 0.0117187934 0 0 0
nt@synapse_cleft 4033 -0.00978086234 -0.013999723 0.0126255563 0 0 0
nt@synapse_cleft 4037 -0.00831643889 0.0237572305 0.0160205895 0 0 0
nt@synapse_cleft 4040 -0.00403734523 0.00918850467 0.0199379157 0 0 0
nt@synapse_cleft 4047 -0.00714955101 0.0158013225 0.0199035232 0 0 0
nt@synapse_cleft 4048 0.0187679206 0.0240462623 0.0145849795 0 0 0
nt@synapse_cleft 4049 0.031451712 0.00979956501 0.0145825349 0 0 0
nt@synapse_cleft 4051 0.0165733428 0.0102088809 0.00942858289 0 0 0
nt@synapse_cleft 4064 0.0143699113 0.00188193638 0.00845191059 0 0 0
nt@synapse_cleft 4070 -0.0129005249 0.0236760973 0.0115132342 0 0 0
nt@synapse_cleft 4071 -0.039459813 -0.0305899536 0.016245772 0 0 0
nt@synapse_cleft 4087 0.00388636044 0.0398740667 0.00335789735 0 0 0
nt@synapse_cleft 4094 0.0329184589 -0.0410815848 0.0133529794 0 0 0
nt@synapse_cleft 4095 0.0192220951 0.0169623297 0.013875535 0 0 0
nt@synapse_cleft 4097 -0.00455156959 -0.0170009854 0.010243942 0 0 0
nt@synapse_cleft 4099 -0.00503615336 0.0207230037 0.00764319981 0 0 0
nt@synapse_cleft 4102 0.0399969538 -0.0220116457 0.0122745068 0 0 0
nt@synapse_cleft 4103 -0.0101960474 -0.0053392858 0.00569967693 0 0 0
nt@synapse_cleft 4106 0.0173211479 0.00547933503 0.0081994689 0 0 0
nt@synapse_cleft 4107 0.0346149117 0.00141291988 0.0079768551 0 0 0
nt@synapse_cleft 4110 -0.0183454038 0.00709440977 0.00347549153 0 0 0
nt@synapse_cleft 4111 0.0328473298 0.0194427449 0.00652603735 0 0 0
nt@synapse_cleft 4115 0.00408270802 0.0113627807 0.00503145632 0 0 0
nt@synapse_cleft 4116 -0.00826424402 6.94346426e-05 0.010708621 0 0 0
nt@synapse_cleft 4119 0.021474797 -0.0435370569 0.0122217061 0 0 0
nt@synapse_cleft 4123 0.0213392948 0.0226164782 0.00939812236 0 0 0
nt@synapse_cleft 4126 0.0297719144 -0.0240338132 0.00710222828 0 0 0
nt@synapse_cleft 4129 -0.0237322309 0.0143601936 0.00587661664 0 0 0
nt@synapse_cleft 4131 -0.0269891866 0.014529025 0.00896829937 0 0 0
nt@synapse_cleft 4132 0.0267870211 0.0139023542 0.0118026962 0 0 0
nt@synapse_cleft 4135 0.00479606053 -0.00930282322 0.006059465 0 0 0
nt@synapse_cleft 4143 -0.0212655535 -0.00975676362 0.0185793352 0 0 0
nt@synapse_cleft 4144 0.00767808324 -0.000483285817 0.00173318738 0 0 0
nt@synapse_cleft 4150 -0.0318187412 -0.0563016536 0.0127849163 0 0 0
nt@synapse_cleft 4153 -0.00305768909 -0.0152826212 0.00135238825 0 0 0
nt@synapse_cleft 4155 0.0198497828 -0.036510973 0.00845688351 0 0 0
nt@synapse_cleft 4156 0.0204229695 -0.00783246847 0.0012923635 0 0 0
nt@synapse_cleft 4157 0.000260869373 0.0104356917 0.00989845234 0 0 0
nt@synapse_cleft 4158 -0.0064016408 0.00158444065 0.00108756803 0 0 0
nt@synapse_cleft 4162 0.0213968218 -0.0245029425 0.0196946989 0 0 0
nt@synapse_cleft 4163 -0.00259646562 0.0261970012 0.019414469 0 0 0
nt@synapse_cleft 4170 -0.0549696959 0.00209877774 0.0111018323 0 0 0
nt@synapse_cleft 4172 -0.0318057384 -0.00191902265 0.0123294476 0 0 0
nt@synapse_cleft 4177 -0.0333156779 0.0450962351 0.00464826201 0 0 0
nt@synapse_cleft 4178 -0.0179065264 -0.0490669084 0.0188099328 0 0 0
nt@synapse_cleft 4184 0.00411154925 -0.0193672631 0.000275528517 0 0 0
nt@synapse_cleft 4186 -0.00384501172 -5.97379638e-06 0.014420198 0 0 0
nt@synapse_cleft 4187 -0.0196819801 -0.0115057653 0.0111475884 0 0 0
nt@synapse_cleft 4193 -0.0115290276 -0.0307064973 0.00652996928 0 0 0
nt@synapse_cleft 4196 -0.0305181604 0.0130612755 0.0041854984 0 0 0
nt@synapse_cleft 4205 0.0377422793 -0.00210461994 0.0131047842 0 0 0
nt@synapse_cleft 4210 0.0205017667 -0.000743586743 0.0117959442 0 0 0
nt@synapse_cleft 4214 -0.0454960055 0.00515736033 0.013257585 0 0 0
nt@synapse_cleft 4215 0.0130078101 -0.0415123029 0.0146460547 0 0 0
nt@synapse_cleft 4220 -0.0109722557 -0.0179151197 0.00577355433 0 0 0
nt@synapse_cleft 4228 0.0186803973 -0.00324691482 0.0115944632 0 0 0
nt@synapse_cleft 4229 -0.0218401396 -0.0221497655 0.0155101653 0 0 0
nt@synapse_cleft 4230 -0.00695738841 0.0215957621 0.00912509079 0 0 0
nt@synapse_cleft 4233 0.00837894972 0.0123906759 0.00667516138 0 0 0
nt@synapse_cleft 4234 -0.00535036708 -0.0231922828 0.000572635681 0 0 0
nt@synapse_cleft 4236 -0.00587898161 0.00566965692 0.0188608054 0 0 0
nt@synapse_cleft 4237 0.000874324504 -0.0250321229 0.00317663206 0 0 0
nt@synapse_cleft 4238 -0.0167103046 -0.0295419002 0.0117390742 0 0 0
nt@synapse_cleft 4241 -0.0375209487 0.00206925809 0.00532490797 0 0 0
nt@synapse_cleft 4242 0.00900733352 -0.00701572055 0.0152069429 0 0 0
nt@synapse_cleft 4243 0.0256585073 -0.0114891294 0.016868539 0 0 0
nt@synapse_cleft 4252 0.0308554206 -0.015780263 0.0185582258 0 0 0
nt@synapse_cleft 4254 0.0048866524 0.0123092927 0.0137113738 0 0 0
nt@synapse_cleft 4255 -0.0216450024 -0.0422033019 0.0123344168 0 0 0
nt@synapse_cleft 4262 0.0399979104 -0.00842511411 0.00408563076 0 0 0
nt@synapse_cleft 4271 0.00835099462 -0.0145628274 0.0182232658 0 0 0
nt@synapse_cleft 4272 -0.00546761635 0.0238927573 0.0196494199 0 0 0
nt@synapse_cleft 4279 0.00914263981 -0.0178049566 0.0108741872 0 0 0
nt@synapse_cleft 4283 -0.0314871074 -0.00525006284 0.0182069995 0 0 0
nt@synapse_cleft 4284 0.0254137875 -0.00196445312 0.00362275999 0 0 0
nt@synapse_cleft 4285 -0.0235316299 0.0423170075 0.00552547982 0 0 0
nt@synapse_cleft 4287 0.0485162287 0.00577984582 0.0115227216 0 0 0
nt@synapse_cleft 4288 0.0166536704 -0.022972849 0.014588225 0 0 0
nt@synapse_cleft 4293 -0.00705233655 -0.0253094726 0.00634593416 0 0 0
nt@synapse_cleft 4297 0.029672199 -0.0277041966 0.000114230927 0 0 0
nt@synapse_cleft 4301 0.0127296809 -0.00380890028 0.00779535295 0 0 0
nt@synapse_cleft 4305 -0.00829339401 0.028382395 0.00394174319 0 0 0
nt@synapse_cleft 4308 0.00653251421 0.00523775748 0.0196573347 0 0 0
nt@synapse_cleft 4309 0.0516553379 0.00325699224 0.00152039927 0 0 0
nt@synapse_cleft 4312 -0.0177959277 -0.023832936 0.016702182 0 0 0
nt@synapse_cleft 4317 -0.00873981468 0.0283142558 0.0179489825 0 0 0
nt@synapse_cleft 4318 -0.0105873705 -0.0159653074 0.00513878749 0 0 0
nt@synapse_cleft 4322 0.0158789009 0.0195157432 0.00804965795 0 0 0
nt@synapse_cleft 4326 0.0149919628 -0.018732394 0.00632873296 0 0 0
nt@synapse_cleft 4330 -0.00773411125 0.00651031844 0.00685916434 0 0 0
nt@synapse_cleft 4334 -0.00167723662 -0.0144231959 0.0103368129 0 0 0
nt@synapse_cleft 4335 -0.00704870178 0.0351259204 0.0030856076 0 0 0
nt@synapse_cleft 4339 -0.0142326229 -0.00643350104 0.00293504588 0 0 0
nt@synapse_cleft 4343 -0.0133316974 -0.0341151615 0.0118995265 0 0 0
nt@synapse_cleft 4346 -0.00462093196 -0.0218465686 0.0183963605 0 0 0
nt@synapse_cleft 4351 0.0463156356 0.0105796573 0.00645877783 0 0 0
nt@synapse_cleft 4359 0.0176753835 0.012569588 0.012587087 0 0 0
nt@synapse_cleft 4360 0.0176402289 0.00912463913 0.0122155181 0 0 0
nt@synapse_cleft 4363 -0.0429766227 0.000523888231 0.00980836556 0 0 0
nt@synapse_cleft 4365 0.0148681295 0.0032533702 0.00821688787 0 0 0
nt@synapse_cleft 4372 -0.0019090411 -0.0104513239 0.0170587154 0 0 0
nt@synapse_cleft 4374 -0.0192201496 -0.00387686641 0.0146169198 0 0 0
nt@synapse_cleft 4376 -0.03284747 0.00393209752 0.00122776795 0 0 0
nt@synapse_cleft 4379 0.0379377617 -0.0356268088 0.0133131254 0 0 0
nt@synapse_cleft 4381 -0.00318091185 -0.0252775841 0.00761803823 0 0 0
nt@synapse_cleft 4386 -0.00981455964 -0.024814982 0.0133665885 0 0 0
nt@synapse_cleft 4391 0.0110380185 -0.0315328345 0.0149344536 0 0 0
nt@synapse_cleft 4392 -0.00154242801 -0.00162598738 0.0113429605 0 0 0
nt@synapse_cleft 4394 0.0160472993 -0.010691529 0.0131666439 0 0 0
nt@synapse_cleft 4395 0.0141045056 -0.0208599117 0.000420716578 0 0 0
nt@synapse_cleft 4396 0.0075765303 -0.032872583 0.0130289026 0 0 0
nt@synapse_cleft 4398 -0.0271646945 0.00188169194 0.0143049988 0 0 0
nt@synapse_cleft 4399 0.0287850618 0.0220861486 0.0181482632 0 0 0
nt@synapse_cleft 4403 -0.0156887319 -0.0295930852 0.00298849375 0 0 0
nt@synapse_cleft 4405 -0.0246585319 -0.0170572097 0.000896969162 0 0 0
nt@synapse_cleft 4407 0.0284128354 -0.0389618798 0.00586782147 0 0 0
nt@synapse_cleft 4414 0.010783073 -0.0102487848 8.95940376e-05 0 0 0
nt@synapse_cleft 4416 -0.0144655786 0.0119619816 0.0147115325 0 0 0
nt@synapse_cleft 4423 0.027795287 -0.0123219502 0.00164763218 0 0 0
nt@synapse_cleft 4424 -0.0287712654 -0.00132203349 0.0198935592 0 0 0
nt@synapse_cleft 4426 0.00504852793 -0.0101069859 0.00243040777 0 0 0
nt@synapse_cleft 4430 -0.00387446886 -0.00783287511 0.00422244064 0 0 0
nt@synapse_cleft 4431 0.00287070211 -0.00961873801 0.00358588595 0 0 0
nt@synapse_cleft 4434 0.0263707686 -0.014653147 0.0164154792 0 0 0
nt@synapse_cleft 4436 0.0289564443 0.0155645296 0.0113250055 0 0 0
nt@synapse_cleft 4446 0.00715647531 0.0398783559 0.00567198384 0 0 0
nt@synapse_cleft 4449 0.0240548833 0.0493635742 0.00863693253 0 0 0
nt@synapse_cleft 4453 -0.0238063344 0.00571610921 0.000657804668 0 0 0
nt@synapse_cleft 4464 0.0164141553 -0.0329644835 0.0167428136 0 0 0
nt@synapse_cleft 4470 -0.0106609622 -0.0219060802 0.00797556677 0 0 0
nt@synapse_cleft 4473 -0.00087212561 -0.0143760695 0.0031122082 0 0 0
nt@synapse_cleft 4478 -0.00729568405 0.0268048318 0.0156708801 0 0 0
nt@synapse_cleft 4480 0.00856567254 0.0238803154 0.0159881145 0 0 0
nt@synapse_cleft 4482 -0.00997484104 0.0126819988 0.0086326475 0 0 0
nt@synapse_cleft 4484 0.0154482251 -0.0186166608 0.00165867172 0 0 0
nt@synapse_cleft 4485 0.0136897943 -0.0140621681 0.000682453387 0 0 0
nt@synapse_cleft 4488 0.0232585749 -0.0033462878 0.0173863975 0 0 0
nt@synapse_cleft 4489 0.0240373035 0.00535772541 0.00811683535 0 0 0
nt@synapse_cleft 4491 -0.00203285168 0.0213064143 0.00452470279 0 0 0
nt@synapse_cleft 4496 -0.048724863 0.0288778741 0.0168213064 0 0 0
nt@synapse_cleft 4499 -0.00844042829 0.00535560982 0.00303375465 0 0 0
nt@synapse_cleft 4501 0.0117188115 0.00211960406 0.0134018736 0 0 0
nt@synapse_cleft 4514 0.0111319663 0.0126608512 0.00064099276 0 0 0
nt@synapse_cleft 4517 -0.0313921792 0.0347293573 0.00434568401 0 0 0
nt@synapse_cleft 4524 0.00360395967 -0.026392112 0.0103656169 0 0 0
nt@synapse_cleft 4527 0.0204549678 -0.0261434651 0.0178069572 0 0 0
nt@synapse_cleft 4533 -0.000457585843 -0.00571400765 0.00337359258 0 0 0
nt@synapse_cleft 4538 -0.020738652 -0.0349012166 0.00395099881 0 0 0
nt@synapse_cleft 4540 0.0321246779 -0.00648823327 0.00205609617 0 0 0
nt@synapse_cleft 4542 0.00513110016 0.025003411 0.00340162468 0 0 0
nt@synapse_cleft 4545 -0.0145336027 0.0205835271 0.0115342216 0 0 0
nt@synapse_cleft 4551 -0.00550485729 0.0178095033 0.0173897196 0 0 0
nt@synapse_cleft 4553 -0.0281366602 0.00100150076 0.00148440703 0 0 0
nt@synapse_cleft 4559 -0.0112459094 0.028819091 0.00474047306 0 0 0
nt@synapse_cleft 4565 -0.0341705116 -0.019408083 0.0153156525 0 0 0
nt@synapse_cleft 4572 0.00528609168 0.0123098911 0.010442958 0 0 0
nt@synapse_cleft 4574 0.0283821946 -0.0123938403 0.00200385787 0 0 0
nt@synapse_cleft 4576 -0.0373284918 -0.00770058189 0.0143206622 0 0 0
nt@synapse_cleft 4583 -0.0105988838 -0.00629674479 0.00353133962 0 0 0
nt@synapse_cleft 4587 0.0242299349 -0.000511624326 0.0141593091 0 0 0
nt@synapse_cleft 4590 -0.0538174625 -0.0255974756 0.0140977692 0 0 0
nt@synapse_cleft 4593 -0.0263138234 0.039908523 0.0155151713 0 0 0
nt@synapse_cleft 4594 0.0178225371 0.00515817022 0.00248286868 0 0 0
nt@synapse_cleft 4595 0.0223860004 -0.0230532525 0.0198477854 0 0 0
nt@synapse_cleft 4598 0.0251778574 -0.0038925424 0.00776144106 0 0 0
nt@synapse_cleft 4600 -0.0258580702 0.00241414935 0.00526017004 0 0 0
nt@synapse_cleft 4607 -0.00733992136 0.0460831111 0.00721921759 0 0 0
nt@synapse_cleft 4613 0.0464527354 -0.00312386084 0.0189565882 0 0 0
nt@synapse_cleft 4620 0.00225529642 0.00619308054 0.0171185644 0 0 0
nt@synapse_cleft 4622 0.0531130795 0.046664765 0.0197728406 0 0 0
nt@synapse_cleft 4624 0.0144058604 -0.0158998279 0.0160967871 0 0 0
nt@synapse_cleft 4626 0.020482964 0.000862219149 0.0163211539 0 0 0
nt@synapse_cleft 4628 -0.0154901029 -0.00364113426 0.00716759802 0 0 0
nt@synapse_cleft 4641 0.014249069 -0.0148547796 0.00530358085 0 0 0
nt@synapse_cleft 4654 0.0123886418 -0.0204775 0.0145132509 0 0 0
nt@synapse_cleft 4658 -0.0300652551 0.0270751905 0.0189526399 0 0 0
nt@synapse_cleft 4659 -0.0550410864 0.0182459672 0.0103249665 0 0 0
nt@synapse_cleft 4660 0.03052173 -0.0326154994 0.015005094 0 0 0
nt@synapse_cleft 4661 0.0205449527 -0.0283206764 0.00211673625 0 0 0
nt@synapse_cleft 4664 0.00749605904 -0.00376013761 0.010043433 0 0 0
nt@synapse_cleft 4666 0.0483702571 0.0168975961 0.0187620067 0 0 0
nt@synapse_cleft 4667 -0.0299645019 0.034782958 0.0155237347 0 0 0
nt@synapse_cleft 4671 0.00279434711 -0.023685642 0.0108860832 0 0 0
nt@synapse_cleft 4681 0.0174506209 -0.0178442728 0.019882688 0 0 0
nt@synapse_cleft 4687 -0.00311163261 -0.00353132509 0.0171512135 0 0 0
nt@synapse_cleft 4699 -0.0285827113 0.0184951223 0.0137113332 0 0 0
nt@synapse_cleft 4700 -0.0350457346 0.0583171875 0.0152254032 0 0 0
nt@synapse_cleft 4701 0.0194256723 0.020894381 0.00517784776 0 0 0
nt@synapse_cleft 4706 0.00964537785 -0.0217032993 0.00532482284 0 0 0
nt@synapse_cleft 4709 -0.00312830577 0.0138614872 0.00168917199 0 0 0
nt@synapse_cleft 4710 -0.0174797462 -0.0405171189 0.00135344664 0 0 0
nt@synapse_cleft 4718 0.0227127942 0.000106713783 0.00231498992 0 0 0
nt@synapse_cleft 4732 -0.0162757383 0.0113325179 0.00563097622 0 0 0
nt@synapse_cleft 4736 0.0128415787 -0.00996930793 0.00242456579 0 0 0
nt@synapse_cleft 4746 -0.0342594651 0.00114371089 0.00201858451 0 0 0
nt@synapse_cleft 4750 0.00425513468 -0.0658044883 0.00695534667 0 0 0
nt@synapse_cleft 4752 0.000684923309 -0.00318852177 0.0175790066 0 0 0
nt@synapse_cleft 4753 -0.0220778325 0.016745099 0.00139918622 0 0 0
nt@synapse_cleft 4754 -0.000973722611 0.0106399498 0.0117870069 0 0 0
nt@synapse_cleft 4756 -0.0146533265 0.0220416656 0.0150692244 0 0 0
nt@synapse_cleft 4758 -0.0477197025 0.0132568242 0.018349823 0 0 0
nt@synapse_cleft 4764 0.015868507 -0.0182124736 0.0146236096 0 0 0
nt@synapse_cleft 4767 0.0184809058 0.0129184029 0.00810115851 0 0 0
nt@synapse_cleft 4779 0.0297666636 -0.0384889812 0.000634755084 0 0 0
nt@synapse_cleft 4784 0.0125692521 0.00975423379 0.0167773341 0 0 0
nt@synapse_cleft 4786 -0.00101985547 0.00183216337 0.0129850798 0 0 0
nt@synapse_cleft 4791 0.0241196022 -0.00770296437 0.0110990118 0 0 0
nt@synapse_cleft 4793 -0.034400046 0.0159694697 0.0191521766 0 0 0
nt@synapse_cleft 4794 -0.00350320023 -0.0238332896 0.00646672267 0 0 0
nt@synapse_cleft 4797 0.00419298578 -0.0396658312 0.014159647 0 0 0
nt@synapse_cleft 4800 0.0195284166 0.0010568628 0.000558891456 0 0 0
nt@synapse_cleft 4801 -0.0271886287 0.00892914286 0.00327677708 0 0 0
nt@synapse_cleft 4807 0.0103727516 -0.00698486508 0.00473648076 0 0 0
nt@synapse_cleft 4809 -0.0283054334 -0.0272923486 0.0111898726 0 0 0
nt@synapse_cleft 4812 0.000805949351 -0.0557636934 0.00300093952 0 0 0
nt@synapse_cleft 4813 -0.0368917494 -0.0738579887 0.0119740532 0 0 0
nt@synapse_cleft 4814 -0.0165538639 0.0223873072 0.0109469189 0 0 0
nt@synapse_cleft 4816 -0.0329998062 -0.0135697462 0.00661009756 0 0 0
nt@synapse_cleft 4822 0.00236083467 -0.0181221539 0.00177902588 0 0 0
nt@synapse_cleft 4823 0.00328945064 0.00925753956 0.0107892003 0 0 0
nt@synapse_cleft 4824 0.00300021573 -0.00920898883 0.00130974417 0 0 0
nt@synapse_cleft 4825 -0.017848758 0.0256812839 0.0129480184 0 0 0
nt@synapse_cleft 4828 -0.0016156186 0.00598558075 0.0151597233 0 0 0
nt@synapse_cleft 4829 0.0249231396 -0.0613026764 0.0189832676 0 0 0
nt@synapse_cleft 4830 -0.0132322966 0.00634648783 0.00346987005 0 0 0
nt@synapse_cleft 4833 -0.0181372487 -0.0321252892 0.0181955116 0 0 0
nt@synapse_cleft 4838 -0.0123730898 0.0283863437 0.0127939546 0 0 0
nt@synapse_cleft 4839 -0.00827294126 -0.00168374053 0.0173893393 0 0 0
nt@synapse_cleft 4844 0.0497941132 -0.0238009118 0.00451622149 0 0 0
nt@synapse_cleft 4852 -0.0124297049 -0.0111396353 0.0176685098 0 0 0
nt@synapse_cleft 4854 0.0450194223 -0.0141643531 0.000970473733 0 0 0
nt@synapse_cleft 4855 0.0470730787 0.0107832238 0.00597135071 0 0 0
nt@synapse_cleft 4862 -0.00572249355 -0.0302246465 0.0150142053 0 0 0
nt@synapse_cleft 4869 -0.0232207277 0.0118346299 0.0147630203 0 0 0
nt@synapse_cleft 4871 0.0170526634 0.00870530405 0.00149963553 0 0 0
nt@synapse_cleft 4872 -0.0363771139 0.0190141036 0.017733925 0 0 0
nt@synapse_cleft 4880 -0.015570699 -0.0225168173 0.00571654381 0 0 0
nt@synapse_cleft 4882 -0.0101685104 -0.0218318996 0.00464191779 0 0 0
nt@synapse_cleft 4883 -0.0196625983 0.004988075 0.0154675731 0 0 0
nt@synapse_cleft 4886 0.0185300671 -0.00404048157 0.015463944 0 0 0
nt@synapse_cleft 4890 0.0119801774 0.00849870994 0.00816377857 0 0 0
nt@synapse_cleft 4891 -0.00993185082 -0.0152144609 0.0118669332 0 0 0
nt@synapse_cleft 4892 -0.0260300576 0.0129121168 0.00461501336 0 0 0
nt@synapse_cleft 4896 -0.0155769414 -0.0303336246 0.0175357454 0 0 0
nt@synapse_cleft 4897 0.0279850411 -0.0103599482 0.00171761532 0 0 0
nt@synapse_cleft 4901 0.0045104136 0.0183544602 0.0106055723 0 0 0
nt@synapse_cleft 4905 -0.0114572414 -0.0069364195 0.00746359814 0 0 0
nt@synapse_cleft 4906 0.0103419995 -0.0292140041 0.011103451 0 0 0
nt@synapse_cleft 4918 -0.0127524291 0.00958309763 0.00737588512 0 0 0
nt@synapse_cleft 4919 0.0136826499 -0.00946138733 0.00750056487 0 0 0
nt@synapse_cleft 4925 0.0197263074 -0.00170274314 0.0158879275 0 0 0
nt@synapse_cleft 4928 0.00604082729 0.0501790019 0.00984815288 0 0 0
nt@synapse_cleft 4931 0.00546363063 -0.00877774577 0.00579234169 0 0 0
nt@synapse_cleft 4937 -0.067027422 -0.00905048866 0.0152480354 0 0 0
nt@synapse_cleft 4939 -0.0199236032 -0.00390169732 0.0139027157 0 0 0
nt@synapse_cleft 4946 -0.0113228041 0.0105687462 0.000969101836 0 0 0
nt@synapse_cleft 4956 0.0125015914 -0.00219127895 0.0142782041 0 0 0
nt@synapse_cleft 4958 0.00865002053 -0.00183007906 0.00312996225 0 0 0
nt@synapse_cleft 4967 -0.00223532058 -0.000293377412 4.77539464e-05 0 0 0
nt@synapse_cleft 4972 0.0294645797 -0.0182979452 0.0126440498 0 0 0
nt@synapse_cleft 4973 0.00457136455 0.0368935813 0.00854039501 0 0 0
nt@synapse_cleft 4979 -0.00631150422 -0.00258446293 0.00117208195 0 0 0
nt@synapse_cleft 4980 -1.95398506e-05 0.00459983962 0.0183970892 0 0 0
nt@synapse_cleft 4981 -0.0101469925 -0.0279383758 0.0101456159 0 0 0
nt@synapse_cleft 4982 0.0104848866 -0.0102196496 0.00781296906 0 0 0
nt@synapse_cleft 4983 -0.0264374121 0.0258366146 0.0148802679 0 0 0
nt@synapse_cleft 4988 0.0064180418 -0.00211929487 0.0156130545 0 0 0
nt@synapse_cleft 4989 -0.0145085079 -0.00590315892 0.0110086949 0 0 0
nt@synapse_cleft 4991 -0.00801707474 -0.00577373202 0.0140963399 0 0 0
nt@synapse_cleft 4994 -0.0327063475 0.0196732738 0.00707677566 0 0 0
nt@synapse_cleft 5004 -0.0268063286 0.0220449279 0.0105219164 0 0 0
nt@synapse_cleft 5006 0.0133102349 -0.00293517613 0.000632333861 0 0 0
nt@synapse_cleft 5009 -0.0147190634 0.0141225265 0.0172314219 0 0 0
nt@synapse_cleft 5010 0.0148641541 0.025135083 0.00934468619 0 0 0
nt@synapse_cleft 5011 -0.00482847698 -0.0148866372 0.000575986717 0 0 0
nt@synapse_cleft 5015 -0.0341667646 -0.0110715586 0.00584607528 0 0 0
nt@synapse_cleft 5024 -0.01035753 -0.0233544417 0.0183996334 0 0 0
nt@synapse_cleft 5030 0.00908654829 0.0302264743 0.0146282706 0 0 0
nt@synapse_cleft 5044 -0.0345991347 -0.00181256384 0.0179202051 0 0 0
nt@synapse_cleft 5045 0.0317878085 0.0164589703 0.00141818129 0 0 0
nt@synapse_cleft 5046 0.0063874198 -0.00870392638 0.00615015744 0 0 0
nt@synapse_cleft 5052 -0.0149200149 -0.00936978094 0.0172869906 0 0 0
nt@synapse_cleft 5055 -0.0102146773 0.00763826473 0.00597361908 0 0 0
nt@synapse_cleft 5059 -0.0366489684 0.0272211611 0.0153077692 0 0 0
nt@synapse_cleft 5061 0.0181346572 -0.0310096955 0.00460196738 0 0 0
nt@synapse_cleft 5063 -0.0182705769 0.0153584172 0.00485048167 0 0 0
nt@synapse_cleft 5065 0.0222868294 -0.0280490167 0.0130069571 0 0 0
nt@synapse_cleft 5072 0.00372114704 0.012633903 0.0051698513 0 0 0
nt@synapse_cleft 5077 0.0360215276 -0.0179377433 0.00737922429 0 0 0
nt@synapse_cleft 5079 0.00585118445 0.0163004659 0.019456211 0 0 0
nt@synapse_cleft 5081 0.0129515083 0.0176672609 0.00566547535 0 0 0
nt@synapse_cleft 5082 0.0123114693 0.0473691479 0.0162571672 0 0 0
nt@synapse_cleft 5086 0.0239358748 0.0311344194 0.0106445588 0 0 0
nt@synapse_cleft 5105 0.00593536355 -0.0287250957 0.00424110446 0 0 0
nt@synapse_cleft 5106 0.00283940039 -0.0138470355 0.00783061565 0 0 0
nt@synapse_cleft 5111 -0.0150469472 -0.0350523685 0.00886902988 0 0 0
nt@synapse_cleft 5126 -0.0278146345 -0.0114433337 0.0124673626 0 0 0
nt@synapse_cleft 5133 -0.017433136 0.0206888684 0.0100094048 0 0 0
nt@synapse_cleft 5135 -0.017531571 -0.00734687103 0.00534055236 0 0 0
nt@synapse_cleft 5145 0.0112051964 0.018694895 0.00934266108 0 0 0
nt@synapse_cleft 5149 0.0311228344 -0.0276728765 0.00593650331 0 0 0
nt@synapse_cleft 5154 0.0193293644 0.0283299488 0.0172103333 0 0 0
nt@synapse_cleft 5159 -0.0234191517 0.000794879286 0.0118162214 0 0 0
nt@synapse_cleft 5160 0.0329330425 -0.0103114896 0.0156031003 0 0 0
nt@synapse_cleft 5163 0.00438032098 0.0119657169 0.00438189596 0 0 0
nt@synapse_cleft 5164 0.0104884687 -0.0239222428 0.00106439667 0 0 0
nt@synapse_cleft 5173 -0.0273265116 0.0131375858 0.0195419895 0 0 0
nt@synapse_cleft 5175 -0.029254737 0.00863482832 0.015669547 0 0 0
nt@synapse_cleft 5176 -0.032234229 0.0595891913 0.0161376779 0 0 0
nt@synapse_cleft 5177 0.00662765551 -0.0323726575 0.0105272598 0 0 0
nt@synapse_cleft 5179 0.034721291 -0.000436260872 0.00499239219 0 0 0
nt@synapse_cleft 5182 0.0251943117 0.0122728826 0.0080652016 0 0 0
nt@synapse_cleft 5183 0.0247139103 0.00920451488 0.00179109324 0 0 0
nt@synapse_cleft 5186 0.0174069157 -0.013255261 0.0138121341 0 0 0
nt@synapse_cleft 5188 0.0245776158 0.00181332207 0.00202343502 0 0 0
nt@synapse_cleft 5193 0.0145490502 0.00844735999 0.0169823219 0 0 0
nt@synapse_cleft 5196 -0.0189362193 -0.00811873293 0.00617295821 0 0 0
nt@synapse_cleft 5198 -0.00488698437 -0.0275680269 0.00492717062 0 0 0
