nt@synapse_cleft 0 0.0086998337 0.00154736316 0.0170139324 0 0 0
nt@synapse_cleft 2 -0.0418276451 0.0135482556 0.019328899 0 0 0
nt@synapse_cleft 7 0.00435256089 0.0113798337 0.0113152384 0 0 0
nt@synapse_cleft 9 0.0134385466 -0.0211538552 0.0102584498 0 0 0
nt@synapse_cleft 12 0.00672454004 0.0332386445 0.0133420144 0 0 0
nt@synapse_cleft 15 -0.0143732623 0.0239728283 0.00653776161 0 0 0
nt@synapse_cleft 17 0.0212716382 0.00811774917 0.00648019731 0 0 0
nt@synapse_cleft 23 0.00796738522 -0.0481087073 0.00798838346 0 0 0
nt@synapse_cleft 26 -0.0236189822 0.0106769998 0.0107476083 0 0 0
nt@synapse_cleft 30 0.0200077842 -0.0329691379 0.00807776062 0 0 0
nt@synapse_cleft 35 -0.0100385105 0.018263922 0.0197226157 0 0 0
nt@synapse_cleft 42 0.00590492821 0.00668404965 0.018927784 0 0 0
nt@synapse_cleft 45 -0.00637290217 0.016043135 0.00924293043 0 0 0
nt@synapse_cleft 54 0.00167628636 0.0232789775 0.0198988746 0 0 0
nt@synapse_cleft 56 -0.0183561383 -0.00590713698 0.0149028194 0 0 0
nt@synapse_cleft 59 0.0305052509 0.0159458718 0.0131303225 0 0 0
nt@synapse_cleft 72 -0.0254883943 0.00824792471 0.0166026617 0 0 0
nt@synapse_cleft 81 0.0126764385 -0.0335556952 0.00725407283 0 0 0
nt@synapse_cleft 87 -0.0116906454 -0.0221884853 0.01715135 0 0 0
nt@synapse_cleft 89 0.0278969202 0.0018338677 0.00917625512 0 0 0
nt@synapse_cleft 100 -0.0171379089 -0.0220263788 0.00861923549 0 0 0
nt@synapse_cleft 102 -0.0289243653 0.0161086106 0.000990754484 0 0 0
nt@synapse_cleft 103 0.0237402555 -0.0208766239 0.0166367913 0 0 0
nt@synapse_cleft 111 -0.0295600843 0.0470508997 0.0162929803 0 0 0
nt@synapse_cleft 114 0.0417007887 -0.0178775803 0.0183670426 0 0 0
nt@synapse_cleft 115 -0.0021251721 -0.0332051655 0.0092697606 0 0 0
nt@synapse_cleft 116 -0.0271094232 -0.0193556531 0.0143002836 0 0 0
nt@synapse_cleft 118 0.0139148446 0.00152678873 0.0104992298 0 0 0
nt@synapse_cleft 135 -0.0215287974 -0.0239081202 0.0138598794 0 0 0
nt@synapse_cleft 137 -0.0488733971 -0.036157746 0.00967236842 0 0 0
nt@synapse_cleft 143 -0.00943956676 -0.0508821631 0.00306993149 0 0 0
nt@synapse_cleft 148 0.000757720187 0.0531727098 0.00821748877 0 0 0
nt@synapse_cleft 150 -0.0265537037 0.0148187471 0.00794236536 0 0 0
nt@synapse_cleft 156 -0.0258067258 -0.00334315004 0.0177315137 0 0 0
nt@synapse_cleft 157 -0.0257415316 0.0103657949 0.0114218489 0 0 0
nt@synapse_cleft 162 -0.0132752348 -0.0279020825 0.00974900455 0 0 0
nt@synapse_cleft 167 -0.00208139705 -0.0441783767 0.00669225333 0 0 0
nt@synapse_cleft 168 -0.0211600058 -0.0221122739 0.0136309879 0 0 0
nt@synapse_cleft 186 -0.0204815133 -0.01206738 0.0188847131 0 0 0
nt@synapse_cleft 188 -0.0165984988 -0.00116839878 0.0026832667 0 0 0
nt@synapse_cleft 192 -0.00909707476 0.0399885119 0.0175566482 0 0 0
nt@synapse_cleft 194 -0.00337494031 -0.00789023583 0.014336161 0 0 0
nt@synapse_cleft 195 0.0169874151 0.0420248291 0.00457451375 0 0 0
nt@synapse_cleft 197 0.00901840333 -0.0182763607 0.00600254766 0 0 0
nt@synapse_cleft 199 0.0439863639 0.0116668754 0.00881521199 0 0 0
nt@synapse_cleft 203 0.00975185985 -0.00385311972 0.00630957166 0 0 0
nt@synapse_cleft 206 0.00113837859 -0.016181337 0.0189518756 0 0 0
nt@synapse_cleft 210 -0.0329370046 0.0181892211 0.00460371076 0 0 0
nt@synapse_cleft 224 -0.0174781917 0.0591010301 0.000528333459 0 0 0
nt@synapse_cleft 231 0.014726777 0.0400658493 0.0169368524 0 0 0
nt@synapse_cleft 235 0.0239202217 -0.0225264914 0.00515427754 0 0 0
nt@synapse_cleft 244 -0.0183460187 0.000702531423 0.0176474235 0 0 0
nt@synapse_cleft 248 0.0337206744 -0.0278785415 0.00873678338 0 0 0
nt@synapse_cleft 256 -0.0401792709 -0.0107920885 0.00960372172 0 0 0
nt@synapse_cleft 263 0.0442566206 0.019354352 0.0156292753 0 0 0
nt@synapse_cleft 268 0.00235391174 -0.0081306185 0.0141294109 0 0 0
nt@synapse_cleft 272 0.00597657076 -0.0480094424 0.0173541572 0 0 0
nt@synapse_cleft 284 -0.0291966083 0.0822947537 0.00899585871 0 0 0
nt@synapse_cleft 289 -0.0401757303 0.0613205096 0.00833334696 0 0 0
nt@synapse_cleft 293 0.0325352072 -0.00477136736 0.0151875474 0 0 0
nt@synapse_cleft 306 0.0107398331 -0.024411715 0.0120783818 0 0 0
nt@synapse_cleft 307 0.0146921269 0.00409541737 0.0182619608 0 0 0
nt@synapse_cleft 308 0.021969264 0.0270163783 0.00844084897 0 0 0
nt@synapse_cleft 310 0.0251165528 -3.14770283e-05 0.0103702735 0 0 0
nt@synapse_cleft 318 -0.0377747423 0.0080429131 0.0174350532 0 0 0
nt@synapse_cleft 319 0.0588248711 0.0016668618 0.0156316608 0 0 0
nt@synapse_cleft 321 0.0379205409 0.0201883219 0.00790554231 0 0 0
nt@synapse_cleft 325 -0.057888028 0.0699265009 0.0149406359 0 0 0
nt@synapse_cleft 331 0.0479090501 -0.0196137341 0.0147546826 0 0 0
nt@synapse_cleft 347 0.0034559341 -0.00995245363 0.00424732373 0 0 0
nt@synapse_cleft 348 0.00260833886 -0.00665760193 0.0131032887 0 0 0
nt@synapse_cleft 350 0.0176432343 0.00698213657 0.00368099217 0 0 0
nt@synapse_cleft 352 -0.0131496554 0.0251715183 0.00517598229 0 0 0
nt@synapse_cleft 356 -0.0363539251 0.01807979 0.00693325293 0 0 0
nt@synapse_cleft 361 -0.0260780816 0.012674869 0.0195201536 0 0 0
nt@synapse_cleft 371 -0.00912602312 0.0333804447 0.00430390378 0 0 0
nt@synapse_cleft 372 0.0017683305 0.024422919 0.00655759527 0 0 0
nt@synapse_cleft 376 -0.00906439218 -0.0026843566 0.0179556535 0 0 0
nt@synapse_cleft 381 -0.0155969587 -0.0161279582 0.00473733268 0 0 0
nt@synapse_cleft 385 0.0139119592 0.0103779282 0.0157326206 0 0 0
nt@synapse_cleft 391 0.022239204 -0.0435045072 0.0157310448 0 0 0
nt@synapse_cleft 395 -0.0015772118 -0.0271447609 0.00978777792 0 0 0
nt@synapse_cleft 397 0.0161054007 0.0265571338 0.0184540085 0 0 0
nt@synapse_cleft 402 0.00527737726 0.0450911093 0.00321608922 0 0 0
nt@synapse_cleft 406 -0.0256384946 -0.0466601779 0.00851780585 0 0 0
nt@synapse_cleft 421 -0.0342440296 0.0260532783 0.0188747549 0 0 0
nt@synapse_cleft 426 0.0378218108 -0.0172064191 0.0178238543 0 0 0
nt@synapse_cleft 429 -0.0193886483 0.0243325295 0.0109437075 0 0 0
nt@synapse_cleft 440 0.0331229576 0.00515079369 0.000695340311 0 0 0
nt@synapse_cleft 444 -0.00264991938 0.0268689567 0.00685227288 0 0 0
nt@synapse_cleft 449 -0.00112915212 -0.0181334113 0.00775491004 0 0 0
nt@synapse_cleft 452 0.0290480238 0.0426112936 0.0117050014 0 0 0
nt@synapse_cleft 453 0.00466226268 -0.0128402698 0.0180165133 0 0 0
nt@synapse_cleft 455 -0.00300130987 -0.0278929366 0.0172167948 0 0 0
nt@synapse_cleft 477 0.0206769526 0.00988561292 0.0154412387 0 0 0
nt@synapse_cleft 479 -0.00913715482 0.0227921505 0.0133429249 0 0 0
nt@synapse_cleft 480 -0.0553848701 0.0146094563 0.000161986811 0 0 0
nt@synapse_cleft 482 0.01356637 0.00415921795 0.00194483769 0 0 0
nt@synapse_cleft 483 -0.00677809305 -0.0282117894 0.00837083329 0 0 0
nt@synapse_cleft 484 -0.00508406 -0.0377879815 0.00132817855 0 0 0
nt@synapse_cleft 499 0.0192153423 0.0186706795 0.0110771086 0 0 0
nt@synapse_cleft 500 -0.0108019004 -0.0125810826 0.00814603151 0 0 0
nt@synapse_cleft 501 0.00749442192 0.0150789841 0.00555137459 0 0 0
nt@synapse_cleft 503 0.0109520075 -0.0194940732 0.0108414678 0 0 0
nt@synapse_cleft 509 -0.0125437548 0.0526731401 0.000801381067 0 0 0
nt@synapse_cleft 510 0.0199483313 0.00450281711 0.0104565629 0 0 0
nt@synapse_cleft 514 -0.0220703474 0.00649361396 0.0143289687 0 0 0
nt@synapse_cleft 522 -0.0436267585 0.0185088393 0.0119246624 0 0 0
nt@synapse_cleft 524 -0.0113777709 0.0204236247 0.0188155938 0 0 0
nt@synapse_cleft 530 0.0206859237 -0.0033481171 0.0101118371 0 0 0
nt@synapse_cleft 536 -0.0298256282 -0.0371571258 0.00123058037 0 0 0
nt@synapse_cleft 544 0.0342068787 0.0176498183 0.0120232209 0 0 0
nt@synapse_cleft 546 -0.048217689 0.0131458325 0.0106743069 0 0 0
nt@synapse_cleft 548 -0.0221555268 0.0215271744 0.0180878427 0 0 0
nt@synapse_cleft 549 0.0295777321 -0.0347217854 0.0155235021 0 0 0
nt@synapse_cleft 551 0.00874590124 -0.0158585791 0.0141624498 0 0 0
nt@synapse_cleft 552 0.0205600211 -0.00212944837 0.0114617722 0 0 0
nt@synapse_cleft 557 -0.034543332 -0.000787607816 0.0087228148 0 0 0
nt@synapse_cleft 558 -0.0115324959 -0.0233744954 0.00734393131 0 0 0
nt@synapse_cleft 563 -0.0133306338 -0.0529880628 0.0171892311 0 0 0
nt@synapse_cleft 568 -0.00812240264 0.0059975939 0.017228386 0 0 0
nt@synapse_cleft 572 -0.0307465528 0.0218413129 0.00715374386 0 0 0
nt@synapse_cleft 575 -0.000396598531 -0.0121408824 0.00849271067 0 0 0
nt@synapse_cleft 581 0.00488459877 -0.00370352839 0.00897959115 0 0 0
nt@synapse_cleft 583 0.0120341889 0.0168951943 0.0116532433 0 0 0
nt@synapse_cleft 586 0.00655665712 0.0138300865 0.0123788013 0 0 0
nt@synapse_cleft 591 -0.0132887746 0.0251467006 0.0145208829 0 0 0
nt@synapse_cleft 593 0.00531591136 0.034845008 0.0127034628 0 0 0
nt@synapse_cleft 594 0.0373417024 0.0229509707 0.00974215094 0 0 0
nt@synapse_cleft 595 -0.00471856622 -0.035840722 0.00683505342 0 0 0
nt@synapse_cleft 596 -0.0238374079 0.00476114409 0.016013639 0 0 0
nt@synapse_cleft 598 -0.00091684377 -0.00289428334 0.0161889456 0 0 0
nt@synapse_cleft 616 -0.00905195852 -0.0167670706 0.00898876995 0 0 0
nt@synapse_cleft 618 -0.0106397956 -0.0347050284 0.00329934686 0 0 0
nt@synapse_cleft 620 -0.0223180904 -0.00297318659 0.0066001819 0 0 0
nt@synapse_cleft 624 0.0179105541 -0.00468834374 0.0070817455 0 0 0
nt@synapse_cleft 627 -0.00875025213 -0.0183659902 0.0171002176 0 0 0
nt@synapse_cleft 629 0.00154227997 0.00331954849 0.000281460995 0 0 0
nt@synapse_cleft 630 0.00498872131 0.00792261844 0.00256591068 0 0 0
nt@synapse_cleft 633 -0.0183709037 0.0209508217 0.00572686249 0 0 0
nt@synapse_cleft 634 0.0105359087 -0.00483680369 0.0140410876 0 0 0
nt@synapse_cleft 639 -0.0201925779 -0.0316488754 4.48424337e-05 0 0 0
nt@synapse_cleft 645 -0.011596241 -0.0119333256 0.0173924381 0 0 0
nt@synapse_cleft 647 0.00822299748 0.0310842085 0.000540500253 0 0 0
nt@synapse_cleft 661 -0.030269105 -0.0156657391 0.0165318302 0 0 0
nt@synapse_cleft 662 -0.00956600635 0.00570808245 0.00976397678 0 0 0
nt@synapse_cleft 664 -0.00961644788 0.0129239802 0.0125301176 0 0 0
nt@synapse_cleft 674 -0.0195144007 0.0122389794 0.00295853105 0 0 0
nt@synapse_cleft 675 0.0161709436 0.010752358 0.0110872324 0 0 0
nt@synapse_cleft 678 0.017560703 -0.0133222794 0.00984250251 0 0 0
nt@synapse_cleft 679 -0.0296578551 -0.00223617371 0.0141127381 0 0 0
nt@synapse_cleft 681 -0.00972728246 -0.0247416207 0.0149747792 0 0 0
nt@synapse_cleft 684 -0.0218889278 -0.0111515403 0.00959537938 0 0 0
nt@synapse_cleft 689 0.0220627575 0.00599326992 0.0151245568 0 0 0
nt@synapse_cleft 691 0.0200772466 0.00848391906 0.00592024648 0 0 0
nt@synapse_cleft 693 0.0100247118 0.0139001914 0.012139251 0 0 0
nt@synapse_cleft 695 -0.0250044447 0.0260918879 0.0141499091 0 0 0
nt@synapse_cleft 698 0.00228824112 0.0156127592 0.0143078467 0 0 0
nt@synapse_cleft 699 -0.0203857519 -0.0630565172 0.00552511425 0 0 0
nt@synapse_cleft 704 0.0147324211 0.0226871809 0.000975820409 0 0 0
nt@synapse_cleft 710 0.0369165048 -0.00349839891 0.0189493401 0 0 0
nt@synapse_cleft 712 -0.0245616885 -0.0102136577 0.00273468834 0 0 0
nt@synapse_cleft 715 0.0207959667 0.0268762991 0.00926688708 0 0 0
nt@synapse_cleft 720 0.0268603412 -0.0392400294 0.00243117464 0 0 0
nt@synapse_cleft 721 0.00309909721 -0.0153353314 0.00117364017 0 0 0
nt@synapse_cleft 726 -0.0262773517 -0.00573974139 0.00718713593 0 0 0
nt@synapse_cleft 727 -0.0108253158 0.0210758095 0.000865488663 0 0 0
nt@synapse_cleft 728 -0.00218580899 0.00310579489 0.00576077371 0 0 0
nt@synapse_cleft 732 0.0291514037 0.0511399632 0.000270702858 0 0 0
nt@synapse_cleft 735 -0.0480793925 0.00867991107 0.0028359163 0 0 0
nt@synapse_cleft 737 0.0443470249 0.00382262721 0.00837293821 0 0 0
nt@synapse_cleft 741 0.0198021092 -0.00143477065 0.00202035775 0 0 0
nt@synapse_cleft 744 -0.016571102 0.0303912121 0.0109281618 0 0 0
nt@synapse_cleft 746 0.000393023309 0.0137767681 0.00173574036 0 0 0
nt@synapse_cleft 750 0.0237733369 0.0188690122 0.0160233982 0 0 0
nt@synapse_cleft 754 -0.00284825864 -0.0189462095 0.0196981229 0 0 0
nt@synapse_cleft 755 0.0190226229 0.0186425678 0.00490873031 0 0 0
nt@synapse_cleft 760 -0.00400602175 -0.0548686391 0.00273452651 0 0 0
nt@synapse_cleft 762 0.0061558959 -0.0144652855 0.0169703661 0 0 0
nt@synapse_cleft 765 -0.0300564764 0.0333888766 0.0160742388 0 0 0
nt@synapse_cleft 768 -0.0208701119 -0.000972469812 0.0127131339 0 0 0
nt@synapse_cleft 769 0.00122783519 0.0425296658 0.0128267394 0 0 0
nt@synapse_cleft 774 0.00640837513 0.0235357014 0.0122922158 0 0 0
nt@synapse_cleft 777 0.0403750409 -0.0421909369 0.00896369543 0 0 0
nt@synapse_cleft 779 -0.018242419 0.0133031297 0.00577040292 0 0 0
nt@synapse_cleft 784 0.0159266376 0.00474284742 0.0155984656 0 0 0
nt@synapse_cleft 797 -0.0064181152 0.0384500068 0.00381811019 0 0 0
nt@synapse_cleft 803 -0.0261506602 -0.0382752007 0.0122293497 0 0 0
nt@synapse_cleft 804 0.00373863231 0.0230938333 0.00642493066 0 0 0
nt@synapse_cleft 814 0.0373752756 0.0315664354 0.00327500126 0 0 0
nt@synapse_cleft 816 9.5174843e-05 -0.0192707 0.00428417737 0 0 0
nt@synapse_cleft 817 0.0209034563 -0.0144823882 0.00872109786 0 0 0
nt@synapse_cleft 828 0.0102474427 -0.0276837942 0.0161414854 0 0 0
nt@synapse_cleft 831 -0.00303955795 -0.0241666087 0.0021753609 0 0 0
nt@synapse_cleft 833 -0.0137020863 -0.00211530866 0.00610311415 0 0 0
nt@synapse_cleft 837 -0.0199490659 -0.0137763159 0.0161849911 0 0 0
nt@synapse_cleft 844 -0.0125158277 0.00909984729 0.0175039085 0 0 0
nt@synapse_cleft 847 0.0223591565 0.000998283333 0.0117061577 0 0 0
nt@synapse_cleft 850 0.00121269125 0.0244491061 0.000172716013 0 0 0
nt@synapse_cleft 854 0.00868543666 0.030134495 0.00542387716 0 0 0
nt@synapse_cleft 866 0.00191741473 -0.0144977007 0.00858320671 0 0 0
nt@synapse_cleft 871 -0.00665422718 0.0117940559 0.0170627501 0 0 0
nt@synapse_cleft 872 0.0234856714 -0.0200677746 0.018220723 0 0 0
nt@synapse_cleft 877 -0.0429554101 0.0118003849 0.0141068042 0 0 0
nt@synapse_cleft 884 -0.00237948188 0.00937344149 0.0172975626 0 0 0
nt@synapse_cleft 900 0.0172015215 -0.0233549605 0.0196724427 0 0 0
nt@synapse_cleft 904 -0.0378935036 0.0100615414 0.00542850187 0 0 0
nt@synapse_cleft 906 -0.0133029598 0.00671412974 0.0147929293 0 0 0
nt@synapse_cleft 908 -0.0407540461 0.00710081123 0.000350328539 0 0 0
nt@synapse_cleft 909 0.0283533564 0.00888358363 0.00663207968 0 0 0
nt@synapse_cleft 913 -0.0239449456 0.00102393154 0.0199961513 0 0 0
nt@synapse_cleft 918 0.0634221805 -0.00591433882 0.0159824161 0 0 0
nt@synapse_cleft 920 0.0179417134 -0.0150841344 0.0155810042 0 0 0
nt@synapse_cleft 924 -0.0324980527 -0.00064855131 0.0114419643 0 0 0
nt@synapse_cleft 925 -0.0265427309 0.0388823954 0.0109643029 0 0 0
nt@synapse_cleft 926 -0.0149761623 -0.0529309647 0.0185962731 0 0 0
nt@synapse_cleft 932 0.0178347436 -0.0438809317 0.00120816298 0 0 0
nt@synapse_cleft 938 -0.0118299142 0.0161273182 0.00511726727 0 0 0
nt@synapse_cleft 940 -0.0514136317 -0.0296847447 0.00757273825 0 0 0
nt@synapse_cleft 941 -0.0313826689 0.0474160722 0.0191125219 0 0 0
nt@synapse_cleft 942 0.0174710131 -0.023868255 0.00454016935 0 0 0
nt@synapse_cleft 943 0.0223505921 -0.0103618374 0.00769150251 0 0 0
nt@synapse_cleft 944 -0.00185679028 -0.0526834648 0.000599730399 0 0 0
nt@synapse_cleft 945 -0.00859136532 0.0256732001 0.000576286019 0 0 0
nt@synapse_cleft 947 -0.0202502186 0.0103568041 0.0130664039 0 0 0
nt@synapse_cleft 953 -0.0438058942 0.017650801 0.0157913811 0 0 0
nt@synapse_cleft 954 0.0106624853 -0.0111804629 0.00384995758 0 0 0
nt@synapse_cleft 957 0.0467312142 -0.0264494374 0.00382985028 0 0 0
nt@synapse_cleft 960 -0.0235231965 0.0303272404 0.00741433489 0 0 0
nt@synapse_cleft 961 -0.0276832422 -0.00308002532 0.0125482622 0 0 0
nt@synapse_cleft 967 0.0375091422 -0.0024972471 0.0133638835 0 0 0
nt@synapse_cleft 976 -0.0244467369 0.0196824511 0.0160825411 0 0 0
nt@synapse_cleft 978 -0.0398055161 -0.0186496467 0.0117055337 0 0 0
nt@synapse_cleft 991 0.0273818756 -0.00576229274 0.0158331911 0 0 0
nt@synapse_cleft 992 0.0232782152 0.00620707543 0.00254651283 0 0 0
nt@synapse_cleft 994 -0.0341221566 -0.010559722 0.0106873023 0 0 0
nt@synapse_cleft 998 0.00144758577 0.0017458453 0.00196705051 0 0 0
nt@synapse_cleft 999 0.0439339869 -0.0387972983 7.25432377e-05 0 0 0
nt@synapse_cleft 1002 0.0152181793 0.0495582996 0.00551168936 0 0 0
nt@synapse_cleft 1004 -0.0117715406 0.00871286996 0.00293606845 0 0 0
nt@synapse_cleft 1011 0.0241860548 0.020492722 0.0144247871 0 0 0
nt@synapse_cleft 1013 -0.033487462 0.0423284283 0.0145823926 0 0 0
nt@synapse_cleft 1016 -0.0316805453 0.0175092872 0.0149593239 0 0 0
nt@synapse_cleft 1018 -0.00244131839 -0.022966985 0.0097203238 0 0 0
nt@synapse_cleft 1024 -0.0391088989 -0.0117558722 0.015034763 0 0 0
nt@synapse_cleft 1025 -0.00318271815 -0.0364398821 0.00176954424 0 0 0
nt@synapse_cleft 1027 0.0166611219 0.0344354763 0.0145891979 0 0 0
nt@synapse_cleft 1035 -0.0251900707 -0.017061879 0.0145080983 0 0 0
nt@synapse_cleft 1047 0.0222784564 -0.0468219372 0.00107617347 0 0 0
nt@synapse_cleft 1048 0.000632767999 -0.0459889757 0.00322084198 0 0 0
nt@synapse_cleft 1050 0.00116633982 -0.0455054828 0.0189014707 0 0 0
nt@synapse_cleft 1056 -0.00801407911 0.0644387692 0.00123565074 0 0 0
nt@synapse_cleft 1062 0.0433468383 -0.0127470302 0.0132474775 0 0 0
nt@synapse_cleft 1077 -0.0292394467 -0.0126001785 0.0140960553 0 0 0
nt@synapse_cleft 1080 -0.0288611059 0.0175614149 0.0108499721 0 0 0
nt@synapse_cleft 1088 -0.0443571472 -0.0075365056 0.0164993558 0 0 0
nt@synapse_cleft 1092 -0.0167666023 -0.00763806967 0.00888608338 0 0 0
nt@synapse_cleft 1102 -0.0173410754 -0.0192310421 0.0158710654 0 0 0
nt@synapse_cleft 1107 -0.00867706102 0.00621285126 0.011503983 0 0 0
nt@synapse_cleft 1108 0.0167569713 0.0318424849 0.000869598009 0 0 0
nt@synapse_cleft 1110 0.02275437 0.0154974978 0.0144518424 0 0 0
nt@synapse_cleft 1113 -0.014665655 0.0149259238 0.00103216555 0 0 0
nt@synapse_cleft 1114 0.0132896243 -0.024809252 0.00203985697 0 0 0
nt@synapse_cleft 1121 -0.000253002729 0.0454383705 0.000581835172 0 0 0
nt@synapse_cleft 1127 -0.00949855283 0.00345282713 0.00567926837 0 0 0
nt@synapse_cleft 1130 0.0295457998 -0.0211593834 0.00631038396 0 0 0
nt@synapse_cleft 1136 -0.0097743802 -0.0592197653 0.00899059882 0 0 0
nt@synapse_cleft 1138 0.0159378249 0.0074263284 0.0144433999 0 0 0
nt@synapse_cleft 1140 0.00610677149 -0.0329210094 0.0166827088 0 0 0
nt@synapse_cleft 1144 -0.0145357467 -0.0078635696 0.0111419207 0 0 0
nt@synapse_cleft 1145 0.066088752 -0.014789727 0.018738291 0 0 0
nt@synapse_cleft 1149 -0.0251103338 -0.000232024371 0.0107368544 0 0 0
nt@synapse_cleft 1152 0.0225069013 -0.00268003517 0.0138084301 0 0 0
nt@synapse_cleft 1157 0.0335309408 -0.0544555852 0.0156906436 0 0 0
nt@synapse_cleft 1165 0.0169953774 0.0307844907 0.00126355533 0 0 0
nt@synapse_cleft 1166 -0.00854066485 0.00261292071 0.00741543573 0 0 0
nt@synapse_cleft 1167 0.0391673062 0.0329356899 0.00747204707 0 0 0
nt@synapse_cleft 1172 -0.00667555663 0.000410344082 0.00756143615 0 0 0
nt@synapse_cleft 1177 -0.0058390298 0.0716366749 0.00149717078 0 0 0
nt@synapse_cleft 1179 0.000585967774 -0.0197150156 0.00333970501 0 0 0
nt@synapse_cleft 1186 -0.064002739 0.00135658256 0.00678479685 0 0 0
nt@synapse_cleft 1188 0.0211071565 -0.0417316517 0.00376098406 0 0 0
nt@synapse_cleft 1192 0.0176288662 -0.0126548436 0.0176362599 0 0 0
nt@synapse_cleft 1193 -0.0286134822 -0.00833737404 0.00849332312 0 0 0
nt@synapse_cleft 1200 -0.0154738408 0.0191787898 0.0155815736 0 0 0
nt@synapse_cleft 1203 0.00291631411 0.00505187235 0.00680760471 0 0 0
nt@synapse_cleft 1204 0.00679559118 0.00200800006 0.0108608175 0 0 0
nt@synapse_cleft 1205 -0.0330509486 -0.0203323859 0.0165219877 0 0 0
nt@synapse_cleft 1206 -0.0311539094 -0.00284190487 0.0140406969 0 0 0
nt@synapse_cleft 1218 -0.00963484746 0.0282912298 0.0153929512 0 0 0
nt@synapse_cleft 1219 0.00118622405 0.00998039578 0.0157576999 0 0 0
nt@synapse_cleft 1237 -0.0169924015 -0.0302548585 0.0089282575 0 0 0
nt@synapse_cleft 1238 -0.062767701 -0.0263528465 0.0181702408 0 0 0
nt@synapse_cleft 1243 -0.01983341 -0.000119951877 0.00973111587 0 0 0
nt@synapse_cleft 1248 0.00330368042 0.0449507575 0.0132110264 0 0 0
nt@synapse_cleft 1251 -0.0311147627 0.0103032117 0.0183759818 0 0 0
nt@synapse_cleft 1252 -0.03865876 0.000527822493 0.0056747568 0 0 0
nt@synapse_cleft 1254 -0.023015504 0.0241564879 0.00918879388 0 0 0
nt@synapse_cleft 1270 0.0400143553 0.00357862952 0.00693768558 0 0 0
nt@synapse_cleft 1275 -0.0145136583 0.0118259026 0.00917832251 0 0 0
nt@synapse_cleft 1289 0.0410419379 -0.00944894341 0.00167763404 0 0 0
nt@synapse_cleft 1298 -0.00492888542 -0.0187603202 0.00371204356 0 0 0
nt@synapse_cleft 1302 -0.0114503717 0.0273974848 0.00450332867 0 0 0
nt@synapse_cleft 1311 0.0134117678 -0.0137968497 0.0126095024 0 0 0
nt@synapse_cleft 1316 -0.0279505284 -0.0314433446 0.00913417563 0 0 0
nt@synapse_cleft 1326 0.0219753106 0.0145775934 0.00436783237 0 0 0
nt@synapse_cleft 1328 0.0151509304 0.00697242626 0.00821389783 0 0 0
nt@synapse_cleft 1333 -0.0202328021 0.0292894613 0.00791260621 0 0 0
nt@synapse_cleft 1338 -0.0122922224 0.0132866099 0.0082247261 0 0 0
nt@synapse_cleft 1343 0.01265585 0.00916937455 0.0183073526 0 0 0
nt@synapse_cleft 1347 -0.0407973719 -0.0163667961 0.0155481522 0 0 0
nt@synapse_cleft 1348 0.0383842462 -0.0425147791 0.0182627175 0 0 0
nt@synapse_cleft 1349 -0.0130925561 -0.00764702231 0.0104378527 0 0 0
nt@synapse_cleft 1351 0.0416823189 -0.0306586038 8.9275844e-05 0 0 0
nt@synapse_cleft 1359 -0.0185129377 -0.0169307351 0.0166529382 0 0 0
nt@synapse_cleft 1361 -0.00607604525 -0.0540335322 0.00212783233 0 0 0
nt@synapse_cleft 1366 0.0248143047 -0.00362397534 0.0115139729 0 0 0
nt@synapse_cleft 1368 0.0302742279 0.00886287932 0.00197968101 0 0 0
nt@synapse_cleft 1372 -0.0201061279 0.0530387633 0.00494468318 0 0 0
nt@synapse_cleft 1380 -0.00829044846 0.013573487 0.00510599852 0 0 0
nt@synapse_cleft 1381 0.0172051653 -0.0528469714 0.0186977941 0 0 0
nt@synapse_cleft 1382 0.0195877579 0.014964123 0.000802801451 0 0 0
nt@synapse_cleft 1384 -0.0438768489 -0.0153670037 0.00987866359 0 0 0
nt@synapse_cleft 1390 0.0385818692 -0.00217353467 0.00179911813 0 0 0
nt@synapse_cleft 1393 -0.033980998 0.0329843033 0.00230662947 0 0 0
nt@synapse_cleft 1394 0.0219394675 0.0205908231 0.0140048925 0 0 0
nt@synapse_cleft 1397 0.0300580602 0.024669486 0.013829861 0 0 0
nt@synapse_cleft 1400 -0.0334753012 0.0153339538 0.00803842805 0 0 0
nt@synapse_cleft 1403 0.0051514113 -0.00325168575 0.0154225037 0 0 0
nt@synapse_cleft 1406 0.0570951611 -0.0274839212 0.00517673096 0 0 0
nt@synapse_cleft 1408 -0.0137279918 -0.0133606979 0.0127140107 0 0 0
nt@synapse_cleft 1411 0.00872821523 0.00853114613 0.0167999373 0 0 0
nt@synapse_cleft 1416 -0.00952893112 0.024961031 0.0034162764 0 0 0
nt@synapse_cleft 1419 0.00640369136 -0.0205727477 0.00967416217 0 0 0
nt@synapse_cleft 1425 0.00314799789 -0.0416620977 0.0104929826 0 0 0
nt@synapse_cleft 1427 -0.0307346242 -0.00769529633 0.0181936781 0 0 0
nt@synapse_cleft 1434 0.0132779589 0.0182498467 0.0116590895 0 0 0
nt@synapse_cleft 1438 -0.0119178525 -0.0277895826 0.00206660107 0 0 0
nt@synapse_cleft 1440 0.00475388689 0.0225239212 0.00365261386 0 0 0
nt@synapse_cleft 1441 -0.0308593831 0.010861072 0.00236349525 0 0 0
nt@synapse_cleft 1442 -0.000133159073 0.0318163217 0.019662533 0 0 0
nt@synapse_cleft 1444 -0.0219662987 -0.00706727827 0.00842511987 0 0 0
nt@synapse_cleft 1446 -0.0163186395 -0.0294102652 0.00370410671 0 0 0
nt@synapse_cleft 1449 -0.0308132402 -0.00325983657 0.00444994672 0 0 0
nt@synapse_cleft 1452 -0.0279353301 -0.0278596896 0.000507278997 0 0 0
nt@synapse_cleft 1454 -0.0153923513 0.00551694548 0.0113385759 0 0 0
nt@synapse_cleft 1455 -0.0253572785 0.0130226604 0.0177678427 0 0 0
nt@synapse_cleft 1464 -0.0532326493 0.0138043053 0.00886113665 0 0 0
nt@synapse_cleft 1470 -0.0659233529 -0.0291603751 0.0184777342 0 0 0
nt@synapse_cleft 1472 -0.0460715426 -0.00890273747 0.00886110799 0 0 0
nt@synapse_cleft 1473 0.00559194429 -0.00692078358 0.0144641639 0 0 0
nt@synapse_cleft 1479 -0.0120786035 0.0297838153 0.0188840891 0 0 0
nt@synapse_cleft 1481 0.0197554062 0.00325911076 0.0181402252 0 0 0
nt@synapse_cleft 1484 -0.00741955378 0.0131026387 0.0140706635 0 0 0
nt@synapse_cleft 1485 -0.0174928992 -0.0016151366 0.011709409 0 0 0
nt@synapse_cleft 1487 -0.0172256258 -0.0355617196 0.00107540604 0 0 0
nt@synapse_cleft 1488 0.028929995 -0.00239382399 0.00201656091 0 0 0
nt@synapse_cleft 1494 0.00662638545 0.0157748183 0.0183147191 0 0 0
nt@synapse_cleft 1496 -0.000320956762 0.025493934 0.0189535886 0 0 0
nt@synapse_cleft 1506 0.0264698106 0.000707281316 0.0113474697 0 0 0
nt@synapse_cleft 1507 0.00785398921 0.00152734095 0.00744673327 0 0 0
nt@synapse_cleft 1508 0.0212262174 0.0121127781 0.0074973086 0 0 0
nt@synapse_cleft 1512 0.00309895621 -0.00814865043 0.00804757851 0 0 0
nt@synapse_cleft 1519 -0.00382670146 -0.00561870685 0.0172255189 0 0 0
nt@synapse_cleft 1527 -0.0114940017 0.0427458089 0.00764701614 0 0 0
nt@synapse_cleft 1528 -0.0369381033 -0.00315649869 0.013690008 0 0 0
nt@synapse_cleft 1531 -0.00252039858 0.0263964081 0.0138265852 0 0 0
nt@synapse_cleft 1538 0.0063646069 0.0202746317 0.0183118137 0 0 0
nt@synapse_cleft 1542 -0.0135779455 0.0268736164 0.0123820084 0 0 0
nt@synapse_cleft 1545 0.00420054727 0.00266000296 0.0131352631 0 0 0
nt@synapse_cleft 1548 -0.0299210758 -0.0288036723 0.00948919214 0 0 0
nt@synapse_cleft 1553 0.0600528124 0.0139588874 0.00135565618 0 0 0
nt@synapse_cleft 1554 0.0198801114 0.00488875054 0.00159408204 0 0 0
nt@synapse_cleft 1561 -0.00197939932 -0.0533461782 0.00479164085 0 0 0
nt@synapse_cleft 1565 -0.00606004011 -0.00151488891 0.0140413621 0 0 0
nt@synapse_cleft 1571 -0.0134983551 -0.000460718109 0.0121117604 0 0 0
nt@synapse_cleft 1573 0.0161803245 0.0275970981 0.00441053266 0 0 0
nt@synapse_cleft 1588 0.00310900612 -0.0172039734 0.0180648991 0 0 0
nt@synapse_cleft 1592 0.00492986519 -0.021293509 0.00294791645 0 0 0
nt@synapse_cleft 1597 0.00560259036 0.0326168757 0.00636138842 0 0 0
nt@synapse_cleft 1600 0.021457972 -0.0303363503 0.00431470532 0 0 0
nt@synapse_cleft 1605 0.0209137754 -0.000113428303 0.0117891486 0 0 0
nt@synapse_cleft 1606 -0.0359191968 0.0073074149 0.00660765416 0 0 0
nt@synapse_cleft 1611 -0.0069103782 -0.0283687046 0.00189522576 0 0 0
nt@synapse_cleft 1612 -0.0198872902 -0.0149245207 0.00959716436 0 0 0
nt@synapse_cleft 1617 0.013026835 -0.0271606773 0.0074086786 0 0 0
nt@synapse_cleft 1619 0.0143165622 -0.00361312883 0.0169982693 0 0 0
nt@synapse_cleft 1628 0.0179346827 0.0375629602 0.0109686293 0 0 0
nt@synapse_cleft 1635 0.0174856158 -0.0113431182 0.00472103375 0 0 0
nt@synapse_cleft 1641 0.0319857024 0.0171488991 0.0127699224 0 0 0
nt@synapse_cleft 1642 0.0248773708 -0.0288179873 0.0124515714 0 0 0
nt@synapse_cleft 1655 0.00407528094 0.0174388539 0.00167726539 0 0 0
nt@synapse_cleft 1658 0.0202571239 0.03849915 0.0109667207 0 0 0
nt@synapse_cleft 1660 0.0178318521 0.0196696693 0.00620169009 0 0 0
nt@synapse_cleft 1675 -0.0291199428 -0.0106322652 0.0171901992 0 0 0
nt@synapse_cleft 1678 0.00448908131 -0.0169772419 0.00430314762 0 0 0
nt@synapse_cleft 1681 -0.0215069937 0.00379074557 0.00437906325 0 0 0
nt@synapse_cleft 1684 0.00521018937 -0.0365711821 0.00509880227 0 0 0
nt@synapse_cleft 1686 -0.00473972607 0.0125534928 0.0154329453 0 0 0
nt@synapse_cleft 1687 -0.0327181216 -0.0271609537 0.00349136843 0 0 0
nt@synapse_cleft 1689 0.0103507948 0.0143225861 0.00645674675 0 0 0
nt@synapse_cleft 1692 -0.0170416837 0.0167720816 0.0108138665 0 0 0
nt@synapse_cleft 1695 0.0166785686 -0.0143148528 0.00279837333 0 0 0
nt@synapse_cleft 1701 -0.000918674779 0.0102407231 0.0154322485 0 0 0
nt@synapse_cleft 1707 -0.0246192091 -0.0103472981 0.0102093979 0 0 0
nt@synapse_cleft 1708 -0.0381171046 0.0124895588 0.00268086912 0 0 0
nt@synapse_cleft 1715 0.00514148326 0.00462299846 0.0178800735 0 0 0
nt@synapse_cleft 1721 0.00246995007 -0.0320537766 0.0107538936 0 0 0
nt@synapse_cleft 1725 0.0294802484 -0.00398500352 0.00406728868 0 0 0
nt@synapse_cleft 1729 0.0110271528 -0.0113848944 0.0110998737 0 0 0
nt@synapse_cleft 1736 0.0252433281 0.0113881279 0.0125395008 0 0 0
nt@synapse_cleft 1741 0.00527756037 -0.0210280543 0.0139828059 0 0 0
nt@synapse_cleft 1742 0.0120526045 -0.0473070425 0.00782514501 0 0 0
nt@synapse_cleft 1743 0.0390342353 0.0361073414 0.0137635807 0 0 0
nt@synapse_cleft 1745 -0.0386897361 0.0290597199 0.000314919922 0 0 0
nt@synapse_cleft 1746 0.0103606002 -0.0119945258 0.0196842522 0 0 0
nt@synapse_cleft 1748 0.0556705857 0.0132575782 0.00817332564 0 0 0
nt@synapse_cleft 1749 0.00218572334 0.00215106964 0.00361192525 0 0 0
nt@synapse_cleft 1751 0.0388543516 0.0186546407 0.0129119985 0 0 0
nt@synapse_cleft 1759 -0.0116105997 -0.00987676674 0.0171640336 0 0 0
nt@synapse_cleft 1761 -0.0258525917 0.0079765129 0.0163135914 0 0 0
nt@synapse_cleft 1762 -0.0223260962 -0.0277788528 0.0140007273 0 0 0
nt@synapse_cleft 1768 0.00846005622 -0.0211376698 0.0136665381 0 0 0
nt@synapse_cleft 1775 -0.00629040693 -0.00419685872 0.00512773132 0 0 0
nt@synapse_cleft 1778 0.0485514798 -0.0510809318 0.0151026672 0 0 0
nt@synapse_cleft 1781 -0.0188956513 0.0376071293 0.00443624507 0 0 0
nt@synapse_cleft 1793 0.0140704347 0.0358764007 0.015906131 0 0 0
nt@synapse_cleft 1795 0.0271333734 -0.00955298849 0.0167579015 0 0 0
nt@synapse_cleft 1799 -0.0276902062 0.00369808759 0.00709522628 0 0 0
nt@synapse_cleft 1804 0.0135487612 0.00602354763 0.0147760149 0 0 0
nt@synapse_cleft 1805 -0.0127671605 0.000986126263 0.0197449308 0 0 0
nt@synapse_cleft 1806 -0.0144185563 0.010289741 0.010219467 0 0 0
nt@synapse_cleft 1810 -0.0552319418 -0.0450594036 0.0194189187 0 0 0
nt@synapse_cleft 1811 -0.000993882232 0.0101979165 0.00737151484 0 0 0
nt@synapse_cleft 1812 -0.00301784544 0.0485060274 0.013898947 0 0 0
nt@synapse_cleft 1815 -0.00591457573 0.0117113181 0.0120174997 0 0 0
nt@synapse_cleft 1824 0.0160245004 -0.000959602606 0.000860026825 0 0 0
nt@synapse_cleft 1826 0.0267980694 -0.0146923127 0.0183302774 0 0 0
nt@synapse_cleft 1829 0.0447069849 -0.0184261205 0.0122781714 0 0 0
nt@synapse_cleft 1830 -0.0354845165 -0.0132617543 0.0112975614 0 0 0
nt@synapse_cleft 1837 -0.0354945719 -0.0104738701 0.0132972662 0 0 0
nt@synapse_cleft 1838 -0.012536595 -0.036461765 0.00812055553 0 0 0
nt@synapse_cleft 1843 0.0333588011 -0.00608182587 0.00717410961 0 0 0
nt@synapse_cleft 1846 -0.0207420997 0.00542861916 0.00921814216 0 0 0
nt@synapse_cleft 1849 0.0445937011 0.00708946829 0.00913068235 0 0 0
nt@synapse_cleft 1853 0.0634433159 -0.0191877347 0.00638157377 0 0 0
nt@synapse_cleft 1854 0.00581855734 -0.0133646952 0.0052523621 0 0 0
nt@synapse_cleft 1855 -0.0243127205 0.00896567694 0.00796257041 0 0 0
nt@synapse_cleft 1856 0.018199524 -0.0134455355 0.00913758329 0 0 0
nt@synapse_cleft 1864 -0.00321212318 -0.0203757432 0.0129389004 0 0 0
nt@synapse_cleft 1868 -0.0223681889 0.00321357847 0.0136923888 0 0 0
nt@synapse_cleft 1872 7.94904267e-05 -0.00843271123 0.0139807768 0 0 0
nt@synapse_cleft 1873 -0.0599565176 -0.00287021454 0.00394239396 0 0 0
nt@synapse_cleft 1875 -0.0291810856 0.0148916353 0.00291530396 0 0 0
nt@synapse_cleft 1877 0.00294442514 0.0244783634 0.0171273831 0 0 0
nt@synapse_cleft 1879 0.0587862837 -0.0556948124 0.0145105881 0 0 0
nt@synapse_cleft 1880 -0.0215584128 -0.0224787508 0.00503496995 0 0 0
nt@synapse_cleft 1883 0.0100952201 0.0173707343 0.0197829535 0 0 0
nt@synapse_cleft 1885 -0.0086464815 0.00159576697 0.0074716277 0 0 0
nt@synapse_cleft 1887 -0.00678287523 0.0303863869 0.000877497384 0 0 0
nt@synapse_cleft 1892 -0.00287684417 0.00699442541 0.00444942199 0 0 0
nt@synapse_cleft 1894 -0.00925869043 0.0164672137 0.0167375298 0 0 0
nt@synapse_cleft 1896 0.0257035597 -0.00846315932 0.00730907603 0 0 0
nt@synapse_cleft 1900 -0.00826965649 -0.0138855273 0.00120130788 0 0 0
nt@synapse_cleft 1904 -0.0355425881 0.041001205 0.00900440275 0 0 0
nt@synapse_cleft 1914 0.00705945792 0.0155529338 0.000968963997 0 0 0
nt@synapse_cleft 1918 -0.0147879438 0.057267395 0.0131119318 0 0 0
nt@synapse_cleft 1921 0.00160275217 -0.01748381 0.00816209995 0 0 0
nt@synapse_cleft 1923 -0.0118908423 0.0240175781 0.0166747857 0 0 0
nt@synapse_cleft 1925 0.00232429407 0.0241894672 0.0140159694 0 0 0
nt@synapse_cleft 1926 0.0123767973 -0.00904352369 0.015633371 0 0 0
nt@synapse_cleft 1932 0.0117468493 -0.0137493064 0.0170033765 0 0 0
nt@synapse_cleft 1942 0.0251606968 -0.0297461131 0.00102508472 0 0 0
nt@synapse_cleft 1944 0.00138151249 0.0160695813 0.0140522265 0 0 0
nt@synapse_cleft 1946 -0.0173866335 -0.00689230291 0.00190720095 0 0 0
nt@synapse_cleft 1953 -0.025259646 -0.0150016255 0.00417074828 0 0 0
nt@synapse_cleft 1961 0.034605984 0.0179372059 0.00970194419 0 0 0
nt@synapse_cleft 1964 -0.0101079068 -0.00681114201 0.00774243171 0 0 0
nt@synapse_cleft 1967 0.0202154767 -0.0296831431 0.0117558654 0 0 0
nt@synapse_cleft 1970 -0.0172831588 -0.0382062437 0.00895953878 0 0 0
nt@synapse_cleft 1973 0.0268440493 0.0352464847 0.0165511138 0 0 0
nt@synapse_cleft 1976 -0.0324482258 -0.0162837117 0.00449129749 0 0 0
nt@synapse_cleft 1980 -0.0164248651 -0.0232721018 0.00511215774 0 0 0
nt@synapse_cleft 1984 -0.0488674941 -0.0144395068 0.0026860819 0 0 0
nt@synapse_cleft 1989 -0.01880975 0.009812662 0.0135661482 0 0 0
nt@synapse_cleft 1990 0.0233883514 0.0260758759 0.0043290768 0 0 0
nt@synapse_cleft 1993 0.00165547439 -0.0182251646 0.0194813433 0 0 0
nt@synapse_cleft 1997 0.00394922671 0.0156499185 0.013282665 0 0 0
nt@synapse_cleft 2004 -0.0173621299 0.009393593 0.0179673255 0 0 0
nt@synapse_cleft 2007 0.00454750556 0.0105982729 0.0177116368 0 0 0
nt@synapse_cleft 2008 0.024950944 0.00738406228 0.0107400535 0 0 0
nt@synapse_cleft 2013 -0.012942754 -0.00505062176 0.00514272614 0 0 0
nt@synapse_cleft 2014 0.0206415691 0.0154472354 0.0148844711 0 0 0
nt@synapse_cleft 2019 0.018258271 -0.00946766095 0.0182152811 0 0 0
nt@synapse_cleft 2026 0.0576849219 0.00151415982 0.00969073052 0 0 0
nt@synapse_cleft 2027 -0.0102942293 -0.0268779761 0.00247409658 0 0 0
nt@synapse_cleft 2032 -0.0264944753 -0.00822131472 0.0171639393 0 0 0
nt@synapse_cleft 2035 0.0515905935 0.0169253823 0.000997743189 0 0 0
nt@synapse_cleft 2036 0.0501878551 -0.0311142154 0.0142224432 0 0 0
nt@synapse_cleft 2039 0.0339126565 0.0101767441 0.0196277612 0 0 0
nt@synapse_cleft 2041 0.032578772 -0.00261058502 0.0107885677 0 0 0
nt@synapse_cleft 2044 0.0143021885 -0.0233660386 0.010252706 0 0 0
nt@synapse_cleft 2052 0.00279491894 -0.0146996146 0.0175422339 0 0 0
nt@synapse_cleft 2058 -0.0041587615 -0.0329254741 0.0106711832 0 0 0
nt@synapse_cleft 2061 0.0159747358 2.91167748e-05 0.00309469962 0 0 0
nt@synapse_cleft 2064 0.0191750895 0.0254899878 0.00231743275 0 0 0
nt@synapse_cleft 2091 -0.0115507432 0.022383662 0.0113066505 0 0 0
nt@synapse_cleft 2092 0.0179595518 0.0277741416 0.00796422119 0 0 0
nt@synapse_cleft 2094 -0.0103729173 -0.000991418388 0.0128221909 0 0 0
nt@synapse_cleft 2096 -0.0138795321 -0.00599652211 0.000294214262 0 0 0
nt@synapse_cleft 2101 -0.0125941953 -0.0171846952 0.00598762971 0 0 0
nt@synapse_cleft 2104 0.0225850827 0.00354002802 0.00678033375 0 0 0
nt@synapse_cleft 2112 -0.0159936646 -0.0258947419 0.00294895469 0 0 0
nt@synapse_cleft 2115 -0.0261699222 0.0059501099 0.015218333 0 0 0
nt@synapse_cleft 2124 0.00233079061 0.0415232221 0.0086310392 0 0 0
nt@synapse_cleft 2127 0.0138548059 0.0111964111 0.00597652716 0 0 0
nt@synapse_cleft 2133 0.00792130567 -0.00643212009 0.0080011039 0 0 0
nt@synapse_cleft 2137 -0.0352446008 0.0499459106 0.00433358399 0 0 0
nt@synapse_cleft 2148 0.0311362878 -0.0541501063 0.00491835619 0 0 0
nt@synapse_cleft 2156 0.0343282934 -0.02721642 0.0147547641 0 0 0
nt@synapse_cleft 2162 -0.0146939949 0.017844395 0.0146535322 0 0 0
nt@synapse_cleft 2163 0.0170847863 -0.00151914277 0.0198033459 0 0 0
nt@synapse_cleft 2170 0.0182371196 -0.000279946701 0.0142317311 0 0 0
nt@synapse_cleft 2177 -0.00863622378 -0.0320442297 0.00257371048 0 0 0
nt@synapse_cleft 2185 -0.0093613335 -0.00975078248 0.00868367057 0 0 0
nt@synapse_cleft 2187 -0.0122070355 0.00410184565 0.00724834877 0 0 0
nt@synapse_cleft 2188 -0.00264809229 0.0373283344 0.00387130261 0 0 0
nt@synapse_cleft 2199 0.00438484473 -0.0246438763 0.00329170082 0 0 0
nt@synapse_cleft 2204 -0.0371463015 0.00104831918 0.0176375406 0 0 0
nt@synapse_cleft 2206 -0.0162176924 -0.0136654119 0.0123208662 0 0 0
nt@synapse_cleft 2207 0.0303963853 0.00963081255 0.013323683 0 0 0
nt@synapse_cleft 2217 0.0211418253 -0.0383595377 0.00585267235 0 0 0
nt@synapse_cleft 2218 0.0129996432 0.0116098763 0.0198229698 0 0 0
nt@synapse_cleft 2223 -0.0199681712 0.0180702626 0.00111453665 0 0 0
nt@synapse_cleft 2228 -0.00878903322 0.0096973151 0.0076360628 0 0 0
nt@synapse_cleft 2235 -0.00781414536 -0.0171271893 0.0107484295 0 0 0
nt@synapse_cleft 2236 0.000691511023 0.0179333687 0.0151925528 0 0 0
nt@synapse_cleft 2248 -0.0318528335 -0.000170388864 0.00466764701 0 0 0
nt@synapse_cleft 2251 -0.00403260906 0.000557748704 0.014321109 0 0 0
nt@synapse_cleft 2254 -0.00781190553 -0.0189037856 0.0193393629 0 0 0
nt@synapse_cleft 2257 -0.000694904649 -0.0039779079 0.00144487411 0 0 0
nt@synapse_cleft 2262 -0.00395893741 0.0319903601 0.0160768961 0 0 0
nt@synapse_cleft 2265 0.033612193 0.0253300723 0.00227290921 0 0 0
nt@synapse_cleft 2269 -0.0334568414 0.0215884408 0.00861047208 0 0 0
nt@synapse_cleft 2271 -0.0634642051 0.0220825378 0.00444162345 0 0 0
nt@synapse_cleft 2274 -0.0130056121 0.0426771514 0.00263406322 0 0 0
nt@synapse_cleft 2278 0.0247113203 0.0339364452 0.00651450494 0 0 0
nt@synapse_cleft 2279 -0.00744286671 0.0117365393 0.0105536724 0 0 0
nt@synapse_cleft 2283 0.0329267291 -0.0258910565 0.00910088294 0 0 0
nt@synapse_cleft 2284 0.0281640324 -0.00205626543 0.013068177 0 0 0
nt@synapse_cleft 2285 -0.0183703972 -0.0105730873 0.0168910728 0 0 0
nt@synapse_cleft 2289 0.00989033524 -0.00477608315 0.0041681909 0 0 0
nt@synapse_cleft 2292 -0.0105909281 0.00327216312 0.0165951285 0 0 0
nt@synapse_cleft 2298 -0.0396010772 -0.0243894084 0.0137861315 0 0 0
nt@synapse_cleft 2306 -0.00113476347 -0.04872235 0.0114552289 0 0 0
nt@synapse_cleft 2308 -0.0353748659 0.0148748621 0.00356180777 0 0 0
nt@synapse_cleft 2309 -0.00493806177 -0.00852397872 0.0131398053 0 0 0
nt@synapse_cleft 2314 -0.00620293729 -0.028608888 0.0109166931 0 0 0
nt@synapse_cleft 2317 0.0338942546 0.0052846921 0.00601986813 0 0 0
nt@synapse_cleft 2320 0.0213850971 -0.0304133272 0.000114180009 0 0 0
nt@synapse_cleft 2321 0.0472542703 0.00772672944 0.00139462098 0 0 0
nt@synapse_cleft 2326 0.0225856814 0.0239286292 0.00170102865 0 0 0
nt@synapse_cleft 2327 -0.0319789511 -0.0367240699 0.01619677 0 0 0
nt@synapse_cleft 2330 -0.0382098754 0.0140692505 0.011660671 0 0 0
nt@synapse_cleft 2332 -0.01983167 -0.00496127786 0.0161511081 0 0 0
nt@synapse_cleft 2343 0.00359271006 0.00258303365 0.00524560857 0 0 0
nt@synapse_cleft 2349 0.0363410733 0.000506823401 0.0111431 0 0 0
nt@synapse_cleft 2367 -0.0216412218 -0.0378084765 0.0111902991 0 0 0
nt@synapse_cleft 2369 -0.0137925378 -0.00333246141 0.00697151598 0 0 0
nt@synapse_cleft 2383 0.0173374997 -0.039105946 0.0175478938 0 0 0
nt@synapse_cleft 2386 -0.0130833286 -0.0168978947 0.00503373509 0 0 0
nt@synapse_cleft 2389 -0.0016787884 -0.0258547788 0.00676806873 0 0 0
nt@synapse_cleft 2397 0.00886357875 -0.0562790042 0.0146561288 0 0 0
nt@synapse_cleft 2400 -0.0229752326 -0.0417112808 0.0137138078 0 0 0
nt@synapse_cleft 2410 0.0216252258 0.00645571979 0.0159167069 0 0 0
nt@synapse_cleft 2411 0.0157171037 -0.045546153 0.000241987715 0 0 0
nt@synapse_cleft 2412 -0.00245911039 0.0176811199 0.0142508676 0 0 0
nt@synapse_cleft 2417 -0.0140666882 0.0104208237 0.012598173 0 0 0
nt@synapse_cleft 2421 -0.00647348279 0.0236354719 0.00486573552 0 0 0
nt@synapse_cleft 2423 0.0149192025 -0.0407765259 0.00308417814 0 0 0
nt@synapse_cleft 2437 0.030146334 0.0153514959 0.00942042837 0 0 0
nt@synapse_cleft 2438 0.00386584165 -0.0404270002 0.00535792738 0 0 0
nt@synapse_cleft 2440 -0.0287733575 -0.0236192755 0.0139612317 0 0 0
nt@synapse_cleft 2448 0.0062826373 6.50931619e-05 0.0108113983 0 0 0
nt@synapse_cleft 2456 -0.0228948351 -0.00856103679 0.0152941153 0 0 0
nt@synapse_cleft 2459 -0.00288068274 0.0465142681 0.00188553686 0 0 0
nt@synapse_cleft 2462 -0.0124544305 0.0482222078 0.00457392394 0 0 0
nt@synapse_cleft 2468 -0.0542616097 -0.0160814093 0.0148095394 0 0 0
nt@synapse_cleft 2472 0.0517352945 -0.0482102071 0.019042066 0 0 0
nt@synapse_cleft 2480 -0.0105792667 -0.020574188 0.0044124931 0 0 0
nt@synapse_cleft 2481 -0.0261608597 -0.0105369014 0.00555915889 0 0 0
nt@synapse_cleft 2483 0.034428518 0.0231619307 0.0175521669 0 0 0
nt@synapse_cleft 2491 0.007824009 0.00467725797 0.0187619553 0 0 0
nt@synapse_cleft 2493 0.0219021082 -0.0448436785 0.00235972767 0 0 0
nt@synapse_cleft 2498 0.0167819987 -0.0179144655 0.00185205202 0 0 0
nt@synapse_cleft 2501 0.00203366009 0.00828697379 0.000665500542 0 0 0
nt@synapse_cleft 2502 0.0140571725 -0.0350777587 0.0179124224 0 0 0
nt@synapse_cleft 2509 -0.008356219 -0.0220986203 0.0186127818 0 0 0
nt@synapse_cleft 2510 -0.000405640868 0.00174620695 0.0118135653 0 0 0
nt@synapse_cleft 2513 0.000868042274 0.00499110818 0.00718953512 0 0 0
nt@synapse_cleft 2517 0.00140797889 -0.00574925468 0.0195618787 0 0 0
nt@synapse_cleft 2520 0.0243001704 0.017907572 0.0098066832 0 0 0
nt@synapse_cleft 2521 0.00513991225 0.0186548007 0.00686528219 0 0 0
nt@synapse_cleft 2525 0.028773535 0.0157745988 0.00712877087 0 0 0
nt@synapse_cleft 2528 -0.00978634391 -0.00147274402 0.0119732298 0 0 0
nt@synapse_cleft 2539 -0.00759221949 0.016758465 0.0159778611 0 0 0
nt@synapse_cleft 2542 0.0161320878 -0.0255999162 0.0130620553 0 0 0
nt@synapse_cleft 2549 -0.00783680592 0.0662185152 0.0133942849 0 0 0
nt@synapse_cleft 2550 0.0360435035 -0.0139800644 0.0101895478 0 0 0
nt@synapse_cleft 2555 0.0555608849 -0.0220125435 0.00120789569 0 0 0
nt@synapse_cleft 2560 -0.0321521066 0.0198947822 0.00173943334 0 0 0
nt@synapse_cleft 2561 0.0211522776 0.0508789504 0.00493103221 0 0 0
nt@synapse_cleft 2563 0.00589820149 0.0173247006 0.0109410978 0 0 0
nt@synapse_cleft 2564 -0.0214003055 0.0446593897 0.00412743168 0 0 0
nt@synapse_cleft 2566 -0.0040802337 -0.0014300235 0.00408966178 0 0 0
nt@synapse_cleft 2570 0.0136606208 0.00574253696 0.00843650175 0 0 0
nt@synapse_cleft 2571 0.0140724541 -0.0423876645 0.0061904583 0 0 0
nt@synapse_cleft 2577 0.00841881501 0.0248341846 0.0145970746 0 0 0
nt@synapse_cleft 2586 0.0452481437 -0.0100245718 0.0154687566 0 0 0
nt@synapse_cleft 2591 -0.00334488144 -0.0077527575 0.00357820661 0 0 0
nt@synapse_cleft 2593 0.0514586161 0.0557814157 0.0158369871 0 0 0
nt@synapse_cleft 2597 -0.0184127126 0.00520523116 0.00894792199 0 0 0
nt@synapse_cleft 2600 0.0132459142 0.0495370354 0.0108865382 0 0 0
nt@synapse_cleft 2603 0.0133106177 -0.0141986059 0.0168263526 0 0 0
nt@synapse_cleft 2604 0.0319568161 -0.00651775214 0.0111835703 0 0 0
nt@synapse_cleft 2610 0.0036041541 -0.0350363019 0.0034253282 0 0 0
nt@synapse_cleft 2613 -0.0368899045 -0.0256725809 0.0173960579 0 0 0
nt@synapse_cleft 2615 -0.00672258441 -0.0700391269 0.00801531897 0 0 0
nt@synapse_cleft 2617 -0.013410898 0.0213108833 0.013477663 0 0 0
nt@synapse_cleft 2623 -0.0187799737 -0.0247960667 0.000501269879 0 0 0
nt@synapse_cleft 2625 -0.0514636903 -0.022881945 0.00140179123 0 0 0
nt@synapse_cleft 2628 0.0343212653 -0.0261058581 0.0188731584 0 0 0
nt@synapse_cleft 2631 -0.00433921909 0.0281562305 0.0130869753 0 0 0
nt@synapse_cleft 2639 0.0137924991 -0.00797140134 0.00659995776 0 0 0
nt@synapse_cleft 2641 -0.0257329745 -0.020753891 0.00309354377 0 0 0
nt@synapse_cleft 2645 0.0110872569 0.0266831629 0.00105593111 0 0 0
nt@synapse_cleft 2650 0.0287959978 -0.00760789209 0.0061323097 0 0 0
nt@synapse_cleft 2652 -0.0131128465 0.00387221003 0.00837829242 0 0 0
nt@synapse_cleft 2660 -0.0114736272 -0.027424087 0.017691596 0 0 0
nt@synapse_cleft 2670 -0.0321243012 -0.00849178904 0.00702493733 0 0 0
nt@synapse_cleft 2674 -0.0177571631 0.00576159856 0.00410826702 0 0 0
nt@synapse_cleft 2675 -0.0141648096 0.00797902655 0.0101531728 0 0 0
nt@synapse_cleft 2680 -0.056242107 -0.0268831748 0.00740775661 0 0 0
nt@synapse_cleft 2681 -0.0306534686 -0.0206773346 0.0165951534 0 0 0
nt@synapse_cleft 2688 -0.0526584795 0.0559953218 0.0153278218 0 0 0
nt@synapse_cleft 2702 -9.81635306e-05 -0.012481346 0.00113789802 0 0 0
nt@synapse_cleft 2708 -0.0420876825 7.06807155e-05 0.00257338972 0 0 0
nt@synapse_cleft 2709 0.000890472689 0.00360264701 0.0188084201 0 0 0
nt@synapse_cleft 2710 -0.00640211748 -0.0218528208 0.00835233812 0 0 0
nt@synapse_cleft 2713 -0.00144402896 -0.0274172319 0.015025321 0 0 0
nt@synapse_cleft 2714 0.0430164831 0.0220249738 0.00845603288 0 0 0
nt@synapse_cleft 2720 0.0120235385 0.0150419761 0.00924726646 0 0 0
nt@synapse_cleft 2724 0.0098048994 -0.0121026044 0.0110270925 0 0 0
nt@synapse_cleft 2729 0.027899678 -0.0128784091 0.0172995803 0 0 0
nt@synapse_cleft 2734 0.0344047346 0.00404264139 0.0146249349 0 0 0
nt@synapse_cleft 2739 0.0305897632 -0.0129170753 0.0119273988 0 0 0
nt@synapse_cleft 2743 -0.0038228691 -0.0299627923 0.0165393899 0 0 0
nt@synapse_cleft 2750 0.0410719405 -0.0336285069 0.0132385563 0 0 0
nt@synapse_cleft 2752 -0.0156302357 -0.014571813 0.0143811399 0 0 0
nt@synapse_cleft 2756 0.0325899951 -0.017637665 0.00698402857 0 0 0
nt@synapse_cleft 2758 -5.09188112e-06 -0.0141051464 0.0172936863 0 0 0
nt@synapse_cleft 2766 -0.0448178927 0.0285351718 0.0180538363 0 0 0
nt@synapse_cleft 2775 0.0380878953 -0.0192299785 0.0158036505 0 0 0
nt@synapse_cleft 2785 0.00361602075 0.0236625891 0.00764146019 0 0 0
nt@synapse_cleft 2798 -0.0267297004 0.0202974382 0.0118444886 0 0 0
nt@synapse_cleft 2807 -0.0160942665 0.0232309416 0.00756973827 0 0 0
nt@synapse_cleft 2808 0.0149263452 0.0490205343 0.011260907 0 0 0
nt@synapse_cleft 2815 -0.0050922522 0.00327665174 0.0194984247 0 0 0
nt@synapse_cleft 2820 0.0147734714 0.00211935355 0.0139348611 0 0 0
nt@synapse_cleft 2828 0.0215343248 -0.0501857836 0.00285600402 0 0 0
nt@synapse_cleft 2837 -0.00806949536 0.00553846828 0.0194965471 0 0 0
nt@synapse_cleft 2848 0.010443982 0.0125160879 0.00105950002 0 0 0
nt@synapse_cleft 2854 0.0158943553 -0.00971773319 0.0015500197 0 0 0
nt@synapse_cleft 2855 -0.0219937268 -0.0254730801 0.00350097626 0 0 0
nt@synapse_cleft 2857 0.02090382 -0.0279960198 0.0155245624 0 0 0
nt@synapse_cleft 2861 -0.0256648874 -0.00483206958 0.00241198259 0 0 0
nt@synapse_cleft 2863 -0.0302403042 0.0115368805 0.00597438469 0 0 0
nt@synapse_cleft 2868 0.00557664838 0.0166050331 0.00318138152 0 0 0
nt@synapse_cleft 2871 0.00783821331 -0.0528896392 0.0187481398 0 0 0
nt@synapse_cleft 2875 0.0123199277 0.013367276 0.0192560835 0 0 0
nt@synapse_cleft 2876 -0.0206514256 0.0012947057 0.0164511906 0 0 0
nt@synapse_cleft 2880 0.0054939758 0.0127752405 0.0110668707 0 0 0
nt@synapse_cleft 2884 0.0388553117 -0.0047029048 0.0167584018 0 0 0
nt@synapse_cleft 2887 0.00110429089 -0.0213535469 0.0175656916 0 0 0
nt@synapse_cleft 2894 0.0122674233 0.0121981118 0.00171151029 0 0 0
nt@synapse_cleft 2895 0.067289812 -0.00438842266 0.0115636209 0 0 0
nt@synapse_cleft 2897 0.00140005116 -0.0360738858 0.0151450534 0 0 0
nt@synapse_cleft 2905 -0.0193872287 0.0223466684 0.0091824879 0 0 0
nt@synapse_cleft 2909 0.0358597211 -0.0108187882 0.0156705874 0 0 0
nt@synapse_cleft 2910 -0.0454561553 0.0162390385 0.0195564079 0 0 0
nt@synapse_cleft 2912 0.0149534201 -0.0131269887 0.00727119694 0 0 0
nt@synapse_cleft 2915 0.0164441072 -0.0293187746 0.0163603639 0 0 0
nt@synapse_cleft 2918 -0.0111958677 -0.0602456441 0.0118532535 0 0 0
nt@synapse_cleft 2920 0.0123485904 -0.00551501215 0.0196586815 0 0 0
nt@synapse_cleft 2921 0.000251711668 0.0454688386 0.000726468121 0 0 0
nt@synapse_cleft 2922 0.066369821 -0.0214028948 0.0163470703 0 0 0
nt@synapse_cleft 2925 -0.0122256899 0.0220382229 0.0159548026 0 0 0
nt@synapse_cleft 2928 -0.0107432697 0.0573565489 0.00107717688 0 0 0
nt@synapse_cleft 2933 -0.0140685675 -0.00857739639 0.00692134077 0 0 0
nt@synapse_cleft 2935 -0.0268815648 -0.00499312986 0.0155249568 0 0 0
nt@synapse_cleft 2940 0.00486251773 -0.0240315659 0.0022773007 0 0 0
nt@synapse_cleft 2945 -0.0244452548 -0.0146583237 0.0106834217 0 0 0
nt@synapse_cleft 2946 0.0132344908 -0.0119202928 0.0103832915 0 0 0
nt@synapse_cleft 2961 0.0773914916 -0.0300787815 0.00312136339 0 0 0
nt@synapse_cleft 2962 0.0173379123 0.0109837029 0.00718349089 0 0 0
nt@synapse_cleft 2967 -0.0166554705 -0.0508600745 0.00704920019 0 0 0
nt@synapse_cleft 2983 0.0091334936 -0.0457685366 0.000912831982 0 0 0
nt@synapse_cleft 2992 -0.0244120552 0.0213171308 0.00683360633 0 0 0
nt@synapse_cleft 2993 -0.0033053363 0.0452067738 0.000773269415 0 0 0
nt@synapse_cleft 2997 0.023871194 -0.0171928623 0.00450557006 0 0 0
nt@synapse_cleft 3006 0.0212141602 0.026258842 0.011572274 0 0 0
nt@synapse_cleft 3008 0.0203383332 0.0579989558 0.010470068 0 0 0
nt@synapse_cleft 3012 0.0251248362 -0.00391122115 0.011361478 0 0 0
nt@synapse_cleft 3019 -0.0116511252 0.00535114488 0.00918365776 0 0 0
nt@synapse_cleft 3020 -0.0199798264 -0.0160200633 0.00475754735 0 0 0
nt@synapse_cleft 3024 0.0168468039 0.0162264153 0.0135183623 0 0 0
nt@synapse_cleft 3026 -0.0132317619 0.00412477467 0.0124351203 0 0 0
nt@synapse_cleft 3042 -0.00112911819 0.0126177318 0.0103870294 0 0 0
nt@synapse_cleft 3047 0.0278748127 0.0430858403 0.00526139809 0 0 0
nt@synapse_cleft 3057 0.0134707655 -0.013801888 0.0179759868 0 0 0
nt@synapse_cleft 3061 0.00314426205 0.0307828617 7.02649519e-05 0 0 0
nt@synapse_cleft 3062 -0.00106677059 -0.0170515792 0.00797471013 0 0 0
nt@synapse_cleft 3069 0.0436800621 -0.0351650729 0.0162295647 0 0 0
nt@synapse_cleft 3073 -0.00263751484 0.0372481685 0.00496893095 0 0 0
nt@synapse_cleft 3078 -0.0253096806 -0.0153524242 0.00346730148 0 0 0
nt@synapse_cleft 3082 0.0139739587 0.0224219384 0.0191673065 0 0 0
nt@synapse_cleft 3089 -0.00321474884 -0.0108957338 0.00771267875 0 0 0
nt@synapse_cleft 3096 -0.00405367867 0.0381589238 0.00475430905 0 0 0
nt@synapse_cleft 3097 0.0386374668 0.0172434708 0.00148255136 0 0 0
nt@synapse_cleft 3099 -0.0234848318 0.0176067502 0.00606356912 0 0 0
nt@synapse_cleft 3111 -0.0120783344 -0.0100320979 0.00293162277 0 0 0
nt@synapse_cleft 3113 -0.0104587592 0.0238482663 0.0150549107 0 0 0
nt@synapse_cleft 3114 0.0234347692 0.0274724535 0.0186323327 0 0 0
nt@synapse_cleft 3122 -0.0122917616 -0.0025242002 0.00341164863 0 0 0
nt@synapse_cleft 3132 -0.0200906896 -0.00543379372 0.000316026579 0 0 0
nt@synapse_cleft 3134 0.00457370363 0.0312308103 0.0158536373 0 0 0
nt@synapse_cleft 3150 0.0279655744 -0.0723706463 0.00933116163 0 0 0
nt@synapse_cleft 3155 -0.00296554673 0.0153127524 0.0182160028 0 0 0
nt@synapse_cleft 3158 -0.0132245181 -0.00629909538 0.00221198583 0 0 0
nt@synapse_cleft 3159 -0.0227993588 0.0175704052 0.0171172313 0 0 0
nt@synapse_cleft 3165 0.0195409936 -0.00172423049 0.00760247716 0 0 0
nt@synapse_cleft 3167 0.00456004482 0.026394107 0.0161572027 0 0 0
nt@synapse_cleft 3177 0.0186798706 -0.0411432756 0.000825782081 0 0 0
nt@synapse_cleft 3178 -0.0119194245 -0.0225987412 0.000210933418 0 0 0
nt@synapse_cleft 3179 0.0182705576 -0.00631205758 0.00709036675 0 0 0
nt@synapse_cleft 3181 0.00092256308 0.0228196973 0.00488440826 0 0 0
nt@synapse_cleft 3182 -0.00508303397 -0.00972386963 0.0173042364 0 0 0
nt@synapse_cleft 3183 9.30271609e-05 -0.0236006702 0.0163123737 0 0 0
nt@synapse_cleft 3184 0.00567005656 0.0203551065 0.000672849964 0 0 0
nt@synapse_cleft 3185 -0.0046163791 -0.0132572102 0.000892488905 0 0 0
nt@synapse_cleft 3187 -0.0243186722 0.00829717459 0.01738769 0 0 0
nt@synapse_cleft 3190 0.0211716759 0.00235963424 0.00551661739 0 0 0
nt@synapse_cleft 3199 -0.0026368146 0.0473668911 0.0114765786 0 0 0
nt@synapse_cleft 3202 0.00642648664 0.0349609376 0.0118166097 0 0 0
nt@synapse_cleft 3207 -0.0120451252 -0.00697632149 0.00879721597 0 0 0
nt@synapse_cleft 3211 0.0201531358 0.0097069616 0.00316774925 0 0 0
nt@synapse_cleft 3214 -0.00362245132 -0.000826644402 0.0115329185 0 0 0
nt@synapse_cleft 3220 0.0052764722 0.0183468158 0.0069328999 0 0 0
nt@synapse_cleft 3222 -0.0474192267 -0.0157738558 0.00674325331 0 0 0
nt@synapse_cleft 3227 0.00120699738 0.0114822905 0.00864364659 0 0 0
nt@synapse_cleft 3230 -0.0678970163 -0.0217979917 0.00473776186 0 0 0
nt@synapse_cleft 3247 0.00659584596 -0.00905467461 0.0189216584 0 0 0
nt@synapse_cleft 3248 -0.0222866653 -0.0297978325 0.0196094675 0 0 0
nt@synapse_cleft 3249 -0.0145104501 0.00940951417 0.00206503312 0 0 0
nt@synapse_cleft 3275 -0.00394719843 -0.00885387963 0.00941392703 0 0 0
nt@synapse_cleft 3304 0.0235590135 0.0719490972 0.0122998945 0 0 0
nt@synapse_cleft 3308 -0.0224311767 0.0342968576 0.00618728085 0 0 0
nt@synapse_cleft 3312 0.00288242321 -0.00340926244 5.62747929e-05 0 0 0
nt@synapse_cleft 3313 -0.00416468753 -0.0146267478 0.0173046996 0 0 0
nt@synapse_cleft 3316 0.0205636987 0.000427174982 0.00826774766 0 0 0
nt@synapse_cleft 3324 -0.0115460842 -0.00493182435 0.00364517026 0 0 0
nt@synapse_cleft 3326 0.0113102524 -0.0139716437 0.00273991196 0 0 0
nt@synapse_cleft 3327 -0.00203433755 -0.0343123196 0.0121593947 0 0 0
nt@synapse_cleft 3334 0.0222301314 -0.00418837345 0.00885056594 0 0 0
nt@synapse_cleft 3335 0.03806033 0.00308577668 0.0109159682 0 0 0
nt@synapse_cleft 3338 0.0114297622 -0.0349670736 0.0108123084 0 0 0
nt@synapse_cleft 3341 0.0229748297 0.00420022606 0.00318307286 0 0 0
nt@synapse_cleft 3342 0.0105709081 -0.0107601429 0.0176193774 0 0 0
nt@synapse_cleft 3347 0.0211479068 -0.0397205059 0.00332318396 0 0 0
nt@synapse_cleft 3354 -0.013174479 -0.0196134364 0.00749053448 0 0 0
nt@synapse_cleft 3367 0.00566072419 0.017827159 0.0184308022 0 0 0
nt@synapse_cleft 3372 -0.0487572001 -0.0188946388 0.0183315586 0 0 0
nt@synapse_cleft 3375 0.0452993141 0.025745072 0.0114021953 0 0 0
nt@synapse_cleft 3378 0.0139730942 0.0384620321 0.0032829558 0 0 0
nt@synapse_cleft 3394 -0.00877891848 -0.0111088067 0.0111138147 0 0 0
nt@synapse_cleft 3401 0.0380312885 -0.00887783805 0.0180804878 0 0 0
nt@synapse_cleft 3402 -0.00378713944 -0.0157983127 0.00308768338 0 0 0
nt@synapse_cleft 3404 0.019077838 -0.0212357555 0.00100819783 0 0 0
nt@synapse_cleft 3405 0.0243615921 0.0326999736 0.0130106499 0 0 0
nt@synapse_cleft 3407 0.0135897598 0.048824476 0.00260725206 0 0 0
nt@synapse_cleft 3413 0.0239627553 0.0174665925 0.00468226893 0 0 0
nt@synapse_cleft 3415 -0.0181166877 0.0181337661 0.0141723347 0 0 0
nt@synapse_cleft 3419 -0.025057108 0.0232693997 0.00214443279 0 0 0
nt@synapse_cleft 3429 0.0366988314 -0.0188694441 0.0191166415 0 0 0
nt@synapse_cleft 3432 0.049993726 -0.0674845067 0.00111468142 0 0 0
nt@synapse_cleft 3445 0.00904588594 0.0191767293 0.0190285601 0 0 0
nt@synapse_cleft 3451 0.019739702 0.0136812462 0.000729577695 0 0 0
nt@synapse_cleft 3455 -8.5736645e-05 -0.00419054037 0.00848903633 0 0 0
nt@synapse_cleft 3467 -0.0672009396 0.00835694304 0.00602534593 0 0 0
nt@synapse_cleft 3470 0.0223633577 -0.01681033 0.0176031781 0 0 0
nt@synapse_cleft 3472 -0.0218531855 0.0166271215 0.0191818408 0 0 0
nt@synapse_cleft 3474 0.0322402823 0.000608693959 0.00100516509 0 0 0
nt@synapse_cleft 3482 -0.0697425224 -0.0503333953 0.0189266579 0 0 0
nt@synapse_cleft 3484 -0.00759619153 0.0170956148 0.0153115827 0 0 0
nt@synapse_cleft 3496 0.0015212737 -0.00666154222 0.0190716574 0 0 0
nt@synapse_cleft 3500 0.01785973 -0.0305421094 0.019311939 0 0 0
nt@synapse_cleft 3507 -0.0138498569 -0.00605408813 0.0175612084 0 0 0
nt@synapse_cleft 3511 0.0242377419 -0.0235834899 0.0106508218 0 0 0
nt@synapse_cleft 3514 -0.00366492447 -0.0162284129 0.00922779184 0 0 0
nt@synapse_cleft 3519 0.0407863517 -0.037124484 0.0149050072 0 0 0
nt@synapse_cleft 3525 -0.0105760079 -0.0158527811 0.00743266948 0 0 0
nt@synapse_cleft 3526 0.0154684885 -0.0476006405 0.00245146617 0 0 0
nt@synapse_cleft 3535 0.00243299617 -0.00339111186 0.000684695218 0 0 0
nt@synapse_cleft 3536 -0.00318996219 0.00953753127 0.0147700616 0 0 0
nt@synapse_cleft 3538 -0.0207286468 0.0133536775 0.00163381772 0 0 0
nt@synapse_cleft 3542 0.002014677 0.0406036678 0.00138118432 0 0 0
nt@synapse_cleft 3543 -0.0197760817 -0.0118191483 0.00169663129 0 0 0
nt@synapse_cleft 3546 0.00464189714 0.0152630874 0.0102464348 0 0 0
nt@synapse_cleft 3561 -0.0171160607 0.0125429014 0.00616685929 0 0 0
nt@synapse_cleft 3562 -0.0633567096 -0.00591523213 0.00308979716 0 0 0
nt@synapse_cleft 3563 0.0113007284 -0.0087368448 0.0183333286 0 0 0
nt@synapse_cleft 3565 0.0272595315 -0.030705117 0.00664962168 0 0 0
nt@synapse_cleft 3566 -0.0052491727 0.0513375112 0.00228778491 0 0 0
nt@synapse_cleft 3567 0.00668162484 0.00321327986 0.0119303095 0 0 0
nt@synapse_cleft 3568 0.0287749493 -0.0342547458 0.0134987199 0 0 0
nt@synapse_cleft 3569 0.0245504569 -0.0145726708 0.00927171757 0 0 0
nt@synapse_cleft 3575 -0.0100859479 0.0081522155 0.00245067033 0 0 0
nt@synapse_cleft 3576 0.0440942109 -0.00681633265 0.0106954055 0 0 0
nt@synapse_cleft 3579 -0.00495953003 -0.0196698721 0.00540098168 0 0 0
nt@synapse_cleft 3583 -0.0109315045 0.00711975874 0.00894204187 0 0 0
nt@synapse_cleft 3592 0.0407449031 0.0321069958 0.0184207981 0 0 0
nt@synapse_cleft 3597 0.0168290013 -0.0459573741 0.0190982595 0 0 0
nt@synapse_cleft 3602 -0.0385331971 -0.00744509291 0.00820082565 0 0 0
nt@synapse_cleft 3603 -0.0127314376 0.0282721994 0.0140024967 0 0 0
nt@synapse_cleft 3606 -0.0184157317 0.00289096715 0.00786988061 0 0 0
nt@synapse_cleft 3610 0.000516963417 0.00903245679 6.06947612e-05 0 0 0
nt@synapse_cleft 3611 0.0184722458 -0.00759487247 0.0128161171 0 0 0
nt@synapse_cleft 3616 -0.0240019812 0.0380966134 0.016303132 0 0 0
nt@synapse_cleft 3617 0.00378217129 -0.0552833991 0.0131447821 0 0 0
nt@synapse_cleft 3620 0.0104252029 0.0216557491 0.0179467638 0 0 0
nt@synapse_cleft 3625 0.0295243762 0.00369699387 0.0115619089 0 0 0
nt@synapse_cleft 3630 0.0208005078 0.0199171443 0.0146697238 0 0 0
nt@synapse_cleft 3635 -0.0125615172 0.0106830148 0.00392088195 0 0 0
nt@synapse_cleft 3636 -0.0294582783 -0.0041843045 0.0164110849 0 0 0
nt@synapse_cleft 3637 0.0348939174 0.0223215615 0.00323248179 0 0 0
nt@synapse_cleft 3640 -0.0150690762 0.00270064062 0.0138340318 0 0 0
nt@synapse_cleft 3645 -0.00138385919 -0.0192329589 0.0050841088 0 0 0
nt@synapse_cleft 3656 0.0222563409 -0.00983998491 0.00620252647 0 0 0
nt@synapse_cleft 3658 0.0171160344 -0.0228600709 0.0124127662 0 0 0
nt@synapse_cleft 3661 0.0285818241 0.00695648472 0.017735654 0 0 0
nt@synapse_cleft 3664 0.0442946575 -0.0241308459 0.00879163496 0 0 0
nt@synapse_cleft 3667 -0.0232463118 0.00845348292 0.00983699146 0 0 0
nt@synapse_cleft 3670 0.0256107356 -0.0274861978 0.0168391892 0 0 0
nt@synapse_cleft 3681 0.0390920844 -0.0133121788 0.0119647935 0 0 0
nt@synapse_cleft 3689 -0.00221656347 -0.01515434 0.019876388 0 0 0
nt@synapse_cleft 3690 0.01900014 -0.0198488053 0.0195648407 0 0 0
nt@synapse_cleft 3693 -0.0589757701 -0.0400641867 0.00870281406 0 0 0
nt@synapse_cleft 3706 0.02914643 -0.00223252955 0.0178548834 0 0 0
nt@synapse_cleft 3707 -0.0447183635 -0.00749585898 0.0150452148 0 0 0
nt@synapse_cleft 3713 0.0313800111 -0.0243812539 0.0120218575 0 0 0
nt@synapse_cleft 3714 -0.0598058565 -0.00809237192 0.00840032705 0 0 0
nt@synapse_cleft 3726 0.00361237186 -0.0613085326 0.00701117508 0 0 0
nt@synapse_cleft 3728 0.00116987222 0.0236301031 0.00422589901 0 0 0
nt@synapse_cleft 3730 0.0201987194 0.0288216789 0.019485317 0 0 0
nt@synapse_cleft 3731 -0.000863945831 0.00270842023 0.0157760724 0 0 0
nt@synapse_cleft 3737 0.004128663 0.0218133569 0.0161512322 0 0 0
nt@synapse_cleft 3738 0.00112483881 0.0255841673 0.0165083183 0 0 0
nt@synapse_cleft 3739 0.00789209923 0.0511994165 0.0114810851 0 0 0
nt@synapse_cleft 3745 -0.00254262056 0.015865616 0.00639818522 0 0 0
nt@synapse_cleft 3751 0.00926239849 -0.00304790507 0.0104381774 0 0 0
nt@synapse_cleft 3758 -0.023237381 -0.0355775627 0.00330492737 0 0 0
nt@synapse_cleft 3759 -0.00670091472 -0.0238769588 0.00687099638 0 0 0
nt@synapse_cleft 3760 -0.0192605029 0.0374855001 0.00525163067 0 0 0
nt@synapse_cleft 3763 0.0490403777 0.0382146819 0.00639225483 0 0 0
nt@synapse_cleft 3768 0.0107137942 -0.0247170773 0.0168865189 0 0 0
nt@synapse_cleft 3770 0.00879406111 0.00793435831 0.0176537759 0 0 0
nt@synapse_cleft 3771 0.0152297836 -3.35569881e-05 0.0175685398 0 0 0
nt@synapse_cleft 3775 0.00474687646 0.00396870715 0.0169789749 0 0 0
nt@synapse_cleft 3783 -0.0188406379 -0.0127327858 0.0187739557 0 0 0
nt@synapse_cleft 3788 -0.0260792439 -0.010022346 0.00436079013 0 0 0
nt@synapse_cleft 3793 -0.0174954776 -0.0197793157 0.00291030423 0 0 0
nt@synapse_cleft 3800 0.0355943953 -0.000704173531 0.0118887946 0 0 0
nt@synapse_cleft 3802 0.0307944246 0.0165904909 0.00731952088 0 0 0
nt@synapse_cleft 3811 -0.0302905884 -0.0010127661 0.0178882268 0 0 0
nt@synapse_cleft 3827 0.0061918004 0.0322413366 0.00339901449 0 0 0
nt@synapse_cleft 3831 0.00457184931 -0.038702589 0.00233773671 0 0 0
nt@synapse_cleft 3834 0.0417178617 -0.0230653468 0.0143683065 0 0 0
nt@synapse_cleft 3835 0.0186437704 -0.0361524461 0.014108152 0 0 0
nt@synapse_cleft 3841 0.0150882065 -0.023458234 0.0112915785 0 0 0
nt@synapse_cleft 3844 -0.00842437329 -0.0102792919 0.00158379083 0 0 0
nt@synapse_cleft 3846 -0.0232883196 0.0124460053 0.00562723558 0 0 0
nt@synapse_cleft 3848 0.0250766417 0.018629485 0.0155506095 0 0 0
nt@synapse_cleft 3850 -0.03218184 0.00689305375 0.011339235 0 0 0
nt@synapse_cleft 3859 0.0480150546 -0.000139147935 0.0143767707 0 0 0
nt@synapse_cleft 3879 0.0191533707 -0.0330877741 0.00211090114 0 0 0
nt@synapse_cleft 3886 0.0188291357 0.0378996383 0.0142740938 0 0 0
nt@synapse_cleft 3891 -0.00108616102 -0.0166469161 0.00821734635 0 0 0
nt@synapse_cleft 3902 -0.0110173075 0.00024767892 0.01304229 0 0 0
nt@synapse_cleft 3907 -0.0230764699 -0.0171426039 0.000423598408 0 0 0
nt@synapse_cleft 3909 0.00735665661 0.0403698184 0.0107931041 0 0 0
nt@synapse_cleft 3917 -0.00616195154 -0.0229960219 0.00694912587 0 0 0
nt@synapse_cleft 3918 -0.00430389976 -0.0114371795 0.00756403813 0 0 0
nt@synapse_cleft 3921 0.0183288565 0.0373922319 0.0132547171 0 0 0
nt@synapse_cleft 3927 0.00839184272 0.0309031242 0.00749207574 0 0 0
nt@synapse_cleft 3932 0.0151570489 -0.012335765 0.00870031163 0 0 0
nt@synapse_cleft 3940 -0.00227586159 -0.0273979443 0.00823819603 0 0 0
nt@synapse_cleft 3941 -0.0192351721 0.0145536322 0.00301845307 0 0 0
nt@synapse_cleft 3949 -0.0213767106 0.00350042222 0.00347843053 0 0 0
nt@synapse_cleft 3952 -0.020512681 0.0140970436 0.00721865835 0 0 0
nt@synapse_cleft 3953 0.0112459044 -0.0176523916 0.00212877256 0 0 0
nt@synapse_cleft 3956 -0.0172800571 -0.0192506871 0.0158145183 0 0 0
nt@synapse_cleft 3957 0.0358415872 0.00037760729 0.0154134337 0 0 0
nt@synapse_cleft 3958 0.0186934812 0.0106884867 0.0112181818 0 0 0
nt@synapse_cleft 3962 -0.0277741478 0.0171089804 0.00821749234 0 0 0
nt@synapse_cleft 3963 0.0159572595 0.0399002346 0.0183968708 0 0 0
nt@synapse_cleft 3965 -0.0313184743 -0.00128199743 0.0146694335 0 0 0
nt@synapse_cleft 3967 0.0114568606 -0.0188506978 0.00319078722 0 0 0
nt@synapse_cleft 3968 0.0138221595 -0.0105879577 0.0196971827 0 0 0
nt@synapse_cleft 3969 0.00185199611 -0.0251670429 0.00530829078 0 0 0
nt@synapse_cleft 3973 0.0202940371 -0.00816208104 0.0174041061 0 0 0
nt@synapse_cleft 3974 -0.0323401151 0.0426599029 0.00488034107 0 0 0
nt@synapse_cleft 3977 0.00366509542 0.0275268305 0.00220051448 0 0 0
nt@synapse_cleft 3978 0.0137127863 0.00120652052 0.0132511253 0 0 0
nt@synapse_cleft 3983 -0.0224097937 -0.0370725823 0.00443388563 0 0 0
nt@synapse_cleft 3988 -0.0054898382 -0.0245189263 0.0151694635 0 0 0
nt@synapse_cleft 3989 0.0502178736 -0.00674637692 0.0123151829 0 0 0
nt@synapse_cleft 3991 0.0749576093 -0.0285852276 0.00175634152 0 0 0
nt@synapse_cleft 3993 -0.0432778296 0.00449332878 0.0169718916 0 0 0
nt@synapse_cleft 3997 -0.0584584084 -0.00236514347 0.0182225045 0 0 0
nt@synapse_cleft 3999 -0.0483262279 -0.00499555453 0.0178216891 0 0 0
nt@synapse_cleft 4009 0.000121988896 -0.0202133117 0.00705452654 0 0 0
nt@synapse_cleft 4011 0.0159382989 0.00948013942 0.00181312941 0 0 0
nt@synapse_cleft 4016 0.00202138378 0.0529102516 0.00489350875 0 0 0
nt@synapse_cleft 4018 0.0109947662 0.00876623542 0.0085563125 0 0 0
nt@synapse_cleft 4024 -0.0109071757 0.0393337124 0.00344990152 0 0 0
nt@synapse_cleft 4025 -0.0354711699 -0.00567996352 0.00197739478 0 0 0
nt@synapse_cleft 4027 0.00646157694 -0.0202478376 0.000809097171 0 0 0
nt@synapse_cleft 4028 -0.0236529921 0.0274857564 0.0121519412 0 0 0
nt@synapse_cleft 4037 -0.0246147581 0.0273809318 0.0125887898 0 0 0
nt@synapse_cleft 4040 0.0128211376 0.0175808261 0.0173488164 0 0 0
nt@synapse_cleft 4047 -0.00752867966 0.0143244662 0.0120302864 0 0 0
nt@synapse_cleft 4049 0.025242083 0.00128277102 0.0198819796 0 0 0
nt@synapse_cleft 4051 0.0158280961 0.0185170583 0.0146483817 0 0 0
nt@synapse_cleft 4064 0.00958289935 0.0102283995 0.00652225134 0 0 0
nt@synapse_cleft 4070 -0.0104659026 0.0141226651 0.0092974501 0 0 0
nt@synapse_cleft 4071 -0.0351481253 -0.0325576049 0.0196366251 0 0 0
nt@synapse_cleft 4087 -0.00445945048 0.035597701 0.00747538374 0 0 0
nt@synapse_cleft 4094 0.0373751995 -0.030508845 0.00474532712 0 0 0
nt@synapse_cleft 4095 0.0268030157 0.0158527791 0.0133393758 0 0 0
nt@synapse_cleft 4099 -0.0135515298 0.0250249509 0.000113389014 0 0 0
nt@synapse_cleft 4102 0.0314100409 -0.0287780186 0.0142662928 0 0 0
nt@synapse_cleft 4103 -0.00967349435 -0.00584783345 0.00405662387 0 0 0
nt@synapse_cleft 4106 0.0200319011 0.0118602764 0.00484055078 0 0 0
nt@synapse_cleft 4110 -0.0285558775 0.0254438797 0.00564474745 0 0 0
nt@synapse_cleft 4111 0.0517316339 0.0118115724 0.0014963908 0 0 0
nt@synapse_cleft 4115 -0.00273113048 0.0208987987 0.0127399082 0 0 0
nt@synapse_cleft 4116 0.01387077 -0.00251983301 0.00734819251 0 0 0
nt@synapse_cleft 4119 0.0190527099 -0.026771473 0.0195451003 0 0 0
nt@synapse_cleft 4123 -0.00176420034 0.0171020103 0.01383269 0 0 0
nt@synapse_cleft 4126 0.0172749304 -0.0228055261 0.0133229035 0 0 0
nt@synapse_cleft 4129 -0.0171510445 0.00552156492 0.0123418503 0 0 0
nt@synapse_cleft 4131 -0.0269606408 0.0233200342 0.0145678284 0 0 0
nt@synapse_cleft 4132 0.0247470854 0.0201555253 0.0174816929 0 0 0
nt@synapse_cleft 4135 0.00575105214 -0.0156058492 0.00128511422 0 0 0
nt@synapse_cleft 4144 0.016980902 -0.0125369707 0.00355957198 0 0 0
nt@synapse_cleft 4150 -0.0438708072 -0.0582575109 0.00706569387 0 0 0
nt@synapse_cleft 4153 0.00364725927 -0.0143567623 0.00550839789 0 0 0
nt@synapse_cleft 4155 0.0117117713 -0.0529171192 0.0195043602 0 0 0
nt@synapse_cleft 4156 0.0314843872 0.00500548584 0.0119871529 0 0 0
nt@synapse_cleft 4157 0.0173363443 0.0127267839 0.0143636507 0 0 0
nt@synapse_cleft 4158 0.002840466 -0.00110529343 0.0136398349 0 0 0
nt@synapse_cleft 4162 0.0276877641 -0.0214193675 0.00783604614 0 0 0
nt@synapse_cleft 4163 -0.00903790302 0.0334940932 0.000595556374 0 0 0
nt@synapse_cleft 4170 -0.0540557819 0.00164927424 0.00995907014 0 0 0
nt@synapse_cleft 4177 -0.0434551683 0.0649597702 0.00875206583 0 0 0
nt@synapse_cleft 4178 -0.0140012686 -0.0419247411 0.0120541818 0 0 0
nt@synapse_cleft 4184 0.000639102982 -0.0134451237 0.00464321066 0 0 0
nt@synapse_cleft 4187 -0.0288765838 -0.0099115202 0.0176352332 0 0 0
nt@synapse_cleft 4193 -0.00691229952 -0.0370861088 0.0155254357 0 0 0
nt@synapse_cleft 4196 -0.018469784 0.00655018799 0.00310574385 0 0 0
nt@synapse_cleft 4210 0.0140579347 0.000109069853 0.0153022687 0 0 0
nt@synapse_cleft 4214 -0.0363923439 0.00527672377 0.0173680451 0 0 0
nt@synapse_cleft 4215 0.021007167 -0.051573559 0.00339686853 0 0 0
nt@synapse_cleft 4220 -0.000228422802 -0.020063772 0.0169566712 0 0 0
nt@synapse_cleft 4228 0.0345533541 -0.00829250599 0.00646779292 0 0 0
nt@synapse_cleft 4229 -0.0189637803 -0.0149697335 0.0197268621 0 0 0
nt@synapse_cleft 4230 -0.018072815 0.0378214723 0.00653466839 0 0 0
nt@synapse_cleft 4233 0.021129317 0.0198349735 0.0139880141 0 0 0
nt@synapse_cleft 4234 -0.00360579927 -0.0156556832 0.00398634883 0 0 0
nt@synapse_cleft 4236 0.0012462808 0.0144619005 0.0149089341 0 0 0
nt@synapse_cleft 4237 0.0036296916 -0.0176977328 0.0171098719 0 0 0
nt@synapse_cleft 4238 -0.01790398 -0.0233217128 0.00326780903 0 0 0
nt@synapse_cleft 4241 -0.0471629173 0.0115180635 0.00667057794 0 0 0
nt@synapse_cleft 4242 0.0190650386 -0.0138921209 0.0193175582 0 0 0
nt@synapse_cleft 4243 0.0196865989 -0.00474513197 0.0110904439 0 0 0
nt@synapse_cleft 4252 0.0453841054 -0.00869281843 0.0118525621 0 0 0
nt@synapse_cleft 4254 -0.00993129972 0.03661907 0.00764179348 0 0 0
nt@synapse_cleft 4255 -0.0287770321 -0.0382998447 0.0183090811 0 0 0
nt@synapse_cleft 4271 0.0112072179 -0.0126508879 0.0149328287 0 0 0
nt@synapse_cleft 4272 -0.0104151172 0.0308771273 0.0109206342 0 0 0
nt@synapse_cleft 4279 0.0125404418 -0.0327649592 0.0197326984 0 0 0
nt@synapse_cleft 4283 -0.0193844973 -0.00558568022 0.00506160504 0 0 0
nt@synapse_cleft 4284 0.0416508218 -0.0183297463 0.0076902725 0 0 0
nt@synapse_cleft 4285 -0.030682935 0.0493895332 0.00780660709 0 0 0
nt@synapse_cleft 4288 0.0165554962 -0.0246764576 0.019414556 0 0 0
nt@synapse_cleft 4293 -8.92421945e-05 -0.0212057868 0.0132794689 0 0 0
nt@synapse_cleft 4297 0.038178243 -0.0193766606 0.00353348375 0 0 0
nt@synapse_cleft 4301 0.00632889733 -0.00518130307 0.00180482218 0 0 0
nt@synapse_cleft 4312 -0.0208501247 -0.0258964701 0.0117069832 0 0 0
nt@synapse_cleft 4317 -0.0125627691 0.035781343 0.00904318029 0 0 0
nt@synapse_cleft 4326 0.02363576 -0.00777378284 0.0133859564 0 0 0
nt@synapse_cleft 4330 -0.019772702 0.0084325505 0.01429824 0 0 0
nt@synapse_cleft 4334 0.0075921513 0.00105751059 0.00168302117 0 0 0
nt@synapse_cleft 4339 -0.00185406041 -0.0109094566 0.00931653299 0 0 0
nt@synapse_cleft 4343 -0.0189661488 -0.040244062 0.0115802155 0 0 0
nt@synapse_cleft 4346 0.000285569349 -0.0073141284 0.0153640839 0 0 0
nt@synapse_cleft 4351 0.0439847219 0.00741661297 0.00493291097 0 0 0
nt@synapse_cleft 4359 0.0239755771 0.0175272141 0.00357163163 0 0 0
nt@synapse_cleft 4360 0.0211875568 0.00682181645 0.0165530615 0 0 0
nt@synapse_cleft 4363 -0.0364498863 0.0118309268 0.0115166203 0 0 0
nt@synapse_cleft 4365 0.0171215833 0.0178174991 0.0090244994 0 0 0
nt@synapse_cleft 4372 -0.00238313739 -0.0221402498 0.00532516538 0 0 0
nt@synapse_cleft 4374 -0.0161896186 -0.00757123715 0.0141491373 0 0 0
nt@synapse_cleft 4376 -0.0207125449 -0.00431775489 0.00327063816 0 0 0
nt@synapse_cleft 4381 -0.0156405679 -0.039622601 0.00758989459 0 0 0
nt@synapse_cleft 4386 -0.0237590157 -0.0326719749 0.00159718669 0 0 0
nt@synapse_cleft 4391 0.0193059929 -0.0306306256 0.0106425482 0 0 0
nt@synapse_cleft 4392 -0.012996711 -0.00112266289 9.67373216e-05 0 0 0
nt@synapse_cleft 4394 0.0102513927 -0.00440710851 0.000885294999 0 0 0
nt@synapse_cleft 4395 0.0289764542 -0.0342294028 0.0168081252 0 0 0
nt@synapse_cleft 4396 0.0119223151 -0.0468873219 0.00611810802 0 0 0
nt@synapse_cleft 4398 -0.0125639782 0.0110703934 0.0174824221 0 0 0
nt@synapse_cleft 4399 0.0276027395 0.0322252397 0.0144988114 0 0 0
nt@synapse_cleft 4403 -0.0218300706 -0.0150237124 0.0149642136 0 0 0
nt@synapse_cleft 4405 -0.0303115345 -0.0212308935 0.0102026127 0 0 0
nt@synapse_cleft 4414 0.00285610198 -0.0225696711 0.000419262782 0 0 0
nt@synapse_cleft 4416 -0.00946436869 -0.0017869547 0.0196430748 0 0 0
nt@synapse_cleft 4423 0.0316642392 -0.0148241718 0.0161743052 0 0 0
nt@synapse_cleft 4424 -0.0287605793 -0.0121963628 0.0012715115 0 0 0
nt@synapse_cleft 4426 0.0119710104 -0.0155959715 0.0162245579 0 0 0
nt@synapse_cleft 4430 -0.0111203978 0.00385101644 0.00149512493 0 0 0
nt@synapse_cleft 4431 0.0141390349 -0.0216099553 0.00602193427 0 0 0
nt@synapse_cleft 4434 0.0243122574 -0.030073486 0.0194682863 0 0 0
nt@synapse_cleft 4436 0.0228099916 0.0211205295 0.0125481137 0 0 0
nt@synapse_cleft 4446 0.00866497024 0.0408527526 0.0184840056 0 0 0
nt@synapse_cleft 4449 0.0265732133 0.0466781782 0.0181368491 0 0 0
nt@synapse_cleft 4453 -0.0360886137 0.0228808685 0.0115303704 0 0 0
nt@synapse_cleft 4464 0.00294019427 -0.0284410959 0.0119715655 0 0 0
nt@synapse_cleft 4470 -0.00706217672 -0.0271051758 0.0181000241 0 0 0
nt@synapse_cleft 4473 -0.00372284097 -0.0128097815 0.00482854004 0 0 0
nt@synapse_cleft 4478 -0.0159973259 0.0281086256 0.0179179061 0 0 0
nt@synapse_cleft 4480 0.0109861075 0.0335621442 0.0158541718 0 0 0
nt@synapse_cleft 4482 -0.0224046723 -0.00137513894 0.00589178662 0 0 0
nt@synapse_cleft 4485 0.0192217993 -0.0097068351 0.000814475246 0 0 0
nt@synapse_cleft 4488 0.0244796374 0.00183831495 0.0153597831 0 0 0
nt@synapse_cleft 4489 0.0136439012 -0.00507827724 0.00947542975 0 0 0
nt@synapse_cleft 4496 -0.054065434 0.0371776261 0.0123732601 0 0 0
nt@synapse_cleft 4499 -0.00904840708 0.00813606693 0.0187302493 0 0 0
nt@synapse_cleft 4501 0.0083738126 0.00395302111 0.017983586 0 0 0
nt@synapse_cleft 4514 0.00133336948 0.0157932514 0.00804240771 0 0 0
nt@synapse_cleft 4517 -0.0390433655 0.0293585372 0.00305254383 0 0 0
nt@synapse_cleft 4524 -0.000596443349 -0.0368732902 0.0179712889 0 0 0
nt@synapse_cleft 4527 0.0305871894 -0.0222325999 0.0116691418 0 0 0
nt@synapse_cleft 4538 -0.0289585834 -0.0326913449 0.012040933 0 0 0
nt@synapse_cleft 4540 0.0253161586 -0.0105523104 0.0107443547 0 0 0
nt@synapse_cleft 4542 0.0116966251 0.027343814 0.000638478221 0 0 0
nt@synapse_cleft 4545 -0.0227314733 0.0228662411 0.0150592038 0 0 0
nt@synapse_cleft 4551 -0.0142500481 0.0250592569 0.0196930686 0 0 0
nt@synapse_cleft 4553 -0.0296291074 0.0072498828 0.00811508907 0 0 0
nt@synapse_cleft 4559 -0.0137856173 0.0337033926 0.0139553979 0 0 0
nt@synapse_cleft 4565 -0.0369773743 -0.0145090994 0.0144098484 0 0 0
nt@synapse_cleft 4572 0.00225146708 -0.000725333756 0.00730008066 0 0 0
nt@synapse_cleft 4574 0.0336248367 -0.0177108572 0.00216527539 0 0 0
nt@synapse_cleft 4576 -0.0426022768 -0.0278635062 0.0103515702 0 0 0
nt@synapse_cleft 4583 -0.0103503294 -0.00447692918 0.00771788417 0 0 0
nt@synapse_cleft 4587 0.0218861551 -0.00122570834 0.0138965317 0 0 0
nt@synapse_cleft 4590 -0.0418178167 -0.0234815767 0.0114590196 0 0 0
nt@synapse_cleft 4593 -0.0420183999 0.0489801706 0.0174018272 0 0 0
nt@synapse_cleft 4594 0.00112256171 0.00344333277 0.00635713394 0 0 0
nt@synapse_cleft 4595 0.0363912287 -0.0317979085 0.0131905381 0 0 0
nt@synapse_cleft 4600 -0.036387136 0.00690528206 0.00429384964 0 0 0
nt@synapse_cleft 4613 0.0558482644 -0.00445210745 0.000272602055 0 0 0
nt@synapse_cleft 4620 0.0108444521 -0.010338244 0.0113026464 0 0 0
nt@synapse_cleft 4622 0.0537661178 0.0490341683 0.0056464051 0 0 0
nt@synapse_cleft 4624 0.0167035544 -0.020208521 0.0164273892 0 0 0
nt@synapse_cleft 4626 0.024826353 0.00326998688 0.0191387547 0 0 0
nt@synapse_cleft 4628 0.0032323619 0.0126050823 0.00885652494 0 0 0
nt@synapse_cleft 4654 0.0134072782 -0.0337297452 0.0131915882 0 0 0
nt@synapse_cleft 4658 -0.0303192687 0.0298012036 0.00866549473 0 0 0
nt@synapse_cleft 4659 -0.0488426897 0.0205786714 0.0157451513 0 0 0
nt@synapse_cleft 4660 0.0311735489 -0.0317724356 0.00488782171 0 0 0
nt@synapse_cleft 4661 0.013744033 -0.0375902443 0.00397827302 0 0 0
nt@synapse_cleft 4664 0.00987579732 -0.0070766259 0.000116691737 0 0 0
nt@synapse_cleft 4666 0.0619881758 0.0228775141 0.0166252862 0 0 0
nt@synapse_cleft 4671 -0.00136835185 -0.0139594106 0.0047837074 0 0 0
nt@synapse_cleft 4681 0.00885422983 -0.0227477104 0.011158243 0 0 0
nt@synapse_cleft 4687 0.00785367527 -0.00576382831 0.0156643489 0 0 0
nt@synapse_cleft 4699 -0.033669883 0.015087662 0.00425083206 0 0 0
nt@synapse_cleft 4700 -0.035536864 0.0571441949 0.0158373519 0 0 0
nt@synapse_cleft 4701 0.0227938488 0.0172190469 0.0172517356 0 0 0
nt@synapse_cleft 4706 0.00954959516 -0.00874115516 0.0035281774 0 0 0
nt@synapse_cleft 4709 -0.0112984319 0.00590577938 0.00219998213 0 0 0
nt@synapse_cleft 4710 -0.0207530535 -0.044898714 0.00105336566 0 0 0
nt@synapse_cleft 4718 0.0489594899 0.0112640698 0.0105725348 0 0 0
nt@synapse_cleft 4732 -0.0145301507 0.020939359 0.0183061447 0 0 0
nt@synapse_cleft 4736 0.00549439139 -0.0008724435 0.00331471888 0 0 0
nt@synapse_cleft 4746 -0.0462933548 -0.00811854845 0.00827432873 0 0 0
nt@synapse_cleft 4750 0.013551648 -0.0641789173 0.00635728851 0 0 0
nt@synapse_cleft 4753 -0.0132174015 -0.000335548681 0.011031253 0 0 0
nt@synapse_cleft 4754 -0.00919563357 0.00753479103 0.00944365856 0 0 0
nt@synapse_cleft 4756 -0.0141526555 0.0146997856 0.0122919713 0 0 0
nt@synapse_cleft 4758 -0.0392058962 0.0199061672 0.0148279303 0 0 0
nt@synapse_cleft 4764 0.011606195 -0.0150873912 0.00638495105 0 0 0
nt@synapse_cleft 4767 -0.00163171764 0.0196529249 0.000485778012 0 0 0
nt@synapse_cleft 4779 0.0277333532 -0.0361102156 0.00562906317 0 0 0
nt@synapse_cleft 4784 0.0214096241 0.00594839508 0.0151408541 0 0 0
nt@synapse_cleft 4786 -0.0130684703 0.00864769966 0.0067493919 0 0 0
nt@synapse_cleft 4791 0.0388972694 -0.0103600109 0.00334442069 0 0 0
nt@synapse_cleft 4793 -0.0331909696 0.0194149384 0.0169193076 0 0 0
nt@synapse_cleft 4800 0.0149974319 -0.00835621549 0.00170566974 0 0 0
nt@synapse_cleft 4801 -0.0190037976 0.0058071694 0.00463961328 0 0 0
nt@synapse_cleft 4807 0.00957389109 -0.0124205555 0.0169347681 0 0 0
nt@synapse_cleft 4809 -0.0351312513 -0.0372557399 0.0178225612 0 0 0
nt@synapse_cleft 4814 -0.0273439431 0.0263989253 0.00552119782 0 0 0
nt@synapse_cleft 4816 -0.0373811841 -0.0142494031 0.0143197129 0 0 0
nt@synapse_cleft 4822 -0.00763193643 -0.0239269804 0.0117327232 0 0 0
nt@synapse_cleft 4823 -0.00278927687 0.0113741237 0.0167372261 0 0 0
nt@synapse_cleft 4824 -0.000686540597 -0.0347591227 0.000501658767 0 0 0
nt@synapse_cleft 4829 0.0263838813 -0.0627015572 0.010704126 0 0 0
nt@synapse_cleft 4830 -0.019105043 0.0185022344 0.0185307183 0 0 0
nt@synapse_cleft 4833 -0.0122164778 -0.0261048918 0.0192717425 0 0 0
nt@synapse_cleft 4838 -0.00971978172 0.032809932 0.0134404724 0 0 0
nt@synapse_cleft 4839 0.00477636282 -0.000102214718 0.00588705846 0 0 0
nt@synapse_cleft 4844 0.059998341 -0.017045058 0.0138672414 0 0 0
nt@synapse_cleft 4852 -0.0316542286 -0.0117054154 0.0111835517 0 0 0
nt@synapse_cleft 4855 0.0209338592 0.0122658611 0.0149391489 0 0 0
nt@synapse_cleft 4869 -0.0415324555 0.0179051166 0.0153136 0 0 0
nt@synapse_cleft 4871 0.023725276 0.014214491 0.00862842926 0 0 0
nt@synapse_cleft 4880 -0.0141315733 -0.0175401727 0.0167149611 0 0 0
nt@synapse_cleft 4882 -0.0174408473 -0.0298561501 0.00257093661 0 0 0
nt@synapse_cleft 4883 -0.0351170567 0.00559135351 0.0151642958 0 0 0
nt@synapse_cleft 4890 -0.0149234077 0.00346906072 0.0110512411 0 0 0
nt@synapse_cleft 4891 -0.00262826542 -0.00988606874 0.00772875615 0 0 0
nt@synapse_cleft 4892 -0.0204063786 0.0249475433 0.0170111884 0 0 0
nt@synapse_cleft 4896 -0.0163123857 -0.0253855949 0.0118526691 0 0 0
nt@synapse_cleft 4897 0.0309338522 -0.0194786649 0.00814753473 0 0 0
nt@synapse_cleft 4901 0.0110498467 0.0146346443 0.00655758917 0 0 0
nt@synapse_cleft 4905 -0.010220417 -0.0141574746 0.00195259698 0 0 0
nt@synapse_cleft 4906 -0.00242742968 -0.0248571588 0.00692514465 0 0 0
nt@synapse_cleft 4918 -0.0110513838 0.0122339544 0.0113414748 0 0 0
nt@synapse_cleft 4919 0.0133180155 0.00589888377 0.0121854617 0 0 0
nt@synapse_cleft 4925 0.0141409715 0.00563178392 0.00809196808 0 0 0
nt@synapse_cleft 4928 0.00242131259 0.0598564071 0.00694311959 0 0 0
nt@synapse_cleft 4931 0.014280442 -0.0105893933 0.0152196456 0 0 0
nt@synapse_cleft 4937 -0.0488990954 -0.00226039169 0.00595890453 0 0 0
nt@synapse_cleft 4946 -0.0220013182 0.0207123702 0.00901842392 0 0 0
nt@synapse_cleft 4956 0.01490558 -0.00516923398 0.010242351 0 0 0
nt@synapse_cleft 4967 -0.00177422049 0.00814079042 0.00442911492 0 0 0
nt@synapse_cleft 4972 0.0295638504 -0.0196803777 0.0159573688 0 0 0
nt@synapse_cleft 4973 -0.00302268499 0.046180191 0.0181220669 0 0 0
nt@synapse_cleft 4979 -0.00635004762 -0.00561399674 0.00288731713 0 0 0
nt@synapse_cleft 4980 0.0125927802 0.00820041663 0.0168312612 0 0 0
nt@synapse_cleft 4981 0.00403027804 -0.0259855909 0.00644216125 0 0 0
nt@synapse_cleft 4982 0.0058150436 -0.00819832057 0.0177471586 0 0 0
nt@synapse_cleft 4983 -0.0162131467 0.0251598401 0.00609677703 0 0 0
nt@synapse_cleft 4988 0.0114447028 -0.0194901663 0.00295537831 0 0 0
nt@synapse_cleft 4989 -0.00452255161 -0.0185029038 0.0196114183 0 0 0
nt@synapse_cleft 4991 0.00351351031 -0.0186751925 0.00966805803 0 0 0
nt@synapse_cleft 5004 -0.0157730203 0.0214425142 0.00105435061 0 0 0
nt@synapse_cleft 5006 0.00214653271 -0.0109690106 0.00871543614 0 0 0
nt@synapse_cleft 5009 -0.0317395887 0.0179737953 0.00814604468 0 0 0
nt@synapse_cleft 5011 -0.0140243605 -0.0207843854 0.00467126287 0 0 0
nt@synapse_cleft 5015 -0.0193674623 -0.0183064925 0.0140067666 0 0 0
nt@synapse_cleft 5024 -0.00179079554 -0.00746711539 0.00556840404 0 0 0
nt@synapse_cleft 5044 -0.0308819755 0.00442683531 0.0149584256 0 0 0
nt@synapse_cleft 5045 0.0328595017 0.0249041471 0.000230292656 0 0 0
nt@synapse_cleft 5046 0.00193612101 -0.00703266291 0.00861567947 0 0 0
nt@synapse_cleft 5052 -0.00973055831 -0.0121357538 0.00688270536 0 0 0
nt@synapse_cleft 5055 -0.0146182617 0.0069852087 0.00937030399 0 0 0
nt@synapse_cleft 5059 -0.0319751217 0.0300409295 0.0183398984 0 0 0
nt@synapse_cleft 5061 0.0232998925 -0.0218671584 0.00278033199 0 0 0
nt@synapse_cleft 5063 -0.026785486 0.0240096326 0.0108701584 0 0 0
nt@synapse_cleft 5077 0.0458961243 -0.00989607457 0.00966252537 0 0 0
nt@synapse_cleft 5081 0.0122194433 0.010784188 0.00169524053 0 0 0
nt@synapse_cleft 5082 -0.000206034067 0.0490439105 0.0092845218 0 0 0
nt@synapse_cleft 5086 0.0250991847 0.0301808331 0.0116741691 0 0 0
nt@synapse_cleft 5106 0.00104350481 -0.0114005411 0.00251611445 0 0 0
nt@synapse_cleft 5133 -0.0191323809 0.0263293509 0.018737598 0 0 0
nt@synapse_cleft 5145 0.0176548088 0.0289168635 0.0167298585 0 0 0
nt@synapse_cleft 5154 0.00793603207 0.026334921 0.0151948894 0 0 0
nt@synapse_cleft 5159 -0.0320205208 -0.000157583459 0.0142943884 0 0 0
nt@synapse_cleft 5163 -0.00388465786 0.0191066132 0.0123946568 0 0 0
nt@synapse_cleft 5164 0.00411417452 -0.014482864 0.0020675507 0 0 0
nt@synapse_cleft 5173 -0.0413400361 -0.00641172482 0.0190297066 0 0 0
nt@synapse_cleft 5176 -0.0220668613 0.0514030229 0.0186030726 0 0 0
nt@synapse_cleft 5179 0.0279248435 0.0112685371 0.0116505072 0 0 0
nt@synapse_cleft 5182 0.050657938 0.01031083 0.00780064744 0 0 0
nt@synapse_cleft 5183 0.036088177 0.00796278997 0.012770093 0 0 0
nt@synapse_cleft 5193 0.0266611464 0.00278614465 0.0161023619 0 0 0
nt@synapse_cleft 5196 -0.00569471833 -0.00611623009 0.0105799191 0 0 0
nt@synapse_cleft 5198 0.00449856022 -0.0241456325 0.000785674462 0 0 0
