nt@synapse_cleft 0 0.0104773517 -0.00195903725 0.0183501983 0 0 0
nt@synapse_cleft 2 -0.0432690262 0.0154542915 0.0160524477 0 0 0
nt@synapse_cleft 7 0.00114942627 0.0109127319 0.0122086823 0 0 0
nt@synapse_cleft 9 0.0100496613 -0.0175290069 0.0104930986 0 0 0
nt@synapse_cleft 12 0.00881422285 0.0356873908 0.0141938937 0 0 0
nt@synapse_cleft 15 -0.0152526109 0.0208533567 0.0078510549 0 0 0
nt@synapse_cleft 17 0.0139653176 0.00719397609 0.00602292124 0 0 0
nt@synapse_cleft 23 0.00234637281 -0.0479581452 0.00848325592 0 0 0
nt@synapse_cleft 26 -0.0242877054 0.00795361812 0.0103987307 0 0 0
nt@synapse_cleft 30 0.0233730652 -0.034738494 0.00674235676 0 0 0
nt@synapse_cleft 35 -0.0106994582 0.0155991896 0.0176526245 0 0 0
nt@synapse_cleft 42 0.00445905993 0.00323743436 0.0159780114 0 0 0
nt@synapse_cleft 45 -0.00513399943 0.0183214965 0.00833498908 0 0 0
nt@synapse_cleft 54 0.00484110958 0.0217570196 0.0154488953 0 0 0
nt@synapse_cleft 56 -0.0175475753 -0.00707142719 0.01249708 0 0 0
nt@synapse_cleft 59 0.0273949608 0.0176131264 0.0110907751 0 0 0
nt@synapse_cleft 72 -0.026720867 0.00622267994 0.00869253443 0 0 0
nt@synapse_cleft 81 0.010949561 -0.0287450675 0.00640532737 0 0 0
nt@synapse_cleft 87 -0.0204013962 -0.0187579126 0.0165326574 0 0 0
nt@synapse_cleft 89 0.0261106417 0.00121754021 0.0130513925 0 0 0
nt@synapse_cleft 100 -0.0184076954 -0.0237395974 0.0118902746 0 0 0
nt@synapse_cleft 102 -0.0260927305 0.0147211912 3.49786906e-05 0 0 0
nt@synapse_cleft 103 0.0211311404 -0.0238204142 0.0176927174 0 0 0
nt@synapse_cleft 111 -0.0358707007 0.0425223728 0.0136270336 0 0 0
nt@synapse_cleft 114 0.0389140985 -0.0189987861 0.0168141252 0 0 0
nt@synapse_cleft 115 -0.00417766736 -0.0388096 0.00640085437 0 0 0
nt@synapse_cleft 116 -0.0272727308 -0.0208210044 0.0146795661 0 0 0
nt@synapse_cleft 118 0.0168996548 -0.00422355696 0.0178022644 0 0 0
nt@synapse_cleft 135 -0.0153551944 -0.0273472503 0.0136745379 0 0 0
nt@synapse_cleft 137 -0.0493982108 -0.0305588138 0.00241131286 0 0 0
nt@synapse_cleft 143 -0.0146793886 -0.0461308556 0.00616810872 0 0 0
nt@synapse_cleft 148 0.000623004997 0.04699406 0.00955775204 0 0 0
nt@synapse_cleft 150 -0.0267505012 0.0157553347 0.00154881597 0 0 0
nt@synapse_cleft 156 -0.0245050561 -0.00059347972 0.0186719117 0 0 0
nt@synapse_cleft 157 -0.0297489494 0.0131781394 0.0124730883 0 0 0
nt@synapse_cleft 162 -0.0142133681 -0.0209979834 0.0121687853 0 0 0
nt@synapse_cleft 167 -0.00556054062 -0.0388486844 0.00296841976 0 0 0
nt@synapse_cleft 168 -0.0217584837 -0.0203619483 0.015987476 0 0 0
nt@synapse_cleft 186 -0.0212872739 -0.0116325759 0.0153223961 0 0 0
nt@synapse_cleft 188 -0.0191017755 0.00188774773 0.00877162625 0 0 0
nt@synapse_cleft 192 -0.00909399878 0.0410636516 0.0158449577 0 0 0
nt@synapse_cleft 194 -0.00331430111 -0.00612296632 0.0182414272 0 0 0
nt@synapse_cleft 195 0.0207006746 0.0389638036 0.00561198794 0 0 0
nt@synapse_cleft 197 0.0084922835 -0.019830372 0.0111796906 0 0 0
nt@synapse_cleft 199 0.0373328598 0.0148181913 0.0186530864 0 0 0
nt@synapse_cleft 203 0.00884697452 -0.00565589577 0.00658188946 0 0 0
nt@synapse_cleft 206 -0.00209414744 -0.0142194238 0.0195198619 0 0 0
nt@synapse_cleft 210 -0.0337214871 0.0157937534 0.00729672434 0 0 0
nt@synapse_cleft 219 0.023839558 0.0582138764 0.0178141358 0 0 0
nt@synapse_cleft 224 -0.0194153021 0.0631625041 0.000334362105 0 0 0
nt@synapse_cleft 227 -0.0206511684 0.038778638 0.0188706057 0 0 0
nt@synapse_cleft 231 0.022283939 0.0404648811 0.0168224741 0 0 0
nt@synapse_cleft 235 0.0192139133 -0.0259572012 0.00722648365 0 0 0
nt@synapse_cleft 244 -0.0228407468 0.00147639721 0.018329668 0 0 0
nt@synapse_cleft 248 0.0304197485 -0.0329656694 0.00618239254 0 0 0
nt@synapse_cleft 256 -0.0413376581 -0.0121347626 0.00793522566 0 0 0
nt@synapse_cleft 263 0.0386754204 0.0185147415 0.01650952 0 0 0
nt@synapse_cleft 268 -0.00351607338 -0.0126046273 0.0154250159 0 0 0
nt@synapse_cleft 272 0.00315883376 -0.0447745281 0.0141900035 0 0 0
nt@synapse_cleft 284 -0.0269204507 0.0790501949 0.0090526617 0 0 0
nt@synapse_cleft 289 -0.0370532136 0.0613522941 0.00751623694 0 0 0
nt@synapse_cleft 293 0.0293666562 -0.00352800385 0.0167760549 0 0 0
nt@synapse_cleft 306 0.0107198182 -0.0271673395 0.0119727213 0 0 0
nt@synapse_cleft 307 0.016560799 0.00549971097 0.0167032052 0 0 0
nt@synapse_cleft 308 0.0207661938 0.0273060547 0.0133631549 0 0 0
nt@synapse_cleft 310 0.0278872261 -0.00651720269 0.00547150654 0 0 0
nt@synapse_cleft 318 -0.0350265974 0.00870211299 0.0164381645 0 0 0
nt@synapse_cleft 319 0.0616703382 0.00450940106 0.0167604415 0 0 0
nt@synapse_cleft 321 0.0409210274 0.0160102187 0.011544416 0 0 0
nt@synapse_cleft 325 -0.0553211183 0.0712500255 0.0158959473 0 0 0
nt@synapse_cleft 331 0.0469838234 -0.0219135319 0.0145210213 0 0 0
nt@synapse_cleft 347 0.00549813969 -0.00973931617 0.00320850764 0 0 0
nt@synapse_cleft 348 0.00647443432 -0.00199923315 0.0135350111 0 0 0
nt@synapse_cleft 350 0.0152811946 0.010662438 0.00119284739 0 0 0
nt@synapse_cleft 352 -0.0151816493 0.0155339542 3.67554902e-05 0 0 0
nt@synapse_cleft 356 -0.0312095336 0.0219311657 0.00598523971 0 0 0
nt@synapse_cleft 361 -0.0277546749 0.0168840888 0.01760769 0 0 0
nt@synapse_cleft 371 -0.0131985534 0.0359265596 0.00203007998 0 0 0
nt@synapse_cleft 372 -0.00101919257 0.023084847 0.00732603027 0 0 0
nt@synapse_cleft 376 -0.00436753187 -0.000451358892 0.0197811676 0 0 0
nt@synapse_cleft 381 -0.0158998483 -0.0156521762 0.00715081714 0 0 0
nt@synapse_cleft 385 0.0124500676 0.0113487645 0.0156566677 0 0 0
nt@synapse_cleft 391 0.0241876523 -0.0449740668 0.0194900876 0 0 0
nt@synapse_cleft 392 0.00431044029 0.00314601201 0.0138272381 0 0 0
nt@synapse_cleft 395 -0.00491301108 -0.0266911721 0.0124540303 0 0 0
nt@synapse_cleft 397 0.0177796827 0.0270929985 0.0196552891 0 0 0
nt@synapse_cleft 402 0.00774016324 0.0430343918 0.0044427783 0 0 0
nt@synapse_cleft 406 -0.0248205259 -0.0426621668 0.0121700877 0 0 0
nt@synapse_cleft 421 -0.0319547051 0.0273849792 0.0194995266 0 0 0
nt@synapse_cleft 426 0.038575382 -0.0207749322 0.0167071787 0 0 0
nt@synapse_cleft 429 -0.0203510175 0.021739278 0.0124562769 0 0 0
nt@synapse_cleft 440 0.0334972169 0.00563060642 0.00407441245 0 0 0
nt@synapse_cleft 444 0.00011038835 0.0309021881 0.00846061289 0 0 0
nt@synapse_cleft 449 0.00716079903 -0.0251040329 0.00326464966 0 0 0
nt@synapse_cleft 452 0.0263372508 0.0407384138 0.00871695176 0 0 0
nt@synapse_cleft 453 0.00916848002 -0.00803181687 0.0181598299 0 0 0
nt@synapse_cleft 455 0.0010492664 -0.0284383606 0.0184591894 0 0 0
nt@synapse_cleft 461 -0.0265090376 0.0017182986 0.00514699276 0 0 0
nt@synapse_cleft 477 0.0168074645 0.00578723201 0.0176836425 0 0 0
nt@synapse_cleft 479 -0.0125116718 0.0194742432 0.0145818169 0 0 0
nt@synapse_cleft 480 -0.0541562945 0.0121377301 0.00277095357 0 0 0
nt@synapse_cleft 482 0.0141187768 0.00529387229 0.000880093396 0 0 0
nt@synapse_cleft 483 -0.00896168215 -0.026758238 0.0123506637 0 0 0
nt@synapse_cleft 484 -0.0106154288 -0.0323274645 0.000780428097 0 0 0
nt@synapse_cleft 499 0.020030233 0.015357725 0.0105139368 0 0 0
nt@synapse_cleft 500 -0.0139921147 -0.0127485872 0.0133201068 0 0 0
nt@synapse_cleft 501 0.0049977942 0.0137224584 0.00281445148 0 0 0
nt@synapse_cleft 503 0.0058380329 -0.0229692027 0.0080048436 0 0 0
nt@synapse_cleft 509 -0.0130128777 0.0545409154 0.00143636717 0 0 0
nt@synapse_cleft 510 0.0170107859 0.0101063642 0.0104314781 0 0 0
nt@synapse_cleft 514 -0.0209345368 0.00693159729 0.0129097105 0 0 0
nt@synapse_cleft 522 -0.0389224997 0.0179947192 0.0129098735 0 0 0
nt@synapse_cleft 524 -0.013249963 0.0241768215 0.0174705887 0 0 0
nt@synapse_cleft 530 0.0229582313 -0.00258693451 0.00958502267 0 0 0
nt@synapse_cleft 536 -0.0366912189 -0.0389561024 0.000564247819 0 0 0
nt@synapse_cleft 544 0.0330845638 0.0136340389 0.0134448275 0 0 0
nt@synapse_cleft 546 -0.0481565886 0.0210600077 0.0107698241 0 0 0
nt@synapse_cleft 548 -0.0218895238 0.0221915098 0.0189593372 0 0 0
nt@synapse_cleft 549 0.0327422317 -0.0379062583 0.0163672048 0 0 0
nt@synapse_cleft 551 0.0089567492 -0.0183854628 0.013673796 0 0 0
nt@synapse_cleft 552 0.0196591337 -0.00276959046 0.0146635219 0 0 0
nt@synapse_cleft 557 -0.035575161 0.000977739994 0.0121541025 0 0 0
nt@synapse_cleft 558 -0.0142122933 -0.0193050829 0.00801120175 0 0 0
nt@synapse_cleft 563 -0.0121464486 -0.0574331177 0.0190053299 0 0 0
nt@synapse_cleft 568 -0.00547572514 0.00791155539 0.0184610097 0 0 0
nt@synapse_cleft 572 -0.0306242094 0.0244378397 0.00465737719 0 0 0
nt@synapse_cleft 575 -0.000747714586 -0.0124887308 0.00847325556 0 0 0
nt@synapse_cleft 581 0.00334368959 0.000470284803 0.00902575871 0 0 0
nt@synapse_cleft 583 0.0118972819 0.018595584 0.0157185642 0 0 0
nt@synapse_cleft 586 0.00929544594 0.0142310514 0.0130609918 0 0 0
nt@synapse_cleft 591 -0.0114726956 0.0294172993 0.00901063069 0 0 0
nt@synapse_cleft 593 0.00239027216 0.0349745948 0.0122495 0 0 0
nt@synapse_cleft 594 0.035963195 0.0206846037 0.0129092655 0 0 0
nt@synapse_cleft 595 -0.00487515725 -0.0357158591 0.00492150472 0 0 0
nt@synapse_cleft 596 -0.0207249897 0.00587888315 0.0148732715 0 0 0
nt@synapse_cleft 598 0.00124027915 0.00237238095 0.0145332395 0 0 0
nt@synapse_cleft 616 -0.0099744185 -0.0168415931 0.0115507829 0 0 0
nt@synapse_cleft 618 -0.0139691954 -0.0302009795 0.00640121557 0 0 0
nt@synapse_cleft 620 -0.0251867307 -0.00131118317 0.0107074798 0 0 0
nt@synapse_cleft 624 0.0161885567 -0.00530221838 0.00638072549 0 0 0
nt@synapse_cleft 627 -0.00842542049 -0.019639236 0.0178546268 0 0 0
nt@synapse_cleft 629 0.00621689409 -0.00102604287 0.00634357162 0 0 0
nt@synapse_cleft 630 0.00113954483 0.0082176535 0.00232259942 0 0 0
nt@synapse_cleft 633 -0.0157508901 0.0204309345 0.000750765779 0 0 0
nt@synapse_cleft 634 0.0141245414 -0.00473181674 0.0118690135 0 0 0
nt@synapse_cleft 639 -0.0224531587 -0.0302775344 0.00123489568 0 0 0
nt@synapse_cleft 645 -0.0104100531 -0.0122776702 0.0195159452 0 0 0
nt@synapse_cleft 647 0.00575699261 0.0324625936 0.00432217928 0 0 0
nt@synapse_cleft 661 -0.0298460885 -0.0164800986 0.0143706444 0 0 0
nt@synapse_cleft 662 -0.0113231308 0.00688059839 0.00864108745 0 0 0
nt@synapse_cleft 664 -0.00968994938 0.0123947577 0.0111721187 0 0 0
nt@synapse_cleft 674 -0.0223766146 0.0155745306 0.00225926267 0 0 0
nt@synapse_cleft 675 0.0142872613 0.0127349692 0.0117004999 0 0 0
nt@synapse_cleft 678 0.0201087664 -0.0129774939 0.00720224447 0 0 0
nt@synapse_cleft 679 -0.0275696406 -0.00547183776 0.0137422079 0 0 0
nt@synapse_cleft 681 -0.00551097965 -0.0211719723 0.0170542626 0 0 0
nt@synapse_cleft 684 -0.0250910768 -0.0129911611 0.00925996903 0 0 0
nt@synapse_cleft 689 0.0189625924 0.0058444199 0.0169201622 0 0 0
nt@synapse_cleft 691 0.0210511149 0.00515132299 0.00726842058 0 0 0
nt@synapse_cleft 693 0.0198545004 0.0161729917 0.0144762612 0 0 0
nt@synapse_cleft 695 -0.0242866628 0.025042815 0.0182594083 0 0 0
nt@synapse_cleft 698 0.00791741373 0.0187260321 0.018044021 0 0 0
nt@synapse_cleft 699 -0.0225162008 -0.0637080966 0.0040704948 0 0 0
nt@synapse_cleft 704 0.0116660224 0.0150262804 0.00141084185 0 0 0
nt@synapse_cleft 710 0.0385068966 -0.00298597503 0.0192911347 0 0 0
nt@synapse_cleft 712 -0.0269072014 -0.00927462689 0.00475029383 0 0 0
nt@synapse_cleft 715 0.0250959264 0.0217020755 0.00969256184 0 0 0
nt@synapse_cleft 720 0.0326442929 -0.0353636749 0.000779548673 0 0 0
nt@synapse_cleft 721 0.00102602314 -0.0149356094 0.000874706561 0 0 0
nt@synapse_cleft 726 -0.0324164048 -0.00785085752 0.00723270526 0 0 0
nt@synapse_cleft 727 -0.00893394243 0.0125142747 0.00582954782 0 0 0
nt@synapse_cleft 728 -0.000335010117 0.00377863335 0.00439039627 0 0 0
nt@synapse_cleft 732 0.0296141043 0.0528167942 0.00292389929 0 0 0
nt@synapse_cleft 735 -0.044642888 0.00964261696 0.00321629629 0 0 0
nt@synapse_cleft 737 0.0409799924 0.00580240553 0.00903298064 0 0 0
nt@synapse_cleft 741 0.0165764174 -0.000663420661 0.00167221387 0 0 0
nt@synapse_cleft 744 -0.0210687699 0.0315719954 0.0113365745 0 0 0
nt@synapse_cleft 746 -0.00115957972 0.0162711804 0.00610117284 0 0 0
nt@synapse_cleft 750 0.030637827 0.0150875167 0.0174787123 0 0 0
nt@synapse_cleft 754 -0.00511864522 -0.0157106903 0.0162461141 0 0 0
nt@synapse_cleft 755 0.0186647426 0.0217897062 0.00550253688 0 0 0
nt@synapse_cleft 760 -0.00788653196 -0.0564271755 0.000862247752 0 0 0
nt@synapse_cleft 762 0.0116070896 -0.0193275091 0.0113781192 0 0 0
nt@synapse_cleft 765 -0.0266313939 0.029455473 0.0192571528 0 0 0
nt@synapse_cleft 768 -0.0231266633 -0.00355452813 0.0125499663 0 0 0
nt@synapse_cleft 769 0.00488579795 0.036745022 0.0128822819 0 0 0
nt@synapse_cleft 774 0.00667991981 0.0238311575 0.0100477131 0 0 0
nt@synapse_cleft 777 0.0423283078 -0.040809043 0.00704239876 0 0 0
nt@synapse_cleft 779 -0.0155574294 0.0129944446 0.00796844572 0 0 0
nt@synapse_cleft 784 0.0126595507 0.00578817329 0.0169601762 0 0 0
nt@synapse_cleft 797 -0.00681861701 0.0361452465 0.00588046819 0 0 0
nt@synapse_cleft 803 -0.026270496 -0.0430947289 0.0132334672 0 0 0
nt@synapse_cleft 804 0.00586164153 0.0235566947 0.00204621051 0 0 0
nt@synapse_cleft 814 0.0369852166 0.0330992668 0.00640789287 0 0 0
nt@synapse_cleft 816 -0.00160786835 -0.0253209957 0.00878595264 0 0 0
nt@synapse_cleft 817 0.0191145073 -0.0157283669 0.0123882829 0 0 0
nt@synapse_cleft 828 0.0111685294 -0.025111401 0.0162342011 0 0 0
nt@synapse_cleft 831 -0.00343969233 -0.0270299641 0.00108675681 0 0 0
nt@synapse_cleft 833 -0.0135052356 0.000683998836 0.00678932806 0 0 0
nt@synapse_cleft 837 -0.0215632046 -0.00855929737 0.0099079854 0 0 0
nt@synapse_cleft 844 -0.0146791966 0.00650978253 0.0156266766 0 0 0
nt@synapse_cleft 847 0.018880328 5.0837249e-05 0.00783332831 0 0 0
nt@synapse_cleft 850 -4.28537913e-05 0.0246894502 0.00238300787 0 0 0
nt@synapse_cleft 854 0.0128089365 0.0365890555 0.00201811183 0 0 0
nt@synapse_cleft 866 0.00514014651 -0.0168395915 0.00927419706 0 0 0
nt@synapse_cleft 871 -0.00815249717 0.013859328 0.0166676299 0 0 0
nt@synapse_cleft 872 0.024635154 -0.0232750603 0.0190288821 0 0 0
nt@synapse_cleft 877 -0.0452568631 0.0109913102 0.0144997891 0 0 0
nt@synapse_cleft 884 -0.00146848072 0.0102915555 0.0196700204 0 0 0
nt@synapse_cleft 900 0.0165644486 -0.0230430528 0.0169356104 0 0 0
nt@synapse_cleft 904 -0.0358641351 0.0119563216 0.00110279319 0 0 0
nt@synapse_cleft 906 -0.017050552 0.00300636634 0.0140065655 0 0 0
nt@synapse_cleft 908 -0.0401001155 0.00977492573 0.00299111905 0 0 0
nt@synapse_cleft 909 0.0292729875 0.00894404779 0.00739386075 0 0 0
nt@synapse_cleft 913 -0.0196171194 4.15401923e-05 0.0142560096 0 0 0
nt@synapse_cleft 918 0.0667046312 -0.00612759964 0.0157141795 0 0 0
nt@synapse_cleft 920 0.0164820279 -0.0151471947 0.0183559062 0 0 0
nt@synapse_cleft 924 -0.0348376771 0.00346313403 0.011664596 0 0 0
nt@synapse_cleft 925 -0.0285037733 0.0432212148 0.0126771992 0 0 0
nt@synapse_cleft 926 -0.0139663343 -0.0533245286 0.0164830682 0 0 0
nt@synapse_cleft 932 0.0142010358 -0.0444969339 0.00242575122 0 0 0
nt@synapse_cleft 938 -0.0122083165 0.017131648 0.00584517115 0 0 0
nt@synapse_cleft 940 -0.0518577879 -0.0240142163 0.00824519305 0 0 0
nt@synapse_cleft 941 -0.0313763996 0.0459364986 0.0193276787 0 0 0
nt@synapse_cleft 942 0.0214323662 -0.0254794807 0.00239169732 0 0 0
nt@synapse_cleft 943 0.0252216248 -0.011005807 0.00914450017 0 0 0
nt@synapse_cleft 944 -0.00392799306 -0.0492820105 0.000314765861 0 0 0
nt@synapse_cleft 945 -0.00880242771 0.0246734163 0.00199166481 0 0 0
nt@synapse_cleft 947 -0.0210689489 0.00898738936 0.00910561406 0 0 0
nt@synapse_cleft 953 -0.0440496292 0.0141903375 0.0193208392 0 0 0
nt@synapse_cleft 954 0.0106862473 -0.0119822199 0.00550068067 0 0 0
nt@synapse_cleft 957 0.0503173706 -0.024828612 0.00687003396 0 0 0
nt@synapse_cleft 960 -0.0231702175 0.0319132044 0.00501030081 0 0 0
nt@synapse_cleft 961 -0.0282218251 -0.00238432326 0.0193282707 0 0 0
nt@synapse_cleft 967 0.0318398018 -0.00466250586 0.00967582614 0 0 0
nt@synapse_cleft 976 -0.0249768558 0.0195962874 0.0160944366 0 0 0
nt@synapse_cleft 978 -0.0408973302 -0.0155791437 0.0128593285 0 0 0
nt@synapse_cleft 991 0.0264521374 -0.00391534684 0.0122910727 0 0 0
nt@synapse_cleft 992 0.02599869 0.00545393742 0.00350890244 0 0 0
nt@synapse_cleft 994 -0.0347481719 -0.00719199339 0.00675329127 0 0 0
nt@synapse_cleft 998 -0.00148386879 0.00534655688 0.00432769848 0 0 0
nt@synapse_cleft 999 0.0402940695 -0.0325309966 0.00188442824 0 0 0
nt@synapse_cleft 1002 0.0162737797 0.0514979837 0.00623253102 0 0 0
nt@synapse_cleft 1004 -0.0132990547 0.0090814929 0.00277057918 0 0 0
nt@synapse_cleft 1011 0.0282036121 0.018747997 0.0167178853 0 0 0
nt@synapse_cleft 1013 -0.0320667614 0.0389962468 0.0106483776 0 0 0
nt@synapse_cleft 1016 -0.0324623798 0.0165546302 0.0156620252 0 0 0
nt@synapse_cleft 1018 0.0012147262 -0.0226148329 0.00737510051 0 0 0
nt@synapse_cleft 1024 -0.0337343452 -0.0094663244 0.0196144944 0 0 0
nt@synapse_cleft 1025 -0.00218600114 -0.0341897771 0.00425262897 0 0 0
nt@synapse_cleft 1027 0.015785916 0.0319419136 0.0139240878 0 0 0
nt@synapse_cleft 1035 -0.0263718019 -0.0150099748 0.0135632026 0 0 0
nt@synapse_cleft 1047 0.019920815 -0.0490865873 0.00181293514 0 0 0
nt@synapse_cleft 1048 -0.00303779129 -0.0453395775 0.00746412105 0 0 0
nt@synapse_cleft 1050 0.0033342436 -0.0413773382 0.0119003909 0 0 0
nt@synapse_cleft 1056 -0.00198200901 0.0552421771 0.00204866125 0 0 0
nt@synapse_cleft 1062 0.0443258565 -0.0107009792 0.015401835 0 0 0
nt@synapse_cleft 1077 -0.028154157 -0.0133530698 0.0155069834 0 0 0
nt@synapse_cleft 1080 -0.0278394625 0.0149299958 0.00895803271 0 0 0
nt@synapse_cleft 1088 -0.0410755145 -0.00970713774 0.0185099811 0 0 0
nt@synapse_cleft 1092 -0.0151788345 -0.00584769472 0.00753874171 0 0 0
nt@synapse_cleft 1102 -0.0170816222 -0.0179070475 0.0185011005 0 0 0
nt@synapse_cleft 1107 -0.00515379447 0.00873018733 0.0082093924 0 0 0
nt@synapse_cleft 1108 0.0152241828 0.0353289664 0.00480691338 0 0 0
nt@synapse_cleft 1110 0.0210569115 0.0159672639 0.0139346357 0 0 0
nt@synapse_cleft 1113 -0.0116842037 0.01223201 0.00029956428 0 0 0
nt@synapse_cleft 1114 0.0105888345 -0.0261033732 0.000612858652 0 0 0
nt@synapse_cleft 1121 0.00478391803 0.0473187752 0.0021107477 0 0 0
nt@synapse_cleft 1127 -0.0143616644 0.00363876584 0.000402600038 0 0 0
nt@synapse_cleft 1130 0.0240147222 -0.0122869202 0.0106286178 0 0 0
nt@synapse_cleft 1136 -0.0112868099 -0.0614996687 0.00539123352 0 0 0
nt@synapse_cleft 1138 0.0121935164 0.00562535564 0.0166638559 0 0 0
nt@synapse_cleft 1140 0.000235393888 -0.0316088743 0.018531326 0 0 0
nt@synapse_cleft 1144 -0.0182476676 -0.0113949868 0.00781639275 0 0 0
nt@synapse_cleft 1145 0.0621517963 -0.0178076115 0.0175909553 0 0 0
nt@synapse_cleft 1149 -0.0231710159 3.47172755e-05 0.0166184835 0 0 0
nt@synapse_cleft 1152 0.0213355017 -0.00518009154 0.0181207555 0 0 0
nt@synapse_cleft 1157 0.0305555184 -0.0575590697 0.019603352 0 0 0
nt@synapse_cleft 1165 0.0199507113 0.0330465744 0.00205454947 0 0 0
nt@synapse_cleft 1166 -0.0105159406 0.000197628409 0.00812000434 0 0 0
nt@synapse_cleft 1167 0.0447191271 0.0335549867 0.00344484334 0 0 0
nt@synapse_cleft 1172 -0.00720773297 0.00369720732 0.00979004027 0 0 0
nt@synapse_cleft 1177 -0.00998511801 0.0686575589 0.00155655529 0 0 0
nt@synapse_cleft 1179 0.00403822346 -0.013641955 0.00467174946 0 0 0
nt@synapse_cleft 1186 -0.0628775722 0.00139676897 0.0168788586 0 0 0
nt@synapse_cleft 1188 0.0208638164 -0.0448175579 0.00271330117 0 0 0
nt@synapse_cleft 1192 0.0126629996 -0.0135480268 0.0197620417 0 0 0
nt@synapse_cleft 1193 -0.0257217107 -0.00935218539 0.0134022799 0 0 0
nt@synapse_cleft 1200 -0.0163027051 0.0177019695 0.0179749449 0 0 0
nt@synapse_cleft 1203 0.00216944225 0.00530308492 0.0065178045 0 0 0
nt@synapse_cleft 1204 0.0106004631 0.00503948427 0.0170788007 0 0 0
nt@synapse_cleft 1205 -0.0301866696 -0.0251412862 0.0123384151 0 0 0
nt@synapse_cleft 1206 -0.0289352101 -0.00179971657 0.0147765744 0 0 0
nt@synapse_cleft 1218 -0.00996753783 0.0304912465 0.0172127682 0 0 0
nt@synapse_cleft 1219 0.0046982344 0.0125400256 0.0152725335 0 0 0
nt@synapse_cleft 1237 -0.0185336475 -0.0313089487 0.00777946014 0 0 0
nt@synapse_cleft 1238 -0.0621049207 -0.0260450372 0.0175982803 0 0 0
nt@synapse_cleft 1243 -0.0178358298 0.00167357443 0.00695069987 0 0 0
nt@synapse_cleft 1248 0.00652919719 0.0461529841 0.0125146736 0 0 0
nt@synapse_cleft 1251 -0.0257403311 0.00649779041 0.0182897581 0 0 0
nt@synapse_cleft 1252 -0.0385098802 0.00599377293 0.000783872045 0 0 0
nt@synapse_cleft 1253 -0.00967218798 -0.02399328 0.0188749441 0 0 0
nt@synapse_cleft 1254 -0.022974683 0.0236347978 0.00753418684 0 0 0
nt@synapse_cleft 1270 0.0432740426 0.00664140022 0.00324150808 0 0 0
nt@synapse_cleft 1275 -0.0141888416 0.0163156035 0.0124867693 0 0 0
nt@synapse_cleft 1289 0.0453364887 -0.00830518591 0.0010955287 0 0 0
nt@synapse_cleft 1298 -0.00362412775 -0.0137568944 0.00185263185 0 0 0
nt@synapse_cleft 1302 -0.0168531541 0.0258689688 0.000501456424 0 0 0
nt@synapse_cleft 1311 0.00765588731 -0.0118225294 0.0160891617 0 0 0
nt@synapse_cleft 1316 -0.0287084122 -0.0310671486 0.0101096981 0 0 0
nt@synapse_cleft 1326 0.0188280567 0.0137532992 0.000411563309 0 0 0
nt@synapse_cleft 1328 0.0144344976 0.00992361123 0.0076077191 0 0 0
nt@synapse_cleft 1333 -0.0234408527 0.0283680278 0.00467779178 0 0 0
nt@synapse_cleft 1338 -0.0124389887 0.00770827203 0.00611580169 0 0 0
nt@synapse_cleft 1343 0.01613355 0.00604036619 0.0186571557 0 0 0
nt@synapse_cleft 1347 -0.0413559991 -0.012433974 0.0181114557 0 0 0
nt@synapse_cleft 1348 0.0331460652 -0.0379152713 0.018420412 0 0 0
nt@synapse_cleft 1349 -0.0154507732 -0.00925029796 0.0133320183 0 0 0
nt@synapse_cleft 1351 0.0392970321 -0.033270352 0.000301424459 0 0 0
nt@synapse_cleft 1359 -0.0229688138 -0.0170878168 0.018647158 0 0 0
nt@synapse_cleft 1361 -0.0110856397 -0.054718228 0.00335882863 0 0 0
nt@synapse_cleft 1366 0.0230942255 -0.00427116505 0.00909870035 0 0 0
nt@synapse_cleft 1368 0.025221616 0.00673641677 0.00146534061 0 0 0
nt@synapse_cleft 1372 -0.0254464007 0.0550907345 0.0053909566 0 0 0
nt@synapse_cleft 1380 -0.00535828577 0.0101796236 0.00703337662 0 0 0
nt@synapse_cleft 1381 0.0257607917 -0.0552962066 0.0163852391 0 0 0
nt@synapse_cleft 1382 0.0172874889 0.0171943144 0.000588129461 0 0 0
nt@synapse_cleft 1384 -0.0483603653 -0.0128553318 0.00928644719 0 0 0
nt@synapse_cleft 1390 0.0428688661 -0.00281152692 0.00199284074 0 0 0
nt@synapse_cleft 1393 -0.0348209064 0.0319730013 0.00372755371 0 0 0
nt@synapse_cleft 1394 0.0143643123 0.0229289528 0.0125823183 0 0 0
nt@synapse_cleft 1397 0.0293290417 0.0274228698 0.0180809043 0 0 0
nt@synapse_cleft 1400 -0.0338043963 0.013010392 0.00853839728 0 0 0
nt@synapse_cleft 1403 0.00553136736 0.00169702804 0.0130907978 0 0 0
nt@synapse_cleft 1406 0.0602387046 -0.0277148846 0.00827186259 0 0 0
nt@synapse_cleft 1408 -0.0114354951 -0.0155923471 0.0107756654 0 0 0
nt@synapse_cleft 1411 0.00210708164 0.0108503678 0.0169148448 0 0 0
nt@synapse_cleft 1416 -0.0103050823 0.0233073937 0.00756104719 0 0 0
nt@synapse_cleft 1419 0.011816883 -0.0208316228 0.00966102697 0 0 0
nt@synapse_cleft 1425 0.00248785546 -0.0439844289 0.0096176393 0 0 0
nt@synapse_cleft 1427 -0.0302145746 -0.00412030218 0.0183336905 0 0 0
nt@synapse_cleft 1434 0.0133749638 0.0202690179 0.0085553296 0 0 0
nt@synapse_cleft 1438 -0.00520520775 -0.0291461387 0.000331449675 0 0 0
nt@synapse_cleft 1440 0.00765879357 0.0224479097 0.00113563655 0 0 0
nt@synapse_cleft 1441 -0.0292806032 0.0146872249 0.00383427176 0 0 0
nt@synapse_cleft 1442 -0.00159373394 0.024858652 0.0178278899 0 0 0
nt@synapse_cleft 1444 -0.0246333303 -0.0113097458 0.0162732143 0 0 0
nt@synapse_cleft 1446 -0.017624819 -0.0277732202 0.00329283293 0 0 0
nt@synapse_cleft 1449 -0.0295269691 -0.00517264897 0.00995636136 0 0 0
nt@synapse_cleft 1452 -0.0291815485 -0.0282952366 0.00149031927 0 0 0
nt@synapse_cleft 1454 -0.0169076438 0.00796132626 0.0105017664 0 0 0
nt@synapse_cleft 1455 -0.0216594719 0.0117149343 0.0152895323 0 0 0
nt@synapse_cleft 1464 -0.0558558102 0.0126905948 0.00914489155 0 0 0
nt@synapse_cleft 1470 -0.0670853625 -0.0288513146 0.0193574102 0 0 0
nt@synapse_cleft 1472 -0.0463056102 -0.00804164504 0.0106423377 0 0 0
nt@synapse_cleft 1473 0.0064569279 -0.00541005378 0.014122386 0 0 0
nt@synapse_cleft 1479 -0.0142677661 0.0307279045 0.0178645557 0 0 0
nt@synapse_cleft 1481 0.0191360723 0.00140790745 0.0151017245 0 0 0
nt@synapse_cleft 1484 -0.0106512811 0.0132746867 0.0146409033 0 0 0
nt@synapse_cleft 1485 -0.0152181861 -0.0051201912 0.00998621851 0 0 0
nt@synapse_cleft 1487 -0.022322818 -0.039326359 0.0028215935 0 0 0
nt@synapse_cleft 1488 0.0316068563 -0.00462733631 0.00198631487 0 0 0
nt@synapse_cleft 1491 -0.0144776054 -0.0221595975 0.00199515493 0 0 0
nt@synapse_cleft 1494 0.00625439209 0.0142268906 0.0185459226 0 0 0
nt@synapse_cleft 1496 -0.00089651244 0.0254456805 0.0187839751 0 0 0
nt@synapse_cleft 1506 0.0204821245 0.00142221428 0.0126406773 0 0 0
nt@synapse_cleft 1507 0.00548777791 0.00231118297 0.00288417202 0 0 0
nt@synapse_cleft 1508 0.0220780113 0.0104698506 0.00340134242 0 0 0
nt@synapse_cleft 1512 0.00274828689 -0.0074397723 0.00987345714 0 0 0
nt@synapse_cleft 1515 0.0126151958 0.0417154217 0.0119884533 0 0 0
nt@synapse_cleft 1519 0.00244984943 -0.0071492757 0.0134960123 0 0 0
nt@synapse_cleft 1526 0.0211025209 -0.019917366 0.0176222185 0 0 0
nt@synapse_cleft 1527 -0.0101846948 0.0426201691 0.00923034978 0 0 0
nt@synapse_cleft 1528 -0.0425850432 -0.00430677839 0.0144047097 0 0 0
nt@synapse_cleft 1531 0.00353849836 0.0291430354 0.0188032097 0 0 0
nt@synapse_cleft 1538 0.00739549039 0.0182973147 0.0158793268 0 0 0
nt@synapse_cleft 1542 -0.0181466961 0.0264460959 0.00920506932 0 0 0
nt@synapse_cleft 1545 0.00389593219 -0.000289216559 0.00877043346 0 0 0
nt@synapse_cleft 1548 -0.0333684141 -0.0205727169 0.007466348 0 0 0
nt@synapse_cleft 1553 0.0608671096 0.0180601041 0.00506262866 0 0 0
nt@synapse_cleft 1554 0.0264310418 0.00672241412 0.00190944536 0 0 0
nt@synapse_cleft 1561 0.00305007936 -0.0578050546 0.00527537711 0 0 0
nt@synapse_cleft 1565 -0.00398488825 -0.000166279742 0.0141086669 0 0 0
nt@synapse_cleft 1571 -0.0122010986 0.00360313843 0.00973823156 0 0 0
nt@synapse_cleft 1573 0.0183843244 0.0291670536 0.00349395174 0 0 0
nt@synapse_cleft 1588 0.00418791016 -0.0170592286 0.0195044304 0 0 0
nt@synapse_cleft 1592 0.00639623578 -0.0226232403 0.00899188573 0 0 0
nt@synapse_cleft 1596 -0.0045299645 -0.0246260485 0.0146461886 0 0 0
nt@synapse_cleft 1597 0.00220505449 0.0357573214 0.0101496738 0 0 0
nt@synapse_cleft 1600 0.0189754371 -0.0312636442 0.00456748073 0 0 0
nt@synapse_cleft 1605 0.0199128109 -0.00101682472 0.0107143318 0 0 0
nt@synapse_cleft 1606 -0.0342359905 0.00858734339 0.00653989751 0 0 0
nt@synapse_cleft 1611 -0.010644731 -0.0306866018 0.00107970158 0 0 0
nt@synapse_cleft 1612 -0.0189334434 -0.0126666915 0.00815395444 0 0 0
nt@synapse_cleft 1617 0.0115117193 -0.0303019581 0.0080927522 0 0 0
nt@synapse_cleft 1619 0.0182953316 -0.0046138278 0.0183602203 0 0 0
nt@synapse_cleft 1628 0.0170529182 0.0377069949 0.0140781024 0 0 0
nt@synapse_cleft 1635 0.0165259916 -0.0130691981 0.00705819867 0 0 0
nt@synapse_cleft 1641 0.0307991288 0.00989147799 0.00653177322 0 0 0
nt@synapse_cleft 1642 0.0219967035 -0.0243570838 0.0115057635 0 0 0
nt@synapse_cleft 1655 0.0044124699 0.0134766475 0.000176757013 0 0 0
nt@synapse_cleft 1658 0.0239614323 0.0371363566 0.0114187192 0 0 0
nt@synapse_cleft 1660 0.0187583967 0.0193856468 0.00412619685 0 0 0
nt@synapse_cleft 1675 -0.0338794134 -0.0125123939 0.0163589785 0 0 0
nt@synapse_cleft 1678 0.000381436422 -0.0143698074 0.00173342127 0 0 0
nt@synapse_cleft 1681 -0.0256933668 0.0098220489 0.00803011507 0 0 0
nt@synapse_cleft 1684 0.0049952274 -0.0330213469 0.00359359991 0 0 0
nt@synapse_cleft 1686 -0.00642478293 0.00636454654 0.0162547015 0 0 0
nt@synapse_cleft 1687 -0.0301959338 -0.0237432691 0.00364246832 0 0 0
nt@synapse_cleft 1689 0.0081397073 0.0188909551 0.0056420627 0 0 0
nt@synapse_cleft 1692 -0.0150286666 0.0175272785 0.0100783244 0 0 0
nt@synapse_cleft 1695 0.0185048469 -0.0126011266 1.53980256e-05 0 0 0
nt@synapse_cleft 1701 -0.00358672088 0.0107098209 0.016620431 0 0 0
nt@synapse_cleft 1707 -0.0234223354 -0.010987895 0.00957448823 0 0 0
nt@synapse_cleft 1708 -0.0293024614 0.014159931 0.00527346926 0 0 0
nt@synapse_cleft 1715 0.0051598563 0.00303346324 0.017294135 0 0 0
nt@synapse_cleft 1721 -0.000174546785 -0.0291860655 0.0131290952 0 0 0
nt@synapse_cleft 1725 0.0324321781 -0.00206766281 0.00718453144 0 0 0
nt@synapse_cleft 1729 0.0107680692 -0.00885709857 0.0127573941 0 0 0
nt@synapse_cleft 1736 0.025842571 0.0111678638 0.0118612374 0 0 0
nt@synapse_cleft 1741 0.00621815341 -0.0235283258 0.0142153812 0 0 0
nt@synapse_cleft 1742 0.00810543188 -0.0484767714 0.00448565121 0 0 0
nt@synapse_cleft 1743 0.0432113859 0.0405866737 0.0114649545 0 0 0
nt@synapse_cleft 1745 -0.03768639 0.0259143683 0.000708700077 0 0 0
nt@synapse_cleft 1746 0.0101277161 -0.00999859832 0.0190703778 0 0 0
nt@synapse_cleft 1748 0.0581512996 0.0148523279 0.00809745814 0 0 0
nt@synapse_cleft 1749 0.00300344439 0.00351721785 0.000971403577 0 0 0
nt@synapse_cleft 1751 0.0419649224 0.00833590053 0.0171895961 0 0 0
nt@synapse_cleft 1759 -0.00869975609 -0.0119923968 0.0192888745 0 0 0
nt@synapse_cleft 1761 -0.0292886397 0.00759453223 0.0167410705 0 0 0
nt@synapse_cleft 1762 -0.0238784773 -0.0289377568 0.0180316919 0 0 0
nt@synapse_cleft 1763 0.0434153603 -0.0259190367 0.013346497 0 0 0
nt@synapse_cleft 1768 0.00779904602 -0.0234747403 0.0145712751 0 0 0
nt@synapse_cleft 1775 -0.00544270173 -0.00290390228 0.00237253498 0 0 0
nt@synapse_cleft 1778 0.0476427534 -0.0550194366 0.0120257675 0 0 0
nt@synapse_cleft 1781 -0.0191791674 0.03437807 0.0070165936 0 0 0
nt@synapse_cleft 1793 0.0186489109 0.0345733574 0.0166779303 0 0 0
nt@synapse_cleft 1795 0.0333803145 -0.00731691148 0.0115951033 0 0 0
nt@synapse_cleft 1799 -0.0278209184 0.00786858029 0.00709525234 0 0 0
nt@synapse_cleft 1804 0.00958336527 0.00061751789 0.00899636902 0 0 0
nt@synapse_cleft 1805 -0.0124134377 -6.15897083e-05 0.0166570608 0 0 0
nt@synapse_cleft 1806 -0.0123289119 0.00728413679 0.00898879433 0 0 0
nt@synapse_cleft 1810 -0.0538714092 -0.0449156266 0.0166192756 0 0 0
nt@synapse_cleft 1811 -0.00491168932 0.00546607322 0.00311588459 0 0 0
nt@synapse_cleft 1812 -0.00293231979 0.0442685853 0.0108123909 0 0 0
nt@synapse_cleft 1815 -0.00901557162 0.014188027 0.0137495901 0 0 0
nt@synapse_cleft 1824 0.0156161387 0.0037938438 0.00261007286 0 0 0
nt@synapse_cleft 1826 0.0251174106 -0.0134299953 0.0143091647 0 0 0
nt@synapse_cleft 1829 0.0470632171 -0.016154132 0.0161326885 0 0 0
nt@synapse_cleft 1830 -0.0359997412 -0.0119265551 0.0125167818 0 0 0
nt@synapse_cleft 1837 -0.0365464962 -0.00982576082 0.00980986616 0 0 0
nt@synapse_cleft 1838 -0.0129368671 -0.0357546282 0.00776569504 0 0 0
nt@synapse_cleft 1840 -0.0186649589 -0.00402486295 0.00926825125 0 0 0
nt@synapse_cleft 1843 0.0315722504 -0.00598186922 0.00979456244 0 0 0
nt@synapse_cleft 1846 -0.0206830634 0.00331678058 0.00910757276 0 0 0
nt@synapse_cleft 1849 0.0449143302 0.00160278564 0.0102805974 0 0 0
nt@synapse_cleft 1853 0.0630639693 -0.0203564231 0.0111910683 0 0 0
nt@synapse_cleft 1854 0.00766970289 -0.0140196388 0.00230951525 0 0 0
nt@synapse_cleft 1855 -0.0238904284 0.00884620799 0.00998506321 0 0 0
nt@synapse_cleft 1856 0.0158787834 -0.0141430029 0.0147499873 0 0 0
nt@synapse_cleft 1864 -0.000897494972 -0.0201511625 0.00890272597 0 0 0
nt@synapse_cleft 1868 -0.0262084613 0.00316106203 0.0110099181 0 0 0
nt@synapse_cleft 1872 -0.00198496333 -0.00624413544 0.0121799313 0 0 0
nt@synapse_cleft 1873 -0.0631688625 -0.00705119176 0.0056939259 0 0 0
nt@synapse_cleft 1875 -0.0267852172 0.01403616 0.00041666636 0 0 0
nt@synapse_cleft 1877 0.00542789844 0.022348621 0.0116011122 0 0 0
nt@synapse_cleft 1879 0.0560518785 -0.0518258577 0.0143700239 0 0 0
nt@synapse_cleft 1880 -0.0243711724 -0.0234788847 0.00836400725 0 0 0
nt@synapse_cleft 1883 0.0139788189 0.0138532067 0.0136330091 0 0 0
nt@synapse_cleft 1885 -0.00914126856 0.00686664083 0.00569659565 0 0 0
nt@synapse_cleft 1887 -0.00799572867 0.0319417103 0.00273169582 0 0 0
nt@synapse_cleft 1892 -0.000565387641 0.00855231975 0.0082893456 0 0 0
nt@synapse_cleft 1894 -0.0136204561 0.0144338701 0.0164315444 0 0 0
nt@synapse_cleft 1896 0.0227960755 -0.0106385915 0.00592581742 0 0 0
nt@synapse_cleft 1900 -0.00690172596 -0.0158154817 0.00183378182 0 0 0
nt@synapse_cleft 1904 -0.0366973002 0.0353181056 0.00366424098 0 0 0
nt@synapse_cleft 1914 0.003272629 0.0138102646 0.00492100589 0 0 0
nt@synapse_cleft 1918 -0.0182138053 0.0569753596 0.0149383021 0 0 0
nt@synapse_cleft 1921 0.00323144261 -0.0163992354 0.0091891398 0 0 0
nt@synapse_cleft 1923 -0.0109659391 0.0260022779 0.0196909125 0 0 0
nt@synapse_cleft 1925 0.00360939537 0.0255685925 0.0125494701 0 0 0
nt@synapse_cleft 1926 0.014763256 -0.00154932905 0.0157911073 0 0 0
nt@synapse_cleft 1932 0.0155163337 -0.0162097416 0.0159140496 0 0 0
nt@synapse_cleft 1942 0.0265693979 -0.0314131316 0.000348398078 0 0 0
nt@synapse_cleft 1944 0.0025446401 0.0194791407 0.0162158426 0 0 0
nt@synapse_cleft 1946 -0.0176556507 -0.00733603752 0.00575618192 0 0 0
nt@synapse_cleft 1953 -0.0201108348 -0.0196546418 0.00453932485 0 0 0
nt@synapse_cleft 1961 0.0335839889 0.0186581292 0.0096596346 0 0 0
nt@synapse_cleft 1964 -0.0124239372 -0.00515118701 0.0122112513 0 0 0
nt@synapse_cleft 1967 0.0226610321 -0.0268992181 0.0126428007 0 0 0
nt@synapse_cleft 1970 -0.0162452825 -0.036643493 0.00584874681 0 0 0
nt@synapse_cleft 1973 0.0275132286 0.038121701 0.0182269065 0 0 0
nt@synapse_cleft 1976 -0.0339126319 -0.017477386 0.000924605828 0 0 0
nt@synapse_cleft 1980 -0.0158214934 -0.0211347558 0.00842203452 0 0 0
nt@synapse_cleft 1984 -0.0529502979 -0.0158214772 0.000391748246 0 0 0
nt@synapse_cleft 1989 -0.0204879625 0.0118975216 0.0161788562 0 0 0
nt@synapse_cleft 1990 0.0201751982 0.0247635435 0.00450991087 0 0 0
nt@synapse_cleft 1993 -0.00218207869 -0.017563082 0.0192595969 0 0 0
nt@synapse_cleft 1997 0.000216618979 0.018932394 0.0130570951 0 0 0
nt@synapse_cleft 2004 -0.0178933628 0.00882851184 0.0152698065 0 0 0
nt@synapse_cleft 2007 0.00540742277 0.00722687136 0.0160354623 0 0 0
nt@synapse_cleft 2008 0.0256014857 0.00793138059 0.0145215336 0 0 0
nt@synapse_cleft 2013 -0.0159884557 -0.00591810042 0.0076280181 0 0 0
nt@synapse_cleft 2014 0.017102105 0.018072848 0.0140473792 0 0 0
nt@synapse_cleft 2019 0.0231316922 -0.0150377864 0.0187105067 0 0 0
nt@synapse_cleft 2026 0.0578364831 0.00133338507 0.00735539795 0 0 0
nt@synapse_cleft 2027 -0.00589567683 -0.0284342656 0.00107393642 0 0 0
nt@synapse_cleft 2032 -0.0256822853 -0.00675228712 0.0175958264 0 0 0
nt@synapse_cleft 2035 0.0519218842 0.0170626073 0.000682827841 0 0 0
nt@synapse_cleft 2036 0.0512187351 -0.0261766017 0.0196838987 0 0 0
nt@synapse_cleft 2039 0.0335734134 0.010770214 0.0151408412 0 0 0
nt@synapse_cleft 2041 0.0343069608 0.00362712049 0.0154176792 0 0 0
nt@synapse_cleft 2044 0.0146586987 -0.0242020193 0.00551211525 0 0 0
nt@synapse_cleft 2052 0.00478332979 -0.0141835327 0.0168997541 0 0 0
nt@synapse_cleft 2058 -0.00597610283 -0.0358468064 0.0131715408 0 0 0
nt@synapse_cleft 2061 0.0135364418 -0.000281471286 0.00561241502 0 0 0
nt@synapse_cleft 2064 0.0237355587 0.0277299807 0.00443343062 0 0 0
nt@synapse_cleft 2091 -0.0160752831 0.0224651306 0.0148680224 0 0 0
nt@synapse_cleft 2092 0.018600207 0.0259785153 0.0115545855 0 0 0
nt@synapse_cleft 2094 -0.00728737002 0.000199754498 0.0113027838 0 0 0
nt@synapse_cleft 2096 -0.00931264136 -0.0040908044 0.00197564436 0 0 0
nt@synapse_cleft 2101 -0.0121419579 -0.0140783319 0.0109615754 0 0 0
nt@synapse_cleft 2104 0.0218830879 0.00575958856 0.0154668915 0 0 0
nt@synapse_cleft 2112 -0.01556504 -0.0202614827 0.00271541558 0 0 0
nt@synapse_cleft 2115 -0.0235479324 0.00569900434 0.013692792 0 0 0
nt@synapse_cleft 2124 -0.0021640083 0.0411379956 0.0107986263 0 0 0
nt@synapse_cleft 2127 0.0174282521 0.0104992448 0.00689777035 0 0 0
nt@synapse_cleft 2133 0.00703123066 -0.00696628467 0.00589515483 0 0 0
nt@synapse_cleft 2137 -0.0379797159 0.0458276403 0.00540539109 0 0 0
nt@synapse_cleft 2148 0.0295084678 -0.0516338938 0.00350807066 0 0 0
nt@synapse_cleft 2156 0.0325203256 -0.0295795635 0.0177911907 0 0 0
nt@synapse_cleft 2162 -0.013605991 0.0179615789 0.00917108747 0 0 0
nt@synapse_cleft 2163 0.0145717777 -0.000944888045 0.0139435181 0 0 0
nt@synapse_cleft 2170 0.0195366182 0.00173142592 0.0164125809 0 0 0
nt@synapse_cleft 2177 -0.0108680697 -0.0276258098 0.000515337625 0 0 0
nt@synapse_cleft 2185 -0.0059686872 -0.00578596934 0.0114803236 0 0 0
nt@synapse_cleft 2187 -0.00954599215 0.0064011749 0.00988197594 0 0 0
nt@synapse_cleft 2188 -0.000739225572 0.0408312236 0.00551147357 0 0 0
nt@synapse_cleft 2199 0.00364187679 -0.0233856717 0.00602634206 0 0 0
nt@synapse_cleft 2204 -0.0341297345 -0.00469657044 0.0165782304 0 0 0
nt@synapse_cleft 2206 -0.0189764416 -0.0139855589 0.0124704846 0 0 0
nt@synapse_cleft 2207 0.0291143207 0.00756326056 0.0134240735 0 0 0
nt@synapse_cleft 2217 0.0264945048 -0.0350657576 0.00891319516 0 0 0
nt@synapse_cleft 2218 0.00871034649 0.0130155199 0.019719728 0 0 0
nt@synapse_cleft 2223 -0.0213313459 0.0169255024 0.00508151846 0 0 0
nt@synapse_cleft 2228 -0.0114111136 0.00619322676 0.0062617117 0 0 0
nt@synapse_cleft 2235 -0.00508669844 -0.0159913414 0.00900274333 0 0 0
nt@synapse_cleft 2236 -0.00165974563 0.0181851396 0.0138548388 0 0 0
nt@synapse_cleft 2248 -0.0342023794 -0.000295945181 0.00718175034 0 0 0
nt@synapse_cleft 2251 -0.00383267494 -0.00512328421 0.019003037 0 0 0
nt@synapse_cleft 2254 -0.00494148433 -0.0163348635 0.0168908982 0 0 0
nt@synapse_cleft 2257 -0.00116738115 0.000169399535 0.004098758 0 0 0
nt@synapse_cleft 2262 -0.00228763676 0.0318052884 0.0130721851 0 0 0
nt@synapse_cleft 2265 0.0327798601 0.0247171285 0.00421712647 0 0 0
nt@synapse_cleft 2269 -0.0357945302 0.0218445826 0.0025181995 0 0 0
nt@synapse_cleft 2271 -0.067060729 0.023726301 0.00909871006 0 0 0
nt@synapse_cleft 2274 -0.00757735782 0.0433288807 0.00450272452 0 0 0
nt@synapse_cleft 2278 0.0278964734 0.0324287475 0.0060895522 0 0 0
nt@synapse_cleft 2279 -0.00983205102 0.0128380537 0.00480893784 0 0 0
nt@synapse_cleft 2283 0.0272708455 -0.0273303169 0.00984514801 0 0 0
nt@synapse_cleft 2284 0.0296037058 -0.00325204308 0.0114024077 0 0 0
nt@synapse_cleft 2285 -0.0183414241 -0.0106095878 0.0181720224 0 0 0
nt@synapse_cleft 2289 0.00887165947 -0.00282649102 0.00951033083 0 0 0
nt@synapse_cleft 2292 -0.0158841429 0.00242193552 0.0168203011 0 0 0
nt@synapse_cleft 2298 -0.0397855065 -0.0241461269 0.0195709532 0 0 0
nt@synapse_cleft 2306 -0.00288739527 -0.047253862 0.00935521672 0 0 0
nt@synapse_cleft 2308 -0.0308178163 0.0130358166 0.00916507041 0 0 0
nt@synapse_cleft 2309 -0.00121982626 -0.00775340821 0.0157204333 0 0 0
nt@synapse_cleft 2314 -0.00855514619 -0.0335939391 0.0126413477 0 0 0
nt@synapse_cleft 2317 0.0384117146 0.00828641761 0.00661360186 0 0 0
nt@synapse_cleft 2320 0.0196941135 -0.0299805699 0.00233619245 0 0 0
nt@synapse_cleft 2321 0.0472808022 0.00676535691 0.00235884431 0 0 0
nt@synapse_cleft 2326 0.0230756955 0.022856401 0.000695666746 0 0 0
nt@synapse_cleft 2327 -0.0330394821 -0.0404417685 0.0151059432 0 0 0
nt@synapse_cleft 2330 -0.0425708925 0.0184042602 0.0130538056 0 0 0
nt@synapse_cleft 2332 -0.0198895334 -0.00201218429 0.019050807 0 0 0
nt@synapse_cleft 2343 0.00929916447 0.00203672657 0.0058805017 0 0 0
nt@synapse_cleft 2349 0.036081888 -0.00226146177 0.0116442293 0 0 0
nt@synapse_cleft 2367 -0.019955841 -0.0367211267 0.0140360217 0 0 0
nt@synapse_cleft 2369 -0.0158708693 0.000714604015 0.00718556493 0 0 0
nt@synapse_cleft 2383 0.0160016538 -0.0402154962 0.0148765338 0 0 0
nt@synapse_cleft 2386 -0.0124913751 -0.0179510325 0.00409322128 0 0 0
nt@synapse_cleft 2389 -0.000686887792 -0.0238695513 0.00566101283 0 0 0
nt@synapse_cleft 2397 0.00882072992 -0.0559660979 0.0146316264 0 0 0
nt@synapse_cleft 2400 -0.0258399916 -0.0431388095 0.015043997 0 0 0
nt@synapse_cleft 2410 0.0198587559 -0.000251795309 0.0133727841 0 0 0
nt@synapse_cleft 2411 0.0188530667 -0.0431979756 0.00402639227 0 0 0
nt@synapse_cleft 2412 0.00484265897 0.0158679452 0.0145974039 0 0 0
nt@synapse_cleft 2417 -0.0131128519 0.00972929681 0.00774014129 0 0 0
nt@synapse_cleft 2421 -0.0070207202 0.0209388102 0.00321749036 0 0 0
nt@synapse_cleft 2423 0.0152577396 -0.0395619367 0.00311514071 0 0 0
nt@synapse_cleft 2437 0.0246173815 0.01392839 0.00601482174 0 0 0
nt@synapse_cleft 2438 0.00906939609 -0.0411101495 0.003924865 0 0 0
nt@synapse_cleft 2440 -0.0269677771 -0.0229912928 0.0114992209 0 0 0
nt@synapse_cleft 2448 0.00654132941 -0.00202702391 0.0130644678 0 0 0
nt@synapse_cleft 2456 -0.023672369 -0.00506005783 0.0191099981 0 0 0
nt@synapse_cleft 2459 -0.00127470817 0.043382682 0.00379553434 0 0 0
nt@synapse_cleft 2462 -0.00886300897 0.0428832826 0.000241108585 0 0 0
nt@synapse_cleft 2468 -0.0552311676 -0.013222029 0.0123470297 0 0 0
nt@synapse_cleft 2472 0.0478926242 -0.0476413579 0.0197932292 0 0 0
nt@synapse_cleft 2480 -0.0112345878 -0.0157297134 0.00518889706 0 0 0
nt@synapse_cleft 2481 -0.02571816 -0.0154235951 0.00184176904 0 0 0
nt@synapse_cleft 2483 0.0352067668 0.0236199959 0.0188697997 0 0 0
nt@synapse_cleft 2491 0.0107224838 0.0025014823 0.0184313818 0 0 0
nt@synapse_cleft 2493 0.0251767554 -0.0463173447 0.00581468667 0 0 0
nt@synapse_cleft 2498 0.0123304008 -0.0144057973 0.00388480962 0 0 0
nt@synapse_cleft 2501 -0.00012639289 0.00993366327 0.00220637071 0 0 0
nt@synapse_cleft 2502 0.0135527825 -0.0398043432 0.0188865937 0 0 0
nt@synapse_cleft 2509 -0.00573944839 -0.0208215072 0.0192724743 0 0 0
nt@synapse_cleft 2510 -0.00466821194 0.00206260991 0.0139572303 0 0 0
nt@synapse_cleft 2513 0.00199099102 0.00928928321 0.0044705288 0 0 0
nt@synapse_cleft 2517 -0.00613914032 -0.00331412242 0.0197519148 0 0 0
nt@synapse_cleft 2520 0.0288184514 0.0213964588 0.00687103059 0 0 0
nt@synapse_cleft 2521 0.00401660276 0.0161694737 0.00608652703 0 0 0
nt@synapse_cleft 2525 0.026655747 0.012835566 0.00347512296 0 0 0
nt@synapse_cleft 2528 -0.0110118156 0.000882880435 0.0135281983 0 0 0
nt@synapse_cleft 2539 -0.0071868751 0.0175876116 0.0131751948 0 0 0
nt@synapse_cleft 2542 0.018593627 -0.0204838402 0.0179046059 0 0 0
nt@synapse_cleft 2549 -0.00760557827 0.0637471058 0.017388296 0 0 0
nt@synapse_cleft 2550 0.0373295478 -0.00965659764 0.00581506947 0 0 0
nt@synapse_cleft 2555 0.0535922355 -0.0194158586 0.00318682959 0 0 0
nt@synapse_cleft 2560 -0.0315603689 0.0146347919 0.00203439315 0 0 0
nt@synapse_cleft 2561 0.0223408628 0.0484959028 0.00605457371 0 0 0
nt@synapse_cleft 2563 0.00720736 0.0167091532 0.0131825023 0 0 0
nt@synapse_cleft 2564 -0.0182535718 0.0467839312 0.00753876618 0 0 0
nt@synapse_cleft 2566 -0.00293448183 0.00150077565 0.00406575782 0 0 0
nt@synapse_cleft 2570 0.0131830941 0.000315756053 0.00625208576 0 0 0
nt@synapse_cleft 2571 0.0138149753 -0.0447818784 0.00758616974 0 0 0
nt@synapse_cleft 2577 0.0036288133 0.0271734339 0.0130421881 0 0 0
nt@synapse_cleft 2586 0.0486801325 -0.00868506274 0.0178191325 0 0 0
nt@synapse_cleft 2591 -0.00548740953 -0.0104680433 0.00278632558 0 0 0
nt@synapse_cleft 2593 0.0505884806 0.0506591232 0.0173417979 0 0 0
nt@synapse_cleft 2597 -0.0213289204 0.00695206833 0.00518306396 0 0 0
nt@synapse_cleft 2600 0.0146124676 0.0488970195 0.0111042596 0 0 0
nt@synapse_cleft 2603 0.0127215502 -0.0109219534 0.0161040041 0 0 0
nt@synapse_cleft 2604 0.0299897824 -0.00730593443 0.00729207585 0 0 0
nt@synapse_cleft 2610 0.00156235856 -0.0329913247 0.00198176297 0 0 0
nt@synapse_cleft 2613 -0.0344220468 -0.02612354 0.0166400353 0 0 0
nt@synapse_cleft 2615 -0.0107296278 -0.0723586962 0.00875783096 0 0 0
nt@synapse_cleft 2617 -0.0153841462 0.0198796317 0.0159983895 0 0 0
nt@synapse_cleft 2623 -0.018147488 -0.0260039302 0.00817804413 0 0 0
nt@synapse_cleft 2625 -0.0530785641 -0.0239814422 0.00147859064 0 0 0
nt@synapse_cleft 2628 0.0301828562 -0.0225921529 0.0199597424 0 0 0
nt@synapse_cleft 2631 -0.00303784764 0.0238668223 0.0131515884 0 0 0
nt@synapse_cleft 2639 0.0150262538 -0.00969827977 0.00273704605 0 0 0
nt@synapse_cleft 2641 -0.0240871766 -0.0190766419 0.00264714271 0 0 0
nt@synapse_cleft 2645 0.00850778111 0.026655074 0.0002606998 0 0 0
nt@synapse_cleft 2650 0.0282396371 -0.00844281788 0.0079212034 0 0 0
nt@synapse_cleft 2652 -0.0125867725 0.00485996383 0.0129087926 0 0 0
nt@synapse_cleft 2660 -0.00908605785 -0.0264251714 0.0180575628 0 0 0
nt@synapse_cleft 2670 -0.0354268194 -0.0110484966 0.00502814484 0 0 0
nt@synapse_cleft 2674 -0.0170876207 0.00200034637 0.00331982167 0 0 0
nt@synapse_cleft 2675 -0.0116157892 0.00993297503 0.0125634518 0 0 0
nt@synapse_cleft 2680 -0.057791165 -0.0257960495 0.0122420598 0 0 0
nt@synapse_cleft 2681 -0.0321092631 -0.0203078029 0.0127916306 0 0 0
nt@synapse_cleft 2688 -0.055003434 0.0593134558 0.0121196136 0 0 0
nt@synapse_cleft 2702 -0.000692452167 -0.00923232742 0.000354936048 0 0 0
nt@synapse_cleft 2708 -0.0365432739 0.00214876585 0.00628744595 0 0 0
nt@synapse_cleft 2709 -0.00112204179 0.00454419572 0.0142494716 0 0 0
nt@synapse_cleft 2710 -0.0062764406 -0.0202941482 0.00933936609 0 0 0
nt@synapse_cleft 2713 -0.00106218953 -0.0238935921 0.0144660883 0 0 0
nt@synapse_cleft 2714 0.0406544627 0.0233626792 0.0100722662 0 0 0
nt@synapse_cleft 2720 0.0120111919 0.0167053593 0.00879872555 0 0 0
nt@synapse_cleft 2724 0.00773203515 -0.011970917 0.0067245716 0 0 0
nt@synapse_cleft 2729 0.0306100647 -0.0111484512 0.0183979619 0 0 0
nt@synapse_cleft 2734 0.0357541713 0.00104170566 0.0144629601 0 0 0
nt@synapse_cleft 2739 0.0318295274 -0.0137384774 0.0151627114 0 0 0
nt@synapse_cleft 2743 -0.00408370318 -0.0282243009 0.0167859321 0 0 0
nt@synapse_cleft 2750 0.040235159 -0.0321669567 0.00873692889 0 0 0
nt@synapse_cleft 2752 -0.0187506154 -0.0104623266 0.012126832 0 0 0
nt@synapse_cleft 2756 0.0322510976 -0.0127031925 0.00379257781 0 0 0
nt@synapse_cleft 2758 -0.00288405066 -0.0147195904 0.0149557732 0 0 0
nt@synapse_cleft 2766 -0.0447932992 0.0260845118 0.0198054537 0 0 0
nt@synapse_cleft 2775 0.0375352723 -0.0190811133 0.0174104811 0 0 0
nt@synapse_cleft 2785 0.00397075317 0.028002649 0.00937554493 0 0 0
nt@synapse_cleft 2798 -0.0254670816 0.0137552556 0.0105820327 0 0 0
nt@synapse_cleft 2807 -0.0151348802 0.0212205038 0.0102215622 0 0 0
nt@synapse_cleft 2808 0.0166413548 0.0470465154 0.00937482771 0 0 0
nt@synapse_cleft 2815 -7.97104852e-05 0.00566925216 0.0166256038 0 0 0
nt@synapse_cleft 2820 0.0125439521 0.00127978666 0.0110983085 0 0 0
nt@synapse_cleft 2828 0.0256574226 -0.0504248874 0.00119867481 0 0 0
nt@synapse_cleft 2837 -0.00924995098 0.00898973927 0.0174863333 0 0 0
nt@synapse_cleft 2848 0.00921372094 0.0125712642 4.60560149e-05 0 0 0
nt@synapse_cleft 2854 0.0123543666 -0.00629020007 0.00359836233 0 0 0
nt@synapse_cleft 2855 -0.0216474449 -0.024340017 0.00265060967 0 0 0
nt@synapse_cleft 2857 0.0212906408 -0.0256479317 0.0134512772 0 0 0
nt@synapse_cleft 2861 -0.0277290754 -0.00565315131 0.0032213065 0 0 0
nt@synapse_cleft 2863 -0.0294538959 0.0106013752 0.00397578418 0 0 0
nt@synapse_cleft 2868 0.00517003793 0.0173204255 0.00248720388 0 0 0
nt@synapse_cleft 2871 0.00655748234 -0.0488846154 0.0166820777 0 0 0
nt@synapse_cleft 2875 0.00901136303 0.013375899 0.0178293929 0 0 0
nt@synapse_cleft 2876 -0.0238896499 0.00125694312 0.0170137944 0 0 0
nt@synapse_cleft 2880 0.00552517316 0.0161545279 0.0148329621 0 0 0
nt@synapse_cleft 2884 0.0390318827 -0.00568701249 0.0165216936 0 0 0
nt@synapse_cleft 2887 0.00382800996 -0.0201896237 0.0192320521 0 0 0
nt@synapse_cleft 2894 0.016401555 0.0172327999 0.00305871875 0 0 0
nt@synapse_cleft 2895 0.0673954182 -0.000440420622 0.0139163575 0 0 0
nt@synapse_cleft 2897 0.00585569085 -0.0317642249 0.0170243302 0 0 0
nt@synapse_cleft 2905 -0.0165817892 0.0241058449 0.0105697924 0 0 0
nt@synapse_cleft 2909 0.032067647 -0.006548744 0.0120037578 0 0 0
nt@synapse_cleft 2910 -0.046363308 0.0145462386 0.0188654774 0 0 0
nt@synapse_cleft 2912 0.0204348726 -0.0109593085 0.00926314078 0 0 0
nt@synapse_cleft 2915 0.0158662047 -0.0300497654 0.0133676233 0 0 0
nt@synapse_cleft 2918 -0.011136125 -0.0614609144 0.0121541191 0 0 0
nt@synapse_cleft 2920 0.0163218178 -0.00818538239 0.017511048 0 0 0
nt@synapse_cleft 2921 0.000765765951 0.0425659688 0.000182247853 0 0 0
nt@synapse_cleft 2922 0.0710112743 -0.021019875 0.0134871452 0 0 0
nt@synapse_cleft 2925 -0.0138982412 0.020503665 0.0161416198 0 0 0
nt@synapse_cleft 2928 -0.00652527853 0.0551254935 0.00895299799 0 0 0
nt@synapse_cleft 2933 -0.0120335962 -0.0090487448 0.00957219621 0 0 0
nt@synapse_cleft 2935 -0.0314057843 -0.00317144115 0.015750438 0 0 0
nt@synapse_cleft 2940 0.00565492848 -0.0274164224 0.000848590718 0 0 0
nt@synapse_cleft 2945 -0.0285882385 -0.0163680051 0.0151283439 0 0 0
nt@synapse_cleft 2946 0.0114758133 -0.00554504688 0.010034618 0 0 0
nt@synapse_cleft 2955 -0.0275474126 -0.00899206322 0.00963991166 0 0 0
nt@synapse_cleft 2961 0.0727724714 -0.0292548254 0.00394397997 0 0 0
nt@synapse_cleft 2962 0.0182832208 0.0131525056 0.00942836151 0 0 0
nt@synapse_cleft 2967 -0.0167540805 -0.0531732622 0.0125261701 0 0 0
nt@synapse_cleft 2983 0.00753571419 -0.0507723923 0.00387918653 0 0 0
nt@synapse_cleft 2992 -0.0285575657 0.0220726595 0.00644754251 0 0 0
nt@synapse_cleft 2993 0.000640564627 0.0438341823 0.00075724567 0 0 0
nt@synapse_cleft 2997 0.0265439111 -0.0156790942 0.00746812149 0 0 0
nt@synapse_cleft 3006 0.0232560926 0.0284806138 0.00939661883 0 0 0
nt@synapse_cleft 3008 0.0172943166 0.0555981123 0.0126301553 0 0 0
nt@synapse_cleft 3012 0.0263191316 -0.0060868005 0.0108153048 0 0 0
nt@synapse_cleft 3019 -0.0122305147 0.00165568875 0.0124631248 0 0 0
nt@synapse_cleft 3020 -0.0221098096 -0.0173691414 0.00537394916 0 0 0
nt@synapse_cleft 3024 0.015463819 0.0181346134 0.00948048085 0 0 0
nt@synapse_cleft 3026 -0.0153919058 0.00628669488 0.0144829372 0 0 0
nt@synapse_cleft 3042 -0.00585511108 0.0141319266 0.0144899637 0 0 0
nt@synapse_cleft 3047 0.030758184 0.0465589627 0.00247788924 0 0 0
nt@synapse_cleft 3057 0.0116992073 -0.0128745898 0.0157440457 0 0 0
nt@synapse_cleft 3061 0.00195859678 0.0300072645 0.00178784194 0 0 0
nt@synapse_cleft 3062 -0.000180529254 -0.020768997 0.00711508445 0 0 0
nt@synapse_cleft 3069 0.0445528156 -0.0340499726 0.0137154293 0 0 0
nt@synapse_cleft 3073 0.00193131227 0.0356082766 0.007905056 0 0 0
nt@synapse_cleft 3078 -0.0277401572 -0.0172394361 0.00682752357 0 0 0
nt@synapse_cleft 3082 0.0182730321 0.0207295058 0.0198436985 0 0 0
nt@synapse_cleft 3089 0.00103351275 -0.00929245881 0.0105137105 0 0 0
nt@synapse_cleft 3096 -0.00194418256 0.0356259679 0.000725887421 0 0 0
nt@synapse_cleft 3097 0.0372370021 0.0171934766 0.00551862102 0 0 0
nt@synapse_cleft 3099 -0.0188501281 0.017250999 0.00873993841 0 0 0
nt@synapse_cleft 3109 -0.0264494706 0.0205638978 0.0153773885 0 0 0
nt@synapse_cleft 3111 -0.0106356677 -0.00846814155 0.00398070905 0 0 0
nt@synapse_cleft 3113 -0.010344186 0.0247462337 0.0125724067 0 0 0
nt@synapse_cleft 3114 0.0201948999 0.0248650245 0.0175804307 0 0 0
nt@synapse_cleft 3122 -0.009221991 -0.00181408727 0.00227419172 0 0 0
nt@synapse_cleft 3132 -0.0160078973 -0.00450088156 0.00378666999 0 0 0
nt@synapse_cleft 3134 0.00850042305 0.028203635 0.017304958 0 0 0
nt@synapse_cleft 3150 0.0250734954 -0.0711842966 0.0140996849 0 0 0
nt@synapse_cleft 3155 -0.00236087821 0.0179416215 0.0173421397 0 0 0
nt@synapse_cleft 3158 -0.0168940993 -0.00395599463 0.00176132039 0 0 0
nt@synapse_cleft 3159 -0.0245427067 0.0183090887 0.0180088785 0 0 0
nt@synapse_cleft 3165 0.0210443615 -0.00010380745 0.0107127326 0 0 0
nt@synapse_cleft 3167 0.00150122852 0.0220251082 0.0134273593 0 0 0
nt@synapse_cleft 3177 0.020675573 -0.0371316402 0.00149941171 0 0 0
nt@synapse_cleft 3178 -0.0108567568 -0.0222188525 0.00183966563 0 0 0
nt@synapse_cleft 3179 0.0165706917 -0.00789773715 0.00445578507 0 0 0
nt@synapse_cleft 3181 -0.000884280635 0.0276458013 0.00995911662 0 0 0
nt@synapse_cleft 3182 -0.00646405582 -0.0106379214 0.0153841463 0 0 0
nt@synapse_cleft 3183 -0.00331782161 -0.0270556599 0.0155731241 0 0 0
nt@synapse_cleft 3184 0.00556964498 0.0160735149 0.000410475758 0 0 0
nt@synapse_cleft 3185 -0.00191012145 -0.0132940792 0.00427640729 0 0 0
nt@synapse_cleft 3187 -0.0239919448 0.0090383044 0.0165062901 0 0 0
nt@synapse_cleft 3190 0.0228177204 -0.000135321172 0.00369541961 0 0 0
nt@synapse_cleft 3199 0.0004272684 0.0469164619 0.0103131251 0 0 0
nt@synapse_cleft 3202 0.00181493244 0.0345043371 0.0123140263 0 0 0
nt@synapse_cleft 3207 -0.0141087471 -0.006279683 0.0135801751 0 0 0
nt@synapse_cleft 3211 0.0163022839 0.00959031841 0.00198502065 0 0 0
nt@synapse_cleft 3214 0.00147623031 -0.000386613261 0.0135973015 0 0 0
nt@synapse_cleft 3220 0.00259081522 0.0148410345 0.00388436078 0 0 0
nt@synapse_cleft 3222 -0.0493985121 -0.0206095308 0.0057938362 0 0 0
nt@synapse_cleft 3227 0.00494038867 0.00793027137 0.00749409959 0 0 0
nt@synapse_cleft 3230 -0.0714560694 -0.0257377798 0.0026934187 0 0 0
nt@synapse_cleft 3247 0.0102890713 -0.00806672804 0.0188869702 0 0 0
nt@synapse_cleft 3248 -0.021124682 -0.0300116004 0.0188706147 0 0 0
nt@synapse_cleft 3249 -0.0119815857 0.00792971608 0.00250379969 0 0 0
nt@synapse_cleft 3275 -0.00425848153 -0.00552139552 0.00706485291 0 0 0
nt@synapse_cleft 3304 0.0260972295 0.0640186707 0.0152910153 0 0 0
nt@synapse_cleft 3308 -0.0195164065 0.03308995 0.00291573877 0 0 0
nt@synapse_cleft 3312 0.00390626055 0.000403977321 0.00256401329 0 0 0
nt@synapse_cleft 3313 -0.00427848913 -0.0173225841 0.0145067162 0 0 0
nt@synapse_cleft 3316 0.0197179758 -0.00430700023 0.0103879939 0 0 0
nt@synapse_cleft 3324 -0.01077096 -0.00424288434 0.00804022937 0 0 0
nt@synapse_cleft 3326 0.00841763286 -0.0159906168 0.00356566931 0 0 0
nt@synapse_cleft 3327 -0.000582445917 -0.0352378461 0.0113871981 0 0 0
nt@synapse_cleft 3334 0.0222330352 -0.000449881534 0.0108615704 0 0 0
nt@synapse_cleft 3335 0.0355032643 0.00353736331 0.0102558419 0 0 0
nt@synapse_cleft 3338 0.0120166054 -0.0388995822 0.0128637001 0 0 0
nt@synapse_cleft 3341 0.025289421 0.00536934446 0.00625108637 0 0 0
nt@synapse_cleft 3342 0.00707089645 -0.0119789584 0.0167687569 0 0 0
nt@synapse_cleft 3347 0.0147481499 -0.0405766105 0.00692283736 0 0 0
nt@synapse_cleft 3354 -0.0180308025 -0.0204286419 0.00968256854 0 0 0
nt@synapse_cleft 3367 0.00510020845 0.0220492712 0.0169553288 0 0 0
nt@synapse_cleft 3372 -0.0452547223 -0.0215086444 0.0142789825 0 0 0
nt@synapse_cleft 3375 0.0440270532 0.0228792762 0.0159042011 0 0 0
nt@synapse_cleft 3378 0.013884058 0.0372195348 0.00104769366 0 0 0
nt@synapse_cleft 3394 -0.00603083045 -0.0160242106 0.015328744 0 0 0
nt@synapse_cleft 3401 0.0418555106 -0.00987772608 0.0159898008 0 0 0
nt@synapse_cleft 3402 -0.00778767953 -0.0157468376 0.000227682079 0 0 0
nt@synapse_cleft 3404 0.01873274 -0.0198186741 0.00580428879 0 0 0
nt@synapse_cleft 3405 0.0238312083 0.0297186586 0.0093961593 0 0 0
nt@synapse_cleft 3407 0.0113990571 0.0511588937 0.00450798612 0 0 0
nt@synapse_cleft 3413 0.021428205 0.0186812911 0.00498659862 0 0 0
nt@synapse_cleft 3415 -0.0183595164 0.0194836169 0.018224372 0 0 0
nt@synapse_cleft 3419 -0.0275078429 0.0233564654 0.00407053907 0 0 0
nt@synapse_cleft 3429 0.0402869238 -0.0192193201 0.0146436988 0 0 0
nt@synapse_cleft 3432 0.0477190101 -0.0626019576 0.00461357285 0 0 0
nt@synapse_cleft 3445 0.0104578419 0.0188585596 0.0167862168 0 0 0
nt@synapse_cleft 3451 0.0209778433 0.0133619316 0.00318943718 0 0 0
nt@synapse_cleft 3455 0.000485607645 -0.0104394862 0.0132571586 0 0 0
nt@synapse_cleft 3467 -0.0651515066 0.00729088424 0.0117971559 0 0 0
nt@synapse_cleft 3470 0.0220718291 -0.0154761327 0.0188589169 0 0 0
nt@synapse_cleft 3472 -0.0214904462 0.0120471354 0.0192606551 0 0 0
nt@synapse_cleft 3474 0.0290933751 -0.00163104756 0.00102853287 0 0 0
nt@synapse_cleft 3482 -0.0697512575 -0.0462517251 0.0131992452 0 0 0
nt@synapse_cleft 3484 -0.0110538846 0.0184124124 0.0113219504 0 0 0
nt@synapse_cleft 3496 -0.00405119189 -0.00505280769 0.0145485667 0 0 0
nt@synapse_cleft 3500 0.0200818228 -0.0320251776 0.0191198595 0 0 0
nt@synapse_cleft 3502 0.0342078268 0.0290495902 0.00265967823 0 0 0
nt@synapse_cleft 3507 -0.0183283073 -0.00491748898 0.0149229435 0 0 0
nt@synapse_cleft 3511 0.0231734193 -0.0244835713 0.0135005938 0 0 0
nt@synapse_cleft 3514 -0.0062926408 -0.0165546867 0.0149653474 0 0 0
nt@synapse_cleft 3519 0.0425311136 -0.0347071816 0.0159688803 0 0 0
nt@synapse_cleft 3525 -0.0108704397 -0.0155067999 0.00207711073 0 0 0
nt@synapse_cleft 3526 0.0138013324 -0.0469903982 0.00119338756 0 0 0
nt@synapse_cleft 3535 -0.00261299627 -0.00714763656 0.00182986654 0 0 0
nt@synapse_cleft 3536 -0.00766589075 0.00922510721 0.0106230683 0 0 0
nt@synapse_cleft 3538 -0.0194327562 0.0137811305 0.00156624078 0 0 0
nt@synapse_cleft 3542 0.00332462246 0.0424328183 0.00270907189 0 0 0
nt@synapse_cleft 3543 -0.0207463119 -0.00789039393 0.00687621815 0 0 0
nt@synapse_cleft 3546 0.00301907675 0.012111967 0.0126328074 0 0 0
nt@synapse_cleft 3561 -0.0136668988 0.0148829308 0.00382835277 0 0 0
nt@synapse_cleft 3562 -0.0597552822 -0.0047172093 0.00140970268 0 0 0
nt@synapse_cleft 3563 0.0111541212 -0.0134492328 0.0179567855 0 0 0
nt@synapse_cleft 3565 0.0288920283 -0.0302354898 0.0097669969 0 0 0
nt@synapse_cleft 3566 -0.00550093829 0.0533784211 0.00145612509 0 0 0
nt@synapse_cleft 3567 0.00459051031 0.00824625538 0.0123697487 0 0 0
nt@synapse_cleft 3568 0.0300804625 -0.0383007044 0.0149081856 0 0 0
nt@synapse_cleft 3569 0.0250728846 -0.0121619784 0.00929584102 0 0 0
nt@synapse_cleft 3575 -0.0162193485 0.00691341695 0.000300071357 0 0 0
nt@synapse_cleft 3576 0.0434919574 -0.00527975792 0.013651553 0 0 0
nt@synapse_cleft 3579 -0.00102664742 -0.0250779355 0.00145520805 0 0 0
nt@synapse_cleft 3583 -0.0142031051 0.00884818514 0.0121107026 0 0 0
nt@synapse_cleft 3592 0.0362869348 0.0311654564 0.0188292554 0 0 0
nt@synapse_cleft 3597 0.0143495661 -0.0413741934 0.0131194681 0 0 0
nt@synapse_cleft 3602 -0.0420304721 -0.0134642473 0.012695281 0 0 0
nt@synapse_cleft 3603 -0.0114309517 0.0303903217 0.0149155221 0 0 0
nt@synapse_cleft 3606 -0.0165380483 -0.00082558265 0.0121376931 0 0 0
nt@synapse_cleft 3610 -0.0035730846 0.00922253994 0.00433615324 0 0 0
nt@synapse_cleft 3611 0.0195769991 -0.00369248997 0.0113824015 0 0 0
nt@synapse_cleft 3616 -0.0249684535 0.0379143567 0.0197696283 0 0 0
nt@synapse_cleft 3617 0.00214264299 -0.0546692021 0.0135297073 0 0 0
nt@synapse_cleft 3620 0.00606427362 0.0195308743 0.0163441029 0 0 0
nt@synapse_cleft 3625 0.0263734122 0.00928588138 0.0132678437 0 0 0
nt@synapse_cleft 3630 0.0177257342 0.0209217439 0.0160560357 0 0 0
nt@synapse_cleft 3635 -0.0107998797 0.00799171018 0.00182617817 0 0 0
nt@synapse_cleft 3636 -0.028683798 -0.00350294017 0.0191747601 0 0 0
nt@synapse_cleft 3637 0.0374287484 0.0245616841 0.00354336305 0 0 0
nt@synapse_cleft 3640 -0.0138501858 0.00217479705 0.00952909403 0 0 0
nt@synapse_cleft 3642 -0.0197776 0.00990203093 0.0131407466 0 0 0
nt@synapse_cleft 3645 -0.000489578141 -0.0159144206 0.00178839567 0 0 0
nt@synapse_cleft 3656 0.0226735171 -0.0106051099 0.00494851367 0 0 0
nt@synapse_cleft 3658 0.0164747436 -0.0233021138 0.013581089 0 0 0
nt@synapse_cleft 3661 0.0249675355 0.00832299058 0.0153327473 0 0 0
nt@synapse_cleft 3664 0.0432692641 -0.0259623291 0.0118931134 0 0 0
nt@synapse_cleft 3667 -0.0230575045 0.00557937771 0.0110080502 0 0 0
nt@synapse_cleft 3670 0.0281377332 -0.0282461375 0.0191171447 0 0 0
nt@synapse_cleft 3681 0.0423272893 -0.0149812618 0.00816921616 0 0 0
nt@synapse_cleft 3689 -0.00819188659 -0.0104410694 0.0179892064 0 0 0
nt@synapse_cleft 3690 0.0160345749 -0.0200178179 0.0172553212 0 0 0
nt@synapse_cleft 3693 -0.0577416406 -0.040052186 0.00729494842 0 0 0
nt@synapse_cleft 3706 0.0328522167 -0.000569154864 0.0176142709 0 0 0
nt@synapse_cleft 3707 -0.0465893989 -0.0124511133 0.0149192746 0 0 0
nt@synapse_cleft 3713 0.034769394 -0.0203251352 0.0146653751 0 0 0
nt@synapse_cleft 3714 -0.0628741672 -0.00927885296 0.00508733367 0 0 0
nt@synapse_cleft 3726 0.00523654602 -0.060891397 0.00983457225 0 0 0
nt@synapse_cleft 3728 0.00345274411 0.0229578001 0.00542598887 0 0 0
nt@synapse_cleft 3730 0.0215441892 0.0237608529 0.0151292204 0 0 0
nt@synapse_cleft 3731 0.00245216829 0.00476707936 0.0144127642 0 0 0
nt@synapse_cleft 3737 0.00443044419 0.0167600452 0.00770204263 0 0 0
nt@synapse_cleft 3738 -0.00173973489 0.0231749093 0.0160157646 0 0 0
nt@synapse_cleft 3739 0.00809060537 0.0504501971 0.00855950986 0 0 0
nt@synapse_cleft 3745 -0.00102532574 0.0196386076 0.00456236408 0 0 0
nt@synapse_cleft 3751 0.00748379233 -0.00831808755 0.00905415653 0 0 0
nt@synapse_cleft 3758 -0.0249874799 -0.0325166263 0.00350639814 0 0 0
nt@synapse_cleft 3759 -0.00112067361 -0.0219177384 0.00881541138 0 0 0
nt@synapse_cleft 3760 -0.0145740991 0.0431762624 0.00276924195 0 0 0
nt@synapse_cleft 3763 0.05191543 0.0360420872 0.0075724003 0 0 0
nt@synapse_cleft 3768 0.00824143074 -0.0237015315 0.0179696377 0 0 0
nt@synapse_cleft 3770 0.0152283969 0.00643239278 0.0199065411 0 0 0
nt@synapse_cleft 3771 0.0160210037 0.00435749466 0.0180151659 0 0 0
nt@synapse_cleft 3775 0.00443112949 0.00552192138 0.0158732964 0 0 0
nt@synapse_cleft 3783 -0.0217930873 -0.00893925893 0.0187448645 0 0 0
nt@synapse_cleft 3788 -0.0270193897 -0.010056221 0.00568389262 0 0 0
nt@synapse_cleft 3793 -0.0181885699 -0.0222986823 0.00670045807 0 0 0
nt@synapse_cleft 3800 0.0369724105 0.00320171648 0.00986206341 0 0 0
nt@synapse_cleft 3802 0.0260625081 0.0117168448 0.00806162589 0 0 0
nt@synapse_cleft 3811 -0.0271841686 -0.00341339007 0.0180393281 0 0 0
nt@synapse_cleft 3827 0.0063052033 0.03023999 0.00667205589 0 0 0
nt@synapse_cleft 3831 0.00212008205 -0.0370513786 0.00171848094 0 0 0
nt@synapse_cleft 3834 0.0454210186 -0.0171934796 0.0134589218 0 0 0
nt@synapse_cleft 3835 0.0165640358 -0.0403543125 0.0114319789 0 0 0
nt@synapse_cleft 3841 0.0128940865 -0.0205281436 0.0104412579 0 0 0
nt@synapse_cleft 3844 -0.0131530765 -0.00921885561 0.0022766213 0 0 0
nt@synapse_cleft 3846 -0.0210392534 0.0139155958 0.00644428324 0 0 0
nt@synapse_cleft 3848 0.0271154621 0.0145037595 0.0116193433 0 0 0
nt@synapse_cleft 3850 -0.0293793029 0.00918821806 0.0119026686 0 0 0
nt@synapse_cleft 3859 0.049242478 -0.00239395602 0.0160255387 0 0 0
nt@synapse_cleft 3879 0.0164708663 -0.0346228435 0.00245229133 0 0 0
nt@synapse_cleft 3886 0.0175722946 0.0397664575 0.0136903392 0 0 0
nt@synapse_cleft 3891 -0.00276988732 -0.0137817692 0.00984885869 0 0 0
nt@synapse_cleft 3902 -0.00780621616 -0.00240428536 0.00953068429 0 0 0
nt@synapse_cleft 3907 -0.0238992191 -0.0195563361 0.00267806299 0 0 0
nt@synapse_cleft 3909 0.00988318985 0.0397653635 0.00796654741 0 0 0
nt@synapse_cleft 3917 -0.00086237742 -0.0247843204 0.00667673711 0 0 0
nt@synapse_cleft 3918 -0.00354444929 -0.0103225159 0.0049436825 0 0 0
nt@synapse_cleft 3921 0.0237358145 0.0336932924 0.0157010052 0 0 0
nt@synapse_cleft 3927 0.00922399808 0.0256192613 0.00597762053 0 0 0
nt@synapse_cleft 3932 0.0123012705 -0.00846005187 0.00542135754 0 0 0
nt@synapse_cleft 3940 -0.000344350226 -0.0278342945 0.00492079423 0 0 0
nt@synapse_cleft 3941 -0.0252738816 0.0132689083 0.000217912667 0 0 0
nt@synapse_cleft 3949 -0.0223504131 0.00163319715 0.00327010553 0 0 0
nt@synapse_cleft 3952 -0.0161164153 0.0109398724 0.00613276695 0 0 0
nt@synapse_cleft 3953 0.00986659502 -0.0170021934 8.31892271e-05 0 0 0
nt@synapse_cleft 3956 -0.0147322405 -0.0195300235 0.0115838648 0 0 0
nt@synapse_cleft 3957 0.0353480504 -0.00100200148 0.0177209855 0 0 0
nt@synapse_cleft 3958 0.0194308492 0.0148104086 0.0124120698 0 0 0
nt@synapse_cleft 3962 -0.0275189146 0.0183592173 0.00814038547 0 0 0
nt@synapse_cleft 3963 0.0166450052 0.0431101737 0.0187042548 0 0 0
nt@synapse_cleft 3965 -0.0286631159 -0.00318885075 0.00804053216 0 0 0
nt@synapse_cleft 3967 0.013689817 -0.0175116105 0.00453822147 0 0 0
nt@synapse_cleft 3968 0.0126984174 -0.00885567303 0.0194231373 0 0 0
nt@synapse_cleft 3969 0.0103941928 -0.0197543077 0.00897677146 0 0 0
nt@synapse_cleft 3973 0.0200504216 -0.00723539631 0.0185171018 0 0 0
nt@synapse_cleft 3974 -0.0333909725 0.0461875087 0.00500463369 0 0 0
nt@synapse_cleft 3977 0.00100850936 0.0265267868 0.000625575486 0 0 0
nt@synapse_cleft 3978 0.0158082746 0.00768296138 0.0160483143 0 0 0
nt@synapse_cleft 3983 -0.0174770933 -0.036246426 0.000816028545 0 0 0
nt@synapse_cleft 3988 -0.00961365796 -0.0239851087 0.01811721 0 0 0
nt@synapse_cleft 3989 0.0484563508 -0.00150522583 0.00737163266 0 0 0
nt@synapse_cleft 3991 0.0734436287 -0.0250431322 5.14882897e-05 0 0 0
nt@synapse_cleft 3992 -0.000504643334 0.00920663304 0.0182967788 0 0 0
nt@synapse_cleft 3993 -0.0446588319 0.00751582524 0.0145758923 0 0 0
nt@synapse_cleft 3997 -0.05812982 -0.0028192786 0.0148944406 0 0 0
nt@synapse_cleft 3999 -0.0410968957 -0.00485368454 0.0194220092 0 0 0
nt@synapse_cleft 4009 -0.000180321591 -0.0191752507 0.00670673051 0 0 0
nt@synapse_cleft 4011 0.0137414029 0.00838457923 0.00143989535 0 0 0
nt@synapse_cleft 4016 0.000708921938 0.0540828375 0.00447082698 0 0 0
nt@synapse_cleft 4018 0.0104153054 0.00838861577 0.00434874186 0 0 0
nt@synapse_cleft 4024 -0.0105249014 0.0362663318 0.0045878868 0 0 0
nt@synapse_cleft 4025 -0.0319551377 -0.00256893885 0.003243082 0 0 0
nt@synapse_cleft 4027 0.0081902739 -0.0210958537 0.0053916699 0 0 0
nt@synapse_cleft 4028 -0.0216612945 0.0290041576 0.0113047943 0 0 0
nt@synapse_cleft 4033 -0.0146054696 -0.0228900011 0.00957861547 0 0 0
nt@synapse_cleft 4037 -0.024875418 0.0261709494 0.00997950884 0 0 0
nt@synapse_cleft 4040 0.0108996847 0.0201017723 0.0145049245 0 0 0
nt@synapse_cleft 4047 -0.00543052314 0.0167381826 0.0113562075 0 0 0
nt@synapse_cleft 4049 0.0249555079 0.0043245674 0.0124462424 0 0 0
nt@synapse_cleft 4051 0.0145217257 0.0204484008 0.0120779467 0 0 0
nt@synapse_cleft 4064 0.00930393861 0.00892849908 0.00734200195 0 0 0
nt@synapse_cleft 4070 -0.00827482051 0.014181173 0.0120142638 0 0 0
nt@synapse_cleft 4071 -0.0377594493 -0.0375815531 0.0179291135 0 0 0
nt@synapse_cleft 4087 -0.00333644247 0.0349291531 0.0043662578 0 0 0
nt@synapse_cleft 4094 0.0356634115 -0.0320909752 0.00584939194 0 0 0
nt@synapse_cleft 4095 0.0224784089 0.0152995481 0.0157377785 0 0 0
nt@synapse_cleft 4099 -0.00781274065 0.0235478116 0.00269809096 0 0 0
nt@synapse_cleft 4102 0.0287817814 -0.0235780723 0.0156615669 0 0 0
nt@synapse_cleft 4103 -0.00573929613 -0.00525415433 0.0057101248 0 0 0
nt@synapse_cleft 4106 0.0196432286 0.0123808428 0.00310851919 0 0 0
nt@synapse_cleft 4110 -0.0241374101 0.0233790059 0.00605866063 0 0 0
nt@synapse_cleft 4111 0.05059755 0.00589480189 0.00247204932 0 0 0
nt@synapse_cleft 4115 -0.00215468981 0.0208195089 0.00862495809 0 0 0
nt@synapse_cleft 4116 0.00826289973 0.00412893281 0.0106287418 0 0 0
nt@synapse_cleft 4119 0.0211411771 -0.0274439455 0.0171685258 0 0 0
nt@synapse_cleft 4123 0.00293506026 0.0157218078 0.0168484368 0 0 0
nt@synapse_cleft 4126 0.0208358426 -0.0243067637 0.0132836436 0 0 0
nt@synapse_cleft 4129 -0.0195597617 0.00663346153 0.00826313767 0 0 0
nt@synapse_cleft 4131 -0.0237149913 0.0206849948 0.0131510781 0 0 0
nt@synapse_cleft 4132 0.01680788 0.018348304 0.0194716463 0 0 0
nt@synapse_cleft 4135 0.00473864519 -0.0139865389 0.0011663729 0 0 0
nt@synapse_cleft 4144 0.0186366311 -0.00970749987 0.00421048549 0 0 0
nt@synapse_cleft 4150 -0.0409276948 -0.0577110263 0.00670138029 0 0 0
nt@synapse_cleft 4153 -0.00177344021 -0.0169165059 0.00446654762 0 0 0
nt@synapse_cleft 4155 0.0111172361 -0.0495886421 0.0196373562 0 0 0
nt@synapse_cleft 4156 0.0328155781 0.00580538461 0.00856564776 0 0 0
nt@synapse_cleft 4157 0.0142686989 0.0153497817 0.0173304344 0 0 0
nt@synapse_cleft 4158 0.00460603148 -0.00170552233 0.0116322075 0 0 0
nt@synapse_cleft 4162 0.0266593855 -0.0216559072 0.00824618003 0 0 0
nt@synapse_cleft 4163 -0.00626603447 0.0344518835 0.0046916265 0 0 0
nt@synapse_cleft 4170 -0.0565473448 -0.00252767778 0.0100398027 0 0 0
nt@synapse_cleft 4177 -0.0403311893 0.0580140794 0.00754817046 0 0 0
nt@synapse_cleft 4178 -0.0155933043 -0.0457216375 0.00899625233 0 0 0
nt@synapse_cleft 4184 0.00434180519 -0.0175599506 0.00261163279 0 0 0
nt@synapse_cleft 4187 -0.0275814177 -0.00888725381 0.013567251 0 0 0
nt@synapse_cleft 4193 -0.011151007 -0.0324175921 0.0163419054 0 0 0
nt@synapse_cleft 4196 -0.0240277645 0.00690694391 0.00191619681 0 0 0
nt@synapse_cleft 4210 0.0168094241 0.00111698566 0.0128728045 0 0 0
nt@synapse_cleft 4214 -0.0350976066 0.00660225651 0.0149759663 0 0 0
nt@synapse_cleft 4215 0.0218939408 -0.0519247728 0.00346816888 0 0 0
nt@synapse_cleft 4220 0.00592130277 -0.0203557471 0.0140858055 0 0 0
nt@synapse_cleft 4228 0.0341344025 -0.00942829199 0.0102465396 0 0 0
nt@synapse_cleft 4229 -0.0174167268 -0.0160032527 0.0176746935 0 0 0
nt@synapse_cleft 4230 -0.0173436296 0.0334972645 0.0109747656 0 0 0
nt@synapse_cleft 4233 0.0210858526 0.0253348939 0.0152453949 0 0 0
nt@synapse_cleft 4234 -0.00481618753 -0.0141645567 0.0020016887 0 0 0
nt@synapse_cleft 4236 -0.00403630107 0.0169046409 0.0184315911 0 0 0
nt@synapse_cleft 4237 0.0038091122 -0.0189229729 0.0197673526 0 0 0
nt@synapse_cleft 4238 -0.018496787 -0.0267833624 0.00153624629 0 0 0
nt@synapse_cleft 4241 -0.0452662313 0.00760633757 0.00573493035 0 0 0
nt@synapse_cleft 4242 0.0218626255 -0.00646091314 0.0190319737 0 0 0
nt@synapse_cleft 4243 0.0213914652 0.000211026783 0.0141690674 0 0 0
nt@synapse_cleft 4252 0.0436146325 -0.00936760127 0.0142706295 0 0 0
nt@synapse_cleft 4254 -0.00472932203 0.0377252822 0.00798625954 0 0 0
nt@synapse_cleft 4255 -0.0201191305 -0.0356336012 0.0183603346 0 0 0
nt@synapse_cleft 4262 0.0381186847 -0.00102377416 0.0126111899 0 0 0
nt@synapse_cleft 4271 0.0081307906 -0.0139214923 0.0129125348 0 0 0
nt@synapse_cleft 4272 -0.00797395722 0.0287277746 0.0119026364 0 0 0
nt@synapse_cleft 4279 0.00981698286 -0.0303111921 0.0182142159 0 0 0
nt@synapse_cleft 4283 -0.0191254536 -0.00626554984 0.00815259705 0 0 0
nt@synapse_cleft 4284 0.0463840126 -0.0162964128 0.00526743743 0 0 0
nt@synapse_cleft 4285 -0.0311582409 0.0501536074 0.00620796167 0 0 0
nt@synapse_cleft 4288 0.0195111017 -0.0213380987 0.0174250647 0 0 0
nt@synapse_cleft 4293 0.00101550822 -0.0185744515 0.0119584362 0 0 0
nt@synapse_cleft 4297 0.0385312445 -0.0186872329 0.00377742946 0 0 0
nt@synapse_cleft 4301 0.0105227371 -0.00886967172 0.00421799307 0 0 0
nt@synapse_cleft 4312 -0.0223234254 -0.0225458273 0.014415674 0 0 0
nt@synapse_cleft 4317 -0.0143386677 0.0330921602 0.00880320765 0 0 0
nt@synapse_cleft 4326 0.0241896218 -0.00895970117 0.00940749463 0 0 0
nt@synapse_cleft 4330 -0.0165018464 0.00836427272 0.0114493078 0 0 0
nt@synapse_cleft 4334 0.0022575183 -0.00107168289 0.00110719205 0 0 0
nt@synapse_cleft 4339 -0.00367430392 -0.0116032329 0.00565633201 0 0 0
nt@synapse_cleft 4343 -0.0152712364 -0.0432879667 0.011678883 0 0 0
nt@synapse_cleft 4346 -0.00359801194 -0.0126209796 0.0124643774 0 0 0
nt@synapse_cleft 4351 0.0496099321 0.00714105851 0.00581743738 0 0 0
nt@synapse_cleft 4359 0.0214508769 0.0179511477 0.00072023593 0 0 0
nt@synapse_cleft 4360 0.0237718652 0.00480417496 0.0174761421 0 0 0
nt@synapse_cleft 4363 -0.0394558839 0.00902847338 0.010889887 0 0 0
nt@synapse_cleft 4365 0.0199625806 0.011755692 0.0110312508 0 0 0
nt@synapse_cleft 4372 0.00108623355 -0.0158966791 0.00360513704 0 0 0
nt@synapse_cleft 4374 -0.016594196 -0.0098087592 0.0159592037 0 0 0
nt@synapse_cleft 4376 -0.0250125073 -0.00389814778 0.00551061466 0 0 0
nt@synapse_cleft 4381 -0.0155051677 -0.0397977242 0.00470407854 0 0 0
nt@synapse_cleft 4386 -0.018668411 -0.0325395612 0.00524853288 0 0 0
nt@synapse_cleft 4391 0.017674275 -0.0321807427 0.0108607527 0 0 0
nt@synapse_cleft 4392 -0.0155072686 -0.0030603734 0.00164926891 0 0 0
nt@synapse_cleft 4394 0.012979156 -0.00933926337 0.00146147277 0 0 0
nt@synapse_cleft 4395 0.0270035334 -0.03339312 0.0159105831 0 0 0
nt@synapse_cleft 4396 0.0155256366 -0.0390016249 0.00645473275 0 0 0
nt@synapse_cleft 4398 -0.0129855368 0.0131532288 0.0167016667 0 0 0
nt@synapse_cleft 4399 0.0310350176 0.029530365 0.0128092409 0 0 0
nt@synapse_cleft 4403 -0.0240897761 -0.0148341564 0.0123689186 0 0 0
nt@synapse_cleft 4405 -0.027980757 -0.0206309549 0.0063119737 0 0 0
nt@synapse_cleft 4407 0.0342802664 -0.0393176722 0.0149328391 0 0 0
nt@synapse_cleft 4414 0.0100919753 -0.0235081242 0.00659840751 0 0 0
nt@synapse_cleft 4416 -0.0169959503 0.0023999734 0.013728281 0 0 0
nt@synapse_cleft 4423 0.029924812 -0.0146243174 0.0155332703 0 0 0
nt@synapse_cleft 4424 -0.0236333612 -0.00557551022 0.0014167793 0 0 0
nt@synapse_cleft 4426 0.013259618 -0.0149416351 0.0141740928 0 0 0
nt@synapse_cleft 4430 -0.0108588666 0.00119566329 0.00765906989 0 0 0
nt@synapse_cleft 4431 0.0136856355 -0.0190213902 0.00344249713 0 0 0
nt@synapse_cleft 4434 0.0240692266 -0.0337917334 0.0191500051 0 0 0
nt@synapse_cleft 4436 0.0245893329 0.0246028786 0.0129231177 0 0 0
nt@synapse_cleft 4446 0.00922033124 0.0405732763 0.0180530381 0 0 0
nt@synapse_cleft 4449 0.0315293633 0.0465724461 0.0144917236 0 0 0
nt@synapse_cleft 4453 -0.0354199403 0.0220013705 0.0113799143 0 0 0
nt@synapse_cleft 4464 0.00311122056 -0.0275584735 0.0165158834 0 0 0
nt@synapse_cleft 4470 -0.00765618729 -0.0271206784 0.0185358995 0 0 0
nt@synapse_cleft 4473 -0.0051130329 -0.0131766816 0.00148450829 0 0 0
nt@synapse_cleft 4478 -0.0156485547 0.0285434744 0.0195185261 0 0 0
nt@synapse_cleft 4480 0.00909044771 0.0263531535 0.0155002914 0 0 0
nt@synapse_cleft 4482 -0.0185457688 -0.00157980058 0.00581220425 0 0 0
nt@synapse_cleft 4485 0.0207123252 -0.00768403997 0.00210232806 0 0 0
nt@synapse_cleft 4488 0.0244583279 0.00408096358 0.0187232484 0 0 0
nt@synapse_cleft 4489 0.0131565341 -0.00117576562 0.00498835116 0 0 0
nt@synapse_cleft 4496 -0.0583678023 0.0390048897 0.0137764701 0 0 0
nt@synapse_cleft 4499 -0.00735024138 0.000768825456 0.0156959709 0 0 0
nt@synapse_cleft 4501 0.00888955095 0.00731193296 0.0160005625 0 0 0
nt@synapse_cleft 4514 -0.00491180258 0.0176668643 0.00729403878 0 0 0
nt@synapse_cleft 4517 -0.0409990557 0.0311241273 6.03941797e-05 0 0 0
nt@synapse_cleft 4524 -0.00328351903 -0.0385207518 0.0158455658 0 0 0
nt@synapse_cleft 4527 0.0300315024 -0.024670747 0.0103368751 0 0 0
nt@synapse_cleft 4533 0.00597159098 -0.0153511621 0.00275948781 0 0 0
nt@synapse_cleft 4538 -0.0308635383 -0.0345054845 0.00902085407 0 0 0
nt@synapse_cleft 4540 0.0255747033 -0.00436674082 0.0107921504 0 0 0
nt@synapse_cleft 4542 0.00550767388 0.030050994 0.00351302777 0 0 0
nt@synapse_cleft 4545 -0.01878832 0.0244259972 0.0192285767 0 0 0
nt@synapse_cleft 4551 -0.0122874183 0.0228979771 0.0184133465 0 0 0
nt@synapse_cleft 4553 -0.0294128307 0.00503470261 0.00982522622 0 0 0
nt@synapse_cleft 4559 -0.0167332278 0.0291707479 0.0125534827 0 0 0
nt@synapse_cleft 4565 -0.0413538522 -0.0178304598 0.0114999147 0 0 0
nt@synapse_cleft 4572 0.0024123717 -0.00694998506 0.00999163403 0 0 0
nt@synapse_cleft 4574 0.0303267936 -0.022006242 0.00563085877 0 0 0
nt@synapse_cleft 4576 -0.0454027449 -0.0295606607 0.0105976121 0 0 0
nt@synapse_cleft 4583 -0.00637996184 -0.00336872299 0.00773486988 0 0 0
nt@synapse_cleft 4587 0.018964026 0.000372879018 0.016147173 0 0 0
nt@synapse_cleft 4590 -0.0424813908 -0.025523515 0.011853444 0 0 0
nt@synapse_cleft 4593 -0.0418381888 0.0478013849 0.0170097093 0 0 0
nt@synapse_cleft 4594 0.00312062945 0.00145112725 0.000767042089 0 0 0
nt@synapse_cleft 4595 0.0351278869 -0.0305870044 0.0174949777 0 0 0
nt@synapse_cleft 4600 -0.0369744374 0.00663698657 0.00744103732 0 0 0
nt@synapse_cleft 4613 0.0559236173 -0.00671436345 0.00160406918 0 0 0
nt@synapse_cleft 4620 0.0101226471 -0.00928621339 0.0123525639 0 0 0
nt@synapse_cleft 4622 0.0507936989 0.0472979012 0.0017350409 0 0 0
nt@synapse_cleft 4624 0.0200556861 -0.014993076 0.0149115462 0 0 0
nt@synapse_cleft 4626 0.0246777035 0.00123656911 0.0192155424 0 0 0
nt@synapse_cleft 4628 -0.00028531898 0.00731430336 0.00924715391 0 0 0
nt@synapse_cleft 4654 0.00990564793 -0.0311557123 0.0131272703 0 0 0
nt@synapse_cleft 4658 -0.0283350669 0.0290003097 0.0091029171 0 0 0
nt@synapse_cleft 4659 -0.0496596593 0.0208717686 0.0176681957 0 0 0
nt@synapse_cleft 4660 0.0306132263 -0.0324787867 0.00302089311 0 0 0
nt@synapse_cleft 4661 0.0164802288 -0.0374213275 0.0037354049 0 0 0
nt@synapse_cleft 4664 0.00976396512 -0.00724949851 0.00228697009 0 0 0
nt@synapse_cleft 4666 0.0597822408 0.0258538103 0.0181356857 0 0 0
nt@synapse_cleft 4671 -0.00467635015 -0.0180324757 0.0072327071 0 0 0
nt@synapse_cleft 4681 0.0115822835 -0.0277329797 0.01161946 0 0 0
nt@synapse_cleft 4687 0.00731339176 -0.00298845207 0.0117052185 0 0 0
nt@synapse_cleft 4699 -0.0350796713 0.0121510021 0.00475968582 0 0 0
nt@synapse_cleft 4700 -0.0354146136 0.060265491 0.019128994 0 0 0
nt@synapse_cleft 4701 0.0203225628 0.0184944236 0.0153117496 0 0 0
nt@synapse_cleft 4706 0.00416601424 -0.00607383743 0.00662489812 0 0 0
nt@synapse_cleft 4709 -0.0104642306 0.00954133385 0.00295715581 0 0 0
nt@synapse_cleft 4710 -0.0182567792 -0.0484765992 0.00158324132 0 0 0
nt@synapse_cleft 4718 0.0442303165 0.0134374904 0.00310984785 0 0 0
nt@synapse_cleft 4732 -0.0183549528 0.019885853 0.0158485346 0 0 0
nt@synapse_cleft 4736 0.00207902883 -0.000633737288 0.00256214789 0 0 0
nt@synapse_cleft 4746 -0.0468036691 -0.00389453087 0.00582521111 0 0 0
nt@synapse_cleft 4750 0.010207061 -0.0625507362 0.0095509654 0 0 0
nt@synapse_cleft 4753 -0.0139615526 -0.00405440496 0.0091656926 0 0 0
nt@synapse_cleft 4754 -0.0109024859 0.0123993639 0.0108545224 0 0 0
nt@synapse_cleft 4756 -0.0148079096 0.0111151794 0.0116185708 0 0 0
nt@synapse_cleft 4758 -0.0389499379 0.0156841539 0.0153799188 0 0 0
nt@synapse_cleft 4764 0.0124287047 -0.0159946963 0.00563118261 0 0 0
nt@synapse_cleft 4767 0.00395029692 0.0211872955 0.00400829745 0 0 0
nt@synapse_cleft 4779 0.0262121191 -0.0337449408 0.00981544828 0 0 0
nt@synapse_cleft 4784 0.0197943894 0.00450071619 0.012114933 0 0 0
nt@synapse_cleft 4786 -0.0135959915 0.0111307342 0.0078025619 0 0 0
nt@synapse_cleft 4791 0.0374963363 -0.012804126 5.05113485e-06 0 0 0
nt@synapse_cleft 4793 -0.0302231929 0.0196885605 0.0152638612 0 0 0
nt@synapse_cleft 4800 0.0131858199 -0.0105111447 0.000740185009 0 0 0
nt@synapse_cleft 4801 -0.0223850323 0.00836314848 0.00408558781 0 0 0
nt@synapse_cleft 4807 0.0118894806 -0.0120895286 0.0176417814 0 0 0
nt@synapse_cleft 4809 -0.0363839994 -0.0385988305 0.0179299386 0 0 0
nt@synapse_cleft 4814 -0.0276404068 0.0262631569 0.00799176631 0 0 0
nt@synapse_cleft 4816 -0.0364603923 -0.0122821658 0.0165439857 0 0 0
nt@synapse_cleft 4822 -0.00159343767 -0.0253440553 0.00772461756 0 0 0
nt@synapse_cleft 4823 -0.00698983156 0.00855700779 0.0144681557 0 0 0
nt@synapse_cleft 4824 -0.000964813111 -0.0304063725 0.0025059701 0 0 0
nt@synapse_cleft 4829 0.029010384 -0.0585048968 0.0132946188 0 0 0
nt@synapse_cleft 4830 -0.0170416551 0.017959646 0.0197864122 0 0 0
nt@synapse_cleft 4833 -0.014128169 -0.0272756928 0.019613573 0 0 0
nt@synapse_cleft 4838 -0.0121032668 0.0290615848 0.0120246733 0 0 0
nt@synapse_cleft 4839 0.00663085407 0.000447980001 0.0126031619 0 0 0
nt@synapse_cleft 4844 0.0536372846 -0.0159282492 0.0178227299 0 0 0
nt@synapse_cleft 4852 -0.0308233718 -0.00938518143 0.0126582122 0 0 0
nt@synapse_cleft 4855 0.0223654524 0.0106941237 0.0125168815 0 0 0
nt@synapse_cleft 4869 -0.0387789282 0.0142753889 0.0193293543 0 0 0
nt@synapse_cleft 4871 0.0201702886 0.0125820996 0.00726301207 0 0 0
nt@synapse_cleft 4880 -0.0145417564 -0.0169430725 0.0154419848 0 0 0
nt@synapse_cleft 4882 -0.0180847867 -0.0291541857 0.00143567158 0 0 0
nt@synapse_cleft 4883 -0.0355987702 0.00611781433 0.0146299262 0 0 0
nt@synapse_cleft 4890 -0.0092885423 0.00173397213 0.0107570966 0 0 0
nt@synapse_cleft 4891 -0.00397528259 -0.0106222512 0.00878665322 0 0 0
nt@synapse_cleft 4892 -0.0162870057 0.0213997669 0.0150783074 0 0 0
nt@synapse_cleft 4896 -0.0106161611 -0.0248835531 0.0142434619 0 0 0
nt@synapse_cleft 4897 0.0333692868 -0.0206773245 0.00903513238 0 0 0
nt@synapse_cleft 4901 0.00990784102 0.0151622705 0.00652318789 0 0 0
nt@synapse_cleft 4905 -0.00936103539 -0.0110050243 0.00802636817 0 0 0
nt@synapse_cleft 4906 -0.000980713113 -0.0245026817 0.00580396357 0 0 0
nt@synapse_cleft 4918 -0.0107630273 0.014256899 0.0104053126 0 0 0
nt@synapse_cleft 4919 0.0095246561 0.00235744492 0.00990051612 0 0 0
nt@synapse_cleft 4925 0.012711594 0.00336199734 0.0101928014 0 0 0
nt@synapse_cleft 4928 0.00147218971 0.0563848202 0.00470175637 0 0 0
nt@synapse_cleft 4931 0.0148984383 -0.00972904053 0.0135514759 0 0 0
nt@synapse_cleft 4937 -0.0506728468 -0.0016245238 0.0062972639 0 0 0
nt@synapse_cleft 4946 -0.0186212009 0.019938262 0.00619896569 0 0 0
nt@synapse_cleft 4956 0.0108115688 -0.00490832106 0.0102400441 0 0 0
nt@synapse_cleft 4967 -0.00482334327 0.00804859798 0.0031668731 0 0 0
nt@synapse_cleft 4972 0.028124357 -0.0265002544 0.0185315141 0 0 0
nt@synapse_cleft 4973 -0.00224446824 0.0480243796 0.0156824988 0 0 0
nt@synapse_cleft 4979 -0.00327767938 -0.00670065514 0.00333624691 0 0 0
nt@synapse_cleft 4980 0.0139557015 0.0116087681 0.0191631223 0 0 0
nt@synapse_cleft 4981 0.00360649349 -0.0258050832 0.00886970194 0 0 0
nt@synapse_cleft 4982 0.00439602662 -0.0105188241 0.0169350211 0 0 0
nt@synapse_cleft 4983 -0.0174633463 0.0263441677 0.00501796914 0 0 0
nt@synapse_cleft 4988 0.0101406637 -0.0155925984 0.0049265021 0 0 0
nt@synapse_cleft 4989 -0.00840015543 -0.0208433542 0.0148181371 0 0 0
nt@synapse_cleft 4991 0.00665139956 -0.0214397189 0.0141440618 0 0 0
nt@synapse_cleft 5004 -0.0194241618 0.0238213281 0.000793999002 0 0 0
nt@synapse_cleft 5006 0.00413101686 -0.0143414097 0.00674599445 0 0 0
nt@synapse_cleft 5009 -0.0292166279 0.0119835087 0.00803421713 0 0 0
nt@synapse_cleft 5011 -0.0151951604 -0.0198637434 0.00298519735 0 0 0
nt@synapse_cleft 5015 -0.0179141509 -0.0224226183 0.0137856572 0 0 0
nt@synapse_cleft 5024 -0.00264304858 -0.00743178651 0.00976485524 0 0 0
nt@synapse_cleft 5044 -0.0351855778 0.00477599985 0.0169521108 0 0 0
nt@synapse_cleft 5045 0.0343667091 0.0223653603 0.000716102263 0 0 0
nt@synapse_cleft 5046 0.00213385381 -0.00880594501 0.00605264858 0 0 0
nt@synapse_cleft 5052 -0.00663303694 -0.0126983531 0.00966530976 0 0 0
nt@synapse_cleft 5055 -0.0171478564 0.00975761224 0.0106511111 0 0 0
nt@synapse_cleft 5059 -0.0310013076 0.0307623169 0.0192924958 0 0 0
nt@synapse_cleft 5061 0.0204082046 -0.02469217 0.00166926724 0 0 0
nt@synapse_cleft 5063 -0.0261464776 0.0210032061 0.00740357874 0 0 0
nt@synapse_cleft 5077 0.0439865559 -0.0127116665 0.0116138327 0 0 0
nt@synapse_cleft 5081 0.0149080304 0.00890325829 0.00629858867 0 0 0
nt@synapse_cleft 5082 0.00340823881 0.0526847149 0.0106526193 0 0 0
nt@synapse_cleft 5086 0.0275901098 0.0285706284 0.0123635922 0 0 0
nt@synapse_cleft 5105 0.0107797788 -0.0195749937 0.0166150703 0 0 0
nt@synapse_cleft 5106 0.00105145677 -0.00794005209 0.00620580743 0 0 0
nt@synapse_cleft 5133 -0.0178119858 0.0259214432 0.0193177272 0 0 0
nt@synapse_cleft 5145 0.0177994804 0.0241420722 0.0180899899 0 0 0
nt@synapse_cleft 5154 0.0111898081 0.0281494113 0.0145173571 0 0 0
nt@synapse_cleft 5159 -0.0332192873 -0.000644216786 0.019432126 0 0 0
nt@synapse_cleft 5160 0.0441272209 -0.00926639534 0.0178230752 0 0 0
nt@synapse_cleft 5163 0.000645110507 0.0207142923 0.0149826957 0 0 0
nt@synapse_cleft 5164 -0.000123389911 -0.0174394769 0.00018099716 0 0 0
nt@synapse_cleft 5173 -0.0429224356 -0.00974481677 0.0177991557 0 0 0
nt@synapse_cleft 5176 -0.022251832 0.0551157881 0.0187293045 0 0 0
nt@synapse_cleft 5179 0.031717073 0.00762109433 0.00794489425 0 0 0
nt@synapse_cleft 5182 0.0461449772 0.011788548 0.00463809934 0 0 0
nt@synapse_cleft 5183 0.0367826188 0.0139318626 0.0115754728 0 0 0
nt@synapse_cleft 5193 0.021118898 0.00615224352 0.0159479476 0 0 0
nt@synapse_cleft 5196 -0.00476483305 -0.00964108469 0.012422774 0 0 0
nt@synapse_cleft 5198 -0.00019221356 -0.0208547476 0.00268552109 0 0 0
