nt@synapse_cleft 0 0.0358547133 -0.0010270375 0.0155064773 0 0 0
nt@synapse_cleft 2 -0.0546845359 0.0174602774 0.00114701887 0 0 0
nt@synapse_cleft 7 0.0345176845 0.0222196217 0.00388455498 0 0 0
nt@synapse_cleft 9 0.0362550147 -0.0375566281 0.0156832025 0 0 0
nt@synapse_cleft 12 0.00851354736 0.0508570876 0.00888614818 0 0 0
nt@synapse_cleft 15 0.00432613949 0.0192467023 0.0088117935 0 0 0
nt@synapse_cleft 17 0.0350281292 0.00840224689 0.000938276323 0 0 0
nt@synapse_cleft 26 -0.0297040823 0.0135018835 0.0124286243 0 0 0
nt@synapse_cleft 35 0.00807016483 0.0545500115 0.0129912677 0 0 0
nt@synapse_cleft 45 -0.0211841416 0.025252148 0.0100142679 0 0 0
nt@synapse_cleft 54 0.0115362691 0.0147904191 0.00921958677 0 0 0
nt@synapse_cleft 56 -0.0242276006 -0.0285431771 0.00768312651 0 0 0
nt@synapse_cleft 72 -0.0242647879 0.0309036852 0.0139822161 0 0 0
nt@synapse_cleft 87 -0.00443475565 0.00312849732 0.0014176135 0 0 0
nt@synapse_cleft 89 0.0346602234 -0.0152720075 0.0197454977 0 0 0
nt@synapse_cleft 100 -0.0250963145 -0.0297220749 0.00417376121 0 0 0
nt@synapse_cleft 103 0.041083941 -0.00940289003 8.82842988e-05 0 0 0
nt@synapse_cleft 111 -0.0313082325 0.0408145457 0.0020281822 0 0 0
nt@synapse_cleft 114 0.0445126289 -0.0338465593 0.00532669943 0 0 0
nt@synapse_cleft 115 -0.00349002904 -0.0220240567 0.0153693213 0 0 0
nt@synapse_cleft 137 -0.0558703587 -0.0281807069 0.0078481773 0 0 0
nt@synapse_cleft 150 -0.00893120131 0.0294698372 0.00986308304 0 0 0
nt@synapse_cleft 156 -0.00218946166 -0.0205827504 0.00147866075 0 0 0
nt@synapse_cleft 167 -0.0155786574 -0.03114872 0.00799967162 0 0 0
nt@synapse_cleft 188 -0.0111350183 -0.024048322 0.00779924169 0 0 0
nt@synapse_cleft 194 -0.0135982293 -0.0327229612 0.000384595813 0 0 0
nt@synapse_cleft 195 0.0407297616 0.0611727065 0.00377839034 0 0 0
nt@synapse_cleft 199 0.0313395897 0.0166320946 0.00560749582 0 0 0
nt@synapse_cleft 206 -0.00321108527 -0.0294893282 0.0170356992 0 0 0
nt@synapse_cleft 224 -0.0163480825 0.0488656957 0.0174335828 0 0 0
nt@synapse_cleft 231 0.00435123909 0.0536302354 0.00608380033 0 0 0
nt@synapse_cleft 235 0.00392661904 0.00158618039 0.00633665376 0 0 0
nt@synapse_cleft 244 -0.0135185185 0.0203315937 8.21452847e-05 0 0 0
nt@synapse_cleft 248 0.0369667715 -0.0237022951 0.0155702499 0 0 0
nt@synapse_cleft 256 -0.0311500406 0.00366580284 0.00268899591 0 0 0
nt@synapse_cleft 284 -0.0452310201 0.0949457854 0.0153534338 0 0 0
nt@synapse_cleft 306 0.0200855017 -0.0348820169 0.0122457121 0 0 0
nt@synapse_cleft 307 -0.00841801171 -0.0135527386 0.00391503804 0 0 0
nt@synapse_cleft 318 -0.0240409497 -0.0103360019 0.0037979419 0 0 0
nt@synapse_cleft 321 0.0313582095 0.0286319859 0.00596654873 0 0 0
nt@synapse_cleft 325 -0.0658605137 0.0891025779 0.0148908286 0 0 0
nt@synapse_cleft 347 -0.00886145047 -0.00463481199 0.00137609732 0 0 0
nt@synapse_cleft 348 -0.0172705461 -0.0352035307 0.00167710678 0 0 0
nt@synapse_cleft 350 -0.00524107712 -0.00327320864 0.0157071792 0 0 0
nt@synapse_cleft 361 -0.0304042474 0.0108776632 0.0104851457 0 0 0
nt@synapse_cleft 371 -0.0039305295 0.0403885846 0.00524293871 0 0 0
nt@synapse_cleft 376 -0.0243420493 0.0140389246 0.00670856287 0 0 0
nt@synapse_cleft 385 0.0187232531 0.00237632662 0.00975903418 0 0 0
nt@synapse_cleft 402 -0.00125105778 0.0464853229 0.00925540826 0 0 0
nt@synapse_cleft 406 -0.026951285 -0.039696754 0.00124268662 0 0 0
nt@synapse_cleft 421 -0.0575832049 0.0193048196 0.00342871557 0 0 0
nt@synapse_cleft 426 0.0557008701 -0.0334384777 0.0147688018 0 0 0
nt@synapse_cleft 429 -0.0152909496 0.019259444 0.0148146162 0 0 0
nt@synapse_cleft 440 0.0486447612 -0.00790172252 0.0158372235 0 0 0
nt@synapse_cleft 444 0.00881789571 0.0641196914 0.00721850563 0 0 0
nt@synapse_cleft 449 -0.00239304239 -0.0208733708 0.00196456992 0 0 0
nt@synapse_cleft 452 0.0315719994 0.0531542344 0.00949947861 0 0 0
nt@synapse_cleft 455 0.0175695415 -0.0314254281 0.0191108768 0 0 0
nt@synapse_cleft 477 0.0149902672 0.00674773278 0.0192913791 0 0 0
nt@synapse_cleft 479 -0.0170422949 0.0172602637 0.0100876015 0 0 0
nt@synapse_cleft 482 0.0119468062 0.00539950165 0.00910489579 0 0 0
nt@synapse_cleft 499 0.0262171959 0.0114538166 0.0104996163 0 0 0
nt@synapse_cleft 501 0.0179685894 0.0068557362 0.00762506288 0 0 0
nt@synapse_cleft 503 0.0187288582 -0.0242542419 0.0176151923 0 0 0
nt@synapse_cleft 510 0.0221469848 0.00157036262 0.018894256 0 0 0
nt@synapse_cleft 514 -0.0242538753 0.00827165819 0.00133504174 0 0 0
nt@synapse_cleft 522 -0.0536950246 0.0176340279 0.0184504536 0 0 0
nt@synapse_cleft 524 -0.0131252172 0.0220976022 0.000406745963 0 0 0
nt@synapse_cleft 530 0.018463532 -0.00415017609 0.00387960704 0 0 0
nt@synapse_cleft 536 -0.0203264381 -0.0480935334 0.0023203025 0 0 0
nt@synapse_cleft 544 0.0173502915 -0.00855091214 0.014426155 0 0 0
nt@synapse_cleft 546 -0.058334048 0.0146719845 0.00351110061 0 0 0
nt@synapse_cleft 549 0.0702722866 -0.0182585549 0.00582607274 0 0 0
nt@synapse_cleft 551 0.0240606633 -0.0197682193 0.00488022529 0 0 0
nt@synapse_cleft 557 -0.0499873214 0.0175791709 0.00797335732 0 0 0
nt@synapse_cleft 558 0.000706252991 -0.00283874224 0.000657760466 0 0 0
nt@synapse_cleft 563 -0.0103886405 -0.0740587295 0.00272785538 0 0 0
nt@synapse_cleft 572 -0.0232127616 0.00634275868 0.00209747165 0 0 0
nt@synapse_cleft 575 -0.0168327477 -0.00181460036 0.00802777277 0 0 0
nt@synapse_cleft 591 -0.00264200949 0.0149163983 0.00408869947 0 0 0
nt@synapse_cleft 596 -0.00960500377 0.0191060991 0.00118404885 0 0 0
nt@synapse_cleft 598 -0.00403601934 0.0303397194 0.00743088363 0 0 0
nt@synapse_cleft 620 -0.0153639387 -0.0144026217 0.0157669242 0 0 0
nt@synapse_cleft 624 0.0188249081 -0.00964744564 0.00146483546 0 0 0
nt@synapse_cleft 627 -0.0320856716 -0.0306413696 0.0175012021 0 0 0
nt@synapse_cleft 629 -0.00276124525 -0.0119271712 0.00137090043 0 0 0
nt@synapse_cleft 633 -0.0374910923 0.0367119296 0.0162409452 0 0 0
nt@synapse_cleft 634 0.0175434382 0.0180331467 0.0172479068 0 0 0
nt@synapse_cleft 639 -0.015620899 -0.0222040082 0.00903451286 0 0 0
nt@synapse_cleft 645 -0.00326722943 0.00893623202 0.0138528652 0 0 0
nt@synapse_cleft 647 -0.00321376327 0.0303591477 0.0094830076 0 0 0
nt@synapse_cleft 661 -0.0249926436 -0.0417572491 0.0141866308 0 0 0
nt@synapse_cleft 664 -0.00235503339 0.0174124188 0.00100957343 0 0 0
nt@synapse_cleft 678 0.00618742907 -0.0322446465 0.00862243306 0 0 0
nt@synapse_cleft 681 0.015764816 -0.0273761227 0.0105361198 0 0 0
nt@synapse_cleft 693 0.00716166797 0.0211696534 0.00978688941 0 0 0
nt@synapse_cleft 698 -0.000226912077 -0.0137112542 0.0168482455 0 0 0
nt@synapse_cleft 699 -0.0190278422 -0.0628635605 0.00312110043 0 0 0
nt@synapse_cleft 712 -0.0114507754 0.000126322658 0.0128266256 0 0 0
nt@synapse_cleft 721 0.0187335156 -0.0282355624 0.00569017186 0 0 0
nt@synapse_cleft 726 -0.0106071732 0.0206043382 0.00575930603 0 0 0
nt@synapse_cleft 727 -0.0398329265 0.0168667812 0.000497100237 0 0 0
nt@synapse_cleft 728 0.00199732052 0.0204259659 0.0043285069 0 0 0
nt@synapse_cleft 732 0.016502061 0.0373923106 0.00672395435 0 0 0
nt@synapse_cleft 735 -0.0743782506 -0.00303948858 0.00273467771 0 0 0
nt@synapse_cleft 741 0.045764038 0.0120635839 0.00885754554 0 0 0
nt@synapse_cleft 750 0.0207818061 0.0252715763 0.0175516595 0 0 0
nt@synapse_cleft 754 -0.009532536 -0.0198825129 0.0040152085 0 0 0
nt@synapse_cleft 760 -0.00844836768 -0.0540159352 0.0117058774 0 0 0
nt@synapse_cleft 762 0.0040608524 -0.0103681586 0.00860825919 0 0 0
nt@synapse_cleft 765 -0.0174390146 0.0457393353 0.00898806994 0 0 0
nt@synapse_cleft 768 -0.0081786544 -0.00406200252 0.0129660288 0 0 0
nt@synapse_cleft 769 -0.00182983058 0.0483409904 0.0156843514 0 0 0
nt@synapse_cleft 779 -0.0219084754 0.00544395995 0.000825402457 0 0 0
nt@synapse_cleft 797 0.00554937265 0.0461719763 0.00458872033 0 0 0
nt@synapse_cleft 803 -0.0187244874 -0.0587439523 0.00923236599 0 0 0
nt@synapse_cleft 816 0.0100613653 0.0115124186 6.95797984e-05 0 0 0
nt@synapse_cleft 831 0.0301167634 -0.0085373045 0.00497208425 0 0 0
nt@synapse_cleft 833 -0.0150292094 -0.0154377629 0.0159688616 0 0 0
nt@synapse_cleft 837 -0.0117152446 -0.00406143558 0.00977026664 0 0 0
nt@synapse_cleft 844 -0.0314022579 0.0275774681 0.00974825189 0 0 0
nt@synapse_cleft 847 0.0065305477 -0.00990554347 0.019232658 0 0 0
nt@synapse_cleft 850 -0.00669713798 0.0164148694 0.0180351018 0 0 0
nt@synapse_cleft 854 -0.00232964648 0.0386781868 0.00632599297 0 0 0
nt@synapse_cleft 866 -0.0199810463 -0.0238188003 0.00398449221 0 0 0
nt@synapse_cleft 877 -0.0448849721 0.0210718992 0.000935111203 0 0 0
nt@synapse_cleft 884 0.0170315775 -0.0132248025 0.0196076837 0 0 0
nt@synapse_cleft 904 -0.0676612411 0.0133161684 0.0114477643 0 0 0
nt@synapse_cleft 908 -0.0556629292 -0.0352141678 0.000633367407 0 0 0
nt@synapse_cleft 909 0.0295021449 0.00132927954 0.00894220433 0 0 0
nt@synapse_cleft 913 -0.0251261031 0.0248797405 0.0191679048 0 0 0
nt@synapse_cleft 918 0.0785064339 0.0106286825 0.0151978854 0 0 0
nt@synapse_cleft 932 0.0214214026 -0.0701449621 0.0133782444 0 0 0
nt@synapse_cleft 938 -0.00827156317 -0.0104489369 0.0105816246 0 0 0
nt@synapse_cleft 940 -0.0586518243 -0.0543653384 0.0138788139 0 0 0
nt@synapse_cleft 942 0.0118782489 -0.0524790518 0.0160762022 0 0 0
nt@synapse_cleft 943 0.0389100558 0.00427990459 0.0186127266 0 0 0
nt@synapse_cleft 944 -0.00768307317 -0.0511297792 0.00434573433 0 0 0
nt@synapse_cleft 945 0.0013163447 0.0391226508 0.0055022308 0 0 0
nt@synapse_cleft 947 -0.0287568232 0.0158921618 0.014894409 0 0 0
nt@synapse_cleft 953 -0.0256137878 -0.00284554414 0.00888134837 0 0 0
nt@synapse_cleft 957 0.0678512088 -0.0221927428 0.00657789401 0 0 0
nt@synapse_cleft 961 -0.0187621314 -0.00556276689 0.00812634886 0 0 0
nt@synapse_cleft 967 0.0438747006 -0.00265690602 0.00752718923 0 0 0
nt@synapse_cleft 978 -0.0591949775 0.001047916 0.0151736187 0 0 0
nt@synapse_cleft 998 0.00528718459 -0.0148016373 0.0157598119 0 0 0
nt@synapse_cleft 999 0.055672084 -0.04361876 0.0160436907 0 0 0
nt@synapse_cleft 1002 0.00354238007 0.0221752321 0.0159651713 0 0 0
nt@synapse_cleft 1013 -0.0415451568 0.0466986696 0.0162302704 0 0 0
nt@synapse_cleft 1018 -0.00567889052 -0.00793820704 0.00702084531 0 0 0
nt@synapse_cleft 1027 0.0263326681 0.0475385581 0.0117954934 0 0 0
nt@synapse_cleft 1035 -0.0410066376 -0.0230332989 0.0019765654 0 0 0
nt@synapse_cleft 1048 -0.0199504702 -0.0432611129 0.0172344381 0 0 0
nt@synapse_cleft 1062 0.0414188685 0.0142546094 0.0161881438 0 0 0
nt@synapse_cleft 1077 -0.0509098198 0.00245095272 0.00801647039 0 0 0
nt@synapse_cleft 1080 -0.04509096 0.0216058726 0.0149742047 0 0 0
nt@synapse_cleft 1092 -0.0269508319 -0.0110319677 0.00561253815 0 0 0
nt@synapse_cleft 1107 0.00695737168 -3.6153159e-06 0.0024346597 0 0 0
nt@synapse_cleft 1113 -0.0313120377 -0.00473098235 0.0106174517 0 0 0
nt@synapse_cleft 1114 -0.00123972511 -0.0266099398 0.0164571116 0 0 0
nt@synapse_cleft 1130 0.0165609999 -0.00381431299 0.0199710101 0 0 0
nt@synapse_cleft 1136 -0.00752691492 -0.0341491947 0.00621343785 0 0 0
nt@synapse_cleft 1140 0.00317467351 -0.0472949692 0.0181637215 0 0 0
nt@synapse_cleft 1144 -0.00476398392 -0.0144912691 0.0128206002 0 0 0
nt@synapse_cleft 1145 0.081315269 0.00252610824 0.0149987269 0 0 0
nt@synapse_cleft 1149 -0.0226301548 0.00476775302 0.0122385313 0 0 0
nt@synapse_cleft 1152 0.05170968 0.00318520552 0.0137447672 0 0 0
nt@synapse_cleft 1165 0.0675464095 0.0277818035 0.0153492716 0 0 0
nt@synapse_cleft 1167 0.0449654904 0.035513418 0.019291539 0 0 0
nt@synapse_cleft 1172 -0.00114034486 4.4952041e-05 0.0191812092 0 0 0
nt@synapse_cleft 1177 -0.0146441087 0.0843766652 0.00704023499 0 0 0
nt@synapse_cleft 1186 -0.0617283811 0.0136116945 0.000551934717 0 0 0
nt@synapse_cleft 1188 0.0159964603 -0.0222261619 0.0179401865 0 0 0
nt@synapse_cleft 1193 -0.016517423 -0.0272297293 0.0107723341 0 0 0
nt@synapse_cleft 1200 -0.00315400622 0.0115787808 0.0105447485 0 0 0
nt@synapse_cleft 1203 -0.0216987927 0.0268719004 0.0102995701 0 0 0
nt@synapse_cleft 1204 0.0202558451 0.0308253914 0.000884958842 0 0 0
nt@synapse_cleft 1205 -0.0127207182 -0.0228415496 0.0197046382 0 0 0
nt@synapse_cleft 1206 -0.0125509544 0.00438949573 0.00036086599 0 0 0
nt@synapse_cleft 1237 -0.038170063 -0.0116712098 0.00258993946 0 0 0
nt@synapse_cleft 1238 -0.0523131501 -0.040708719 0.00841108467 0 0 0
nt@synapse_cleft 1248 0.0138838359 0.0528987032 0.00414150558 0 0 0
nt@synapse_cleft 1251 -0.0323047358 0.00264476321 0.0116004624 0 0 0
nt@synapse_cleft 1252 -0.0152858385 -0.0157487285 0.0186901078 0 0 0
nt@synapse_cleft 1270 0.0580628749 0.0300886515 0.00137505965 0 0 0
nt@synapse_cleft 1289 0.058026479 0.00181446072 0.00614912947 0 0 0
nt@synapse_cleft 1298 -0.00520791779 -0.0200852876 0.0158674161 0 0 0
nt@synapse_cleft 1302 -0.0210878861 0.0360039314 0.00207726425 0 0 0
nt@synapse_cleft 1311 0.00451356115 -0.0285062971 0.00540542214 0 0 0
nt@synapse_cleft 1316 -0.0329621841 -0.0189439465 0.00240781151 0 0 0
nt@synapse_cleft 1326 0.0105062583 0.00241014023 0.0185139262 0 0 0
nt@synapse_cleft 1328 0.0190549636 0.0174516758 0.0145095332 0 0 0
nt@synapse_cleft 1343 0.0186321671 -0.0145363567 0.00697089579 0 0 0
nt@synapse_cleft 1347 -0.0453692289 -0.0148559126 0.00692593688 0 0 0
nt@synapse_cleft 1349 0.0274258636 -0.0144781184 0.00704954179 0 0 0
nt@synapse_cleft 1368 0.0182491948 -0.00129270844 0.0159045502 0 0 0
nt@synapse_cleft 1372 -0.00200318912 0.0370656872 0.00695256705 0 0 0
nt@synapse_cleft 1380 -0.0245161094 0.0289296791 0.0190390953 0 0 0
nt@synapse_cleft 1384 -0.0425721441 0.0153337127 0.0123379527 0 0 0
nt@synapse_cleft 1400 -0.0334188858 0.0379925825 0.00463367044 0 0 0
nt@synapse_cleft 1403 -0.00187947275 0.00814572683 0.00555448778 0 0 0
nt@synapse_cleft 1408 -0.0317651287 -0.0183931875 0.0156750797 0 0 0
nt@synapse_cleft 1416 0.0152491922 0.0271664673 0.0163554626 0 0 0
nt@synapse_cleft 1419 -0.0023153045 -0.00607361371 0.00697847356 0 0 0
nt@synapse_cleft 1425 -0.00817781549 -0.0221444207 0.00161311471 0 0 0
nt@synapse_cleft 1427 0.00698659119 -0.0211573008 0.00314892514 0 0 0
nt@synapse_cleft 1438 -0.028630285 -0.0127489128 0.00802427411 0 0 0
nt@synapse_cleft 1440 -0.0123597278 0.0350801006 0.00450924263 0 0 0
nt@synapse_cleft 1442 -0.00336582765 0.0236514443 0.0118989574 0 0 0
nt@synapse_cleft 1444 -0.0228346933 -0.00635868327 0.00393628657 0 0 0
nt@synapse_cleft 1446 -0.0161012718 -0.0361501157 0.00487495846 0 0 0
nt@synapse_cleft 1452 -0.0453989952 -0.0289182882 0.00513856099 0 0 0
nt@synapse_cleft 1455 -0.0293952611 0.00504797863 0.0159219139 0 0 0
nt@synapse_cleft 1470 -0.0915866791 -0.0427198779 0.00331107609 0 0 0
nt@synapse_cleft 1472 -0.0667424853 -0.00494949705 0.00813368427 0 0 0
nt@synapse_cleft 1479 -0.0197404239 0.0396562109 0.00357489502 0 0 0
nt@synapse_cleft 1481 0.00025409011 -0.00673478807 0.0109408814 0 0 0
nt@synapse_cleft 1484 -0.00431215432 0.0198980486 0.00869344872 0 0 0
nt@synapse_cleft 1485 -0.00749143893 -0.0296357199 0.0124786392 0 0 0
nt@synapse_cleft 1487 -0.00213782869 -0.033033228 0.0152798893 0 0 0
nt@synapse_cleft 1488 0.0447880994 0.0197113312 0.014210675 0 0 0
nt@synapse_cleft 1496 -0.0109291235 0.0427849531 0.00305722586 0 0 0
nt@synapse_cleft 1506 0.0248398583 0.0115110822 0.00939758604 0 0 0
nt@synapse_cleft 1508 0.0506834852 0.0122801026 0.00911527654 0 0 0
nt@synapse_cleft 1512 0.0322100291 -0.00854000365 0.0122008983 0 0 0
nt@synapse_cleft 1527 -0.00794112214 0.0414464222 0.000301592852 0 0 0
nt@synapse_cleft 1528 -0.0460977272 0.00435793491 0.00447589148 0 0 0
nt@synapse_cleft 1531 -0.000474217168 0.00682082255 0.00443040672 0 0 0
nt@synapse_cleft 1538 0.00417877917 0.00779090894 0.0108956262 0 0 0
nt@synapse_cleft 1542 -0.00681923511 0.0233640467 0.00829304947 0 0 0
nt@synapse_cleft 1553 0.0512321861 0.0132702617 0.0150576504 0 0 0
nt@synapse_cleft 1561 0.00574839015 -0.0478297854 0.0145507689 0 0 0
nt@synapse_cleft 1565 -0.00818097814 -0.0118326588 0.0194116914 0 0 0
nt@synapse_cleft 1571 -0.0327722686 -0.0289438403 0.0173091336 0 0 0
nt@synapse_cleft 1573 0.00255905559 0.033006044 0.0183292961 0 0 0
nt@synapse_cleft 1600 0.0172199685 -0.039517872 0.0185399192 0 0 0
nt@synapse_cleft 1605 0.0295279279 -0.0115612205 0.0151293675 0 0 0
nt@synapse_cleft 1606 -0.049923604 0.00153155222 0.00575096169 0 0 0
nt@synapse_cleft 1611 0.0192296115 -0.0128250332 0.00710916116 0 0 0
nt@synapse_cleft 1617 -0.0196180025 -0.045031356 0.0116525269 0 0 0
nt@synapse_cleft 1628 0.0163428768 0.0313774593 0.00390264633 0 0 0
nt@synapse_cleft 1641 0.0314129929 0.0319045224 0.00784037243 0 0 0
nt@synapse_cleft 1655 0.0120171739 0.0253698286 0.009148986 0 0 0
nt@synapse_cleft 1658 0.0252823746 0.0436828174 0.00837810682 0 0 0
nt@synapse_cleft 1675 -0.0201094633 0.0193089317 0.0184121364 0 0 0
nt@synapse_cleft 1678 0.00831077723 -0.00819368704 0.0018309948 0 0 0
nt@synapse_cleft 1681 0.00879625813 -0.0176430854 0.00899497678 0 0 0
nt@synapse_cleft 1686 -0.0151525439 0.0426570979 0.015256756 0 0 0
nt@synapse_cleft 1687 -0.039165594 -0.0397042083 0.0120804928 0 0 0
nt@synapse_cleft 1689 0.0012157107 0.0184365708 0.00215995282 0 0 0
nt@synapse_cleft 1692 -0.0260354676 0.00257254106 0.0156087465 0 0 0
nt@synapse_cleft 1695 0.0294962984 -0.00833948305 0.00372503427 0 0 0
nt@synapse_cleft 1701 0.0158753454 0.00323377107 0.00341627671 0 0 0
nt@synapse_cleft 1707 -0.0243420735 -0.0103363219 0.0172494355 0 0 0
nt@synapse_cleft 1715 0.0038367891 0.018443374 0.00746844994 0 0 0
nt@synapse_cleft 1721 0.0288167623 -0.057278056 0.0137898999 0 0 0
nt@synapse_cleft 1729 -0.00466742684 -0.0307058514 0.0166514429 0 0 0
nt@synapse_cleft 1736 0.0250650552 0.00499754397 0.0024330654 0 0 0
nt@synapse_cleft 1742 0.0147840903 -0.0539722813 0.0116468182 0 0 0
nt@synapse_cleft 1743 0.019133284 0.032240345 0.0054097767 0 0 0
nt@synapse_cleft 1745 -0.0189240427 0.0226009212 0.00215637361 0 0 0
nt@synapse_cleft 1746 0.0151418654 -0.0211998137 0.0102339752 0 0 0
nt@synapse_cleft 1751 0.0483127339 -0.00143364999 0.0166477455 0 0 0
nt@synapse_cleft 1759 -0.0120863999 -0.0206801029 0.0105201247 0 0 0
nt@synapse_cleft 1762 -0.0216709209 -0.0207181863 0.00851883164 0 0 0
nt@synapse_cleft 1768 0.00604081802 -0.0493326156 0.0165171206 0 0 0
nt@synapse_cleft 1775 -0.0157597161 -0.00407566791 0.0173868649 0 0 0
nt@synapse_cleft 1781 -0.00824232675 0.0535401743 0.00708040961 0 0 0
nt@synapse_cleft 1793 0.0271104372 0.037686384 0.00870311454 0 0 0
nt@synapse_cleft 1795 0.0413991943 -0.0192306336 0.0165597763 0 0 0
nt@synapse_cleft 1804 0.0132421807 0.0256481798 0.0187668463 0 0 0
nt@synapse_cleft 1815 -0.0228052249 -0.0212165108 0.000928335734 0 0 0
nt@synapse_cleft 1824 0.0318111358 -0.0039323032 0.00100227431 0 0 0
nt@synapse_cleft 1829 0.0481961574 -0.010153723 0.0192833858 0 0 0
nt@synapse_cleft 1830 -0.0482449002 -0.0167830621 0.0112082611 0 0 0
nt@synapse_cleft 1837 -0.0345379503 -0.00572244165 0.00924784504 0 0 0
nt@synapse_cleft 1838 0.0048756785 -0.0542045954 0.00189378829 0 0 0
nt@synapse_cleft 1843 0.00722006584 0.0187055366 0.0124378408 0 0 0
nt@synapse_cleft 1846 -0.0149740573 -0.0140819193 0.0139255639 0 0 0
nt@synapse_cleft 1853 0.0458188771 -0.0258972173 0.01716816 0 0 0
nt@synapse_cleft 1854 0.0211384923 -0.00131660461 0.00662037216 0 0 0
nt@synapse_cleft 1856 0.0215263413 -0.0139979922 0.0123836276 0 0 0
nt@synapse_cleft 1872 0.00289031642 -0.00549256537 0.0174266528 0 0 0
nt@synapse_cleft 1877 0.0244181612 0.0305213704 0.0141369182 0 0 0
nt@synapse_cleft 1880 -0.0252212094 -0.0269529287 0.00593428611 0 0 0
nt@synapse_cleft 1883 0.0273313529 0.0102044623 0.0168235567 0 0 0
nt@synapse_cleft 1885 -0.016224971 0.00509194657 0.0049705973 0 0 0
nt@synapse_cleft 1887 0.0102707413 0.0188281283 0.00205347601 0 0 0
nt@synapse_cleft 1892 -0.00232042015 0.00459197714 0.00762202973 0 0 0
nt@synapse_cleft 1896 0.00947189582 0.020412917 0.0114080511 0 0 0
nt@synapse_cleft 1904 -0.0349539769 0.0413825271 0.00676625958 0 0 0
nt@synapse_cleft 1918 -0.0309834616 0.0545253901 0.0186017324 0 0 0
nt@synapse_cleft 1923 -0.0125698361 0.0260101757 0.0140764981 0 0 0
nt@synapse_cleft 1926 -0.0061327897 -0.00712996864 0.0174078559 0 0 0
nt@synapse_cleft 1932 0.0266001504 -0.0124327893 0.0112013945 0 0 0
nt@synapse_cleft 1942 0.0399654195 -0.0415006963 0.00580674339 0 0 0
nt@synapse_cleft 1946 -0.0141622736 -0.0211228857 0.0116106264 0 0 0
nt@synapse_cleft 1961 0.0430611428 0.0206288075 0.0114224544 0 0 0
nt@synapse_cleft 1967 -0.0060824993 -0.0270670033 0.0102886897 0 0 0
nt@synapse_cleft 1970 -0.0200564148 -0.0521879348 0.00809809951 0 0 0
nt@synapse_cleft 1973 0.0235314987 0.0190741294 0.0129655877 0 0 0
nt@synapse_cleft 1976 -0.0538252722 -0.0113848377 0.000333123073 0 0 0
nt@synapse_cleft 1980 -0.00346602142 -0.0108528514 0.0177112514 0 0 0
nt@synapse_cleft 1984 -0.0346597793 -0.0258446123 0.0017519657 0 0 0
nt@synapse_cleft 1990 0.013868574 0.0126309487 0.000569783225 0 0 0
nt@synapse_cleft 1997 -0.00471967689 0.0165427366 0.0118081023 0 0 0
nt@synapse_cleft 2004 -0.0317447496 0.0123175616 0.0189368169 0 0 0
nt@synapse_cleft 2013 -0.00172039008 -0.0101402324 0.0174484819 0 0 0
nt@synapse_cleft 2014 0.019283583 -0.00027727406 0.00940771272 0 0 0
nt@synapse_cleft 2019 0.01663348 -0.0105155864 0.00411929379 0 0 0
nt@synapse_cleft 2032 -0.0196936874 0.0119637377 0.00286372064 0 0 0
nt@synapse_cleft 2036 0.064770879 -0.0419068807 0.0128181182 0 0 0
nt@synapse_cleft 2061 0.0170139384 -0.00838076812 0.00689164503 0 0 0
nt@synapse_cleft 2064 0.0195212932 0.0356870235 0.00914930924 0 0 0
nt@synapse_cleft 2092 0.024167352 0.0271230893 0.00991234095 0 0 0
nt@synapse_cleft 2096 -0.0202561548 -0.0161587834 0.00632842909 0 0 0
nt@synapse_cleft 2104 0.0511481213 -0.0279528386 0.0175874145 0 0 0
nt@synapse_cleft 2112 0.00364807518 -0.0265805673 0.0111715495 0 0 0
nt@synapse_cleft 2124 0.00160243466 0.0609413709 0.0104259194 0 0 0
nt@synapse_cleft 2127 0.0271772447 -0.0168112584 0.00477136692 0 0 0
nt@synapse_cleft 2137 -0.0619330825 0.0623902157 0.0163239979 0 0 0
nt@synapse_cleft 2156 0.0495583651 -0.0328343396 0.0100414237 0 0 0
nt@synapse_cleft 2162 -0.00884836645 0.0257982853 0.0194096202 0 0 0
nt@synapse_cleft 2163 0.0110015772 -0.0117198363 0.0160488148 0 0 0
nt@synapse_cleft 2185 -0.0313988728 -0.000729126467 0.0184948346 0 0 0
nt@synapse_cleft 2187 -0.0311830739 0.00246847676 0.00911525046 0 0 0
nt@synapse_cleft 2199 0.00660535377 -0.011762547 0.00465303752 0 0 0
nt@synapse_cleft 2204 -0.0156188534 0.0272905115 0.00218657648 0 0 0
nt@synapse_cleft 2218 -0.00106358963 -0.00820072976 0.0190316823 0 0 0
nt@synapse_cleft 2223 -0.0171291194 -0.00744283526 0.00800219291 0 0 0
nt@synapse_cleft 2228 -0.00714082823 0.022395181 0.0159871698 0 0 0
nt@synapse_cleft 2251 0.0162191119 0.00524425355 0.00657075495 0 0 0
nt@synapse_cleft 2254 -0.00944886197 -0.0330342081 0.0138569732 0 0 0
nt@synapse_cleft 2257 0.0103042993 -0.00999093445 0.0130147921 0 0 0
nt@synapse_cleft 2262 -0.0156503329 -0.00687788278 0.0177686885 0 0 0
nt@synapse_cleft 2271 -0.0350840435 0.0158409457 0.0199174774 0 0 0
nt@synapse_cleft 2274 -0.00119426654 0.0239558428 0.00541110458 0 0 0
nt@synapse_cleft 2278 0.0300204468 0.0433464909 0.00471386195 0 0 0
nt@synapse_cleft 2279 -0.034898274 0.0143305531 0.017397781 0 0 0
nt@synapse_cleft 2283 0.038600371 -0.0265017299 0.00971798181 0 0 0
nt@synapse_cleft 2284 0.0335409698 -0.00714950857 0.0123540477 0 0 0
nt@synapse_cleft 2285 -0.00600521201 -0.00799644418 0.0107996039 0 0 0
nt@synapse_cleft 2298 -0.0425014413 -0.035375624 0.0130076846 0 0 0
nt@synapse_cleft 2306 -0.0137653984 -0.0637251054 0.00286532185 0 0 0
nt@synapse_cleft 2308 -0.0495666672 0.0359089908 0.0141331483 0 0 0
nt@synapse_cleft 2309 0.00527670328 0.0228769554 0.0153967208 0 0 0
nt@synapse_cleft 2314 0.00250220945 -0.0159762235 0.00903651665 0 0 0
nt@synapse_cleft 2320 0.00707365628 -0.0280813709 0.00360861163 0 0 0
nt@synapse_cleft 2321 0.0449899886 0.0116526777 0.000256532123 0 0 0
nt@synapse_cleft 2327 -0.0326895615 -0.0185022871 0.0116370196 0 0 0
nt@synapse_cleft 2330 -0.0296464833 0.0118823131 0.0175385771 0 0 0
nt@synapse_cleft 2349 0.0439175521 0.0303139102 0.0101970778 0 0 0
nt@synapse_cleft 2367 -0.0298816909 -0.0549157301 0.000625230241 0 0 0
nt@synapse_cleft 2369 -0.0348646929 0.00325347469 0.00526473949 0 0 0
nt@synapse_cleft 2383 0.00591402544 -0.0833561775 0.012792115 0 0 0
nt@synapse_cleft 2389 0.00687798673 -0.0155309081 0.00990267405 0 0 0
nt@synapse_cleft 2400 -0.0153308505 -0.0153224386 0.0179153806 0 0 0
nt@synapse_cleft 2411 0.0234690066 -0.0394758169 0.0184953356 0 0 0
nt@synapse_cleft 2412 0.00212602867 0.00585186629 0.0180476 0 0 0
nt@synapse_cleft 2421 0.0134138912 0.0281529579 0.000433243178 0 0 0
nt@synapse_cleft 2423 0.00726202171 -0.0523251082 0.00599458929 0 0 0
nt@synapse_cleft 2437 0.0429498122 -0.00189759538 0.0104966693 0 0 0
nt@synapse_cleft 2438 0.0199469263 -0.0399168336 0.000796430924 0 0 0
nt@synapse_cleft 2448 -0.00136003997 0.0220734801 0.00357275579 0 0 0
nt@synapse_cleft 2456 -0.0265018657 -0.0184411384 0.00289480457 0 0 0
nt@synapse_cleft 2462 -0.0111877187 0.0284462156 0.00143901067 0 0 0
nt@synapse_cleft 2468 -0.0418268358 -0.0342340611 0.0127313338 0 0 0
nt@synapse_cleft 2472 0.0608547282 -0.0320995326 0.0066920447 0 0 0
nt@synapse_cleft 2481 -0.0150564162 -0.0276359026 0.0132197775 0 0 0
nt@synapse_cleft 2483 0.0231144514 0.014706172 0.00273507191 0 0 0
nt@synapse_cleft 2491 0.0135162827 0.0318187487 0.0194806894 0 0 0
nt@synapse_cleft 2493 0.0231216901 -0.0426582383 0.0122059389 0 0 0
nt@synapse_cleft 2498 0.00194989829 -0.0194819029 0.00082446678 0 0 0
nt@synapse_cleft 2502 0.0260256395 -0.0291816446 0.0157875851 0 0 0
nt@synapse_cleft 2509 0.00328687198 -0.0193009139 0.00028920912 0 0 0
nt@synapse_cleft 2513 -0.0177458409 0.0227682844 0.00591929033 0 0 0
nt@synapse_cleft 2517 -0.00571899395 -0.00128706836 0.019271743 0 0 0
nt@synapse_cleft 2520 0.0224673306 0.0332367968 0.0110062099 0 0 0
nt@synapse_cleft 2528 0.00876671123 -0.00245346358 0.0155202324 0 0 0
nt@synapse_cleft 2539 0.00557813133 0.0161230851 0.00838163547 0 0 0
nt@synapse_cleft 2542 0.0290198776 -0.0278112533 0.00932473667 0 0 0
nt@synapse_cleft 2549 -0.0156127905 0.0575846333 0.0151808483 0 0 0
nt@synapse_cleft 2550 0.0537047522 0.0150385011 0.0172913492 0 0 0
nt@synapse_cleft 2555 0.0610326412 -0.0202881157 0.0110588845 0 0 0
nt@synapse_cleft 2560 -0.0341851576 -0.00303536305 0.0109371489 0 0 0
nt@synapse_cleft 2561 0.0182923921 0.0491081916 0.0127240317 0 0 0
nt@synapse_cleft 2563 -0.000167990561 0.00749080128 0.00651832848 0 0 0
nt@synapse_cleft 2564 -0.00629222244 0.0546846457 0.00999874212 0 0 0
nt@synapse_cleft 2566 -0.00522782187 0.0171152708 0.00900171181 0 0 0
nt@synapse_cleft 2570 0.00137831912 0.00691030914 0.0107776373 0 0 0
nt@synapse_cleft 2577 0.00111222767 0.0184611194 0.00730153768 0 0 0
nt@synapse_cleft 2603 0.0344278911 -0.0267979538 0.0187145527 0 0 0
nt@synapse_cleft 2604 0.0562504275 -0.0302615933 0.0166719094 0 0 0
nt@synapse_cleft 2610 3.41610417e-05 -0.0225833876 0.0194656721 0 0 0
nt@synapse_cleft 2625 -0.0513326784 -0.0159720289 0.00226675997 0 0 0
nt@synapse_cleft 2628 0.0199951817 -0.0251414192 0.0156237292 0 0 0
nt@synapse_cleft 2639 0.000294342971 -0.014310293 0.00909820183 0 0 0
nt@synapse_cleft 2641 -0.0212690856 -0.0156250147 0.0145472902 0 0 0
nt@synapse_cleft 2652 0.00617394949 -0.000280383316 0.0164154275 0 0 0
nt@synapse_cleft 2660 -0.0166826562 -0.0229454087 0.00948826558 0 0 0
nt@synapse_cleft 2670 -0.00293255218 -0.00924486439 0.00674355146 0 0 0
nt@synapse_cleft 2680 -0.0562365442 -0.0298976185 0.00118421198 0 0 0
nt@synapse_cleft 2681 -0.0365774133 -0.0324068121 0.016719984 0 0 0
nt@synapse_cleft 2688 -0.0435690841 0.0731998937 0.0105347836 0 0 0
nt@synapse_cleft 2702 -0.0189398832 -0.00646326661 0.00235378345 0 0 0
nt@synapse_cleft 2708 -0.0372639951 0.013660389 0.011289478 0 0 0
nt@synapse_cleft 2709 0.02246282 -0.0121605431 0.0161900418 0 0 0
nt@synapse_cleft 2720 0.0160658502 0.00734856358 0.0103645392 0 0 0
nt@synapse_cleft 2724 -0.00274621344 -0.0194513414 0.0136482462 0 0 0
nt@synapse_cleft 2729 0.00887427502 -0.0482811899 0.0167786813 0 0 0
nt@synapse_cleft 2743 0.000224390334 -0.0554994102 0.00648876872 0 0 0
nt@synapse_cleft 2750 0.00797109047 -0.0550187327 0.00646535759 0 0 0
nt@synapse_cleft 2752 -0.0279420027 -0.0261051619 0.00704601462 0 0 0
nt@synapse_cleft 2756 0.0373447239 -0.022948099 0.0110809725 0 0 0
nt@synapse_cleft 2766 -0.0316549604 0.0224766524 0.00325482067 0 0 0
nt@synapse_cleft 2775 0.0281109693 -0.0286357504 0.0157054971 0 0 0
nt@synapse_cleft 2785 0.0130875031 0.0418680696 0.0121250943 0 0 0
nt@synapse_cleft 2798 -0.0340604633 0.00965283921 0.0103587417 0 0 0
nt@synapse_cleft 2807 -0.029055181 0.0139814166 0.0127985016 0 0 0
nt@synapse_cleft 2808 0.033659742 0.0618959282 0.00507979136 0 0 0
nt@synapse_cleft 2820 0.0120389989 -0.00186041171 0.0176850958 0 0 0
nt@synapse_cleft 2828 -0.000729888156 -0.045214702 6.54646485e-05 0 0 0
nt@synapse_cleft 2857 0.0218182171 -0.0372595284 0.00574666072 0 0 0
nt@synapse_cleft 2861 -0.010774127 0.0150786489 0.0101593678 0 0 0
nt@synapse_cleft 2863 -0.0506088658 -0.00074444467 0.0034643539 0 0 0
nt@synapse_cleft 2875 0.0222983718 0.0143255487 0.0143064742 0 0 0
nt@synapse_cleft 2876 0.00672064677 -0.0011680862 0.019682924 0 0 0
nt@synapse_cleft 2880 0.0186562173 -0.0181579033 0.0110811913 0 0 0
nt@synapse_cleft 2884 0.0217588377 0.0171226287 0.00955258458 0 0 0
nt@synapse_cleft 2894 0.02279611 0.0203219452 0.00891137956 0 0 0
nt@synapse_cleft 2895 0.0626848995 -0.0158719399 0.0115969006 0 0 0
nt@synapse_cleft 2905 -0.00618230227 0.00615874261 0.00772501067 0 0 0
nt@synapse_cleft 2909 0.0485375451 -0.0120869658 0.0191973064 0 0 0
nt@synapse_cleft 2910 -0.0595707405 0.0054058878 0.0125058748 0 0 0
nt@synapse_cleft 2912 0.00166802061 -0.0121258895 0.0137279148 0 0 0
nt@synapse_cleft 2915 0.0347474846 -0.0450237671 0.0131811057 0 0 0
nt@synapse_cleft 2920 -0.000762540938 -0.00417044149 0.00973814508 0 0 0
nt@synapse_cleft 2933 -0.0122627674 -0.0198444471 0.00551938616 0 0 0
nt@synapse_cleft 2935 -0.0362118494 0.00218184733 0.0183559412 0 0 0
nt@synapse_cleft 2940 -0.00420086638 -0.020341339 0.00695948318 0 0 0
nt@synapse_cleft 2962 0.0209994024 -0.00828274052 0.000328489259 0 0 0
nt@synapse_cleft 2983 0.00929669671 -0.0270042945 0.00560802216 0 0 0
nt@synapse_cleft 2993 -0.0158868938 0.0451473283 0.0160513088 0 0 0
nt@synapse_cleft 3006 0.0482346404 0.0675534798 0.00584951446 0 0 0
nt@synapse_cleft 3012 0.0207054837 -0.0110201675 0.019558101 0 0 0
nt@synapse_cleft 3019 -0.034393913 -0.00333914714 0.00935561463 0 0 0
nt@synapse_cleft 3020 -0.0146138 -0.031680137 0.00343143189 0 0 0
nt@synapse_cleft 3042 -0.0103075046 0.00852701696 0.0189142505 0 0 0
nt@synapse_cleft 3047 0.0243520807 0.0589524619 0.00856390088 0 0 0
nt@synapse_cleft 3057 0.0461422175 -0.0045955922 0.018672196 0 0 0
nt@synapse_cleft 3061 -0.017836486 0.0296944456 0.00236761378 0 0 0
nt@synapse_cleft 3069 0.0424842888 -0.0265841557 0.0190510664 0 0 0
nt@synapse_cleft 3073 0.0122230293 0.041078337 0.000944887494 0 0 0
nt@synapse_cleft 3089 0.0010884826 -0.0119408285 0.000681110531 0 0 0
nt@synapse_cleft 3096 -0.00403842351 0.00709549878 0.00658742262 0 0 0
nt@synapse_cleft 3099 -0.0431441325 0.0148807529 0.0102190117 0 0 0
nt@synapse_cleft 3114 0.0350005705 0.0237602315 0.0164794601 0 0 0
nt@synapse_cleft 3134 0.0125645202 0.0302918568 0.00608051045 0 0 0
nt@synapse_cleft 3150 0.0200151173 -0.0606875446 0.00459866833 0 0 0
nt@synapse_cleft 3159 -0.0132436794 0.00884090295 0.0177697805 0 0 0
nt@synapse_cleft 3177 0.0159299882 -0.021901524 0.00175839804 0 0 0
nt@synapse_cleft 3178 -0.0242720404 -0.0204072723 0.00672825598 0 0 0
nt@synapse_cleft 3181 0.0100210485 -0.00366252681 0.0179614031 0 0 0
nt@synapse_cleft 3183 -0.000868450103 -0.0304345235 0.00439295049 0 0 0
nt@synapse_cleft 3184 0.0250477825 0.0272154464 0.0108609543 0 0 0
nt@synapse_cleft 3185 0.0128489846 0.00800669298 0.0131168148 0 0 0
nt@synapse_cleft 3199 0.00206026459 0.0129484153 0.0192841856 0 0 0
nt@synapse_cleft 3202 0.00919360397 0.0328194656 0.00307949822 0 0 0
nt@synapse_cleft 3220 0.00329412914 0.0394692916 0.00582028404 0 0 0
nt@synapse_cleft 3222 -0.0550242168 -0.0142437017 0.00316083046 0 0 0
nt@synapse_cleft 3227 0.0150856616 0.00726996254 0.0113585239 0 0 0
nt@synapse_cleft 3247 0.00375903619 -0.00215944941 0.0143511338 0 0 0
nt@synapse_cleft 3249 -0.00864622624 -0.00828312869 0.0131829227 0 0 0
nt@synapse_cleft 3275 0.00688546019 -0.0204977293 0.0104758193 0 0 0
nt@synapse_cleft 3304 0.0258539715 0.0788283362 0.0112302583 0 0 0
nt@synapse_cleft 3308 -0.0337504119 0.0487889278 0.00387341609 0 0 0
nt@synapse_cleft 3326 0.0127375065 0.000337487254 0.00338111776 0 0 0
nt@synapse_cleft 3334 0.00491362785 0.0134630584 0.00605190268 0 0 0
nt@synapse_cleft 3338 -0.0104126235 -0.0600276344 0.0151191572 0 0 0
nt@synapse_cleft 3341 0.0218419706 0.00238770403 0.00152966298 0 0 0
nt@synapse_cleft 3367 0.0135221124 0.0144054186 0.010202991 0 0 0
nt@synapse_cleft 3375 0.0502307462 0.0370940734 0.0161610093 0 0 0
nt@synapse_cleft 3378 0.00683099997 0.0215332221 0.00373882679 0 0 0
nt@synapse_cleft 3394 0.00491394438 -0.0259143751 0.000343455988 0 0 0
nt@synapse_cleft 3402 -0.00761477499 -0.0259453654 0.00264556096 0 0 0
nt@synapse_cleft 3404 0.00425165547 -0.0340081216 0.00148768876 0 0 0
nt@synapse_cleft 3407 -0.00964563956 0.0726363122 0.0174496174 0 0 0
nt@synapse_cleft 3413 0.021199994 0.0145446992 0.0196687839 0 0 0
nt@synapse_cleft 3419 -0.035727782 0.0304059989 0.00299285892 0 0 0
nt@synapse_cleft 3429 0.0485343626 -0.0219729654 0.016718967 0 0 0
nt@synapse_cleft 3432 0.0538589804 -0.06831566 0.00632605592 0 0 0
nt@synapse_cleft 3445 0.0230399823 0.0380629632 0.0109813803 0 0 0
nt@synapse_cleft 3451 0.0155040298 0.0104242303 0.0164105702 0 0 0
nt@synapse_cleft 3467 -0.0701575968 0.000999351012 0.00768406116 0 0 0
nt@synapse_cleft 3474 0.0542227385 0.00320092619 0.000767685809 0 0 0
nt@synapse_cleft 3482 -0.0773076832 -0.0313769587 0.00523754851 0 0 0
nt@synapse_cleft 3484 -0.00750505372 0.0254974608 0.0179953866 0 0 0
nt@synapse_cleft 3500 0.0149163326 -0.0254902086 0.0196080032 0 0 0
nt@synapse_cleft 3507 -0.0343024472 0.0053348724 0.0173430731 0 0 0
nt@synapse_cleft 3511 0.025085424 -0.0391442079 0.00320525418 0 0 0
nt@synapse_cleft 3526 0.0105412607 -0.0481245695 0.0112860568 0 0 0
nt@synapse_cleft 3535 0.0101337409 0.0125019986 0.0010448575 0 0 0
nt@synapse_cleft 3536 0.0157934809 0.00900438419 0.00901535631 0 0 0
nt@synapse_cleft 3538 -0.0307334189 0.00912419228 0.00695805098 0 0 0
nt@synapse_cleft 3542 0.00310970668 0.0343999339 0.00499006487 0 0 0
nt@synapse_cleft 3543 -0.0349722022 -0.0281415497 0.0143569504 0 0 0
nt@synapse_cleft 3546 0.00616234254 0.036910737 0.0134570649 0 0 0
nt@synapse_cleft 3561 -0.011533373 -0.0157563412 0.00326283731 0 0 0
nt@synapse_cleft 3562 -0.0586556 -0.00573435196 0.00110178878 0 0 0
nt@synapse_cleft 3563 0.02391619 -0.024564695 0.0192123613 0 0 0
nt@synapse_cleft 3565 0.0381501817 -0.0170757238 0.0102147358 0 0 0
nt@synapse_cleft 3566 -0.0146819145 0.0603903415 0.016919685 0 0 0
nt@synapse_cleft 3575 -0.0195222868 -0.00293737273 0.0137281545 0 0 0
nt@synapse_cleft 3576 0.0498353454 0.00358419948 0.00533135821 0 0 0
nt@synapse_cleft 3592 0.00404875278 0.0501964326 0.0042294734 0 0 0
nt@synapse_cleft 3602 -0.0401629596 -0.0190179864 0.0116623116 0 0 0
nt@synapse_cleft 3603 -0.018005168 0.0245552246 0.0194421904 0 0 0
nt@synapse_cleft 3606 -0.00682804454 0.00874190128 0.00949628571 0 0 0
nt@synapse_cleft 3611 0.0118045509 0.0115348896 0.0103703166 0 0 0
nt@synapse_cleft 3616 -0.0542777908 0.0404225628 0.00853789841 0 0 0
nt@synapse_cleft 3617 -0.0147594218 -0.0673183744 0.019849934 0 0 0
nt@synapse_cleft 3620 0.0179153796 0.033711526 0.0111714799 0 0 0
nt@synapse_cleft 3625 0.0162716484 0.016038078 0.0185931248 0 0 0
nt@synapse_cleft 3635 -0.0219720966 0.0175049605 0.00701622303 0 0 0
nt@synapse_cleft 3636 -0.000584282483 -0.0092949178 0.00477995822 0 0 0
nt@synapse_cleft 3645 0.00856415633 -0.0353179523 0.00714200137 0 0 0
nt@synapse_cleft 3661 0.0256183593 -0.00138023838 0.00653187529 0 0 0
nt@synapse_cleft 3667 -0.0352030238 -0.0060961166 0.00956062 0 0 0
nt@synapse_cleft 3681 0.0394177311 -0.027406484 0.00194003866 0 0 0
nt@synapse_cleft 3690 0.0480751181 -0.0173782107 0.0171617604 0 0 0
nt@synapse_cleft 3693 -0.0646576306 -0.0257276433 0.0175207997 0 0 0
nt@synapse_cleft 3706 0.0280081798 -0.0287551887 0.00383040718 0 0 0
nt@synapse_cleft 3707 -0.0614948686 -0.0145915114 0.0157047432 0 0 0
nt@synapse_cleft 3714 -0.0600713164 -0.00761349255 0.0153029249 0 0 0
nt@synapse_cleft 3730 0.00222508408 0.0116154983 0.00728039478 0 0 0
nt@synapse_cleft 3731 -0.0171887316 -0.000818939943 0.0142007797 0 0 0
nt@synapse_cleft 3737 0.00482860009 0.0128230568 0.00465376688 0 0 0
nt@synapse_cleft 3739 0.0278172422 0.0599426522 0.0171129136 0 0 0
nt@synapse_cleft 3745 -0.00695034139 0.0208141519 0.0048284427 0 0 0
nt@synapse_cleft 3751 -0.000365508037 -0.00782079719 0.00801027139 0 0 0
nt@synapse_cleft 3758 -0.0143491755 -0.0362142934 0.00103445585 0 0 0
nt@synapse_cleft 3759 -0.0166934634 -0.0130713248 0.0192429308 0 0 0
nt@synapse_cleft 3763 0.039284841 0.034562054 0.00508864882 0 0 0
nt@synapse_cleft 3768 0.0193989774 0.0031158143 0.0148288188 0 0 0
nt@synapse_cleft 3771 0.0133922502 -0.029200783 0.010900267 0 0 0
nt@synapse_cleft 3783 -0.0208436337 -0.0289374087 0.00697918383 0 0 0
nt@synapse_cleft 3788 0.000859150865 -0.0206340636 0.0195632473 0 0 0
nt@synapse_cleft 3793 -0.0106984336 -0.00830196105 0.0164222779 0 0 0
nt@synapse_cleft 3800 0.0239147483 -0.0144467057 0.0140411219 0 0 0
nt@synapse_cleft 3811 -0.0114118778 -0.0247037727 0.00542310466 0 0 0
nt@synapse_cleft 3827 0.0141765327 0.0642653334 0.0110570576 0 0 0
nt@synapse_cleft 3831 -0.0052696283 -0.0485989524 0.00919573257 0 0 0
nt@synapse_cleft 3834 0.0459398454 -0.0326009954 0.0182779631 0 0 0
nt@synapse_cleft 3835 0.0172185335 -0.0363366434 0.00520840426 0 0 0
nt@synapse_cleft 3844 -0.00830186183 -0.0111865423 0.011646683 0 0 0
nt@synapse_cleft 3846 -0.0288828786 -0.00390769896 0.0179335657 0 0 0
nt@synapse_cleft 3848 0.0276703341 0.0439977391 0.0192161755 0 0 0
nt@synapse_cleft 3850 -0.0179698503 -0.0194246406 0.0178533432 0 0 0
nt@synapse_cleft 3859 0.0433236371 -0.0076793529 0.00429599275 0 0 0
nt@synapse_cleft 3879 0.0514909959 -0.0612826568 0.00804979546 0 0 0
nt@synapse_cleft 3886 0.0427359497 0.060603143 0.00036379692 0 0 0
nt@synapse_cleft 3891 0.00515418178 -0.00817613355 0.0100920422 0 0 0
nt@synapse_cleft 3902 -0.0296960498 0.00465339742 0.0108113027 0 0 0
nt@synapse_cleft 3907 -0.032614878 -0.0184173338 0.00261775147 0 0 0
nt@synapse_cleft 3918 -0.00427095055 -0.00914234727 0.000999470841 0 0 0
nt@synapse_cleft 3921 0.0339349714 0.0441152103 0.00295866793 0 0 0
nt@synapse_cleft 3927 0.00564100416 0.0373424518 0.0196203456 0 0 0
nt@synapse_cleft 3932 0.0248183865 -0.026321689 0.0130255461 0 0 0
nt@synapse_cleft 3952 -0.0349892768 0.0238361988 0.00736882836 0 0 0
nt@synapse_cleft 3953 0.0367032497 -0.0413545589 0.00240730215 0 0 0
nt@synapse_cleft 3957 0.0285201272 0.0170305639 0.0150533219 0 0 0
nt@synapse_cleft 3958 -0.00146267147 0.0231317739 0.015275653 0 0 0
nt@synapse_cleft 3963 0.0144864681 0.0200945687 0.00070943899 0 0 0
nt@synapse_cleft 3965 -0.039187742 0.00667949773 0.0139917959 0 0 0
nt@synapse_cleft 3967 0.0235363029 -0.0173534306 0.0137527482 0 0 0
nt@synapse_cleft 3968 0.00357627752 -0.00407677666 0.00195127201 0 0 0
nt@synapse_cleft 3973 -0.00946273666 0.00385176832 0.018750896 0 0 0
nt@synapse_cleft 3974 -0.0214253723 0.075205649 0.00488492032 0 0 0
nt@synapse_cleft 3978 0.023414641 0.00197396272 0.015712483 0 0 0
nt@synapse_cleft 3983 -0.0353103534 -0.0326542293 3.12688252e-05 0 0 0
nt@synapse_cleft 3988 -0.0172102828 -0.0359734277 0.00216308188 0 0 0
nt@synapse_cleft 3991 0.0754012303 -0.0322824723 0.00366536451 0 0 0
nt@synapse_cleft 3993 -0.0552258353 -0.0130447042 0.0172685375 0 0 0
nt@synapse_cleft 3997 -0.0492010917 0.0135612394 0.0160294296 0 0 0
nt@synapse_cleft 3999 -0.0347153926 -0.0168556443 0.00668182876 0 0 0
nt@synapse_cleft 4018 0.0229700725 0.00290981901 0.0172161766 0 0 0
nt@synapse_cleft 4037 -0.00408275176 0.0288588029 0.0177307565 0 0 0
nt@synapse_cleft 4040 0.00132767464 0.0100443326 0.0117268604 0 0 0
nt@synapse_cleft 4049 0.014915522 0.0111734671 0.0152425071 0 0 0
nt@synapse_cleft 4051 0.00491527054 0.012358858 0.0130838121 0 0 0
nt@synapse_cleft 4064 -5.81225387e-05 0.0167910259 0.012174828 0 0 0
nt@synapse_cleft 4070 -0.0191073365 0.00663898883 0.015155635 0 0 0
nt@synapse_cleft 4103 -0.00672302545 0.0120521649 0.00514100438 0 0 0
nt@synapse_cleft 4106 0.0269762107 0.0208736609 0.00884350013 0 0 0
nt@synapse_cleft 4115 0.0110272824 0.0137010638 0.00956423445 0 0 0
nt@synapse_cleft 4119 0.0203366782 -0.0245177923 0.0160834961 0 0 0
nt@synapse_cleft 4123 -0.0123097385 0.0125189858 0.0170515613 0 0 0
nt@synapse_cleft 4126 0.042309882 -0.0356405412 0.00130465482 0 0 0
nt@synapse_cleft 4129 -0.0066521748 0.0163581662 0.0188158481 0 0 0
nt@synapse_cleft 4132 0.029796269 0.0424851073 0.0129839751 0 0 0
nt@synapse_cleft 4135 0.0104363234 0.00186495132 0.0155705212 0 0 0
nt@synapse_cleft 4150 -0.0341736622 -0.0570679201 0.0198845151 0 0 0
nt@synapse_cleft 4155 0.0209494477 -0.0583159123 0.00771612281 0 0 0
nt@synapse_cleft 4156 0.055253247 0.000541083308 0.00830165474 0 0 0
nt@synapse_cleft 4163 0.01038653 0.041918032 0.00460487027 0 0 0
nt@synapse_cleft 4177 -0.0350421576 0.0722417637 0.0139303125 0 0 0
nt@synapse_cleft 4187 -0.0175308581 -0.0263801677 0.0188215589 0 0 0
nt@synapse_cleft 4193 0.0101932353 -0.0505580643 0.0122941687 0 0 0
nt@synapse_cleft 4214 -0.032319699 -0.0135783287 0.0159693752 0 0 0
nt@synapse_cleft 4215 0.0317148843 -0.0576292146 0.0155867048 0 0 0
nt@synapse_cleft 4220 -0.0260212042 -0.0152372446 0.0139663505 0 0 0
nt@synapse_cleft 4228 0.0435929042 -0.0171087342 0.016436692 0 0 0
nt@synapse_cleft 4230 -0.0134218507 0.0623532739 0.000736229176 0 0 0
nt@synapse_cleft 4233 0.0165874199 0.0187351455 0.0095256913 0 0 0
nt@synapse_cleft 4242 0.0312981814 -0.0490908925 0.0110625986 0 0 0
nt@synapse_cleft 4252 0.0313285032 0.00579256408 0.0107836052 0 0 0
nt@synapse_cleft 4254 -0.00781778704 0.0434587926 0.00350264846 0 0 0
nt@synapse_cleft 4255 -0.024661861 -0.0352552869 0.00856112389 0 0 0
nt@synapse_cleft 4279 0.0281453241 -0.0570126808 0.0095901579 0 0 0
nt@synapse_cleft 4285 -0.0449830602 0.0421126896 0.0123538195 0 0 0
nt@synapse_cleft 4288 0.0233906647 -0.0197566564 0.0133795016 0 0 0
nt@synapse_cleft 4293 -0.0288897645 -0.0122337778 0.0080854421 0 0 0
nt@synapse_cleft 4297 0.0286770809 -0.019914574 0.0135325038 0 0 0
nt@synapse_cleft 4301 0.0470547451 -0.00575352747 0.0120739701 0 0 0
nt@synapse_cleft 4312 -0.0227281031 -0.0339419353 0.0106176778 0 0 0
nt@synapse_cleft 4317 -0.014937083 0.052237179 0.00134111065 0 0 0
nt@synapse_cleft 4326 0.0261307245 -0.00581685508 0.0193926693 0 0 0
nt@synapse_cleft 4330 -0.0266544319 0.0166537153 0.019197086 0 0 0
nt@synapse_cleft 4339 0.0106811329 -0.022546606 0.0183120943 0 0 0
nt@synapse_cleft 4343 -0.0250063113 -0.0634955528 0.00562489301 0 0 0
nt@synapse_cleft 4346 0.0203285214 0.0134414064 6.3259548e-05 0 0 0
nt@synapse_cleft 4351 0.0504323049 0.0103723192 0.0196390784 0 0 0
nt@synapse_cleft 4360 0.00399134954 0.0101698926 0.0101284708 0 0 0
nt@synapse_cleft 4365 0.00819423518 0.0415201838 0.0160841955 0 0 0
nt@synapse_cleft 4374 -0.0156281231 -0.0310000057 0.0056990341 0 0 0
nt@synapse_cleft 4381 -0.0190222307 -0.0370635459 0.014823927 0 0 0
nt@synapse_cleft 4386 -0.0125079395 0.00966647139 0.00535153548 0 0 0
nt@synapse_cleft 4392 0.00547925452 0.0151043313 0.00828975761 0 0 0
nt@synapse_cleft 4395 0.0147169396 -0.0421657173 0.018997478 0 0 0
nt@synapse_cleft 4396 0.017093447 -0.0489645888 0.00462417562 0 0 0
nt@synapse_cleft 4398 -0.0194250673 0.00509398218 0.0131415526 0 0 0
nt@synapse_cleft 4399 0.0267094449 0.0387247082 0.00113778588 0 0 0
nt@synapse_cleft 4414 0.00190448714 -0.0195035279 0.019157826 0 0 0
nt@synapse_cleft 4416 -0.0158038503 0.00569710094 0.0180741862 0 0 0
nt@synapse_cleft 4423 0.021515582 -0.00622609634 0.00943218189 0 0 0
nt@synapse_cleft 4424 -0.0301912358 -0.000139053346 0.00141097079 0 0 0
nt@synapse_cleft 4430 -0.00435678769 -0.0117354849 0.00796582369 0 0 0
nt@synapse_cleft 4431 0.0154469425 -0.037442738 0.0157480982 0 0 0
nt@synapse_cleft 4434 0.0164474461 -0.00189493569 0.000805771517 0 0 0
nt@synapse_cleft 4446 -0.0110114452 0.0322984999 0.0150772236 0 0 0
nt@synapse_cleft 4464 0.0203466563 -0.0211177222 0.0105545054 0 0 0
nt@synapse_cleft 4478 -0.0180606393 0.039341554 0.00721584996 0 0 0
nt@synapse_cleft 4480 0.017817737 0.046974849 0.0104724218 0 0 0
nt@synapse_cleft 4482 -0.0457647341 -0.0253998922 0.0174467523 0 0 0
nt@synapse_cleft 4485 0.0152655888 0.0241206438 0.0133022391 0 0 0
nt@synapse_cleft 4488 0.0105712625 0.0135400782 0.00637189025 0 0 0
nt@synapse_cleft 4489 -0.01912721 -0.0116998553 0.00433698141 0 0 0
nt@synapse_cleft 4499 -0.00324993766 0.0154455831 0.0117035881 0 0 0
nt@synapse_cleft 4501 0.0148171547 0.00587498742 0.0115466958 0 0 0
nt@synapse_cleft 4517 -0.0398952924 0.00813973262 0.00541550817 0 0 0
nt@synapse_cleft 4527 0.00659751334 0.00756022648 0.0164940352 0 0 0
nt@synapse_cleft 4538 -0.0409310881 -0.0425609892 0.00443630058 0 0 0
nt@synapse_cleft 4542 0.00459518375 0.0524948224 0.00761364108 0 0 0
nt@synapse_cleft 4545 -0.0227591983 0.0421445059 0.00422974026 0 0 0
nt@synapse_cleft 4551 -0.00308405973 0.0388810193 0.00738118675 0 0 0
nt@synapse_cleft 4553 -0.0350573416 -0.0158345084 0.0163753631 0 0 0
nt@synapse_cleft 4559 -0.0308222069 0.0200087856 0.0197418559 0 0 0
nt@synapse_cleft 4574 0.0434117992 -0.0306998547 0.00414693453 0 0 0
nt@synapse_cleft 4576 -0.0436239054 -0.0205166452 0.0138467494 0 0 0
nt@synapse_cleft 4583 0.0094783709 0.00558765085 0.00451355894 0 0 0
nt@synapse_cleft 4590 -0.0562597846 -0.0109514064 0.015801364 0 0 0
nt@synapse_cleft 4593 -0.0496047609 0.049646494 0.00363865556 0 0 0
nt@synapse_cleft 4595 0.0340734321 -0.0408607601 0.00107988657 0 0 0
nt@synapse_cleft 4620 0.00431429972 0.0058723326 0.017479128 0 0 0
nt@synapse_cleft 4659 -0.0379201432 0.0528577562 0.0117543603 0 0 0
nt@synapse_cleft 4681 0.0244981727 -0.00971860485 0.0153900955 0 0 0
nt@synapse_cleft 4700 -0.0290779142 0.0510047692 0.00809635206 0 0 0
nt@synapse_cleft 4709 -0.0216572468 -0.00867867895 0.0069528501 0 0 0
nt@synapse_cleft 4718 0.04774169 0.0148578951 0.0156968107 0 0 0
nt@synapse_cleft 4736 -0.00436491919 0.0256778699 0.00511856691 0 0 0
nt@synapse_cleft 4750 -0.00630551797 -0.0686417148 0.0110417127 0 0 0
nt@synapse_cleft 4753 -0.0162080199 -0.0022860163 0.0161099338 0 0 0
nt@synapse_cleft 4754 -0.0036144116 -0.0159902545 0.000745915644 0 0 0
nt@synapse_cleft 4756 0.0139434054 -0.0209876633 0.0181014563 0 0 0
nt@synapse_cleft 4758 -0.0235293415 -0.00084916904 0.0179382615 0 0 0
nt@synapse_cleft 4764 0.0346607676 -0.0152384258 0.000110554733 0 0 0
nt@synapse_cleft 4779 0.0321849219 -0.0258676346 0.00836955475 0 0 0
nt@synapse_cleft 4784 0.0299274645 0.00666623343 0.00655768635 0 0 0
nt@synapse_cleft 4786 -0.0299897547 0.0199380939 0.0175935233 0 0 0
nt@synapse_cleft 4791 0.0469088394 0.00702728047 0.0141343686 0 0 0
nt@synapse_cleft 4793 -0.0337582791 0.00277219657 0.0157499561 0 0 0
nt@synapse_cleft 4800 0.0309258522 0.00467247594 0.014548646 0 0 0
nt@synapse_cleft 4801 -0.0122775627 0.00960787981 0.0110328836 0 0 0
nt@synapse_cleft 4822 -0.0163183598 -0.0138436935 0.00459062383 0 0 0
nt@synapse_cleft 4823 -0.0159626732 0.00740108142 0.0183421965 0 0 0
nt@synapse_cleft 4829 0.0200723988 -0.0588402975 0.00348984149 0 0 0
nt@synapse_cleft 4839 -0.00386801923 -0.0070485431 0.00558685377 0 0 0
nt@synapse_cleft 4844 0.0716795416 -0.0181070228 0.0177495639 0 0 0
nt@synapse_cleft 4852 -0.0174101457 -0.0337209095 0.00768098712 0 0 0
nt@synapse_cleft 4871 0.00567354632 0.0144954623 0.00827519389 0 0 0
nt@synapse_cleft 4880 0.00420944884 -0.0231333859 0.0196745618 0 0 0
nt@synapse_cleft 4892 -0.0253932035 0.0351462061 0.00498162116 0 0 0
nt@synapse_cleft 4897 0.0154280354 -0.0244231259 0.00101559077 0 0 0
nt@synapse_cleft 4901 0.0261682595 0.00563488221 0.00700224798 0 0 0
nt@synapse_cleft 4905 -0.0325696029 0.00661132421 0.000598698219 0 0 0
nt@synapse_cleft 4906 -0.0148112563 -0.0376970563 0.00886826884 0 0 0
nt@synapse_cleft 4919 -0.00185948323 0.0200134624 0.00325535761 0 0 0
nt@synapse_cleft 4925 -0.0175634332 0.00363115691 0.00792424015 0 0 0
nt@synapse_cleft 4937 -0.0725866537 0.00822796135 0.0105371535 0 0 0
nt@synapse_cleft 4946 0.00363775482 0.00340349286 0.0106298492 0 0 0
nt@synapse_cleft 4973 -0.000891480233 0.0458092526 0.0140259276 0 0 0
nt@synapse_cleft 4979 0.00662184696 -0.00148735879 0.00467158207 0 0 0
nt@synapse_cleft 4981 0.00574615099 -0.0623432178 0.00242322631 0 0 0
nt@synapse_cleft 4982 -6.5045785e-05 0.0187987735 0.00881336178 0 0 0
nt@synapse_cleft 4983 -0.0292611167 -0.00352259994 0.000607320511 0 0 0
nt@synapse_cleft 4991 -0.015643653 -0.00641778845 0.00785759206 0 0 0
nt@synapse_cleft 5004 -0.0182861037 -0.016251965 0.0066018294 0 0 0
nt@synapse_cleft 5006 0.0243412382 -0.0177437778 0.015739985 0 0 0
nt@synapse_cleft 5009 -0.0141387385 0.0042629108 0.00183498668 0 0 0
nt@synapse_cleft 5015 -0.0336778862 -0.0378054691 0.00789913659 0 0 0
nt@synapse_cleft 5044 -0.0446982494 0.0306549884 0.00675291108 0 0 0
nt@synapse_cleft 5046 0.000678324164 -0.0220616714 0.000181207549 0 0 0
nt@synapse_cleft 5055 -0.00595459155 0.0248593411 0.0195363327 0 0 0
nt@synapse_cleft 5061 0.000345239544 -0.0356415204 0.00521806624 0 0 0
nt@synapse_cleft 5063 -0.0300137091 0.0449830032 0.0175564734 0 0 0
nt@synapse_cleft 5082 -0.00502006208 0.0587902548 0.0113399422 0 0 0
nt@synapse_cleft 5086 0.0321075756 0.0457762819 0.00502774516 0 0 0
nt@synapse_cleft 5133 -0.0297429402 0.0231267996 0.0146592782 0 0 0
nt@synapse_cleft 5145 0.0150350057 0.0217906665 0.000388925767 0 0 0
nt@synapse_cleft 5154 0.0142886175 0.016152465 0.0171417415 0 0 0
nt@synapse_cleft 5159 -0.0363054918 -0.0133318945 0.0147478458 0 0 0
nt@synapse_cleft 5164 0.0157176388 -0.00696253204 0.000783934005 0 0 0
nt@synapse_cleft 5173 -0.0326790869 0.00224562862 0.0122441885 0 0 0
nt@synapse_cleft 5176 -0.0346610423 0.0770553476 0.007626216 0 0 0
nt@synapse_cleft 5179 0.0259333503 0.00349849939 0.00582256423 0 0 0
nt@synapse_cleft 5182 0.069669728 -0.000332327823 0.000442099679 0 0 0
