nt@synapse_cleft 0 8.59365219e-06 0.00614250729 0.0090764089 0 0 0
nt@synapse_cleft 2 -0.0115831242 0.0105943819 0.0119085075 0 0 0
nt@synapse_cleft 7 0.000207273876 -0.00853427522 0.0066908601 0 0 0
nt@synapse_cleft 9 0.0138120967 -0.00101444357 0.00811380504 0 0 0
nt@synapse_cleft 12 0.0110117115 0.0146849202 0.000113844475 0 0 0
nt@synapse_cleft 15 -0.0155000547 -0.00965640554 0.0064681014 0 0 0
nt@synapse_cleft 26 0.0112502316 0.0105756869 0.00862233776 0 0 0
nt@synapse_cleft 45 0.000545571879 0.00796758095 0.0135915979 0 0 0
nt@synapse_cleft 54 -0.00229988041 -0.000868758048 0.00874953286 0 0 0
nt@synapse_cleft 89 0.00885415527 -0.00985116123 0.00792310634 0 0 0
nt@synapse_cleft 100 -0.00568699521 0.000924940806 0.00708619678 0 0 0
nt@synapse_cleft 103 -0.0110612875 0.0031130048 0.0131971571 0 0 0
nt@synapse_cleft 150 -0.0127927032 0.00332168205 0.000875626498 0 0 0
nt@synapse_cleft 188 -0.00821406558 0.0063176013 0.00446686488 0 0 0
nt@synapse_cleft 194 0.00759268847 -0.000855536611 0.00250108912 0 0 0
nt@synapse_cleft 195 -0.00237122912 -0.00581785261 0.00109194974 0 0 0
nt@synapse_cleft 199 0.00687657305 -0.00305148563 0.00214117452 0 0 0
nt@synapse_cleft 206 -0.00342630234 -0.0184564866 0.00722659235 0 0 0
nt@synapse_cleft 231 -0.00355102731 -0.00107524327 0.00475344115 0 0 0
nt@synapse_cleft 235 0.0141280389 -0.000819248376 0.00167733337 0 0 0
nt@synapse_cleft 244 0.00936573377 -0.000241839118 0.0145605086 0 0 0
nt@synapse_cleft 248 0.00827572583 -0.00209329692 0.000453634604 0 0 0
nt@synapse_cleft 256 -0.00226150815 -0.00173744149 0.00125546447 0 0 0
nt@synapse_cleft 284 0.0110335478 -0.00913715932 0.00687627595 0 0 0
nt@synapse_cleft 307 0.00928631121 -0.00663414093 0.00660692501 0 0 0
nt@synapse_cleft 318 0.000557238997 -0.00256094115 0.00517667857 0 0 0
nt@synapse_cleft 321 0.0120987927 -0.0035076286 0.0111713479 0 0 0
nt@synapse_cleft 325 -0.00544558136 0.00160227781 0.00702852652 0 0 0
nt@synapse_cleft 361 0.00446972271 -0.015160119 0.00531186248 0 0 0
nt@synapse_cleft 376 0.00947866787 -0.00423103991 0.00990168364 0 0 0
nt@synapse_cleft 385 0.001858891 0.00463299086 0.00636724406 0 0 0
nt@synapse_cleft 406 0.00506231289 -0.006797446 0.0181002783 0 0 0
nt@synapse_cleft 421 0.015957354 -0.0146280668 0.0190621728 0 0 0
nt@synapse_cleft 426 -0.00142338517 -0.00217948105 0.00775069524 0 0 0
nt@synapse_cleft 429 0.0222675803 -0.00533198724 0.00826645414 0 0 0
nt@synapse_cleft 444 -0.00682381076 -0.00336001919 0.00658358614 0 0 0
nt@synapse_cleft 449 -0.0111731622 0.00335245585 0.000759987444 0 0 0
nt@synapse_cleft 452 0.00953246914 -0.00393026071 0.00708693932 0 0 0
nt@synapse_cleft 455 0.00464326881 -0.0100611169 0.00264953034 0 0 0
nt@synapse_cleft 477 0.0112116629 -0.0119256308 0.0130182945 0 0 0
nt@synapse_cleft 479 -0.0178108306 0.00653472006 0.00112542229 0 0 0
nt@synapse_cleft 482 -0.017201085 0.00653901705 0.00255750974 0 0 0
nt@synapse_cleft 499 0.0112558914 -0.00209545476 0.000179257457 0 0 0
nt@synapse_cleft 510 -0.0015627928 0.00947898288 0.0030987832 0 0 0
nt@synapse_cleft 522 -0.00427271964 0.00502729502 0.00218804235 0 0 0
nt@synapse_cleft 524 -0.00560580206 0.00404570555 0.0140204802 0 0 0
nt@synapse_cleft 536 -0.020999639 0.0203391135 0.0106001466 0 0 0
nt@synapse_cleft 544 -0.0122553743 0.00786192082 0.0153150539 0 0 0
nt@synapse_cleft 549 -0.0051356844 0.0158787445 0.00792965157 0 0 0
nt@synapse_cleft 551 -0.0105096952 0.00410184011 0.0145928452 0 0 0
nt@synapse_cleft 558 0.000390429697 5.49139156e-05 0.000666990119 0 0 0
nt@synapse_cleft 563 -0.00180509945 0.0091421097 0.00726132662 0 0 0
nt@synapse_cleft 575 0.0185878272 0.00102837324 0.00880956236 0 0 0
nt@synapse_cleft 596 0.0251090517 -0.0236359601 0.0148173596 0 0 0
nt@synapse_cleft 620 0.00146345128 0.00693205833 0.0118954541 0 0 0
nt@synapse_cleft 627 0.0178408871 0.000123103725 0.00377650756 0 0 0
nt@synapse_cleft 633 0.00296453429 0.000602889435 0.00616337225 0 0 0
nt@synapse_cleft 634 -0.00969577981 0.00719143471 0.00237920927 0 0 0
nt@synapse_cleft 645 -0.00675894252 0.00863091047 0.00758604936 0 0 0
nt@synapse_cleft 661 0.00143102524 0.00583842262 0.0017456937 0 0 0
nt@synapse_cleft 664 0.00546935485 -0.00464428002 0.0116942577 0 0 0
nt@synapse_cleft 678 -0.00349690609 -0.00430808888 0.00310663439 0 0 0
nt@synapse_cleft 681 0.01197432 0.0024731619 0.0186851108 0 0 0
nt@synapse_cleft 693 0.00107546576 0.00786841312 0.00867333013 0 0 0
nt@synapse_cleft 698 -0.00386334135 -0.00333744216 0.00161529901 0 0 0
nt@synapse_cleft 721 -0.0128278758 -0.00104830422 0.00585662967 0 0 0
nt@synapse_cleft 727 0.00287566003 0.024732928 0.00416363341 0 0 0
nt@synapse_cleft 728 -0.0027255594 0.00308762095 0.0160787783 0 0 0
nt@synapse_cleft 732 0.0143881777 -0.00678788333 0.00525434216 0 0 0
nt@synapse_cleft 735 0.000390606671 -0.00823824593 0.00145457851 0 0 0
nt@synapse_cleft 741 -0.00372901658 0.00734023685 0.00614339231 0 0 0
nt@synapse_cleft 750 0.00137728868 6.88297763e-06 0.00341464781 0 0 0
nt@synapse_cleft 754 -0.0131137569 -0.00143454417 4.1964674e-06 0 0 0
nt@synapse_cleft 760 -0.00143470634 -0.00356991413 0.000404870553 0 0 0
nt@synapse_cleft 765 0.000677775149 -0.00580787475 0.00641154899 0 0 0
nt@synapse_cleft 768 0.010310727 -0.00108976361 0.00109951435 0 0 0
nt@synapse_cleft 769 -0.0172104012 -0.0062230898 0.016674008 0 0 0
nt@synapse_cleft 779 -0.0130212529 0.0155257173 0.0154411683 0 0 0
nt@synapse_cleft 797 -0.0120900067 0.00496164638 0.00209820829 0 0 0
nt@synapse_cleft 816 0.0102464467 0.00674683769 0.0100582457 0 0 0
nt@synapse_cleft 831 -0.00599484199 -0.0135100715 0.00305406515 0 0 0
nt@synapse_cleft 833 -0.0053445209 0.00463126224 0.0012186346 0 0 0
nt@synapse_cleft 837 -0.000737083435 0.00138449523 0.0150969087 0 0 0
nt@synapse_cleft 847 0.000541347504 0.00164083489 0.0163426222 0 0 0
nt@synapse_cleft 866 -0.000721960299 0.0229521903 0.006142799 0 0 0
nt@synapse_cleft 877 0.000442942604 -0.00236727171 0.0121937061 0 0 0
nt@synapse_cleft 884 0.0070704281 0.00490225659 0.0146570662 0 0 0
nt@synapse_cleft 904 -0.00562914082 -0.0146814445 0.00833253084 0 0 0
nt@synapse_cleft 908 0.0107964394 0.00173939569 0.00781166551 0 0 0
nt@synapse_cleft 913 -0.00182261638 -0.000994246484 0.00361372916 0 0 0
nt@synapse_cleft 918 -0.0210066713 0.00409888254 0.0142012181 0 0 0
nt@synapse_cleft 932 3.4722937e-06 -0.0092308121 0.00801204479 0 0 0
nt@synapse_cleft 938 -0.00869962359 0.00395086785 0.00277952067 0 0 0
nt@synapse_cleft 940 0.007685591 -0.000995454374 0.00620370214 0 0 0
nt@synapse_cleft 942 0.0132045586 -0.0081608475 0.000621589397 0 0 0
nt@synapse_cleft 945 0.00011696717 0.0018944154 0.00147655641 0 0 0
nt@synapse_cleft 947 -4.43963276e-05 0.00933421566 0.00108596492 0 0 0
nt@synapse_cleft 953 -0.0110823631 0.00988875681 0.00753639761 0 0 0
nt@synapse_cleft 961 0.00368789795 -0.0113939872 0.00528133933 0 0 0
nt@synapse_cleft 978 -0.00340925853 0.00366829828 0.000613163491 0 0 0
nt@synapse_cleft 998 -0.000354857181 0.0122353318 0.00317217394 0 0 0
nt@synapse_cleft 1002 -0.0185210344 -0.0116795503 0.0035442298 0 0 0
nt@synapse_cleft 1013 0.00645229465 -0.0148501768 0.00308054576 0 0 0
nt@synapse_cleft 1018 0.00490487023 -0.00621859383 0.010804811 0 0 0
nt@synapse_cleft 1027 0.017016817 -0.0120635793 0.000968801255 0 0 0
nt@synapse_cleft 1035 0.0125573005 0.000452307602 0.00330758249 0 0 0
nt@synapse_cleft 1048 0.00817602759 -0.00598204594 0.00839607647 0 0 0
nt@synapse_cleft 1080 -0.00422778388 0.00695793832 0.00566718112 0 0 0
nt@synapse_cleft 1092 -0.00164896123 0.00782121681 0.0109619578 0 0 0
nt@synapse_cleft 1107 -0.00182540119 0.0275827866 0.00159098691 0 0 0
nt@synapse_cleft 1130 -0.0114739485 -0.0025462573 0.00516310224 0 0 0
nt@synapse_cleft 1136 0.000964885116 -0.00772821023 0.0118526075 0 0 0
nt@synapse_cleft 1144 -0.0057773102 -0.00277960212 0.00384265555 0 0 0
nt@synapse_cleft 1145 0.0148386849 -0.00400120842 0.00831407765 0 0 0
nt@synapse_cleft 1152 -0.000583632724 0.0182986994 0.00751715428 0 0 0
nt@synapse_cleft 1167 0.0109817007 -0.0038604487 0.0049703685 0 0 0
nt@synapse_cleft 1172 0.00782645434 -0.00417775556 0.00228820794 0 0 0
nt@synapse_cleft 1177 0.00377775068 -0.000693960768 0.00250100939 0 0 0
nt@synapse_cleft 1186 -0.00381178438 0.0237467525 0.00100424489 0 0 0
nt@synapse_cleft 1193 -0.00748469247 -0.00623866882 0.0104867619 0 0 0
nt@synapse_cleft 1200 -0.0126267786 0.00476212231 0.00574644275 0 0 0
nt@synapse_cleft 1203 0.000243824728 0.00798559605 0.0114376857 0 0 0
nt@synapse_cleft 1204 0.00757558955 0.00512658571 0.000733637068 0 0 0
nt@synapse_cleft 1205 -0.0140645703 0.00139424901 0.0116096837 0 0 0
nt@synapse_cleft 1206 -0.00955133508 0.000543014956 0.00632764771 0 0 0
nt@synapse_cleft 1238 -0.00305754928 -0.00784777322 0.0135089507 0 0 0
nt@synapse_cleft 1252 0.00339073263 -0.00977309447 0.0179678149 0 0 0
nt@synapse_cleft 1270 -0.0130241084 0.00377275255 0.00844387393 0 0 0
nt@synapse_cleft 1289 -0.0020213849 0.00922266323 0.0198330791 0 0 0
nt@synapse_cleft 1298 -0.0117534708 -0.0091886521 0.00527074365 0 0 0
nt@synapse_cleft 1302 -0.00303119096 0.0163538014 0.00438891831 0 0 0
nt@synapse_cleft 1311 0.00745058827 0.00661685969 0.00527338408 0 0 0
nt@synapse_cleft 1326 0.00387481307 0.0190101788 0.0151981567 0 0 0
nt@synapse_cleft 1343 -0.0105939617 0.00921093385 0.00280011227 0 0 0
nt@synapse_cleft 1349 -0.000619204578 0.0096484627 0.000987462421 0 0 0
nt@synapse_cleft 1368 -0.0029457822 0.00844151919 0.00729065058 0 0 0
nt@synapse_cleft 1372 -0.00221858582 0.000326370336 0.00911906267 0 0 0
nt@synapse_cleft 1380 0.000707405928 -0.0122667377 0.011061538 0 0 0
nt@synapse_cleft 1384 0.00839748972 0.00389752336 0.0124127269 0 0 0
nt@synapse_cleft 1400 -0.010400526 0.00346635721 0.00115952549 0 0 0
nt@synapse_cleft 1403 -0.0253051336 0.011785281 0.00258380065 0 0 0
nt@synapse_cleft 1416 -0.00632701202 -0.0140665439 0.0103106859 0 0 0
nt@synapse_cleft 1419 -0.00751460774 -0.00181509484 0.00902327335 0 0 0
nt@synapse_cleft 1425 0.00991895691 0.00714007928 0.0178381117 0 0 0
nt@synapse_cleft 1438 0.00771887484 -0.00475393864 0.0152173697 0 0 0
nt@synapse_cleft 1440 0.00231503974 0.00738625222 0.00371693608 0 0 0
nt@synapse_cleft 1442 -0.0166747985 -0.00363254654 0.00221048783 0 0 0
nt@synapse_cleft 1444 -0.0127676928 -0.000360016443 0.00147055477 0 0 0
nt@synapse_cleft 1446 0.00302909983 -0.00240932011 0.00895391687 0 0 0
nt@synapse_cleft 1452 0.000110596548 -0.0174428168 0.0199639703 0 0 0
nt@synapse_cleft 1455 0.0146750783 -0.00267312713 0.000192703666 0 0 0
nt@synapse_cleft 1470 -0.012097031 -0.00710652453 0.00906600069 0 0 0
nt@synapse_cleft 1472 0.00100606624 -0.0026594802 0.00495474435 0 0 0
nt@synapse_cleft 1481 0.0013857143 0.0116192952 0.00586754121 0 0 0
nt@synapse_cleft 1487 0.00554863907 -0.00749900652 0.0047902114 0 0 0
nt@synapse_cleft 1488 -0.00997822313 0.00610181873 0.0150985987 0 0 0
nt@synapse_cleft 1496 0.00850276215 -0.00252317712 0.00123440699 0 0 0
nt@synapse_cleft 1506 -0.0105555732 0.00460904067 0.0132292158 0 0 0
nt@synapse_cleft 1512 0.0127475654 0.00111629786 0.0121764966 0 0 0
nt@synapse_cleft 1527 -0.0158522768 -0.0183720947 0.00646433503 0 0 0
nt@synapse_cleft 1528 0.00284621104 0.000638614632 0.00374442013 0 0 0
nt@synapse_cleft 1531 0.00226323762 -0.00425658478 0.00850984989 0 0 0
nt@synapse_cleft 1538 -0.00426678318 -0.0148069991 0.00216263541 0 0 0
nt@synapse_cleft 1542 0.00598031392 0.00144111363 0.0150281109 0 0 0
nt@synapse_cleft 1553 0.00866423963 -0.0211767404 0.0199164924 0 0 0
nt@synapse_cleft 1565 -0.00542442859 -0.00253068432 0.0107094262 0 0 0
nt@synapse_cleft 1571 -0.0168742012 0.0136856829 0.00294771804 0 0 0
nt@synapse_cleft 1573 0.000525109849 0.00600452013 0.0124065597 0 0 0
nt@synapse_cleft 1600 0.0145563786 -0.00625842501 0.00996918842 0 0 0
nt@synapse_cleft 1605 0.000192355418 -0.00690992033 0.0147005294 0 0 0
nt@synapse_cleft 1611 -0.0012308572 -0.00346363249 0.0086717175 0 0 0
nt@synapse_cleft 1617 0.00163767784 0.0141632672 0.0185845082 0 0 0
nt@synapse_cleft 1628 0.000903521619 -0.00344660077 0.0136430378 0 0 0
nt@synapse_cleft 1641 -0.0024523223 0.00423983077 0.00105835882 0 0 0
nt@synapse_cleft 1675 -0.00473955695 0.0101783845 0.0107769143 0 0 0
nt@synapse_cleft 1678 0.0161357995 -0.00814272186 0.00426949312 0 0 0
nt@synapse_cleft 1681 -0.005002733 -0.00362565194 0.00626152532 0 0 0
nt@synapse_cleft 1686 0.00369851836 -0.0017860357 0.0185582427 0 0 0
nt@synapse_cleft 1687 -0.0145723464 0.00450082874 0.00790567549 0 0 0
nt@synapse_cleft 1689 -0.0260775003 -0.0124068679 0.00503549399 0 0 0
nt@synapse_cleft 1692 0.00394852823 -0.00420925863 0.0111449388 0 0 0
nt@synapse_cleft 1695 0.00514079794 -0.0132615173 0.0109281742 0 0 0
nt@synapse_cleft 1701 -0.00122051845 -0.0147462258 0.00115192579 0 0 0
nt@synapse_cleft 1707 -0.0123434858 -0.00984525061 0.00294002762 0 0 0
nt@synapse_cleft 1715 -0.00713209608 -0.00105897415 0.00222709438 0 0 0
nt@synapse_cleft 1729 -0.00432816215 -0.00694710574 0.00782990917 0 0 0
nt@synapse_cleft 1742 0.000310009332 -0.0111838139 0.000226350786 0 0 0
nt@synapse_cleft 1743 0.00537120714 -0.00572234221 0.0112417351 0 0 0
nt@synapse_cleft 1745 -0.00132750274 0.00464722282 0.000590279175 0 0 0
nt@synapse_cleft 1746 -0.0213884886 -0.0206851386 0.0105202973 0 0 0
nt@synapse_cleft 1751 -0.00691868374 -0.0110119153 0.00667070662 0 0 0
nt@synapse_cleft 1759 -0.000477286412 -0.000369204529 0.00345610141 0 0 0
nt@synapse_cleft 1762 -0.0132984828 0.020529182 0.0141426335 0 0 0
nt@synapse_cleft 1768 -0.00310184835 -0.000490531077 0.00320074428 0 0 0
nt@synapse_cleft 1775 0.0141132371 -0.00960401204 0.00556702298 0 0 0
nt@synapse_cleft 1781 -0.00104685061 -0.00381464475 0.00618559415 0 0 0
nt@synapse_cleft 1793 -0.00857519399 0.00343510964 0.00835295846 0 0 0
nt@synapse_cleft 1815 0.00620700022 -0.00363930696 0.0117179046 0 0 0
nt@synapse_cleft 1829 0.00279568418 0.00460661341 0.00405092587 0 0 0
nt@synapse_cleft 1846 0.000443656578 -0.0133900095 0.00201455108 0 0 0
nt@synapse_cleft 1853 -0.00368689526 -0.0171555614 0.0124318789 0 0 0
nt@synapse_cleft 1854 0.00605876992 -0.00867034757 0.00059242272 0 0 0
nt@synapse_cleft 1856 0.00267645508 -0.0232897618 0.0171974788 0 0 0
nt@synapse_cleft 1877 -0.0107746006 0.000873481825 0.00295640329 0 0 0
nt@synapse_cleft 1880 -0.0150157859 -0.0243669733 0.000694815986 0 0 0
nt@synapse_cleft 1883 -0.00128300879 0.00697957954 0.00648195759 0 0 0
nt@synapse_cleft 1885 -0.0115473105 0.00770353442 0.00352938295 0 0 0
nt@synapse_cleft 1887 -0.0018568733 0.000352354524 0.00797824914 0 0 0
nt@synapse_cleft 1892 0.00257658434 -0.00169870717 0.00158284502 0 0 0
nt@synapse_cleft 1896 -0.0078423985 0.00563036482 0.00772092434 0 0 0
nt@synapse_cleft 1918 -0.0131661074 0.00159487027 0.00172293157 0 0 0
nt@synapse_cleft 1923 0.0101639069 -0.00299201544 0.00971926203 0 0 0
nt@synapse_cleft 1926 0.0015850108 -0.0106746798 0.0126811734 0 0 0
nt@synapse_cleft 1932 0.00466433594 0.00525736606 0.00225295173 0 0 0
nt@synapse_cleft 1946 -0.00775723279 -0.00755450477 0.00150251346 0 0 0
nt@synapse_cleft 1961 -0.00778102023 -0.00029459545 0.0114526921 0 0 0
nt@synapse_cleft 1970 -0.00282821019 7.24320137e-06 0.0134242737 0 0 0
nt@synapse_cleft 1973 0.00248895225 -0.00716875423 0.00092887585 0 0 0
nt@synapse_cleft 1990 -0.0187154363 -0.00457231732 0.015010854 0 0 0
nt@synapse_cleft 2004 -0.0167569554 0.017196841 0.000480150182 0 0 0
nt@synapse_cleft 2014 -0.0187360666 0.00354018863 0.00212263652 0 0 0
nt@synapse_cleft 2036 0.00232204577 0.00479740278 0.00103273876 0 0 0
nt@synapse_cleft 2064 0.00208969744 -0.00819328746 0.0088352295 0 0 0
nt@synapse_cleft 2092 -0.00260012548 -0.00241695198 0.000331013389 0 0 0
nt@synapse_cleft 2096 -0.00157052916 -0.00824568203 0.00142301342 0 0 0
nt@synapse_cleft 2104 -0.00706588704 -0.00154908737 0.00737113005 0 0 0
nt@synapse_cleft 2112 0.001867963 0.00368310914 0.00967130792 0 0 0
nt@synapse_cleft 2124 0.0281651952 0.000187316745 0.00374314292 0 0 0
nt@synapse_cleft 2127 0.00428047385 -0.0066987404 0.0191663999 0 0 0
nt@synapse_cleft 2137 -0.00520795157 -0.00874485129 0.00187192301 0 0 0
nt@synapse_cleft 2162 0.00981189538 -0.00414270868 0.00920939004 0 0 0
nt@synapse_cleft 2163 0.00675546021 0.00608875397 0.00451343494 0 0 0
nt@synapse_cleft 2199 -0.0169188422 -0.00327866665 0.00436254256 0 0 0
nt@synapse_cleft 2204 -0.0170305579 0.0100293905 0.000706317242 0 0 0
nt@synapse_cleft 2218 -0.00204407551 0.00208626479 0.00302962694 0 0 0
nt@synapse_cleft 2223 0.000296015113 -0.00121828398 0.00589388956 0 0 0
nt@synapse_cleft 2251 -0.0149360195 -0.00421989619 0.016886634 0 0 0
nt@synapse_cleft 2254 -0.0176384901 0.0154686516 0.00514640843 0 0 0
nt@synapse_cleft 2257 0.00463740327 0.0064071211 0.00386792678 0 0 0
nt@synapse_cleft 2262 -0.000413218182 0.00965951184 0.00860073065 0 0 0
nt@synapse_cleft 2278 0.00846078723 -0.0127937495 0.00766925515 0 0 0
nt@synapse_cleft 2279 0.00780963074 0.00701479103 0.0101053601 0 0 0
nt@synapse_cleft 2283 0.0107116674 -0.0107020895 0.00209170657 0 0 0
nt@synapse_cleft 2284 0.00567227189 -0.01496725 0.0149567194 0 0 0
nt@synapse_cleft 2285 -0.00398714249 -0.00787516397 0.00246131976 0 0 0
nt@synapse_cleft 2298 0.00803387501 0.00912545367 0.0131118721 0 0 0
nt@synapse_cleft 2309 -0.0122937385 -0.0137497781 0.00317302845 0 0 0
nt@synapse_cleft 2314 0.00737980803 0.00380494685 0.00688361698 0 0 0
nt@synapse_cleft 2321 -0.0014332466 0.00714726464 0.000799153113 0 0 0
nt@synapse_cleft 2330 -0.0176340148 -0.0104120117 0.000379517861 0 0 0
nt@synapse_cleft 2367 -0.0172960583 0.00349491985 0.000944461551 0 0 0
nt@synapse_cleft 2369 -0.0073275861 -0.0021912945 0.000568580771 0 0 0
nt@synapse_cleft 2383 -0.0027521827 0.00606334722 0.00890752121 0 0 0
nt@synapse_cleft 2389 0.0125011576 -0.0255888835 0.00441594389 0 0 0
nt@synapse_cleft 2411 -0.0050317443 0.00576391454 0.00618064131 0 0 0
nt@synapse_cleft 2421 -0.0226449482 0.0164899494 0.0191365608 0 0 0
nt@synapse_cleft 2423 -0.00764066421 0.00461758934 0.014417459 0 0 0
nt@synapse_cleft 2438 -0.0170929512 0.00497658876 0.00295110645 0 0 0
nt@synapse_cleft 2448 -0.00369180841 0.00387356747 0.0054727181 0 0 0
nt@synapse_cleft 2462 0.00962235272 0.00943377596 0.0141683159 0 0 0
nt@synapse_cleft 2468 -0.0163736687 -0.00709560767 0.0136438068 0 0 0
nt@synapse_cleft 2472 -0.00973902427 0.0116356083 0.0115629983 0 0 0
nt@synapse_cleft 2483 -0.0171383195 0.0107057765 0.0110708093 0 0 0
nt@synapse_cleft 2491 0.0108481368 -0.00722035918 0.00918288586 0 0 0
nt@synapse_cleft 2493 0.00900506966 0.00369460309 0.00506725769 0 0 0
nt@synapse_cleft 2498 0.00350336222 -3.8607578e-05 0.0184432113 0 0 0
nt@synapse_cleft 2502 -0.0109352487 -0.00405466374 0.000407883914 0 0 0
nt@synapse_cleft 2513 -0.00706631718 -0.0123976767 0.00190880952 0 0 0
nt@synapse_cleft 2517 0.00351767112 -0.00696693666 0.00400561644 0 0 0
nt@synapse_cleft 2520 0.00313277279 -0.00592802926 0.000585184381 0 0 0
nt@synapse_cleft 2528 -0.00494105337 0.00640945599 0.016358 0 0 0
nt@synapse_cleft 2539 0.00361283886 0.0101994848 0.00457561312 0 0 0
nt@synapse_cleft 2550 -0.00127484378 -0.021660584 0.00738778996 0 0 0
nt@synapse_cleft 2555 0.00491406079 -0.00785529297 0.0087344396 0 0 0
nt@synapse_cleft 2561 0.0103767967 -0.000684598901 0.00188311406 0 0 0
nt@synapse_cleft 2563 -0.00560476254 0.0046591397 0.00684789275 0 0 0
nt@synapse_cleft 2564 -0.0113039683 -0.00252789158 0.00173946832 0 0 0
nt@synapse_cleft 2566 0.0123443825 0.00323253587 0.019034779 0 0 0
nt@synapse_cleft 2570 0.0284195357 0.00324762819 0.0082534594 0 0 0
nt@synapse_cleft 2577 -0.0103211492 -0.00521894256 0.0106881953 0 0 0
nt@synapse_cleft 2610 -0.00119436001 0.00341888648 0.00324543531 0 0 0
nt@synapse_cleft 2628 0.0104168968 -0.00238149752 0.0163641291 0 0 0
nt@synapse_cleft 2639 0.00571175602 -0.0171781239 0.00398640189 0 0 0
nt@synapse_cleft 2652 -0.00949564124 -0.00970835787 0.0198154888 0 0 0
nt@synapse_cleft 2660 -0.0058080662 0.00922970682 0.00223638536 0 0 0
nt@synapse_cleft 2670 -0.0110215584 -0.0100406346 0.0199557372 0 0 0
nt@synapse_cleft 2680 -0.00809282773 0.0168958095 0.0040843571 0 0 0
nt@synapse_cleft 2681 0.00564287361 -0.00772285058 0.0010294901 0 0 0
nt@synapse_cleft 2688 0.00541580766 0.015115196 0.0014147482 0 0 0
nt@synapse_cleft 2702 -0.00517304753 0.00517456467 0.00670189645 0 0 0
nt@synapse_cleft 2708 -0.0318000638 -0.00780861857 0.000377740518 0 0 0
nt@synapse_cleft 2709 0.00887661032 -0.00382965795 0.00934845046 0 0 0
nt@synapse_cleft 2724 -0.00297248505 0.00746400258 0.00679323925 0 0 0
nt@synapse_cleft 2729 -0.0055806542 0.00647952979 0.00535886177 0 0 0
nt@synapse_cleft 2743 -0.00532626409 -0.0033897164 0.000683972631 0 0 0
nt@synapse_cleft 2750 -0.0126099262 0.016083117 0.00986965138 0 0 0
nt@synapse_cleft 2752 0.0121278142 0.00126985 0.01859486 0 0 0
nt@synapse_cleft 2756 0.0059058158 -0.00636473994 0.00471452875 0 0 0
nt@synapse_cleft 2766 -0.0027548838 0.0125633598 0.0092317973 0 0 0
nt@synapse_cleft 2775 0.0100497301 0.00170076316 0.00118965609 0 0 0
nt@synapse_cleft 2785 0.0106645341 0.00226155601 0.0178143811 0 0 0
nt@synapse_cleft 2798 -0.000121420411 0.0138689754 0.00412681799 0 0 0
nt@synapse_cleft 2807 0.00208818234 0.000369721951 0.00930320128 0 0 0
nt@synapse_cleft 2808 -0.00726126552 -0.0119100259 0.015035985 0 0 0
nt@synapse_cleft 2820 0.0051891998 -0.00797993609 0.00158789822 0 0 0
nt@synapse_cleft 2828 -0.00820865385 -0.00443916706 0.00801988014 0 0 0
nt@synapse_cleft 2863 0.0120611483 0.000715556705 0.00575157072 0 0 0
nt@synapse_cleft 2876 -0.0128449099 0.0210742448 0.00659491562 0 0 0
nt@synapse_cleft 2880 0.00237284443 -0.00461530489 0.00856602482 0 0 0
nt@synapse_cleft 2884 -0.0184069927 -0.00853831022 0.00869670097 0 0 0
nt@synapse_cleft 2894 -0.0102525928 -0.0192381187 0.0132884287 0 0 0
nt@synapse_cleft 2905 -0.0182791859 0.0113778095 0.0182606456 0 0 0
nt@synapse_cleft 2909 0.0127394461 -0.00718503002 0.00403149496 0 0 0
nt@synapse_cleft 2912 -0.000757495586 0.00128324599 0.00788046287 0 0 0
nt@synapse_cleft 2915 -0.00234625352 -0.0107383018 0.00691756368 0 0 0
nt@synapse_cleft 2935 -0.000470665295 -0.00862554046 0.00459225584 0 0 0
nt@synapse_cleft 2940 -0.0125947612 -0.0137486136 0.00708135785 0 0 0
nt@synapse_cleft 2962 0.00429148676 7.34317869e-06 0.00718618792 0 0 0
nt@synapse_cleft 2983 0.00541974828 -0.00184014352 0.0024281159 0 0 0
nt@synapse_cleft 2993 0.018765081 0.00117909278 0.00496022669 0 0 0
nt@synapse_cleft 3006 -0.0111135194 -0.0117493675 0.00891829458 0 0 0
nt@synapse_cleft 3012 0.00590416629 -0.00860568189 0.011818957 0 0 0
nt@synapse_cleft 3019 0.0111349871 -0.00562900802 0.00804029865 0 0 0
nt@synapse_cleft 3042 -0.00255168772 0.0167539187 0.011327857 0 0 0
nt@synapse_cleft 3047 -0.000889657643 -0.0147615957 0.0085419733 0 0 0
nt@synapse_cleft 3061 -0.00266943028 -0.00779905911 0.00879692718 0 0 0
nt@synapse_cleft 3069 -0.00528488858 -0.00194886265 0.0083758244 0 0 0
nt@synapse_cleft 3073 -0.00389658549 -0.01098391 0.0176801393 0 0 0
nt@synapse_cleft 3089 -0.0155203645 0.00530660333 0.0143722917 0 0 0
nt@synapse_cleft 3096 0.00743157146 0.0179430309 0.00980621532 0 0 0
nt@synapse_cleft 3099 -0.00110393653 0.000569059486 0.00993191573 0 0 0
nt@synapse_cleft 3134 0.000775797886 -0.0136991238 0.0080295754 0 0 0
nt@synapse_cleft 3150 0.00571185335 -0.00343374406 0.00928802171 0 0 0
nt@synapse_cleft 3177 0.00550235591 0.000485654133 0.0153007061 0 0 0
nt@synapse_cleft 3181 0.00266827089 0.00976678141 0.017012887 0 0 0
nt@synapse_cleft 3183 0.00978877933 0.00126220443 0.00748422166 0 0 0
nt@synapse_cleft 3184 0.0169746168 0.00736134852 0.0193014408 0 0 0
nt@synapse_cleft 3185 0.00418080792 0.00908712755 0.000831406341 0 0 0
nt@synapse_cleft 3199 0.00266222328 0.00183793065 0.0131857244 0 0 0
nt@synapse_cleft 3220 -0.00948384043 -0.00552306447 0.000915584517 0 0 0
nt@synapse_cleft 3222 0.00702825454 -0.0173399673 0.000996551017 0 0 0
nt@synapse_cleft 3247 0.00383173356 0.0120340049 0.00114436743 0 0 0
nt@synapse_cleft 3275 0.000937390999 -7.58742478e-05 0.0123957643 0 0 0
nt@synapse_cleft 3308 0.00715942581 0.00172247742 0.00244794285 0 0 0
nt@synapse_cleft 3326 0.00405134485 0.00222308873 0.00833183998 0 0 0
nt@synapse_cleft 3334 -0.0147929675 0.0127510976 0.0128649781 0 0 0
nt@synapse_cleft 3338 0.00107154929 0.0109110826 0.012130492 0 0 0
nt@synapse_cleft 3341 0.0112531836 0.00238186333 0.00532205057 0 0 0
nt@synapse_cleft 3367 0.00882367265 0.00936647496 0.000302346522 0 0 0
nt@synapse_cleft 3375 -0.00174902595 0.00386283764 0.00183052917 0 0 0
nt@synapse_cleft 3378 -0.00602032871 0.00365212313 0.0111210554 0 0 0
nt@synapse_cleft 3394 -0.00833518928 -0.005710334 0.00411136399 0 0 0
nt@synapse_cleft 3402 -0.0309928348 -0.00388299221 0.00613080228 0 0 0
nt@synapse_cleft 3404 0.00099716138 0.0142015104 0.00940090841 0 0 0
nt@synapse_cleft 3407 -0.0132464096 -0.000558375106 0.0145407091 0 0 0
nt@synapse_cleft 3413 0.0109284383 -0.00840510232 0.0101450803 0 0 0
nt@synapse_cleft 3419 0.00588154784 0.0114172529 0.0163146465 0 0 0
nt@synapse_cleft 3429 0.0156650108 -0.0113416817 0.00268846286 0 0 0
nt@synapse_cleft 3432 0.00498866451 0.016451075 0.0136551804 0 0 0
nt@synapse_cleft 3445 -0.032319251 0.00303332325 0.0103962617 0 0 0
nt@synapse_cleft 3451 0.0029305397 -0.00365442328 0.0086722599 0 0 0
nt@synapse_cleft 3467 0.000851644577 -0.00658276268 0.0102861758 0 0 0
nt@synapse_cleft 3474 0.0159898803 -0.0208016687 0.00272033991 0 0 0
nt@synapse_cleft 3484 -0.00152190145 -0.00341362788 0.00112127348 0 0 0
nt@synapse_cleft 3500 0.00484221039 -0.00930814015 0.0129163267 0 0 0
nt@synapse_cleft 3535 -0.00969638717 -0.000937135987 0.00238897701 0 0 0
nt@synapse_cleft 3542 -0.00924133135 0.0148991295 0.00843347463 0 0 0
nt@synapse_cleft 3561 0.00288190227 0.0143894651 0.000802611196 0 0 0
nt@synapse_cleft 3562 -0.00213432888 0.00655766574 0.00202679072 0 0 0
nt@synapse_cleft 3563 -0.00834073696 0.0031597776 0.00180965315 0 0 0
nt@synapse_cleft 3565 0.0273055063 -0.0122543047 0.016984781 0 0 0
nt@synapse_cleft 3566 -0.00432877423 -0.00656787723 0.0114186716 0 0 0
nt@synapse_cleft 3575 0.000985544164 0.00145672844 0.0142517856 0 0 0
nt@synapse_cleft 3576 0.00287868599 0.00877593915 0.00922907074 0 0 0
nt@synapse_cleft 3592 -0.00672013042 0.0252404711 0.000388231397 0 0 0
nt@synapse_cleft 3602 -0.00265101652 -0.0261591066 0.00744545056 0 0 0
nt@synapse_cleft 3606 -0.00702863229 2.3782635e-05 0.00195635326 0 0 0
nt@synapse_cleft 3611 0.000760623916 -0.0226894001 0.0122059594 0 0 0
nt@synapse_cleft 3616 0.0103208189 -0.0171964293 0.000553724787 0 0 0
nt@synapse_cleft 3617 -0.00502224982 -0.0185140941 0.0123863258 0 0 0
nt@synapse_cleft 3625 -0.00619149753 0.00196795767 0.00406895185 0 0 0
nt@synapse_cleft 3635 0.00864762814 -0.0118435758 0.00106900415 0 0 0
nt@synapse_cleft 3645 0.0027052913 -0.00516938454 0.0173677749 0 0 0
nt@synapse_cleft 3661 -0.00347711681 0.00306648456 0.00592204725 0 0 0
nt@synapse_cleft 3667 0.00439453292 0.00282604561 0.0122101647 0 0 0
nt@synapse_cleft 3681 -0.0137129377 -0.000319023521 0.00171055048 0 0 0
nt@synapse_cleft 3693 0.000600514579 -0.00206518746 0.0034075918 0 0 0
nt@synapse_cleft 3706 -0.00723110523 0.00333277307 0.00790712849 0 0 0
nt@synapse_cleft 3714 -0.0155567314 -0.0013276671 0.00217260842 0 0 0
nt@synapse_cleft 3730 0.00118971669 -0.0138228202 0.00827664953 0 0 0
nt@synapse_cleft 3737 -0.000962432294 0.00986892003 0.00190074761 0 0 0
nt@synapse_cleft 3739 -0.000947126438 -0.00615441192 0.00504101415 0 0 0
nt@synapse_cleft 3751 0.000519750113 0.00806948664 0.0188113134 0 0 0
nt@synapse_cleft 3758 0.0137959824 0.00997751584 0.00705949072 0 0 0
nt@synapse_cleft 3768 0.00320496231 0.00546583393 0.00625201428 0 0 0
nt@synapse_cleft 3793 -0.00407897517 -0.006130272 0.00240153635 0 0 0
nt@synapse_cleft 3800 -0.010426277 -0.0106827692 0.0144662454 0 0 0
nt@synapse_cleft 3811 -0.00461174816 0.014215125 0.00747163296 0 0 0
nt@synapse_cleft 3827 0.000882272687 0.0035922779 0.00265401701 0 0 0
nt@synapse_cleft 3834 -0.00288188843 -0.00418905751 0.00290176326 0 0 0
nt@synapse_cleft 3835 -0.0120821206 -0.00694649501 0.00723443844 0 0 0
nt@synapse_cleft 3846 0.0100287884 0.00147765529 0.00611172451 0 0 0
nt@synapse_cleft 3850 -0.00810242427 0.00656644683 0.00151384407 0 0 0
nt@synapse_cleft 3859 0.0173794828 -0.00333855585 0.0160645691 0 0 0
nt@synapse_cleft 3886 0.00362874963 -0.00334807406 0.0164884216 0 0 0
nt@synapse_cleft 3902 0.0134174583 -0.00146290742 0.00846337466 0 0 0
nt@synapse_cleft 3907 -0.00768256877 -0.00909526275 0.00424681494 0 0 0
nt@synapse_cleft 3918 0.018294049 0.0124575027 0.00924064581 0 0 0
nt@synapse_cleft 3921 0.00866080893 0.00723603348 0.0175685522 0 0 0
nt@synapse_cleft 3927 0.00815518495 0.011822837 0.0111677588 0 0 0
nt@synapse_cleft 3952 -0.00901701064 -0.000664103839 0.0123330081 0 0 0
nt@synapse_cleft 3968 0.00725208312 0.00515132031 0.00164087101 0 0 0
nt@synapse_cleft 3973 0.0156679769 0.0137599958 0.000280518458 0 0 0
nt@synapse_cleft 3974 -0.00276157257 -0.0119618216 0.00164040804 0 0 0
nt@synapse_cleft 3988 0.00915338538 0.017145191 0.00413291053 0 0 0
nt@synapse_cleft 3991 -0.000464449354 -0.006949815 0.00170038523 0 0 0
nt@synapse_cleft 3993 -0.0180754877 -0.00452130598 0.0120584582 0 0 0
nt@synapse_cleft 3997 -0.00122947809 0.00180914226 0.0183077028 0 0 0
nt@synapse_cleft 3999 -0.0181731678 0.0135743441 0.00593562725 0 0 0
nt@synapse_cleft 4018 -0.0107239661 -0.0112521894 0.00876891126 0 0 0
nt@synapse_cleft 4037 0.00140621841 -0.00108026024 0.00502795875 0 0 0
nt@synapse_cleft 4049 0.003500605 -0.00519753307 0.00754153974 0 0 0
nt@synapse_cleft 4051 0.00534731247 -0.00106776269 0.0124490155 0 0 0
nt@synapse_cleft 4103 0.00465459033 -0.0165308447 0.00706490009 0 0 0
nt@synapse_cleft 4106 -0.00431946356 0.0019833008 0.00327997966 0 0 0
nt@synapse_cleft 4115 -0.000962890059 0.0164094099 0.00184433727 0 0 0
nt@synapse_cleft 4119 0.00562985929 0.00154772219 0.00451466668 0 0 0
nt@synapse_cleft 4126 0.0053994753 -0.0100189215 0.0196393597 0 0 0
nt@synapse_cleft 4129 0.000616284496 -0.0136507036 0.0135366224 0 0 0
nt@synapse_cleft 4132 -0.000305502453 -0.00655137241 0.0199008349 0 0 0
nt@synapse_cleft 4135 0.00103750979 -0.0132333204 0.0057216725 0 0 0
nt@synapse_cleft 4150 -0.00251537115 -0.00899281063 0.00769305891 0 0 0
nt@synapse_cleft 4155 -0.0137294301 -0.00106718047 0.0150929946 0 0 0
nt@synapse_cleft 4156 -0.00502518233 0.000505239472 0.00549587055 0 0 0
nt@synapse_cleft 4163 -0.0122185095 -0.0069847816 0.0035578123 0 0 0
nt@synapse_cleft 4187 -0.00299860387 0.0025455635 0.00952158976 0 0 0
nt@synapse_cleft 4193 0.00142512178 -0.00121526012 0.00179298187 0 0 0
nt@synapse_cleft 4215 -0.00910797768 -0.00746694062 0.00327568212 0 0 0
nt@synapse_cleft 4220 0.0127108959 -0.00579210794 0.00364472559 0 0 0
nt@synapse_cleft 4228 -0.00496069949 -0.00876294781 0.0131395097 0 0 0
nt@synapse_cleft 4233 -0.0031942875 0.016212803 0.012719936 0 0 0
nt@synapse_cleft 4242 -0.00460890346 -0.00357455492 0.00268204923 0 0 0
nt@synapse_cleft 4252 -0.0182552783 -0.00394297832 0.013043691 0 0 0
nt@synapse_cleft 4255 -0.0197418025 -0.0140407463 0.00137327902 0 0 0
nt@synapse_cleft 4288 0.00513346559 0.0198178704 0.00765611685 0 0 0
nt@synapse_cleft 4297 0.0171517384 -0.000745398798 0.00216658257 0 0 0
nt@synapse_cleft 4312 0.000246440925 -0.00997433148 0.000327966603 0 0 0
nt@synapse_cleft 4317 0.00168914768 0.000317127065 0.00389039787 0 0 0
nt@synapse_cleft 4330 -0.00368901035 0.0114868253 0.0106981803 0 0 0
nt@synapse_cleft 4339 -0.00429884823 -0.000201020106 0.00116439024 0 0 0
nt@synapse_cleft 4343 -0.0220082855 -0.000980036941 0.000150934912 0 0 0
nt@synapse_cleft 4346 0.00167242515 -0.0027157227 0.0104789047 0 0 0
nt@synapse_cleft 4360 -0.000175588562 0.00647545459 0.0168266027 0 0 0
nt@synapse_cleft 4365 0.00893937289 -0.005851952 0.00412410793 0 0 0
nt@synapse_cleft 4381 -0.00964725804 -0.00692088015 0.0139832522 0 0 0
nt@synapse_cleft 4386 0.000146165118 -0.0232112839 0.000760660984 0 0 0
nt@synapse_cleft 4392 -0.00414707986 0.0137292912 0.0101728382 0 0 0
nt@synapse_cleft 4396 0.00015792632 0.000530962788 0.0009441206 0 0 0
nt@synapse_cleft 4398 -0.000321644169 -0.00543724422 0.0106172847 0 0 0
nt@synapse_cleft 4399 -0.00748958353 -0.000855879389 0.000424088757 0 0 0
nt@synapse_cleft 4414 0.00743707906 -0.00276954205 0.00498611265 0 0 0
nt@synapse_cleft 4416 -0.00176657593 0.0101844874 0.00790562614 0 0 0
nt@synapse_cleft 4434 0.00945811475 -0.0107604329 0.0016358461 0 0 0
nt@synapse_cleft 4446 -0.011479219 -0.00230383238 0.00100022295 0 0 0
nt@synapse_cleft 4464 -0.0112850825 -0.00174361799 0.00242701975 0 0 0
nt@synapse_cleft 4478 0.00999511396 0.00154168536 0.000514529829 0 0 0
nt@synapse_cleft 4485 -0.00179198689 0.0129585119 0.00604036679 0 0 0
nt@synapse_cleft 4488 0.00867022103 0.00136184054 0.00282989041 0 0 0
nt@synapse_cleft 4489 -0.0103990232 0.00136709284 0.0111771374 0 0 0
nt@synapse_cleft 4499 0.00168736131 0.0146904442 0.0185490713 0 0 0
nt@synapse_cleft 4501 -0.0149579126 0.00397474423 0.00204942693 0 0 0
nt@synapse_cleft 4517 -0.0144746043 0.00188809977 0.00732429843 0 0 0
nt@synapse_cleft 4527 -0.00376692992 -7.35910707e-05 0.00561337711 0 0 0
nt@synapse_cleft 4542 0.0150868643 0.0126860242 0.0176938587 0 0 0
nt@synapse_cleft 4545 -0.00903131458 0.0159463122 0.011569496 0 0 0
nt@synapse_cleft 4559 -0.00798431731 -0.0026884125 0.0115926848 0 0 0
nt@synapse_cleft 4576 -0.00607198427 0.00338996439 0.00407039844 0 0 0
nt@synapse_cleft 4583 0.000253105578 -0.00994799226 0.0154186614 0 0 0
nt@synapse_cleft 4659 0.01588398 0.0140678714 0.0113159044 0 0 0
nt@synapse_cleft 4681 -0.0120649963 0.00118040897 0.0103081658 0 0 0
nt@synapse_cleft 4700 0.00598744287 0.0112708557 0.00260431858 0 0 0
nt@synapse_cleft 4709 0.00110742651 -0.00913661503 0.0107818685 0 0 0
nt@synapse_cleft 4718 -0.00484564934 -0.00712216247 0.0099492524 0 0 0
nt@synapse_cleft 4736 -0.00234809481 -0.00286692443 0.0050595645 0 0 0
nt@synapse_cleft 4750 -0.00727664677 0.00381022112 0.00410263833 0 0 0
nt@synapse_cleft 4753 -0.0103300684 0.012626461 0.0142900794 0 0 0
nt@synapse_cleft 4756 0.00589516139 0.00754684101 0.00435613695 0 0 0
nt@synapse_cleft 4758 -0.0115366672 0.00325274597 0.0010557029 0 0 0
nt@synapse_cleft 4764 -0.000246340851 -0.00417578364 0.00357953341 0 0 0
nt@synapse_cleft 4784 -0.00862622598 0.0127886693 0.0156724626 0 0 0
nt@synapse_cleft 4786 0.016695043 -0.00083930273 0.00896192457 0 0 0
nt@synapse_cleft 4801 -0.00203118616 -0.0073779181 0.00619641393 0 0 0
nt@synapse_cleft 4829 0.0087065148 0.0101374304 0.00403766129 0 0 0
nt@synapse_cleft 4839 -0.00599519252 0.00171490764 0.0059193745 0 0 0
nt@synapse_cleft 4852 -0.00278186418 -0.000640528359 0.00124834879 0 0 0
nt@synapse_cleft 4871 -0.00575101072 -0.0102323324 0.00108090541 0 0 0
nt@synapse_cleft 4880 0.00576239 0.00118566053 0.00338321706 0 0 0
nt@synapse_cleft 4892 -0.00766699921 -0.00244207057 0.0137916948 0 0 0
nt@synapse_cleft 4906 0.0118915504 -0.0108277582 0.0135605293 0 0 0
nt@synapse_cleft 4919 0.00554721376 -0.00346955343 0.00213031869 0 0 0
nt@synapse_cleft 4937 -0.0113012856 0.00691618557 0.00105436045 0 0 0
nt@synapse_cleft 4946 -0.00261598813 -0.0195240245 0.0093714797 0 0 0
nt@synapse_cleft 4981 -0.00301188342 -0.00257047434 0.0190175883 0 0 0
nt@synapse_cleft 4982 -0.00340409214 -0.000397389874 0.0135203745 0 0 0
nt@synapse_cleft 5004 0.0174144232 0.00757486803 0.00400813106 0 0 0
nt@synapse_cleft 5006 -0.0186185266 -0.0163329401 0.0172896909 0 0 0
nt@synapse_cleft 5015 0.0119307865 0.00836397753 0.0102104072 0 0 0
nt@synapse_cleft 5046 0.0147910519 0.00786434066 0.00441433492 0 0 0
nt@synapse_cleft 5055 0.00388081701 -0.00702325609 0.000180891223 0 0 0
nt@synapse_cleft 5061 0.00507834455 -0.000991502889 0.00123564132 0 0 0
nt@synapse_cleft 5063 -0.000788017473 -0.0173347213 0.000384444863 0 0 0
nt@synapse_cleft 5082 -0.00270439556 -0.0102745317 4.54263368e-05 0 0 0
nt@synapse_cleft 5086 -0.012091395 -0.00978624427 0.000360937374 0 0 0
nt@synapse_cleft 5145 0.00768166827 -0.00192266715 0.000817399142 0 0 0
nt@synapse_cleft 5154 0.013937977 -0.00329930803 0.00375401254 0 0 0
nt@synapse_cleft 5159 -0.0188818801 -0.0112846192 0.00468334509 0 0 0
nt@synapse_cleft 5164 0.00365580288 0.00547667957 0.00739913269 0 0 0
nt@synapse_cleft 5173 -0.0050933432 0.0110962191 0.0196672321 0 0 0
nt@synapse_cleft 5176 0.00355901635 -0.00509403386 0.00281883984 0 0 0
nt@synapse_cleft 5179 0.007030233 0.0161183597 0.00954726648 0 0 0
nt@synapse_cleft 5182 -0.00136386187 0.0077527678 0.000526206679 0 0 0
