nt@synapse_cleft 0 -0.00228101892 0.00697363007 0.00992873059 0 0 0
nt@synapse_cleft 2 -0.00713003731 0.0146510037 0.00694952348 0 0 0
nt@synapse_cleft 7 -0.000324115194 -0.00822172252 0.00901064935 0 0 0
nt@synapse_cleft 9 0.0121329074 -0.00345306584 0.0086774411 0 0 0
nt@synapse_cleft 12 0.0130399799 0.0154654883 5.00013934e-05 0 0 0
nt@synapse_cleft 15 -0.0130533658 -0.00782633477 0.00306507506 0 0 0
nt@synapse_cleft 17 0.00497306854 -0.00306671515 0.00173494291 0 0 0
nt@synapse_cleft 26 0.00798356002 0.00691585536 0.00794717175 0 0 0
nt@synapse_cleft 35 -0.0270148945 -0.00662283707 0.00510641288 0 0 0
nt@synapse_cleft 45 -0.00471496302 0.00593889386 0.0166935873 0 0 0
nt@synapse_cleft 54 -0.000805446515 -0.0051447792 0.00683771222 0 0 0
nt@synapse_cleft 56 0.00849750232 0.00860216737 0.00431150302 0 0 0
nt@synapse_cleft 89 0.0107537331 -0.00169810324 0.00373641292 0 0 0
nt@synapse_cleft 100 -0.00244273943 0.00785350027 0.0105498412 0 0 0
nt@synapse_cleft 103 -0.0111653757 0.00437336239 0.0109533066 0 0 0
nt@synapse_cleft 111 0.00669414023 0.00538693084 0.0102267937 0 0 0
nt@synapse_cleft 114 0.00874373877 -0.0053409246 0.00499778791 0 0 0
nt@synapse_cleft 115 -0.0130551556 0.00727765756 0.0117573856 0 0 0
nt@synapse_cleft 150 -0.014775139 0.00352745657 0.00321308257 0 0 0
nt@synapse_cleft 156 0.00497162802 -0.00188182239 0.000450039002 0 0 0
nt@synapse_cleft 167 -0.00882111229 -0.00796997173 0.00759486943 0 0 0
nt@synapse_cleft 188 -0.00720828807 0.00470185938 0.00329609968 0 0 0
nt@synapse_cleft 194 2.58197915e-05 -0.00310429021 0.00650112142 0 0 0
nt@synapse_cleft 195 -0.00421786895 -0.00417346376 0.000966381133 0 0 0
nt@synapse_cleft 199 0.00271776836 -0.00545117341 0.00299304258 0 0 0
nt@synapse_cleft 206 -0.00401130957 -0.0149227913 0.0107153518 0 0 0
nt@synapse_cleft 224 0.00563427324 0.00266873025 0.0123787048 0 0 0
nt@synapse_cleft 231 -0.00771009826 -0.00113068106 0.00669231657 0 0 0
nt@synapse_cleft 235 0.0178842457 0.000315267492 0.00249339421 0 0 0
nt@synapse_cleft 244 0.00836211347 0.00229950509 0.013225085 0 0 0
nt@synapse_cleft 248 0.00870087014 -0.00282400358 0.00125052365 0 0 0
nt@synapse_cleft 256 0.0020799328 -0.00392780709 0.00106322548 0 0 0
nt@synapse_cleft 284 0.00621024027 -0.0104401743 0.0103971573 0 0 0
nt@synapse_cleft 306 0.00310200081 0.00305936136 0.0101911789 0 0 0
nt@synapse_cleft 307 0.00920694666 -0.00456179349 0.001987752 0 0 0
nt@synapse_cleft 318 0.0045129492 -0.00249645637 0.00422142234 0 0 0
nt@synapse_cleft 321 0.011592237 -0.000551493911 0.0121482033 0 0 0
nt@synapse_cleft 325 -0.00740181883 0.00145658248 0.00886223158 0 0 0
nt@synapse_cleft 347 -0.00999666552 0.00433934975 0.00395301484 0 0 0
nt@synapse_cleft 348 -0.00724749693 -0.00105969696 0.00186653927 0 0 0
nt@synapse_cleft 350 0.0145729616 -0.00161417263 0.000192005137 0 0 0
nt@synapse_cleft 361 0.00233178096 -0.0143700111 0.00654840946 0 0 0
nt@synapse_cleft 376 0.0104087115 -0.00426680762 0.0154386165 0 0 0
nt@synapse_cleft 385 0.00310625905 0.00399456684 0.00847932127 0 0 0
nt@synapse_cleft 406 0.00597201356 -0.00528430004 0.0183483489 0 0 0
nt@synapse_cleft 421 0.0146436575 -0.011075778 0.0179311433 0 0 0
nt@synapse_cleft 426 -0.00368900386 0.00180935844 0.00704964639 0 0 0
nt@synapse_cleft 429 0.0177967326 -0.00714293393 0.0102150981 0 0 0
nt@synapse_cleft 444 -0.00715089187 0.00131756893 0.00837985981 0 0 0
nt@synapse_cleft 449 -0.0128808923 0.0061652208 0.00497142059 0 0 0
nt@synapse_cleft 452 0.00669575608 -0.0111628279 0.00280218698 0 0 0
nt@synapse_cleft 455 0.00237390904 -0.0111374754 0.00190430687 0 0 0
nt@synapse_cleft 477 0.0109968781 -0.00705921028 0.0160062597 0 0 0
nt@synapse_cleft 479 -0.0131784633 0.00524944214 0.00135911545 0 0 0
nt@synapse_cleft 482 -0.015889628 0.00731827084 0.00079968968 0 0 0
nt@synapse_cleft 499 0.0100190443 0.00333950947 0.00528422637 0 0 0
nt@synapse_cleft 501 -0.00385002856 0.00592756949 0.000490280681 0 0 0
nt@synapse_cleft 510 0.00282082159 0.009319607 0.00430743016 0 0 0
nt@synapse_cleft 522 -0.000711616406 -0.00103961721 0.00160957245 0 0 0
nt@synapse_cleft 524 0.00344254874 0.00115021155 0.0133927074 0 0 0
nt@synapse_cleft 530 0.0190686357 -0.0164567008 0.00262278798 0 0 0
nt@synapse_cleft 536 -0.0179330753 0.0186445798 0.00965526489 0 0 0
nt@synapse_cleft 544 -0.00813763792 0.00560874993 0.00668213129 0 0 0
nt@synapse_cleft 549 -0.00278077097 0.0157287968 0.010939921 0 0 0
nt@synapse_cleft 551 -0.00766165568 0.00506961189 0.0157914288 0 0 0
nt@synapse_cleft 558 0.00107407512 0.00172873893 0.00473175431 0 0 0
nt@synapse_cleft 563 -0.00422461647 0.0103179529 0.0100861824 0 0 0
nt@synapse_cleft 572 -0.0120941047 0.0116088694 0.00489394843 0 0 0
nt@synapse_cleft 575 0.0174339216 0.00483117296 0.00628364648 0 0 0
nt@synapse_cleft 591 0.0128730184 0.0100553151 0.0116375523 0 0 0
nt@synapse_cleft 596 0.0194194918 -0.0209660545 0.0109402654 0 0 0
nt@synapse_cleft 598 -0.000869606086 -0.00186244044 0.0100220345 0 0 0
nt@synapse_cleft 620 -0.000147244368 0.0124321539 0.0120247777 0 0 0
nt@synapse_cleft 627 0.0150508024 0.00537956949 0.00564578219 0 0 0
nt@synapse_cleft 633 0.000362734204 0.000622939078 0.00850977641 0 0 0
nt@synapse_cleft 634 -0.0103008101 0.00818403259 0.00290702765 0 0 0
nt@synapse_cleft 639 0.0161441293 -0.0141302602 0.00161696877 0 0 0
nt@synapse_cleft 645 -0.00241794285 0.00174356153 0.00975916635 0 0 0
nt@synapse_cleft 647 0.0248845562 0.00919253143 0.000967589693 0 0 0
nt@synapse_cleft 661 -0.000752318442 0.00604024116 0.00171610677 0 0 0
nt@synapse_cleft 664 0.00208657804 -0.000516317944 0.0157034871 0 0 0
nt@synapse_cleft 678 -0.00609209492 -0.00672360803 0.00480702918 0 0 0
nt@synapse_cleft 681 0.0189204709 -0.00305751877 0.0177203784 0 0 0
nt@synapse_cleft 693 0.0019217637 0.0072621032 0.00247539515 0 0 0
nt@synapse_cleft 698 -0.000804891258 -0.00114678761 0.00413650126 0 0 0
nt@synapse_cleft 699 -0.00863681979 -0.00208618452 0.00850222273 0 0 0
nt@synapse_cleft 712 -0.00835370406 -0.00872147681 0.00622430953 0 0 0
nt@synapse_cleft 721 -0.0118909264 2.32162142e-05 0.0123290792 0 0 0
nt@synapse_cleft 726 -0.0158519742 -0.00520003242 0.0135033455 0 0 0
nt@synapse_cleft 727 0.000746126097 0.0194838308 0.00781518087 0 0 0
nt@synapse_cleft 728 -0.00471023366 0.00269494706 0.00743864001 0 0 0
nt@synapse_cleft 732 0.00786636809 -0.00632131166 0.00270838197 0 0 0
nt@synapse_cleft 735 -0.00139645953 -0.00677703173 0.00242307482 0 0 0
nt@synapse_cleft 741 -0.00427235349 0.00910113626 0.00382456209 0 0 0
nt@synapse_cleft 750 -0.000398840422 0.000725818967 0.00226168752 0 0 0
nt@synapse_cleft 754 -0.0179442694 -0.00139935565 0.00108051894 0 0 0
nt@synapse_cleft 760 -0.00391594356 -0.0014323673 0.00187609237 0 0 0
nt@synapse_cleft 765 0.00143848932 -0.00909235214 0.00143400971 0 0 0
nt@synapse_cleft 768 0.00602652109 -0.0036732739 0.00549918713 0 0 0
nt@synapse_cleft 769 -0.0168115518 -0.00576566308 0.0139019881 0 0 0
nt@synapse_cleft 779 -0.0110555697 0.0132997866 0.0128534867 0 0 0
nt@synapse_cleft 797 -0.0103311412 0.00722287448 0.00099657194 0 0 0
nt@synapse_cleft 816 0.00959384276 0.00434522443 0.00103980438 0 0 0
nt@synapse_cleft 831 -0.00943589513 -0.00854180447 0.000777169925 0 0 0
nt@synapse_cleft 833 -0.00836057272 0.0064657367 0.00238918832 0 0 0
nt@synapse_cleft 837 0.00205846826 0.00119616993 0.0151636856 0 0 0
nt@synapse_cleft 844 0.00835870995 -0.00547922119 0.00179112225 0 0 0
nt@synapse_cleft 847 0.00120142924 0.00621850255 0.0102460806 0 0 0
nt@synapse_cleft 850 9.47615123e-06 0.0264721783 0.0150732615 0 0 0
nt@synapse_cleft 854 -0.0103576257 -0.00638119637 0.00982603192 0 0 0
nt@synapse_cleft 866 -0.00517261212 0.0146961091 0.00824495321 0 0 0
nt@synapse_cleft 877 0.000622276208 -0.00346322791 0.0135641896 0 0 0
nt@synapse_cleft 884 0.00534829987 0.0021813202 0.0137073901 0 0 0
nt@synapse_cleft 904 -0.00406166902 -0.00788792376 0.0088627765 0 0 0
nt@synapse_cleft 908 0.0110914895 5.72871045e-05 0.0075946743 0 0 0
nt@synapse_cleft 913 -0.00228350232 -0.000741171221 0.00610352624 0 0 0
nt@synapse_cleft 918 -0.0203035793 0.00271762215 0.00971730585 0 0 0
nt@synapse_cleft 932 0.00173854169 -0.00758740691 0.00810082277 0 0 0
nt@synapse_cleft 938 -0.0059807725 0.00116660347 0.00428779615 0 0 0
nt@synapse_cleft 940 0.0109613229 -0.00407325046 0.00545577365 0 0 0
nt@synapse_cleft 942 0.0129777629 -0.0042492513 0.00280641923 0 0 0
nt@synapse_cleft 943 0.0194860337 -0.00989566002 0.00921411613 0 0 0
nt@synapse_cleft 944 -0.00366465121 0.00400035337 0.00306916411 0 0 0
nt@synapse_cleft 945 0.0032108304 0.000300673305 0.00154540332 0 0 0
nt@synapse_cleft 947 -8.12861505e-05 0.00635313142 0.00326819804 0 0 0
nt@synapse_cleft 953 -0.00680804564 0.00928023236 0.00477025499 0 0 0
nt@synapse_cleft 961 0.0072607271 -0.0142654251 0.00441120448 0 0 0
nt@synapse_cleft 978 -0.00383087946 0.00518765814 0.000754364107 0 0 0
nt@synapse_cleft 998 -0.00568175091 0.0122816366 0.00451228734 0 0 0
nt@synapse_cleft 1002 -0.0194909992 -0.0103285253 0.00338525037 0 0 0
nt@synapse_cleft 1013 0.00953197477 -0.0101191887 0.00149628864 0 0 0
nt@synapse_cleft 1018 0.00330336944 -0.00573983943 0.00513139144 0 0 0
nt@synapse_cleft 1027 0.0142990013 -0.00721422451 0.000493175842 0 0 0
nt@synapse_cleft 1035 0.00676912567 0.0019887441 0.00414260149 0 0 0
nt@synapse_cleft 1048 0.00820491198 -0.00342527638 0.0096367687 0 0 0
nt@synapse_cleft 1062 0.0176336236 -0.0101360358 0.000105986733 0 0 0
nt@synapse_cleft 1080 0.00106948699 0.00245107069 0.00386812895 0 0 0
nt@synapse_cleft 1092 -0.00175235684 0.00563856912 0.00822129347 0 0 0
nt@synapse_cleft 1107 -0.00197610595 0.0211468393 0.00434641902 0 0 0
nt@synapse_cleft 1113 -0.0171397636 -0.000170813831 0.00699456572 0 0 0
nt@synapse_cleft 1114 -0.00959214137 -0.0108530592 0.00192161349 0 0 0
nt@synapse_cleft 1130 -0.00950112128 -0.00535501257 0.000128648522 0 0 0
nt@synapse_cleft 1136 0.007399956 -0.00604409345 0.00855245158 0 0 0
nt@synapse_cleft 1140 0.00322039827 -0.00739435739 0.00882542067 0 0 0
nt@synapse_cleft 1144 -0.00911933238 -0.00572526112 0.00539193407 0 0 0
nt@synapse_cleft 1145 0.00655953108 0.000991789287 0.00653970864 0 0 0
nt@synapse_cleft 1149 0.00334962698 0.00713219981 0.00641285576 0 0 0
nt@synapse_cleft 1152 0.00066886694 0.0151916175 0.0121785424 0 0 0
nt@synapse_cleft 1165 -0.000985462321 0.0114251824 0.00387813973 0 0 0
nt@synapse_cleft 1167 0.00482006115 -0.00149742607 0.0035059326 0 0 0
nt@synapse_cleft 1172 0.00596390571 -0.00412144612 0.000512603444 0 0 0
nt@synapse_cleft 1177 0.00573483741 -0.00184595843 0.00705209293 0 0 0
nt@synapse_cleft 1186 -0.00491757626 0.0234554727 0.00112073035 0 0 0
nt@synapse_cleft 1193 -0.00285239749 -0.00633456555 0.0115669808 0 0 0
nt@synapse_cleft 1200 -0.00657147023 0.000780746323 0.000440629435 0 0 0
nt@synapse_cleft 1203 -0.00712762593 0.00924343841 0.00743493317 0 0 0
nt@synapse_cleft 1204 0.00404945331 0.00648026319 0.00184118408 0 0 0
nt@synapse_cleft 1205 -0.0154806295 0.00214771052 0.00640139408 0 0 0
nt@synapse_cleft 1206 -0.00970559931 -0.000870976818 0.0074454151 0 0 0
nt@synapse_cleft 1237 0.00663932397 0.0165105635 0.00473379379 0 0 0
nt@synapse_cleft 1238 0.00172910206 -0.00574323759 0.0107270395 0 0 0
nt@synapse_cleft 1248 -0.00424231231 0.0089374944 0.0108853674 0 0 0
nt@synapse_cleft 1252 -0.00359567834 -0.0135238059 0.00970923283 0 0 0
nt@synapse_cleft 1270 -0.0155422145 0.000283375696 0.00861524896 0 0 0
nt@synapse_cleft 1289 -0.00132675287 0.00526125874 0.019007625 0 0 0
nt@synapse_cleft 1298 -0.0091963639 -0.00509910267 0.0037666367 0 0 0
nt@synapse_cleft 1302 -0.00368134127 0.011607224 0.000623555852 0 0 0
nt@synapse_cleft 1311 0.00914083128 0.000195158526 0.0021187828 0 0 0
nt@synapse_cleft 1326 0.00425480613 0.0183200249 0.0169399715 0 0 0
nt@synapse_cleft 1343 -0.00940156668 0.00756658683 0.000583706603 0 0 0
nt@synapse_cleft 1349 -0.0068299284 0.00655504572 0.000100586174 0 0 0
nt@synapse_cleft 1368 -0.00181360389 0.00684722898 0.00892459937 0 0 0
nt@synapse_cleft 1372 0.000493779282 0.00310468906 0.00995171323 0 0 0
nt@synapse_cleft 1380 -0.00296674451 -0.0125584383 0.00794878233 0 0 0
nt@synapse_cleft 1384 0.00867763921 -0.00101700011 0.0124985316 0 0 0
nt@synapse_cleft 1400 -0.011943498 0.00276901003 0.00203779567 0 0 0
nt@synapse_cleft 1403 -0.0274860308 0.0105954863 0.00941247446 0 0 0
nt@synapse_cleft 1408 -0.0233583005 0.0274605734 0.0126043588 0 0 0
nt@synapse_cleft 1416 -0.00421519739 -0.0092116164 0.00589323164 0 0 0
nt@synapse_cleft 1419 -0.00564674671 -0.00103775398 0.0165407934 0 0 0
nt@synapse_cleft 1425 0.00717069982 0.0054062846 0.0125243371 0 0 0
nt@synapse_cleft 1427 -1.88545573e-05 -0.00315726155 0.00941968546 0 0 0
nt@synapse_cleft 1438 0.00934937367 -0.0110057017 0.0123018442 0 0 0
nt@synapse_cleft 1440 0.00492642872 0.00562192806 0.000317639183 0 0 0
nt@synapse_cleft 1442 -0.0161818063 0.000138170426 0.000864600118 0 0 0
nt@synapse_cleft 1444 -0.010488278 0.00121859325 0.00243821923 0 0 0
nt@synapse_cleft 1446 0.00410946396 -0.00676265835 0.0109938072 0 0 0
nt@synapse_cleft 1452 -0.000106507675 -0.014076368 0.0197555655 0 0 0
nt@synapse_cleft 1455 0.0137367721 -0.00402992141 0.00252025381 0 0 0
nt@synapse_cleft 1470 -0.0097493479 -0.00241408283 0.00963308945 0 0 0
nt@synapse_cleft 1472 0.00330743265 -0.0011676718 0.00426164453 0 0 0
nt@synapse_cleft 1479 0.00499957451 -0.00800982141 0.0180082392 0 0 0
nt@synapse_cleft 1481 -0.000934700844 0.00707188401 0.0150043223 0 0 0
nt@synapse_cleft 1484 -0.0221419139 0.00813367037 0.00586781824 0 0 0
nt@synapse_cleft 1487 0.0060727962 -0.0101287519 0.00221383481 0 0 0
nt@synapse_cleft 1488 -0.0123716958 0.0054080669 0.0175407692 0 0 0
nt@synapse_cleft 1496 0.00242726324 -0.00281491188 0.00108144039 0 0 0
nt@synapse_cleft 1506 -0.0109260491 0.00251109368 0.0158121863 0 0 0
nt@synapse_cleft 1508 -0.00721414125 0.00103546021 0.00353152006 0 0 0
nt@synapse_cleft 1512 0.0187960119 0.00345778842 0.00512431558 0 0 0
nt@synapse_cleft 1527 -0.0186087798 -0.0150752522 0.00833907887 0 0 0
nt@synapse_cleft 1528 3.45860528e-05 -0.00129606357 0.00198244401 0 0 0
nt@synapse_cleft 1531 0.000477798492 -0.00249507762 0.00857851989 0 0 0
nt@synapse_cleft 1538 -0.00237794818 -0.0108967249 0.00161628158 0 0 0
nt@synapse_cleft 1542 0.00936009321 -0.0013218549 0.00968406224 0 0 0
nt@synapse_cleft 1553 0.00626478604 -0.0169350663 0.0176689621 0 0 0
nt@synapse_cleft 1565 -0.00490143667 0.00350698996 0.00985173439 0 0 0
nt@synapse_cleft 1571 -0.0085374033 0.0148160113 0.00201734459 0 0 0
nt@synapse_cleft 1573 0.00445854662 0.00962932677 0.0112254742 0 0 0
nt@synapse_cleft 1600 0.0124971838 -0.0077515252 0.00646614893 0 0 0
nt@synapse_cleft 1605 -0.00109045823 -0.00459092647 0.0134536171 0 0 0
nt@synapse_cleft 1606 -0.014099722 0.007453294 0.00121742955 0 0 0
nt@synapse_cleft 1611 -0.00364932145 -0.00178391772 0.00823033441 0 0 0
nt@synapse_cleft 1617 0.00602131631 0.00911625177 0.0155987861 0 0 0
nt@synapse_cleft 1628 0.00131939924 -0.000428742756 0.0121977146 0 0 0
nt@synapse_cleft 1641 -0.00125971941 0.00112891217 0.00279446842 0 0 0
nt@synapse_cleft 1675 -0.00392267591 0.00816079362 0.0125849994 0 0 0
nt@synapse_cleft 1678 0.0116558801 -0.00411332713 0.00281507818 0 0 0
nt@synapse_cleft 1681 -0.00259105465 0.00150131255 0.00162132597 0 0 0
nt@synapse_cleft 1686 0.00045120815 0.00237523757 0.0190384549 0 0 0
nt@synapse_cleft 1687 -0.014422051 0.00235406213 0.00934458742 0 0 0
nt@synapse_cleft 1689 -0.0217495191 -0.0104304116 0.00189161617 0 0 0
nt@synapse_cleft 1692 0.00225212809 -0.000341839993 0.0121389826 0 0 0
nt@synapse_cleft 1695 0.0101707965 -0.010756708 0.00911911883 0 0 0
nt@synapse_cleft 1701 -0.000558079157 -0.0117436816 0.00151301173 0 0 0
nt@synapse_cleft 1707 -0.00976526211 -0.000979387377 0.00566109138 0 0 0
nt@synapse_cleft 1715 -0.0100009445 -0.00221387917 0.002602331 0 0 0
nt@synapse_cleft 1721 -0.0243814896 -0.0166831745 0.00415744003 0 0 0
nt@synapse_cleft 1729 -0.00692914226 -0.00646616705 0.00752118673 0 0 0
nt@synapse_cleft 1742 0.00231384298 -0.0116000726 0.0063694157 0 0 0
nt@synapse_cleft 1743 0.00130281869 -0.00652077485 0.00705009942 0 0 0
nt@synapse_cleft 1745 -0.00156256904 0.00559118684 3.67453284e-05 0 0 0
nt@synapse_cleft 1746 -0.0181599297 -0.0199389165 0.00691665402 0 0 0
nt@synapse_cleft 1751 -0.0113072619 -0.0102290917 0.00808293102 0 0 0
nt@synapse_cleft 1759 -0.00293195393 -0.00478213715 0.00172871361 0 0 0
nt@synapse_cleft 1762 -0.00836508384 0.0110645459 0.00962410508 0 0 0
nt@synapse_cleft 1768 -0.00154557795 0.000767967354 0.00382792157 0 0 0
nt@synapse_cleft 1775 0.0112957111 -0.00972851137 0.0097139572 0 0 0
nt@synapse_cleft 1781 -0.000412430589 -0.00358362117 0.0111755453 0 0 0
nt@synapse_cleft 1793 -0.00849431444 0.00367892411 0.00600927642 0 0 0
nt@synapse_cleft 1804 0.0276576721 0.00407075882 0.00913972352 0 0 0
nt@synapse_cleft 1815 0.00381823063 -0.00368504434 0.00823245289 0 0 0
nt@synapse_cleft 1829 0.0042312763 0.00453145094 0.00521390887 0 0 0
nt@synapse_cleft 1830 -0.00237329895 0.000359995304 0.00154915433 0 0 0
nt@synapse_cleft 1837 0.0157939327 0.0111264736 0.0061508752 0 0 0
nt@synapse_cleft 1843 -0.00288088241 0.00948085295 0.00504196898 0 0 0
nt@synapse_cleft 1846 -0.000479301972 -0.0143919953 0.00268655225 0 0 0
nt@synapse_cleft 1853 -0.00560387386 -0.0150568157 0.0123089449 0 0 0
nt@synapse_cleft 1854 0.00621167332 -0.0145500456 0.00407380111 0 0 0
nt@synapse_cleft 1856 -0.00349670666 -0.0229220933 0.013501654 0 0 0
nt@synapse_cleft 1877 -0.0131247888 0.00292839446 0.0010920473 0 0 0
nt@synapse_cleft 1880 -0.0139927827 -0.0202691166 0.000834285624 0 0 0
nt@synapse_cleft 1883 -0.00164479881 0.00309586882 0.00795452819 0 0 0
nt@synapse_cleft 1885 -0.0118631818 0.00641652277 0.00229631831 0 0 0
nt@synapse_cleft 1887 0.00165561306 0.00206428365 0.00923914346 0 0 0
nt@synapse_cleft 1892 0.00572382386 -0.00274643013 0.00251989088 0 0 0
nt@synapse_cleft 1896 -0.00813752351 0.00582701499 0.00743206535 0 0 0
nt@synapse_cleft 1904 -0.0113504898 -0.00179529147 0.00475639427 0 0 0
nt@synapse_cleft 1918 -0.00810584181 -0.00269519713 0.00675439163 0 0 0
nt@synapse_cleft 1923 0.0107718633 -0.000928442467 0.00820381128 0 0 0
nt@synapse_cleft 1926 -0.00414552171 -0.00960929383 0.0106663516 0 0 0
nt@synapse_cleft 1932 0.00148652165 0.00648205333 0.00462114153 0 0 0
nt@synapse_cleft 1942 -0.00036384578 0.0143977979 0.00538360706 0 0 0
nt@synapse_cleft 1946 -0.00706446337 -0.0111979631 0.00440779192 0 0 0
nt@synapse_cleft 1961 -0.00989473841 0.00050658927 0.0080925527 0 0 0
nt@synapse_cleft 1967 -0.0112367077 -0.000527016478 0.00771671779 0 0 0
nt@synapse_cleft 1970 -0.00160082043 -6.87878526e-05 0.015026112 0 0 0
nt@synapse_cleft 1973 0.00725928775 -0.000294317722 0.00540255335 0 0 0
nt@synapse_cleft 1976 -0.00187960439 -0.0266474117 0.00517326931 0 0 0
nt@synapse_cleft 1980 -0.00604007673 -0.00221848371 0.00135779007 0 0 0
nt@synapse_cleft 1984 -0.00242010358 0.00262471338 0.017906259 0 0 0
nt@synapse_cleft 1990 -0.0181740007 -0.00700332476 0.0131048164 0 0 0
nt@synapse_cleft 1997 -0.00312498744 -0.00939721425 0.00222237515 0 0 0
nt@synapse_cleft 2004 -0.0159678307 0.0139587975 0.00124705618 0 0 0
nt@synapse_cleft 2014 -0.010699036 0.00754960968 0.000944993237 0 0 0
nt@synapse_cleft 2019 -0.0105549572 -0.0015658115 0.00943555975 0 0 0
nt@synapse_cleft 2036 0.00309232215 0.00603156224 1.86132506e-05 0 0 0
nt@synapse_cleft 2064 -0.00375379794 -0.00543465498 0.00623504017 0 0 0
nt@synapse_cleft 2092 -0.00248622882 -0.00706983454 0.000366836135 0 0 0
nt@synapse_cleft 2096 -0.00289701383 -0.000851687445 0.00433898994 0 0 0
nt@synapse_cleft 2104 -0.00522606195 -0.0032587312 0.00157318441 0 0 0
nt@synapse_cleft 2112 0.000982768857 0.00292703484 0.00895563774 0 0 0
nt@synapse_cleft 2124 0.0306154686 0.0030718156 0.00358186843 0 0 0
nt@synapse_cleft 2127 0.00322234375 -0.00873032804 0.0154762778 0 0 0
nt@synapse_cleft 2137 -0.000932079396 -0.00507258609 0.00238218962 0 0 0
nt@synapse_cleft 2156 -0.00438414886 -0.00162702002 0.00332366301 0 0 0
nt@synapse_cleft 2162 0.00484966374 -0.00451282864 0.00761211427 0 0 0
nt@synapse_cleft 2163 0.00409913979 0.00469129409 0.00126536345 0 0 0
nt@synapse_cleft 2185 -0.00187899461 0.00486033658 0.00328628976 0 0 0
nt@synapse_cleft 2199 -0.020110812 -0.00170838361 0.00292688071 0 0 0
nt@synapse_cleft 2204 -0.01541855 0.00619626816 0.00213706077 0 0 0
nt@synapse_cleft 2218 0.00265596453 0.00716364549 0.000236205863 0 0 0
nt@synapse_cleft 2223 0.000740078202 -0.00535195176 0.00800632693 0 0 0
nt@synapse_cleft 2228 0.00240470037 -0.000708602808 0.000126007882 0 0 0
nt@synapse_cleft 2251 -0.0135371299 -0.0032048235 0.0138028961 0 0 0
nt@synapse_cleft 2254 -0.0118978128 0.00981594956 0.000127873121 0 0 0
nt@synapse_cleft 2257 0.00208046086 0.00547313047 0.000706783781 0 0 0
nt@synapse_cleft 2262 -0.00015231327 0.00782174121 0.00981499523 0 0 0
nt@synapse_cleft 2271 -0.00106102916 -0.00482301621 0.00193528429 0 0 0
nt@synapse_cleft 2278 0.00685279972 -0.0128966111 0.000154762544 0 0 0
nt@synapse_cleft 2279 0.00621626473 0.00549540385 0.0147551736 0 0 0
nt@synapse_cleft 2283 0.0102730816 -0.0142229462 0.00664849547 0 0 0
nt@synapse_cleft 2284 0.00918896344 -0.0120304577 0.0140214766 0 0 0
nt@synapse_cleft 2285 -0.00142849841 -0.011259632 0.00168636116 0 0 0
nt@synapse_cleft 2298 0.00475263504 0.011110406 0.012338905 0 0 0
nt@synapse_cleft 2306 -0.0156812992 0.00953169982 0.00212608678 0 0 0
nt@synapse_cleft 2308 0.000386644469 -0.0120866906 0.0118595796 0 0 0
nt@synapse_cleft 2309 -0.0158673329 -0.00851200005 0.000102300569 0 0 0
nt@synapse_cleft 2314 0.00373385153 0.000640309726 0.00489536028 0 0 0
nt@synapse_cleft 2320 0.0105896113 0.0143388853 0.000345557523 0 0 0
nt@synapse_cleft 2321 -0.000141314283 0.00808318276 0.000315163835 0 0 0
nt@synapse_cleft 2327 -0.00377563953 -0.00452485127 0.0046571457 0 0 0
nt@synapse_cleft 2330 -0.0123841368 -0.0141255391 0.00338790197 0 0 0
nt@synapse_cleft 2367 -0.0174492503 0.00354923406 0.0013294462 0 0 0
nt@synapse_cleft 2369 -0.00452166409 0.00234508486 0.001851211 0 0 0
nt@synapse_cleft 2383 -0.00429985014 0.000880118782 0.00750813325 0 0 0
nt@synapse_cleft 2389 0.0190942962 -0.0209064531 0.0067718703 0 0 0
nt@synapse_cleft 2411 0.00161899361 0.000137187919 0.00779682229 0 0 0
nt@synapse_cleft 2412 -0.00550341579 0.014925389 0.00621011373 0 0 0
nt@synapse_cleft 2421 -0.0199184283 0.0129994267 0.0132032599 0 0 0
nt@synapse_cleft 2423 -0.00692293807 0.00242684012 0.00933837354 0 0 0
nt@synapse_cleft 2438 -0.0182694205 0.00456793204 0.00680413605 0 0 0
nt@synapse_cleft 2448 -0.00166781915 0.00150629305 0.00220843869 0 0 0
nt@synapse_cleft 2456 -0.00491824835 -0.0024462641 0.00248625589 0 0 0
nt@synapse_cleft 2462 0.0101908833 0.00496928446 0.00719648574 0 0 0
nt@synapse_cleft 2468 -0.0161090135 -0.0096492459 0.0115565083 0 0 0
nt@synapse_cleft 2472 -0.00760694109 0.00872462152 0.0148741522 0 0 0
nt@synapse_cleft 2481 0.0030816031 0.00564429427 0.00479252866 0 0 0
nt@synapse_cleft 2483 -0.017317383 0.013067912 0.0114026825 0 0 0
nt@synapse_cleft 2491 0.0113786291 -0.00870915094 0.00662886344 0 0 0
nt@synapse_cleft 2493 0.00607324497 0.00565422122 0.0084330707 0 0 0
nt@synapse_cleft 2498 0.000960979847 0.00171003747 0.0164880455 0 0 0
nt@synapse_cleft 2502 -0.00717479923 -0.00365221251 0.00233393896 0 0 0
nt@synapse_cleft 2509 -0.0156358002 -0.00320664487 0.00810545814 0 0 0
nt@synapse_cleft 2513 -0.00562065254 -0.0112210597 0.00285215938 0 0 0
nt@synapse_cleft 2517 0.0049192805 -0.000112924746 0.00106233325 0 0 0
nt@synapse_cleft 2520 0.00567289805 -0.00447704011 0.00202075305 0 0 0
nt@synapse_cleft 2528 0.00104356657 0.00115790507 0.00930075195 0 0 0
nt@synapse_cleft 2539 0.00625312708 0.00814813929 0.00579355038 0 0 0
nt@synapse_cleft 2542 -0.00558615531 -0.000571198563 0.00811154669 0 0 0
nt@synapse_cleft 2549 0.00106853585 -0.00209279407 0.0109047086 0 0 0
nt@synapse_cleft 2550 0.00277829932 -0.0129129346 0.00512668933 0 0 0
nt@synapse_cleft 2555 0.00677991022 -0.014470033 0.00725749852 0 0 0
nt@synapse_cleft 2560 -0.00989685036 0.00351317967 0.00404816861 0 0 0
nt@synapse_cleft 2561 0.0111750721 -0.000410867118 0.00493469677 0 0 0
nt@synapse_cleft 2563 -0.00504519318 0.00971740055 0.0104926913 0 0 0
nt@synapse_cleft 2564 -0.0141330274 -0.00269380882 0.00416090121 0 0 0
nt@synapse_cleft 2566 0.0112399131 -0.00363517047 0.0146959636 0 0 0
nt@synapse_cleft 2570 0.027884435 0.00867130102 0.00640588265 0 0 0
nt@synapse_cleft 2577 -0.00692567744 -0.00308286681 0.0105129988 0 0 0
nt@synapse_cleft 2604 -0.0127950758 0.0147770292 0.00378613576 0 0 0
nt@synapse_cleft 2610 -0.00131699623 0.00258703954 0.000537614703 0 0 0
nt@synapse_cleft 2625 0.00515710358 -0.0231414176 0.0093448765 0 0 0
nt@synapse_cleft 2628 0.00629590816 0.000922249439 0.0117909321 0 0 0
nt@synapse_cleft 2639 0.00743574342 -0.0133950832 0.0014826489 0 0 0
nt@synapse_cleft 2641 0.00087171612 0.0135731397 0.0121755694 0 0 0
nt@synapse_cleft 2652 -0.0126543667 -0.00707301306 0.0192835066 0 0 0
nt@synapse_cleft 2660 -0.00926448439 0.00706906394 0.00409772398 0 0 0
nt@synapse_cleft 2670 -0.0167450484 -0.0108698147 0.018441994 0 0 0
nt@synapse_cleft 2680 -0.0111257039 0.0144542556 0.00880778546 0 0 0
nt@synapse_cleft 2681 0.00157232813 -0.00387854091 3.68142288e-05 0 0 0
nt@synapse_cleft 2688 0.00186378911 0.0061147001 0.00681768159 0 0 0
nt@synapse_cleft 2702 -0.00227108108 0.00328145771 0.00862047257 0 0 0
nt@synapse_cleft 2708 -0.0269091413 -0.00655395663 0.00503462525 0 0 0
nt@synapse_cleft 2709 0.0103550796 -0.0040201989 0.0121006097 0 0 0
nt@synapse_cleft 2720 -0.00998421667 0.00583588812 0.0118460248 0 0 0
nt@synapse_cleft 2724 0.0011677159 0.0091385979 0.00104674813 0 0 0
nt@synapse_cleft 2729 6.98649422e-05 0.00808780987 0.00336748446 0 0 0
nt@synapse_cleft 2743 -0.00550588293 -0.00386658353 0.00267519396 0 0 0
nt@synapse_cleft 2750 -0.00722170336 0.0140829819 0.0080280555 0 0 0
nt@synapse_cleft 2752 0.0194742892 -0.00115749445 0.0110557009 0 0 0
nt@synapse_cleft 2756 0.00827372919 -0.00270630626 0.00589581997 0 0 0
nt@synapse_cleft 2766 -0.00418593733 0.0104819498 0.00450048388 0 0 0
nt@synapse_cleft 2775 0.00897438962 0.00292652552 0.00347552799 0 0 0
nt@synapse_cleft 2785 0.013371743 0.00260580949 0.0191887858 0 0 0
nt@synapse_cleft 2798 0.00350374982 0.00772636094 0.0048192124 0 0 0
nt@synapse_cleft 2807 0.00182731056 0.00191714138 0.00517569501 0 0 0
nt@synapse_cleft 2808 -0.00235569696 -0.0137670017 0.0160159808 0 0 0
nt@synapse_cleft 2820 0.00164086469 -0.0111939643 0.0055366979 0 0 0
nt@synapse_cleft 2828 -0.00771600303 -0.0019443002 0.00970750936 0 0 0
nt@synapse_cleft 2863 0.0100618789 -0.000284833463 0.00685332909 0 0 0
nt@synapse_cleft 2875 -0.000203225113 -0.0077962415 0.00375208264 0 0 0
nt@synapse_cleft 2876 -0.0154188036 0.0199451164 0.00724758391 0 0 0
nt@synapse_cleft 2880 0.000983833393 -0.00939971505 0.00755100931 0 0 0
nt@synapse_cleft 2884 -0.0140437349 -0.00862103905 0.00595433905 0 0 0
nt@synapse_cleft 2894 -0.0104248458 -0.0132915347 0.0139143265 0 0 0
nt@synapse_cleft 2895 0.0193032216 -0.00421535505 0.00610217371 0 0 0
nt@synapse_cleft 2905 -0.0230158091 0.00705958342 0.0144129714 0 0 0
nt@synapse_cleft 2909 0.00974467189 -0.00599449242 0.0030169589 0 0 0
nt@synapse_cleft 2912 -0.000442989185 -0.00146943317 0.0101256885 0 0 0
nt@synapse_cleft 2915 -0.00356108444 -0.0103123513 0.0059735937 0 0 0
nt@synapse_cleft 2920 0.00212307928 -0.00378603776 0.0143785737 0 0 0
nt@synapse_cleft 2933 -0.00985712589 -0.0127075056 0.0119335852 0 0 0
nt@synapse_cleft 2935 -0.00405835741 -0.0128444294 0.000516652689 0 0 0
nt@synapse_cleft 2940 -0.0134303312 -0.0083583578 0.00598214121 0 0 0
nt@synapse_cleft 2962 0.00375796434 0.00394325423 0.00923395516 0 0 0
nt@synapse_cleft 2983 -0.000636329088 -0.00659246758 0.00189750247 0 0 0
nt@synapse_cleft 2993 0.0149568351 -0.00122081494 0.00292206527 0 0 0
nt@synapse_cleft 3006 -0.0098771752 -0.014576582 0.0068745009 0 0 0
nt@synapse_cleft 3012 0.0033218478 -0.00938428894 0.0043411039 0 0 0
nt@synapse_cleft 3019 0.00434609025 -0.00139149037 0.000296147914 0 0 0
nt@synapse_cleft 3020 -0.0182724998 -0.0148489662 0.00379829397 0 0 0
nt@synapse_cleft 3042 -0.00277732668 0.0190728367 0.0129718936 0 0 0
nt@synapse_cleft 3047 -0.00188422818 -0.00897689806 0.00585364469 0 0 0
nt@synapse_cleft 3061 -0.00109206125 -0.00473677923 0.0073157035 0 0 0
nt@synapse_cleft 3069 -0.00622508847 0.00790931606 0.0120346312 0 0 0
nt@synapse_cleft 3073 -0.00644718011 -0.00560675749 0.0166237075 0 0 0
nt@synapse_cleft 3089 -0.00954742877 0.00423413373 0.0146478504 0 0 0
nt@synapse_cleft 3096 0.0113799008 0.014138678 0.00721391846 0 0 0
nt@synapse_cleft 3099 -0.00312366969 -0.00577009888 0.00794497555 0 0 0
nt@synapse_cleft 3134 0.000643697035 -0.010749948 0.00493156826 0 0 0
nt@synapse_cleft 3150 0.0029283658 -0.00111285099 0.00826953365 0 0 0
nt@synapse_cleft 3159 -0.000130490309 -0.0160171637 0.000296112168 0 0 0
nt@synapse_cleft 3177 0.00857875486 0.0010967693 0.0120480309 0 0 0
nt@synapse_cleft 3181 -0.00237199901 0.0145657043 0.0176537344 0 0 0
nt@synapse_cleft 3183 0.0164594392 -4.37127117e-05 0.00867333987 0 0 0
nt@synapse_cleft 3184 0.0142902238 0.00391367427 0.0173464944 0 0 0
nt@synapse_cleft 3185 0.00142046885 0.00957812305 0.00198975383 0 0 0
nt@synapse_cleft 3199 0.00084704754 -0.00211283418 0.0144327504 0 0 0
nt@synapse_cleft 3202 0.00736706817 -0.00801228146 0.00955770769 0 0 0
nt@synapse_cleft 3220 -0.00840925849 -0.000843755093 0.0065206116 0 0 0
nt@synapse_cleft 3222 0.0104650223 -0.0107090912 0.00801412428 0 0 0
nt@synapse_cleft 3227 -0.00636866452 -0.0279505575 0.00433647607 0 0 0
nt@synapse_cleft 3247 0.00328441999 0.00863059342 0.00204429162 0 0 0
nt@synapse_cleft 3249 0.0107597603 0.00743153999 0.0123035727 0 0 0
nt@synapse_cleft 3275 -0.00357368955 0.00413775905 0.0166381569 0 0 0
nt@synapse_cleft 3304 -0.0152277225 0.00735226529 0.00450141168 0 0 0
nt@synapse_cleft 3308 0.00181224708 0.00142954482 0.00098076376 0 0 0
nt@synapse_cleft 3326 -0.000325975094 0.000380474221 0.00907237229 0 0 0
nt@synapse_cleft 3334 -0.0153589546 0.0124439966 0.00968824393 0 0 0
nt@synapse_cleft 3338 -0.00689273378 0.0074951256 0.00906405555 0 0 0
nt@synapse_cleft 3341 0.0135306368 0.000884965316 0.00833733701 0 0 0
nt@synapse_cleft 3367 0.00429871674 0.0128111674 0.000293890179 0 0 0
nt@synapse_cleft 3375 -0.00280048934 0.00338769878 0.00332112291 0 0 0
nt@synapse_cleft 3378 -0.00369587601 0.00149904644 0.00643682619 0 0 0
nt@synapse_cleft 3394 -0.00933501908 -0.0054224378 0.00222485226 0 0 0
nt@synapse_cleft 3402 -0.022444052 -0.00332865917 0.00654017301 0 0 0
nt@synapse_cleft 3404 0.00124406477 0.0094579226 0.00132863923 0 0 0
nt@synapse_cleft 3407 -0.0115660243 0.000278014484 0.0124170719 0 0 0
nt@synapse_cleft 3413 0.0116794842 -0.0118774243 0.00890414724 0 0 0
nt@synapse_cleft 3419 0.00680725321 0.017055038 0.0194929816 0 0 0
nt@synapse_cleft 3429 0.0151218767 -0.00677854864 0.00436496771 0 0 0
nt@synapse_cleft 3432 0.00356768914 0.0195366588 0.015887611 0 0 0
nt@synapse_cleft 3445 -0.0259511103 0.004264105 0.0108250045 0 0 0
nt@synapse_cleft 3451 -0.000237761483 -0.00134868671 0.00539304515 0 0 0
nt@synapse_cleft 3467 -0.00439612605 -0.00483662539 0.00979868771 0 0 0
nt@synapse_cleft 3474 0.0137717864 -0.0163445751 0.00147277824 0 0 0
nt@synapse_cleft 3482 0.00427438448 0.0122677156 0.012261921 0 0 0
nt@synapse_cleft 3484 -0.000155310778 -0.0021004991 0.00416882703 0 0 0
nt@synapse_cleft 3500 0.00275282558 -0.00923402185 0.017078208 0 0 0
nt@synapse_cleft 3507 0.00405833392 -0.0146786839 0.00504601157 0 0 0
nt@synapse_cleft 3526 -1.17455225e-05 0.0112638108 0.00200711119 0 0 0
nt@synapse_cleft 3535 -0.00789464564 0.00147476775 0.00488957918 0 0 0
nt@synapse_cleft 3536 0.000759822125 -0.012530042 0.0067777509 0 0 0
nt@synapse_cleft 3538 -0.00623966343 0.000580338792 0.0192945821 0 0 0
nt@synapse_cleft 3542 -0.0105583802 0.0151267766 0.00903335203 0 0 0
nt@synapse_cleft 3543 -0.00028908505 -0.00175708994 0.00179218527 0 0 0
nt@synapse_cleft 3546 0.0243507239 -0.0118189378 0.00503659587 0 0 0
nt@synapse_cleft 3561 0.00330628617 0.0158831025 0.000905041783 0 0 0
nt@synapse_cleft 3562 -0.000494404882 0.00685271861 0.000232401509 0 0 0
nt@synapse_cleft 3563 -0.00640458858 0.000359196202 0.00498902521 0 0 0
nt@synapse_cleft 3565 0.0226037012 -0.0131738942 0.0146517122 0 0 0
nt@synapse_cleft 3566 0.00331270106 -0.00487499317 0.00584046471 0 0 0
nt@synapse_cleft 3575 0.00272212454 0.00497467718 0.0164994418 0 0 0
nt@synapse_cleft 3576 0.00417880331 0.00986162923 0.00953673601 0 0 0
nt@synapse_cleft 3592 -0.0108588419 0.0225249519 0.00123840615 0 0 0
nt@synapse_cleft 3602 -0.00246792321 -0.0228287538 0.00602023589 0 0 0
nt@synapse_cleft 3603 -0.0115036945 -0.0116665161 0.0115553858 0 0 0
nt@synapse_cleft 3606 -0.0103983882 0.00596970601 0.00142569798 0 0 0
nt@synapse_cleft 3611 -0.00222524785 -0.0208421555 0.0141618585 0 0 0
nt@synapse_cleft 3616 0.00843882978 -0.0156598238 0.00528492715 0 0 0
nt@synapse_cleft 3617 -0.00130262894 -0.0206586957 0.00969562187 0 0 0
nt@synapse_cleft 3620 -0.000113299781 0.0103472956 0.00525796668 0 0 0
nt@synapse_cleft 3625 -0.00921121528 0.00846167278 0.00337466175 0 0 0
nt@synapse_cleft 3635 0.00851962355 -0.0133106294 0.000260230361 0 0 0
nt@synapse_cleft 3636 -0.00404538403 0.0236866461 0.0102715124 0 0 0
nt@synapse_cleft 3645 0.00931964142 -0.00191801971 0.019540361 0 0 0
nt@synapse_cleft 3661 -0.00319849815 0.002208286 0.012243893 0 0 0
nt@synapse_cleft 3667 -0.00103013114 0.00202964142 0.00753239117 0 0 0
nt@synapse_cleft 3681 -0.0130585969 -0.00125478084 0.00229335062 0 0 0
nt@synapse_cleft 3690 -0.0149579338 0.00836202162 0.0156482625 0 0 0
nt@synapse_cleft 3693 -0.000433551926 -0.00470538488 0.00530652574 0 0 0
nt@synapse_cleft 3706 -0.00558401267 0.00447832293 0.00197863912 0 0 0
nt@synapse_cleft 3707 0.00295285741 -0.00215108914 0.00743759743 0 0 0
nt@synapse_cleft 3714 -0.0193242486 -0.00455146485 0.000637384671 0 0 0
nt@synapse_cleft 3730 0.00294412184 -0.0147666961 0.00870694948 0 0 0
nt@synapse_cleft 3731 0.0119761375 -0.0105558303 0.0163623663 0 0 0
nt@synapse_cleft 3737 -0.00509294988 0.0112308938 0.000589593024 0 0 0
nt@synapse_cleft 3739 -0.00340875902 -0.00756634082 0.0097297146 0 0 0
nt@synapse_cleft 3751 -0.000331281053 0.00844837827 0.0187100878 0 0 0
nt@synapse_cleft 3758 0.0137017128 0.0102932023 0.0116538018 0 0 0
nt@synapse_cleft 3759 -0.0235419582 -0.000569688567 0.0040360662 0 0 0
nt@synapse_cleft 3763 0.00658994066 -0.000380029829 0.00174346778 0 0 0
nt@synapse_cleft 3768 -0.0054812215 0.00654870166 0.00596111679 0 0 0
nt@synapse_cleft 3783 -0.0128640737 0.00910208046 0.00673583293 0 0 0
nt@synapse_cleft 3793 -0.00212552592 -0.00539030187 0.00165711398 0 0 0
nt@synapse_cleft 3800 -0.0146982144 -0.00598984606 0.0191199626 0 0 0
nt@synapse_cleft 3811 0.00212824832 0.01569 0.00388402465 0 0 0
nt@synapse_cleft 3827 -0.000331724129 0.00398485159 0.00126164438 0 0 0
nt@synapse_cleft 3834 -0.00153848984 -0.00851340202 0.00860537941 0 0 0
nt@synapse_cleft 3835 -0.0128480431 -0.00581101658 0.00311474486 0 0 0
nt@synapse_cleft 3846 0.0104424123 -0.0010121946 0.0074424237 0 0 0
nt@synapse_cleft 3848 -0.000102474544 -0.00376965982 0.00600951552 0 0 0
nt@synapse_cleft 3850 -0.00471677396 0.00601289729 0.00319017417 0 0 0
nt@synapse_cleft 3859 0.0134365455 -0.00738084821 0.012675285 0 0 0
nt@synapse_cleft 3879 -0.00994690738 -0.0150828353 0.00398541886 0 0 0
nt@synapse_cleft 3886 0.00264575695 -0.00143600518 0.0140635064 0 0 0
nt@synapse_cleft 3902 0.00897484648 -0.00101821634 0.00840843832 0 0 0
nt@synapse_cleft 3907 -0.00316838614 -0.00810797377 0.00702438299 0 0 0
nt@synapse_cleft 3918 0.0124108291 0.00869640631 0.0138854977 0 0 0
nt@synapse_cleft 3921 0.00832493801 0.00336112465 0.0185717662 0 0 0
nt@synapse_cleft 3927 0.00535461688 0.0125450469 0.00737499201 0 0 0
nt@synapse_cleft 3932 0.00232538199 0.00197618793 0.0188112924 0 0 0
nt@synapse_cleft 3952 -0.00608710811 0.000595620697 0.0110491256 0 0 0
nt@synapse_cleft 3953 0.00235148798 0.000420256517 0.00647289881 0 0 0
nt@synapse_cleft 3957 -0.0197896226 -0.00128447283 0.00713604747 0 0 0
nt@synapse_cleft 3958 0.0175064023 -0.00245365543 0.00574817989 0 0 0
nt@synapse_cleft 3963 0.0173550919 -0.0118398777 0.0112325366 0 0 0
nt@synapse_cleft 3967 0.00269717901 -0.00124275137 0.00309660643 0 0 0
nt@synapse_cleft 3968 0.00780319126 0.00894455999 0.0011430652 0 0 0
nt@synapse_cleft 3973 0.012679599 0.0101305968 0.00172333803 0 0 0
nt@synapse_cleft 3974 -0.00365327672 -0.0178841163 0.00250063217 0 0 0
nt@synapse_cleft 3988 0.00814400429 0.0190023853 0.00307012792 0 0 0
nt@synapse_cleft 3991 -0.00399591541 -0.00545377456 0.00385048813 0 0 0
nt@synapse_cleft 3993 -0.0166240147 -0.00294810996 0.00890257428 0 0 0
nt@synapse_cleft 3997 -0.00620673397 0.0021712494 0.0175517544 0 0 0
nt@synapse_cleft 3999 -0.0156868244 0.0128299431 0.00833816022 0 0 0
nt@synapse_cleft 4018 -0.00600418402 -0.0130676625 0.012528717 0 0 0
nt@synapse_cleft 4037 0.00386927871 -0.00155219323 0.000862212129 0 0 0
nt@synapse_cleft 4040 0.00128333466 -0.014473172 0.00371852699 0 0 0
nt@synapse_cleft 4049 0.00403875916 -0.00137933526 0.00650899577 0 0 0
nt@synapse_cleft 4051 0.00240104234 0.00388699283 0.0121675512 0 0 0
nt@synapse_cleft 4064 0.00685646352 -0.00325317865 0.00312526413 0 0 0
nt@synapse_cleft 4070 0.004741532 0.00393515759 0.00701036944 0 0 0
nt@synapse_cleft 4103 -0.00512017863 -0.0106768456 0.0108732321 0 0 0
nt@synapse_cleft 4106 -0.00257767535 0.0036893388 0.00181942428 0 0 0
nt@synapse_cleft 4115 0.00583288094 0.0147584255 0.000227788432 0 0 0
nt@synapse_cleft 4119 0.00198325448 -0.00414949188 0.00493056168 0 0 0
nt@synapse_cleft 4123 0.0016673434 0.0102158456 0.00368125904 0 0 0
nt@synapse_cleft 4126 0.00430556609 -0.00418594261 0.0198897439 0 0 0
nt@synapse_cleft 4129 0.00054859812 -0.0136693967 0.00842092956 0 0 0
nt@synapse_cleft 4132 -0.00240819596 -0.00715106496 0.00749482493 0 0 0
nt@synapse_cleft 4135 0.00537551138 -0.0148370872 0.00303787805 0 0 0
nt@synapse_cleft 4150 -0.00163440868 -0.00590474416 0.00702317991 0 0 0
nt@synapse_cleft 4155 -0.0114703128 -0.00372643061 0.0138412088 0 0 0
nt@synapse_cleft 4156 -0.00494723247 0.00108964516 0.00578750302 0 0 0
nt@synapse_cleft 4163 -0.0106756441 -0.0065086743 0.00246532138 0 0 0
nt@synapse_cleft 4177 -0.00945597759 0.0045805346 0.00714488293 0 0 0
nt@synapse_cleft 4187 0.00208063847 0.00243639322 0.00757356833 0 0 0
nt@synapse_cleft 4193 -0.00289002638 -0.0019620896 0.000603366662 0 0 0
nt@synapse_cleft 4214 -0.00265133718 0.00442539787 0.00290630029 0 0 0
nt@synapse_cleft 4215 -0.00897788675 -0.0147071911 2.45601372e-05 0 0 0
nt@synapse_cleft 4220 0.0153032793 -0.0126709498 0.000466143609 0 0 0
nt@synapse_cleft 4228 -0.000578510245 -0.0116982599 0.0153208012 0 0 0
nt@synapse_cleft 4233 -0.00396613168 0.0166955043 0.0110225762 0 0 0
nt@synapse_cleft 4242 -0.0107510087 -0.00705100581 0.0035080171 0 0 0
nt@synapse_cleft 4252 -0.0186946797 -0.00435878396 0.00972310966 0 0 0
nt@synapse_cleft 4255 -0.0196636327 -0.0125286783 0.00280641077 0 0 0
nt@synapse_cleft 4288 0.00128287229 0.0183923514 0.0105931055 0 0 0
nt@synapse_cleft 4297 0.0157011383 -0.0005257774 0.00754125724 0 0 0
nt@synapse_cleft 4301 -0.000243881604 -0.0140260032 0.00776985738 0 0 0
nt@synapse_cleft 4312 -0.00304325378 -0.0127550763 0.00248212558 0 0 0
nt@synapse_cleft 4317 -0.0044948547 -0.0024218862 0.0012149928 0 0 0
nt@synapse_cleft 4330 0.0037597352 0.0132929495 0.0110144414 0 0 0
nt@synapse_cleft 4339 -0.00153572417 0.00597604455 0.00558543486 0 0 0
nt@synapse_cleft 4343 -0.0220641925 0.0021042849 0.00366708335 0 0 0
nt@synapse_cleft 4346 -0.00433784188 -0.00592709127 0.0107064471 0 0 0
nt@synapse_cleft 4351 0.00459142275 -0.00336058174 0.0167473811 0 0 0
nt@synapse_cleft 4360 0.00101543052 0.00431250421 0.0177363327 0 0 0
nt@synapse_cleft 4365 0.00814941068 -0.00346091156 0.00948267745 0 0 0
nt@synapse_cleft 4381 -0.0105187658 -0.004335307 0.00975231484 0 0 0
nt@synapse_cleft 4386 0.00185476292 -0.0218621424 0.00248438601 0 0 0
nt@synapse_cleft 4392 -0.00599222084 0.00914065456 0.00931238122 0 0 0
nt@synapse_cleft 4396 4.55960148e-05 -0.000480473183 0.000645511877 0 0 0
nt@synapse_cleft 4398 -0.00072290102 -0.00229608633 0.00974379667 0 0 0
nt@synapse_cleft 4399 -0.00940309467 -0.00275773948 0.00265778535 0 0 0
nt@synapse_cleft 4414 0.00972031214 -0.00358355439 0.00597634781 0 0 0
nt@synapse_cleft 4416 0.0068070312 0.0152479666 0.00586179692 0 0 0
nt@synapse_cleft 4423 -0.0110062256 0.0043786234 0.00565278592 0 0 0
nt@synapse_cleft 4424 -0.00726952651 0.00624986661 0.00515023022 0 0 0
nt@synapse_cleft 4431 -0.000381205554 0.00727612312 0.0119120517 0 0 0
nt@synapse_cleft 4434 0.014746288 -0.00902503229 0.00331549452 0 0 0
nt@synapse_cleft 4446 -0.0148612779 -0.00136185892 0.00555563902 0 0 0
nt@synapse_cleft 4464 -0.00910211195 -0.00381434459 0.000411282908 0 0 0
nt@synapse_cleft 4478 0.0118928711 0.0044237013 0.00159321206 0 0 0
nt@synapse_cleft 4485 -0.00560581743 0.0109131852 0.00662857645 0 0 0
nt@synapse_cleft 4488 0.0118506115 0.00167866833 0.00128227503 0 0 0
nt@synapse_cleft 4489 -0.0104864365 0.00496734402 0.00902039576 0 0 0
nt@synapse_cleft 4499 -0.00419510332 0.0149856017 0.0198395899 0 0 0
nt@synapse_cleft 4501 -0.0173617498 0.00201423577 0.00197031573 0 0 0
nt@synapse_cleft 4517 -0.0142549716 -0.000795562131 0.00438047425 0 0 0
nt@synapse_cleft 4527 -0.000796299028 0.00122370319 0.00483342965 0 0 0
nt@synapse_cleft 4538 -0.0108476884 -0.000421775124 0.00402509423 0 0 0
nt@synapse_cleft 4542 0.0115356455 0.0132647763 0.0137248222 0 0 0
nt@synapse_cleft 4545 -0.00968148882 0.0145237542 0.00883080105 0 0 0
nt@synapse_cleft 4551 0.00243638138 -0.0046801027 0.00102166924 0 0 0
nt@synapse_cleft 4559 -0.00918780056 -0.00412592387 0.014386807 0 0 0
nt@synapse_cleft 4574 -0.00466122849 -0.00605688564 0.00212619217 0 0 0
nt@synapse_cleft 4576 -0.00606830385 0.00128916291 0.00567026839 0 0 0
nt@synapse_cleft 4583 -0.00198400781 -0.00696991583 0.015901271 0 0 0
nt@synapse_cleft 4590 0.00431701099 -0.00707082342 0.0105797423 0 0 0
nt@synapse_cleft 4593 -0.0256824761 -0.00170979969 0.00423276337 0 0 0
nt@synapse_cleft 4595 -0.0165526508 -0.0145571578 0.00982993818 0 0 0
nt@synapse_cleft 4620 0.00264236727 0.00131142646 0.0127704933 0 0 0
nt@synapse_cleft 4659 0.0174348032 0.0147018974 0.0115707579 0 0 0
nt@synapse_cleft 4681 -0.00693130121 0.00069034574 0.0056931431 0 0 0
nt@synapse_cleft 4700 0.00583170308 0.0119070541 0.000383704686 0 0 0
nt@synapse_cleft 4709 0.00390833167 -0.00694806747 0.0123236414 0 0 0
nt@synapse_cleft 4718 -0.00185059645 -0.00653696861 0.00637429555 0 0 0
nt@synapse_cleft 4736 0.000167015102 -0.00864210588 0.00121704479 0 0 0
nt@synapse_cleft 4750 -0.00293198103 0.00187257991 0.0038303394 0 0 0
nt@synapse_cleft 4753 -0.00682665608 0.0142674199 0.0101012934 0 0 0
nt@synapse_cleft 4754 0.013962549 -0.00119270628 0.0083603113 0 0 0
nt@synapse_cleft 4756 0.00809855311 0.00818732971 0.00593381912 0 0 0
nt@synapse_cleft 4758 -0.00518048276 0.00169345348 0.000606781934 0 0 0
nt@synapse_cleft 4764 0.00315740009 -0.00525689882 0.00133208692 0 0 0
nt@synapse_cleft 4784 -0.0119604898 0.0075338534 0.0115283321 0 0 0
nt@synapse_cleft 4786 0.0136505134 0.00146837841 0.012474268 0 0 0
nt@synapse_cleft 4801 -0.00553577309 -0.00183529142 0.00496421293 0 0 0
nt@synapse_cleft 4822 -0.00943710976 -0.0148909626 0.010879232 0 0 0
nt@synapse_cleft 4829 0.012379211 0.00744475605 0.00468681734 0 0 0
nt@synapse_cleft 4839 -0.00496691663 0.00108295454 0.00868705287 0 0 0
nt@synapse_cleft 4844 0.00310619665 -0.00279759001 0.00770493067 0 0 0
nt@synapse_cleft 4852 -0.0010503241 0.00117741688 0.000110675648 0 0 0
nt@synapse_cleft 4871 -0.00216041152 -0.0121493115 7.2406533e-05 0 0 0
nt@synapse_cleft 4880 0.00412119745 -0.00581465547 0.00621461354 0 0 0
nt@synapse_cleft 4892 -0.00515031496 -0.000762988846 0.0106131047 0 0 0
nt@synapse_cleft 4897 -0.00368495794 -0.0095554077 0.000636861015 0 0 0
nt@synapse_cleft 4906 0.0115460329 -0.0100526066 0.00665747236 0 0 0
nt@synapse_cleft 4919 0.00286169182 -0.00809131748 0.000198275531 0 0 0
nt@synapse_cleft 4925 0.00113084049 0.00140395894 0.011842972 0 0 0
nt@synapse_cleft 4937 -0.0130296292 0.00441014747 0.00173063525 0 0 0
nt@synapse_cleft 4946 -0.00205433534 -0.0173626453 0.00493310688 0 0 0
nt@synapse_cleft 4979 0.00776792215 -0.00496832782 0.00761673084 0 0 0
nt@synapse_cleft 4981 -0.00462056523 0.00283434544 0.0197846459 0 0 0
nt@synapse_cleft 4982 -0.0119062532 -0.00109455719 0.0116530298 0 0 0
nt@synapse_cleft 4983 0.0110658163 -0.0108209793 0.0161768846 0 0 0
nt@synapse_cleft 4991 0.00208476746 -0.00257104608 0.0117146114 0 0 0
nt@synapse_cleft 5004 0.01860444 0.00335249306 0.00270297064 0 0 0
nt@synapse_cleft 5006 -0.0273641869 -0.0116608335 0.0131962079 0 0 0
nt@synapse_cleft 5009 -0.00315459956 -0.00733989438 0.000755757393 0 0 0
nt@synapse_cleft 5015 0.00973081427 0.00608302104 0.00910909174 0 0 0
nt@synapse_cleft 5044 0.00147076124 -0.00544896386 0.00374052436 0 0 0
nt@synapse_cleft 5046 0.0146308713 0.00807472081 0.00548432454 0 0 0
nt@synapse_cleft 5055 0.00363885932 -0.00351317841 0.000860020536 0 0 0
nt@synapse_cleft 5061 0.00544161671 -0.00667258361 0.00367881001 0 0 0
nt@synapse_cleft 5063 -0.0036500924 -0.0167307294 0.00128512538 0 0 0
nt@synapse_cleft 5082 0.00224981249 -0.0139312692 0.00196841675 0 0 0
nt@synapse_cleft 5086 -0.00778503407 -0.00787600939 0.00750597718 0 0 0
nt@synapse_cleft 5145 0.0112088661 -0.00207024687 0.000446198203 0 0 0
nt@synapse_cleft 5154 0.0155027708 0.00322630729 0.000775099629 0 0 0
nt@synapse_cleft 5159 -0.0168985186 -0.0135810784 0.00221715919 0 0 0
nt@synapse_cleft 5164 0.00642734059 0.00391997087 0.0159628409 0 0 0
nt@synapse_cleft 5173 -0.00374892033 0.00910526116 0.0178095429 0 0 0
nt@synapse_cleft 5176 0.00482178829 -0.00279700686 0.000777234966 0 0 0
nt@synapse_cleft 5179 0.00693723945 0.0153781538 0.00673042421 0 0 0
nt@synapse_cleft 5182 0.000673555586 0.0088880994 0.00133036313 0 0 0
