nt@synapse_cleft 89 0.00417941527 -0.00420647047 0.0102424012 0 0 0
nt@synapse_cleft 100 0.000598180212 0.00172781255 0.00525824862 0 0 0
nt@synapse_cleft 103 -0.0220094912 0.00656464419 0.000854898084 0 0 0
nt@synapse_cleft 150 -0.0100319357 0.00749750178 0.00574478028 0 0 0
nt@synapse_cleft 195 -0.0038130617 0.000140716221 0.00545173011 0 0 0
nt@synapse_cleft 284 0.0170782533 -0.00576462659 0.0121068784 0 0 0
nt@synapse_cleft 318 -0.0041910978 -5.00081745e-05 0.00930731215 0 0 0
nt@synapse_cleft 406 0.00757256956 0.00201841974 0.0181395954 0 0 0
nt@synapse_cleft 421 0.0169244673 -0.0101896264 0.00988214379 0 0 0
nt@synapse_cleft 429 0.0243075717 -0.0227133351 0.00468401303 0 0 0
nt@synapse_cleft 477 0.00596067162 -0.014669993 0.00561670513 0 0 0
nt@synapse_cleft 482 -0.0159404394 -0.00747406266 0.00394990808 0 0 0
nt@synapse_cleft 551 -0.00851426865 -0.000434551288 0.0183816791 0 0 0
nt@synapse_cleft 596 0.0239604668 -0.00955632135 0.0153711016 0 0 0
nt@synapse_cleft 620 -0.00871787194 0.00187676334 0.0110804565 0 0 0
nt@synapse_cleft 634 0.00305604184 0.015775094 0.0101609602 0 0 0
nt@synapse_cleft 645 -0.00766573335 0.0150279519 0.00722978309 0 0 0
nt@synapse_cleft 693 0.00142846313 0.00798718605 0.00364373631 0 0 0
nt@synapse_cleft 728 -0.004199965 -0.0105072452 0.00859148851 0 0 0
nt@synapse_cleft 750 -0.00944708309 0.0192088147 0.0023437774 0 0 0
nt@synapse_cleft 866 -0.00570287062 0.0219909904 0.0100974256 0 0 0
nt@synapse_cleft 904 -0.0295858609 -0.019893061 0.00260427707 0 0 0
nt@synapse_cleft 918 -0.0141153272 -0.00453427331 0.00295797095 0 0 0
nt@synapse_cleft 932 -0.000658926678 0.00191919377 0.0039742619 0 0 0
nt@synapse_cleft 938 -0.00834205638 0.0120568573 0.000725236123 0 0 0
nt@synapse_cleft 953 -0.00892275602 0.0103994457 0.00484313888 0 0 0
nt@synapse_cleft 978 -0.00865381303 0.00125382357 0.00166782292 0 0 0
nt@synapse_cleft 1048 0.0122976642 -0.00731858543 0.0126880983 0 0 0
nt@synapse_cleft 1080 -0.00172908094 -0.000917744847 0.000428515647 0 0 0
nt@synapse_cleft 1092 -0.0015173118 -0.00275666999 0.0144399378 0 0 0
nt@synapse_cleft 1144 -0.00549066851 0.00703081743 0.0012694468 0 0 0
nt@synapse_cleft 1152 -0.00897573737 0.0188485607 0.00147980757 0 0 0
nt@synapse_cleft 1167 0.0117830166 0.00172269583 0.000607595773 0 0 0
nt@synapse_cleft 1186 -0.00260015171 0.0310313128 0.0054532613 0 0 0
nt@synapse_cleft 1193 -0.0211956391 0.00212551169 0.00917943165 0 0 0
nt@synapse_cleft 1200 -0.00475129097 0.00235234892 0.000516067938 0 0 0
nt@synapse_cleft 1206 -0.0071816951 0.0087020532 0.00390281431 0 0 0
nt@synapse_cleft 1238 -0.0101701081 -0.00468774185 0.0146963299 0 0 0
nt@synapse_cleft 1252 -0.00103538228 -0.017820202 0.0159113794 0 0 0
nt@synapse_cleft 1302 -0.0138321552 0.0215426691 0.0054298841 0 0 0
nt@synapse_cleft 1326 0.0099919864 0.00817018408 0.0170356073 0 0 0
nt@synapse_cleft 1368 0.004481346 0.0088711713 0.0089740884 0 0 0
nt@synapse_cleft 1384 0.00319376075 0.00836118812 0.0188474534 0 0 0
nt@synapse_cleft 1442 -0.00360713673 -0.0031498799 0.00231338325 0 0 0
nt@synapse_cleft 1487 -0.00607207102 -0.01177955 0.00496460775 0 0 0
nt@synapse_cleft 1506 -0.0100729453 0.00541292427 0.00891933836 0 0 0
nt@synapse_cleft 1600 0.0186252423 -0.00598346565 0.0118670802 0 0 0
nt@synapse_cleft 1641 0.0126678625 0.000565273127 0.00317632734 0 0 0
nt@synapse_cleft 1675 -0.0161416902 0.00784170909 0.00161799369 0 0 0
nt@synapse_cleft 1686 -0.00777823426 -0.0112320284 0.0144376122 0 0 0
nt@synapse_cleft 1689 -0.0234206561 -0.0160762113 0.00142967729 0 0 0
nt@synapse_cleft 1707 -0.0149377087 -0.0157734048 0.00576803908 0 0 0
nt@synapse_cleft 1729 -0.00291297458 -0.00374496017 0.000546284428 0 0 0
nt@synapse_cleft 1768 0.00178104823 -0.00330903327 0.00804517439 0 0 0
nt@synapse_cleft 1815 -0.00445289771 -0.0159374004 0.00944606924 0 0 0
nt@synapse_cleft 1829 -0.00457571141 0.00615527394 0.00289657121 0 0 0
nt@synapse_cleft 1853 -0.0139340504 -0.0146455365 0.0190282202 0 0 0
nt@synapse_cleft 1885 -0.0130854494 0.0187826798 0.00265209969 0 0 0
nt@synapse_cleft 1896 -0.00731470409 0.01180061 0.00901394162 0 0 0
nt@synapse_cleft 1932 0.00860108615 0.00533633987 0.0126515084 0 0 0
nt@synapse_cleft 1973 0.0113114114 -0.00131631748 0.00800285015 0 0 0
nt@synapse_cleft 2104 -0.0120705899 0.000529262967 0.00846854623 0 0 0
nt@synapse_cleft 2218 -0.00504648243 0.0065168444 0.00918478712 0 0 0
nt@synapse_cleft 2223 0.00127213845 -0.0135121308 0.0182995865 0 0 0
nt@synapse_cleft 2254 -0.00747810243 0.000101547992 0.00395682947 0 0 0
nt@synapse_cleft 2279 -0.00235909002 0.0239246829 0.0109928726 0 0 0
nt@synapse_cleft 2284 -0.00370533073 -0.0114112531 0.0180586262 0 0 0
nt@synapse_cleft 2383 -0.0151228484 0.00955556463 0.0093632215 0 0 0
nt@synapse_cleft 2438 -0.0100785553 0.00963015285 0.00439007123 0 0 0
nt@synapse_cleft 2483 -0.0266024704 0.0234368135 0.00893124324 0 0 0
nt@synapse_cleft 2498 0.00266429671 0.00233416723 0.012882074 0 0 0
nt@synapse_cleft 2517 0.0161675294 -0.00363513565 0.00782152823 0 0 0
nt@synapse_cleft 2550 -0.00815766475 -0.0193701132 0.0155449617 0 0 0
nt@synapse_cleft 2564 -0.0128687597 -0.00967718635 0.00543107844 0 0 0
nt@synapse_cleft 2610 -0.0261937299 0.0125080431 0.00676874276 0 0 0
nt@synapse_cleft 2670 -0.0149517362 -0.0204780518 0.0184459865 0 0 0
nt@synapse_cleft 2680 -0.00885962734 0.0215655512 0.00338796107 0 0 0
nt@synapse_cleft 2798 -0.00212250697 0.0182475602 0.000248732768 0 0 0
nt@synapse_cleft 2863 0.0187940864 -0.0033097637 0.000934271525 0 0 0
nt@synapse_cleft 2876 -0.00848179294 0.0147725507 0.0165033899 0 0 0
nt@synapse_cleft 2983 0.00580004204 -0.0001081145 0.00395830282 0 0 0
nt@synapse_cleft 2993 0.0281912471 0.0146206692 0.00333037965 0 0 0
nt@synapse_cleft 3006 -0.00742115348 -0.0175984586 0.0155050409 0 0 0
nt@synapse_cleft 3019 0.000605937391 -0.0059286187 0.0118408566 0 0 0
nt@synapse_cleft 3073 -0.00929530329 -0.0116914578 0.0183092271 0 0 0
nt@synapse_cleft 3096 0.00734606671 0.0178342436 0.01654561 0 0 0
nt@synapse_cleft 3308 0.00901975997 0.0185929915 0.0129765331 0 0 0
nt@synapse_cleft 3367 -0.00135615429 0.00980187517 0.0135560167 0 0 0
nt@synapse_cleft 3413 0.0246028801 -0.00916342051 0.00787223408 0 0 0
nt@synapse_cleft 3445 -0.0343335023 -0.000587357402 0.0179066443 0 0 0
nt@synapse_cleft 3467 0.00157221383 0.00425116887 0.00612000048 0 0 0
nt@synapse_cleft 3563 -0.0255282228 0.00236747266 0.0116412015 0 0 0
nt@synapse_cleft 3611 0.00877567538 -0.0213601754 0.0159500841 0 0 0
nt@synapse_cleft 3616 0.0170504005 -0.0174170799 0.00568772261 0 0 0
nt@synapse_cleft 3661 -0.00665598201 0.0032306173 0.00504091042 0 0 0
nt@synapse_cleft 3693 -0.00046197282 -0.0113789064 1.65241376e-05 0 0 0
nt@synapse_cleft 3706 -0.00620420538 0.0102563827 0.0176640692 0 0 0
nt@synapse_cleft 3714 -0.019884402 -0.0114935114 0.000674412074 0 0 0
nt@synapse_cleft 3737 0.00820534091 0.014359302 0.0199188655 0 0 0
nt@synapse_cleft 3811 0.00333113695 0.0190083729 0.00886714197 0 0 0
nt@synapse_cleft 3834 -0.00653581917 -0.000565685326 0.00814032002 0 0 0
nt@synapse_cleft 3835 -0.0104617945 -0.0133471021 0.0142595742 0 0 0
nt@synapse_cleft 3902 0.0191084942 0.00166696011 0.0125764307 0 0 0
nt@synapse_cleft 3907 -0.0192387199 -0.023807095 0.00690682604 0 0 0
nt@synapse_cleft 3921 0.00348735944 -0.00732830567 0.0158995909 0 0 0
nt@synapse_cleft 3927 0.0257813518 0.00829476225 0.00917758832 0 0 0
nt@synapse_cleft 3973 0.0213558988 0.0155577013 0.00681265578 0 0 0
nt@synapse_cleft 3974 0.00319619363 -0.00125099495 0.0039640263 0 0 0
nt@synapse_cleft 3999 -0.0178469742 0.0131283481 0.000490631359 0 0 0
nt@synapse_cleft 4018 -0.0161643319 -0.0150002123 0.00454784552 0 0 0
nt@synapse_cleft 4037 0.00194672966 -0.0063027451 0.0110887984 0 0 0
nt@synapse_cleft 4106 -0.00843532177 -0.00163665566 0.00450573102 0 0 0
nt@synapse_cleft 4129 -0.00103806282 -0.0224454154 0.00505141067 0 0 0
nt@synapse_cleft 4187 -0.00874431239 0.00094109219 0.006615969 0 0 0
nt@synapse_cleft 4255 -0.0191862108 -0.00774346842 0.0103607036 0 0 0
nt@synapse_cleft 4381 -0.0187494101 -0.00676965489 0.00597921496 0 0 0
nt@synapse_cleft 4414 0.00200959339 -0.00606891993 0.00697582386 0 0 0
nt@synapse_cleft 4416 0.0183552454 0.0175218461 0.0107296124 0 0 0
nt@synapse_cleft 4464 -0.00300166086 0.0169644637 0.00514141443 0 0 0
nt@synapse_cleft 4485 -0.00453791318 0.00626797078 0.00642259631 0 0 0
nt@synapse_cleft 4700 0.000575883921 0.00202039425 0.00343613009 0 0 0
nt@synapse_cleft 4718 -0.0141428627 -0.0130915285 0.00638091055 0 0 0
nt@synapse_cleft 4839 -0.00862160284 -0.000112180122 0.0127550323 0 0 0
nt@synapse_cleft 4906 0.0216931823 -0.0245258917 0.0109290236 0 0 0
nt@synapse_cleft 4919 0.00175827224 0.00981375348 0.00854004652 0 0 0
nt@synapse_cleft 4981 -0.00959432734 -0.0113441891 0.00905259619 0 0 0
nt@synapse_cleft 5004 0.00524221592 0.0166824666 0.00322155055 0 0 0
nt@synapse_cleft 5006 -0.0199266958 -0.00798587565 0.0148331671 0 0 0
nt@synapse_cleft 5061 0.0088212992 0.00464578403 0.00171405296 0 0 0
nt@synapse_cleft 5145 0.0127321801 -0.00073173136 0.0098113619 0 0 0
nt@synapse_cleft 5159 -0.0078192572 -0.00836510741 0.00635882006 0 0 0
nt@synapse_cleft 5173 -7.33606099e-05 0.0270056063 0.0144989797 0 0 0
nt@synapse_cleft 5179 0.00907670837 0.0267797584 0.0189337678 0 0 0
