nt@synapse_cleft 26 0.0120198577 0.00981468532 0.0124885357 0 0 0
nt@synapse_cleft 89 0.00298048758 -0.00339690721 0.0101144189 0 0 0
nt@synapse_cleft 100 -0.00353549588 0.001049307 0.00502621576 0 0 0
nt@synapse_cleft 103 -0.018291225 -0.000426042331 0.00355963622 0 0 0
nt@synapse_cleft 150 -0.0122425565 0.00768574726 0.000532488331 0 0 0
nt@synapse_cleft 195 -0.00637302586 0.00240611324 0.00386609433 0 0 0
nt@synapse_cleft 284 0.0146668642 -0.0100803397 0.00640136237 0 0 0
nt@synapse_cleft 318 -0.000598930088 0.00278609323 0.00719104872 0 0 0
nt@synapse_cleft 406 0.00657599498 -0.00233551563 0.0180076261 0 0 0
nt@synapse_cleft 421 0.0172842393 -0.0147445217 0.00872204806 0 0 0
nt@synapse_cleft 429 0.0251695599 -0.0246039601 0.00743184606 0 0 0
nt@synapse_cleft 477 0.00507238186 -0.0112336828 0.00791561458 0 0 0
nt@synapse_cleft 479 -0.0174364508 0.0015922846 0.00537429478 0 0 0
nt@synapse_cleft 482 -0.0150455926 -0.00368176044 0.00217801225 0 0 0
nt@synapse_cleft 499 0.0127914308 -0.00905533553 2.93921098e-05 0 0 0
nt@synapse_cleft 536 -0.0236144679 0.0308077864 0.00100775445 0 0 0
nt@synapse_cleft 551 -0.0119549151 0.000967420677 0.0190227213 0 0 0
nt@synapse_cleft 596 0.0276848632 -0.0114392738 0.0179423572 0 0 0
nt@synapse_cleft 620 -0.00462618669 -0.00116429361 0.012205234 0 0 0
nt@synapse_cleft 634 -0.00819839615 0.0167866347 0.00758146298 0 0 0
nt@synapse_cleft 645 -0.00849195685 0.0162603179 0.00827123646 0 0 0
nt@synapse_cleft 693 0.00164714494 0.00837320303 0.00818545607 0 0 0
nt@synapse_cleft 728 -0.00439291226 -0.00618637499 0.0161748795 0 0 0
nt@synapse_cleft 750 -0.00893327858 0.0132117615 0.00366081748 0 0 0
nt@synapse_cleft 866 -0.00870493544 0.0226647215 0.00818154907 0 0 0
nt@synapse_cleft 904 -0.0229180322 -0.0163048645 0.00414850534 0 0 0
nt@synapse_cleft 913 -0.00412721336 -0.00444433909 0.00639804315 0 0 0
nt@synapse_cleft 918 -0.0184852839 -0.00592786398 0.00171190371 0 0 0
nt@synapse_cleft 932 -0.00492266632 -0.0024671043 0.00536199392 0 0 0
nt@synapse_cleft 938 -0.0158380645 0.0119788259 0.00436471427 0 0 0
nt@synapse_cleft 945 0.00534707569 0.0185360977 0.00733263755 0 0 0
nt@synapse_cleft 953 -0.00708601517 0.00926889572 0.00404963775 0 0 0
nt@synapse_cleft 978 -0.00442311783 0.00017569536 0.00422166319 0 0 0
nt@synapse_cleft 1002 -0.0159552174 -0.0144321455 0.00471274087 0 0 0
nt@synapse_cleft 1048 0.00399541992 -0.00750046008 0.013425733 0 0 0
nt@synapse_cleft 1080 0.00290722821 0.00394918488 0.00227285168 0 0 0
nt@synapse_cleft 1092 0.00142594254 0.000955128097 0.00870558821 0 0 0
nt@synapse_cleft 1144 -0.00258296375 0.00573119925 0.00338470664 0 0 0
nt@synapse_cleft 1152 -0.00452958633 0.0143611603 0.00348497345 0 0 0
nt@synapse_cleft 1167 0.00984451441 0.00245454596 0.00246781312 0 0 0
nt@synapse_cleft 1186 -0.00437011675 0.0242876931 0.00427675359 0 0 0
nt@synapse_cleft 1193 -0.0159259013 0.00182910753 0.00806292993 0 0 0
nt@synapse_cleft 1200 -0.00456006574 0.00680808104 0.00453217537 0 0 0
nt@synapse_cleft 1205 -0.0160167048 -0.00354957965 0.00243716341 0 0 0
nt@synapse_cleft 1206 -0.00378209955 0.00898321009 0.0024621573 0 0 0
nt@synapse_cleft 1238 -0.0120750911 -0.00959997925 0.0170122597 0 0 0
nt@synapse_cleft 1252 0.00478211168 -0.018617814 0.0155089087 0 0 0
nt@synapse_cleft 1302 -0.0149902826 0.0186070774 0.00994491409 0 0 0
nt@synapse_cleft 1326 0.00650074308 0.0116544986 0.0193132168 0 0 0
nt@synapse_cleft 1343 -0.011479726 0.00521486956 0.00860602589 0 0 0
nt@synapse_cleft 1368 0.00633218611 0.00779783123 0.0111092604 0 0 0
nt@synapse_cleft 1380 0.000701466908 -0.0229590094 0.0118724683 0 0 0
nt@synapse_cleft 1384 0.00422297296 0.00790731526 0.0190052194 0 0 0
nt@synapse_cleft 1416 -0.0184487356 -0.0124277927 0.0138622341 0 0 0
nt@synapse_cleft 1438 0.0174209874 -0.0123986994 0.0147992669 0 0 0
nt@synapse_cleft 1442 -0.00805544153 -0.00539074159 0.000175080059 0 0 0
nt@synapse_cleft 1446 0.0111915336 -0.00434222094 0.012784191 0 0 0
nt@synapse_cleft 1487 -0.00947000108 -0.010551617 0.00270623786 0 0 0
nt@synapse_cleft 1496 0.00712906124 -0.0101864796 0.00707974586 0 0 0
nt@synapse_cleft 1506 -0.0166109454 0.00240525935 0.00687459041 0 0 0
nt@synapse_cleft 1553 0.017980235 -0.0189426884 0.0173125795 0 0 0
nt@synapse_cleft 1600 0.0193496972 -0.00787087964 0.0121477155 0 0 0
nt@synapse_cleft 1641 0.00858179633 0.00318772737 9.62683544e-06 0 0 0
nt@synapse_cleft 1675 -0.0115387579 0.010856367 0.00337552178 0 0 0
nt@synapse_cleft 1686 0.000421716491 -0.00636016284 0.0186893023 0 0 0
nt@synapse_cleft 1689 -0.0244954096 -0.0178769348 0.00352170039 0 0 0
nt@synapse_cleft 1707 -0.0158879711 -0.0182116889 0.00587520913 0 0 0
nt@synapse_cleft 1729 -0.00403576187 -0.00790072925 0.00222885202 0 0 0
nt@synapse_cleft 1742 0.00138488201 -0.0167682164 0.00116066675 0 0 0
nt@synapse_cleft 1745 0.0168692034 -0.00209031962 0.000353070566 0 0 0
nt@synapse_cleft 1746 -0.0233708202 -0.0149590159 0.0061383683 0 0 0
nt@synapse_cleft 1768 -0.00606767665 -0.00330582091 0.00928131222 0 0 0
nt@synapse_cleft 1781 -0.00915943135 -0.00785822011 0.00268722472 0 0 0
nt@synapse_cleft 1815 0.000171748144 -0.0109125025 0.0139350766 0 0 0
nt@synapse_cleft 1829 -0.00164364313 0.00502950795 0.00175205436 0 0 0
nt@synapse_cleft 1853 -0.0113334352 -0.0119718081 0.0187725394 0 0 0
nt@synapse_cleft 1885 -0.0146182136 0.0155718384 0.00174613733 0 0 0
nt@synapse_cleft 1896 -0.000213770872 0.00599044101 0.0103003996 0 0 0
nt@synapse_cleft 1932 0.00956498991 0.00450802606 0.013710907 0 0 0
nt@synapse_cleft 1961 -0.0185043197 -0.00978721132 0.00840603903 0 0 0
nt@synapse_cleft 1973 0.00563272428 -0.00243666926 0.00288105746 0 0 0
nt@synapse_cleft 1990 -0.0281316281 -0.0101034683 0.0110082486 0 0 0
nt@synapse_cleft 2014 -0.0261325543 0.00566701827 0.0021686852 0 0 0
nt@synapse_cleft 2064 -0.00452167249 0.00231791825 0.0085550164 0 0 0
nt@synapse_cleft 2104 -0.0150006308 0.000122039524 0.010922056 0 0 0
nt@synapse_cleft 2127 0.00627378265 -0.0122242424 0.0169569445 0 0 0
nt@synapse_cleft 2137 -0.00124375221 -0.0232638638 0.0105114631 0 0 0
nt@synapse_cleft 2218 -0.00268895808 0.0070733391 0.00488895995 0 0 0
nt@synapse_cleft 2223 -0.00216565625 -0.00974945752 0.0141442917 0 0 0
nt@synapse_cleft 2254 -0.0149410291 0.00710489576 0.00687881263 0 0 0
nt@synapse_cleft 2279 0.00119532566 0.0133120185 0.00845260359 0 0 0
nt@synapse_cleft 2284 0.00215491843 -0.0147614547 0.0189481038 0 0 0
nt@synapse_cleft 2314 -0.00469410969 -0.00100058942 0.00903649781 0 0 0
nt@synapse_cleft 2383 -0.0116364534 0.010778938 0.00019409635 0 0 0
nt@synapse_cleft 2421 -0.0280398209 0.0148500012 0.0157571373 0 0 0
nt@synapse_cleft 2438 -0.0136607661 0.00898835051 0.00568063957 0 0 0
nt@synapse_cleft 2483 -0.0266308057 0.021280556 0.00920375648 0 0 0
nt@synapse_cleft 2491 0.0015573863 -0.00113033853 0.0105044756 0 0 0
nt@synapse_cleft 2498 -0.00123944949 0.00552229534 0.01334769 0 0 0
nt@synapse_cleft 2513 -0.0101212949 -0.0100824797 0.0072009883 0 0 0
nt@synapse_cleft 2517 0.0155546211 -0.00735092744 0.00780164449 0 0 0
nt@synapse_cleft 2550 -0.00858776016 -0.0237568737 0.0180287876 0 0 0
nt@synapse_cleft 2564 -0.0125439762 -0.012146833 0.000330432842 0 0 0
nt@synapse_cleft 2570 0.0279984113 0.00956211193 0.00949875403 0 0 0
nt@synapse_cleft 2610 -0.0142061781 0.0096778758 0.0019173752 0 0 0
nt@synapse_cleft 2628 0.0127147447 -0.00123003419 0.0182389191 0 0 0
nt@synapse_cleft 2670 -0.0119938437 -0.0158076847 0.0161314285 0 0 0
nt@synapse_cleft 2680 -0.00684090252 0.0255072217 0.00188475543 0 0 0
nt@synapse_cleft 2702 -0.0119461568 -0.000206895571 0.0147203224 0 0 0
nt@synapse_cleft 2798 0.00498737788 0.0188966158 0.00177276536 0 0 0
nt@synapse_cleft 2863 0.018413945 -0.00702188975 0.00222624837 0 0 0
nt@synapse_cleft 2876 -0.0153615239 0.0168097666 0.0199142433 0 0 0
nt@synapse_cleft 2940 -0.0114141166 -0.00373844978 0.0191649803 0 0 0
nt@synapse_cleft 2983 0.00688690374 0.00181327658 0.00835172302 0 0 0
nt@synapse_cleft 2993 0.0264864191 0.0127971974 0.00234288822 0 0 0
nt@synapse_cleft 3006 -0.00594931859 -0.0124112643 0.0105020801 0 0 0
nt@synapse_cleft 3019 0.00616353235 -0.00642698073 0.0136150172 0 0 0
nt@synapse_cleft 3042 0.00875327011 0.0220921999 0.0142250046 0 0 0
nt@synapse_cleft 3047 -0.00359642533 -0.0110601706 0.00309492479 0 0 0
nt@synapse_cleft 3073 -0.00501301009 -0.0110589681 0.0191565252 0 0 0
nt@synapse_cleft 3096 0.00961074857 0.0124291607 0.0164789185 0 0 0
nt@synapse_cleft 3222 0.00477246762 -0.0301505412 0.00335175983 0 0 0
nt@synapse_cleft 3308 0.00674680951 0.0109169179 0.0145604281 0 0 0
nt@synapse_cleft 3367 0.00201006958 0.00526210221 0.00594068562 0 0 0
nt@synapse_cleft 3402 -0.0343792641 -0.00762719997 0.00900665389 0 0 0
nt@synapse_cleft 3413 0.0223417805 -0.00677442289 0.010505175 0 0 0
nt@synapse_cleft 3419 0.004254977 0.0093389241 0.0188578698 0 0 0
nt@synapse_cleft 3445 -0.0349361542 0.00592792557 0.0141953348 0 0 0
nt@synapse_cleft 3467 -0.000350622983 0.00167175669 0.00166544695 0 0 0
nt@synapse_cleft 3484 -0.0037588957 -0.00755646173 0.00987391625 0 0 0
nt@synapse_cleft 3542 -0.000630020247 0.000663900393 0.0137284453 0 0 0
nt@synapse_cleft 3563 -0.0223776959 0.00230397689 0.010387389 0 0 0
nt@synapse_cleft 3566 -0.00258032719 -0.00399342341 0.00647913241 0 0 0
nt@synapse_cleft 3576 0.000625227392 0.00891183788 0.00838481413 0 0 0
nt@synapse_cleft 3611 0.00168140464 -0.0266825823 0.0144178933 0 0 0
nt@synapse_cleft 3616 0.0159116929 -0.0158355734 0.010681599 0 0 0
nt@synapse_cleft 3625 -0.000609578462 0.000634306941 0.0110068554 0 0 0
nt@synapse_cleft 3645 0.000276963885 -0.00733945118 0.0134283178 0 0 0
nt@synapse_cleft 3661 -0.0044929279 -0.00590197388 0.00575425078 0 0 0
nt@synapse_cleft 3693 0.00331861216 -0.0131595463 0.00468165487 0 0 0
nt@synapse_cleft 3706 -0.00762658178 0.00840722488 0.0166483555 0 0 0
nt@synapse_cleft 3714 -0.0203292477 -0.00915384021 0.0057587874 0 0 0
nt@synapse_cleft 3737 0.00308634657 0.0144761837 0.0149922204 0 0 0
nt@synapse_cleft 3800 -0.0106782801 -0.00346547214 0.0195976329 0 0 0
nt@synapse_cleft 3811 0.00796797311 0.0155145992 0.00617495646 0 0 0
nt@synapse_cleft 3834 -0.00686235772 -0.00429794555 0.00811335817 0 0 0
nt@synapse_cleft 3835 -0.0104415366 -0.0112713984 0.0122115098 0 0 0
nt@synapse_cleft 3886 -0.00112115022 0.0116029433 0.0174147847 0 0 0
nt@synapse_cleft 3902 0.0175377124 -0.000339269383 0.00885649785 0 0 0
nt@synapse_cleft 3907 -0.014851313 -0.0235490723 0.012366937 0 0 0
nt@synapse_cleft 3921 0.00684097462 -0.000841106031 0.0173825803 0 0 0
nt@synapse_cleft 3927 0.0230174523 0.00628552518 0.0121813149 0 0 0
nt@synapse_cleft 3973 0.0183389706 0.0127838326 0.00164333235 0 0 0
nt@synapse_cleft 3974 -0.000790347173 -0.00404293168 0.00717292626 0 0 0
nt@synapse_cleft 3999 -0.023787648 0.00905999455 0.00105017785 0 0 0
nt@synapse_cleft 4018 -0.0255401774 -0.0172771434 0.00593743321 0 0 0
nt@synapse_cleft 4037 0.00479519304 0.000340836023 0.00521169898 0 0 0
nt@synapse_cleft 4049 -0.000344354262 0.00343484359 0.00205445576 0 0 0
nt@synapse_cleft 4103 0.00818389992 -0.0200745909 0.00400906853 0 0 0
nt@synapse_cleft 4106 -0.00807039125 0.00739546174 0.00400813579 0 0 0
nt@synapse_cleft 4119 0.0121745853 -0.00597290326 0.00605456127 0 0 0
nt@synapse_cleft 4129 -0.00166122025 -0.0164763861 0.00753620362 0 0 0
nt@synapse_cleft 4163 -0.0117478462 -0.0130523983 0.00907665823 0 0 0
nt@synapse_cleft 4187 0.000299197287 -0.00163554878 0.00366594471 0 0 0
nt@synapse_cleft 4220 0.0152285217 -0.00884127429 0.016474144 0 0 0
nt@synapse_cleft 4252 -0.0168155493 0.00209691816 0.0159658849 0 0 0
nt@synapse_cleft 4255 -0.0186608804 -0.0065236656 0.0120288111 0 0 0
nt@synapse_cleft 4381 -0.0130355654 -0.00542288072 0.00827603706 0 0 0
nt@synapse_cleft 4386 0.00318485854 -0.0248899471 0.00930231407 0 0 0
nt@synapse_cleft 4414 0.00240696745 -0.00699987993 0.0062197804 0 0 0
nt@synapse_cleft 4416 0.0130457673 0.0126453967 0.00650950583 0 0 0
nt@synapse_cleft 4464 -0.00152789703 0.0159874738 0.00448178113 0 0 0
nt@synapse_cleft 4485 -0.00730171807 0.0139877692 0.00511902952 0 0 0
nt@synapse_cleft 4700 0.00629092797 0.00663922556 0.00435769879 0 0 0
nt@synapse_cleft 4709 -0.000223819395 -0.00884370516 0.0112632127 0 0 0
nt@synapse_cleft 4718 -0.0117444714 -0.0155447431 0.00937533624 0 0 0
nt@synapse_cleft 4801 -0.00782641831 -0.00875317205 0.0110520068 0 0 0
nt@synapse_cleft 4829 0.0169580338 0.00361411964 0.00852290661 0 0 0
nt@synapse_cleft 4839 -0.0122338454 0.00311883596 0.00903692914 0 0 0
nt@synapse_cleft 4906 0.0124682111 -0.0188394957 0.0154796293 0 0 0
nt@synapse_cleft 4919 0.00435457533 0.00660597593 0.00684373012 0 0 0
nt@synapse_cleft 4981 -0.00568533483 -0.00853413394 0.013904986 0 0 0
nt@synapse_cleft 4982 -0.00914135942 -0.00406748284 0.015515621 0 0 0
nt@synapse_cleft 5004 0.00563471037 0.0153283565 0.0034690944 0 0 0
nt@synapse_cleft 5006 -0.0208976388 -0.0112258994 0.0145309754 0 0 0
nt@synapse_cleft 5061 0.0100432566 0.00202959276 0.00322267316 0 0 0
nt@synapse_cleft 5145 0.013694265 -0.00511827181 0.00865639462 0 0 0
nt@synapse_cleft 5159 -0.00979262715 -0.0116922148 0.000588363573 0 0 0
nt@synapse_cleft 5164 -0.00258481766 0.00828672694 0.0199513666 0 0 0
nt@synapse_cleft 5173 -0.00093120974 0.0249373059 0.0148943395 0 0 0
nt@synapse_cleft 5179 0.00656360881 0.0278303003 0.0162277808 0 0 0
