nt@synapse_cleft 0 -0.00169467643 0.00712540021 0.0096885679 0 0 0
nt@synapse_cleft 2 -0.00781431246 0.0111762772 0.0085880796 0 0 0
nt@synapse_cleft 7 -0.00215168566 -0.00927129075 0.00783445162 0 0 0
nt@synapse_cleft 9 0.0116505001 -0.00305703404 0.00768349133 0 0 0
nt@synapse_cleft 12 0.0114317561 0.0167245671 0.000869492672 0 0 0
nt@synapse_cleft 15 -0.0120441992 -0.00852002556 0.00403063284 0 0 0
nt@synapse_cleft 17 0.00366411795 -0.00252059857 0.00226796137 0 0 0
nt@synapse_cleft 26 0.00911224 0.00914144923 0.00879585801 0 0 0
nt@synapse_cleft 35 -0.0270694199 -0.00734953251 0.00449244472 0 0 0
nt@synapse_cleft 45 -0.000899569797 0.00574834688 0.0175391127 0 0 0
nt@synapse_cleft 54 -0.00246359321 -0.00299216267 0.00635104702 0 0 0
nt@synapse_cleft 89 0.0114610197 -0.00456862794 0.00461423939 0 0 0
nt@synapse_cleft 100 -0.00200580001 0.00259144788 0.00596783715 0 0 0
nt@synapse_cleft 103 -0.0114599036 0.00478018658 0.0128453581 0 0 0
nt@synapse_cleft 111 0.0010942152 0.00854459012 0.0107319334 0 0 0
nt@synapse_cleft 114 0.0085790674 -0.00321958648 0.00478103648 0 0 0
nt@synapse_cleft 115 -0.0118042256 0.00972768128 0.0135360121 0 0 0
nt@synapse_cleft 150 -0.0154584886 0.00346355147 0.00214425111 0 0 0
nt@synapse_cleft 167 -0.00741859412 -0.011103139 0.00766907124 0 0 0
nt@synapse_cleft 188 -0.00889673729 0.00692083332 0.00473974299 0 0 0
nt@synapse_cleft 194 0.00347971274 -0.00397033775 0.00503580523 0 0 0
nt@synapse_cleft 195 -0.0026860114 -0.00347614928 0.00117983583 0 0 0
nt@synapse_cleft 199 0.00306060776 -0.00379460913 0.00242404958 0 0 0
nt@synapse_cleft 206 -0.00357330813 -0.0172799524 0.00737737947 0 0 0
nt@synapse_cleft 231 -0.00698306657 -0.00106448619 0.00470845766 0 0 0
nt@synapse_cleft 235 0.0158108987 -0.0006861033 0.00294650948 0 0 0
nt@synapse_cleft 244 0.00626484287 0.00508811534 0.0107949965 0 0 0
nt@synapse_cleft 248 0.0116816151 -0.00200755042 0.00127767444 0 0 0
nt@synapse_cleft 256 -0.000711144672 -0.00440345488 0.00174769969 0 0 0
nt@synapse_cleft 284 0.00776482577 -0.00952001864 0.00626993586 0 0 0
nt@synapse_cleft 307 0.00773209487 -0.00771781996 0.00348930355 0 0 0
nt@synapse_cleft 318 0.00238772962 -0.00332249452 0.00530445757 0 0 0
nt@synapse_cleft 321 0.0116709668 -0.00143060245 0.0119720807 0 0 0
nt@synapse_cleft 325 -0.00863850175 0.000760730583 0.00686646383 0 0 0
nt@synapse_cleft 347 -0.00855109126 0.00492751091 0.00688422358 0 0 0
nt@synapse_cleft 348 -0.00792167267 0.000673442636 0.00423419539 0 0 0
nt@synapse_cleft 350 0.0145799468 0.00169653862 0.00212379275 0 0 0
nt@synapse_cleft 361 -0.000340091384 -0.0169872121 0.00551069697 0 0 0
nt@synapse_cleft 376 0.00905474195 -0.0045684948 0.0143334146 0 0 0
nt@synapse_cleft 385 0.00122262318 0.00142006604 0.00806661015 0 0 0
nt@synapse_cleft 406 0.00563695383 -0.00442697121 0.0194298519 0 0 0
nt@synapse_cleft 421 0.0168613442 -0.014043517 0.0189461884 0 0 0
nt@synapse_cleft 426 -0.00176713536 -0.000361205159 0.00782380377 0 0 0
nt@synapse_cleft 429 0.0192242907 -0.00915588584 0.0133427695 0 0 0
nt@synapse_cleft 444 -0.0102782826 4.71540094e-05 0.00960413433 0 0 0
nt@synapse_cleft 449 -0.014917631 0.00404433171 0.00288170106 0 0 0
nt@synapse_cleft 452 0.00755457963 -0.0092204915 0.00596319857 0 0 0
nt@synapse_cleft 455 0.00617419831 -0.0118773417 0.00364563482 0 0 0
nt@synapse_cleft 477 0.0118317715 -0.00855555499 0.0148830083 0 0 0
nt@synapse_cleft 479 -0.0148706611 0.00296310907 0.00118255129 0 0 0
nt@synapse_cleft 482 -0.0140178582 0.00616044002 0.000587675677 0 0 0
nt@synapse_cleft 499 0.0107366721 0.000752481323 0.00452093638 0 0 0
nt@synapse_cleft 510 0.00202346109 0.0109687505 0.0022738621 0 0 0
nt@synapse_cleft 522 -0.00374897726 0.0044392514 0.00203940056 0 0 0
nt@synapse_cleft 524 0.00118347175 0.000671514329 0.0136127274 0 0 0
nt@synapse_cleft 536 -0.0187091699 0.0183861862 0.0134077498 0 0 0
nt@synapse_cleft 544 -0.00884175132 0.00638158781 0.0100489776 0 0 0
nt@synapse_cleft 549 -0.00564249275 0.0187434103 0.0101799941 0 0 0
nt@synapse_cleft 551 -0.00719691311 0.00388039674 0.0182575928 0 0 0
nt@synapse_cleft 558 0.000915315479 0.00222120383 0.0033980493 0 0 0
nt@synapse_cleft 563 -0.00222255221 0.00971070498 0.00909254329 0 0 0
nt@synapse_cleft 575 0.018881078 0.00126870247 0.00590503588 0 0 0
nt@synapse_cleft 591 0.0147354984 0.0113898961 0.00964498621 0 0 0
nt@synapse_cleft 596 0.0191380436 -0.0216060572 0.0114057454 0 0 0
nt@synapse_cleft 598 0.0024631933 -0.00363740249 0.00915962112 0 0 0
nt@synapse_cleft 620 -0.000179132197 0.0120103055 0.0133551239 0 0 0
nt@synapse_cleft 627 0.016659266 0.000708734566 0.0053467614 0 0 0
nt@synapse_cleft 633 0.00159930773 0.00143527047 0.00819579471 0 0 0
nt@synapse_cleft 634 -0.0109943865 0.00555644535 0.000926984315 0 0 0
nt@synapse_cleft 645 -0.0036778943 0.00706898038 0.00803749492 0 0 0
nt@synapse_cleft 661 0.00166862588 0.00324420977 0.00289126269 0 0 0
nt@synapse_cleft 664 0.00264825833 -0.00130750083 0.0154996816 0 0 0
nt@synapse_cleft 678 -0.00616295475 -0.00726424723 0.00307147169 0 0 0
nt@synapse_cleft 681 0.0155723606 0.000946949612 0.0194733155 0 0 0
nt@synapse_cleft 693 0.00198501808 0.00948128419 0.00400323574 0 0 0
nt@synapse_cleft 698 -0.00140134278 -0.00238843243 0.00156660452 0 0 0
nt@synapse_cleft 699 -0.0069009402 -0.00124920228 0.0122668516 0 0 0
nt@synapse_cleft 712 -0.00830432013 -0.0105972873 0.00599376381 0 0 0
nt@synapse_cleft 721 -0.0134931884 -0.00124546561 0.00894699355 0 0 0
nt@synapse_cleft 726 -0.0175126484 -0.00158896405 0.0138994093 0 0 0
nt@synapse_cleft 727 0.00239515283 0.0218993619 0.00768617272 0 0 0
nt@synapse_cleft 728 -0.00320844061 0.00052289646 0.00921302457 0 0 0
nt@synapse_cleft 732 0.0104232412 -0.00625828907 0.00191780336 0 0 0
nt@synapse_cleft 735 0.00123461423 -0.00713385949 0.00015089742 0 0 0
nt@synapse_cleft 741 -0.00664275215 0.00500761397 0.00775233473 0 0 0
nt@synapse_cleft 750 -0.00288447745 0.00224746607 0.00432338431 0 0 0
nt@synapse_cleft 754 -0.0179980558 -0.00094156719 0.000392548333 0 0 0
nt@synapse_cleft 760 -0.00239009869 -0.00238348832 0.00177746368 0 0 0
nt@synapse_cleft 765 -0.000750906634 -0.0081298894 0.00260999863 0 0 0
nt@synapse_cleft 768 0.00415109996 -0.00389192786 0.00337654226 0 0 0
nt@synapse_cleft 769 -0.0176246431 -0.00349137705 0.0142785798 0 0 0
nt@synapse_cleft 779 -0.0129338655 0.0150477484 0.0118976828 0 0 0
nt@synapse_cleft 797 -0.0108732203 0.00248664472 0.00179308314 0 0 0
nt@synapse_cleft 816 0.0104497588 0.00528213327 0.00625180659 0 0 0
nt@synapse_cleft 831 -0.00885999945 -0.0103194029 0.0012311702 0 0 0
nt@synapse_cleft 833 -0.00489098231 0.00548127293 0.00217288454 0 0 0
nt@synapse_cleft 837 0.00111655202 0.000678562091 0.018626264 0 0 0
nt@synapse_cleft 844 0.00859916157 -0.0057318301 0.00252598802 0 0 0
nt@synapse_cleft 847 0.00303150292 0.000144795074 0.0107988442 0 0 0
nt@synapse_cleft 866 -0.00318232918 0.0185823508 0.00735623811 0 0 0
nt@synapse_cleft 877 -0.000151285689 -0.00534172633 0.0141835585 0 0 0
nt@synapse_cleft 884 0.00789734938 0.000623095291 0.014376025 0 0 0
nt@synapse_cleft 904 -0.00352901494 -0.00998814729 0.0100404536 0 0 0
nt@synapse_cleft 908 0.010381792 0.00207970521 0.00756451409 0 0 0
nt@synapse_cleft 913 -0.000890581673 0.000878458164 0.00207489006 0 0 0
nt@synapse_cleft 918 -0.0187496405 0.00208197871 0.0106057309 0 0 0
nt@synapse_cleft 932 -0.00105628727 -0.00852086493 0.00750316696 0 0 0
nt@synapse_cleft 938 -0.00948745079 0.00195212045 0.00490585362 0 0 0
nt@synapse_cleft 940 0.00890537418 -0.00267826155 0.00511701741 0 0 0
nt@synapse_cleft 942 0.0129900627 -0.00398197345 0.00261265098 0 0 0
nt@synapse_cleft 944 -0.00292628152 0.00101616266 0.00167357205 0 0 0
nt@synapse_cleft 945 0.00394110515 0.00111069132 0.00104607119 0 0 0
nt@synapse_cleft 947 0.00270804396 0.0074827023 0.00431426751 0 0 0
nt@synapse_cleft 953 -0.0065306525 0.0100680386 0.00590147367 0 0 0
nt@synapse_cleft 961 0.0060938605 -0.0143137239 0.0054356876 0 0 0
nt@synapse_cleft 978 -0.00323612504 0.00390658143 0.00102761924 0 0 0
nt@synapse_cleft 998 -0.00222775173 0.0137878011 0.00416218713 0 0 0
nt@synapse_cleft 1002 -0.0157532802 -0.01272897 0.00251653103 0 0 0
nt@synapse_cleft 1013 0.00881289938 -0.0121671138 0.00347090288 0 0 0
nt@synapse_cleft 1018 0.0019965003 -0.00541008033 0.00768886525 0 0 0
nt@synapse_cleft 1027 0.0159443571 -0.00940098902 0.000432090548 0 0 0
nt@synapse_cleft 1035 0.0108395402 0.00647267968 0.00367555335 0 0 0
nt@synapse_cleft 1048 0.00464641048 -0.00433582841 0.00776452459 0 0 0
nt@synapse_cleft 1080 -0.000282534754 0.0049865063 0.00260423311 0 0 0
nt@synapse_cleft 1092 -0.00255370088 0.00702484824 0.00953344321 0 0 0
nt@synapse_cleft 1107 -0.000799445488 0.0209198182 0.00552839628 0 0 0
nt@synapse_cleft 1113 -0.0153240974 0.00191089802 0.00625909691 0 0 0
nt@synapse_cleft 1114 -0.00950109337 -0.00760741844 0.00407789073 0 0 0
nt@synapse_cleft 1130 -0.00931001082 -0.00472841763 0.00552008795 0 0 0
nt@synapse_cleft 1136 0.00809366305 -0.00447283938 0.00880245686 0 0 0
nt@synapse_cleft 1144 -0.00745941954 -0.00791735168 0.00369191452 0 0 0
nt@synapse_cleft 1145 0.00835422689 1.94577346e-05 0.0100831578 0 0 0
nt@synapse_cleft 1152 -0.00088039457 0.0158046802 0.0105625638 0 0 0
nt@synapse_cleft 1165 -0.00280774854 0.0137535016 0.00578721231 0 0 0
nt@synapse_cleft 1167 0.00649150265 -0.00434500058 0.00417976319 0 0 0
nt@synapse_cleft 1172 0.00836812571 -0.00354197771 0.00231528669 0 0 0
nt@synapse_cleft 1177 0.0051584388 0.0014044161 0.00677878814 0 0 0
nt@synapse_cleft 1186 -0.00604387547 0.0256778514 0.00119094274 0 0 0
nt@synapse_cleft 1193 -0.00243220829 -0.00484019326 0.0132557798 0 0 0
nt@synapse_cleft 1200 -0.00860547473 0.000479062202 0.00289582183 0 0 0
nt@synapse_cleft 1203 -0.0060876541 0.00812642543 0.00776273197 0 0 0
nt@synapse_cleft 1204 0.00617226468 0.00574394925 0.000383916652 0 0 0
nt@synapse_cleft 1205 -0.0161570008 0.00402702122 0.00834593238 0 0 0
nt@synapse_cleft 1206 -0.0071948198 0.000153583054 0.00584108504 0 0 0
nt@synapse_cleft 1238 0.00258928865 -0.00872969394 0.0115434905 0 0 0
nt@synapse_cleft 1252 -0.00231723037 -0.015754312 0.0153689771 0 0 0
nt@synapse_cleft 1270 -0.014144968 0.00207778261 0.00763566094 0 0 0
nt@synapse_cleft 1289 -0.00321997842 0.00485120964 0.0178577349 0 0 0
nt@synapse_cleft 1298 -0.00733653835 -0.00708603739 0.00668634454 0 0 0
nt@synapse_cleft 1302 -0.00284160851 0.0136332297 0.00285023996 0 0 0
nt@synapse_cleft 1311 0.00705130634 -0.00015345802 0.0050254579 0 0 0
nt@synapse_cleft 1326 0.00604714023 0.0192604333 0.0159227748 0 0 0
nt@synapse_cleft 1343 -0.00783459411 0.00852562607 0.000410234722 0 0 0
nt@synapse_cleft 1349 -0.00507746097 0.00555960663 0.00132831342 0 0 0
nt@synapse_cleft 1368 -0.00295736332 0.00771528734 0.00787606512 0 0 0
nt@synapse_cleft 1372 -0.00226770922 0.00256980946 0.0115069735 0 0 0
nt@synapse_cleft 1380 -0.000910525889 -0.0126854358 0.00745803186 0 0 0
nt@synapse_cleft 1384 0.00991193457 9.17587939e-05 0.0118264851 0 0 0
nt@synapse_cleft 1400 -0.0105080196 0.00328368427 0.00393881283 0 0 0
nt@synapse_cleft 1403 -0.0245478472 0.00872656016 0.00671585563 0 0 0
nt@synapse_cleft 1408 -0.0189937236 0.0244920383 0.0101331238 0 0 0
nt@synapse_cleft 1416 -0.00828297595 -0.00947146427 0.00741401468 0 0 0
nt@synapse_cleft 1419 -0.00582104951 -0.00160621899 0.0139162421 0 0 0
nt@synapse_cleft 1425 0.00778338343 0.00505486036 0.0142240641 0 0 0
nt@synapse_cleft 1427 -0.000541552752 -0.000888779364 0.00846997706 0 0 0
nt@synapse_cleft 1438 0.00873759711 -0.00781017034 0.012553679 0 0 0
nt@synapse_cleft 1440 0.00393524407 0.00661898365 0.000529070686 0 0 0
nt@synapse_cleft 1442 -0.0135840985 -0.00178334948 0.00163210589 0 0 0
nt@synapse_cleft 1444 -0.0115979436 -0.000424021594 0.00319228924 0 0 0
nt@synapse_cleft 1446 0.00352395416 -0.00341391971 0.012144201 0 0 0
nt@synapse_cleft 1452 -0.000219949565 -0.0161457074 0.0194150802 0 0 0
nt@synapse_cleft 1455 0.0161773207 -0.00388461323 0.00404542671 0 0 0
nt@synapse_cleft 1470 -0.0092190951 -0.0053418287 0.011467356 0 0 0
nt@synapse_cleft 1472 0.00287073285 -0.00442222187 0.00303439012 0 0 0
nt@synapse_cleft 1481 0.00222727739 0.00940562188 0.0105456981 0 0 0
nt@synapse_cleft 1487 0.00482751178 -0.00830489457 0.00298570705 0 0 0
nt@synapse_cleft 1488 -0.00939965539 0.0031796466 0.0131016656 0 0 0
nt@synapse_cleft 1496 0.00607361395 -0.00399882671 0.00116095411 0 0 0
nt@synapse_cleft 1506 -0.00963814582 0.00196070248 0.0156313614 0 0 0
nt@synapse_cleft 1508 -0.0114443795 0.00167648604 0.00280966399 0 0 0
nt@synapse_cleft 1512 0.0152363136 0.00197487491 0.00798024999 0 0 0
nt@synapse_cleft 1527 -0.0186712569 -0.0159764008 0.00780288911 0 0 0
nt@synapse_cleft 1528 0.00224525334 -0.00165591122 0.00084595282 0 0 0
nt@synapse_cleft 1531 5.08591032e-05 -0.00291638612 0.010351333 0 0 0
nt@synapse_cleft 1538 -0.000432959718 -0.0113428592 0.00143352972 0 0 0
nt@synapse_cleft 1542 0.00650461177 0.000405283134 0.0142973593 0 0 0
nt@synapse_cleft 1553 0.00637670014 -0.0183396546 0.0191115053 0 0 0
nt@synapse_cleft 1565 -0.0041642466 0.00130310825 0.0102072046 0 0 0
nt@synapse_cleft 1571 -0.0137208376 0.0139133805 0.00325992814 0 0 0
nt@synapse_cleft 1573 0.00407941058 0.00922254377 0.0110735287 0 0 0
nt@synapse_cleft 1600 0.0137341497 -0.00590840875 0.00879556394 0 0 0
nt@synapse_cleft 1605 -0.000485138619 -0.0059516871 0.0142932608 0 0 0
nt@synapse_cleft 1606 -0.0178623586 0.00740121294 0.00264906119 0 0 0
nt@synapse_cleft 1611 -0.00116312543 -0.00254689332 0.00562210966 0 0 0
nt@synapse_cleft 1617 0.00744195586 0.0129122889 0.0126809889 0 0 0
nt@synapse_cleft 1628 0.0012228791 -0.00155570759 0.0142047656 0 0 0
nt@synapse_cleft 1641 -0.00193669347 0.0023063602 0.000552996899 0 0 0
nt@synapse_cleft 1675 -0.00140985248 0.00704652757 0.0149027604 0 0 0
nt@synapse_cleft 1678 0.0146487694 -0.00621443823 0.00442438551 0 0 0
nt@synapse_cleft 1681 -0.00484581367 0.000120579101 0.00202064797 0 0 0
nt@synapse_cleft 1686 0.00194705942 0.000411291522 0.0179866585 0 0 0
nt@synapse_cleft 1687 -0.0137948774 0.00217912004 0.00809206937 0 0 0
nt@synapse_cleft 1689 -0.0227312081 -0.0103401236 0.00194929679 0 0 0
nt@synapse_cleft 1692 0.00508537482 -0.000707320984 0.0106572859 0 0 0
nt@synapse_cleft 1695 0.00793995061 -0.0105655553 0.0123636105 0 0 0
nt@synapse_cleft 1701 -0.00025203957 -0.0134793772 0.00115975062 0 0 0
nt@synapse_cleft 1707 -0.0102822618 -0.0085752846 0.00564454191 0 0 0
nt@synapse_cleft 1715 -0.0105958316 0.000867563879 0.00102283431 0 0 0
nt@synapse_cleft 1721 -0.0208394116 -0.0170089769 0.00388878154 0 0 0
nt@synapse_cleft 1729 -0.00551819719 -0.00651235001 0.0101749672 0 0 0
nt@synapse_cleft 1742 0.00371766561 -0.0111137038 0.00707452908 0 0 0
nt@synapse_cleft 1743 0.00406426215 -0.00500788931 0.00875639566 0 0 0
nt@synapse_cleft 1745 -0.000494349228 0.00536543171 0.0014662692 0 0 0
nt@synapse_cleft 1746 -0.0184090287 -0.0237712682 0.0118769677 0 0 0
nt@synapse_cleft 1751 -0.00970432238 -0.0100498364 0.00751529383 0 0 0
nt@synapse_cleft 1759 -0.000181498412 -0.00389714899 0.00109464285 0 0 0
nt@synapse_cleft 1762 -0.0117112385 0.0153615954 0.0105010275 0 0 0
nt@synapse_cleft 1768 -0.00146569091 -0.00160859362 0.00407236136 0 0 0
nt@synapse_cleft 1775 0.0118430475 -0.00958431531 0.0090619913 0 0 0
nt@synapse_cleft 1781 -0.000606750474 -0.00334921401 0.00989610028 0 0 0
nt@synapse_cleft 1793 -0.00997330898 0.00203896538 0.00768388171 0 0 0
nt@synapse_cleft 1804 0.024755694 0.00794785992 0.00909955729 0 0 0
nt@synapse_cleft 1815 0.00529019838 -0.00343529921 0.0089296943 0 0 0
nt@synapse_cleft 1829 0.00369152277 0.00513392042 0.00619005675 0 0 0
nt@synapse_cleft 1846 -0.00241384399 -0.0159872374 0.00076178488 0 0 0
nt@synapse_cleft 1853 -0.00546715984 -0.0166921637 0.0110273731 0 0 0
nt@synapse_cleft 1854 0.00755029627 -0.012274596 0.00258970404 0 0 0
nt@synapse_cleft 1856 -0.00177807483 -0.0252564866 0.0145857881 0 0 0
nt@synapse_cleft 1877 -0.0118499369 -0.00124836139 0.0039106089 0 0 0
nt@synapse_cleft 1880 -0.0155959352 -0.0221793471 0.000432461658 0 0 0
nt@synapse_cleft 1883 -0.00103552357 0.00230102421 0.00736371238 0 0 0
nt@synapse_cleft 1885 -0.0137086743 0.00490000186 0.000471257254 0 0 0
nt@synapse_cleft 1887 0.000939112822 0.00089325968 0.00821943904 0 0 0
nt@synapse_cleft 1892 0.00518958254 -0.00420561708 0.00100063882 0 0 0
nt@synapse_cleft 1896 -0.0121077772 0.00430262907 0.00751027294 0 0 0
nt@synapse_cleft 1918 -0.0103262431 -0.00281792617 0.0048032627 0 0 0
nt@synapse_cleft 1923 0.00947661433 -0.00201439772 0.00976883881 0 0 0
nt@synapse_cleft 1926 -0.00431214955 -0.0096934712 0.0120640927 0 0 0
nt@synapse_cleft 1932 0.0037022038 0.00732561973 0.00468948652 0 0 0
nt@synapse_cleft 1942 0.00132091017 0.0144654746 0.00589627699 0 0 0
nt@synapse_cleft 1946 -0.0113032259 -0.0106933152 0.000907073708 0 0 0
nt@synapse_cleft 1961 -0.0113629536 0.000710086235 0.00984319872 0 0 0
nt@synapse_cleft 1967 -0.00943656338 -0.000511290667 0.00594214296 0 0 0
nt@synapse_cleft 1970 -0.00126706832 0.000416809503 0.0159746377 0 0 0
nt@synapse_cleft 1973 0.00391233408 -0.00218679348 0.00215661234 0 0 0
nt@synapse_cleft 1976 -0.00472191578 -0.0270315794 0.00385794993 0 0 0
nt@synapse_cleft 1980 -0.00597534882 0.00105113139 0.00206607656 0 0 0
nt@synapse_cleft 1990 -0.0163713504 -0.00397173253 0.0132809635 0 0 0
nt@synapse_cleft 1997 -0.00677124346 -0.0091902703 0.00222086296 0 0 0
nt@synapse_cleft 2004 -0.0146404097 0.0155968392 0.000159695894 0 0 0
nt@synapse_cleft 2014 -0.0131237065 0.006833201 0.000891453949 0 0 0
nt@synapse_cleft 2019 -0.0136082985 -0.000333552177 0.0122923211 0 0 0
nt@synapse_cleft 2036 0.00444982908 0.00422532029 0.00124407168 0 0 0
nt@synapse_cleft 2064 -0.00254828343 -0.0084662943 0.00864772246 0 0 0
nt@synapse_cleft 2092 -0.00195061233 -0.00494572039 0.000866969141 0 0 0
nt@synapse_cleft 2096 -0.00564113633 -0.00528869138 0.00441759179 0 0 0
nt@synapse_cleft 2104 -0.00767925388 -0.00110030265 0.00342869244 0 0 0
nt@synapse_cleft 2112 0.00280178076 0.00300080177 0.0129922516 0 0 0
nt@synapse_cleft 2124 0.0316601603 0.00194424774 0.00197989881 0 0 0
nt@synapse_cleft 2127 0.00175520352 -0.0101088381 0.0168963361 0 0 0
nt@synapse_cleft 2137 -6.66825544e-05 -0.00688209553 0.00161420302 0 0 0
nt@synapse_cleft 2156 -0.00453961421 -0.00149946337 0.000907634352 0 0 0
nt@synapse_cleft 2162 0.00682042259 -0.00280220838 0.00849209274 0 0 0
nt@synapse_cleft 2163 0.00586347113 0.0036286939 0.00150563536 0 0 0
nt@synapse_cleft 2185 -0.00331726534 0.00557848102 0.00346376252 0 0 0
nt@synapse_cleft 2199 -0.0188207091 0.000407180252 0.00447521186 0 0 0
nt@synapse_cleft 2204 -0.0141831814 0.0092269048 0.00264399365 0 0 0
nt@synapse_cleft 2218 0.000459138168 0.00539138892 0.000363501909 0 0 0
nt@synapse_cleft 2223 0.00303079093 -0.00363474652 0.0059120719 0 0 0
nt@synapse_cleft 2228 0.000992402257 -0.00112325114 0.00274807911 0 0 0
nt@synapse_cleft 2251 -0.0137214444 -0.00259804341 0.0151280091 0 0 0
nt@synapse_cleft 2254 -0.0136161667 0.0109563226 0.00157450763 0 0 0
nt@synapse_cleft 2257 0.00340526289 0.0033924976 0.00308724373 0 0 0
nt@synapse_cleft 2262 0.000116916566 0.0087519192 0.00889099028 0 0 0
nt@synapse_cleft 2278 0.00972904996 -0.0138387074 0.000694826489 0 0 0
nt@synapse_cleft 2279 0.00587944981 0.00703942506 0.0145697066 0 0 0
nt@synapse_cleft 2283 0.00855368955 -0.0114477934 0.00488699788 0 0 0
nt@synapse_cleft 2284 0.00951604964 -0.0094537901 0.0118679267 0 0 0
nt@synapse_cleft 2285 -0.00313939843 -0.00845173922 4.41921892e-05 0 0 0
nt@synapse_cleft 2298 0.0055638416 0.00863389138 0.0128235795 0 0 0
nt@synapse_cleft 2308 -0.00043413844 -0.0127343487 0.0122503146 0 0 0
nt@synapse_cleft 2309 -0.0150922409 -0.0094447404 0.00265396607 0 0 0
nt@synapse_cleft 2314 0.00759177032 0.00225415647 0.00431538489 0 0 0
nt@synapse_cleft 2320 0.010148953 0.0153350093 0.00237353901 0 0 0
nt@synapse_cleft 2321 0.00175034065 0.00642113154 0.000993662223 0 0 0
nt@synapse_cleft 2327 -0.00519548183 -0.00687504171 0.00277762886 0 0 0
nt@synapse_cleft 2330 -0.0155377597 -0.0121709765 0.00138457246 0 0 0
nt@synapse_cleft 2367 -0.0145268906 0.00310477538 0.000471481154 0 0 0
nt@synapse_cleft 2369 -0.00434871892 -0.000429910414 0.00288110002 0 0 0
nt@synapse_cleft 2383 -0.00348935895 0.0022713927 0.00803395427 0 0 0
nt@synapse_cleft 2389 0.0170862727 -0.0203555279 0.00630097736 0 0 0
nt@synapse_cleft 2411 -0.00256281737 0.000154479129 0.00859851468 0 0 0
nt@synapse_cleft 2421 -0.0191789451 0.0152389892 0.0178043407 0 0 0
nt@synapse_cleft 2423 -0.00912723091 0.00199623783 0.0110348247 0 0 0
nt@synapse_cleft 2438 -0.0149068343 0.00883365726 0.00465536647 0 0 0
nt@synapse_cleft 2448 -0.00216792488 -0.000267077802 0.00440040717 0 0 0
nt@synapse_cleft 2462 0.0119969094 0.00336251668 0.0106791596 0 0 0
nt@synapse_cleft 2468 -0.0174165458 -0.0106101136 0.0146390365 0 0 0
nt@synapse_cleft 2472 -0.00947439875 0.0112745363 0.0135003145 0 0 0
nt@synapse_cleft 2481 0.00288833048 0.00215355123 0.00262526819 0 0 0
nt@synapse_cleft 2483 -0.0171177452 0.00975720149 0.0115862039 0 0 0
nt@synapse_cleft 2491 0.0117540575 -0.00897087953 0.00564923977 0 0 0
nt@synapse_cleft 2493 0.00942167251 0.00277765783 0.00623868593 0 0 0
nt@synapse_cleft 2498 0.00291875433 0.00240185896 0.019547743 0 0 0
nt@synapse_cleft 2502 -0.00872420827 -0.00215253023 0.000424858967 0 0 0
nt@synapse_cleft 2509 -0.015146703 -0.00273707299 0.00702396443 0 0 0
nt@synapse_cleft 2513 -0.00881589857 -0.0123529004 0.000114328599 0 0 0
nt@synapse_cleft 2517 0.0047016664 -0.0020554416 0.00114218584 0 0 0
nt@synapse_cleft 2520 0.0032512202 -0.00360232169 0.00104922948 0 0 0
nt@synapse_cleft 2528 -0.00159615466 0.00460529013 0.0122943476 0 0 0
nt@synapse_cleft 2539 0.00629852264 0.00802251664 0.00475097254 0 0 0
nt@synapse_cleft 2542 -0.00635252087 0.000919800557 0.00896009328 0 0 0
nt@synapse_cleft 2549 0.00171518179 -0.00186686021 0.00654122601 0 0 0
nt@synapse_cleft 2550 -0.000162452006 -0.0168129112 0.00610670604 0 0 0
nt@synapse_cleft 2555 0.00331520896 -0.0116540101 0.00778680188 0 0 0
nt@synapse_cleft 2560 -0.0112676277 0.00544894929 0.00738139243 0 0 0
nt@synapse_cleft 2561 0.0101364427 0.00312474015 0.00314854909 0 0 0
nt@synapse_cleft 2563 -0.00719807877 0.00659423599 0.00954615948 0 0 0
nt@synapse_cleft 2564 -0.0128453643 -0.00370730364 0.00565278355 0 0 0
nt@synapse_cleft 2566 0.0124643662 -0.00130046674 0.0173929264 0 0 0
nt@synapse_cleft 2570 0.0293998553 0.00628774778 0.00652180478 0 0 0
nt@synapse_cleft 2577 -0.00795373137 -0.00363107048 0.0107891698 0 0 0
nt@synapse_cleft 2610 0.000435640775 0.00476805413 0.00201413687 0 0 0
nt@synapse_cleft 2625 0.00647841109 -0.0231377541 0.00721135261 0 0 0
nt@synapse_cleft 2628 0.00793102068 8.25263231e-05 0.0139837095 0 0 0
nt@synapse_cleft 2639 0.00606516514 -0.0139511138 0.00393468728 0 0 0
nt@synapse_cleft 2641 0.00133724849 0.0168148171 0.00888529272 0 0 0
nt@synapse_cleft 2652 -0.0142753153 -0.00596810964 0.0189033896 0 0 0
nt@synapse_cleft 2660 -0.00591060897 0.00628460947 0.00254085713 0 0 0
nt@synapse_cleft 2670 -0.0144971338 -0.0100386082 0.0178899407 0 0 0
nt@synapse_cleft 2680 -0.00982557622 0.018073319 0.00505270962 0 0 0
nt@synapse_cleft 2681 -6.18292249e-05 -0.00713821974 0.000726423617 0 0 0
nt@synapse_cleft 2688 0.00173348179 0.00938482679 0.00480856988 0 0 0
nt@synapse_cleft 2702 -0.00320791298 0.0039600587 0.012195902 0 0 0
nt@synapse_cleft 2708 -0.0311027352 -0.00653860195 0.00161320027 0 0 0
nt@synapse_cleft 2709 0.0102121475 -0.00645699693 0.0122334805 0 0 0
nt@synapse_cleft 2724 -0.00170150905 0.00802689899 0.00589054376 0 0 0
nt@synapse_cleft 2729 -0.00427604095 0.00729699505 0.00443676012 0 0 0
nt@synapse_cleft 2743 -0.00616741175 -0.00468594543 0.00186821033 0 0 0
nt@synapse_cleft 2750 -0.0103931605 0.0139699909 0.011113003 0 0 0
nt@synapse_cleft 2752 0.0161037138 0.000594309182 0.0135523568 0 0 0
nt@synapse_cleft 2756 0.00703998238 -0.00267056288 0.00463204896 0 0 0
nt@synapse_cleft 2766 -0.00519190301 0.0109516564 0.0056317075 0 0 0
nt@synapse_cleft 2775 0.00985807232 0.00131125836 0.00232876879 0 0 0
nt@synapse_cleft 2785 0.013474349 0.00334916403 0.0185409251 0 0 0
nt@synapse_cleft 2798 -0.00126839652 0.00802818769 0.0067163048 0 0 0
nt@synapse_cleft 2807 0.00099035297 0.00226050944 0.00910053685 0 0 0
nt@synapse_cleft 2808 -0.00749046558 -0.0134594683 0.0162437353 0 0 0
nt@synapse_cleft 2820 0.0024427041 -0.00788278471 0.00446596637 0 0 0
nt@synapse_cleft 2828 -0.00584807452 -0.00421844563 0.0098577398 0 0 0
nt@synapse_cleft 2863 0.0117962144 -0.000760552014 0.00745745117 0 0 0
nt@synapse_cleft 2875 -0.00146669261 -0.0102755825 0.00360955252 0 0 0
nt@synapse_cleft 2876 -0.0135650591 0.0191651447 0.00800271735 0 0 0
nt@synapse_cleft 2880 0.00208353087 -0.00976813838 0.0079132526 0 0 0
nt@synapse_cleft 2884 -0.0160416005 -0.00874977628 0.0071071789 0 0 0
nt@synapse_cleft 2894 -0.0116205008 -0.0128443823 0.0156277868 0 0 0
nt@synapse_cleft 2905 -0.0189464439 0.0078002201 0.015348224 0 0 0
nt@synapse_cleft 2909 0.0137760698 -0.00771241337 0.00610007148 0 0 0
nt@synapse_cleft 2912 0.000839997678 -0.000643567972 0.00960683788 0 0 0
nt@synapse_cleft 2915 -0.00198257198 -0.00883211526 0.00633134344 0 0 0
nt@synapse_cleft 2920 -0.0043921373 -0.00869952053 0.0148973322 0 0 0
nt@synapse_cleft 2933 -0.011520359 -0.0133339949 0.0111638059 0 0 0
nt@synapse_cleft 2935 -0.00218765009 -0.0110459237 0.00167199843 0 0 0
nt@synapse_cleft 2940 -0.0114154128 -0.00814365167 0.00575366707 0 0 0
nt@synapse_cleft 2962 0.00288856872 0.00174732313 0.00819908948 0 0 0
nt@synapse_cleft 2983 -8.19158823e-05 -0.00354667967 0.0022499646 0 0 0
nt@synapse_cleft 2993 0.0145411988 6.67710925e-05 0.00337323686 0 0 0
nt@synapse_cleft 3006 -0.00975618106 -0.0121784716 0.00716650022 0 0 0
nt@synapse_cleft 3012 0.0033192628 -0.00929699689 0.00600929552 0 0 0
nt@synapse_cleft 3019 0.00682800032 -0.00420319342 0.00520458637 0 0 0
nt@synapse_cleft 3042 -0.0034594097 0.0171478841 0.0131472277 0 0 0
nt@synapse_cleft 3047 -0.00177818156 -0.0117283424 0.00609607926 0 0 0
nt@synapse_cleft 3061 -0.000958460921 -0.00687969271 0.00786499055 0 0 0
nt@synapse_cleft 3069 -0.00549234583 0.00555187952 0.0107376391 0 0 0
nt@synapse_cleft 3073 -0.00564619221 -0.00524823554 0.0174988654 0 0 0
nt@synapse_cleft 3089 -0.00968854307 0.00548445967 0.0118155081 0 0 0
nt@synapse_cleft 3096 0.0101941382 0.0162336372 0.0096719204 0 0 0
nt@synapse_cleft 3099 0.000337665753 -0.00531839678 0.00755823922 0 0 0
nt@synapse_cleft 3134 0.00114576946 -0.0112272893 0.00480527176 0 0 0
nt@synapse_cleft 3150 0.00216071113 -0.00241555152 0.00709229316 0 0 0
nt@synapse_cleft 3159 -0.0038224154 -0.0171248276 0.000476007319 0 0 0
nt@synapse_cleft 3177 0.00807528138 0.000590462437 0.0118700112 0 0 0
nt@synapse_cleft 3181 -0.00409492564 0.0124800769 0.0155948493 0 0 0
nt@synapse_cleft 3183 0.0130489316 -0.00122649649 0.00862678603 0 0 0
nt@synapse_cleft 3184 0.0160381955 0.00439831197 0.0172006698 0 0 0
nt@synapse_cleft 3185 0.00217600372 0.00926126356 0.00186264825 0 0 0
nt@synapse_cleft 3199 0.00319343104 -0.00148685942 0.0109708353 0 0 0
nt@synapse_cleft 3220 -0.00689525487 -0.00236610372 0.00408902508 0 0 0
nt@synapse_cleft 3222 0.00897229464 -0.0152550956 0.00270866802 0 0 0
nt@synapse_cleft 3227 -0.0035221455 -0.0273948595 0.00695157159 0 0 0
nt@synapse_cleft 3247 0.00348518737 0.00712388298 0.00202610122 0 0 0
nt@synapse_cleft 3249 0.0124194195 0.00600329786 0.0119961559 0 0 0
nt@synapse_cleft 3275 -0.0024876355 0.00239147262 0.0133745257 0 0 0
nt@synapse_cleft 3308 0.00572036929 -0.000352352109 0.00125417118 0 0 0
nt@synapse_cleft 3326 0.00242194249 0.00402738105 0.00573826702 0 0 0
nt@synapse_cleft 3334 -0.0113246482 0.0138458055 0.00769199608 0 0 0
nt@synapse_cleft 3338 -0.00367502388 0.00816444738 0.0071161394 0 0 0
nt@synapse_cleft 3341 0.0115492388 0.00228371988 0.00810963011 0 0 0
nt@synapse_cleft 3367 0.00833862232 0.0127869966 0.000606607738 0 0 0
nt@synapse_cleft 3375 -0.0025657509 0.00337543793 0.00114783957 0 0 0
nt@synapse_cleft 3378 -0.00273037924 0.00267692277 0.0082655065 0 0 0
nt@synapse_cleft 3394 -0.00785187413 -0.00597820591 0.003427575 0 0 0
nt@synapse_cleft 3402 -0.0263870032 -0.00626382961 0.00729622475 0 0 0
nt@synapse_cleft 3404 0.000903622553 0.0108948532 0.00581362557 0 0 0
nt@synapse_cleft 3407 -0.0112101238 6.77033269e-05 0.0145103361 0 0 0
nt@synapse_cleft 3413 0.0115018497 -0.0117057476 0.00713261087 0 0 0
nt@synapse_cleft 3419 0.00556493725 0.0119844832 0.0166225366 0 0 0
nt@synapse_cleft 3429 0.0165192874 -0.00966182255 0.00377946896 0 0 0
nt@synapse_cleft 3432 0.00555358077 0.0193951254 0.0148356204 0 0 0
nt@synapse_cleft 3445 -0.0283271611 0.00368732276 0.0103517492 0 0 0
nt@synapse_cleft 3451 -0.00242775222 -0.00259429299 0.0041979984 0 0 0
nt@synapse_cleft 3467 -0.00328953291 -0.0087621479 0.0101014604 0 0 0
nt@synapse_cleft 3474 0.013877899 -0.0143560399 0.000688752837 0 0 0
nt@synapse_cleft 3484 0.000412816864 -0.00400102259 0.00258251373 0 0 0
nt@synapse_cleft 3500 0.00765631289 -0.00647655536 0.0161356955 0 0 0
nt@synapse_cleft 3507 0.0031714531 -0.0170504985 0.00687810561 0 0 0
nt@synapse_cleft 3535 -0.0080552272 -0.00023934443 0.000788674558 0 0 0
nt@synapse_cleft 3536 0.00270818531 -0.00983718451 0.00395710465 0 0 0
nt@synapse_cleft 3538 -0.00558017386 -0.00139818773 0.0182016291 0 0 0
nt@synapse_cleft 3542 -0.0099238102 0.016217195 0.0100796927 0 0 0
nt@synapse_cleft 3543 -0.00188175821 -0.00136165866 0.00157481683 0 0 0
nt@synapse_cleft 3561 0.00346217115 0.0175460134 0.000611108911 0 0 0
nt@synapse_cleft 3562 -0.000487339198 0.00371641549 0.00089562951 0 0 0
nt@synapse_cleft 3563 -0.0063349721 0.000943306617 0.00361040294 0 0 0
nt@synapse_cleft 3565 0.0240169149 -0.0131971269 0.0161159561 0 0 0
nt@synapse_cleft 3566 6.17611778e-06 -0.00798779683 0.00875246681 0 0 0
nt@synapse_cleft 3575 0.00213554442 0.00424008791 0.0153076971 0 0 0
nt@synapse_cleft 3576 0.00518059772 0.00669419074 0.0115956179 0 0 0
nt@synapse_cleft 3592 -0.00909943378 0.0223013268 0.00188717229 0 0 0
nt@synapse_cleft 3602 -0.00266838033 -0.0240163237 0.00682676801 0 0 0
nt@synapse_cleft 3603 -0.0085041092 -0.0113018555 0.0118984586 0 0 0
nt@synapse_cleft 3606 -0.00635403386 0.00444884189 0.000698761862 0 0 0
nt@synapse_cleft 3611 -0.00125366581 -0.0204248432 0.0155421183 0 0 0
nt@synapse_cleft 3616 0.0101513134 -0.0177265068 0.00126630036 0 0 0
nt@synapse_cleft 3617 -0.00441391104 -0.0216526543 0.0131615414 0 0 0
nt@synapse_cleft 3620 0.00372331447 0.00971236741 0.00491426206 0 0 0
nt@synapse_cleft 3625 -0.00856692105 0.00437504585 0.00510144344 0 0 0
nt@synapse_cleft 3635 0.00815703856 -0.0117953184 0.000239271898 0 0 0
nt@synapse_cleft 3645 0.00645397155 -0.00282706307 0.0194699794 0 0 0
nt@synapse_cleft 3661 -0.00621420878 0.00129738314 0.0107660061 0 0 0
nt@synapse_cleft 3667 0.000674853808 0.00424586773 0.0105349409 0 0 0
nt@synapse_cleft 3681 -0.012676342 0.0018722088 0.000656638927 0 0 0
nt@synapse_cleft 3690 -0.0145910422 0.00605749876 0.01599349 0 0 0
nt@synapse_cleft 3693 0.00178304858 -0.00450646354 0.00419514753 0 0 0
nt@synapse_cleft 3706 -0.00807838824 0.0017150305 0.00464674582 0 0 0
nt@synapse_cleft 3707 0.00486159295 -0.0014196552 0.00545040271 0 0 0
nt@synapse_cleft 3714 -0.0188588866 -0.00414847652 0.00140841805 0 0 0
nt@synapse_cleft 3730 -0.000413950143 -0.0139063655 0.00817202851 0 0 0
nt@synapse_cleft 3737 -0.00463723491 0.0107519287 0.000143633961 0 0 0
nt@synapse_cleft 3739 -0.00297556298 -0.00722280098 0.00857294448 0 0 0
nt@synapse_cleft 3751 -0.000833596271 0.0091415359 0.0189844729 0 0 0
nt@synapse_cleft 3758 0.0125203259 0.00971670861 0.011751945 0 0 0
nt@synapse_cleft 3763 0.00597779083 -0.00329265962 0.00344581063 0 0 0
nt@synapse_cleft 3768 -0.00441289041 0.00707145646 0.00406631437 0 0 0
nt@synapse_cleft 3793 -0.00430820579 -0.00537804691 0.00394239277 0 0 0
nt@synapse_cleft 3800 -0.00999371225 -0.00762945948 0.0177502095 0 0 0
nt@synapse_cleft 3811 -0.00213953211 0.015949264 0.00711077922 0 0 0
nt@synapse_cleft 3827 -0.000871859935 0.00308253428 0.00393363523 0 0 0
nt@synapse_cleft 3834 -0.00521623653 -0.00663978488 0.00702812196 0 0 0
nt@synapse_cleft 3835 -0.0105600295 -0.00587329299 0.00549984707 0 0 0
nt@synapse_cleft 3846 0.00577164497 -0.00256359258 0.00466134003 0 0 0
nt@synapse_cleft 3848 1.84205806e-07 -0.00189910468 0.0050890104 0 0 0
nt@synapse_cleft 3850 -0.00460636408 0.0064150836 0.00237766754 0 0 0
nt@synapse_cleft 3859 0.0129507291 -0.00557271208 0.0120138679 0 0 0
nt@synapse_cleft 3879 -0.0122098645 -0.0186928089 0.000547987067 0 0 0
nt@synapse_cleft 3886 0.00264523236 -0.00138111919 0.0137139044 0 0 0
nt@synapse_cleft 3902 0.0104902451 -0.00230368025 0.0118105763 0 0 0
nt@synapse_cleft 3907 -0.00594518141 -0.0108698127 0.00355129731 0 0 0
nt@synapse_cleft 3918 0.0154786806 0.0108194629 0.013436003 0 0 0
nt@synapse_cleft 3921 0.00963404797 0.0060523466 0.0180745436 0 0 0
nt@synapse_cleft 3927 0.00809124288 0.00962388178 0.00812153491 0 0 0
nt@synapse_cleft 3952 -0.00432168001 0.00142884803 0.0126072482 0 0 0
nt@synapse_cleft 3953 -0.000511824252 -0.00178022464 0.0057319192 0 0 0
nt@synapse_cleft 3957 -0.0200217995 -0.00263238017 0.0079984116 0 0 0
nt@synapse_cleft 3958 0.0148791587 -0.00269698261 0.00546096494 0 0 0
nt@synapse_cleft 3967 0.00235716906 -0.00159105951 0.00354640627 0 0 0
nt@synapse_cleft 3968 0.00793906008 0.00549895306 0.00212164116 0 0 0
nt@synapse_cleft 3973 0.013692068 0.00984372637 0.00241676579 0 0 0
nt@synapse_cleft 3974 -0.00475264746 -0.0177316425 0.00413141354 0 0 0
nt@synapse_cleft 3988 0.00847945989 0.0191264377 0.00509190688 0 0 0
nt@synapse_cleft 3991 -0.00104415135 -0.00820904907 0.00458770318 0 0 0
nt@synapse_cleft 3993 -0.0165526259 -0.00470401292 0.00873049906 0 0 0
nt@synapse_cleft 3997 -0.00518562142 0.00445314657 0.0187717723 0 0 0
nt@synapse_cleft 3999 -0.016672408 0.0103850547 0.0104474027 0 0 0
nt@synapse_cleft 4018 -0.00888266063 -0.0126486138 0.00979476098 0 0 0
nt@synapse_cleft 4037 0.00181240216 -0.00289234021 0.00393206347 0 0 0
nt@synapse_cleft 4049 0.00372868901 -0.00257062872 0.00399472491 0 0 0
nt@synapse_cleft 4051 0.00417181133 0.00283800052 0.0122161872 0 0 0
nt@synapse_cleft 4064 0.00749055203 -0.00439957144 0.00478094023 0 0 0
nt@synapse_cleft 4070 0.00477466021 0.00681464876 0.00544869577 0 0 0
nt@synapse_cleft 4103 0.000144384211 -0.0100751722 0.00774306897 0 0 0
nt@synapse_cleft 4106 -0.00150560644 0.00156048497 0.00612296751 0 0 0
nt@synapse_cleft 4115 -0.000320793417 0.0144384652 0.000633829023 0 0 0
nt@synapse_cleft 4119 0.00454678416 -0.00223786644 0.00566828388 0 0 0
nt@synapse_cleft 4123 0.00382634762 0.012677268 0.00593774278 0 0 0
nt@synapse_cleft 4126 0.00525845265 -0.00827334909 0.0188368025 0 0 0
nt@synapse_cleft 4129 0.000733470341 -0.0145568764 0.00576340139 0 0 0
nt@synapse_cleft 4132 -0.000929100679 -0.00939056771 0.0106451124 0 0 0
nt@synapse_cleft 4135 0.00329418523 -0.0134069904 0.00387411346 0 0 0
nt@synapse_cleft 4150 -0.00216205105 -0.0058173803 0.00678367737 0 0 0
nt@synapse_cleft 4155 -0.0143340472 -0.00385944708 0.0150250308 0 0 0
nt@synapse_cleft 4156 -0.00397487412 9.26560308e-05 0.0063918338 0 0 0
nt@synapse_cleft 4163 -0.0105142921 -0.00536131009 0.00421648404 0 0 0
nt@synapse_cleft 4187 -0.000723667493 0.00312741 0.0101179789 0 0 0
nt@synapse_cleft 4193 0.000834816958 -0.000728195241 0.000921659309 0 0 0
nt@synapse_cleft 4214 -0.00134653705 0.00522350727 0.00249886305 0 0 0
nt@synapse_cleft 4215 -0.0111932381 -0.0119833611 9.38366134e-05 0 0 0
nt@synapse_cleft 4220 0.0151133527 -0.00994405651 0.00217902065 0 0 0
nt@synapse_cleft 4228 -0.0013563754 -0.0106271195 0.0149785741 0 0 0
nt@synapse_cleft 4233 -0.00367587625 0.0135036779 0.0133329613 0 0 0
nt@synapse_cleft 4242 -0.00760671921 -0.00398778623 0.00509881958 0 0 0
nt@synapse_cleft 4252 -0.0167420761 -0.00320765878 0.011088218 0 0 0
nt@synapse_cleft 4255 -0.0206485391 -0.0141997244 0.00060675351 0 0 0
nt@synapse_cleft 4288 0.00214228253 0.0169607394 0.00852694273 0 0 0
nt@synapse_cleft 4297 0.0162968158 -0.000582588651 0.00509112773 0 0 0
nt@synapse_cleft 4312 -4.97897199e-05 -0.0103703907 0.000872619087 0 0 0
nt@synapse_cleft 4317 -0.00344639175 -0.00375805777 0.000682962722 0 0 0
nt@synapse_cleft 4330 -9.13611445e-06 0.012880947 0.0100291595 0 0 0
nt@synapse_cleft 4339 -0.00213600607 0.00404715923 0.00454902685 0 0 0
nt@synapse_cleft 4343 -0.0188104358 0.00132367721 0.00114518048 0 0 0
nt@synapse_cleft 4346 -0.0010854319 -0.00514757908 0.0107965951 0 0 0
nt@synapse_cleft 4351 0.00617360696 -0.00285621976 0.017490762 0 0 0
nt@synapse_cleft 4360 0.00069082893 0.0045002846 0.0169407405 0 0 0
nt@synapse_cleft 4365 0.0112869258 -0.00530192698 0.00563308932 0 0 0
nt@synapse_cleft 4381 -0.0132606114 -0.00701195574 0.0121571054 0 0 0
nt@synapse_cleft 4386 0.000599352995 -0.0225131591 0.00537859683 0 0 0
nt@synapse_cleft 4392 -0.00338064542 0.0095493402 0.00798650921 0 0 0
nt@synapse_cleft 4396 0.00353770826 -0.000598358423 0.00108393591 0 0 0
nt@synapse_cleft 4398 0.00142794801 -0.00425374619 0.0101551298 0 0 0
nt@synapse_cleft 4399 -0.00979820728 -0.000706138717 0.00168667158 0 0 0
nt@synapse_cleft 4414 0.00896754052 -0.00282862277 0.00763763691 0 0 0
nt@synapse_cleft 4416 0.00282641155 0.0135647164 0.00673325274 0 0 0
nt@synapse_cleft 4424 -0.00727431037 0.00491514683 0.0041684546 0 0 0
nt@synapse_cleft 4431 -0.00507622185 0.00548549913 0.011292668 0 0 0
nt@synapse_cleft 4434 0.0146405423 -0.0089494287 0.0032218806 0 0 0
nt@synapse_cleft 4446 -0.0126173798 -0.000789945486 0.00168986906 0 0 0
nt@synapse_cleft 4464 -0.0103754841 -0.00143058732 0.0011801968 0 0 0
nt@synapse_cleft 4478 0.0102526178 0.00746758593 0.000659273782 0 0 0
nt@synapse_cleft 4485 -0.00487320399 0.0111831451 0.00740259628 0 0 0
nt@synapse_cleft 4488 0.00948407433 0.000155982745 5.55473009e-05 0 0 0
nt@synapse_cleft 4489 -0.0104404626 0.00139825825 0.00896755291 0 0 0
nt@synapse_cleft 4499 -0.000347054755 0.0155972409 0.0165910732 0 0 0
nt@synapse_cleft 4501 -0.0156082802 0.00311863445 0.000224647236 0 0 0
nt@synapse_cleft 4517 -0.0133186504 0.00221869131 0.00621955861 0 0 0
nt@synapse_cleft 4527 -0.00605622732 0.00206036206 0.00446102755 0 0 0
nt@synapse_cleft 4542 0.0141604111 0.0147217648 0.0161657751 0 0 0
nt@synapse_cleft 4545 -0.00826840305 0.014750762 0.00776203796 0 0 0
nt@synapse_cleft 4559 -0.00747575609 -0.00359599632 0.0137025717 0 0 0
nt@synapse_cleft 4576 -0.00810296856 9.42318076e-05 0.00617417511 0 0 0
nt@synapse_cleft 4583 -0.00214990321 -0.00691563452 0.0138946044 0 0 0
nt@synapse_cleft 4593 -0.0264903194 -0.000631230147 0.00677567891 0 0 0
nt@synapse_cleft 4595 -0.0134730797 -0.0139444955 0.0100705948 0 0 0
nt@synapse_cleft 4620 0.00430212569 0.000551978389 0.0135646082 0 0 0
nt@synapse_cleft 4659 0.0180115795 0.0158606774 0.0115730705 0 0 0
nt@synapse_cleft 4681 -0.00828647582 0.00241749291 0.0107777293 0 0 0
nt@synapse_cleft 4700 0.00278331711 0.0137065026 0.00119412194 0 0 0
nt@synapse_cleft 4709 0.0036413931 -0.00729747929 0.0102688223 0 0 0
nt@synapse_cleft 4718 -0.0025086105 -0.00445054798 0.00700905627 0 0 0
nt@synapse_cleft 4736 -0.00453839355 -0.00804800672 0.00208797646 0 0 0
nt@synapse_cleft 4750 -0.00472213482 0.00437443852 0.00376157045 0 0 0
nt@synapse_cleft 4753 -0.00809978921 0.0136147991 0.0099929516 0 0 0
nt@synapse_cleft 4754 0.0132205159 -0.00137088286 0.00696481777 0 0 0
nt@synapse_cleft 4756 0.00552475655 0.00979123521 0.00300618813 0 0 0
nt@synapse_cleft 4758 -0.00528962146 0.00197811435 0.00127127159 0 0 0
nt@synapse_cleft 4764 -0.00034085854 -0.0039986676 0.00230779029 0 0 0
nt@synapse_cleft 4784 -0.0122608816 0.00979057054 0.0141834978 0 0 0
nt@synapse_cleft 4786 0.0119735508 0.00119502909 0.0126610022 0 0 0
nt@synapse_cleft 4801 -0.00253043972 -0.00528302406 0.0051295875 0 0 0
nt@synapse_cleft 4829 0.00875195371 0.00920797544 0.00643302068 0 0 0
nt@synapse_cleft 4839 -0.00784487399 0.00133818667 0.00900239911 0 0 0
nt@synapse_cleft 4844 0.00275904334 -0.00343775703 0.00730681388 0 0 0
nt@synapse_cleft 4852 -0.00426362429 0.000284956728 0.000375672815 0 0 0
nt@synapse_cleft 4871 -0.00359003796 -0.0103475501 0.00125761961 0 0 0
nt@synapse_cleft 4880 0.0011496827 -0.0032558077 0.0057319675 0 0 0
nt@synapse_cleft 4892 -0.00632719815 -0.000588924164 0.0118034245 0 0 0
nt@synapse_cleft 4906 0.0122014361 -0.012804353 0.0137465027 0 0 0
nt@synapse_cleft 4919 0.00420438026 -0.00695128189 0.000801180323 0 0 0
nt@synapse_cleft 4937 -0.0119545326 0.00671872157 0.00100967192 0 0 0
nt@synapse_cleft 4946 -0.00310476988 -0.0167367022 0.00747627342 0 0 0
nt@synapse_cleft 4979 0.00912229926 -0.0047451565 0.00941542412 0 0 0
nt@synapse_cleft 4981 -0.00323201257 0.00434732955 0.0182434451 0 0 0
nt@synapse_cleft 4982 -0.00998546476 -0.000996869026 0.0118124478 0 0 0
nt@synapse_cleft 4991 -0.00188663142 -0.00200660921 0.0128832427 0 0 0
nt@synapse_cleft 5004 0.0151639209 0.0045699692 0.00544175913 0 0 0
nt@synapse_cleft 5006 -0.0236272246 -0.0159794107 0.0156443595 0 0 0
nt@synapse_cleft 5015 0.0127148107 0.00734863549 0.00853245254 0 0 0
nt@synapse_cleft 5044 -0.000934888311 -0.00408403855 0.00572101267 0 0 0
nt@synapse_cleft 5046 0.0150306482 0.00851974362 0.00590886863 0 0 0
nt@synapse_cleft 5055 0.00282835101 -0.00471771 0.00160098169 0 0 0
nt@synapse_cleft 5061 0.00630679459 -0.00737651586 0.00695534686 0 0 0
nt@synapse_cleft 5063 -0.00298629967 -0.017546834 0.000354392459 0 0 0
nt@synapse_cleft 5082 0.00128615919 -0.0140775026 0.00253118518 0 0 0
nt@synapse_cleft 5086 -0.0121576355 -0.00951919761 0.00410534632 0 0 0
nt@synapse_cleft 5145 0.00941154026 -0.000918512162 0.000758875818 0 0 0
nt@synapse_cleft 5154 0.0153954239 6.10155652e-05 0.00194609425 0 0 0
nt@synapse_cleft 5159 -0.0179310521 -0.0106519016 0.00121194856 0 0 0
nt@synapse_cleft 5164 0.00654289741 0.00499884503 0.0113352979 0 0 0
nt@synapse_cleft 5173 -0.00644237851 0.00690875336 0.015874949 0 0 0
nt@synapse_cleft 5176 0.00670070274 -0.00330067782 0.000143963862 0 0 0
nt@synapse_cleft 5179 0.00549583244 0.0148811072 0.00760651703 0 0 0
nt@synapse_cleft 5182 -0.00149095618 0.00693331936 0.000323761977 0 0 0
