nt@synapse_cleft 0 0.0023048351 0.00936850114 0.0116809389 0 0 0
nt@synapse_cleft 7 0.00158453134 -0.00692788584 0.00487467625 0 0 0
nt@synapse_cleft 9 0.0113931213 0.00346804203 0.01039665 0 0 0
nt@synapse_cleft 12 0.0094464123 0.0152090807 0.000511611413 0 0 0
nt@synapse_cleft 15 -0.0135348639 -0.0120445935 0.00381212763 0 0 0
nt@synapse_cleft 26 0.00972390472 0.00880521171 0.0116588687 0 0 0
nt@synapse_cleft 54 -0.00228660616 -0.00194513702 0.011399312 0 0 0
nt@synapse_cleft 89 0.00344161941 -0.00388074762 0.0102031541 0 0 0
nt@synapse_cleft 100 -0.00842466103 -0.000429552218 0.00946297243 0 0 0
nt@synapse_cleft 103 -0.0121178349 0.00311734664 0.0115489363 0 0 0
nt@synapse_cleft 150 -0.0149874527 0.00424605629 0.00370021488 0 0 0
nt@synapse_cleft 188 -0.00415478947 0.00856544105 0.00173113155 0 0 0
nt@synapse_cleft 194 0.00551007623 0.00195211635 0.00234949352 0 0 0
nt@synapse_cleft 195 2.74974925e-05 -0.000670019188 0.00113832718 0 0 0
nt@synapse_cleft 199 0.00683051974 -0.00860846798 0.0028425262 0 0 0
nt@synapse_cleft 206 -0.00329660908 -0.0211720172 0.00717731712 0 0 0
nt@synapse_cleft 231 -0.00269259258 -0.00159842227 0.00640505923 0 0 0
nt@synapse_cleft 248 0.01068785 -0.0013627016 0.000518905766 0 0 0
nt@synapse_cleft 256 0.00352656451 -0.000429318454 0.00215657423 0 0 0
nt@synapse_cleft 284 0.0129509733 -0.00816222455 0.00933466039 0 0 0
nt@synapse_cleft 318 0.00309082307 -0.00156839005 0.00581907683 0 0 0
nt@synapse_cleft 321 0.00871293528 -0.009017762 0.0118558561 0 0 0
nt@synapse_cleft 325 -0.00348506654 0.0032951744 0.00691208522 0 0 0
nt@synapse_cleft 406 0.00753163544 -0.00451686907 0.0153177635 0 0 0
nt@synapse_cleft 421 0.0191232075 -0.0177001221 0.0145622082 0 0 0
nt@synapse_cleft 429 0.0218481829 -0.00492120379 0.0115820486 0 0 0
nt@synapse_cleft 444 -0.0060553496 -0.00675401977 0.0034517723 0 0 0
nt@synapse_cleft 477 0.00895368925 -0.0124836404 0.010356714 0 0 0
nt@synapse_cleft 479 -0.0186378458 0.0046302296 0.000452843516 0 0 0
nt@synapse_cleft 482 -0.0138653207 0.00308801325 0.00323876419 0 0 0
nt@synapse_cleft 499 0.0122556239 -0.000326490018 0.000764691052 0 0 0
nt@synapse_cleft 510 0.00123985911 0.00930328259 0.000832543554 0 0 0
nt@synapse_cleft 522 -0.00561638441 0.0109108864 0.00593421662 0 0 0
nt@synapse_cleft 536 -0.0206875963 0.0220753474 0.0119628441 0 0 0
nt@synapse_cleft 551 -0.0172672181 0.00241971685 0.0105817342 0 0 0
nt@synapse_cleft 558 -0.00228664993 -0.000610643381 0.0010068008 0 0 0
nt@synapse_cleft 563 -0.00157930153 0.00644509688 0.0119823241 0 0 0
nt@synapse_cleft 596 0.022752818 -0.0213924379 0.0175443142 0 0 0
nt@synapse_cleft 620 0.000367743069 0.00475144655 0.0105703237 0 0 0
nt@synapse_cleft 627 0.0180530709 -0.00276056499 0.00575517938 0 0 0
nt@synapse_cleft 633 0.00598603909 0.00211349412 0.00637034373 0 0 0
nt@synapse_cleft 634 -0.00617975965 0.0064240807 0.00790804069 0 0 0
nt@synapse_cleft 645 -0.00678943151 0.010727168 0.013437532 0 0 0
nt@synapse_cleft 661 0.00144162777 0.00528660475 0.00358276837 0 0 0
nt@synapse_cleft 664 0.00558937545 -0.00496111251 0.00972207423 0 0 0
nt@synapse_cleft 693 0.00452749393 0.0117667389 0.00450568375 0 0 0
nt@synapse_cleft 698 -0.00182302293 0.00162625492 0.00136486191 0 0 0
nt@synapse_cleft 727 0.00508532705 0.0202218883 0.00894127277 0 0 0
nt@synapse_cleft 728 0.00188011037 -0.000145413166 0.0174537682 0 0 0
nt@synapse_cleft 732 0.0137613267 -0.00751880848 0.00648713315 0 0 0
nt@synapse_cleft 735 -0.00273367161 -0.00822141675 0.0072349757 0 0 0
nt@synapse_cleft 741 -0.000470028794 0.00186629871 0.00472298143 0 0 0
nt@synapse_cleft 750 0.00228720704 0.000726309992 0.00338224785 0 0 0
nt@synapse_cleft 754 -0.0192924264 -0.00242126593 0.000366705183 0 0 0
nt@synapse_cleft 760 0.00126963065 -0.00598915009 0.00177231298 0 0 0
nt@synapse_cleft 765 9.36089793e-05 -0.00463119282 0.0103162005 0 0 0
nt@synapse_cleft 768 0.0163322929 0.00508000149 0.00143556488 0 0 0
nt@synapse_cleft 769 -0.0186375765 -0.00524161539 0.019207289 0 0 0
nt@synapse_cleft 779 -0.0170189363 0.0192866875 0.0161658322 0 0 0
nt@synapse_cleft 797 -0.0117869336 0.000716725604 0.00129389584 0 0 0
nt@synapse_cleft 831 -0.00569918556 -0.0181310905 0.00168482994 0 0 0
nt@synapse_cleft 833 -0.00671149112 0.00428653948 0.00385132929 0 0 0
nt@synapse_cleft 837 -0.00571877754 -0.00258421116 0.0189568842 0 0 0
nt@synapse_cleft 847 -0.00222502514 0.00304576957 0.0127043858 0 0 0
nt@synapse_cleft 866 0.000365731165 0.0213252435 0.00677849159 0 0 0
nt@synapse_cleft 877 -0.00104212375 -0.0102985537 0.0128662235 0 0 0
nt@synapse_cleft 904 -0.0132568694 -0.0155191065 0.00569872097 0 0 0
nt@synapse_cleft 908 0.014092043 0.000695218029 0.00493451986 0 0 0
nt@synapse_cleft 913 -0.00478940906 -0.0018130777 0.00858239798 0 0 0
nt@synapse_cleft 918 -0.0259760058 0.00175568115 0.01224736 0 0 0
nt@synapse_cleft 932 -0.00436906293 -0.00678856342 0.0106980801 0 0 0
nt@synapse_cleft 938 -0.0104921046 0.00562581849 0.00285867131 0 0 0
nt@synapse_cleft 940 0.0042263269 -0.00140366186 0.00235900125 0 0 0
nt@synapse_cleft 942 0.00801818032 -0.00943124 0.00295332752 0 0 0
nt@synapse_cleft 945 -0.000932829953 0.00419007707 0.000551212745 0 0 0
nt@synapse_cleft 953 -0.0140398393 0.0127275658 0.00626440652 0 0 0
nt@synapse_cleft 961 0.0044228605 -0.00847788166 0.00438647301 0 0 0
nt@synapse_cleft 978 -0.000641268539 0.00281607309 0.00144971538 0 0 0
nt@synapse_cleft 998 0.000890563946 0.011322276 0.00859698241 0 0 0
nt@synapse_cleft 1002 -0.0214978055 -0.0128732903 0.00677796809 0 0 0
nt@synapse_cleft 1048 0.00384410369 -0.0092557007 0.00994218729 0 0 0
nt@synapse_cleft 1080 -0.00252118511 0.0131136363 0.000566249228 0 0 0
nt@synapse_cleft 1092 0.000531516829 0.0076780966 0.0112133947 0 0 0
nt@synapse_cleft 1107 -0.00566834207 0.0326823347 0.00310610905 0 0 0
nt@synapse_cleft 1130 -0.0159403379 -0.00331746892 0.00227629229 0 0 0
nt@synapse_cleft 1144 -0.00591140576 -0.00545284893 0.00436048674 0 0 0
nt@synapse_cleft 1145 0.0153174948 -0.000786483056 0.00814043518 0 0 0
nt@synapse_cleft 1152 0.00368748303 0.0203662183 0.00484638671 0 0 0
nt@synapse_cleft 1167 0.0102096819 -0.00544048488 0.0054655776 0 0 0
nt@synapse_cleft 1177 -0.000199504571 0.00117937114 0.00413087025 0 0 0
nt@synapse_cleft 1186 -0.00279822781 0.0297065745 0.00399955698 0 0 0
nt@synapse_cleft 1193 -0.0131377142 -0.00226013821 0.00929283672 0 0 0
nt@synapse_cleft 1200 -0.0104483248 0.005583165 0.00853581045 0 0 0
nt@synapse_cleft 1203 -0.00293842604 0.00609248991 0.0133100643 0 0 0
nt@synapse_cleft 1204 0.00878018504 0.00252155172 0.00043248775 0 0 0
nt@synapse_cleft 1205 -0.0137377411 -0.00135856117 0.0100244212 0 0 0
nt@synapse_cleft 1206 -0.00969370272 0.00320964107 0.00616240852 0 0 0
nt@synapse_cleft 1238 -0.0020410934 -0.00706062567 0.0130632914 0 0 0
nt@synapse_cleft 1252 0.00561960325 -0.0122152707 0.0194174589 0 0 0
nt@synapse_cleft 1270 -0.0130642132 -0.00366590112 0.0098098823 0 0 0
nt@synapse_cleft 1289 -0.00344704655 0.00684310955 0.0173620732 0 0 0
nt@synapse_cleft 1302 -0.00856531054 0.0160722272 0.00434218214 0 0 0
nt@synapse_cleft 1311 0.0101332075 0.00776311782 0.00168606474 0 0 0
nt@synapse_cleft 1326 -0.000738266841 0.0230369228 0.0131095088 0 0 0
nt@synapse_cleft 1343 -0.0106117782 0.00867001696 0.00350684365 0 0 0
nt@synapse_cleft 1368 0.000752493018 0.00501789179 0.00668874664 0 0 0
nt@synapse_cleft 1380 0.000173273025 -0.0137317867 0.0121078764 0 0 0
nt@synapse_cleft 1384 0.00730917427 0.00802686684 0.0142561158 0 0 0
nt@synapse_cleft 1400 -0.0130698849 0.00297870256 7.06766931e-05 0 0 0
nt@synapse_cleft 1416 -0.00838217425 -0.0132969719 0.0115401451 0 0 0
nt@synapse_cleft 1438 0.0120391529 -0.00683329743 0.0114006151 0 0 0
nt@synapse_cleft 1440 0.00137355538 0.00678196204 0.00460694347 0 0 0
nt@synapse_cleft 1442 -0.0145065879 -0.00440221448 0.0015969034 0 0 0
nt@synapse_cleft 1444 -0.0141664006 0.00163468187 0.00109805459 0 0 0
nt@synapse_cleft 1446 0.00538323937 -0.0039076355 0.00558026873 0 0 0
nt@synapse_cleft 1452 -0.000583196717 -0.0160612134 0.0188495473 0 0 0
nt@synapse_cleft 1455 0.0140011121 -0.00112897273 0.000482678818 0 0 0
nt@synapse_cleft 1470 -0.00954313744 -0.00917607849 0.0116166087 0 0 0
nt@synapse_cleft 1472 -0.000550864662 -0.000992373898 0.00195755446 0 0 0
nt@synapse_cleft 1481 0.00669005439 0.0109042313 0.00483038952 0 0 0
nt@synapse_cleft 1487 8.71617116e-05 -0.00816332354 0.00491490379 0 0 0
nt@synapse_cleft 1488 -0.00479994317 0.00656737272 0.0170150417 0 0 0
nt@synapse_cleft 1496 0.0104414677 -0.0021784752 0.00237995848 0 0 0
nt@synapse_cleft 1506 -0.0140733558 0.00160457689 0.00996272061 0 0 0
nt@synapse_cleft 1512 0.0126478624 0.00180351354 0.0127334245 0 0 0
nt@synapse_cleft 1531 0.00296300389 -0.00372201357 0.00885963376 0 0 0
nt@synapse_cleft 1542 0.00594809102 -0.00120227089 0.0145357625 0 0 0
nt@synapse_cleft 1553 0.0065489809 -0.01552164 0.0175078572 0 0 0
nt@synapse_cleft 1565 -0.00327535945 -0.00288136448 0.011042213 0 0 0
nt@synapse_cleft 1573 0.00556949291 0.00535126324 0.0131752584 0 0 0
nt@synapse_cleft 1600 0.0131692415 -0.00437302043 0.00748832863 0 0 0
nt@synapse_cleft 1605 -0.00142031085 -0.00983287729 0.0139378152 0 0 0
nt@synapse_cleft 1641 0.00205662821 0.00506799755 0.00582486629 0 0 0
nt@synapse_cleft 1675 0.0022435087 0.0147077883 0.0127078056 0 0 0
nt@synapse_cleft 1678 0.0142143677 -0.0120488312 0.00636931639 0 0 0
nt@synapse_cleft 1681 -0.00833592547 -0.00578665969 0.000854384805 0 0 0
nt@synapse_cleft 1686 0.00428794802 -0.00452135581 0.0155056441 0 0 0
nt@synapse_cleft 1687 -0.0121510868 0.00157522525 0.00913659351 0 0 0
nt@synapse_cleft 1689 -0.0305256049 -0.0111396243 0.00723422845 0 0 0
nt@synapse_cleft 1692 0.00427062104 -0.00553611425 0.0134798222 0 0 0
nt@synapse_cleft 1695 0.00472522464 -0.0139778422 0.0149331104 0 0 0
nt@synapse_cleft 1701 -0.00184920796 -0.0188330684 0.000161688906 0 0 0
nt@synapse_cleft 1707 -0.0148551913 -0.0120487449 0.00149619238 0 0 0
nt@synapse_cleft 1715 -0.00685243205 -0.000228294571 6.81421219e-05 0 0 0
nt@synapse_cleft 1729 -0.00499972359 -0.00425009981 0.003467321 0 0 0
nt@synapse_cleft 1742 0.0037667902 -0.01075452 0.000343448694 0 0 0
nt@synapse_cleft 1743 0.00841789809 0.000972666736 0.01003329 0 0 0
nt@synapse_cleft 1745 0.00522004084 0.002195932 0.00304787125 0 0 0
nt@synapse_cleft 1746 -0.0200050861 -0.0176607538 0.00904748656 0 0 0
nt@synapse_cleft 1751 -0.00686180018 -0.012958087 0.01142008 0 0 0
nt@synapse_cleft 1759 0.00319728002 4.95459275e-06 0.000189518418 0 0 0
nt@synapse_cleft 1768 -0.00358864828 0.0050780616 0.00722081438 0 0 0
nt@synapse_cleft 1775 0.0178390846 -0.0110530682 0.00578046325 0 0 0
nt@synapse_cleft 1781 -0.00465340344 -0.00455548811 0.00697615464 0 0 0
nt@synapse_cleft 1815 0.00729705883 -0.00460294411 0.0148196911 0 0 0
nt@synapse_cleft 1829 0.0035255795 0.00344385124 0.00470919308 0 0 0
nt@synapse_cleft 1853 -0.00799348745 -0.0164616021 0.0141914022 0 0 0
nt@synapse_cleft 1854 0.00903983435 -0.0090129675 0.000609564531 0 0 0
nt@synapse_cleft 1856 0.00541714147 -0.0239395733 0.0183825565 0 0 0
nt@synapse_cleft 1877 -0.0103180593 0.00471231839 0.0045370517 0 0 0
nt@synapse_cleft 1880 -0.0169708171 -0.0205644017 0.00242707997 0 0 0
nt@synapse_cleft 1885 -0.0108459401 0.00887335658 0.00447383693 0 0 0
nt@synapse_cleft 1887 0.000604076243 -0.00159209408 0.00876328066 0 0 0
nt@synapse_cleft 1892 0.00610828023 -0.00406040925 0.000622082216 0 0 0
nt@synapse_cleft 1896 -0.00313109686 0.00783270324 0.00921721709 0 0 0
nt@synapse_cleft 1923 0.00993230167 -0.00056918328 0.0102271516 0 0 0
nt@synapse_cleft 1926 0.00131164836 -0.00680466583 0.013136907 0 0 0
nt@synapse_cleft 1932 0.00309340911 0.0122205569 0.00625441099 0 0 0
nt@synapse_cleft 1946 -0.00841781907 -0.0101317719 0.00530317658 0 0 0
nt@synapse_cleft 1961 -0.0102939049 -0.0050622816 0.0124699872 0 0 0
nt@synapse_cleft 1970 -0.00185238494 -0.0045591715 0.0171679195 0 0 0
nt@synapse_cleft 1973 -0.00157481087 -0.00878178873 0.00392364276 0 0 0
nt@synapse_cleft 1990 -0.0243253234 -0.00555147769 0.0153338022 0 0 0
nt@synapse_cleft 2014 -0.0208693784 0.0064153623 0.00253452137 0 0 0
nt@synapse_cleft 2036 0.00938778217 0.00372609331 0.000280639577 0 0 0
nt@synapse_cleft 2064 -0.00593311044 -0.00393530386 0.0111165255 0 0 0
nt@synapse_cleft 2092 -0.000964966878 -0.0113648478 0.00124509304 0 0 0
nt@synapse_cleft 2096 -0.00400217456 -0.0119556627 0.00136116767 0 0 0
nt@synapse_cleft 2104 -0.00463145105 -0.00087561911 0.0106795163 0 0 0
nt@synapse_cleft 2112 -0.00404881232 0.00106837992 0.00945506879 0 0 0
nt@synapse_cleft 2127 0.00440713203 -0.00488623917 0.0178465898 0 0 0
nt@synapse_cleft 2137 -0.00115756538 -0.00969747514 0.00304668014 0 0 0
nt@synapse_cleft 2162 0.00880264585 0.00133368 0.01085227 0 0 0
nt@synapse_cleft 2163 0.0100841894 0.00633864366 0.00184753039 0 0 0
nt@synapse_cleft 2199 -0.0202255053 -0.00310973218 0.00463674148 0 0 0
nt@synapse_cleft 2204 -0.0180299563 0.00928520237 0.000276835732 0 0 0
nt@synapse_cleft 2218 -0.00298031149 0.00594439298 0.00629048299 0 0 0
nt@synapse_cleft 2223 -0.000226941997 -0.00539334047 0.00949734068 0 0 0
nt@synapse_cleft 2251 -0.0116062874 -0.00553335552 0.018083401 0 0 0
nt@synapse_cleft 2254 -0.0174733448 0.0120534417 0.00774931516 0 0 0
nt@synapse_cleft 2278 0.011458893 -0.0156627423 0.00814218298 0 0 0
nt@synapse_cleft 2279 0.0104433098 0.00675860976 0.00844698612 0 0 0
nt@synapse_cleft 2284 0.00966353697 -0.0206775914 0.0144723487 0 0 0
nt@synapse_cleft 2285 -0.00251349964 -0.0113513217 0.00665747978 0 0 0
nt@synapse_cleft 2298 0.00930067969 0.00736912482 0.0140141609 0 0 0
nt@synapse_cleft 2309 -0.0120504769 -0.0132943585 0.00112094319 0 0 0
nt@synapse_cleft 2314 0.00222586653 0.0024211623 0.00721813299 0 0 0
nt@synapse_cleft 2367 -0.0208412546 0.00278804408 0.00314981075 0 0 0
nt@synapse_cleft 2369 -0.00934294753 -0.00453277573 0.000374094044 0 0 0
nt@synapse_cleft 2383 -0.00383962721 0.00528764387 0.00604296475 0 0 0
nt@synapse_cleft 2389 0.0113939307 -0.0263209119 0.00547693932 0 0 0
nt@synapse_cleft 2411 -0.000926541218 0.00178389702 0.00752793752 0 0 0
nt@synapse_cleft 2421 -0.0217226219 0.0158844646 0.0193167051 0 0 0
nt@synapse_cleft 2423 -0.00752021496 0.00458821706 0.016618451 0 0 0
nt@synapse_cleft 2438 -0.0190198965 0.00524866958 0.002075012 0 0 0
nt@synapse_cleft 2472 -0.0103411734 0.0161983956 0.0120057518 0 0 0
nt@synapse_cleft 2483 -0.0189660456 0.0129129927 0.0146677165 0 0 0
nt@synapse_cleft 2491 0.00623514523 -0.00696030162 0.0100669478 0 0 0
nt@synapse_cleft 2493 0.00875586799 0.00495405329 0.00622094976 0 0 0
nt@synapse_cleft 2498 0.00319381688 0.000420440514 0.0186709162 0 0 0
nt@synapse_cleft 2502 -0.011244495 -0.00856814946 0.00237145587 0 0 0
nt@synapse_cleft 2513 -0.0100530474 -0.0151264512 0.00362103484 0 0 0
nt@synapse_cleft 2517 0.00609784988 -0.00463645613 0.00496274954 0 0 0
nt@synapse_cleft 2520 0.00459975329 -0.00812482577 0.00210513379 0 0 0
nt@synapse_cleft 2528 -0.00518285571 0.0043559789 0.0166311699 0 0 0
nt@synapse_cleft 2539 0.00886146072 0.0112437391 0.00561697571 0 0 0
nt@synapse_cleft 2550 -0.000963121739 -0.0207690185 0.0135386397 0 0 0
nt@synapse_cleft 2563 0.00058760582 0.0048367406 0.00626060143 0 0 0
nt@synapse_cleft 2564 -0.00899685454 0.000816386939 0.000305701528 0 0 0
nt@synapse_cleft 2566 0.0181223253 0.00744868567 0.0196460607 0 0 0
nt@synapse_cleft 2570 0.026308 0.00332713877 0.00978828333 0 0 0
nt@synapse_cleft 2577 -0.00400096431 -0.00688184241 0.00741570431 0 0 0
nt@synapse_cleft 2610 -0.00591569807 0.00621826564 0.00530171653 0 0 0
nt@synapse_cleft 2628 0.00791850425 -0.0024435417 0.0148618113 0 0 0
nt@synapse_cleft 2639 0.00599003345 -0.0175352784 0.0075113723 0 0 0
nt@synapse_cleft 2652 -0.00791722472 -0.00777086564 0.0152249505 0 0 0
nt@synapse_cleft 2660 -0.00809470943 0.00946642816 0.000909028543 0 0 0
nt@synapse_cleft 2670 -0.0109108889 -0.0089890295 0.0171104479 0 0 0
nt@synapse_cleft 2680 -0.011077908 0.0146263548 0.00685494114 0 0 0
nt@synapse_cleft 2681 0.00558859774 -0.00614077785 0.000734725809 0 0 0
nt@synapse_cleft 2688 -0.000329110698 0.0173381223 0.000269583349 0 0 0
nt@synapse_cleft 2702 -0.00713187655 0.00405562578 0.0114424414 0 0 0
nt@synapse_cleft 2708 -0.0300737012 -0.00935848162 0.000563165915 0 0 0
nt@synapse_cleft 2709 0.0120861855 -0.00462895833 0.00643557263 0 0 0
nt@synapse_cleft 2724 0.00172316959 0.00764079488 0.0139322668 0 0 0
nt@synapse_cleft 2729 -0.00784938751 0.0104901074 0.00375158116 0 0 0
nt@synapse_cleft 2752 0.0095149638 -0.00234465449 0.017572677 0 0 0
nt@synapse_cleft 2756 0.00552372533 -0.00228729674 0.00557024335 0 0 0
nt@synapse_cleft 2766 -0.00109949331 0.0100413054 0.0103336738 0 0 0
nt@synapse_cleft 2798 0.000723279402 0.0128957106 0.00174867323 0 0 0
nt@synapse_cleft 2808 -0.00546271845 -0.0158155993 0.0178849586 0 0 0
nt@synapse_cleft 2820 0.00760644641 -0.00387915341 0.000595814091 0 0 0
nt@synapse_cleft 2828 -0.0105056106 -0.00371766794 0.00750174065 0 0 0
nt@synapse_cleft 2863 0.0150686435 -0.00272381737 0.00596693606 0 0 0
nt@synapse_cleft 2876 -0.0114827812 0.0236908972 0.0056839733 0 0 0
nt@synapse_cleft 2880 0.00274895627 -0.00465363003 0.00915544691 0 0 0
nt@synapse_cleft 2884 -0.0173045531 -0.00553153879 0.0166121667 0 0 0
nt@synapse_cleft 2894 -0.0109164131 -0.0188661801 0.011758429 0 0 0
nt@synapse_cleft 2909 0.0127024736 -0.00804436658 0.00632609151 0 0 0
nt@synapse_cleft 2912 -0.000430768559 0.00789946218 0.00474332147 0 0 0
nt@synapse_cleft 2915 -0.00367100382 -0.00891495671 0.00489579658 0 0 0
nt@synapse_cleft 2940 -0.0163797162 -0.0170807293 0.00512102788 0 0 0
nt@synapse_cleft 2962 0.000217108161 0.00221364903 0.00772163674 0 0 0
nt@synapse_cleft 2983 0.00583800722 0.00229050475 0.000832202461 0 0 0
nt@synapse_cleft 2993 0.0220694474 0.00624714225 0.00151178328 0 0 0
nt@synapse_cleft 3006 -0.00683672793 -0.0103060941 0.00824797837 0 0 0
nt@synapse_cleft 3019 0.011179888 -0.00558066691 0.00786907783 0 0 0
nt@synapse_cleft 3042 -0.0047706078 0.0215551431 0.00892040891 0 0 0
nt@synapse_cleft 3047 -0.000259292977 -0.0182054078 0.00947669383 0 0 0
nt@synapse_cleft 3061 0.000142204823 -0.00794765826 0.0114916164 0 0 0
nt@synapse_cleft 3073 -0.00259180785 -0.00862703295 0.0159470968 0 0 0
nt@synapse_cleft 3096 0.00755411226 0.0191476242 0.011716161 0 0 0
nt@synapse_cleft 3134 -0.000677174122 -0.0151747409 0.00711454703 0 0 0
nt@synapse_cleft 3150 0.0046981503 -0.00484819812 0.00723842087 0 0 0
nt@synapse_cleft 3177 0.00275879678 0.00393303851 0.0158134851 0 0 0
nt@synapse_cleft 3181 0.00206077089 0.00763799023 0.0171897583 0 0 0
nt@synapse_cleft 3183 0.0104119418 0.00573660323 0.00606100066 0 0 0
nt@synapse_cleft 3184 0.0178562356 0.0132626854 0.0175320147 0 0 0
nt@synapse_cleft 3199 0.00304524581 0.00197787995 0.0114423156 0 0 0
nt@synapse_cleft 3222 0.00328536879 -0.0224210357 0.00274509093 0 0 0
nt@synapse_cleft 3247 0.000957547286 0.0189357836 0.00137031741 0 0 0
nt@synapse_cleft 3275 -0.00480253109 -0.00268856842 0.0122793723 0 0 0
nt@synapse_cleft 3308 0.00849543989 0.0033399806 0.00398072933 0 0 0
nt@synapse_cleft 3326 0.00514970055 0.00174021587 0.00725480868 0 0 0
nt@synapse_cleft 3334 -0.013283918 0.0134865024 0.0116058104 0 0 0
nt@synapse_cleft 3338 0.000621819127 0.0136143513 0.0149404139 0 0 0
nt@synapse_cleft 3341 0.0136428368 0.00714915131 0.00523204602 0 0 0
nt@synapse_cleft 3367 0.00706764931 0.00956486422 0.00515343328 0 0 0
nt@synapse_cleft 3378 -0.00751075622 0.00590589727 0.00822781183 0 0 0
nt@synapse_cleft 3394 -0.0139385299 -0.00755648309 0.00456832994 0 0 0
nt@synapse_cleft 3402 -0.0283878724 -0.00843179874 0.00768868592 0 0 0
nt@synapse_cleft 3404 -0.000534980012 0.0113022729 0.0110515786 0 0 0
nt@synapse_cleft 3407 -0.0196909728 -0.00200963466 0.00599765662 0 0 0
nt@synapse_cleft 3413 0.0148236153 -0.00676089978 0.0142468264 0 0 0
nt@synapse_cleft 3419 0.00339366552 0.00984594413 0.0135204219 0 0 0
nt@synapse_cleft 3432 0.00685676076 0.0169280661 0.0171211173 0 0 0
nt@synapse_cleft 3445 -0.0350959134 0.00420912295 0.00842839579 0 0 0
nt@synapse_cleft 3451 0.00813547302 -0.00667567026 0.0101943986 0 0 0
nt@synapse_cleft 3467 0.000380762339 -0.00261887825 0.0042724948 0 0 0
nt@synapse_cleft 3474 0.0124338943 -0.0225874665 0.00342929974 0 0 0
nt@synapse_cleft 3484 7.23755584e-05 -0.00900400499 0.000910784233 0 0 0
nt@synapse_cleft 3500 0.00586900358 -0.0132815994 0.0115945954 0 0 0
nt@synapse_cleft 3535 -0.00921669674 0.00338223302 0.00314917636 0 0 0
nt@synapse_cleft 3542 -0.00528362958 0.0137557395 0.0106482884 0 0 0
nt@synapse_cleft 3561 -0.00307056587 0.00868323402 0.000796787957 0 0 0
nt@synapse_cleft 3562 -0.00228377861 0.00454624323 0.00420022003 0 0 0
nt@synapse_cleft 3563 -0.0115323349 0.0013948765 0.00612747262 0 0 0
nt@synapse_cleft 3565 0.0280238792 -0.0124235689 0.0187648491 0 0 0
nt@synapse_cleft 3566 -0.00125221715 -0.00870250874 0.00915637394 0 0 0
nt@synapse_cleft 3575 -0.000166183519 -0.00183705621 0.0155681139 0 0 0
nt@synapse_cleft 3576 0.00769065202 0.0119268046 0.00952550046 0 0 0
nt@synapse_cleft 3592 -0.00821121687 0.0260932584 0.00238902445 0 0 0
nt@synapse_cleft 3602 -0.00304802926 -0.0277521725 0.00736989395 0 0 0
nt@synapse_cleft 3606 -0.00670178606 0.00142590214 0.0080479063 0 0 0
nt@synapse_cleft 3611 0.000244748803 -0.0263519387 0.00939098847 0 0 0
nt@synapse_cleft 3616 0.0151273722 -0.0172784988 0.000611456499 0 0 0
nt@synapse_cleft 3625 -0.00545103031 0.00363560382 0.0033394945 0 0 0
nt@synapse_cleft 3635 0.0134628887 -0.00647628871 0.000675031051 0 0 0
nt@synapse_cleft 3645 -0.00046896063 -0.00550163089 0.0184485231 0 0 0
nt@synapse_cleft 3661 -0.00837974535 0.00372633609 0.00761553314 0 0 0
nt@synapse_cleft 3681 -0.0148238774 0.00189391626 0.00111202146 0 0 0
nt@synapse_cleft 3693 -0.00231871041 -0.00678848542 0.00474897 0 0 0
nt@synapse_cleft 3706 -0.00316678079 0.00499404442 0.00660387708 0 0 0
nt@synapse_cleft 3714 -0.0191307279 0.000661216496 0.00255048681 0 0 0
nt@synapse_cleft 3737 0.00340436883 0.0112892791 0.000808499213 0 0 0
nt@synapse_cleft 3739 -2.9413054e-05 -0.00406176352 0.00823731578 0 0 0
nt@synapse_cleft 3751 -0.00196304042 0.0146773027 0.0133437042 0 0 0
nt@synapse_cleft 3793 -0.00436020332 -0.00415581518 0.00459011726 0 0 0
nt@synapse_cleft 3800 -0.0051656639 -0.0112394522 0.0132032912 0 0 0
nt@synapse_cleft 3811 0.00137849328 0.0164486606 0.00667883624 0 0 0
nt@synapse_cleft 3827 -0.00147727876 0.00606744765 0.00372052146 0 0 0
nt@synapse_cleft 3834 -0.00588048161 -0.00462013466 0.00689310903 0 0 0
nt@synapse_cleft 3835 -0.0127248043 -0.00645240291 0.00840461735 0 0 0
nt@synapse_cleft 3850 -0.0098655376 0.0078894167 0.00191444271 0 0 0
nt@synapse_cleft 3859 0.0163275194 -0.00499645948 0.0184805936 0 0 0
nt@synapse_cleft 3886 -0.00289568797 -0.00172365462 0.0194044561 0 0 0
nt@synapse_cleft 3902 0.0115298979 0.00268655922 0.0108721708 0 0 0
nt@synapse_cleft 3907 -0.012981261 -0.00777163517 0.00954001985 0 0 0
nt@synapse_cleft 3918 0.0166569388 0.0139822907 0.00630099294 0 0 0
nt@synapse_cleft 3921 0.00567177722 0.00424548681 0.0151963501 0 0 0
nt@synapse_cleft 3927 0.0131903371 0.00912222371 0.00795860415 0 0 0
nt@synapse_cleft 3952 -0.00956503032 -0.00684805666 0.00920460933 0 0 0
nt@synapse_cleft 3973 0.0148508372 0.00983561215 0.000210149324 0 0 0
nt@synapse_cleft 3974 -0.0011789481 -0.00783850177 0.000545921084 0 0 0
nt@synapse_cleft 3993 -0.014407892 -0.0120408485 0.0150777462 0 0 0
nt@synapse_cleft 3997 0.00240774809 -0.000195708937 0.0137942817 0 0 0
nt@synapse_cleft 3999 -0.0189348552 0.0136313183 0.0052943748 0 0 0
nt@synapse_cleft 4018 -0.0122214277 -0.0116184784 0.00581652667 0 0 0
nt@synapse_cleft 4037 0.00230898589 1.99586918e-05 0.00519572411 0 0 0
nt@synapse_cleft 4049 -0.000315964377 -0.00336875451 0.00103840285 0 0 0
nt@synapse_cleft 4051 0.0075501022 0.000980320679 0.0142661285 0 0 0
nt@synapse_cleft 4103 0.00901379619 -0.0156324954 0.00789832699 0 0 0
nt@synapse_cleft 4106 -0.00319251003 0.00512698274 0.00456473659 0 0 0
nt@synapse_cleft 4119 0.00749771527 -0.00320021351 0.00105345039 0 0 0
nt@synapse_cleft 4126 0.00659397187 -0.01018711 0.0139304399 0 0 0
nt@synapse_cleft 4129 0.00137227478 -0.0132643071 0.0101471708 0 0 0
nt@synapse_cleft 4132 0.000866520295 -0.00397413306 0.017238669 0 0 0
nt@synapse_cleft 4135 -0.000265817735 -0.00979365851 0.00842777883 0 0 0
nt@synapse_cleft 4150 -0.00350204857 -0.0110014712 0.00741728073 0 0 0
nt@synapse_cleft 4155 -0.0118494259 -0.00672303426 0.0178376649 0 0 0
nt@synapse_cleft 4163 -0.010049398 -0.0098748189 0.00376263256 0 0 0
nt@synapse_cleft 4187 -0.000100404207 -0.00163790959 0.00728156345 0 0 0
nt@synapse_cleft 4193 -0.000896099971 -0.00263411063 0.00119185901 0 0 0
nt@synapse_cleft 4215 -0.0110527485 -0.00658005765 0.00237200247 0 0 0
nt@synapse_cleft 4220 0.0144291707 -0.0068246911 0.00132776975 0 0 0
nt@synapse_cleft 4252 -0.0222194484 -0.00467479973 0.0133951018 0 0 0
nt@synapse_cleft 4255 -0.0211839135 -0.0115883227 0.0064239695 0 0 0
nt@synapse_cleft 4288 0.00675963025 0.020488467 0.0101431747 0 0 0
nt@synapse_cleft 4297 0.0193335974 -0.00454028387 0.00219380645 0 0 0
nt@synapse_cleft 4312 -0.000940956777 -0.0120807598 0.00331273866 0 0 0
nt@synapse_cleft 4317 -0.00235639368 -0.00423600279 0.00626332304 0 0 0
nt@synapse_cleft 4330 -0.00306341342 0.0130660845 0.0134708313 0 0 0
nt@synapse_cleft 4339 -0.00646674568 0.00230723842 0.00134409407 0 0 0
nt@synapse_cleft 4346 0.00445884159 -0.00238353471 0.00968677457 0 0 0
nt@synapse_cleft 4360 -0.000475109229 0.00458413755 0.0183570898 0 0 0
nt@synapse_cleft 4365 0.00595196638 -0.00969466023 0.00342703415 0 0 0
nt@synapse_cleft 4381 -0.00925459134 -0.00799237737 0.0122917867 0 0 0
nt@synapse_cleft 4386 -0.0035439345 -0.0222652711 0.000583096008 0 0 0
nt@synapse_cleft 4392 -0.0056124798 0.014346427 0.0103273581 0 0 0
nt@synapse_cleft 4396 0.00420120894 0.0023556572 0.000728465189 0 0 0
nt@synapse_cleft 4398 -0.0042491299 -0.0133225225 0.00818684282 0 0 0
nt@synapse_cleft 4399 -0.0109947196 0.00164347575 0.000847696161 0 0 0
nt@synapse_cleft 4414 0.00415649018 -0.00227288934 0.0020926453 0 0 0
nt@synapse_cleft 4416 0.00180720708 0.00764584626 0.0111189422 0 0 0
nt@synapse_cleft 4434 0.00442726709 -0.00896895979 0.00300816005 0 0 0
nt@synapse_cleft 4446 -0.0134934851 -0.00718118007 0.000623640867 0 0 0
nt@synapse_cleft 4464 -0.0122668557 -0.00208541947 0.00267019779 0 0 0
nt@synapse_cleft 4478 0.0112435648 0.00222175339 0.00182473871 0 0 0
nt@synapse_cleft 4485 -0.000141235633 0.00877868113 0.0111398037 0 0 0
nt@synapse_cleft 4488 0.0108252361 0.00174835778 0.00288738909 0 0 0
nt@synapse_cleft 4499 0.000556483418 0.0165835266 0.0186331575 0 0 0
nt@synapse_cleft 4501 -0.0184889512 0.00547868006 0.00477766901 0 0 0
nt@synapse_cleft 4517 -0.0199093646 0.00279369076 0.00866721335 0 0 0
nt@synapse_cleft 4527 -0.00371982003 0.00298905356 0.00841161759 0 0 0
nt@synapse_cleft 4559 -0.00982103617 -0.00404203008 0.012480231 0 0 0
nt@synapse_cleft 4576 -0.0082755704 0.00116670642 0.00839945362 0 0 0
nt@synapse_cleft 4583 0.000940223021 -0.0120270765 0.0103949641 0 0 0
nt@synapse_cleft 4659 0.0181535363 0.0181373833 0.0068792925 0 0 0
nt@synapse_cleft 4681 -0.0156950153 0.00367113873 0.0105642187 0 0 0
nt@synapse_cleft 4700 0.00293063415 0.012708544 0.00024397788 0 0 0
nt@synapse_cleft 4709 -0.00386507775 -0.00664796442 0.0146595256 0 0 0
nt@synapse_cleft 4718 -0.00968051494 -0.00689729877 0.0101719734 0 0 0
nt@synapse_cleft 4750 -0.0110501911 0.00505084541 0.00601467625 0 0 0
nt@synapse_cleft 4758 -0.0106623624 0.00172005898 0.000983936453 0 0 0
nt@synapse_cleft 4764 0.00624785693 -0.00558978886 0.0096263373 0 0 0
nt@synapse_cleft 4784 -0.00836433049 0.0118822361 0.0139624976 0 0 0
nt@synapse_cleft 4801 -0.00126733411 -0.00749164753 0.00128874479 0 0 0
nt@synapse_cleft 4829 0.00689485534 0.011201641 0.00470645913 0 0 0
nt@synapse_cleft 4839 -0.00587126143 0.00385410314 0.00705825833 0 0 0
nt@synapse_cleft 4871 -0.00777617729 -0.0108391072 0.00610236405 0 0 0
nt@synapse_cleft 4880 0.00247320008 0.000886624168 0.00387006221 0 0 0
nt@synapse_cleft 4906 0.0123152211 -0.0108950919 0.0143087512 0 0 0
nt@synapse_cleft 4919 0.0034380193 -0.00574208164 0.000662643795 0 0 0
nt@synapse_cleft 4937 -0.0108828641 0.00921241602 0.00366232456 0 0 0
nt@synapse_cleft 4946 -0.00372158444 -0.0184190091 0.00914366867 0 0 0
nt@synapse_cleft 4981 0.000268604717 -0.00114500618 0.0147646591 0 0 0
nt@synapse_cleft 4982 -0.00863366046 -0.00349895587 0.0161018252 0 0 0
nt@synapse_cleft 5004 0.0182522034 0.00491240272 0.00623787476 0 0 0
nt@synapse_cleft 5006 -0.0162971736 -0.018532003 0.0149585476 0 0 0
nt@synapse_cleft 5015 0.0103818867 0.00665619843 0.00910790954 0 0 0
nt@synapse_cleft 5046 0.0177744337 -0.000405238218 0.00632756682 0 0 0
nt@synapse_cleft 5055 0.00308059525 -0.0101241036 0.00210059728 0 0 0
nt@synapse_cleft 5061 0.00559345349 -0.00180901843 0.00164924576 0 0 0
nt@synapse_cleft 5063 0.000760665604 -0.0154994283 0.000719144773 0 0 0
nt@synapse_cleft 5082 -0.00352034928 -0.0109357157 0.00195602646 0 0 0
nt@synapse_cleft 5086 -0.00721109876 -0.00834456456 0.00445156277 0 0 0
nt@synapse_cleft 5145 0.006047555 0.000946895197 0.000157934821 0 0 0
nt@synapse_cleft 5154 0.0155106699 -0.00183900469 0.00371542156 0 0 0
nt@synapse_cleft 5159 -0.0203493977 -0.01147741 0.000609623183 0 0 0
nt@synapse_cleft 5164 0.00560330055 0.00409166355 0.0104799447 0 0 0
nt@synapse_cleft 5173 -0.00498957936 0.0138864565 0.0186945005 0 0 0
nt@synapse_cleft 5176 0.00464629691 0.000225996456 0.00337593217 0 0 0
nt@synapse_cleft 5179 0.0049373608 0.0117642483 0.00880011481 0 0 0
nt@synapse_cleft 5182 0.00270689225 0.0112416946 0.000669700509 0 0 0
