nt@synapse_cleft 89 0.00884438458 0.000841172827 0.0130508097 0 0 0
nt@synapse_cleft 150 -0.0151718866 0.00964784785 0.00549316975 0 0 0
nt@synapse_cleft 195 -0.00649301665 -0.00222326021 0.00611482386 0 0 0
nt@synapse_cleft 284 0.0161962835 -0.00832438128 0.0145601822 0 0 0
nt@synapse_cleft 318 -0.008205418 0.00219034978 0.0112736296 0 0 0
nt@synapse_cleft 406 0.0127112465 0.00183889621 0.0172598459 0 0 0
nt@synapse_cleft 421 0.0215653467 -0.00911284862 0.0076302731 0 0 0
nt@synapse_cleft 429 0.0300030554 -0.0272166578 0.00306958122 0 0 0
nt@synapse_cleft 477 0.00399578112 -0.0131129455 0.00450246193 0 0 0
nt@synapse_cleft 482 -0.0147989183 -0.011520978 0.000333403536 0 0 0
nt@synapse_cleft 551 -0.00672042705 -0.0016869969 0.0152082645 0 0 0
nt@synapse_cleft 596 0.0231561597 -0.0106417007 0.0149923437 0 0 0
nt@synapse_cleft 620 -0.00957668064 0.00630635946 0.00820298172 0 0 0
nt@synapse_cleft 634 -0.00342694556 0.012240222 0.0180199716 0 0 0
nt@synapse_cleft 693 -0.000625298638 0.00502842302 0.00227343252 0 0 0
nt@synapse_cleft 728 -0.00392610956 -0.0138104288 0.00779609109 0 0 0
nt@synapse_cleft 750 -0.00525970333 0.0118829149 0.000909506542 0 0 0
nt@synapse_cleft 918 -0.0101943622 -0.00909246837 0.00147273397 0 0 0
nt@synapse_cleft 932 -0.00143465875 0.00676405258 0.00142817887 0 0 0
nt@synapse_cleft 938 -0.00844770783 0.0126553679 0.00458836292 0 0 0
nt@synapse_cleft 1048 0.0119667318 -0.00593577865 0.00901751678 0 0 0
nt@synapse_cleft 1144 -0.00421275295 0.00627970641 0.00341084843 0 0 0
nt@synapse_cleft 1167 0.0147319333 0.00134348596 0.0026813794 0 0 0
nt@synapse_cleft 1186 0.000213115277 0.0324221534 0.00744239725 0 0 0
nt@synapse_cleft 1193 -0.0233556297 0.00435146632 0.00963896716 0 0 0
nt@synapse_cleft 1200 -0.00672240739 -0.00125412391 0.000276764055 0 0 0
nt@synapse_cleft 1326 0.00916669529 0.0108493548 0.0199676865 0 0 0
nt@synapse_cleft 1368 0.00670365521 0.00475747503 0.00931054093 0 0 0
nt@synapse_cleft 1384 0.00519085808 0.0118417132 0.0183844466 0 0 0
nt@synapse_cleft 1442 -0.00366105548 -0.00522981496 0.00049680812 0 0 0
nt@synapse_cleft 1487 -0.00605361483 -0.0109785824 0.0107369796 0 0 0
nt@synapse_cleft 1506 -0.00545953759 0.00923869629 0.00174128365 0 0 0
nt@synapse_cleft 1600 0.0230927534 0.000641340464 0.00692050871 0 0 0
nt@synapse_cleft 1641 0.0173483354 -0.000129072255 0.00978424258 0 0 0
nt@synapse_cleft 1686 -0.0142003406 -0.0105078876 0.01718887 0 0 0
nt@synapse_cleft 1689 -0.0263850734 -0.0152239717 0.00184876313 0 0 0
nt@synapse_cleft 1707 -0.0139537604 -0.0177262905 0.0017503961 0 0 0
nt@synapse_cleft 1729 0.000735729944 -0.00258900351 2.1470717e-05 0 0 0
nt@synapse_cleft 1768 0.00297451439 -0.00874891477 0.0103673124 0 0 0
nt@synapse_cleft 1853 -0.0117302361 -0.0115370076 0.0152835279 0 0 0
nt@synapse_cleft 1885 -0.0119072772 0.0187296813 0.000315875766 0 0 0
nt@synapse_cleft 1896 -0.00490589892 0.0160640723 0.00667249704 0 0 0
nt@synapse_cleft 1932 0.0088782063 -0.000693305591 0.0148504594 0 0 0
nt@synapse_cleft 1973 0.0146999453 0.000402313143 0.0117245564 0 0 0
nt@synapse_cleft 2218 -0.00268975684 0.0108007359 0.00480303152 0 0 0
nt@synapse_cleft 2279 0.0020763076 0.0262794868 0.00690371786 0 0 0
nt@synapse_cleft 2284 -0.0100364005 -0.00993814299 0.0159071935 0 0 0
nt@synapse_cleft 2383 -0.0157757287 0.0110631418 0.00587874007 0 0 0
nt@synapse_cleft 2483 -0.0255928407 0.0187785136 0.0103760262 0 0 0
nt@synapse_cleft 2498 0.00334129931 0.0110222864 0.0136473723 0 0 0
nt@synapse_cleft 2517 0.0232620547 -0.00483649607 0.0083902608 0 0 0
nt@synapse_cleft 2564 -0.0224070499 -0.0112600139 0.00675121772 0 0 0
nt@synapse_cleft 2610 -0.0256920129 0.0172959892 0.00911120866 0 0 0
nt@synapse_cleft 2680 -0.00908104852 0.0251453719 0.00641969726 0 0 0
nt@synapse_cleft 2798 -0.00816886025 0.0139485702 0.00167088435 0 0 0
nt@synapse_cleft 2876 -0.00945782904 0.00818669669 0.018529725 0 0 0
nt@synapse_cleft 2983 0.00250521581 -0.00644230055 0.00880083658 0 0 0
nt@synapse_cleft 2993 0.0301711501 0.020323028 0.0073783546 0 0 0
nt@synapse_cleft 3073 -0.0157302672 -0.0162512233 0.0179291439 0 0 0
nt@synapse_cleft 3308 0.0048663664 0.0226130979 0.0132638932 0 0 0
nt@synapse_cleft 3367 0.00927922289 0.0121551394 0.0132114174 0 0 0
nt@synapse_cleft 3413 0.0271800099 -0.00950685122 1.66002753e-05 0 0 0
nt@synapse_cleft 3467 0.0011948042 0.00547207532 0.00972800307 0 0 0
nt@synapse_cleft 3563 -0.0292200761 -0.00028307631 0.00965912549 0 0 0
nt@synapse_cleft 3616 0.0107928654 -0.0217219499 0.0025863767 0 0 0
nt@synapse_cleft 3706 -0.00435740048 0.00586616654 0.019378613 0 0 0
nt@synapse_cleft 3714 -0.020850766 -0.00927802498 0.00316898122 0 0 0
nt@synapse_cleft 3737 0.0109097007 0.00639997554 0.0158746908 0 0 0
nt@synapse_cleft 3811 0.00854966264 0.0172007136 0.00225009919 0 0 0
nt@synapse_cleft 3834 -0.00827211204 -0.000299998472 0.013577905 0 0 0
nt@synapse_cleft 3902 0.0200030781 -0.00110997265 0.00420988713 0 0 0
nt@synapse_cleft 3921 0.00692164641 -0.0104201332 0.00875345797 0 0 0
nt@synapse_cleft 3974 0.00732792377 -0.00306204506 0.0100443033 0 0 0
nt@synapse_cleft 3999 -0.019970971 0.0119007864 0.000963367891 0 0 0
nt@synapse_cleft 4018 -0.0165023946 -0.0155403777 0.0104764484 0 0 0
nt@synapse_cleft 4037 -0.00267235745 -0.00289219981 0.00616295374 0 0 0
nt@synapse_cleft 4106 -0.00885577853 0.0016283967 0.00829131037 0 0 0
nt@synapse_cleft 4187 -0.0077526341 -0.000575573012 0.00674465259 0 0 0
nt@synapse_cleft 4381 -0.0109967201 -0.0113652341 0.00708756607 0 0 0
nt@synapse_cleft 4414 0.00519192675 -0.00443551533 0.00610530659 0 0 0
nt@synapse_cleft 4416 0.0191428623 0.0154661154 0.00554562319 0 0 0
nt@synapse_cleft 4464 -0.00395612428 0.0118063111 0.00453402379 0 0 0
nt@synapse_cleft 4485 -0.0037514151 0.00646537372 0.00425526401 0 0 0
nt@synapse_cleft 4700 -0.000131011367 0.00130586772 0.00118425236 0 0 0
nt@synapse_cleft 4718 -0.0130712251 -0.0186352732 0.00386849991 0 0 0
nt@synapse_cleft 4839 -0.00184861655 -0.00236679255 0.0147395556 0 0 0
nt@synapse_cleft 4981 -0.00721251099 -0.0173338501 0.00830915348 0 0 0
nt@synapse_cleft 5004 0.00820537856 0.0176609829 0.00298831601 0 0 0
nt@synapse_cleft 5006 -0.0146346927 -0.00925310815 0.0150569931 0 0 0
nt@synapse_cleft 5061 0.0121992444 0.00865204448 0.00442698425 0 0 0
nt@synapse_cleft 5173 -0.00420741261 0.0247498987 0.0132420476 0 0 0
nt@synapse_cleft 5179 0.0110225805 0.0232383328 0.0146787869 0 0 0
