nt@synapse_cleft 0 -0.000453861352 0.00674180529 0.0108240534 0 0 0
nt@synapse_cleft 2 -0.00983293511 0.0104429808 0.0133805311 0 0 0
nt@synapse_cleft 7 0.00129428088 -0.00803673116 0.00876122827 0 0 0
nt@synapse_cleft 9 0.0135601656 -0.000609514358 0.0097107591 0 0 0
nt@synapse_cleft 12 0.0105774618 0.0151953092 0.00183364432 0 0 0
nt@synapse_cleft 15 -0.0162721505 -0.0117422698 0.00495974564 0 0 0
nt@synapse_cleft 26 0.0115476663 0.00976703457 0.0102647015 0 0 0
nt@synapse_cleft 45 0.0016589279 0.00740990615 0.0153813462 0 0 0
nt@synapse_cleft 54 -0.00292900439 -0.00171538756 0.0111955217 0 0 0
nt@synapse_cleft 89 0.00511919294 -0.00722366272 0.00900759622 0 0 0
nt@synapse_cleft 100 -0.00614278556 0.00114628589 0.00714618024 0 0 0
nt@synapse_cleft 103 -0.0129364804 0.00222635397 0.016024706 0 0 0
nt@synapse_cleft 150 -0.0130039356 0.00430446165 0.0014664744 0 0 0
nt@synapse_cleft 188 -0.00710077664 0.00866740692 0.00523949118 0 0 0
nt@synapse_cleft 194 0.00679566632 -0.000419519301 0.000936564331 0 0 0
nt@synapse_cleft 195 -0.00112221644 -0.00405578926 0.000795374363 0 0 0
nt@synapse_cleft 199 0.00650814983 -0.00426652635 0.00179023079 0 0 0
nt@synapse_cleft 206 -0.00218049018 -0.0183264882 0.00715013401 0 0 0
nt@synapse_cleft 231 -0.00593775753 -0.000754982629 0.0042677737 0 0 0
nt@synapse_cleft 235 0.014682733 -0.00108318359 0.00286375929 0 0 0
nt@synapse_cleft 244 0.00758197608 0.000792320371 0.0156576153 0 0 0
nt@synapse_cleft 248 0.00968661345 8.45902123e-06 0.00114218288 0 0 0
nt@synapse_cleft 256 -0.00288671487 -0.000765567705 6.13637738e-06 0 0 0
nt@synapse_cleft 284 0.0119507994 -0.0100928231 0.00764943079 0 0 0
nt@synapse_cleft 318 0.00210631491 -0.00144885861 0.00606564645 0 0 0
nt@synapse_cleft 321 0.010568942 -0.00462204644 0.0123118019 0 0 0
nt@synapse_cleft 325 -0.00421280486 0.00210668192 0.00794781195 0 0 0
nt@synapse_cleft 361 0.00486014099 -0.0151959043 0.00613944473 0 0 0
nt@synapse_cleft 376 0.00787957819 -0.00370336421 0.00997349477 0 0 0
nt@synapse_cleft 385 0.0032182136 0.00468388306 0.006813401 0 0 0
nt@synapse_cleft 406 0.00524878685 -0.00741066021 0.0177560507 0 0 0
nt@synapse_cleft 421 0.0167737267 -0.0178777224 0.0178519998 0 0 0
nt@synapse_cleft 426 -0.00303533326 -0.00497947582 0.00780358752 0 0 0
nt@synapse_cleft 429 0.0236284423 -0.00346152658 0.00784828839 0 0 0
nt@synapse_cleft 444 -0.00640918846 -0.00484778236 0.00509299945 0 0 0
nt@synapse_cleft 449 -0.0104959063 0.00367212174 0.000253117337 0 0 0
nt@synapse_cleft 452 0.00697422156 -0.00389824308 0.0098619396 0 0 0
nt@synapse_cleft 455 0.00474414858 -0.00965568882 0.00248290602 0 0 0
nt@synapse_cleft 477 0.0107567989 -0.0123864914 0.0118604892 0 0 0
nt@synapse_cleft 479 -0.0164746773 0.00508632128 0.00220941801 0 0 0
nt@synapse_cleft 482 -0.0156757539 0.0080600258 0.00239037345 0 0 0
nt@synapse_cleft 499 0.0121866606 -0.0014930165 0.000714465033 0 0 0
nt@synapse_cleft 510 -0.00209247982 0.0104615148 0.00170413621 0 0 0
nt@synapse_cleft 522 -0.00486988265 0.00575657146 0.00461033835 0 0 0
nt@synapse_cleft 536 -0.021106023 0.0198149318 0.0106519368 0 0 0
nt@synapse_cleft 544 -0.0108663046 0.0113143567 0.0156298171 0 0 0
nt@synapse_cleft 549 -0.00653959481 0.0138911812 0.00724189959 0 0 0
nt@synapse_cleft 551 -0.0138619429 0.00318993042 0.0128548669 0 0 0
nt@synapse_cleft 558 1.50334833e-05 0.000804393875 0.00227981187 0 0 0
nt@synapse_cleft 563 -0.00140256944 0.00704055745 0.00745772179 0 0 0
nt@synapse_cleft 575 0.0213832231 0.00146266686 0.00913457345 0 0 0
nt@synapse_cleft 596 0.0236557306 -0.0245263058 0.0137258349 0 0 0
nt@synapse_cleft 620 0.00184165272 0.00564866437 0.0106742505 0 0 0
nt@synapse_cleft 627 0.0185725202 0.00129629865 0.00512728478 0 0 0
nt@synapse_cleft 633 0.00256730167 0.000541971495 0.00704741343 0 0 0
nt@synapse_cleft 634 -0.00864381029 0.00660951322 0.00457563783 0 0 0
nt@synapse_cleft 645 -0.00665647711 0.00904665186 0.00872999574 0 0 0
nt@synapse_cleft 661 0.00198817461 0.00635190034 0.00191506765 0 0 0
nt@synapse_cleft 664 0.00633617332 -0.00404822773 0.0110957836 0 0 0
nt@synapse_cleft 678 -0.00317215349 -0.00353333994 0.00288918115 0 0 0
nt@synapse_cleft 681 0.0128192462 0.00409930952 0.0181032421 0 0 0
nt@synapse_cleft 693 0.00258052441 0.00782949009 0.00878944528 0 0 0
nt@synapse_cleft 698 -0.00223304414 -0.00217829208 8.43586789e-05 0 0 0
nt@synapse_cleft 721 -0.0133813304 -0.00229846774 0.00769915161 0 0 0
nt@synapse_cleft 727 0.00194850442 0.0231045343 0.00442111734 0 0 0
nt@synapse_cleft 728 -0.00286551099 0.00173737799 0.0176850582 0 0 0
nt@synapse_cleft 732 0.0129284892 -0.00683399861 0.0055022717 0 0 0
nt@synapse_cleft 735 0.00213500182 -0.00939060335 0.00454267493 0 0 0
nt@synapse_cleft 741 -0.00343679569 0.00407416301 0.0068590236 0 0 0
nt@synapse_cleft 750 0.0024934725 0.00191955451 0.00322327131 0 0 0
nt@synapse_cleft 754 -0.0136860326 -0.00219156755 0.000223096579 0 0 0
nt@synapse_cleft 760 -0.000354577309 -0.00381921059 0.000989414348 0 0 0
nt@synapse_cleft 765 -0.000602217659 -0.00529692764 0.00606593019 0 0 0
nt@synapse_cleft 768 0.0102920786 -0.000324140693 0.00329764942 0 0 0
nt@synapse_cleft 769 -0.01792465 -0.00740012996 0.0182665578 0 0 0
nt@synapse_cleft 779 -0.0107602828 0.0160054136 0.016302163 0 0 0
nt@synapse_cleft 797 -0.0127917453 0.00282960535 0.00269967755 0 0 0
nt@synapse_cleft 816 0.011710688 0.00646570033 0.0107206789 0 0 0
nt@synapse_cleft 831 -0.00547200074 -0.0145765778 0.00349885315 0 0 0
nt@synapse_cleft 833 -0.00491760145 0.00497187155 0.00175715211 0 0 0
nt@synapse_cleft 837 -0.00114567649 0.000413909702 0.0145131391 0 0 0
nt@synapse_cleft 847 0.00044227689 0.0010281466 0.0173734104 0 0 0
nt@synapse_cleft 866 -0.00103543145 0.022381223 0.00854377645 0 0 0
nt@synapse_cleft 877 0.00164656193 -0.00237300876 0.0124418149 0 0 0
nt@synapse_cleft 884 0.00806227204 0.00549249352 0.0129501171 0 0 0
nt@synapse_cleft 904 -0.00703257643 -0.0143573934 0.00852748174 0 0 0
nt@synapse_cleft 908 0.0119914571 0.00235121584 0.00558712403 0 0 0
nt@synapse_cleft 913 -0.000793548811 0.00037677917 0.00527627707 0 0 0
nt@synapse_cleft 918 -0.0215275509 0.0034250232 0.012692641 0 0 0
nt@synapse_cleft 932 0.000407995574 -0.00882915 0.00758999662 0 0 0
nt@synapse_cleft 938 -0.00886386712 0.0035855453 0.00175507346 0 0 0
nt@synapse_cleft 940 0.00772915208 -0.00015687562 0.00693389345 0 0 0
nt@synapse_cleft 942 0.0105443002 -0.00725637364 0.00112999231 0 0 0
nt@synapse_cleft 945 -0.00144002848 0.00193022955 0.00144040311 0 0 0
nt@synapse_cleft 947 0.000218590493 0.0106567181 0.000172758935 0 0 0
nt@synapse_cleft 953 -0.0117445619 0.00873693354 0.00894021485 0 0 0
nt@synapse_cleft 961 0.00410247592 -0.0097614119 0.00423967143 0 0 0
nt@synapse_cleft 978 -0.00369690386 0.00272005834 0.000890226832 0 0 0
nt@synapse_cleft 998 0.000122969728 0.0124801684 0.00310429617 0 0 0
nt@synapse_cleft 1002 -0.0202587167 -0.0118947525 0.00485387799 0 0 0
nt@synapse_cleft 1013 0.00651197958 -0.0153770688 0.00108869244 0 0 0
nt@synapse_cleft 1027 0.0189992329 -0.0151726973 0.00100767323 0 0 0
nt@synapse_cleft 1035 0.0131394052 0.00286025279 0.00402173985 0 0 0
nt@synapse_cleft 1048 0.00634888071 -0.00821808762 0.00844764649 0 0 0
nt@synapse_cleft 1080 -0.00441874425 0.00727942307 0.00532369616 0 0 0
nt@synapse_cleft 1092 -0.00294317565 0.00872374603 0.0125764222 0 0 0
nt@synapse_cleft 1107 -0.00276037908 0.0288911959 0.0012973192 0 0 0
nt@synapse_cleft 1130 -0.0121751693 -0.00262264566 0.0047960505 0 0 0
nt@synapse_cleft 1136 0.00136560128 -0.00763641845 0.010086038 0 0 0
nt@synapse_cleft 1144 -0.00369925216 -0.00407303774 0.00260911181 0 0 0
nt@synapse_cleft 1145 0.0131430197 -0.003679081 0.007722529 0 0 0
nt@synapse_cleft 1152 0.000884111021 0.0190993034 0.00805137805 0 0 0
nt@synapse_cleft 1167 0.0106559354 -0.00387495207 0.00576027395 0 0 0
nt@synapse_cleft 1177 0.00332450197 -0.000451266181 0.00128864802 0 0 0
nt@synapse_cleft 1186 -0.00432329088 0.0246579778 0.00273377343 0 0 0
nt@synapse_cleft 1193 -0.00682211841 -0.00387052478 0.00998559964 0 0 0
nt@synapse_cleft 1200 -0.0116420865 0.00553484457 0.0067926816 0 0 0
nt@synapse_cleft 1203 -0.00180319822 0.00784006399 0.0131829221 0 0 0
nt@synapse_cleft 1204 0.00837973848 0.00562920241 0.000218416019 0 0 0
nt@synapse_cleft 1205 -0.0162355985 0.00255708815 0.0103932585 0 0 0
nt@synapse_cleft 1206 -0.0101843416 0.00117750347 0.00701423938 0 0 0
nt@synapse_cleft 1238 -0.00294883028 -0.0072451896 0.0121176778 0 0 0
nt@synapse_cleft 1252 0.00369657109 -0.0111624802 0.0183586668 0 0 0
nt@synapse_cleft 1270 -0.0105301239 0.00193777661 0.0101278834 0 0 0
nt@synapse_cleft 1289 -0.00204445076 0.00691667944 0.0185517577 0 0 0
nt@synapse_cleft 1298 -0.0113123205 -0.0106005272 0.00566312957 0 0 0
nt@synapse_cleft 1302 -0.00456061162 0.0171973469 0.00606911453 0 0 0
nt@synapse_cleft 1311 0.00831309158 0.00689546358 0.00393428474 0 0 0
nt@synapse_cleft 1326 0.00280077071 0.0204630614 0.0170748937 0 0 0
nt@synapse_cleft 1343 -0.0129352708 0.00923774245 0.00336813138 0 0 0
nt@synapse_cleft 1349 -0.00275578227 0.00660841974 0.000525188558 0 0 0
nt@synapse_cleft 1368 -0.00230202045 0.00711823601 0.00764435369 0 0 0
nt@synapse_cleft 1372 -0.00109398187 -0.00107685035 0.00775331787 0 0 0
nt@synapse_cleft 1380 0.00069059834 -0.0114012878 0.0106020509 0 0 0
nt@synapse_cleft 1384 0.00662311915 0.00460729066 0.0123156474 0 0 0
nt@synapse_cleft 1400 -0.00958667922 0.00327938649 0.000636730364 0 0 0
nt@synapse_cleft 1403 -0.0261670092 0.0128643611 0.00315844431 0 0 0
nt@synapse_cleft 1416 -0.00469817266 -0.0163910476 0.010480653 0 0 0
nt@synapse_cleft 1419 -0.00683460121 -0.00373595577 0.00813844042 0 0 0
nt@synapse_cleft 1425 0.0124447224 0.00433671341 0.0184605512 0 0 0
nt@synapse_cleft 1438 0.00773924889 -0.00572444765 0.0120016789 0 0 0
nt@synapse_cleft 1440 0.00303153725 0.00793549313 0.00379054249 0 0 0
nt@synapse_cleft 1442 -0.0172427106 -0.00274543525 4.50631573e-05 0 0 0
nt@synapse_cleft 1444 -0.0121194015 -0.0015194283 0.000442953372 0 0 0
nt@synapse_cleft 1446 0.00373362787 -0.00207391565 0.00726451235 0 0 0
nt@synapse_cleft 1452 -0.000758978009 -0.017012799 0.0181152704 0 0 0
nt@synapse_cleft 1455 0.0155189086 -0.00255041035 0.000173980034 0 0 0
nt@synapse_cleft 1470 -0.0113959457 -0.00690452218 0.00858530463 0 0 0
nt@synapse_cleft 1472 0.00214405761 -0.00328001623 0.00315541593 0 0 0
nt@synapse_cleft 1481 0.000448180966 0.0119585429 0.00542223145 0 0 0
nt@synapse_cleft 1487 0.00364095962 -0.00758708644 0.00588766203 0 0 0
nt@synapse_cleft 1488 -0.00831101197 0.00734607492 0.0157448171 0 0 0
nt@synapse_cleft 1496 0.00904217755 -0.0033714742 0.00256188915 0 0 0
nt@synapse_cleft 1506 -0.0123249545 0.00466654713 0.0120616762 0 0 0
nt@synapse_cleft 1512 0.0134618191 0.000875256044 0.0113414538 0 0 0
nt@synapse_cleft 1527 -0.0150025862 -0.0186801106 0.00511144127 0 0 0
nt@synapse_cleft 1528 0.00441493718 0.00274404893 0.00519146317 0 0 0
nt@synapse_cleft 1531 0.00147827529 -0.00491373086 0.00956750645 0 0 0
nt@synapse_cleft 1538 -0.00441944041 -0.0133897494 0.000805780747 0 0 0
nt@synapse_cleft 1542 0.00653554099 0.00304965551 0.0166968775 0 0 0
nt@synapse_cleft 1553 0.00844963103 -0.0200947292 0.0186471327 0 0 0
nt@synapse_cleft 1565 -0.00583606106 -0.00308613205 0.0108671783 0 0 0
nt@synapse_cleft 1573 0.00152207579 0.00717940785 0.0131026802 0 0 0
nt@synapse_cleft 1600 0.0133534373 -0.00498063759 0.00824308805 0 0 0
nt@synapse_cleft 1605 0.000620807967 -0.00758967185 0.0144091449 0 0 0
nt@synapse_cleft 1611 -0.00224514818 -0.00178564797 0.0081465724 0 0 0
nt@synapse_cleft 1617 0.00144114661 0.0149454571 0.0198582632 0 0 0
nt@synapse_cleft 1641 -0.00205993505 0.00408583354 0.00186188589 0 0 0
nt@synapse_cleft 1675 -0.00378417124 0.0108555892 0.0125537791 0 0 0
nt@synapse_cleft 1678 0.0156909535 -0.00903594261 0.00228882359 0 0 0
nt@synapse_cleft 1681 -0.00748231904 -0.00476369487 0.00455041523 0 0 0
nt@synapse_cleft 1686 0.00223711555 -0.00134837541 0.0189584132 0 0 0
nt@synapse_cleft 1687 -0.0129036038 0.00414378084 0.00751733888 0 0 0
nt@synapse_cleft 1689 -0.0270346218 -0.01174143 0.00497348929 0 0 0
nt@synapse_cleft 1692 0.00592846385 -0.00471123275 0.0119361562 0 0 0
nt@synapse_cleft 1695 0.00453599806 -0.0126868887 0.0121774349 0 0 0
nt@synapse_cleft 1701 -0.00310637091 -0.0163986953 0.00111633542 0 0 0
nt@synapse_cleft 1707 -0.0150459552 -0.0101840068 0.0021957622 0 0 0
nt@synapse_cleft 1715 -0.00671510302 0.00131013721 0.001356373 0 0 0
nt@synapse_cleft 1729 -0.00449980284 -0.00763960237 0.00770991454 0 0 0
nt@synapse_cleft 1742 0.00106039762 -0.0114971755 0.000854026496 0 0 0
nt@synapse_cleft 1743 0.00515342959 -0.00290194777 0.0102045631 0 0 0
nt@synapse_cleft 1745 0.000352285881 0.00187284657 0.000873780925 0 0 0
nt@synapse_cleft 1746 -0.0203818569 -0.0187754676 0.0100066372 0 0 0
nt@synapse_cleft 1751 -0.00790136764 -0.0111779661 0.00835228065 0 0 0
nt@synapse_cleft 1759 0.000637792983 0.000524506335 0.000788884565 0 0 0
nt@synapse_cleft 1762 -0.0129133595 0.0196972629 0.0148885229 0 0 0
nt@synapse_cleft 1768 -0.00204326558 0.000793337334 0.00412992445 0 0 0
nt@synapse_cleft 1775 0.0162787398 -0.0109133907 0.00573237643 0 0 0
nt@synapse_cleft 1781 -0.00423745723 -0.00392838368 0.00514631687 0 0 0
nt@synapse_cleft 1793 -0.0094109316 0.00425764828 0.00763843356 0 0 0
nt@synapse_cleft 1815 0.00615403351 -0.00154988314 0.0101694593 0 0 0
nt@synapse_cleft 1829 0.0034249668 0.00209577282 0.00319893503 0 0 0
nt@synapse_cleft 1846 -4.76239226e-05 -0.01278225 0.00263372153 0 0 0
nt@synapse_cleft 1853 -0.00276300283 -0.0172539915 0.0120937982 0 0 0
nt@synapse_cleft 1854 0.00641972887 -0.0106346256 0.000414275249 0 0 0
nt@synapse_cleft 1856 0.00191029353 -0.0248143122 0.016870385 0 0 0
nt@synapse_cleft 1877 -0.0102072832 0.00237730188 0.00327477876 0 0 0
nt@synapse_cleft 1880 -0.0137693127 -0.0234792941 0.00138302476 0 0 0
nt@synapse_cleft 1883 0.00117277988 0.00555248774 0.00796543092 0 0 0
nt@synapse_cleft 1885 -0.0120853331 0.00899682171 0.00384704826 0 0 0
nt@synapse_cleft 1887 -0.00256743483 0.000199943562 0.00815393958 0 0 0
nt@synapse_cleft 1892 0.00336133121 -0.00356784523 0.00150788466 0 0 0
nt@synapse_cleft 1896 -0.00741922519 0.00655537919 0.00715663252 0 0 0
nt@synapse_cleft 1923 0.00892835516 -0.00358931254 0.0111192257 0 0 0
nt@synapse_cleft 1926 0.00269215568 -0.0108028093 0.013139769 0 0 0
nt@synapse_cleft 1932 0.00445521833 0.00641408728 0.00331745204 0 0 0
nt@synapse_cleft 1946 -0.00888480365 -0.0079109668 0.00176884701 0 0 0
nt@synapse_cleft 1961 -0.009334984 0.000451441895 0.0136500182 0 0 0
nt@synapse_cleft 1970 -0.00483898277 0.000179727837 0.0147623485 0 0 0
nt@synapse_cleft 1973 0.00263364748 -0.0055299009 0.000330473715 0 0 0
nt@synapse_cleft 1990 -0.0205546752 -0.00485963613 0.0140345434 0 0 0
nt@synapse_cleft 2014 -0.0187184227 0.00403005466 0.00276048625 0 0 0
nt@synapse_cleft 2036 0.00262719225 0.00388638913 0.000528491568 0 0 0
nt@synapse_cleft 2064 0.000505623598 -0.00824098229 0.00887671666 0 0 0
nt@synapse_cleft 2092 -0.00272347328 -0.00424945483 0.000235343663 0 0 0
nt@synapse_cleft 2096 -0.003538191 -0.00969460203 5.74256101e-05 0 0 0
nt@synapse_cleft 2104 -0.00632416028 -0.000949741365 0.0088594559 0 0 0
nt@synapse_cleft 2112 0.0029659572 0.0043567938 0.00994110129 0 0 0
nt@synapse_cleft 2124 0.0283220048 -0.00225721237 0.0024469421 0 0 0
nt@synapse_cleft 2127 0.00338452526 -0.00570088996 0.019451094 0 0 0
nt@synapse_cleft 2137 -0.00502029404 -0.00896978017 0.0019743277 0 0 0
nt@synapse_cleft 2162 0.0100423847 -0.00167327603 0.00882912502 0 0 0
nt@synapse_cleft 2163 0.00705563025 0.0034347085 0.00345488737 0 0 0
nt@synapse_cleft 2199 -0.0171333061 -0.00364702573 0.00293504112 0 0 0
nt@synapse_cleft 2204 -0.0175199107 0.0126243526 0.000106370581 0 0 0
nt@synapse_cleft 2218 -0.00467354461 0.00406756624 0.00309920453 0 0 0
nt@synapse_cleft 2223 0.000369293748 -0.000922909627 0.00573706832 0 0 0
nt@synapse_cleft 2251 -0.0125025691 -0.00525242684 0.018466331 0 0 0
nt@synapse_cleft 2254 -0.0191157443 0.0158889699 0.00525221658 0 0 0
nt@synapse_cleft 2257 0.00369089057 0.00591874322 0.00373068982 0 0 0
nt@synapse_cleft 2262 0.00160994148 0.00874082377 0.0102253934 0 0 0
nt@synapse_cleft 2278 0.00704434935 -0.0143331404 0.00660724279 0 0 0
nt@synapse_cleft 2279 0.00936350417 0.00761385858 0.0101847075 0 0 0
nt@synapse_cleft 2283 0.00802135065 -0.0117522591 0.000444707149 0 0 0
nt@synapse_cleft 2284 0.0072204891 -0.0140337689 0.0150774769 0 0 0
nt@synapse_cleft 2285 -0.00202723161 -0.00892542756 0.00455622448 0 0 0
nt@synapse_cleft 2298 0.0104753456 0.00661522879 0.0127174744 0 0 0
nt@synapse_cleft 2309 -0.0104867404 -0.0160270148 0.00302765001 0 0 0
nt@synapse_cleft 2314 0.00553287885 0.00134475112 0.00725999422 0 0 0
nt@synapse_cleft 2321 -0.000343378122 0.00545149385 0.00205381165 0 0 0
nt@synapse_cleft 2330 -0.0184190428 -0.0101835086 0.000583440311 0 0 0
nt@synapse_cleft 2367 -0.0178117943 0.00120915363 0.00118318521 0 0 0
nt@synapse_cleft 2369 -0.00783876282 -0.00154974732 0.00124095057 0 0 0
nt@synapse_cleft 2383 -0.00331373582 0.00560543928 0.00682938309 0 0 0
nt@synapse_cleft 2389 0.0107163346 -0.0259111368 0.00425795123 0 0 0
nt@synapse_cleft 2411 -0.00608304896 0.00490109865 0.0068695203 0 0 0
nt@synapse_cleft 2421 -0.0210896473 0.015933479 0.019450833 0 0 0
nt@synapse_cleft 2423 -0.00776476579 0.00233304782 0.0135219363 0 0 0
nt@synapse_cleft 2438 -0.0174034443 0.00547718299 0.00292116122 0 0 0
nt@synapse_cleft 2448 -0.00432383308 0.00356359234 0.00577322384 0 0 0
nt@synapse_cleft 2462 0.00931194138 0.00767780094 0.01396239 0 0 0
nt@synapse_cleft 2468 -0.0163431138 -0.00913542725 0.0131194679 0 0 0
nt@synapse_cleft 2472 -0.0119757154 0.0129468701 0.0130754738 0 0 0
nt@synapse_cleft 2483 -0.0164504074 0.0109574624 0.0109599195 0 0 0
nt@synapse_cleft 2491 0.00995734718 -0.00634981354 0.0076011508 0 0 0
nt@synapse_cleft 2493 0.0100715254 0.00437334302 0.00479213892 0 0 0
nt@synapse_cleft 2498 0.00505863114 -0.00103192217 0.0183401237 0 0 0
nt@synapse_cleft 2502 -0.0124332471 -0.00569110453 0.00161213233 0 0 0
nt@synapse_cleft 2513 -0.00761440417 -0.0114526765 0.00286374543 0 0 0
nt@synapse_cleft 2517 0.00389608703 -0.00758553706 0.00435148465 0 0 0
nt@synapse_cleft 2520 0.00248536872 -0.00788790072 0.000516150241 0 0 0
nt@synapse_cleft 2528 -0.00532627648 0.00603814424 0.0171025827 0 0 0
nt@synapse_cleft 2539 0.00349104715 0.0101302709 0.00410552385 0 0 0
nt@synapse_cleft 2550 -0.000430416122 -0.0228208556 0.00897071742 0 0 0
nt@synapse_cleft 2555 0.00432732993 -0.00977657687 0.00861329012 0 0 0
nt@synapse_cleft 2561 0.00997384718 0.00161518728 0.000830202478 0 0 0
nt@synapse_cleft 2563 -0.00402564051 0.0053580408 0.00623421465 0 0 0
nt@synapse_cleft 2564 -0.00945508725 -0.00121567125 0.00169069472 0 0 0
nt@synapse_cleft 2566 0.0145741361 0.00510781697 0.019906069 0 0 0
nt@synapse_cleft 2570 0.0295750599 0.00350594125 0.00880211174 0 0 0
nt@synapse_cleft 2577 -0.00739720451 -0.00710909591 0.00855477416 0 0 0
nt@synapse_cleft 2610 -0.00200414398 0.00415043009 0.00253059981 0 0 0
nt@synapse_cleft 2628 0.00990750352 -0.00375853269 0.0155712143 0 0 0
nt@synapse_cleft 2639 0.00440550472 -0.0171327197 0.00504007379 0 0 0
nt@synapse_cleft 2652 -0.0100715277 -0.00923422612 0.0188254238 0 0 0
nt@synapse_cleft 2660 -0.00674067103 0.011038664 0.0018534259 0 0 0
nt@synapse_cleft 2670 -0.0109539429 -0.00999659323 0.0198090564 0 0 0
nt@synapse_cleft 2680 -0.00810916198 0.0171104275 0.00414422605 0 0 0
nt@synapse_cleft 2681 0.00569632162 -0.00932783869 0.000835778162 0 0 0
nt@synapse_cleft 2688 0.004418827 0.0146288458 0.00114342035 0 0 0
nt@synapse_cleft 2702 -0.00496746549 0.00453488815 0.00667658955 0 0 0
nt@synapse_cleft 2708 -0.0320927718 -0.00802607594 0.000499611362 0 0 0
nt@synapse_cleft 2709 0.0104446559 -0.00311506211 0.00921511742 0 0 0
nt@synapse_cleft 2724 -0.0019219425 0.0053956954 0.00774341325 0 0 0
nt@synapse_cleft 2729 -0.00647785972 0.00747513105 0.00420351543 0 0 0
nt@synapse_cleft 2743 -0.00661688116 -0.00198376404 0.00024571822 0 0 0
nt@synapse_cleft 2750 -0.0152272339 0.0155140683 0.00816993881 0 0 0
nt@synapse_cleft 2752 0.0145046125 0.000162555035 0.0190122264 0 0 0
nt@synapse_cleft 2756 0.00737668317 -0.00546285793 0.00562763405 0 0 0
nt@synapse_cleft 2766 -0.00217629773 0.0115344049 0.00745640535 0 0 0
nt@synapse_cleft 2798 8.23278035e-05 0.0143436149 0.0022869024 0 0 0
nt@synapse_cleft 2807 0.000725830777 6.23566218e-05 0.00759395174 0 0 0
nt@synapse_cleft 2808 -0.00872170523 -0.0126403901 0.0157437847 0 0 0
nt@synapse_cleft 2820 0.00511323944 -0.00742322849 0.0018911597 0 0 0
nt@synapse_cleft 2828 -0.00947412386 -0.00495118241 0.00641440304 0 0 0
nt@synapse_cleft 2863 0.0130508934 0.000292393821 0.00560255962 0 0 0
nt@synapse_cleft 2876 -0.011285294 0.0209669304 0.00619738212 0 0 0
nt@synapse_cleft 2880 0.0029693315 -0.00596219072 0.00708982973 0 0 0
nt@synapse_cleft 2884 -0.0176742724 -0.0084554191 0.00946196758 0 0 0
nt@synapse_cleft 2894 -0.0100261787 -0.0221442241 0.0113981066 0 0 0
nt@synapse_cleft 2905 -0.0173404938 0.0102807525 0.0180596552 0 0 0
nt@synapse_cleft 2909 0.012625532 -0.00714266556 0.00315521099 0 0 0
nt@synapse_cleft 2912 -0.000739517641 0.00134309763 0.00711822087 0 0 0
nt@synapse_cleft 2915 -0.00181070351 -0.0099182868 0.00607854412 0 0 0
nt@synapse_cleft 2935 -7.43638326e-06 -0.00729368745 0.00379143775 0 0 0
nt@synapse_cleft 2940 -0.0120592496 -0.0145761356 0.00645449489 0 0 0
nt@synapse_cleft 2962 0.0044298606 -0.00033253061 0.00701061491 0 0 0
nt@synapse_cleft 2983 0.00583042214 -0.0015016033 0.0033378798 0 0 0
nt@synapse_cleft 2993 0.018469695 0.00431809461 0.00408012589 0 0 0
nt@synapse_cleft 3006 -0.0113061272 -0.0111244053 0.00985141721 0 0 0
nt@synapse_cleft 3012 0.00587723874 -0.00703928406 0.0124745355 0 0 0
nt@synapse_cleft 3019 0.01091585 -0.00464398037 0.00778420168 0 0 0
nt@synapse_cleft 3042 -0.00390953357 0.0183750311 0.0114948922 0 0 0
nt@synapse_cleft 3047 -0.00120821504 -0.016889114 0.00789584238 0 0 0
nt@synapse_cleft 3061 -0.00222101555 -0.00808658086 0.00736434664 0 0 0
nt@synapse_cleft 3069 -0.00619615783 -0.00242149026 0.00600325766 0 0 0
nt@synapse_cleft 3073 -0.00380978655 -0.00993428352 0.0187828007 0 0 0
nt@synapse_cleft 3089 -0.0154003074 0.00591876441 0.0147659636 0 0 0
nt@synapse_cleft 3096 0.00786168004 0.0168911177 0.0120974627 0 0 0
nt@synapse_cleft 3099 -0.00107269917 -5.06919552e-05 0.00969408006 0 0 0
nt@synapse_cleft 3134 0.000293714113 -0.0142106989 0.00650480652 0 0 0
nt@synapse_cleft 3150 0.00566543465 -0.00399393324 0.00868719887 0 0 0
nt@synapse_cleft 3177 0.00736334441 0.00081495373 0.0154156348 0 0 0
nt@synapse_cleft 3181 0.00393584424 0.00872219064 0.0177261197 0 0 0
nt@synapse_cleft 3183 0.0111117335 0.00104316423 0.00673236233 0 0 0
nt@synapse_cleft 3184 0.0179898648 0.00818234973 0.0183083214 0 0 0
nt@synapse_cleft 3185 0.00568014631 0.00838282102 0.000254813795 0 0 0
nt@synapse_cleft 3199 0.00310619124 0.00286429783 0.0110759407 0 0 0
nt@synapse_cleft 3220 -0.00843704159 -0.00488276545 0.00164946564 0 0 0
nt@synapse_cleft 3222 0.00453512631 -0.0174211981 0.00135764098 0 0 0
nt@synapse_cleft 3247 0.00346925221 0.0152959364 0.000933228607 0 0 0
nt@synapse_cleft 3275 0.00046183883 0.000965889846 0.013222179 0 0 0
nt@synapse_cleft 3308 0.00812255975 0.00316676942 0.00316326618 0 0 0
nt@synapse_cleft 3326 0.00594417756 0.00127500884 0.00732130313 0 0 0
nt@synapse_cleft 3334 -0.0137810284 0.012013485 0.0143637397 0 0 0
nt@synapse_cleft 3338 0.00284566644 0.0107515459 0.0123675222 0 0 0
nt@synapse_cleft 3341 0.0124052725 0.00129494878 0.00630338558 0 0 0
nt@synapse_cleft 3367 0.00748872106 0.00903322884 0.000231925789 0 0 0
nt@synapse_cleft 3375 -0.0023620902 0.00332758063 0.000197607141 0 0 0
nt@synapse_cleft 3378 -0.00636600048 0.00531845891 0.0115717874 0 0 0
nt@synapse_cleft 3394 -0.00975560643 -0.00679948561 0.00590896186 0 0 0
nt@synapse_cleft 3402 -0.0307119375 -0.00491642136 0.00894473839 0 0 0
nt@synapse_cleft 3404 0.000968267639 0.0136100458 0.0103701919 0 0 0
nt@synapse_cleft 3407 -0.0136222628 -0.0013001736 0.0112793861 0 0 0
nt@synapse_cleft 3413 0.0124508474 -0.008448181 0.0094861466 0 0 0
nt@synapse_cleft 3419 0.00468526979 0.0115434248 0.0149846413 0 0 0
nt@synapse_cleft 3429 0.0170578373 -0.0102756067 0.00115065126 0 0 0
nt@synapse_cleft 3432 0.00405821175 0.0180583555 0.0169196539 0 0 0
nt@synapse_cleft 3445 -0.0349850601 0.00296645419 0.00948998675 0 0 0
nt@synapse_cleft 3451 0.00345879976 -0.00463890548 0.00852014125 0 0 0
nt@synapse_cleft 3467 -0.000372350838 -0.00548387397 0.00774344152 0 0 0
nt@synapse_cleft 3474 0.0149108259 -0.020546874 0.00289717889 0 0 0
nt@synapse_cleft 3484 -0.00135334845 -0.00491509038 0.00134760326 0 0 0
nt@synapse_cleft 3500 0.00687461485 -0.0102292748 0.0135851167 0 0 0
nt@synapse_cleft 3535 -0.0103615621 -0.00183210133 0.00195955449 0 0 0
nt@synapse_cleft 3542 -0.00655200716 0.0139303351 0.00765865203 0 0 0
nt@synapse_cleft 3561 0.000435468565 0.0122849888 0.00116029518 0 0 0
nt@synapse_cleft 3562 -0.00297900483 0.00659476132 0.002445242 0 0 0
nt@synapse_cleft 3563 -0.00866375819 0.00216623826 0.0028802321 0 0 0
nt@synapse_cleft 3565 0.0279833077 -0.0137262846 0.0175989095 0 0 0
nt@synapse_cleft 3566 -0.00114353498 -0.00761939155 0.0106653588 0 0 0
nt@synapse_cleft 3575 0.00117059717 0.000147224686 0.0152102294 0 0 0
nt@synapse_cleft 3576 0.00348959806 0.00824530593 0.0106480132 0 0 0
nt@synapse_cleft 3592 -0.00830081569 0.0229757303 0.000783915159 0 0 0
nt@synapse_cleft 3602 -0.00173046853 -0.0268261722 0.0065773182 0 0 0
nt@synapse_cleft 3606 -0.00665926113 0.00230134397 0.000288749695 0 0 0
nt@synapse_cleft 3611 0.00154170294 -0.0230350842 0.0123423095 0 0 0
nt@synapse_cleft 3616 0.0127229584 -0.0185486711 0.000990810878 0 0 0
nt@synapse_cleft 3625 -0.00413380045 0.00337159286 0.00459602699 0 0 0
nt@synapse_cleft 3635 0.00703163476 -0.0127510055 0.00200992541 0 0 0
nt@synapse_cleft 3645 0.00122884703 -0.00687997288 0.015249344 0 0 0
nt@synapse_cleft 3661 -0.00705144452 0.00280042358 0.00650575307 0 0 0
nt@synapse_cleft 3667 0.00419794292 0.00248749574 0.0143247169 0 0 0
nt@synapse_cleft 3681 -0.0133054522 0.00088391727 0.000816292024 0 0 0
nt@synapse_cleft 3693 0.000641189047 -0.00344938553 0.00327380359 0 0 0
nt@synapse_cleft 3706 -0.00700713708 0.00397240438 0.0101892738 0 0 0
nt@synapse_cleft 3714 -0.0175835764 0.00069050416 0.00114101601 0 0 0
nt@synapse_cleft 3730 -0.00222184656 -0.0107032611 0.00804054717 0 0 0
nt@synapse_cleft 3737 0.000494642056 0.00982472201 0.000111112998 0 0 0
nt@synapse_cleft 3739 -0.00188197285 -0.00671440346 0.00504851581 0 0 0
nt@synapse_cleft 3751 -0.00107806989 0.00969921222 0.0166042155 0 0 0
nt@synapse_cleft 3758 0.0146592571 0.00951850374 0.0062077223 0 0 0
nt@synapse_cleft 3768 0.00349496369 0.00390572638 0.00568690892 0 0 0
nt@synapse_cleft 3793 -0.00407876133 -0.00501255708 0.00214225803 0 0 0
nt@synapse_cleft 3800 -0.00982097472 -0.00935962287 0.0126454087 0 0 0
nt@synapse_cleft 3811 -0.00511180023 0.0154327375 0.00824908152 0 0 0
nt@synapse_cleft 3827 0.000831915839 0.00448238596 0.00131765742 0 0 0
nt@synapse_cleft 3834 -0.00420666759 -0.00463107643 0.00486395108 0 0 0
nt@synapse_cleft 3835 -0.0116148827 -0.00840521534 0.00500765101 0 0 0
nt@synapse_cleft 3846 0.00906618666 0.00142596118 0.00440229266 0 0 0
nt@synapse_cleft 3850 -0.00904851342 0.00757224326 0.00298122339 0 0 0
nt@synapse_cleft 3859 0.0145441213 -0.0025182451 0.0174734046 0 0 0
nt@synapse_cleft 3886 0.00208380994 -0.00214540904 0.019066121 0 0 0
nt@synapse_cleft 3902 0.0109902736 -0.000931404899 0.00827389719 0 0 0
nt@synapse_cleft 3907 -0.0108744142 -0.0105194371 0.00539162132 0 0 0
nt@synapse_cleft 3918 0.0156241313 0.0155690736 0.0086835149 0 0 0
nt@synapse_cleft 3921 0.00654070532 0.00788896669 0.0160983517 0 0 0
nt@synapse_cleft 3927 0.00883779329 0.0114460693 0.0108975314 0 0 0
nt@synapse_cleft 3952 -0.00969172917 -0.00196188115 0.0116836186 0 0 0
nt@synapse_cleft 3968 0.00660807129 0.00416324766 0.000369308143 0 0 0
nt@synapse_cleft 3973 0.017311024 0.0114292978 0.00101556146 0 0 0
nt@synapse_cleft 3974 -0.00266525013 -0.00935128935 0.00220212573 0 0 0
nt@synapse_cleft 3988 0.00767298974 0.0168346424 0.00420880069 0 0 0
nt@synapse_cleft 3991 0.000529748446 -0.00643010646 9.47533304e-05 0 0 0
nt@synapse_cleft 3993 -0.0157158739 -0.00473371103 0.0109968035 0 0 0
nt@synapse_cleft 3997 -0.00215837312 0.0021870714 0.0182421645 0 0 0
nt@synapse_cleft 3999 -0.0180834549 0.0117600352 0.0051170142 0 0 0
nt@synapse_cleft 4018 -0.00992024324 -0.0104148906 0.00924706301 0 0 0
nt@synapse_cleft 4037 0.00275975087 0.000195268068 0.00626776003 0 0 0
nt@synapse_cleft 4049 0.00229709277 -0.00313159538 0.00694723493 0 0 0
nt@synapse_cleft 4051 0.00980955278 -0.000995634621 0.0139188664 0 0 0
nt@synapse_cleft 4103 0.00584554253 -0.0165781138 0.00662357191 0 0 0
nt@synapse_cleft 4106 -0.00174551413 0.00352398147 0.00510508958 0 0 0
nt@synapse_cleft 4115 -0.00206738953 0.0163439533 0.00199475083 0 0 0
nt@synapse_cleft 4119 0.00553840684 -0.00138008502 0.00495074415 0 0 0
nt@synapse_cleft 4126 0.00494649198 -0.00893029509 0.0184162442 0 0 0
nt@synapse_cleft 4129 0.00153396531 -0.0133791284 0.0117048003 0 0 0
nt@synapse_cleft 4132 4.29877988e-05 -0.00634235514 0.0199511657 0 0 0
nt@synapse_cleft 4135 0.000456122895 -0.011532018 0.00602333338 0 0 0
nt@synapse_cleft 4150 -0.00221777244 -0.00898040109 0.00817480796 0 0 0
nt@synapse_cleft 4155 -0.0146586002 -0.00165734375 0.0165970779 0 0 0
nt@synapse_cleft 4156 -0.0032692878 0.00178778487 0.00401054675 0 0 0
nt@synapse_cleft 4163 -0.0124394616 -0.00565847282 0.00249000325 0 0 0
nt@synapse_cleft 4187 -0.00265828861 0.00160165638 0.0087000636 0 0 0
nt@synapse_cleft 4193 0.00283058802 -0.00214839989 0.000536650521 0 0 0
nt@synapse_cleft 4215 -0.0096820554 -0.00775175555 0.00308063235 0 0 0
nt@synapse_cleft 4220 0.0130380045 -0.00869242901 0.0036200563 0 0 0
nt@synapse_cleft 4228 -0.00494778089 -0.00778865776 0.0123689362 0 0 0
nt@synapse_cleft 4233 -0.00572882873 0.0140376886 0.0103476792 0 0 0
nt@synapse_cleft 4252 -0.0185180555 -0.00453983434 0.0132631678 0 0 0
nt@synapse_cleft 4255 -0.0194805048 -0.0143837213 0.00113526553 0 0 0
nt@synapse_cleft 4288 0.00299969469 0.018395581 0.0084786961 0 0 0
nt@synapse_cleft 4297 0.0160901266 -0.00209018528 0.00130399105 0 0 0
nt@synapse_cleft 4312 0.000589638629 -0.0107154493 0.000800259791 0 0 0
nt@synapse_cleft 4317 -3.62818828e-05 0.00107289231 0.00442095971 0 0 0
nt@synapse_cleft 4330 -0.00225941016 0.0136142501 0.0130596056 0 0 0
nt@synapse_cleft 4339 -0.00641797772 -0.000180288326 0.000212457921 0 0 0
nt@synapse_cleft 4343 -0.020959725 -0.00194702389 0.000417136073 0 0 0
nt@synapse_cleft 4346 0.00266755323 -0.00335940478 0.0107983281 0 0 0
nt@synapse_cleft 4360 0.00121327106 0.0071660522 0.0145190457 0 0 0
nt@synapse_cleft 4365 0.0085089766 -0.00565851669 0.00372065467 0 0 0
nt@synapse_cleft 4381 -0.00841238456 -0.00855339664 0.0128736986 0 0 0
nt@synapse_cleft 4386 0.000203901947 -0.0215530244 0.000263634911 0 0 0
nt@synapse_cleft 4392 -0.00543561786 0.0134654081 0.011132888 0 0 0
nt@synapse_cleft 4396 -0.00017986587 0.00034621644 0.00018366135 0 0 0
nt@synapse_cleft 4398 -0.00159676566 -0.00790831337 0.00876394374 0 0 0
nt@synapse_cleft 4399 -0.00764679251 -0.000217224758 0.0021745408 0 0 0
nt@synapse_cleft 4414 0.00759386296 -0.00266832068 0.00485750683 0 0 0
nt@synapse_cleft 4416 0.00191447077 0.0068278558 0.0096459206 0 0 0
nt@synapse_cleft 4434 0.00852559857 -0.0086896721 0.00297736596 0 0 0
nt@synapse_cleft 4446 -0.0106018176 -0.00345417949 0.0011270001 0 0 0
nt@synapse_cleft 4464 -0.0122891887 -0.00241583918 0.00235806004 0 0 0
nt@synapse_cleft 4478 0.0110862545 0.000871738273 0.000208076402 0 0 0
nt@synapse_cleft 4485 -0.000165434179 0.0108680204 0.00726491553 0 0 0
nt@synapse_cleft 4488 0.00959382218 0.00109948557 0.00107446159 0 0 0
nt@synapse_cleft 4489 -0.0090682168 0.00082363108 0.00986333294 0 0 0
nt@synapse_cleft 4499 0.000152523513 0.0138059322 0.0181807763 0 0 0
nt@synapse_cleft 4501 -0.016027148 0.00443604076 0.00108999246 0 0 0
nt@synapse_cleft 4517 -0.0141541114 0.00305102997 0.00785560321 0 0 0
nt@synapse_cleft 4527 -0.0028799111 0.000389629748 0.00494727728 0 0 0
nt@synapse_cleft 4542 0.0147736315 0.0130142972 0.0198025794 0 0 0
nt@synapse_cleft 4545 -0.00660849042 0.0140576493 0.0133026165 0 0 0
nt@synapse_cleft 4559 -0.00867764141 -0.00251405615 0.0122337493 0 0 0
nt@synapse_cleft 4576 -0.00623601088 0.00155783828 0.00443933377 0 0 0
nt@synapse_cleft 4583 0.000745951555 -0.0102264431 0.0140014757 0 0 0
nt@synapse_cleft 4659 0.0148315831 0.0144611937 0.0104586539 0 0 0
nt@synapse_cleft 4681 -0.0124115756 -0.00024232645 0.011075302 0 0 0
nt@synapse_cleft 4700 0.00397686421 0.0114576449 0.00338257105 0 0 0
nt@synapse_cleft 4709 0.00363559567 -0.00846048962 0.00993295061 0 0 0
nt@synapse_cleft 4718 -0.00431006995 -0.00573697639 0.0102538292 0 0 0
nt@synapse_cleft 4736 -0.00246286145 -0.00210792176 0.00365272426 0 0 0
nt@synapse_cleft 4750 -0.00959929065 0.00393593826 0.00487760713 0 0 0
nt@synapse_cleft 4756 0.00543057196 0.00803997434 0.00494862503 0 0 0
nt@synapse_cleft 4758 -0.0103741756 0.000958690392 0.00263747524 0 0 0
nt@synapse_cleft 4764 0.0005005064 -0.00496057166 0.00732164162 0 0 0
nt@synapse_cleft 4784 -0.00824813454 0.00964261322 0.0159461068 0 0 0
nt@synapse_cleft 4786 0.0173097892 0.000125495642 0.007352901 0 0 0
nt@synapse_cleft 4801 7.37261239e-05 -0.00746459539 0.00360417101 0 0 0
nt@synapse_cleft 4829 0.00788518446 0.0115042449 0.00448332763 0 0 0
nt@synapse_cleft 4839 -0.00497395146 0.00340730931 0.00598008836 0 0 0
nt@synapse_cleft 4852 -0.000967512489 -0.000125448636 0.000177125898 0 0 0
nt@synapse_cleft 4871 -0.00429076162 -0.0108329857 0.00234466378 0 0 0
nt@synapse_cleft 4880 0.00330754162 0.000384532025 0.00347659613 0 0 0
nt@synapse_cleft 4892 -0.00695967 -0.00184999097 0.0135908131 0 0 0
nt@synapse_cleft 4906 0.0127279084 -0.011660867 0.0149800846 0 0 0
nt@synapse_cleft 4919 0.00393565949 -0.00434213306 0.000808632038 0 0 0
nt@synapse_cleft 4937 -0.00980135621 0.00632329195 0.000864571135 0 0 0
nt@synapse_cleft 4946 -0.00199491596 -0.0204856578 0.0102029733 0 0 0
nt@synapse_cleft 4981 -0.0055238268 -0.00137872581 0.0189545515 0 0 0
nt@synapse_cleft 4982 -0.00616178191 -0.00210736711 0.0115685179 0 0 0
nt@synapse_cleft 5004 0.0204585728 0.00827785604 0.00244500832 0 0 0
nt@synapse_cleft 5006 -0.0159786356 -0.0155267825 0.0169602586 0 0 0
nt@synapse_cleft 5015 0.0119276202 0.00705968058 0.0101731889 0 0 0
nt@synapse_cleft 5046 0.0153181808 0.00746884444 0.00638159094 0 0 0
nt@synapse_cleft 5055 0.00365692337 -0.0082462079 0.000720236872 0 0 0
nt@synapse_cleft 5061 0.00607516307 -0.00181170149 0.000426254249 0 0 0
nt@synapse_cleft 5063 -0.000427103756 -0.0174168683 0.000239060273 0 0 0
nt@synapse_cleft 5082 -0.00326929315 -0.00779984499 0.000280695487 0 0 0
nt@synapse_cleft 5086 -0.0122642258 -0.00961645614 0.000233074116 0 0 0
nt@synapse_cleft 5145 0.0078259361 0.000310206737 0.00178370176 0 0 0
nt@synapse_cleft 5154 0.0136610692 -0.00237746698 0.00594068496 0 0 0
nt@synapse_cleft 5159 -0.0205265453 -0.0105229487 0.00340986294 0 0 0
nt@synapse_cleft 5164 0.00405717228 0.00545047292 0.00789957485 0 0 0
nt@synapse_cleft 5173 -0.00593211379 0.0124161961 0.019968582 0 0 0
nt@synapse_cleft 5176 0.00302637326 -0.00495188855 0.0042839557 0 0 0
nt@synapse_cleft 5179 0.00788513181 0.0155539576 0.0083099444 0 0 0
nt@synapse_cleft 5182 0.00133471451 0.00770770193 0.00269299364 0 0 0
