nt@synapse_cleft 26 0.00958008634 0.00721281538 0.0115517606 0 0 0
nt@synapse_cleft 89 0.00300544192 -0.00457368384 0.00904712988 0 0 0
nt@synapse_cleft 100 -0.00631133922 -0.000768735252 0.0017910063 0 0 0
nt@synapse_cleft 103 -0.0158953707 0.00304830229 0.00200866625 0 0 0
nt@synapse_cleft 150 -0.0116173355 0.00860686596 1.21991949e-05 0 0 0
nt@synapse_cleft 195 -0.00481062925 0.000751476114 0.00459606037 0 0 0
nt@synapse_cleft 284 0.0156520823 -0.00928945915 0.00829960611 0 0 0
nt@synapse_cleft 318 -0.00326947082 -0.000652269552 0.00937464824 0 0 0
nt@synapse_cleft 406 0.0042691123 0.00117659178 0.0188727126 0 0 0
nt@synapse_cleft 421 0.0171099407 -0.0160741557 0.00957820725 0 0 0
nt@synapse_cleft 429 0.0226363917 -0.0234485203 0.00775847323 0 0 0
nt@synapse_cleft 477 0.00485486546 -0.0140943428 0.012176719 0 0 0
nt@synapse_cleft 479 -0.0189447491 0.00294921384 0.00626538573 0 0 0
nt@synapse_cleft 482 -0.0157052238 -0.00550360261 0.00366225604 0 0 0
nt@synapse_cleft 499 0.0138048356 -0.00758739947 0.00180383076 0 0 0
nt@synapse_cleft 536 -0.0217532683 0.0292532598 0.000259248448 0 0 0
nt@synapse_cleft 551 -0.0105771305 0.00269524387 0.017286856 0 0 0
nt@synapse_cleft 596 0.0309743627 -0.0113309053 0.017342604 0 0 0
nt@synapse_cleft 620 -0.00708312588 -0.000537625609 0.00947685612 0 0 0
nt@synapse_cleft 634 -0.00506539311 0.0166628887 0.00458954021 0 0 0
nt@synapse_cleft 645 -0.00794916689 0.0171103998 0.00767391082 0 0 0
nt@synapse_cleft 693 0.0010435599 0.00975242791 0.00348582151 0 0 0
nt@synapse_cleft 728 -0.00530288407 -0.00913795361 0.0161387551 0 0 0
nt@synapse_cleft 750 -0.0066145784 0.0145069281 0.00354202745 0 0 0
nt@synapse_cleft 866 -0.00476076619 0.0273515895 0.00729217058 0 0 0
nt@synapse_cleft 904 -0.0239254148 -0.0165838648 0.00392332999 0 0 0
nt@synapse_cleft 918 -0.0169298708 -0.00418416996 0.00104438938 0 0 0
nt@synapse_cleft 932 -0.00262592306 -0.000838898736 0.0043547525 0 0 0
nt@synapse_cleft 938 -0.014891057 0.0109551867 0.00386597593 0 0 0
nt@synapse_cleft 945 0.00269883566 0.01704456 0.00766223168 0 0 0
nt@synapse_cleft 953 -0.0106139258 0.00674721387 0.0016701466 0 0 0
nt@synapse_cleft 978 -0.00854941075 -0.00117080474 0.00214671064 0 0 0
nt@synapse_cleft 1002 -0.0130358001 -0.013559593 0.00226688602 0 0 0
nt@synapse_cleft 1048 0.00285660507 -0.0087224099 0.012452343 0 0 0
nt@synapse_cleft 1080 0.00211939524 0.00354662602 0.00410773556 0 0 0
nt@synapse_cleft 1092 0.00241634745 -0.000321053598 0.0105623153 0 0 0
nt@synapse_cleft 1144 -0.00336982609 0.00541101889 9.02406488e-05 0 0 0
nt@synapse_cleft 1152 -0.0049921419 0.0151400712 0.00264661879 0 0 0
nt@synapse_cleft 1167 0.013613285 0.00196958717 0.00232698158 0 0 0
nt@synapse_cleft 1186 -0.00318192171 0.0265173597 0.00660671402 0 0 0
nt@synapse_cleft 1193 -0.0181003951 0.00276156486 0.00805175617 0 0 0
nt@synapse_cleft 1200 -0.00439464924 0.00623665322 0.00430944429 0 0 0
nt@synapse_cleft 1206 -0.00612536854 0.010746463 0.00121136088 0 0 0
nt@synapse_cleft 1238 -0.0150281615 -0.00627566284 0.0166620651 0 0 0
nt@synapse_cleft 1252 0.00377849454 -0.0164999625 0.0170783799 0 0 0
nt@synapse_cleft 1302 -0.0136117126 0.0218844161 0.0107751797 0 0 0
nt@synapse_cleft 1326 0.00736064771 0.0111487881 0.0186980097 0 0 0
nt@synapse_cleft 1368 0.010654328 0.00676939054 0.0102484741 0 0 0
nt@synapse_cleft 1380 0.00271310188 -0.0188258304 0.0107854514 0 0 0
nt@synapse_cleft 1384 0.00466640938 0.0101133823 0.0184243458 0 0 0
nt@synapse_cleft 1416 -0.0152899905 -0.0129748436 0.013580768 0 0 0
nt@synapse_cleft 1438 0.0150398631 -0.0152941839 0.0145819429 0 0 0
nt@synapse_cleft 1442 -0.00677505686 -0.0043879705 0.00132211662 0 0 0
nt@synapse_cleft 1487 -0.00910477762 -0.00913460622 0.000629308302 0 0 0
nt@synapse_cleft 1506 -0.0155318772 0.00265553538 0.00914887142 0 0 0
nt@synapse_cleft 1553 0.0174404761 -0.0181886001 0.0193988823 0 0 0
nt@synapse_cleft 1600 0.0180721523 -0.00561035216 0.0113476687 0 0 0
nt@synapse_cleft 1641 0.00887098937 -0.00107647634 0.0021659888 0 0 0
nt@synapse_cleft 1675 -0.0125782082 0.0131806684 0.00202968454 0 0 0
nt@synapse_cleft 1686 -0.00470180171 -0.00913795954 0.0177877264 0 0 0
nt@synapse_cleft 1689 -0.0250881301 -0.0205683281 0.00342767699 0 0 0
nt@synapse_cleft 1707 -0.0126184626 -0.0200753097 0.00575982675 0 0 0
nt@synapse_cleft 1729 -0.00376046784 -0.00707187497 0.00080148654 0 0 0
nt@synapse_cleft 1742 0.00630192427 -0.0155750194 0.000919266704 0 0 0
nt@synapse_cleft 1745 0.0139470398 -0.00110126377 0.00450259181 0 0 0
nt@synapse_cleft 1768 -0.00395715481 -0.00273545876 0.00847036964 0 0 0
nt@synapse_cleft 1781 -0.0131076558 -0.0108508083 0.00181887973 0 0 0
nt@synapse_cleft 1815 0.00215083497 -0.0124428525 0.0125607064 0 0 0
nt@synapse_cleft 1829 -0.00248289242 0.00613726333 0.000774221266 0 0 0
nt@synapse_cleft 1853 -0.0109452235 -0.0142705719 0.0160976787 0 0 0
nt@synapse_cleft 1885 -0.0136400637 0.018346277 0.0015432659 0 0 0
nt@synapse_cleft 1896 -0.000136472586 0.00791589774 0.00920080355 0 0 0
nt@synapse_cleft 1932 0.00932576328 0.00641860643 0.0140984264 0 0 0
nt@synapse_cleft 1961 -0.020723245 -0.00791976228 0.010155891 0 0 0
nt@synapse_cleft 1973 0.00699883794 -0.00146890802 0.00471417061 0 0 0
nt@synapse_cleft 1990 -0.0266396227 -0.0106821649 0.00994684642 0 0 0
nt@synapse_cleft 2014 -0.0236920966 0.0059560343 0.000395373222 0 0 0
nt@synapse_cleft 2064 -0.00571510436 0.00101060365 0.0119620006 0 0 0
nt@synapse_cleft 2104 -0.0145127783 -0.0012141729 0.00909463129 0 0 0
nt@synapse_cleft 2127 0.00603000377 -0.0147871775 0.0165163576 0 0 0
nt@synapse_cleft 2137 -0.00233915132 -0.024334811 0.0101351714 0 0 0
nt@synapse_cleft 2218 -0.00309014512 0.00816749234 0.00586178724 0 0 0
nt@synapse_cleft 2223 -0.000122007901 -0.0102823412 0.0166407973 0 0 0
nt@synapse_cleft 2254 -0.0111658444 0.0050794496 0.00609335778 0 0 0
nt@synapse_cleft 2279 0.00151198022 0.0160922707 0.00943718367 0 0 0
nt@synapse_cleft 2284 0.00209392262 -0.0121968582 0.0197750573 0 0 0
nt@synapse_cleft 2314 -0.00562259346 -0.000451358832 0.010292353 0 0 0
nt@synapse_cleft 2383 -0.0135931269 0.0106793929 0.00336747238 0 0 0
nt@synapse_cleft 2421 -0.0294652887 0.0149964394 0.0118902144 0 0 0
nt@synapse_cleft 2438 -0.0117545212 0.0111122981 0.00574484905 0 0 0
nt@synapse_cleft 2483 -0.0246044154 0.0241337844 0.00867904816 0 0 0
nt@synapse_cleft 2491 -0.000141539525 0.0002549873 0.0101559585 0 0 0
nt@synapse_cleft 2498 0.000954641633 0.00592104642 0.0124304648 0 0 0
nt@synapse_cleft 2513 -0.0105396219 -0.0125633303 0.0073889828 0 0 0
nt@synapse_cleft 2517 0.0168651255 -0.00672981752 0.00534986336 0 0 0
nt@synapse_cleft 2550 -0.0105558325 -0.0241390545 0.0182635582 0 0 0
nt@synapse_cleft 2564 -0.0125328034 -0.00897081985 0.000344498623 0 0 0
nt@synapse_cleft 2610 -0.0154806803 0.00779798839 0.00455925894 0 0 0
nt@synapse_cleft 2670 -0.0131776585 -0.0157937583 0.0170251572 0 0 0
nt@synapse_cleft 2680 -0.00656868311 0.0231940926 0.00358427223 0 0 0
nt@synapse_cleft 2702 -0.0144106593 0.00182591704 0.0125161811 0 0 0
nt@synapse_cleft 2798 0.0027000214 0.0177888983 0.00105229542 0 0 0
nt@synapse_cleft 2863 0.0183696522 -0.00352803758 0.00117569546 0 0 0
nt@synapse_cleft 2876 -0.0137845375 0.0174907901 0.0197511455 0 0 0
nt@synapse_cleft 2983 0.00514194634 0.00385734417 0.00962903351 0 0 0
nt@synapse_cleft 2993 0.0252682192 0.0144830183 0.0011835935 0 0 0
nt@synapse_cleft 3006 -0.00854831082 -0.012198598 0.0127541581 0 0 0
nt@synapse_cleft 3019 0.00492323935 -0.00735592345 0.0137775203 0 0 0
nt@synapse_cleft 3047 -0.00416782257 -0.00913003343 0.00361610138 0 0 0
nt@synapse_cleft 3073 -0.00680782419 -0.0115542212 0.0192974507 0 0 0
nt@synapse_cleft 3096 0.0100973171 0.0139296265 0.0196209959 0 0 0
nt@synapse_cleft 3222 0.00610776364 -0.0305030009 0.00390983103 0 0 0
nt@synapse_cleft 3308 0.00908295975 0.0118645994 0.0153282391 0 0 0
nt@synapse_cleft 3367 0.000790560311 0.0064948432 0.0076156988 0 0 0
nt@synapse_cleft 3402 -0.035608724 -0.00600772757 0.0119004514 0 0 0
nt@synapse_cleft 3413 0.0228424887 -0.00630795881 0.0121083964 0 0 0
nt@synapse_cleft 3445 -0.0355966775 0.00239995871 0.0153997688 0 0 0
nt@synapse_cleft 3467 0.00123743984 0.00217020377 0.000856389645 0 0 0
nt@synapse_cleft 3484 -0.00318178968 -0.00957132769 0.00890861975 0 0 0
nt@synapse_cleft 3563 -0.0210618549 0.00220342869 0.0126036136 0 0 0
nt@synapse_cleft 3566 -0.00357922236 -0.0033004957 0.00596982347 0 0 0
nt@synapse_cleft 3611 0.00266012736 -0.0247383525 0.0137683749 0 0 0
nt@synapse_cleft 3616 0.0132745077 -0.0157449254 0.0140609202 0 0 0
nt@synapse_cleft 3625 -0.00359520675 0.000346729482 0.011230431 0 0 0
nt@synapse_cleft 3645 -0.00112245298 -0.0066960343 0.0110521894 0 0 0
nt@synapse_cleft 3661 -0.00498116379 0.000342004282 0.00879039059 0 0 0
nt@synapse_cleft 3693 0.00202323313 -0.0129340684 0.00285109918 0 0 0
nt@synapse_cleft 3706 -0.00922763143 0.00866874776 0.0162934622 0 0 0
nt@synapse_cleft 3714 -0.0189027803 -0.0107160736 0.00486312201 0 0 0
nt@synapse_cleft 3737 0.00464863256 0.0113749331 0.014649195 0 0 0
nt@synapse_cleft 3800 -0.0102294391 -0.00328484657 0.0196864495 0 0 0
nt@synapse_cleft 3811 0.00577091464 0.0176894951 0.009579501 0 0 0
nt@synapse_cleft 3834 -0.00702967466 -0.00274686 0.00906393586 0 0 0
nt@synapse_cleft 3835 -0.00992186154 -0.01304822 0.0139258418 0 0 0
nt@synapse_cleft 3886 -0.00593341539 0.0125552969 0.0181245591 0 0 0
nt@synapse_cleft 3902 0.0187323889 -0.000349472913 0.00683521921 0 0 0
nt@synapse_cleft 3907 -0.0178780135 -0.0214848996 0.0120319958 0 0 0
nt@synapse_cleft 3921 0.00668673166 -0.00634195069 0.0198846937 0 0 0
nt@synapse_cleft 3927 0.0256206905 0.00457047734 0.0128327955 0 0 0
nt@synapse_cleft 3973 0.0158860055 0.0153090589 0.00226063292 0 0 0
nt@synapse_cleft 3974 -0.000419019922 -0.00447998326 0.00471179201 0 0 0
nt@synapse_cleft 3999 -0.0222991831 0.00918873417 0.000188152032 0 0 0
nt@synapse_cleft 4018 -0.0214011007 -0.015794368 0.00693341543 0 0 0
nt@synapse_cleft 4037 0.00714209289 -0.0035612659 0.00640498435 0 0 0
nt@synapse_cleft 4049 -0.00189885828 0.00410017641 0.00263369904 0 0 0
nt@synapse_cleft 4103 0.00770298681 -0.0210049276 0.00596244059 0 0 0
nt@synapse_cleft 4106 -0.00928133317 0.00450243387 0.0066015448 0 0 0
nt@synapse_cleft 4129 -0.0002573077 -0.0179713639 0.0055074035 0 0 0
nt@synapse_cleft 4163 -0.0104149389 -0.0143987564 0.0042521584 0 0 0
nt@synapse_cleft 4187 -0.00142497408 0.000715577124 0.000208915147 0 0 0
nt@synapse_cleft 4220 0.0170688015 -0.00854190901 0.0188580918 0 0 0
nt@synapse_cleft 4252 -0.0159582459 0.00156937751 0.0163283211 0 0 0
nt@synapse_cleft 4255 -0.0155183108 -0.00610789094 0.0110670223 0 0 0
nt@synapse_cleft 4381 -0.0147266994 -0.00889053508 0.00912166301 0 0 0
nt@synapse_cleft 4414 -0.000401818325 -0.00924771121 0.0061562835 0 0 0
nt@synapse_cleft 4416 0.0144623664 0.0138920167 0.00697929524 0 0 0
nt@synapse_cleft 4464 -0.00233873144 0.0128474738 0.00575131423 0 0 0
nt@synapse_cleft 4485 -0.00568233598 0.011647618 0.00739044269 0 0 0
nt@synapse_cleft 4700 0.00449848933 0.00619161838 0.000131446801 0 0 0
nt@synapse_cleft 4709 -0.00145806888 -0.008263411 0.0114262757 0 0 0
nt@synapse_cleft 4718 -0.0104517681 -0.0157583264 0.0071485783 0 0 0
nt@synapse_cleft 4801 -0.0106711878 -0.00784445034 0.0120388532 0 0 0
nt@synapse_cleft 4829 0.0185032229 0.00482379192 0.00676574661 0 0 0
nt@synapse_cleft 4839 -0.0118557532 0.00159284613 0.0122697631 0 0 0
nt@synapse_cleft 4906 0.0182210129 -0.0176697252 0.0168038109 0 0 0
nt@synapse_cleft 4919 0.00417179985 0.00793519784 0.00774175783 0 0 0
nt@synapse_cleft 4981 -0.00660331904 -0.00957036981 0.011343922 0 0 0
nt@synapse_cleft 4982 -0.00910891203 -0.00515576111 0.0142257205 0 0 0
nt@synapse_cleft 5004 0.00784082709 0.0129182858 0.00173570327 0 0 0
nt@synapse_cleft 5006 -0.0198816797 -0.00987032213 0.0165810769 0 0 0
nt@synapse_cleft 5061 0.0116879538 0.0033345665 0.00314560833 0 0 0
nt@synapse_cleft 5145 0.0134393781 -0.00103476511 0.00750284691 0 0 0
nt@synapse_cleft 5159 -0.00964060181 -0.00956702472 0.00180568027 0 0 0
nt@synapse_cleft 5164 -0.00431785329 0.00963280482 0.0194576491 0 0 0
nt@synapse_cleft 5173 -0.00428821017 0.0250584568 0.0149258439 0 0 0
nt@synapse_cleft 5179 0.00704395875 0.0306785039 0.0176539964 0 0 0
