nt@synapse_cleft 89 0.00608027142 0.00357384822 0.00745775541 0 0 0
nt@synapse_cleft 195 -0.0114015147 -0.00242692648 0.00678026821 0 0 0
nt@synapse_cleft 284 0.0234295482 -0.0012006436 0.0180570558 0 0 0
nt@synapse_cleft 318 -0.0130265683 0.00855292032 0.0140875379 0 0 0
nt@synapse_cleft 421 0.0179027034 -0.00609160567 0.0139197708 0 0 0
nt@synapse_cleft 429 0.0247136148 -0.0307222277 0.00781233534 0 0 0
nt@synapse_cleft 477 0.00670454622 -0.0135257554 0.0108982483 0 0 0
nt@synapse_cleft 482 -0.0171811034 -0.0133157751 0.0029821238 0 0 0
nt@synapse_cleft 551 -0.0073438076 -0.00336442636 0.0102714014 0 0 0
nt@synapse_cleft 596 0.0237849116 -0.0125322667 0.0121661501 0 0 0
nt@synapse_cleft 634 -0.0106007775 0.0107342058 0.0180577698 0 0 0
nt@synapse_cleft 693 -0.000972615782 -0.00161340813 0.000874783974 0 0 0
nt@synapse_cleft 750 -0.00885468732 0.0126424304 0.0101004576 0 0 0
nt@synapse_cleft 918 -0.0112110875 -0.00688735743 0.00429008858 0 0 0
nt@synapse_cleft 932 0.000290539142 0.0162178685 0.0140643075 0 0 0
nt@synapse_cleft 938 -0.00768790556 0.0191914855 0.00552794947 0 0 0
nt@synapse_cleft 1048 0.00732891751 -0.00446188004 0.017710307 0 0 0
nt@synapse_cleft 1200 -0.00674882976 -0.00440295901 0.00845251475 0 0 0
nt@synapse_cleft 1326 0.0131311665 0.015924746 0.0155885429 0 0 0
nt@synapse_cleft 1368 0.0176649199 0.00116264546 0.0147893397 0 0 0
nt@synapse_cleft 1442 -0.00694778896 -0.00348584294 0.00141816439 0 0 0
nt@synapse_cleft 1487 -0.0109468653 -0.00942053921 0.012614711 0 0 0
nt@synapse_cleft 1506 -0.00983189051 0.0107074822 0.00250165878 0 0 0
nt@synapse_cleft 1600 0.0252446192 0.00330658697 0.00488131372 0 0 0
nt@synapse_cleft 1689 -0.0249737419 -0.0171658713 0.00762678136 0 0 0
nt@synapse_cleft 1707 -0.0135607467 -0.0123790509 0.00473395405 0 0 0
nt@synapse_cleft 1729 0.0065044938 -0.00783550649 0.00762245526 0 0 0
nt@synapse_cleft 1932 0.00982838944 -0.00261190957 0.0189812832 0 0 0
nt@synapse_cleft 1973 0.0123740289 0.00315491325 0.0183868658 0 0 0
nt@synapse_cleft 2284 -0.0116373482 -0.00926418219 0.0157331736 0 0 0
nt@synapse_cleft 2383 -0.00434714695 0.00947955815 0.000151385785 0 0 0
nt@synapse_cleft 2498 0.00163460138 0.000734064653 0.0136650517 0 0 0
nt@synapse_cleft 2564 -0.0214000692 -0.0119374191 0.0035989324 0 0 0
nt@synapse_cleft 2993 0.0326288391 0.0278687312 0.00519382934 0 0 0
nt@synapse_cleft 3073 -0.0105104246 -0.00556293414 0.0137822482 0 0 0
nt@synapse_cleft 3308 0.00828194363 0.0226705348 0.0101911791 0 0 0
nt@synapse_cleft 3367 0.0126979377 0.0105833594 0.0146718921 0 0 0
nt@synapse_cleft 3413 0.0269870735 -0.00414796748 0.00402715016 0 0 0
nt@synapse_cleft 3467 0.00541049354 -0.00176155013 0.00652096285 0 0 0
nt@synapse_cleft 3563 -0.0332438761 -0.000230723879 0.0130429056 0 0 0
nt@synapse_cleft 3616 0.00649144406 -0.0218325086 0.00754016707 0 0 0
nt@synapse_cleft 3737 0.0125168237 0.00457349167 0.0193565173 0 0 0
nt@synapse_cleft 3834 -0.00629215748 -0.000131227785 0.00923179097 0 0 0
nt@synapse_cleft 3921 0.000717356394 -0.0173635465 0.0114115741 0 0 0
nt@synapse_cleft 3999 -0.0166972591 0.0132388371 0.000741889389 0 0 0
nt@synapse_cleft 4018 -0.0225962175 -0.0176451185 0.00836227046 0 0 0
nt@synapse_cleft 4106 -0.01359224 0.00199034299 0.00871695938 0 0 0
nt@synapse_cleft 4187 0.00163674215 0.00211435529 0.0146358651 0 0 0
nt@synapse_cleft 4416 0.0252655685 0.0191334835 0.0126519605 0 0 0
nt@synapse_cleft 4464 -0.00647330766 0.0175782138 0.00423767531 0 0 0
nt@synapse_cleft 4981 -0.0163655111 -0.0222433438 0.00733246888 0 0 0
nt@synapse_cleft 5004 0.0159841256 0.0195959503 0.00287166199 0 0 0
nt@synapse_cleft 5173 -0.00930580537 0.0308205223 0.0199573745 0 0 0
nt@synapse_cleft 5179 0.0107733553 0.0174987083 0.0147522909 0 0 0
