nt@synapse_cleft 26 0.0127156951 0.00774447202 0.00702300044 0 0 0
nt@synapse_cleft 89 0.00174722602 -0.00236174097 0.0106484456 0 0 0
nt@synapse_cleft 100 -0.00200752913 0.00113586863 0.00374070379 0 0 0
nt@synapse_cleft 103 -0.0147106525 -0.00268658347 0.00706068974 0 0 0
nt@synapse_cleft 150 -0.0125737689 0.00762150052 0.00196711769 0 0 0
nt@synapse_cleft 195 -0.0030096591 0.00283313595 0.00483667568 0 0 0
nt@synapse_cleft 199 0.000451288521 -0.00163634114 0.00334366415 0 0 0
nt@synapse_cleft 284 0.0155473443 -0.00903265836 0.00675276268 0 0 0
nt@synapse_cleft 318 -0.00255592479 0.00225857839 0.0082146746 0 0 0
nt@synapse_cleft 406 0.00360331673 -0.00272492878 0.0141951434 0 0 0
nt@synapse_cleft 421 0.0148535891 -0.0157131715 0.0125943921 0 0 0
nt@synapse_cleft 429 0.0220193935 -0.0179108012 0.011698424 0 0 0
nt@synapse_cleft 444 -0.0081914629 -0.00413057777 4.03184725e-06 0 0 0
nt@synapse_cleft 477 0.00567123889 -0.0131576023 0.0115833015 0 0 0
nt@synapse_cleft 479 -0.0208316597 0.0031596221 0.00164307582 0 0 0
nt@synapse_cleft 482 -0.0134431945 0.000458412359 0.00403865849 0 0 0
nt@synapse_cleft 499 0.00992683062 -0.00497385818 0.00240578481 0 0 0
nt@synapse_cleft 536 -0.0227702133 0.0281001996 0.00200659593 0 0 0
nt@synapse_cleft 551 -0.0130579754 0.00162122022 0.0153746552 0 0 0
nt@synapse_cleft 596 0.0265881527 -0.0156004222 0.0174473064 0 0 0
nt@synapse_cleft 620 0.000168112009 -0.00158602387 0.0115131218 0 0 0
nt@synapse_cleft 627 0.0204546349 0.00136209293 0.00562806998 0 0 0
nt@synapse_cleft 634 -0.00520498761 0.0172933227 0.0113078245 0 0 0
nt@synapse_cleft 645 -0.00416229057 0.019461556 0.00701923409 0 0 0
nt@synapse_cleft 693 0.00136312923 0.0112884144 0.00546641411 0 0 0
nt@synapse_cleft 698 -0.00323869035 0.00576316225 0.00150056811 0 0 0
nt@synapse_cleft 728 -0.00355047602 -0.00375211733 0.0168248073 0 0 0
nt@synapse_cleft 741 -0.0080222578 0.0052824584 0.00385891559 0 0 0
nt@synapse_cleft 750 -0.00590745221 0.012062484 0.00372278178 0 0 0
nt@synapse_cleft 833 0.00579804436 0.0125296665 0.00519245042 0 0 0
nt@synapse_cleft 866 -0.00552060911 0.0236669788 0.0060071677 0 0 0
nt@synapse_cleft 904 -0.0202288276 -0.0221355036 0.0049779665 0 0 0
nt@synapse_cleft 908 0.0158908684 -0.000988026543 0.0100853494 0 0 0
nt@synapse_cleft 913 -0.00144159772 -0.00488687338 0.00638253037 0 0 0
nt@synapse_cleft 918 -0.0187439975 -0.00263730173 0.00811493637 0 0 0
nt@synapse_cleft 932 -0.00342019687 -0.00176463876 0.00480873289 0 0 0
nt@synapse_cleft 938 -0.0125176644 0.010301297 0.00464884245 0 0 0
nt@synapse_cleft 942 0.0131412947 -0.00525092657 0.00023935266 0 0 0
nt@synapse_cleft 945 0.00422922128 0.011704165 0.00994315752 0 0 0
nt@synapse_cleft 953 -0.00622647509 0.00993406177 0.00265816439 0 0 0
nt@synapse_cleft 961 -0.00237494002 -0.00928308981 0.00828143906 0 0 0
nt@synapse_cleft 978 -0.000543596988 0.000285430052 0.00177935596 0 0 0
nt@synapse_cleft 1002 -0.0180989754 -0.0152931704 0.00507521465 0 0 0
nt@synapse_cleft 1048 0.00357725402 -0.00453358052 0.0118247491 0 0 0
nt@synapse_cleft 1080 0.00178987634 0.00980363301 0.0017049081 0 0 0
nt@synapse_cleft 1092 0.000730055839 0.00419624259 0.0105798432 0 0 0
nt@synapse_cleft 1144 -0.00579941921 0.000680316117 0.00273658549 0 0 0
nt@synapse_cleft 1152 0.000584186074 0.0174941648 0.00247179819 0 0 0
nt@synapse_cleft 1167 0.0156030613 0.00269541099 0.00221894176 0 0 0
nt@synapse_cleft 1177 -0.00860340389 0.00135649621 0.00466745641 0 0 0
nt@synapse_cleft 1186 -0.00164593339 0.0311711804 0.00109103849 0 0 0
nt@synapse_cleft 1193 -0.0135679052 0.00268103733 0.00614022033 0 0 0
nt@synapse_cleft 1200 -0.00715731455 0.00171475976 0.000942340884 0 0 0
nt@synapse_cleft 1205 -0.0134608648 -0.00248739605 0.00641421096 0 0 0
nt@synapse_cleft 1206 -0.00521956901 0.00990107678 0.00293821777 0 0 0
nt@synapse_cleft 1238 -0.011359998 -0.00684196959 0.014365732 0 0 0
nt@synapse_cleft 1252 0.00189731599 -0.0171769444 0.0167547281 0 0 0
nt@synapse_cleft 1302 -0.0151448107 0.0149745656 0.0081057939 0 0 0
nt@synapse_cleft 1326 0.00370441519 0.0181124779 0.0175164971 0 0 0
nt@synapse_cleft 1343 -0.0173810675 0.00730133149 0.00750248708 0 0 0
nt@synapse_cleft 1368 -0.000313234212 0.0111458523 0.013804793 0 0 0
nt@synapse_cleft 1380 0.00216814407 -0.0230887124 0.00905700698 0 0 0
nt@synapse_cleft 1384 0.00852438851 0.00984069698 0.0192698165 0 0 0
nt@synapse_cleft 1416 -0.015116629 -0.0162667774 0.010272515 0 0 0
nt@synapse_cleft 1438 0.0111875467 -0.0103837442 0.0178656482 0 0 0
nt@synapse_cleft 1442 -0.00881085193 -0.00569744433 0.00054120607 0 0 0
nt@synapse_cleft 1446 0.010922142 -0.0029440468 0.00996444133 0 0 0
nt@synapse_cleft 1472 0.0092305796 0.000815302944 0.00626008761 0 0 0
nt@synapse_cleft 1487 -0.00611682533 -0.0100305381 0.00472328164 0 0 0
nt@synapse_cleft 1496 0.00807961232 -0.0102956271 0.00680195981 0 0 0
nt@synapse_cleft 1506 -0.0160974023 0.000694366246 0.0083910675 0 0 0
nt@synapse_cleft 1553 0.0188658317 -0.0170060686 0.0195215849 0 0 0
nt@synapse_cleft 1600 0.0140615673 -0.00985864914 0.0120555531 0 0 0
nt@synapse_cleft 1641 0.0111637598 7.75932091e-05 0.0029912364 0 0 0
nt@synapse_cleft 1675 -0.00917840737 0.0110765511 0.00325839928 0 0 0
nt@synapse_cleft 1686 -0.000607698464 -0.00660829486 0.0175411656 0 0 0
nt@synapse_cleft 1689 -0.0237866284 -0.0134608399 0.00369499962 0 0 0
nt@synapse_cleft 1707 -0.0149968754 -0.0200126806 0.00330654589 0 0 0
nt@synapse_cleft 1729 -0.00636343233 -0.00508775855 0.00226939359 0 0 0
nt@synapse_cleft 1742 0.00368178857 -0.0161750955 0.00117129945 0 0 0
nt@synapse_cleft 1745 0.0131612029 -0.00152429114 0.00233617084 0 0 0
nt@synapse_cleft 1746 -0.0228282643 -0.0125544946 0.00678248477 0 0 0
nt@synapse_cleft 1768 -0.00679583643 -0.000740531353 0.00960811019 0 0 0
nt@synapse_cleft 1781 -0.00562697134 -0.00621400373 0.00844068004 0 0 0
nt@synapse_cleft 1815 0.00603820594 -0.00718102212 0.0147868828 0 0 0
nt@synapse_cleft 1829 0.00291546704 0.00424053489 0.00261390881 0 0 0
nt@synapse_cleft 1853 -0.0113435442 -0.0124768199 0.0189744464 0 0 0
nt@synapse_cleft 1885 -0.0125160592 0.0110308906 0.00202289004 0 0 0
nt@synapse_cleft 1896 0.0021211246 0.00795178604 0.00970771911 0 0 0
nt@synapse_cleft 1932 0.00717185939 0.00903810052 0.0127268627 0 0 0
nt@synapse_cleft 1946 -0.00891958478 -0.0182475991 0.0074564232 0 0 0
nt@synapse_cleft 1961 -0.0157602059 -0.0100425696 0.0126671006 0 0 0
nt@synapse_cleft 1970 -0.00650139194 -0.00453880072 0.0157318518 0 0 0
nt@synapse_cleft 1973 0.00348954645 -0.0028716431 0.00365048885 0 0 0
nt@synapse_cleft 1990 -0.0280235679 -0.00998586207 0.0136893638 0 0 0
nt@synapse_cleft 2014 -0.0290154565 0.00447342442 0.000802455307 0 0 0
nt@synapse_cleft 2064 -0.00474444387 -0.000305336283 0.00639741143 0 0 0
nt@synapse_cleft 2104 -0.0127918308 -0.00325664726 0.00700440814 0 0 0
nt@synapse_cleft 2127 0.00417872001 -0.00969042396 0.0171084224 0 0 0
nt@synapse_cleft 2137 -0.00176369489 -0.0222240188 0.00712696848 0 0 0
nt@synapse_cleft 2218 0.00243722094 0.00976408337 0.00545105209 0 0 0
nt@synapse_cleft 2223 0.000897311312 -0.00332633256 0.0145697069 0 0 0
nt@synapse_cleft 2254 -0.0133859065 0.0114841477 0.00589113834 0 0 0
nt@synapse_cleft 2279 0.00381884182 0.00762476038 0.0065398565 0 0 0
nt@synapse_cleft 2284 0.000914311977 -0.0164054263 0.0170504016 0 0 0
nt@synapse_cleft 2285 -0.00622506829 -0.000688592064 0.00253167823 0 0 0
nt@synapse_cleft 2314 -0.00746797559 -0.00263335196 0.00959430657 0 0 0
nt@synapse_cleft 2367 -0.0272690205 0.00121717434 0.00285297315 0 0 0
nt@synapse_cleft 2383 -0.00995173064 0.0107805845 0.00226839074 0 0 0
nt@synapse_cleft 2421 -0.0240885327 0.0129696629 0.0195772036 0 0 0
nt@synapse_cleft 2438 -0.0130852026 0.00650324017 0.00282278622 0 0 0
nt@synapse_cleft 2483 -0.0262319866 0.0178673487 0.0126482308 0 0 0
nt@synapse_cleft 2491 0.00332303055 -0.00271562378 0.009897956 0 0 0
nt@synapse_cleft 2498 -0.00136094321 -0.00443713893 0.0155293643 0 0 0
nt@synapse_cleft 2513 -0.0110509383 -0.013057111 0.00370222972 0 0 0
nt@synapse_cleft 2517 0.0121181606 -0.00651980926 0.00941151941 0 0 0
nt@synapse_cleft 2528 0.0067264526 0.00321746761 0.010915823 0 0 0
nt@synapse_cleft 2550 -0.00476015371 -0.0269044975 0.0182463937 0 0 0
nt@synapse_cleft 2564 -0.0135137966 -0.00412908806 0.000315069864 0 0 0
nt@synapse_cleft 2570 0.0330037153 0.00542108138 0.0116386922 0 0 0
nt@synapse_cleft 2577 -0.00449064348 -0.00894796183 0.0113040086 0 0 0
nt@synapse_cleft 2610 -0.00959516972 0.0123863749 0.000913978485 0 0 0
nt@synapse_cleft 2628 0.0148087869 0.0021792091 0.0196264269 0 0 0
nt@synapse_cleft 2660 -0.00370938775 0.0184953987 0.000692213156 0 0 0
nt@synapse_cleft 2670 -0.0114205595 -0.0129325204 0.0193188841 0 0 0
nt@synapse_cleft 2680 -0.00701556052 0.0173122573 0.000845504454 0 0 0
nt@synapse_cleft 2681 0.0029781372 -0.00126229133 0.00276423299 0 0 0
nt@synapse_cleft 2702 -0.00949839814 0.00287049825 0.013326884 0 0 0
nt@synapse_cleft 2724 0.00267887733 0.0107763425 0.0146835936 0 0 0
nt@synapse_cleft 2752 0.00854211369 0.0016436824 0.0114673185 0 0 0
nt@synapse_cleft 2798 0.00681941333 0.0200507493 0.00305943075 0 0 0
nt@synapse_cleft 2863 0.0171334267 -0.00253441656 0.000270166729 0 0 0
nt@synapse_cleft 2876 -0.0147791105 0.0232591433 0.0160119789 0 0 0
nt@synapse_cleft 2940 -0.0120107018 -0.00231244621 0.012729102 0 0 0
nt@synapse_cleft 2983 0.0067518658 0.00119696073 0.00416066949 0 0 0
nt@synapse_cleft 2993 0.029929885 0.00832616613 0.00357922938 0 0 0
nt@synapse_cleft 3006 -0.00669662457 -0.00965182257 0.00858483832 0 0 0
nt@synapse_cleft 3019 0.00739250337 -0.0025066766 0.0145743201 0 0 0
nt@synapse_cleft 3042 0.00639131588 0.02301459 0.0100748015 0 0 0
nt@synapse_cleft 3047 -0.00135327756 -0.0110890827 0.00405079506 0 0 0
nt@synapse_cleft 3073 -0.00443633621 -0.0120271285 0.0183336024 0 0 0
nt@synapse_cleft 3096 0.0105249558 0.0157760971 0.0196034161 0 0 0
nt@synapse_cleft 3199 -0.00161775144 -0.00651958468 0.00823389302 0 0 0
nt@synapse_cleft 3222 0.00475187155 -0.026164654 0.00102010614 0 0 0
nt@synapse_cleft 3308 0.010014924 0.00825688873 0.0109943016 0 0 0
nt@synapse_cleft 3326 0.00811640171 0.00845032623 0.00552088576 0 0 0
nt@synapse_cleft 3367 0.0077072476 0.00599091216 0.00746673185 0 0 0
nt@synapse_cleft 3402 -0.0328255034 -0.00500475572 0.0041471178 0 0 0
nt@synapse_cleft 3404 0.00141438474 0.0108325996 0.00594588058 0 0 0
nt@synapse_cleft 3413 0.0185613038 -0.00818181883 0.0106063259 0 0 0
nt@synapse_cleft 3419 0.00649081729 0.0121286977 0.0180843009 0 0 0
nt@synapse_cleft 3432 0.00391014855 0.0173211911 0.0177708609 0 0 0
nt@synapse_cleft 3445 -0.0344022088 0.00662976608 0.00717319002 0 0 0
nt@synapse_cleft 3467 0.00482680373 0.000911342045 0.000162515119 0 0 0
nt@synapse_cleft 3484 -0.00741358118 -0.00567014953 0.00673639434 0 0 0
nt@synapse_cleft 3500 -0.000921078588 -0.012137686 0.0079562619 0 0 0
nt@synapse_cleft 3542 -0.00554456953 0.00514554172 0.014189723 0 0 0
nt@synapse_cleft 3561 -0.00273290921 0.00586025748 0.00153671499 0 0 0
nt@synapse_cleft 3563 -0.0244873876 0.00390321567 0.0122687497 0 0 0
nt@synapse_cleft 3566 -0.00612626956 -0.0065049197 0.0115922863 0 0 0
nt@synapse_cleft 3576 0.00675567365 0.00821664846 0.00843753283 0 0 0
nt@synapse_cleft 3592 -0.0130619308 0.0237187477 0.000401854667 0 0 0
nt@synapse_cleft 3611 -0.00369392093 -0.0181425397 0.0150322236 0 0 0
nt@synapse_cleft 3616 0.0184496918 -0.0120410359 0.00524299281 0 0 0
nt@synapse_cleft 3625 -0.00488073783 0.00575828734 0.00591927129 0 0 0
nt@synapse_cleft 3645 -0.00170153722 -0.0067325521 0.0129267526 0 0 0
nt@synapse_cleft 3661 -0.00306556418 -0.0045911171 0.0065413235 0 0 0
nt@synapse_cleft 3693 0.00322230746 -0.0108562255 0.0023570008 0 0 0
nt@synapse_cleft 3706 -0.00638902786 0.00542911479 0.0128273482 0 0 0
nt@synapse_cleft 3714 -0.0162312342 -0.00999393761 0.00714796645 0 0 0
nt@synapse_cleft 3737 0.00113402353 0.0117405713 0.00934027471 0 0 0
nt@synapse_cleft 3793 -0.00272495416 -0.00776160724 0.00304374855 0 0 0
nt@synapse_cleft 3800 -0.00626632518 -0.00778774577 0.0152184315 0 0 0
nt@synapse_cleft 3811 0.00344117362 0.0156283381 0.00303973893 0 0 0
nt@synapse_cleft 3827 0.00112377829 0.00593975789 0.00307990489 0 0 0
nt@synapse_cleft 3834 -0.00309965249 -0.00427577478 0.00676569622 0 0 0
nt@synapse_cleft 3835 -0.00879625314 -0.00838756266 0.0124809739 0 0 0
nt@synapse_cleft 3886 0.00199436164 0.00738342495 0.0197663636 0 0 0
nt@synapse_cleft 3902 0.0151381526 0.00144520224 0.00871705139 0 0 0
nt@synapse_cleft 3907 -0.0225977485 -0.0158085249 0.0136826372 0 0 0
nt@synapse_cleft 3921 0.00627667351 0.00187679481 0.0165873088 0 0 0
nt@synapse_cleft 3927 0.0193330725 0.00945984445 0.0101611995 0 0 0
nt@synapse_cleft 3973 0.018824786 0.0103630023 0.00273038994 0 0 0
nt@synapse_cleft 3974 -0.00244170075 -0.00555837001 0.00763681803 0 0 0
nt@synapse_cleft 3999 -0.0225279168 0.0114384101 0.000351776182 0 0 0
nt@synapse_cleft 4018 -0.0188713628 -0.0134103478 0.00698413584 0 0 0
nt@synapse_cleft 4037 0.000490268929 -0.00391628922 0.00436022158 0 0 0
nt@synapse_cleft 4049 0.00024228648 0.00173328083 0.00211176675 0 0 0
nt@synapse_cleft 4103 0.00747198648 -0.0173625178 0.00651377883 0 0 0
nt@synapse_cleft 4106 -0.00113886722 0.00913792158 0.00531488326 0 0 0
nt@synapse_cleft 4119 0.0119484245 -0.00477536723 0.00809968275 0 0 0
nt@synapse_cleft 4129 0.00106077068 -0.0114760375 0.00693303426 0 0 0
nt@synapse_cleft 4132 8.29709962e-05 -0.0103412291 0.0150748851 0 0 0
nt@synapse_cleft 4150 -0.00200364467 -0.00672676493 0.00719855058 0 0 0
nt@synapse_cleft 4155 -0.00949320691 -0.0112769702 0.0154353327 0 0 0
nt@synapse_cleft 4163 -0.0126408351 -0.0132752218 0.0100046516 0 0 0
nt@synapse_cleft 4187 -0.000453302976 -0.000613933928 0.00129981448 0 0 0
nt@synapse_cleft 4220 0.0153275646 -0.0107564874 0.0130376098 0 0 0
nt@synapse_cleft 4252 -0.0196204463 0.000237067516 0.0159011636 0 0 0
nt@synapse_cleft 4255 -0.0194186498 -0.00384276081 0.00829599821 0 0 0
nt@synapse_cleft 4288 0.00714677455 0.0239497151 0.00687427352 0 0 0
nt@synapse_cleft 4297 0.0249427411 -0.0070128401 0.00498291955 0 0 0
nt@synapse_cleft 4365 -0.00243943089 -0.00810400118 0.000386829059 0 0 0
nt@synapse_cleft 4381 -0.0133114579 -0.00609526026 0.00861529204 0 0 0
nt@synapse_cleft 4386 0.00286371617 -0.0260651579 0.00572771238 0 0 0
nt@synapse_cleft 4414 -0.00163700774 -0.00109674268 0.00376290678 0 0 0
nt@synapse_cleft 4416 0.00900169129 0.00639161269 0.00413368609 0 0 0
nt@synapse_cleft 4464 -0.00530673236 0.01144838 0.00416386793 0 0 0
nt@synapse_cleft 4478 0.0106884487 -0.00347386664 0.00469321072 0 0 0
nt@synapse_cleft 4485 -0.00227339772 0.0132009316 0.00825133979 0 0 0
nt@synapse_cleft 4681 -0.0208853453 0.00251514131 0.00862151557 0 0 0
nt@synapse_cleft 4700 0.00584165905 0.00842363588 0.00324923807 0 0 0
nt@synapse_cleft 4709 -0.00340034403 -0.00878142736 0.0156652489 0 0 0
nt@synapse_cleft 4718 -0.00534228837 -0.0157410035 0.00427865109 0 0 0
nt@synapse_cleft 4750 -0.0128303292 -0.000703572192 0.0103333416 0 0 0
nt@synapse_cleft 4801 -0.00761999931 -0.00941019865 0.00687951829 0 0 0
nt@synapse_cleft 4829 0.0170864316 0.00732541551 0.00839558768 0 0 0
nt@synapse_cleft 4839 -0.0105762316 0.00341622023 0.00591823152 0 0 0
nt@synapse_cleft 4871 -0.000431149707 -0.00889209482 0.00283290257 0 0 0
nt@synapse_cleft 4906 0.0084139152 -0.0122961622 0.0149510887 0 0 0
nt@synapse_cleft 4919 -0.0020227478 0.00935206782 0.00499533704 0 0 0
nt@synapse_cleft 4937 -0.00412026296 0.00435406343 0.00980481932 0 0 0
nt@synapse_cleft 4981 -0.00787700131 -0.00500126001 0.0134821047 0 0 0
nt@synapse_cleft 4982 -0.00810492356 -0.00609699084 0.0185911768 0 0 0
nt@synapse_cleft 5004 0.00789191279 0.0134477922 0.000719545438 0 0 0
nt@synapse_cleft 5006 -0.026728939 -0.0139430095 0.0118179066 0 0 0
nt@synapse_cleft 5061 0.00315528391 0.0019891583 0.00038489555 0 0 0
nt@synapse_cleft 5145 0.01471323 -0.0027475651 0.00594707284 0 0 0
nt@synapse_cleft 5159 -0.0123188709 -0.00917518242 0.00131526511 0 0 0
nt@synapse_cleft 5164 0.00173307632 0.00919234799 0.013771121 0 0 0
nt@synapse_cleft 5173 -0.00309660215 0.0222640751 0.0173082135 0 0 0
nt@synapse_cleft 5179 0.0110528164 0.0207925174 0.0137320504 0 0 0
nt@synapse_cleft 5182 -0.0018728841 0.00689556645 0.00324541568 0 0 0
