nt@synapse_cleft 26 0.0125879531 0.00573881728 0.00697841293 0 0 0
nt@synapse_cleft 89 0.00121633338 -0.00212498932 0.0116883501 0 0 0
nt@synapse_cleft 100 -0.00479790212 0.00215099996 0.0065136553 0 0 0
nt@synapse_cleft 103 -0.0169618927 -0.0031137894 0.0040787071 0 0 0
nt@synapse_cleft 150 -0.013157197 0.0111040126 0.00179393617 0 0 0
nt@synapse_cleft 195 -0.00375281908 0.00307888365 0.00437565134 0 0 0
nt@synapse_cleft 199 -0.00236687055 -0.00233819424 0.00451822141 0 0 0
nt@synapse_cleft 284 0.015744338 -0.00678176089 0.00550694696 0 0 0
nt@synapse_cleft 318 -0.000922487912 0.00202380281 0.0073210331 0 0 0
nt@synapse_cleft 406 0.00345831513 -0.00163389272 0.0170496613 0 0 0
nt@synapse_cleft 421 0.0176641508 -0.0163501332 0.0128855205 0 0 0
nt@synapse_cleft 429 0.0225173286 -0.0197755822 0.010007165 0 0 0
nt@synapse_cleft 444 -0.0113280147 -0.00451733062 0.0012147495 0 0 0
nt@synapse_cleft 477 0.00560126633 -0.0121548605 0.00974882751 0 0 0
nt@synapse_cleft 479 -0.0191761487 0.00106777866 0.00138202601 0 0 0
nt@synapse_cleft 482 -0.0128362441 0.0011527453 0.00225921144 0 0 0
nt@synapse_cleft 499 0.0123263194 -0.00587491898 0.00202221249 0 0 0
nt@synapse_cleft 536 -0.0235902091 0.028161474 0.000202384427 0 0 0
nt@synapse_cleft 551 -0.0116244343 0.00058908409 0.0184067179 0 0 0
nt@synapse_cleft 596 0.026759458 -0.0128900998 0.0170084815 0 0 0
nt@synapse_cleft 620 -0.00010746701 -0.00173600766 0.0124350851 0 0 0
nt@synapse_cleft 634 -0.00264539661 0.0160544771 0.0110220922 0 0 0
nt@synapse_cleft 645 -0.00634582108 0.0168328427 0.00537664582 0 0 0
nt@synapse_cleft 693 0.000260209001 0.00924968168 0.00454213858 0 0 0
nt@synapse_cleft 698 -0.00369484163 0.00707885126 0.00193812905 0 0 0
nt@synapse_cleft 728 -0.00356480771 -0.0059781689 0.017220807 0 0 0
nt@synapse_cleft 741 -0.00887157835 0.00532856089 0.00305745049 0 0 0
nt@synapse_cleft 750 -0.0073762608 0.0119838505 0.00135954698 0 0 0
nt@synapse_cleft 833 0.0077787698 0.01303489 0.0056774642 0 0 0
nt@synapse_cleft 866 -0.00903965295 0.0235962735 0.0081755295 0 0 0
nt@synapse_cleft 904 -0.0201945289 -0.0189798997 0.00540650558 0 0 0
nt@synapse_cleft 913 -0.00319687359 -0.00554075686 0.00708049932 0 0 0
nt@synapse_cleft 918 -0.0174307789 -0.00707539488 0.00615106679 0 0 0
nt@synapse_cleft 932 -0.00631354368 0.000101738468 0.00587296461 0 0 0
nt@synapse_cleft 938 -0.0138568405 0.0102312955 0.00346976731 0 0 0
nt@synapse_cleft 942 0.0179194811 -0.00371272396 0.00104130156 0 0 0
nt@synapse_cleft 945 0.00437186348 0.0138319851 0.010657639 0 0 0
nt@synapse_cleft 953 -0.00921803044 0.00904889029 0.00263745067 0 0 0
nt@synapse_cleft 978 -0.0010804935 0.0010548152 0.0040449108 0 0 0
nt@synapse_cleft 1002 -0.0191170953 -0.014592776 0.00632592442 0 0 0
nt@synapse_cleft 1048 0.00393314531 -0.00438936232 0.0144029785 0 0 0
nt@synapse_cleft 1080 0.00264354543 0.00804512024 4.1206008e-05 0 0 0
nt@synapse_cleft 1092 0.00206791475 0.000662916259 0.0108769694 0 0 0
nt@synapse_cleft 1144 -0.00364159967 0.00273263644 0.00104519147 0 0 0
nt@synapse_cleft 1152 -0.000634449975 0.013285023 0.00362232445 0 0 0
nt@synapse_cleft 1167 0.0137847532 0.00324652547 0.00222607369 0 0 0
nt@synapse_cleft 1186 -0.00247640972 0.0287506963 0.00300351202 0 0 0
nt@synapse_cleft 1193 -0.0193785467 0.00302711341 0.00605412494 0 0 0
nt@synapse_cleft 1200 -0.00661444327 0.00185429992 0.00501998085 0 0 0
nt@synapse_cleft 1205 -0.0131247509 -0.00287041344 0.00465980962 0 0 0
nt@synapse_cleft 1206 -0.0038675111 0.00930660939 0.00141735586 0 0 0
nt@synapse_cleft 1238 -0.00772366777 -0.00768773951 0.012834282 0 0 0
nt@synapse_cleft 1252 0.0037181056 -0.0182029723 0.0164131742 0 0 0
nt@synapse_cleft 1302 -0.0145267824 0.0172408342 0.0085017164 0 0 0
nt@synapse_cleft 1326 0.00471455684 0.0165340668 0.0171024488 0 0 0
nt@synapse_cleft 1343 -0.0148238121 0.00713443053 0.00877954674 0 0 0
nt@synapse_cleft 1368 0.00144048661 0.0104432848 0.0122474359 0 0 0
nt@synapse_cleft 1380 -0.000402423991 -0.0220284019 0.0084327333 0 0 0
nt@synapse_cleft 1384 0.00930131347 0.00888247075 0.0188724936 0 0 0
nt@synapse_cleft 1416 -0.0152879386 -0.0151206805 0.0118436102 0 0 0
nt@synapse_cleft 1438 0.0122122542 -0.0111696326 0.0181756387 0 0 0
nt@synapse_cleft 1442 -0.0107812201 -0.00701591446 0.000246687088 0 0 0
nt@synapse_cleft 1446 0.0127812639 -0.00203276138 0.0110247504 0 0 0
nt@synapse_cleft 1472 0.0105214285 0.00115627505 0.00485939749 0 0 0
nt@synapse_cleft 1487 -0.00728149585 -0.0138846597 0.00332085693 0 0 0
nt@synapse_cleft 1496 0.00606762381 -0.00855673703 0.00877975742 0 0 0
nt@synapse_cleft 1506 -0.0150800423 0.00273033802 0.00919153239 0 0 0
nt@synapse_cleft 1553 0.0188778076 -0.0178618419 0.0192005419 0 0 0
nt@synapse_cleft 1600 0.0148383808 -0.00889557183 0.0116390257 0 0 0
nt@synapse_cleft 1641 0.00907454841 0.00118980696 0.00264773423 0 0 0
nt@synapse_cleft 1675 -0.00936992191 0.0106839665 0.00391422434 0 0 0
nt@synapse_cleft 1686 -0.00165777202 -0.0085388829 0.0199672097 0 0 0
nt@synapse_cleft 1689 -0.0218318544 -0.0153944308 0.0035317842 0 0 0
nt@synapse_cleft 1707 -0.0131168909 -0.0188242662 0.00410178993 0 0 0
nt@synapse_cleft 1729 -0.00425280702 -0.00726599126 0.000515816678 0 0 0
nt@synapse_cleft 1742 0.00380491313 -0.0175642924 0.000457801808 0 0 0
nt@synapse_cleft 1745 0.0133199354 -0.00269805269 0.000571529123 0 0 0
nt@synapse_cleft 1746 -0.0206130824 -0.0146219343 0.00754265991 0 0 0
nt@synapse_cleft 1768 -0.00758262982 -0.000136576911 0.00880637392 0 0 0
nt@synapse_cleft 1781 -0.00764407133 -0.0048220118 0.00626783004 0 0 0
nt@synapse_cleft 1815 0.00495647234 -0.00699665099 0.0122497558 0 0 0
nt@synapse_cleft 1829 0.00176043525 0.00442378955 0.00190880613 0 0 0
nt@synapse_cleft 1853 -0.0134438634 -0.0127975383 0.0185699376 0 0 0
nt@synapse_cleft 1885 -0.0128919467 0.0117065259 0.0043834459 0 0 0
nt@synapse_cleft 1896 0.00120243042 0.00692151942 0.00845860079 0 0 0
nt@synapse_cleft 1932 0.0066136304 0.00618102024 0.0122875236 0 0 0
nt@synapse_cleft 1946 -0.00813273139 -0.0186683882 0.00705930084 0 0 0
nt@synapse_cleft 1961 -0.0171791807 -0.00820637852 0.0115053615 0 0 0
nt@synapse_cleft 1973 0.00362052089 -0.002886924 0.00229933827 0 0 0
nt@synapse_cleft 1990 -0.0275319406 -0.00801134824 0.0138930808 0 0 0
nt@synapse_cleft 2014 -0.0274873469 0.00385528803 0.00160225179 0 0 0
nt@synapse_cleft 2064 -0.00411018375 0.00137860317 0.00817955225 0 0 0
nt@synapse_cleft 2104 -0.0113821245 -0.00370502417 0.0085952398 0 0 0
nt@synapse_cleft 2127 0.00673244434 -0.0103331133 0.0197507207 0 0 0
nt@synapse_cleft 2137 -0.000905014994 -0.0228900391 0.00680680535 0 0 0
nt@synapse_cleft 2218 -0.000467909823 0.0108065932 0.00466309594 0 0 0
nt@synapse_cleft 2223 -0.00180670976 -0.00503100883 0.017488791 0 0 0
nt@synapse_cleft 2254 -0.0142152208 0.010225739 0.0032971832 0 0 0
nt@synapse_cleft 2279 0.00315756664 0.0101297438 0.00828045037 0 0 0
nt@synapse_cleft 2284 0.000558559934 -0.0172254439 0.0179833606 0 0 0
nt@synapse_cleft 2314 -0.00749444256 -0.00191461566 0.0109055537 0 0 0
nt@synapse_cleft 2383 -0.0108314894 0.00849620141 0.00422432603 0 0 0
nt@synapse_cleft 2421 -0.0257977938 0.0172996275 0.0186396304 0 0 0
nt@synapse_cleft 2438 -0.0141851578 0.00573000952 0.00601069163 0 0 0
nt@synapse_cleft 2483 -0.0273735758 0.0173059729 0.0110620628 0 0 0
nt@synapse_cleft 2491 0.00443348279 -0.00273026792 0.00832231262 0 0 0
nt@synapse_cleft 2498 -0.00121672375 -0.000645046668 0.0154288694 0 0 0
nt@synapse_cleft 2513 -0.00812564817 -0.0112874944 0.00538924354 0 0 0
nt@synapse_cleft 2517 0.014332822 -0.00572106167 0.0096315907 0 0 0
nt@synapse_cleft 2528 0.0100580185 -0.00108501673 0.0113455149 0 0 0
nt@synapse_cleft 2550 -0.00358777929 -0.0266492802 0.0169935801 0 0 0
nt@synapse_cleft 2564 -0.0103950355 -0.00718557711 0.000523829681 0 0 0
nt@synapse_cleft 2570 0.0334538142 0.00636721716 0.0107432138 0 0 0
nt@synapse_cleft 2610 -0.0107730349 0.0127761955 0.00206056759 0 0 0
nt@synapse_cleft 2628 0.01306759 -0.00062851174 0.0174917582 0 0 0
nt@synapse_cleft 2660 -0.0057117934 0.0167479912 0.000260879997 0 0 0
nt@synapse_cleft 2670 -0.0104625532 -0.012866421 0.0179701353 0 0 0
nt@synapse_cleft 2680 -0.00495822368 0.0186594184 0.000545210335 0 0 0
nt@synapse_cleft 2681 0.00385914059 -0.00182058763 0.00243313533 0 0 0
nt@synapse_cleft 2702 -0.0120193934 0.00260628456 0.0148387839 0 0 0
nt@synapse_cleft 2724 0.000537273966 0.0128272258 0.0139725327 0 0 0
nt@synapse_cleft 2798 0.00909818856 0.0198844434 0.0036111628 0 0 0
nt@synapse_cleft 2863 0.0180432364 -0.00298784434 0.000466223937 0 0 0
nt@synapse_cleft 2876 -0.0118603467 0.0218194636 0.0167360491 0 0 0
nt@synapse_cleft 2940 -0.0111469937 -0.00107068123 0.0144586282 0 0 0
nt@synapse_cleft 2983 0.00768205883 0.00187621178 0.00490276092 0 0 0
nt@synapse_cleft 2993 0.0270404059 0.0093476999 0.00285858263 0 0 0
nt@synapse_cleft 3006 -0.00812023329 -0.0114637849 0.0095735813 0 0 0
nt@synapse_cleft 3019 0.00610792475 -0.00311953401 0.015140861 0 0 0
nt@synapse_cleft 3042 0.00643416017 0.0239658795 0.0111992627 0 0 0
nt@synapse_cleft 3047 -0.000347210751 -0.00927573865 0.00298214666 0 0 0
nt@synapse_cleft 3073 -0.00348238669 -0.015223796 0.0179712086 0 0 0
nt@synapse_cleft 3096 0.0103422653 0.0151333035 0.0188598783 0 0 0
nt@synapse_cleft 3222 0.00511811267 -0.0258445955 0.00105459742 0 0 0
nt@synapse_cleft 3308 0.00729425463 0.0108316437 0.0138320789 0 0 0
nt@synapse_cleft 3326 0.00905368032 0.00561543064 0.00645601608 0 0 0
nt@synapse_cleft 3367 0.00308757186 0.00621627049 0.00579981409 0 0 0
nt@synapse_cleft 3402 -0.0316585592 -0.0042110379 0.00617993861 0 0 0
nt@synapse_cleft 3413 0.019949925 -0.00647399446 0.0118394565 0 0 0
nt@synapse_cleft 3419 0.0066887045 0.014006919 0.0197772855 0 0 0
nt@synapse_cleft 3432 0.00317811728 0.0162481054 0.0199501767 0 0 0
nt@synapse_cleft 3445 -0.0342097646 0.00601724016 0.010533735 0 0 0
nt@synapse_cleft 3467 0.00161746841 0.000788532562 0.00105270487 0 0 0
nt@synapse_cleft 3484 -0.00506756734 -0.00748600616 0.00777977518 0 0 0
nt@synapse_cleft 3500 -0.000906869223 -0.0117006691 0.00912821256 0 0 0
nt@synapse_cleft 3542 -0.00285101059 0.00134011196 0.0124304773 0 0 0
nt@synapse_cleft 3563 -0.0228467514 0.00249969315 0.0123704036 0 0 0
nt@synapse_cleft 3566 -0.00447531613 -0.00400012853 0.00758352348 0 0 0
nt@synapse_cleft 3576 0.00559719504 0.00794120849 0.0101166067 0 0 0
nt@synapse_cleft 3592 -0.0153494495 0.0266398284 0.000280186354 0 0 0
nt@synapse_cleft 3611 -0.000943166023 -0.021987999 0.0157208827 0 0 0
nt@synapse_cleft 3616 0.0184527351 -0.0125604499 0.00809875554 0 0 0
nt@synapse_cleft 3625 -0.00112584923 0.00488037177 0.00867464932 0 0 0
nt@synapse_cleft 3645 -0.00117763429 -0.00760807102 0.0121091958 0 0 0
nt@synapse_cleft 3661 -0.00293355262 -0.00560590868 0.00567112653 0 0 0
nt@synapse_cleft 3693 0.00504308176 -0.0115244407 0.000887403564 0 0 0
nt@synapse_cleft 3706 -0.00738607332 0.00726534599 0.0157368982 0 0 0
nt@synapse_cleft 3714 -0.0175828902 -0.0107762129 0.0059911777 0 0 0
nt@synapse_cleft 3737 -0.000126901732 0.0116714127 0.00935844501 0 0 0
nt@synapse_cleft 3793 -0.000306306416 -0.00985353988 0.000526766468 0 0 0
nt@synapse_cleft 3800 -0.00636160712 -0.00734646759 0.0188792465 0 0 0
nt@synapse_cleft 3811 0.00454018023 0.015947561 0.00348791018 0 0 0
nt@synapse_cleft 3827 0.0034127547 0.00670456919 0.00104677108 0 0 0
nt@synapse_cleft 3834 -0.00267008561 -0.00289643242 0.00672383198 0 0 0
nt@synapse_cleft 3835 -0.00836352084 -0.00862396287 0.0127182161 0 0 0
nt@synapse_cleft 3886 0.00111060236 0.00868888593 0.0191048693 0 0 0
nt@synapse_cleft 3902 0.0159981669 0.000986106431 0.00846131677 0 0 0
nt@synapse_cleft 3907 -0.02175547 -0.0180563844 0.0149467868 0 0 0
nt@synapse_cleft 3921 0.00641716315 0.000496754937 0.0167663075 0 0 0
nt@synapse_cleft 3927 0.0212668629 0.0103274909 0.0111579443 0 0 0
nt@synapse_cleft 3973 0.0182365386 0.0101815879 0.00255197325 0 0 0
nt@synapse_cleft 3974 -0.00276054266 -0.00413416442 0.00736244509 0 0 0
nt@synapse_cleft 3999 -0.0235276748 0.00973220514 0.000828509668 0 0 0
nt@synapse_cleft 4018 -0.0225956967 -0.0146890714 0.00613257483 0 0 0
nt@synapse_cleft 4037 0.000551230011 -0.00628530547 0.00568585406 0 0 0
nt@synapse_cleft 4049 0.00209707793 0.00172358275 0.00124277207 0 0 0
nt@synapse_cleft 4103 0.0092599101 -0.020089464 0.00318999633 0 0 0
nt@synapse_cleft 4106 -0.00249591654 0.00770819506 0.006125019 0 0 0
nt@synapse_cleft 4119 0.0105751299 -0.00488868466 0.00864808771 0 0 0
nt@synapse_cleft 4129 -0.000679147344 -0.012209218 0.00640321021 0 0 0
nt@synapse_cleft 4150 -0.00351838199 -0.00911212425 0.00708826006 0 0 0
nt@synapse_cleft 4155 -0.00618482623 -0.013676701 0.0178101365 0 0 0
nt@synapse_cleft 4163 -0.0128923772 -0.0108610236 0.00911489149 0 0 0
nt@synapse_cleft 4187 -0.000631401269 -0.000582086745 0.00222339637 0 0 0
nt@synapse_cleft 4220 0.016579784 -0.0099885174 0.0170087502 0 0 0
nt@synapse_cleft 4252 -0.0166208282 0.00118053152 0.0176171738 0 0 0
nt@synapse_cleft 4255 -0.0181648397 -0.00312995769 0.0102508014 0 0 0
nt@synapse_cleft 4288 0.0105156339 0.0233885336 0.00567404843 0 0 0
nt@synapse_cleft 4297 0.0248888178 -0.00887941006 0.0041976297 0 0 0
nt@synapse_cleft 4365 -0.000368490109 -0.00886399051 0.000625341478 0 0 0
nt@synapse_cleft 4381 -0.0130362016 -0.0042449471 0.0118515179 0 0 0
nt@synapse_cleft 4386 0.00506255123 -0.0250506055 0.00697741896 0 0 0
nt@synapse_cleft 4414 -0.0020967602 -0.0041966409 0.00514660689 0 0 0
nt@synapse_cleft 4416 0.0103925633 0.0101617111 0.00518782801 0 0 0
nt@synapse_cleft 4464 -0.00517898648 0.01157448 0.00355875734 0 0 0
nt@synapse_cleft 4478 0.0101934806 -0.00425229217 0.00563026004 0 0 0
nt@synapse_cleft 4485 -0.00365970542 0.0125271862 0.0056049883 0 0 0
nt@synapse_cleft 4681 -0.0197228761 0.00239808187 0.0108921927 0 0 0
nt@synapse_cleft 4700 0.006377339 0.00923190124 0.0028725467 0 0 0
nt@synapse_cleft 4709 -0.00303622288 -0.0089233797 0.0127062036 0 0 0
nt@synapse_cleft 4718 -0.00614799683 -0.0169511761 0.0066332842 0 0 0
nt@synapse_cleft 4750 -0.0101124651 -1.45190703e-05 0.00802052644 0 0 0
nt@synapse_cleft 4801 -0.00826136749 -0.00955198621 0.00961311745 0 0 0
nt@synapse_cleft 4829 0.0186445701 0.00644348126 0.00998095901 0 0 0
nt@synapse_cleft 4839 -0.0120673924 0.00396732574 0.00747585886 0 0 0
nt@synapse_cleft 4871 0.000809572028 -0.00613976794 0.00635777468 0 0 0
nt@synapse_cleft 4906 0.00839910243 -0.0132176334 0.0157413792 0 0 0
nt@synapse_cleft 4919 0.00209913662 0.00764066191 0.00582651751 0 0 0
nt@synapse_cleft 4937 -0.00720508341 0.00457780452 0.00961081979 0 0 0
nt@synapse_cleft 4981 -0.00837775803 -0.00651593697 0.0114005807 0 0 0
nt@synapse_cleft 4982 -0.00730080816 -0.00563436463 0.0192615534 0 0 0
nt@synapse_cleft 5004 0.00589986471 0.0124283202 0.00013065781 0 0 0
nt@synapse_cleft 5006 -0.0252731659 -0.0131426664 0.0120310997 0 0 0
nt@synapse_cleft 5061 0.0083159987 0.00185298512 0.000543076066 0 0 0
nt@synapse_cleft 5145 0.0134959882 -0.00310130237 0.00468734962 0 0 0
nt@synapse_cleft 5159 -0.0122993525 -0.00892586763 0.00135644153 0 0 0
nt@synapse_cleft 5164 -0.00133170101 0.0126439865 0.0155808287 0 0 0
nt@synapse_cleft 5173 -0.00622535251 0.0241933054 0.0159494659 0 0 0
nt@synapse_cleft 5179 0.0118795788 0.021950825 0.015262241 0 0 0
