nt@synapse_cleft 89 0.00434021538 -0.0046105666 0.0103617446 0 0 0
nt@synapse_cleft 100 -0.000623722975 0.00259475651 0.00617305905 0 0 0
nt@synapse_cleft 103 -0.0219364628 0.00604052922 0.00130706316 0 0 0
nt@synapse_cleft 150 -0.010191907 0.00658939637 0.00566902046 0 0 0
nt@synapse_cleft 195 -0.00345632029 0.000405217017 0.0042265869 0 0 0
nt@synapse_cleft 284 0.0166733674 -0.00720159726 0.0119570853 0 0 0
nt@synapse_cleft 318 -0.00411501822 -0.00134901039 0.0103881748 0 0 0
nt@synapse_cleft 406 0.00762872413 0.00326329047 0.0190210399 0 0 0
nt@synapse_cleft 421 0.0170515482 -0.0101490954 0.00936951675 0 0 0
nt@synapse_cleft 429 0.0240648225 -0.0226187287 0.00573064836 0 0 0
nt@synapse_cleft 477 0.00530920345 -0.0153743344 0.00613115372 0 0 0
nt@synapse_cleft 482 -0.0161745521 -0.00697008335 0.00270810709 0 0 0
nt@synapse_cleft 551 -0.0075165449 0.000133875755 0.018600364 0 0 0
nt@synapse_cleft 596 0.0231918837 -0.0103165765 0.0158027054 0 0 0
nt@synapse_cleft 620 -0.00984726669 0.00174043474 0.0110915131 0 0 0
nt@synapse_cleft 634 0.00310438718 0.015739075 0.00925233111 0 0 0
nt@synapse_cleft 645 -0.00750715792 0.0147442234 0.00794897397 0 0 0
nt@synapse_cleft 693 0.00146227434 0.0085638384 0.00262875139 0 0 0
nt@synapse_cleft 728 -0.00448366878 -0.010439386 0.00890595681 0 0 0
nt@synapse_cleft 750 -0.00989407667 0.0192276184 0.00157951494 0 0 0
nt@synapse_cleft 866 -0.00566230019 0.0230662361 0.0106035087 0 0 0
nt@synapse_cleft 904 -0.0306708234 -0.019892296 0.00182584022 0 0 0
nt@synapse_cleft 918 -0.0150541868 -0.00322381891 0.0033093222 0 0 0
nt@synapse_cleft 932 -0.00225833311 0.00173116062 0.00358142888 0 0 0
nt@synapse_cleft 938 -0.00824836004 0.0127344893 0.00114071348 0 0 0
nt@synapse_cleft 953 -0.00883766957 0.0109899146 0.00499830332 0 0 0
nt@synapse_cleft 978 -0.00875744859 0.00202757408 0.000710946628 0 0 0
nt@synapse_cleft 1048 0.0113603195 -0.00702505096 0.0136727502 0 0 0
nt@synapse_cleft 1080 -0.0020400837 -0.000840187261 4.53299397e-05 0 0 0
nt@synapse_cleft 1092 -0.00126114029 -0.00256450385 0.0140691572 0 0 0
nt@synapse_cleft 1144 -0.00515552643 0.00714754155 0.000838339681 0 0 0
nt@synapse_cleft 1152 -0.00851461759 0.0181928092 0.00206214288 0 0 0
nt@synapse_cleft 1167 0.011987562 0.0011371356 0.000166616327 0 0 0
nt@synapse_cleft 1186 -0.00300602246 0.0310183495 0.00563527187 0 0 0
nt@synapse_cleft 1193 -0.0209871517 0.00217383542 0.00972414581 0 0 0
nt@synapse_cleft 1200 -0.00556942401 0.00252541418 0.000445493614 0 0 0
nt@synapse_cleft 1206 -0.00617679213 0.00800576469 0.00416878757 0 0 0
nt@synapse_cleft 1238 -0.0101113603 -0.00494882764 0.0145365057 0 0 0
nt@synapse_cleft 1252 -0.000641289144 -0.0174899875 0.0161337173 0 0 0
nt@synapse_cleft 1302 -0.0133778086 0.0225530062 0.00451098582 0 0 0
nt@synapse_cleft 1326 0.0102995181 0.00874015735 0.0157322813 0 0 0
nt@synapse_cleft 1368 0.0055189065 0.00843684939 0.00846910728 0 0 0
nt@synapse_cleft 1384 0.00338654283 0.00881874125 0.0170217233 0 0 0
nt@synapse_cleft 1442 -0.00410938859 -0.00353107999 0.0030879032 0 0 0
nt@synapse_cleft 1487 -0.00691173593 -0.011873449 0.00495325374 0 0 0
nt@synapse_cleft 1506 -0.010499807 0.00541101291 0.00887185843 0 0 0
nt@synapse_cleft 1600 0.018410608 -0.00580748174 0.0120029922 0 0 0
nt@synapse_cleft 1641 0.0123439966 -0.000132924186 0.00246814978 0 0 0
nt@synapse_cleft 1675 -0.0159742725 0.00808681931 0.00129510819 0 0 0
nt@synapse_cleft 1686 -0.00782441402 -0.0105875273 0.0141305526 0 0 0
nt@synapse_cleft 1689 -0.023375574 -0.0167111486 0.00116359201 0 0 0
nt@synapse_cleft 1707 -0.0152307393 -0.015696429 0.00643813582 0 0 0
nt@synapse_cleft 1729 -0.00348542063 -0.00347081318 0.000678760189 0 0 0
nt@synapse_cleft 1768 0.00139717923 -0.00248545012 0.00696568344 0 0 0
nt@synapse_cleft 1815 -0.00400637712 -0.0152164609 0.00898947667 0 0 0
nt@synapse_cleft 1829 -0.00511020836 0.00642544957 0.00275791463 0 0 0
nt@synapse_cleft 1853 -0.0132882519 -0.0140328846 0.0189648071 0 0 0
nt@synapse_cleft 1885 -0.0123502083 0.0193123894 0.00301553574 0 0 0
nt@synapse_cleft 1896 -0.00668480823 0.0117277131 0.00961701558 0 0 0
nt@synapse_cleft 1932 0.00912572013 0.00537231223 0.0129606691 0 0 0
nt@synapse_cleft 1973 0.0115541802 -0.00144311198 0.00721738832 0 0 0
nt@synapse_cleft 2104 -0.0118989224 -8.60684709e-06 0.00863205359 0 0 0
nt@synapse_cleft 2218 -0.00519541073 0.00668777019 0.0096361092 0 0 0
nt@synapse_cleft 2223 0.00159562067 -0.0130808692 0.0192300767 0 0 0
nt@synapse_cleft 2254 -0.00761673195 -0.00035984205 0.00359878934 0 0 0
nt@synapse_cleft 2279 -0.00224211423 0.0240691655 0.011927066 0 0 0
nt@synapse_cleft 2284 -0.00361491986 -0.0111439307 0.0178606674 0 0 0
nt@synapse_cleft 2383 -0.0153927073 0.00938451437 0.00911875963 0 0 0
nt@synapse_cleft 2438 -0.00992334788 0.0101030515 0.00407032687 0 0 0
nt@synapse_cleft 2483 -0.0271375143 0.0240400509 0.0103979406 0 0 0
nt@synapse_cleft 2498 0.00278909939 0.00246727167 0.0120809184 0 0 0
nt@synapse_cleft 2517 0.014939338 -0.00361357511 0.00880780471 0 0 0
nt@synapse_cleft 2550 -0.00785613466 -0.0194575598 0.0149410286 0 0 0
nt@synapse_cleft 2564 -0.0119641024 -0.00983544951 0.0042792711 0 0 0
nt@synapse_cleft 2610 -0.0253552624 0.0122532712 0.00719692451 0 0 0
nt@synapse_cleft 2670 -0.0144009018 -0.0195215633 0.0189749471 0 0 0
nt@synapse_cleft 2680 -0.0084764377 0.0223571215 0.00352793618 0 0 0
nt@synapse_cleft 2798 -0.00138295448 0.0182132727 0.000477301986 0 0 0
nt@synapse_cleft 2863 0.018900855 -0.00286464434 0.000326912525 0 0 0
nt@synapse_cleft 2876 -0.00890321168 0.0151938062 0.0166672566 0 0 0
nt@synapse_cleft 2983 0.00570552026 -0.000616570575 0.00293001761 0 0 0
nt@synapse_cleft 2993 0.0282007285 0.013772417 0.00283219261 0 0 0
nt@synapse_cleft 3006 -0.00780093572 -0.0166556889 0.0167811342 0 0 0
nt@synapse_cleft 3019 0.00118274925 -0.00515982492 0.0124245346 0 0 0
nt@synapse_cleft 3073 -0.00998075155 -0.0119960683 0.0172542332 0 0 0
nt@synapse_cleft 3096 0.00749185521 0.0181014895 0.0163740964 0 0 0
nt@synapse_cleft 3308 0.00853614681 0.0182770705 0.0120657771 0 0 0
nt@synapse_cleft 3367 -0.000899254523 0.0100050153 0.0143196218 0 0 0
nt@synapse_cleft 3413 0.0245530143 -0.00957939975 0.00762304192 0 0 0
nt@synapse_cleft 3445 -0.0343122567 -0.000483796834 0.0174075365 0 0 0
nt@synapse_cleft 3467 0.00226768874 0.00429911257 0.00580154803 0 0 0
nt@synapse_cleft 3563 -0.0262599587 0.00194914031 0.0121185436 0 0 0
nt@synapse_cleft 3611 0.00835494628 -0.0210217877 0.0158327792 0 0 0
nt@synapse_cleft 3616 0.015773554 -0.0174261862 0.00515398998 0 0 0
nt@synapse_cleft 3661 -0.0069923684 0.00304528309 0.00501415641 0 0 0
nt@synapse_cleft 3693 -0.00106585742 -0.010782931 0.000285205163 0 0 0
nt@synapse_cleft 3706 -0.00500156298 0.00986147389 0.0190148925 0 0 0
nt@synapse_cleft 3714 -0.0192992069 -0.0108584579 0.00126325585 0 0 0
nt@synapse_cleft 3737 0.00776130048 0.0145197943 0.0199521358 0 0 0
nt@synapse_cleft 3811 0.00289810242 0.0189758119 0.00780493546 0 0 0
nt@synapse_cleft 3834 -0.00687293694 -0.000882179213 0.00833258468 0 0 0
nt@synapse_cleft 3835 -0.0107391323 -0.0138918921 0.0135971471 0 0 0
nt@synapse_cleft 3902 0.0188686434 0.00146290885 0.0124155667 0 0 0
nt@synapse_cleft 3907 -0.0190121387 -0.0251083647 0.00654121907 0 0 0
nt@synapse_cleft 3921 0.00220909635 -0.0064774891 0.0153594198 0 0 0
nt@synapse_cleft 3927 0.0249455687 0.00806104908 0.00925326987 0 0 0
nt@synapse_cleft 3973 0.0213309343 0.0155573487 0.00611533807 0 0 0
nt@synapse_cleft 3974 0.00342923656 -0.00179997285 0.00361542153 0 0 0
nt@synapse_cleft 3999 -0.0183833523 0.0133881151 0.00162969308 0 0 0
nt@synapse_cleft 4018 -0.0158939019 -0.0154960944 0.00516343891 0 0 0
nt@synapse_cleft 4037 0.00266937802 -0.00557232272 0.0106952471 0 0 0
nt@synapse_cleft 4106 -0.00891654593 -0.00116145282 0.00441006167 0 0 0
nt@synapse_cleft 4129 -0.000322652791 -0.0228970352 0.00566498942 0 0 0
nt@synapse_cleft 4187 -0.00818259206 0.000882967091 0.00659129521 0 0 0
nt@synapse_cleft 4255 -0.0189688117 -0.00683092065 0.0115885758 0 0 0
nt@synapse_cleft 4381 -0.0188648656 -0.00771892009 0.00636176458 0 0 0
nt@synapse_cleft 4414 0.00205846944 -0.00599570225 0.00694752332 0 0 0
nt@synapse_cleft 4416 0.0179462621 0.016544235 0.010109134 0 0 0
nt@synapse_cleft 4464 -0.00376129441 0.0153266217 0.00464516201 0 0 0
nt@synapse_cleft 4485 -0.00377215162 0.00648795407 0.00580439624 0 0 0
nt@synapse_cleft 4700 -0.000269659321 0.00177439377 0.00292715804 0 0 0
nt@synapse_cleft 4718 -0.0144117252 -0.014160427 0.00538143969 0 0 0
nt@synapse_cleft 4839 -0.00866809524 -0.00085848958 0.012711351 0 0 0
nt@synapse_cleft 4906 0.0219607041 -0.0232056087 0.0113776344 0 0 0
nt@synapse_cleft 4919 0.00100645753 0.00940536877 0.0084220357 0 0 0
nt@synapse_cleft 4981 -0.0100834738 -0.0109506846 0.00910080821 0 0 0
nt@synapse_cleft 5004 0.0049215042 0.0154937303 0.00341922578 0 0 0
nt@synapse_cleft 5006 -0.0193208894 -0.00839222761 0.0150700075 0 0 0
nt@synapse_cleft 5061 0.00948289031 0.0040597883 0.00155871804 0 0 0
nt@synapse_cleft 5145 0.0121818036 -0.000622984904 0.00970825486 0 0 0
nt@synapse_cleft 5159 -0.00659060221 -0.00747084102 0.00551988383 0 0 0
nt@synapse_cleft 5173 -0.000702147646 0.0272165266 0.014565143 0 0 0
nt@synapse_cleft 5179 0.00804323316 0.0267714699 0.0190359494 0 0 0
