nt@synapse_cleft 0 0.00139976393 0.00896789808 0.0113715267 0 0 0
nt@synapse_cleft 7 0.0020491706 -0.00612563221 0.00390312823 0 0 0
nt@synapse_cleft 9 0.0106660948 0.00346341732 0.0103613538 0 0 0
nt@synapse_cleft 12 0.00870099373 0.014418801 0.00128433434 0 0 0
nt@synapse_cleft 15 -0.0154815902 -0.0122950339 0.00272888164 0 0 0
nt@synapse_cleft 26 0.00985934243 0.00922479027 0.0129933542 0 0 0
nt@synapse_cleft 54 -0.00180104766 -0.00272127636 0.0123029294 0 0 0
nt@synapse_cleft 89 0.00491839268 -0.00561492458 0.00879833949 0 0 0
nt@synapse_cleft 100 -0.00918842316 0.00035027872 0.00928430881 0 0 0
nt@synapse_cleft 103 -0.0132322827 0.00173958842 0.0119710106 0 0 0
nt@synapse_cleft 150 -0.0153951558 0.00446587208 0.00541542679 0 0 0
nt@synapse_cleft 188 -0.00433756751 0.00863908768 0.00215951333 0 0 0
nt@synapse_cleft 194 0.00680704907 0.000767273467 0.00265728421 0 0 0
nt@synapse_cleft 195 0.00047027331 -0.000537437289 0.000219670629 0 0 0
nt@synapse_cleft 199 0.00530495323 -0.00800327072 0.00263271993 0 0 0
nt@synapse_cleft 206 -0.00355934929 -0.0188471354 0.0063308235 0 0 0
nt@synapse_cleft 231 -0.00190592859 -0.00151366505 0.00542046869 0 0 0
nt@synapse_cleft 248 0.0110617658 -0.000543341784 0.000122188994 0 0 0
nt@synapse_cleft 256 0.00293838472 -0.00127176299 0.00249059969 0 0 0
nt@synapse_cleft 284 0.0141682087 -0.00762742398 0.00925458373 0 0 0
nt@synapse_cleft 318 0.00236492008 -0.0023865871 0.00599829883 0 0 0
nt@synapse_cleft 321 0.00946793891 -0.0090847554 0.0116599125 0 0 0
nt@synapse_cleft 325 -0.00400281332 0.00159493339 0.00586700278 0 0 0
nt@synapse_cleft 361 0.00508434436 -0.0140080913 0.00659347203 0 0 0
nt@synapse_cleft 376 0.00657927967 -0.00633848144 0.00953472808 0 0 0
nt@synapse_cleft 406 0.00704804106 -0.00508386261 0.017015807 0 0 0
nt@synapse_cleft 421 0.0182994818 -0.0170707947 0.014831084 0 0 0
nt@synapse_cleft 426 -0.00142011288 -0.00937167405 0.0118670267 0 0 0
nt@synapse_cleft 429 0.0221648454 -0.00614411824 0.0103921708 0 0 0
nt@synapse_cleft 444 -0.00653310942 -0.0060786647 0.00496276637 0 0 0
nt@synapse_cleft 449 -0.0128393046 -0.00126952322 0.00285903635 0 0 0
nt@synapse_cleft 455 0.00296337306 -0.0116474264 0.00442680364 0 0 0
nt@synapse_cleft 477 0.0086059471 -0.012293876 0.0107105938 0 0 0
nt@synapse_cleft 479 -0.0185832447 0.00552274821 0.00074772285 0 0 0
nt@synapse_cleft 482 -0.0134130215 0.00357355203 0.00503079787 0 0 0
nt@synapse_cleft 499 0.0117076592 8.12857584e-05 0.00117923283 0 0 0
nt@synapse_cleft 510 0.000646732428 0.010060158 0.00204567234 0 0 0
nt@synapse_cleft 522 -0.00596099343 0.00996545821 0.00642473209 0 0 0
nt@synapse_cleft 536 -0.0211671922 0.0225307558 0.01179399 0 0 0
nt@synapse_cleft 551 -0.017397289 0.0027933334 0.0106275329 0 0 0
nt@synapse_cleft 558 -0.0010852391 -0.00139749056 0.00112455281 0 0 0
nt@synapse_cleft 563 -0.0014162981 0.0039160683 0.0110691756 0 0 0
nt@synapse_cleft 596 0.0225023662 -0.0226294336 0.0184176823 0 0 0
nt@synapse_cleft 620 0.000226246175 0.00516383662 0.0110415391 0 0 0
nt@synapse_cleft 627 0.017634771 -0.00231382897 0.00603775631 0 0 0
nt@synapse_cleft 633 0.00466038874 0.00151922012 0.0065842457 0 0 0
nt@synapse_cleft 634 -0.00718796805 0.00629262981 0.00710308729 0 0 0
nt@synapse_cleft 645 -0.00698064672 0.0101935721 0.0138210287 0 0 0
nt@synapse_cleft 661 0.000766038388 0.00559372032 0.00349395453 0 0 0
nt@synapse_cleft 664 0.00471556699 -0.00416810407 0.00947350861 0 0 0
nt@synapse_cleft 693 0.00554219006 0.0104915613 0.00654625836 0 0 0
nt@synapse_cleft 698 -0.00213227588 0.000208788401 0.00215470766 0 0 0
nt@synapse_cleft 727 0.00513771473 0.0206211039 0.00874123024 0 0 0
nt@synapse_cleft 728 0.00199572446 0.000474905021 0.0184927833 0 0 0
nt@synapse_cleft 732 0.0133853192 -0.00633771487 0.00527202344 0 0 0
nt@synapse_cleft 735 -0.00229688034 -0.00768951823 0.00674899062 0 0 0
nt@synapse_cleft 741 -0.000329798683 0.00152430246 0.00358838513 0 0 0
nt@synapse_cleft 750 0.000973275103 -0.000546684938 0.00342621288 0 0 0
nt@synapse_cleft 754 -0.018080429 -0.00147843673 0.00169810921 0 0 0
nt@synapse_cleft 760 0.00183068011 -0.00654304885 0.00216378229 0 0 0
nt@synapse_cleft 765 0.000589653102 -0.00444892727 0.0102293851 0 0 0
nt@synapse_cleft 768 0.0166994767 0.00356061528 0.000554234454 0 0 0
nt@synapse_cleft 769 -0.0183645325 -0.00701942014 0.0191342858 0 0 0
nt@synapse_cleft 779 -0.0167595767 0.0199043796 0.0162306147 0 0 0
nt@synapse_cleft 797 -0.0103545752 0.000653677994 0.0009149617 0 0 0
nt@synapse_cleft 831 -0.00552977548 -0.0169832063 0.00174672269 0 0 0
nt@synapse_cleft 833 -0.00681266631 0.00546995723 0.00270891368 0 0 0
nt@synapse_cleft 837 -0.00465295988 -0.00300651976 0.0178018787 0 0 0
nt@synapse_cleft 847 -0.00137629053 0.00189631833 0.0141311779 0 0 0
nt@synapse_cleft 866 0.000401554401 0.0227478074 0.0076803582 0 0 0
nt@synapse_cleft 877 -0.00154980861 -0.00982646384 0.0124797429 0 0 0
nt@synapse_cleft 904 -0.0123477397 -0.0160570029 0.00577558419 0 0 0
nt@synapse_cleft 908 0.0147801392 0.00159084673 0.00303138898 0 0 0
nt@synapse_cleft 913 -0.00416302111 -0.000727134071 0.00845955191 0 0 0
nt@synapse_cleft 918 -0.0242398082 0.00194368826 0.0128523227 0 0 0
nt@synapse_cleft 932 -0.00450165521 -0.00682329938 0.00863589053 0 0 0
nt@synapse_cleft 938 -0.0111777104 0.00694478346 0.00212179856 0 0 0
nt@synapse_cleft 940 0.00357305273 -0.00130418349 0.00309515004 0 0 0
nt@synapse_cleft 942 0.00815565551 -0.00705960337 0.00207727187 0 0 0
nt@synapse_cleft 945 -0.00197077488 0.00393104668 0.00154199071 0 0 0
nt@synapse_cleft 953 -0.0136054235 0.0112869848 0.00584203803 0 0 0
nt@synapse_cleft 961 0.00451643252 -0.00783137803 0.00514086354 0 0 0
nt@synapse_cleft 978 -0.000633031121 0.00296781478 0.000814079097 0 0 0
nt@synapse_cleft 998 0.000363508376 0.0116390061 0.00886463134 0 0 0
nt@synapse_cleft 1002 -0.0226032883 -0.0126417335 0.00623920941 0 0 0
nt@synapse_cleft 1048 0.00365657444 -0.00853885527 0.00951329083 0 0 0
nt@synapse_cleft 1080 -0.00404438621 0.012395503 0.00207507523 0 0 0
nt@synapse_cleft 1092 0.000997359478 0.00610561318 0.0108059916 0 0 0
nt@synapse_cleft 1107 -0.00455484893 0.0332199866 0.001054516 0 0 0
nt@synapse_cleft 1130 -0.0159533307 -0.00425310104 0.00194334856 0 0 0
nt@synapse_cleft 1144 -0.00612024978 -0.0044305963 0.00303862304 0 0 0
nt@synapse_cleft 1145 0.0145377406 -0.000437517804 0.00906261873 0 0 0
nt@synapse_cleft 1152 0.00446121847 0.0217413819 0.0058623433 0 0 0
nt@synapse_cleft 1167 0.0105669222 -0.00547698015 0.00637782812 0 0 0
nt@synapse_cleft 1177 0.000328267304 -0.00135181913 0.0032283325 0 0 0
nt@synapse_cleft 1186 -0.00268094623 0.0278316499 0.00226333281 0 0 0
nt@synapse_cleft 1193 -0.0123748466 -0.00121132504 0.00833273988 0 0 0
nt@synapse_cleft 1200 -0.0107796676 0.0047484258 0.00741144318 0 0 0
nt@synapse_cleft 1203 -0.0023688193 0.00627042575 0.0123743872 0 0 0
nt@synapse_cleft 1204 0.010099394 0.00336126457 0.00128935597 0 0 0
nt@synapse_cleft 1205 -0.0157081081 -0.00158473332 0.00907753273 0 0 0
nt@synapse_cleft 1206 -0.00919879254 0.00399947412 0.0073468677 0 0 0
nt@synapse_cleft 1238 -0.0015632351 -0.00670321214 0.0125480776 0 0 0
nt@synapse_cleft 1252 0.00599538542 -0.0119595106 0.0196414913 0 0 0
nt@synapse_cleft 1270 -0.0122495679 -0.00305935277 0.00986206433 0 0 0
nt@synapse_cleft 1289 -0.0040169945 0.00728170266 0.0174447798 0 0 0
nt@synapse_cleft 1302 -0.00804671478 0.0162116861 0.00356613477 0 0 0
nt@synapse_cleft 1311 0.00902333959 0.00676583046 0.00243609423 0 0 0
nt@synapse_cleft 1326 0.000286163924 0.0228767144 0.0134223264 0 0 0
nt@synapse_cleft 1343 -0.0115775885 0.00894345047 0.00273043047 0 0 0
nt@synapse_cleft 1368 -0.000812797432 0.00618931998 0.00669165795 0 0 0
nt@synapse_cleft 1380 -0.000229240715 -0.0145414711 0.0110013621 0 0 0
nt@synapse_cleft 1384 0.00772269444 0.00799432935 0.0161761115 0 0 0
nt@synapse_cleft 1400 -0.0123389202 0.00154755658 0.00178557994 0 0 0
nt@synapse_cleft 1416 -0.00784891194 -0.0135366802 0.0115097036 0 0 0
nt@synapse_cleft 1438 0.0108816055 -0.00607960699 0.0127602371 0 0 0
nt@synapse_cleft 1440 2.8089219e-05 0.00672720356 0.00696864068 0 0 0
nt@synapse_cleft 1442 -0.0138972233 -0.00340634733 0.00267034829 0 0 0
nt@synapse_cleft 1444 -0.0146213907 0.000567877127 0.0017998338 0 0 0
nt@synapse_cleft 1446 0.0042866531 -0.00396992829 0.00531317685 0 0 0
nt@synapse_cleft 1452 -0.00102848361 -0.0151449219 0.0183441634 0 0 0
nt@synapse_cleft 1455 0.0149563049 -0.00241670101 0.000637713605 0 0 0
nt@synapse_cleft 1470 -0.0105402393 -0.00997959374 0.0110912629 0 0 0
nt@synapse_cleft 1472 -0.00153007456 -2.86510316e-06 0.000229737583 0 0 0
nt@synapse_cleft 1481 0.00678711679 0.0102921468 0.00523541192 0 0 0
nt@synapse_cleft 1487 0.000577688269 -0.00849751058 0.00546275821 0 0 0
nt@synapse_cleft 1488 -0.00464151605 0.00598883437 0.0159006552 0 0 0
nt@synapse_cleft 1496 0.00936308445 -0.00323144845 0.00197207919 0 0 0
nt@synapse_cleft 1506 -0.0138903722 0.000730820157 0.0109477952 0 0 0
nt@synapse_cleft 1512 0.0131497508 0.00108886418 0.0130256692 0 0 0
nt@synapse_cleft 1531 0.00192277836 -0.00403416748 0.00706200886 0 0 0
nt@synapse_cleft 1542 0.00500988749 -0.000754328708 0.0152793689 0 0 0
nt@synapse_cleft 1553 0.00719605753 -0.0171756208 0.0190145174 0 0 0
nt@synapse_cleft 1565 -0.00366513265 -0.00335391847 0.0119531734 0 0 0
nt@synapse_cleft 1573 0.00576323772 0.00573462495 0.0126170958 0 0 0
nt@synapse_cleft 1600 0.0142825964 -0.00445050739 0.00849044131 0 0 0
nt@synapse_cleft 1605 -0.00208095187 -0.0084017696 0.0155261419 0 0 0
nt@synapse_cleft 1641 0.000926035488 0.0047552907 0.00715815549 0 0 0
nt@synapse_cleft 1675 0.000700435556 0.0147345628 0.0119074613 0 0 0
nt@synapse_cleft 1678 0.0141541733 -0.0104544133 0.00457645186 0 0 0
nt@synapse_cleft 1681 -0.00820049414 -0.00560879562 0.00223442156 0 0 0
nt@synapse_cleft 1686 0.00450815183 -0.00442940138 0.0159708618 0 0 0
nt@synapse_cleft 1687 -0.0119435132 0.00268876819 0.00978221503 0 0 0
nt@synapse_cleft 1689 -0.0299355665 -0.0120520244 0.00661137072 0 0 0
nt@synapse_cleft 1692 0.00536365447 -0.00491553303 0.0137643844 0 0 0
nt@synapse_cleft 1695 0.00379669668 -0.0125917788 0.013762898 0 0 0
nt@synapse_cleft 1701 -0.00185945531 -0.0183899234 0.0010504037 0 0 0
nt@synapse_cleft 1707 -0.0146196756 -0.0117459767 0.00070984096 0 0 0
nt@synapse_cleft 1715 -0.00542866973 0.00119718571 0.000624596494 0 0 0
nt@synapse_cleft 1729 -0.00506500063 -0.00516066181 0.00417427574 0 0 0
nt@synapse_cleft 1742 0.00296081193 -0.0103005403 0.00055490526 0 0 0
nt@synapse_cleft 1743 0.00947244354 -0.000760118305 0.0099868675 0 0 0
nt@synapse_cleft 1745 0.00475460893 0.00165227254 0.00280266574 0 0 0
nt@synapse_cleft 1746 -0.0197849239 -0.0186473902 0.00842633453 0 0 0
nt@synapse_cleft 1751 -0.00705337736 -0.0117963274 0.0115798114 0 0 0
nt@synapse_cleft 1759 0.0028313723 0.000872613128 0.000774247244 0 0 0
nt@synapse_cleft 1768 -0.00329977316 0.00440476466 0.00745118633 0 0 0
nt@synapse_cleft 1775 0.016121973 -0.0118228698 0.00544475534 0 0 0
nt@synapse_cleft 1781 -0.00378352443 -0.00429900585 0.00762028162 0 0 0
nt@synapse_cleft 1815 0.00762845635 -0.003232635 0.0140505731 0 0 0
nt@synapse_cleft 1829 0.00170779938 0.0038822823 0.00490705222 0 0 0
nt@synapse_cleft 1853 -0.006896531 -0.0161688071 0.0151805745 0 0 0
nt@synapse_cleft 1854 0.00751799132 -0.0100876621 1.41587439e-05 0 0 0
nt@synapse_cleft 1856 0.00509573084 -0.025068825 0.0193098545 0 0 0
nt@synapse_cleft 1877 -0.0122456599 0.00359482936 0.00411247446 0 0 0
nt@synapse_cleft 1880 -0.0171542577 -0.0208572602 0.00129755486 0 0 0
nt@synapse_cleft 1885 -0.00940937331 0.00896557121 0.00431663394 0 0 0
nt@synapse_cleft 1887 0.0012749589 -0.000820274438 0.00920023619 0 0 0
nt@synapse_cleft 1892 0.00528346496 -0.00387807316 0.0010483423 0 0 0
nt@synapse_cleft 1896 -0.00419763188 0.00729232439 0.00729790036 0 0 0
nt@synapse_cleft 1923 0.011472842 -0.000660750488 0.0104243255 0 0 0
nt@synapse_cleft 1926 0.000964026466 -0.00842986922 0.0128679139 0 0 0
nt@synapse_cleft 1932 0.00426465136 0.0127965421 0.00534212444 0 0 0
nt@synapse_cleft 1946 -0.00839140558 -0.00977439973 0.00426138451 0 0 0
nt@synapse_cleft 1961 -0.0114705776 -0.00232900534 0.0131840206 0 0 0
nt@synapse_cleft 1970 -0.00251831805 -0.00282464992 0.0164706961 0 0 0
nt@synapse_cleft 1973 -0.000572428923 -0.00851998208 0.00412826464 0 0 0
nt@synapse_cleft 1990 -0.0233389454 -0.00660173448 0.0168234601 0 0 0
nt@synapse_cleft 2014 -0.0190337072 0.00406901184 0.00373296327 0 0 0
nt@synapse_cleft 2036 0.00772666857 0.00423726953 0.000849499409 0 0 0
nt@synapse_cleft 2064 -0.00724178478 -0.00608060139 0.011571955 0 0 0
nt@synapse_cleft 2092 -0.00111394559 -0.0110601187 0.000683044391 0 0 0
nt@synapse_cleft 2096 -0.00189335144 -0.0110177607 0.00162570507 0 0 0
nt@synapse_cleft 2104 -0.0056590875 -0.000107768819 0.0111783743 0 0 0
nt@synapse_cleft 2112 -0.00422902953 0.00237094489 0.0100213941 0 0 0
nt@synapse_cleft 2127 0.00362741707 -0.00474931297 0.0167648043 0 0 0
nt@synapse_cleft 2137 -0.00211628552 -0.0100334944 0.00173839141 0 0 0
nt@synapse_cleft 2162 0.00944132189 2.20389399e-05 0.0102232761 0 0 0
nt@synapse_cleft 2163 0.00957798117 0.00603616108 0.000240238847 0 0 0
nt@synapse_cleft 2199 -0.020401726 -0.00322680192 0.00345108155 0 0 0
nt@synapse_cleft 2204 -0.0181090825 0.0101673248 0.000206034151 0 0 0
nt@synapse_cleft 2218 -0.0027471831 0.00581253929 0.00586786306 0 0 0
nt@synapse_cleft 2223 -0.000418319363 -0.00616160538 0.00859283119 0 0 0
nt@synapse_cleft 2251 -0.0113528296 -0.00526333806 0.0178335692 0 0 0
nt@synapse_cleft 2254 -0.0175898252 0.0119937757 0.00755566185 0 0 0
nt@synapse_cleft 2278 0.0121554997 -0.016312297 0.00681489436 0 0 0
nt@synapse_cleft 2279 0.00969779674 0.00677451151 0.00838077441 0 0 0
nt@synapse_cleft 2283 0.00557487118 -0.00760327167 0.00171214709 0 0 0
nt@synapse_cleft 2284 0.00757106005 -0.0204264713 0.0146162186 0 0 0
nt@synapse_cleft 2285 -0.00216792939 -0.0117196076 0.00560848106 0 0 0
nt@synapse_cleft 2298 0.00986026367 0.00664763146 0.0151397689 0 0 0
nt@synapse_cleft 2309 -0.0114519847 -0.0122692492 0.0014753379 0 0 0
nt@synapse_cleft 2314 0.00223139753 0.00290881787 0.00710743151 0 0 0
nt@synapse_cleft 2367 -0.0188220961 0.00262127979 0.00133965412 0 0 0
nt@synapse_cleft 2369 -0.00898717382 -0.00257575287 0.00173959326 0 0 0
nt@synapse_cleft 2383 -0.00214139842 0.00547191834 0.00642802219 0 0 0
nt@synapse_cleft 2389 0.0121367334 -0.0260253284 0.00572719655 0 0 0
nt@synapse_cleft 2411 -0.00125138986 0.00391142468 0.00694880577 0 0 0
nt@synapse_cleft 2421 -0.0208651388 0.0160207688 0.0198027327 0 0 0
nt@synapse_cleft 2423 -0.0077860789 0.00556741932 0.0153214255 0 0 0
nt@synapse_cleft 2438 -0.0184796151 0.00569409031 0.00268354531 0 0 0
nt@synapse_cleft 2472 -0.00983956306 0.016397141 0.0133355389 0 0 0
nt@synapse_cleft 2483 -0.0162882996 0.0121504679 0.0133476111 0 0 0
nt@synapse_cleft 2491 0.0061965613 -0.00773040754 0.00908437411 0 0 0
nt@synapse_cleft 2493 0.00979394879 0.00634270832 0.00534727507 0 0 0
nt@synapse_cleft 2498 0.00312811388 0.00116328985 0.0194338276 0 0 0
nt@synapse_cleft 2502 -0.00935916065 -0.00729030998 0.00327483187 0 0 0
nt@synapse_cleft 2513 -0.0111070301 -0.0132507446 0.0044648958 0 0 0
nt@synapse_cleft 2517 0.00602902813 -0.00462436019 0.00461266705 0 0 0
nt@synapse_cleft 2520 0.00351984211 -0.00902200321 0.000963492387 0 0 0
nt@synapse_cleft 2528 -0.00456194507 0.00468515826 0.0173754239 0 0 0
nt@synapse_cleft 2539 0.00858931174 0.0111343596 0.00558187677 0 0 0
nt@synapse_cleft 2550 -0.00227256774 -0.0222185735 0.0119970812 0 0 0
nt@synapse_cleft 2563 0.000955184709 0.00331401714 0.00524103868 0 0 0
nt@synapse_cleft 2564 -0.0103926918 4.95453718e-05 0.00127070729 0 0 0
nt@synapse_cleft 2566 0.0164822611 0.00846472235 0.0197684373 0 0 0
nt@synapse_cleft 2570 0.026481888 0.00358936845 0.0112364818 0 0 0
nt@synapse_cleft 2577 -0.00384236596 -0.00660251848 0.00738482825 0 0 0
nt@synapse_cleft 2610 -0.00495418922 0.00612911045 0.00579503035 0 0 0
nt@synapse_cleft 2628 0.00700811632 -0.00318373908 0.0143187415 0 0 0
nt@synapse_cleft 2639 0.00497857906 -0.0167847907 0.00572119503 0 0 0
nt@synapse_cleft 2652 -0.00760135091 -0.00717698673 0.0154381282 0 0 0
nt@synapse_cleft 2660 -0.00977268804 0.0103845802 0.000211504192 0 0 0
nt@synapse_cleft 2670 -0.0108463038 -0.00843271816 0.0174538121 0 0 0
nt@synapse_cleft 2680 -0.0119670124 0.0153373074 0.00660341174 0 0 0
nt@synapse_cleft 2681 0.00533954787 -0.00642988988 4.20125232e-06 0 0 0
nt@synapse_cleft 2688 -4.77658957e-05 0.0174054829 0.000687066823 0 0 0
nt@synapse_cleft 2702 -0.00726475295 0.00532675161 0.0098801947 0 0 0
nt@synapse_cleft 2708 -0.0295902809 -0.00934514748 0.000265792365 0 0 0
nt@synapse_cleft 2709 0.0120314323 -0.00420957829 0.00603251106 0 0 0
nt@synapse_cleft 2724 0.000148417285 0.00710398166 0.0141927287 0 0 0
nt@synapse_cleft 2729 -0.00788191712 0.010691388 0.00363722665 0 0 0
nt@synapse_cleft 2752 0.0109890287 -0.00297909699 0.0186824535 0 0 0
nt@synapse_cleft 2756 0.00613904912 -0.00247301421 0.00681078054 0 0 0
nt@synapse_cleft 2766 -0.000611372317 0.0099950801 0.0113885502 0 0 0
nt@synapse_cleft 2798 0.00136919613 0.012707875 0.000621312592 0 0 0
nt@synapse_cleft 2808 -0.00659977702 -0.0158531494 0.016950609 0 0 0
nt@synapse_cleft 2820 0.00627717539 -0.00279016627 0.000959168486 0 0 0
nt@synapse_cleft 2828 -0.0103391837 -0.00242584371 0.00765453951 0 0 0
nt@synapse_cleft 2863 0.0156865181 -0.00277568114 0.00639680608 0 0 0
nt@synapse_cleft 2876 -0.012146009 0.0230757489 0.00683593969 0 0 0
nt@synapse_cleft 2880 0.00354404888 -0.00477436214 0.00974135681 0 0 0
nt@synapse_cleft 2884 -0.0167486229 -0.00739642707 0.0153434204 0 0 0
nt@synapse_cleft 2894 -0.012103207 -0.01763114 0.0120977894 0 0 0
nt@synapse_cleft 2909 0.0137227982 -0.00865761166 0.00494160641 0 0 0
nt@synapse_cleft 2912 -0.001580661 0.00765357268 0.00459856923 0 0 0
nt@synapse_cleft 2915 -0.00200131325 -0.00867641812 0.00408709866 0 0 0
nt@synapse_cleft 2940 -0.0162120718 -0.0158849791 0.00497291308 0 0 0
nt@synapse_cleft 2962 0.000628797554 0.00275971247 0.00859546651 0 0 0
nt@synapse_cleft 2983 0.00648627762 0.00149871198 0.000364170455 0 0 0
nt@synapse_cleft 2993 0.0216752305 0.00672573217 0.00251332492 0 0 0
nt@synapse_cleft 3006 -0.00650812657 -0.011106651 0.00990605428 0 0 0
nt@synapse_cleft 3019 0.0115579273 -0.00531863401 0.00766687092 0 0 0
nt@synapse_cleft 3042 -0.00430928517 0.0209963478 0.00797542598 0 0 0
nt@synapse_cleft 3047 0.000191396892 -0.0188867348 0.00759310987 0 0 0
nt@synapse_cleft 3061 -0.000351931923 -0.00723640587 0.0116427003 0 0 0
nt@synapse_cleft 3073 -0.00356673436 -0.00795416268 0.0157816375 0 0 0
nt@synapse_cleft 3096 0.00724586637 0.0189037016 0.0124064707 0 0 0
nt@synapse_cleft 3134 -0.000455835319 -0.01517645 0.00529514337 0 0 0
nt@synapse_cleft 3150 0.00328526307 -0.0057516746 0.00773529772 0 0 0
nt@synapse_cleft 3177 0.00226590746 0.00313479466 0.0146664065 0 0 0
nt@synapse_cleft 3181 0.00254047683 0.00881876581 0.0181149137 0 0 0
nt@synapse_cleft 3183 0.00971319743 0.00385807127 0.00769317386 0 0 0
nt@synapse_cleft 3184 0.017755815 0.0132408481 0.0178538672 0 0 0
nt@synapse_cleft 3199 0.0015592332 0.00202376785 0.0122112073 0 0 0
nt@synapse_cleft 3222 0.00295654895 -0.0217178987 0.00301471649 0 0 0
nt@synapse_cleft 3247 0.000946481037 0.0190772816 0.000589014061 0 0 0
nt@synapse_cleft 3275 -0.00461098228 -0.00266869164 0.0130379108 0 0 0
nt@synapse_cleft 3308 0.00910258154 0.00548480117 0.00429338898 0 0 0
nt@synapse_cleft 3326 0.00567127418 0.00122160333 0.00811288306 0 0 0
nt@synapse_cleft 3334 -0.0140749646 0.014312599 0.0124104391 0 0 0
nt@synapse_cleft 3338 0.000497857289 0.0130946573 0.013746158 0 0 0
nt@synapse_cleft 3341 0.0141727177 0.00633593624 0.0041039767 0 0 0
nt@synapse_cleft 3367 0.00950740261 0.00918361031 0.00585316616 0 0 0
nt@synapse_cleft 3378 -0.00822130627 0.00549970677 0.00976781767 0 0 0
nt@synapse_cleft 3394 -0.0138776028 -0.00709533664 0.0051209133 0 0 0
nt@synapse_cleft 3402 -0.0278300847 -0.00808315871 0.0098380776 0 0 0
nt@synapse_cleft 3404 -0.000512528848 0.0110766056 0.0114097355 0 0 0
nt@synapse_cleft 3407 -0.0189807781 -0.00245749773 0.00520279294 0 0 0
nt@synapse_cleft 3413 0.0148071335 -0.0088055149 0.0135884848 0 0 0
nt@synapse_cleft 3419 0.00291127073 0.00896120035 0.0149717387 0 0 0
nt@synapse_cleft 3432 0.00683196436 0.0164818475 0.0158641526 0 0 0
nt@synapse_cleft 3445 -0.0349199564 0.00438081767 0.00902262558 0 0 0
nt@synapse_cleft 3451 0.00760467113 -0.00655652684 0.0104969895 0 0 0
nt@synapse_cleft 3467 0.000219592148 -0.00191577847 0.00585241443 0 0 0
nt@synapse_cleft 3474 0.0100654104 -0.0220673884 0.00398253981 0 0 0
nt@synapse_cleft 3484 0.00153446013 -0.00881292634 0.00136074351 0 0 0
nt@synapse_cleft 3500 0.0042448929 -0.0116079921 0.0121352309 0 0 0
nt@synapse_cleft 3535 -0.00948151283 0.00444932102 0.00365854517 0 0 0
nt@synapse_cleft 3542 -0.00419268194 0.0122622561 0.0101134091 0 0 0
nt@synapse_cleft 3561 -0.0020901943 0.00916044708 0.00202539959 0 0 0
nt@synapse_cleft 3562 -0.00292542145 0.00503387926 0.00611091347 0 0 0
nt@synapse_cleft 3563 -0.00948646992 0.00171028508 0.00602139535 0 0 0
nt@synapse_cleft 3565 0.0271914181 -0.0129078121 0.0176281519 0 0 0
nt@synapse_cleft 3566 -0.00130358636 -0.00924368581 0.00942021265 0 0 0
nt@synapse_cleft 3575 -0.00110963395 -0.00196290514 0.0156925095 0 0 0
nt@synapse_cleft 3576 0.00826682491 0.012373187 0.00939872736 0 0 0
nt@synapse_cleft 3592 -0.00777377845 0.0258352035 0.00215897754 0 0 0
nt@synapse_cleft 3602 -0.00260488643 -0.0287961128 0.00648357456 0 0 0
nt@synapse_cleft 3606 -0.00507704427 0.00181651959 0.00737106714 0 0 0
nt@synapse_cleft 3611 0.000117535418 -0.0247468024 0.0104988078 0 0 0
nt@synapse_cleft 3616 0.0151404606 -0.0184459652 0.000439306809 0 0 0
nt@synapse_cleft 3625 -0.00572158933 0.00337620601 0.00172864561 0 0 0
nt@synapse_cleft 3635 0.0122279176 -0.00625363232 0.00116901918 0 0 0
nt@synapse_cleft 3645 -0.000578805683 -0.00653191882 0.018475212 0 0 0
nt@synapse_cleft 3661 -0.00821073729 0.0037858585 0.00720466588 0 0 0
nt@synapse_cleft 3681 -0.0133896303 0.00216705999 0.000267286826 0 0 0
nt@synapse_cleft 3693 -0.00339691608 -0.00751980694 0.00420789491 0 0 0
nt@synapse_cleft 3706 -0.0042106183 0.00478517708 0.00739914766 0 0 0
nt@synapse_cleft 3714 -0.0182194241 0.00243932976 0.00219308548 0 0 0
nt@synapse_cleft 3737 0.00307529048 0.0116702573 0.000903377314 0 0 0
nt@synapse_cleft 3739 0.000171710874 -0.00440486724 0.00788153419 0 0 0
nt@synapse_cleft 3751 -0.00214761877 0.013722436 0.0139937787 0 0 0
nt@synapse_cleft 3793 -0.00470009334 -0.00334478779 0.00416928651 0 0 0
nt@synapse_cleft 3800 -0.00459061723 -0.0108394759 0.0132416725 0 0 0
nt@synapse_cleft 3811 -0.000677599831 0.0152953172 0.0059347003 0 0 0
nt@synapse_cleft 3827 -8.95052885e-05 0.00514128896 0.00405634608 0 0 0
nt@synapse_cleft 3834 -0.00531328087 -0.00596028984 0.00709490989 0 0 0
nt@synapse_cleft 3835 -0.0109248767 -0.00546585617 0.00819546056 0 0 0
nt@synapse_cleft 3850 -0.00924661667 0.00810416981 0.00318010106 0 0 0
nt@synapse_cleft 3859 0.0159012559 -0.00471568058 0.019368147 0 0 0
nt@synapse_cleft 3886 -0.00291574757 -0.00188035187 0.0196525393 0 0 0
nt@synapse_cleft 3902 0.0108510644 0.00172990241 0.0101771732 0 0 0
nt@synapse_cleft 3907 -0.0138207338 -0.00798818194 0.00805630661 0 0 0
nt@synapse_cleft 3918 0.0179181552 0.0144219579 0.00704534877 0 0 0
nt@synapse_cleft 3921 0.00572709143 0.00397058805 0.0156889464 0 0 0
nt@synapse_cleft 3927 0.0142665671 0.00998095877 0.00783094434 0 0 0
nt@synapse_cleft 3952 -0.0102003591 -0.00648577304 0.00958368 0 0 0
nt@synapse_cleft 3973 0.0151496387 0.0107746623 0.00157826597 0 0 0
nt@synapse_cleft 3974 -0.0012486748 -0.00815713776 0.000914566473 0 0 0
nt@synapse_cleft 3993 -0.0149102294 -0.0109807719 0.0139177776 0 0 0
nt@synapse_cleft 3997 0.0011587139 0.000373172161 0.0147214008 0 0 0
nt@synapse_cleft 3999 -0.0197917183 0.0129462442 0.00513358843 0 0 0
nt@synapse_cleft 4018 -0.0119693677 -0.0123223804 0.00551607267 0 0 0
nt@synapse_cleft 4037 0.00232439159 -0.000895709933 0.00628648292 0 0 0
nt@synapse_cleft 4049 0.000818595012 -0.00225409349 0.00201062295 0 0 0
nt@synapse_cleft 4051 0.00799179651 0.000600988721 0.0122502602 0 0 0
nt@synapse_cleft 4103 0.00782065934 -0.0156052231 0.00873515393 0 0 0
nt@synapse_cleft 4106 -0.00305409387 0.00497976259 0.00327360389 0 0 0
nt@synapse_cleft 4119 0.00655497399 -0.00265624402 0.000699233839 0 0 0
nt@synapse_cleft 4126 0.00654306998 -0.00998157672 0.0153656248 0 0 0
nt@synapse_cleft 4129 0.000997043501 -0.0139506964 0.0103584668 0 0 0
nt@synapse_cleft 4132 0.000454395384 -0.00607027398 0.0184284974 0 0 0
nt@synapse_cleft 4135 -0.00088911866 -0.0102527969 0.00772585681 0 0 0
nt@synapse_cleft 4150 -0.00230874271 -0.0101562171 0.0082357298 0 0 0
nt@synapse_cleft 4155 -0.0127597563 -0.00594664713 0.0176978649 0 0 0
nt@synapse_cleft 4163 -0.0106653999 -0.0087632535 0.00350225078 0 0 0
nt@synapse_cleft 4187 -0.000268909918 -0.00147306412 0.00529837666 0 0 0
nt@synapse_cleft 4193 -0.000442641465 -0.00285647595 0.000869324992 0 0 0
nt@synapse_cleft 4215 -0.0117690798 -0.00856682951 0.00140610408 0 0 0
nt@synapse_cleft 4220 0.0135366486 -0.00730667439 0.0021314615 0 0 0
nt@synapse_cleft 4252 -0.0215969936 -0.00405268659 0.0132873805 0 0 0
nt@synapse_cleft 4255 -0.019015068 -0.0116803488 0.0060875154 0 0 0
nt@synapse_cleft 4288 0.00646750075 0.0186309844 0.0104818501 0 0 0
nt@synapse_cleft 4297 0.0201566511 -0.00386706002 0.00152872948 0 0 0
nt@synapse_cleft 4312 -0.00225606781 -0.0117848192 0.00298039843 0 0 0
nt@synapse_cleft 4317 -0.00216817295 -0.00583380377 0.00479576829 0 0 0
nt@synapse_cleft 4330 -0.00230087346 0.0141099826 0.0138135563 0 0 0
nt@synapse_cleft 4339 -0.00767509144 0.00265506568 0.000901798453 0 0 0
nt@synapse_cleft 4346 0.003457995 -0.00181713192 0.0089601612 0 0 0
nt@synapse_cleft 4360 0.000754805294 0.00520364892 0.0179358561 0 0 0
nt@synapse_cleft 4365 0.00613562563 -0.00894238705 0.00191914699 0 0 0
nt@synapse_cleft 4381 -0.00910902891 -0.00895179019 0.0113916985 0 0 0
nt@synapse_cleft 4386 -0.00369176914 -0.0216977681 0.000738202961 0 0 0
nt@synapse_cleft 4392 -0.00615041051 0.0138750953 0.0102679874 0 0 0
nt@synapse_cleft 4396 0.00441611246 0.00229602413 0.000108583361 0 0 0
nt@synapse_cleft 4398 -0.00370845362 -0.0119784306 0.00864017129 0 0 0
nt@synapse_cleft 4399 -0.0110616063 0.00131576803 0.00256349954 0 0 0
nt@synapse_cleft 4414 0.00458199634 -0.00254373839 0.00315294495 0 0 0
nt@synapse_cleft 4416 0.00221755746 0.0082507106 0.0108797591 0 0 0
nt@synapse_cleft 4434 0.00540204321 -0.00781169252 0.00360694656 0 0 0
nt@synapse_cleft 4446 -0.012318248 -0.00644810722 0.000188904923 0 0 0
nt@synapse_cleft 4464 -0.0131240374 -0.00162839789 0.000295985416 0 0 0
nt@synapse_cleft 4478 0.0116723594 0.000729999458 0.00160506147 0 0 0
nt@synapse_cleft 4485 -5.70362515e-05 0.00965240776 0.0101270067 0 0 0
nt@synapse_cleft 4488 0.00907563022 0.00165566975 0.00261003398 0 0 0
nt@synapse_cleft 4499 9.82692194e-05 0.0154706586 0.018777655 0 0 0
nt@synapse_cleft 4501 -0.0188928953 0.00578199371 0.00439124451 0 0 0
nt@synapse_cleft 4517 -0.0191936272 0.00430179313 0.00916584989 0 0 0
nt@synapse_cleft 4527 -0.00285824227 0.00287507012 0.0092548291 0 0 0
nt@synapse_cleft 4559 -0.00975266581 -0.00452946369 0.0124204273 0 0 0
nt@synapse_cleft 4576 -0.0075348525 0.00042867582 0.00768378472 0 0 0
nt@synapse_cleft 4583 0.0007894778 -0.0123133459 0.0120397743 0 0 0
nt@synapse_cleft 4659 0.0168843089 0.0181415845 0.00842052526 0 0 0
nt@synapse_cleft 4681 -0.0146148637 0.00242338271 0.0117696634 0 0 0
nt@synapse_cleft 4700 0.00419750916 0.0124351741 0.000314518939 0 0 0
nt@synapse_cleft 4709 -0.00343843541 -0.00730289499 0.013493374 0 0 0
nt@synapse_cleft 4718 -0.00826388524 -0.00567491812 0.0094448434 0 0 0
nt@synapse_cleft 4750 -0.0111627103 0.00623647468 0.00749572591 0 0 0
nt@synapse_cleft 4758 -0.0110581323 0.00180289456 0.000779309704 0 0 0
nt@synapse_cleft 4764 0.00493793895 -0.00720800261 0.00856904883 0 0 0
nt@synapse_cleft 4784 -0.00866074597 0.0115827832 0.0143208841 0 0 0
nt@synapse_cleft 4801 -0.0012962054 -0.0060625932 0.00156159582 0 0 0
nt@synapse_cleft 4829 0.00787394504 0.0109579407 0.0049597038 0 0 0
nt@synapse_cleft 4839 -0.00452936938 0.00440058107 0.00707488564 0 0 0
nt@synapse_cleft 4871 -0.00743195925 -0.0108123278 0.00572490417 0 0 0
nt@synapse_cleft 4880 0.00347611043 0.00110477778 0.00526752827 0 0 0
nt@synapse_cleft 4906 0.0119776376 -0.0112362847 0.0146693384 0 0 0
nt@synapse_cleft 4919 0.00326519894 -0.00525165549 2.45327318e-05 0 0 0
nt@synapse_cleft 4937 -0.010274139 0.00968806225 0.00425116142 0 0 0
nt@synapse_cleft 4946 -0.00363543965 -0.0186631768 0.0106477951 0 0 0
nt@synapse_cleft 4981 -0.00122240196 -0.00195386531 0.0148648099 0 0 0
nt@synapse_cleft 4982 -0.00745592877 -0.00324741004 0.0159708287 0 0 0
nt@synapse_cleft 5004 0.0193830365 0.00718073847 0.00606932948 0 0 0
nt@synapse_cleft 5006 -0.017881827 -0.0183321799 0.015406863 0 0 0
nt@synapse_cleft 5015 0.00990396351 0.00788613191 0.00984661289 0 0 0
nt@synapse_cleft 5046 0.0161012114 0.000185961783 0.00648385542 0 0 0
nt@synapse_cleft 5055 0.00299077859 -0.00990020884 0.00191717496 0 0 0
nt@synapse_cleft 5061 0.00546498306 -0.00209096928 0.000665991799 0 0 0
nt@synapse_cleft 5063 0.00102703167 -0.0160799274 0.00192625132 0 0 0
nt@synapse_cleft 5082 -0.00338482324 -0.0104190665 0.000887452544 0 0 0
nt@synapse_cleft 5086 -0.00720017922 -0.00951607979 0.00418085709 0 0 0
nt@synapse_cleft 5145 0.00686374793 -5.74882651e-05 0.00277243892 0 0 0
nt@synapse_cleft 5154 0.0166472251 -0.00235381618 0.00482133847 0 0 0
nt@synapse_cleft 5159 -0.0193960989 -0.0104109683 0.00134294518 0 0 0
nt@synapse_cleft 5164 0.00573612327 0.00445316936 0.0117108811 0 0 0
nt@synapse_cleft 5173 -0.00490816203 0.0119047386 0.0179249921 0 0 0
nt@synapse_cleft 5176 0.00574793327 -0.00103434323 0.00247784068 0 0 0
nt@synapse_cleft 5179 0.00540960775 0.0124913349 0.00820825587 0 0 0
nt@synapse_cleft 5182 0.00283156924 0.0110174543 0.00232220177 0 0 0
