nt@synapse_cleft 89 0.00377351401 0.000374968708 0.00940602478 0 0 0
nt@synapse_cleft 195 -0.0122937072 0.000244225604 0.00729414285 0 0 0
nt@synapse_cleft 284 0.0233602127 -0.00212425521 0.0172472759 0 0 0
nt@synapse_cleft 318 -0.0108114436 0.00579197752 0.0124434988 0 0 0
nt@synapse_cleft 421 0.0205628772 -0.00526620199 0.013108153 0 0 0
nt@synapse_cleft 429 0.0235466769 -0.0288506972 0.0057978936 0 0 0
nt@synapse_cleft 477 0.00731879254 -0.0140109072 0.0103575496 0 0 0
nt@synapse_cleft 551 -0.00850494952 -0.0032107848 0.0120492521 0 0 0
nt@synapse_cleft 596 0.0258954471 -0.0132788247 0.0114750441 0 0 0
nt@synapse_cleft 634 -0.0115210058 0.0119525204 0.0170569442 0 0 0
nt@synapse_cleft 693 -0.000441313657 -0.00515052486 0.00209343358 0 0 0
nt@synapse_cleft 750 -0.00783721973 0.0132522483 0.0123366298 0 0 0
nt@synapse_cleft 918 -0.0128139096 -0.0085636158 0.00455149875 0 0 0
nt@synapse_cleft 932 0.00168792345 0.0177460868 0.015387367 0 0 0
nt@synapse_cleft 938 -0.0062476813 0.0178232433 0.00486598592 0 0 0
nt@synapse_cleft 1048 0.008880237 -0.00521063385 0.0171309418 0 0 0
nt@synapse_cleft 1200 -0.00377414153 -0.00148424563 0.00969862899 0 0 0
nt@synapse_cleft 1326 0.0142449025 0.0145667288 0.0166878857 0 0 0
nt@synapse_cleft 1368 0.0189597276 -0.000113244561 0.0159690679 0 0 0
nt@synapse_cleft 1442 -0.00586060654 -0.00218857198 0.000114560948 0 0 0
nt@synapse_cleft 1487 -0.014262184 -0.010060515 0.0113270972 0 0 0
nt@synapse_cleft 1506 -0.00808951517 0.0119196045 0.00165638629 0 0 0
nt@synapse_cleft 1600 0.0236180129 0.00483063811 0.00317059711 0 0 0
nt@synapse_cleft 1689 -0.0261431633 -0.0152607 0.00579675356 0 0 0
nt@synapse_cleft 1707 -0.0141327811 -0.0125782082 0.00474727679 0 0 0
nt@synapse_cleft 1729 0.00790183746 -0.00783768471 0.00807492985 0 0 0
nt@synapse_cleft 1932 0.00976385921 -0.00118454923 0.0179249559 0 0 0
nt@synapse_cleft 1973 0.0124461926 0.00369653873 0.0157814293 0 0 0
nt@synapse_cleft 2284 -0.0131017573 -0.0104241007 0.0150920476 0 0 0
nt@synapse_cleft 2383 -0.00367810007 0.00943860394 5.66937118e-06 0 0 0
nt@synapse_cleft 2498 -0.000391326589 0.00166937527 0.0139375376 0 0 0
nt@synapse_cleft 2564 -0.0220385575 -0.0103315631 0.00435540855 0 0 0
nt@synapse_cleft 2993 0.0318481842 0.0248410377 0.00726370963 0 0 0
nt@synapse_cleft 3073 -0.00913287217 -0.00583553486 0.0127088489 0 0 0
nt@synapse_cleft 3308 0.00947184519 0.0236209428 0.0089419437 0 0 0
nt@synapse_cleft 3367 0.0138089236 0.00712044105 0.0138324476 0 0 0
nt@synapse_cleft 3413 0.0267649188 -0.00417528434 0.00165449904 0 0 0
nt@synapse_cleft 3467 0.00627032982 -0.000160995429 0.00485457051 0 0 0
nt@synapse_cleft 3563 -0.0336823444 0.000322035157 0.0125634047 0 0 0
nt@synapse_cleft 3616 0.00678534328 -0.0203034574 0.00642848189 0 0 0
nt@synapse_cleft 3737 0.0133632499 0.00584154683 0.0197014865 0 0 0
nt@synapse_cleft 3834 -0.00811049248 -0.000883067455 0.0102254055 0 0 0
nt@synapse_cleft 3921 -0.000885128835 -0.0174695934 0.010022767 0 0 0
nt@synapse_cleft 3999 -0.0167464582 0.0124755087 0.00279301898 0 0 0
nt@synapse_cleft 4018 -0.0259432434 -0.0169541398 0.00977498091 0 0 0
nt@synapse_cleft 4187 0.00125604931 0.00243917582 0.0133175713 0 0 0
nt@synapse_cleft 4416 0.0260677441 0.0182551379 0.0142336764 0 0 0
nt@synapse_cleft 4464 -0.00798567077 0.0179144155 0.00297988694 0 0 0
nt@synapse_cleft 4981 -0.014502298 -0.0215170797 0.0102880805 0 0 0
nt@synapse_cleft 5004 0.0151272492 0.0207599891 0.00255634516 0 0 0
nt@synapse_cleft 5179 0.00843671001 0.0190655155 0.0141606303 0 0 0
