nt@synapse_cleft 12 0.0153388184 0.00895099187 0.000602976142 0 0 0
nt@synapse_cleft 15 -0.0114311727 -0.0100741779 0.00706843935 0 0 0
nt@synapse_cleft 26 0.0152878034 0.00985078704 0.00750082573 0 0 0
nt@synapse_cleft 54 -0.00339421522 0.000595792428 0.0165055389 0 0 0
nt@synapse_cleft 89 0.00453834827 -0.00159806339 0.0107345886 0 0 0
nt@synapse_cleft 100 -0.00193386443 0.0032801616 0.00608971654 0 0 0
nt@synapse_cleft 103 -0.010885334 -0.00240569597 0.00520496908 0 0 0
nt@synapse_cleft 150 -0.0153001374 0.00428339645 0.00229715541 0 0 0
nt@synapse_cleft 195 -0.003373858 0.00262153471 0.00612338093 0 0 0
nt@synapse_cleft 199 0.00378838097 -0.00334330986 0.00447420836 0 0 0
nt@synapse_cleft 284 0.0121275511 -0.0114949044 0.00398468019 0 0 0
nt@synapse_cleft 318 -0.00409083416 0.00393905348 0.00626483473 0 0 0
nt@synapse_cleft 406 0.00208885697 -0.00097281977 0.0166617321 0 0 0
nt@synapse_cleft 421 0.0130749565 -0.0167960757 0.0140800423 0 0 0
nt@synapse_cleft 429 0.024785135 -0.011883567 0.00973377483 0 0 0
nt@synapse_cleft 444 -0.00714078464 -0.00775315142 0.000932374086 0 0 0
nt@synapse_cleft 477 0.0047930804 -0.0137692977 0.00948658463 0 0 0
nt@synapse_cleft 479 -0.0153323047 0.00359594616 0.00132950683 0 0 0
nt@synapse_cleft 482 -0.0148091658 -0.00152261389 0.00563537327 0 0 0
nt@synapse_cleft 499 0.0106816425 -0.00719739393 3.17524274e-05 0 0 0
nt@synapse_cleft 510 -0.0022348537 0.0036979823 0.000281035908 0 0 0
nt@synapse_cleft 536 -0.0210589397 0.0274500267 0.00196174293 0 0 0
nt@synapse_cleft 551 -0.0127197795 0.00323489162 0.0136133281 0 0 0
nt@synapse_cleft 596 0.0254729275 -0.0132261387 0.0164433897 0 0 0
nt@synapse_cleft 620 -0.00169150872 0.000337536013 0.0128592923 0 0 0
nt@synapse_cleft 627 0.0215315055 -0.00488669554 0.00476756637 0 0 0
nt@synapse_cleft 633 0.0014339108 -0.0018926716 0.00945398624 0 0 0
nt@synapse_cleft 634 -0.00565761752 0.012424048 0.00913809411 0 0 0
nt@synapse_cleft 645 -0.00700224083 0.0139283027 0.0106958208 0 0 0
nt@synapse_cleft 693 0.00458775245 0.00946329436 0.00733699367 0 0 0
nt@synapse_cleft 698 -0.00127050295 0.00248935975 0.00231537264 0 0 0
nt@synapse_cleft 728 -0.000787622457 -0.00244928027 0.0199443386 0 0 0
nt@synapse_cleft 741 -0.00387268113 0.00346553496 0.00519846577 0 0 0
nt@synapse_cleft 750 -0.00344519828 0.0105841386 0.000887449271 0 0 0
nt@synapse_cleft 754 -0.0178150452 -0.00541633038 0.00161770611 0 0 0
nt@synapse_cleft 768 0.0192903512 0.000279250553 0.00739087451 0 0 0
nt@synapse_cleft 769 -0.0142552469 -0.00738331311 0.0199491505 0 0 0
nt@synapse_cleft 779 -0.00474525459 0.0206523578 0.015195855 0 0 0
nt@synapse_cleft 831 -0.011087109 -0.0149641748 0.00688687205 0 0 0
nt@synapse_cleft 833 0.000509608828 0.0142603101 0.00196815075 0 0 0
nt@synapse_cleft 866 -0.00592324426 0.0224218305 0.00705510307 0 0 0
nt@synapse_cleft 877 -0.0057401516 -0.0132583624 0.00984538593 0 0 0
nt@synapse_cleft 904 -0.0164863373 -0.0199055807 0.00224548428 0 0 0
nt@synapse_cleft 908 0.0167437761 -0.00226825848 0.00945599924 0 0 0
nt@synapse_cleft 913 -0.00221278554 -0.00465370392 0.00903220947 0 0 0
nt@synapse_cleft 918 -0.01916813 -0.00160115281 0.00698675835 0 0 0
nt@synapse_cleft 932 -0.00505851832 -0.00341529013 0.00450164901 0 0 0
nt@synapse_cleft 938 -0.0119078066 0.00684366796 0.00039177025 0 0 0
nt@synapse_cleft 942 0.0117827684 -0.00352160019 0.00173951012 0 0 0
nt@synapse_cleft 945 0.00249921701 0.00904920555 0.00856249818 0 0 0
nt@synapse_cleft 953 -0.0105731276 0.00893548656 0.00420212975 0 0 0
nt@synapse_cleft 961 -0.000990464584 -0.00593363652 0.00237668193 0 0 0
nt@synapse_cleft 978 0.00309996727 0.000813883381 0.00196040156 0 0 0
nt@synapse_cleft 1002 -0.0220328662 -0.0146254786 0.00855789005 0 0 0
nt@synapse_cleft 1048 0.00658985096 -0.00682497136 0.00871150203 0 0 0
nt@synapse_cleft 1080 -0.000741845801 0.00883577335 0.00162838689 0 0 0
nt@synapse_cleft 1092 0.000325217464 0.00640426173 0.00987844855 0 0 0
nt@synapse_cleft 1144 -0.00385723476 -0.00110232667 0.00563127759 0 0 0
nt@synapse_cleft 1152 0.00236135836 0.0147481363 0.00139990597 0 0 0
nt@synapse_cleft 1167 0.0169858317 0.00237102401 0.00255911177 0 0 0
nt@synapse_cleft 1177 -0.00669716046 -0.00146495663 0.00192922015 0 0 0
nt@synapse_cleft 1186 -0.00589259154 0.031703504 0.000646320343 0 0 0
nt@synapse_cleft 1193 -0.0138807273 0.00177652034 0.00627586749 0 0 0
nt@synapse_cleft 1200 -0.00856590814 0.00250796899 0.00462228806 0 0 0
nt@synapse_cleft 1205 -0.0169878299 -0.00497432979 0.0060491987 0 0 0
nt@synapse_cleft 1206 -0.00882179879 0.00977826406 0.00720752318 0 0 0
nt@synapse_cleft 1238 -0.00804084235 -0.00746740826 0.013582028 0 0 0
nt@synapse_cleft 1252 0.00211381904 -0.0168685957 0.0176574953 0 0 0
nt@synapse_cleft 1289 -0.00327303477 -0.00152629777 0.0152668518 0 0 0
nt@synapse_cleft 1302 -0.0172506057 0.0126288759 0.00718193508 0 0 0
nt@synapse_cleft 1326 0.00455095844 0.0230471919 0.0188474757 0 0 0
nt@synapse_cleft 1343 -0.015185065 0.0125698497 0.00365937936 0 0 0
nt@synapse_cleft 1368 -0.00053851212 0.00951840086 0.0122410532 0 0 0
nt@synapse_cleft 1380 0.001028856 -0.0192915288 0.0138368878 0 0 0
nt@synapse_cleft 1384 0.00754006751 0.00769920859 0.0179090477 0 0 0
nt@synapse_cleft 1416 -0.0160221019 -0.0118261359 0.0114621329 0 0 0
nt@synapse_cleft 1438 0.0106322462 -0.00805137855 0.0162397679 0 0 0
nt@synapse_cleft 1440 0.00331218972 0.00638548903 0.00880886926 0 0 0
nt@synapse_cleft 1442 -0.0106619453 -0.00308071606 0.000225915001 0 0 0
nt@synapse_cleft 1444 -0.017912058 -0.000250419372 0.00800441345 0 0 0
nt@synapse_cleft 1446 0.00753982774 -1.43355259e-05 0.00575646683 0 0 0
nt@synapse_cleft 1452 0.00480166171 -0.0089571436 0.0182742044 0 0 0
nt@synapse_cleft 1455 0.0123308312 -0.00397995274 0.000357405254 0 0 0
nt@synapse_cleft 1470 -0.00802859581 -0.0102735977 0.0134986475 0 0 0
nt@synapse_cleft 1472 0.00988416833 0.000553411907 0.00646810825 0 0 0
nt@synapse_cleft 1487 -0.00850646468 -0.0133546032 0.00517885121 0 0 0
nt@synapse_cleft 1496 0.00794525024 -0.00886247864 0.00539059708 0 0 0
nt@synapse_cleft 1506 -0.0128824505 0.00399470467 0.00794923089 0 0 0
nt@synapse_cleft 1553 0.0149106097 -0.0188210975 0.0177156117 0 0 0
nt@synapse_cleft 1573 0.00900708363 0.00761756078 0.0133763145 0 0 0
nt@synapse_cleft 1600 0.0148530017 -0.00595151978 0.00796249069 0 0 0
nt@synapse_cleft 1605 -0.00855674243 -0.00707766576 0.0118579171 0 0 0
nt@synapse_cleft 1641 0.00731333104 0.00392028736 0.000375478302 0 0 0
nt@synapse_cleft 1675 -0.00681373635 0.015192696 0.00755239157 0 0 0
nt@synapse_cleft 1681 -0.00179712005 -0.0062409305 0.00381923644 0 0 0
nt@synapse_cleft 1686 -0.000190165892 -0.00658464827 0.0192665348 0 0 0
nt@synapse_cleft 1689 -0.026479033 -0.010596794 0.00498228773 0 0 0
nt@synapse_cleft 1707 -0.0105370811 -0.0179871216 0.00484236446 0 0 0
nt@synapse_cleft 1729 -0.00628193214 -0.00671163889 0.000820510142 0 0 0
nt@synapse_cleft 1742 -0.00203420236 -0.0167154946 0.00159543466 0 0 0
nt@synapse_cleft 1745 0.00873762161 0.00137149801 0.00388216387 0 0 0
nt@synapse_cleft 1746 -0.0226577978 -0.015148571 0.00616741183 0 0 0
nt@synapse_cleft 1768 -0.00908634674 -0.00242716815 0.0103559586 0 0 0
nt@synapse_cleft 1775 0.0153797459 -0.0150798411 0.00671820266 0 0 0
nt@synapse_cleft 1781 -0.00267703907 -0.00572765028 0.0103463794 0 0 0
nt@synapse_cleft 1815 0.00111978366 -0.00530070388 0.0140502989 0 0 0
nt@synapse_cleft 1829 0.00386164524 0.00481885436 0.00333782274 0 0 0
nt@synapse_cleft 1853 -0.00374299431 -0.0167775191 0.0173211201 0 0 0
nt@synapse_cleft 1885 -0.00773271726 0.0108996717 0.00647869455 0 0 0
nt@synapse_cleft 1896 -0.000180945489 0.0100056814 0.0123779557 0 0 0
nt@synapse_cleft 1932 0.00505792911 0.0109133836 0.0104341888 0 0 0
nt@synapse_cleft 1946 -0.00823086038 -0.0136728926 0.00432018581 0 0 0
nt@synapse_cleft 1961 -0.00946294663 -0.0103304481 0.0140210006 0 0 0
nt@synapse_cleft 1970 -0.00664845696 -0.00322381587 0.0169699785 0 0 0
nt@synapse_cleft 1973 0.00152503819 -0.00413472232 0.00433057631 0 0 0
nt@synapse_cleft 1990 -0.0272425624 -0.00630271713 0.0144285482 0 0 0
nt@synapse_cleft 2014 -0.0274242702 0.00129472308 0.000894149863 0 0 0
nt@synapse_cleft 2064 -0.00729000105 -0.000920997255 0.00972411101 0 0 0
nt@synapse_cleft 2104 -0.0111683297 -0.00568446021 0.00579517192 0 0 0
nt@synapse_cleft 2112 -0.00552788186 0.00385040885 0.00529732855 0 0 0
nt@synapse_cleft 2127 0.00438249079 -0.00743078373 0.0162440555 0 0 0
nt@synapse_cleft 2137 -0.00122896553 -0.0162188231 0.00811371168 0 0 0
nt@synapse_cleft 2218 0.00317035089 0.00930567093 0.00351316192 0 0 0
nt@synapse_cleft 2223 -0.00382811289 -0.00410664627 0.00854165209 0 0 0
nt@synapse_cleft 2254 -0.0129126493 0.00765163566 0.00787598243 0 0 0
nt@synapse_cleft 2278 0.0114138478 -0.0179843327 0.00711707422 0 0 0
nt@synapse_cleft 2279 0.00553640005 0.0063025799 0.00511933467 0 0 0
nt@synapse_cleft 2284 5.73158035e-05 -0.0178558589 0.0144659668 0 0 0
nt@synapse_cleft 2285 -0.0101308708 -0.00395760193 0.00815085603 0 0 0
nt@synapse_cleft 2298 0.0129152499 0.00159647227 0.0199997784 0 0 0
nt@synapse_cleft 2314 -8.76099623e-05 -0.00396061367 0.00856000353 0 0 0
nt@synapse_cleft 2367 -0.0257552289 -5.09910445e-06 0.00128917395 0 0 0
nt@synapse_cleft 2383 -0.00521426543 0.00927250339 0.00475797966 0 0 0
nt@synapse_cleft 2389 0.00840492368 -0.0200527044 0.00483371572 0 0 0
nt@synapse_cleft 2411 0.00502679345 0.000516515782 0.00295962307 0 0 0
nt@synapse_cleft 2421 -0.0223689418 0.0130492392 0.0191911806 0 0 0
nt@synapse_cleft 2438 -0.017874405 0.00818322496 0.00678223564 0 0 0
nt@synapse_cleft 2472 -0.0131629119 0.0130758377 0.00589417228 0 0 0
nt@synapse_cleft 2483 -0.0251539606 0.0159256592 0.0118788969 0 0 0
nt@synapse_cleft 2491 0.00580790397 -0.00574307419 0.0116650207 0 0 0
nt@synapse_cleft 2493 0.00637952575 0.00225179937 0.00579556531 0 0 0
nt@synapse_cleft 2498 0.00021800806 -0.00228763937 0.0197464279 0 0 0
nt@synapse_cleft 2513 -0.00910107626 -0.0155525844 0.000980010343 0 0 0
nt@synapse_cleft 2517 0.010708577 -0.00766564734 0.0110300667 0 0 0
nt@synapse_cleft 2528 0.00492401849 0.0026198301 0.014208024 0 0 0
nt@synapse_cleft 2539 0.0164019151 0.0140569076 0.00524048797 0 0 0
nt@synapse_cleft 2550 -0.00772137249 -0.0207682443 0.0186167404 0 0 0
nt@synapse_cleft 2564 -0.0144619531 -0.00143621229 0.000407856256 0 0 0
nt@synapse_cleft 2570 0.0320301113 0.00355554417 0.0101800649 0 0 0
nt@synapse_cleft 2577 -0.00268153015 -0.00646048301 0.0120660972 0 0 0
nt@synapse_cleft 2610 -0.00820733254 0.0130151615 0.00317757264 0 0 0
nt@synapse_cleft 2628 0.0111400793 -0.00107932446 0.0174076324 0 0 0
nt@synapse_cleft 2652 -0.00604546308 -0.00950716477 0.0163894913 0 0 0
nt@synapse_cleft 2660 -0.00607041774 0.0164670036 0.00117095633 0 0 0
nt@synapse_cleft 2670 -0.0105416059 -0.0106016638 0.0152716741 0 0 0
nt@synapse_cleft 2680 -0.0086126245 0.0192756258 0.000956152452 0 0 0
nt@synapse_cleft 2681 0.00324811265 -0.00364574949 0.0021446824 0 0 0
nt@synapse_cleft 2702 -0.0121124141 -0.00213310191 0.0142427066 0 0 0
nt@synapse_cleft 2709 0.0117055547 -0.00509636064 0.00899811263 0 0 0
nt@synapse_cleft 2724 0.00701151615 0.0118784177 0.0194552923 0 0 0
nt@synapse_cleft 2752 0.00664175735 -0.000175659182 0.0115522513 0 0 0
nt@synapse_cleft 2798 0.00568468916 0.0178811627 0.00114169513 0 0 0
nt@synapse_cleft 2863 0.0163535729 -0.00427595857 0.000796274526 0 0 0
nt@synapse_cleft 2876 -0.00972579354 0.0275180807 0.0156238705 0 0 0
nt@synapse_cleft 2940 -0.0119570842 -0.00506995456 0.0112171005 0 0 0
nt@synapse_cleft 2983 0.00675034178 0.000134699324 0.0040331126 0 0 0
nt@synapse_cleft 2993 0.0289710927 0.00356481868 0.00628229382 0 0 0
nt@synapse_cleft 3006 -0.0057667651 -0.010257191 0.00522614892 0 0 0
nt@synapse_cleft 3019 0.00447830544 -0.00235099753 0.0148825586 0 0 0
nt@synapse_cleft 3042 0.00301069884 0.0222464981 0.0132066142 0 0 0
nt@synapse_cleft 3047 -0.00275973594 -0.0133840299 0.00464738292 0 0 0
nt@synapse_cleft 3073 -0.00159624205 -0.0134032425 0.0169496786 0 0 0
nt@synapse_cleft 3096 0.0120262255 0.016990536 0.0196494668 0 0 0
nt@synapse_cleft 3134 -0.00192694991 -0.0171487305 0.00865872244 0 0 0
nt@synapse_cleft 3184 0.0267988683 0.0115362376 0.0193688838 0 0 0
nt@synapse_cleft 3199 -0.0022149561 -0.00466156638 0.012529738 0 0 0
nt@synapse_cleft 3222 0.00395068505 -0.0236831774 0.00479684967 0 0 0
nt@synapse_cleft 3308 0.00968082424 0.0092965794 0.0110965002 0 0 0
nt@synapse_cleft 3326 0.00754723627 0.0107973298 0.00470264838 0 0 0
nt@synapse_cleft 3338 -0.00157477364 0.0223088894 0.0111475964 0 0 0
nt@synapse_cleft 3367 0.00686717035 0.00729607559 0.00530641325 0 0 0
nt@synapse_cleft 3378 -0.00721526237 0.00722003278 0.0126331204 0 0 0
nt@synapse_cleft 3402 -0.0281263246 -0.00671969869 0.00580176273 0 0 0
nt@synapse_cleft 3404 0.000556901471 0.0076157551 0.00678277804 0 0 0
nt@synapse_cleft 3413 0.0114291753 -0.00965621801 0.0175484679 0 0 0
nt@synapse_cleft 3419 0.0030033953 0.014086165 0.0152008721 0 0 0
nt@synapse_cleft 3432 0.0055285648 0.0182866669 0.0170052719 0 0 0
nt@synapse_cleft 3445 -0.0326380278 0.00532143674 0.00629179894 0 0 0
nt@synapse_cleft 3451 0.00697518026 -0.0117042313 0.0131936009 0 0 0
nt@synapse_cleft 3467 0.00905821585 0.00487257971 0.00222191526 0 0 0
nt@synapse_cleft 3484 -0.00699783779 -0.00687701135 0.00477559537 0 0 0
nt@synapse_cleft 3500 0.0035440807 -0.0149338675 0.00518320897 0 0 0
nt@synapse_cleft 3542 -0.00180725295 0.00586457061 0.0130047802 0 0 0
nt@synapse_cleft 3561 -0.000680441592 0.00888215777 0.00382859932 0 0 0
nt@synapse_cleft 3563 -0.0207538786 0.00508302925 0.013485171 0 0 0
nt@synapse_cleft 3566 -0.00359072365 -0.00906005756 0.00914047369 0 0 0
nt@synapse_cleft 3576 0.0059716705 0.0073452672 0.0109562436 0 0 0
nt@synapse_cleft 3592 -0.0130508815 0.0231941248 0.00193744473 0 0 0
nt@synapse_cleft 3611 -0.000939193382 -0.0174522957 0.0145644993 0 0 0
nt@synapse_cleft 3616 0.0153442339 -0.014812265 0.000866114637 0 0 0
nt@synapse_cleft 3625 -0.00905696977 0.0021059107 0.00630850408 0 0 0
nt@synapse_cleft 3635 0.00946103908 -0.00410793024 0.00208173247 0 0 0
nt@synapse_cleft 3645 -0.00239286147 -0.00858240958 0.0163974495 0 0 0
nt@synapse_cleft 3661 -0.00404243561 0.00141798955 0.00804859313 0 0 0
nt@synapse_cleft 3693 0.00519024753 -0.0063977305 0.00210756476 0 0 0
nt@synapse_cleft 3706 -0.00719955673 0.00933504023 0.00829893818 0 0 0
nt@synapse_cleft 3714 -0.0156006248 -0.00615192726 0.00889734101 0 0 0
nt@synapse_cleft 3737 -0.00206728202 0.0115834767 0.00514337062 0 0 0
nt@synapse_cleft 3793 -0.00211714884 -0.00632083653 0.00047698983 0 0 0
nt@synapse_cleft 3800 -0.00625746682 -0.00808520253 0.0177855443 0 0 0
nt@synapse_cleft 3811 0.00192101173 0.0136953324 0.0036993155 0 0 0
nt@synapse_cleft 3827 -0.00223764551 0.00649635174 0.00197607469 0 0 0
nt@synapse_cleft 3834 -0.00287382818 -0.00503298822 0.00656796156 0 0 0
nt@synapse_cleft 3835 -0.00816857123 -0.00635387827 0.00914151826 0 0 0
nt@synapse_cleft 3859 0.016460214 -0.00320197948 0.0113588517 0 0 0
nt@synapse_cleft 3886 0.00312685627 0.00380924073 0.0180931843 0 0 0
nt@synapse_cleft 3902 0.0158586663 0.00186110781 0.0109787924 0 0 0
nt@synapse_cleft 3907 -0.0227049084 -0.0159839884 0.00595039081 0 0 0
nt@synapse_cleft 3918 0.0160574446 0.00723268098 0.000543281499 0 0 0
nt@synapse_cleft 3921 0.0030502555 9.02181545e-05 0.014383651 0 0 0
nt@synapse_cleft 3927 0.0186667198 0.0101391446 0.00849783177 0 0 0
nt@synapse_cleft 3952 -0.00592343761 -0.0106047148 0.0123296579 0 0 0
nt@synapse_cleft 3973 0.0166886326 0.0120158938 0.00489417768 0 0 0
nt@synapse_cleft 3974 -0.00470261781 -0.00803705061 0.00370427724 0 0 0
nt@synapse_cleft 3999 -0.0227895952 0.0151309017 0.0002648012 0 0 0
nt@synapse_cleft 4018 -0.0178776443 -0.0146559564 0.00864469059 0 0 0
nt@synapse_cleft 4037 0.000948894265 -0.00383756799 0.00482190349 0 0 0
nt@synapse_cleft 4049 0.00485175994 -0.00339903308 0.00577617843 0 0 0
nt@synapse_cleft 4103 0.00646480216 -0.0209111259 0.00628453434 0 0 0
nt@synapse_cleft 4106 -6.91633806e-05 0.00726164237 0.00527785492 0 0 0
nt@synapse_cleft 4119 0.0105696359 -0.00487044976 0.00587158363 0 0 0
nt@synapse_cleft 4129 0.00121448711 -0.0110263666 0.00789581884 0 0 0
nt@synapse_cleft 4132 0.00156527638 -0.0104010361 0.0177445942 0 0 0
nt@synapse_cleft 4150 -0.00331194485 -0.00973498961 0.00530478019 0 0 0
nt@synapse_cleft 4155 -0.0113458344 -0.013842151 0.0135883372 0 0 0
nt@synapse_cleft 4163 -0.0106877605 -0.0118314112 0.00492356958 0 0 0
nt@synapse_cleft 4187 -0.000622826945 -0.000379541957 0.00587328289 0 0 0
nt@synapse_cleft 4220 0.0174341315 -0.0127760215 0.00976164335 0 0 0
nt@synapse_cleft 4252 -0.0165711844 0.00100592019 0.0193021289 0 0 0
nt@synapse_cleft 4255 -0.0188059149 -0.00421307203 0.00408133884 0 0 0
nt@synapse_cleft 4288 0.00863472023 0.0272253304 0.0041100451 0 0 0
nt@synapse_cleft 4297 0.0257319457 -0.00760556258 0.00328583579 0 0 0
nt@synapse_cleft 4312 -0.00222723375 -0.00893347241 0.00384744523 0 0 0
nt@synapse_cleft 4346 0.0081532908 -0.00446612117 0.00924194192 0 0 0
nt@synapse_cleft 4360 0.000304742052 0.00253345675 0.0172005694 0 0 0
nt@synapse_cleft 4365 0.000790742675 -0.00887938739 0.00202821956 0 0 0
nt@synapse_cleft 4381 -0.0139675011 -0.0088152108 0.0060583649 0 0 0
nt@synapse_cleft 4386 0.00484579214 -0.0310950367 0.00278825777 0 0 0
nt@synapse_cleft 4414 -0.00442078226 -0.000790775574 0.000809508241 0 0 0
nt@synapse_cleft 4416 0.00916513889 0.0076001555 0.00792509105 0 0 0
nt@synapse_cleft 4434 0.00630872307 -0.00688269363 0.00570082386 0 0 0
nt@synapse_cleft 4446 -0.0178314895 -0.00448660484 0.00201522965 0 0 0
nt@synapse_cleft 4464 -0.00768669375 0.00387433264 0.00558790825 0 0 0
nt@synapse_cleft 4478 0.0118952979 -0.00106438439 0.00149904807 0 0 0
nt@synapse_cleft 4485 0.000193530276 0.0117476386 0.00802094746 0 0 0
nt@synapse_cleft 4501 -0.0153146784 0.00364249858 0.00219935171 0 0 0
nt@synapse_cleft 4583 -0.000982151747 -0.0120178399 0.00976860804 0 0 0
nt@synapse_cleft 4681 -0.0229603027 0.00151504095 0.00835158145 0 0 0
nt@synapse_cleft 4700 0.00717142698 0.00957396017 0.00434940469 0 0 0
nt@synapse_cleft 4709 -0.0042766805 -0.00755888359 0.0145473606 0 0 0
nt@synapse_cleft 4718 -0.0082499971 -0.00895157319 0.00699413395 0 0 0
nt@synapse_cleft 4750 -0.0133952558 7.8127346e-05 0.00675373264 0 0 0
nt@synapse_cleft 4758 -0.0144911859 0.000797674766 0.00161657338 0 0 0
nt@synapse_cleft 4801 -0.0068274142 -0.00978141008 0.0039301695 0 0 0
nt@synapse_cleft 4829 0.0130400503 0.00695380649 0.00828906757 0 0 0
nt@synapse_cleft 4839 -0.00896988255 0.00355941553 0.00752662799 0 0 0
nt@synapse_cleft 4871 -0.00123175365 -0.00848886464 0.00443629195 0 0 0
nt@synapse_cleft 4906 0.0112826776 -0.0103208727 0.0136569841 0 0 0
nt@synapse_cleft 4919 -0.00143651675 -0.000234960159 0.00636086082 0 0 0
nt@synapse_cleft 4937 -0.00784457437 0.00727794917 0.00618128416 0 0 0
nt@synapse_cleft 4981 -0.005109094 -0.00610346778 0.0153878503 0 0 0
nt@synapse_cleft 4982 -0.00669345849 -0.00277738406 0.0142141827 0 0 0
nt@synapse_cleft 5004 0.0101161233 0.00899153746 0.000684172027 0 0 0
nt@synapse_cleft 5006 -0.0248121474 -0.0193138983 0.0135106407 0 0 0
nt@synapse_cleft 5015 0.0113103216 0.00968478709 0.00333091444 0 0 0
nt@synapse_cleft 5061 0.00653046937 -0.00142048998 0.000256623991 0 0 0
nt@synapse_cleft 5082 -0.00245221724 -0.00356812003 0.00155341669 0 0 0
nt@synapse_cleft 5145 0.00973555467 -0.000898475065 0.00743099017 0 0 0
nt@synapse_cleft 5159 -0.0144011771 -0.00992590191 0.00165772588 0 0 0
nt@synapse_cleft 5164 0.00247520174 0.00916487562 0.0103483892 0 0 0
nt@synapse_cleft 5173 -0.00391875449 0.0208600737 0.0144574203 0 0 0
nt@synapse_cleft 5179 0.00789472182 0.0204201846 0.0107603436 0 0 0
nt@synapse_cleft 5182 -8.43773684e-05 0.0111622598 0.00514495388 0 0 0
