nt@synapse_cleft 89 0.00756048574 0.00333382064 0.0090705336 0 0 0
nt@synapse_cleft 195 -0.0116866435 -0.00498361323 0.00263023857 0 0 0
nt@synapse_cleft 284 0.0199019206 -0.00533276604 0.013014825 0 0 0
nt@synapse_cleft 318 -0.0115306605 0.00112704537 0.0138595205 0 0 0
nt@synapse_cleft 421 0.0173600712 -0.00641302109 0.0097167315 0 0 0
nt@synapse_cleft 429 0.0253138049 -0.0289012049 0.00588628822 0 0 0
nt@synapse_cleft 477 0.00499984611 -0.00756561264 0.00380888696 0 0 0
nt@synapse_cleft 482 -0.0145610048 -0.0105412997 0.00282430361 0 0 0
nt@synapse_cleft 551 -0.00552260062 -0.000317116343 0.0162998222 0 0 0
nt@synapse_cleft 596 0.0244733169 -0.00863183972 0.0198594625 0 0 0
nt@synapse_cleft 620 -0.0110916135 0.00348868223 0.00813882692 0 0 0
nt@synapse_cleft 634 -0.00721340636 0.0108079058 0.0182435344 0 0 0
nt@synapse_cleft 693 0.00153915067 0.00521059518 0.00710678219 0 0 0
nt@synapse_cleft 728 -0.00570686038 -0.0159354171 0.00817901891 0 0 0
nt@synapse_cleft 750 -0.00604999359 0.0111255871 0.0095046352 0 0 0
nt@synapse_cleft 918 -0.0122741148 -0.0110245966 0.000300486195 0 0 0
nt@synapse_cleft 932 -0.00361970425 0.0107838521 0.00466553619 0 0 0
nt@synapse_cleft 938 -0.0091930614 0.0141485611 0.009070461 0 0 0
nt@synapse_cleft 1048 0.00823226922 -0.00574187695 0.012348833 0 0 0
nt@synapse_cleft 1167 0.0123211186 0.00278142564 0.00511753489 0 0 0
nt@synapse_cleft 1186 0.00238454646 0.0343187872 0.00581406581 0 0 0
nt@synapse_cleft 1193 -0.0190463614 0.00434823222 0.0101237492 0 0 0
nt@synapse_cleft 1200 -0.0113492908 -0.00486058611 0.0036286596 0 0 0
nt@synapse_cleft 1326 0.00976677029 0.0161236058 0.0193915755 0 0 0
nt@synapse_cleft 1368 0.0123825937 0.00297969494 0.0137713256 0 0 0
nt@synapse_cleft 1442 -0.00317130824 -0.00294003552 0.00135840585 0 0 0
nt@synapse_cleft 1487 -0.00373755707 -0.0103947996 0.0109869735 0 0 0
nt@synapse_cleft 1506 -0.00399993246 0.00848808426 0.00244412148 0 0 0
nt@synapse_cleft 1600 0.0201235538 -0.000274455933 0.00513662492 0 0 0
nt@synapse_cleft 1689 -0.0237021302 -0.0174395325 0.00556508587 0 0 0
nt@synapse_cleft 1707 -0.0159084037 -0.0129722614 0.003247085 0 0 0
nt@synapse_cleft 1729 0.00342543518 -0.00883733425 0.00430001224 0 0 0
nt@synapse_cleft 1768 0.00700823144 -0.00663283919 0.0155945212 0 0 0
nt@synapse_cleft 1932 0.00674710854 0.000198661034 0.015208338 0 0 0
nt@synapse_cleft 1973 0.0141765539 -0.000284788966 0.0199995169 0 0 0
nt@synapse_cleft 2284 -0.0134030631 -0.0108316254 0.0152335322 0 0 0
nt@synapse_cleft 2383 -0.0112132207 0.00976456812 0.00101570955 0 0 0
nt@synapse_cleft 2483 -0.0234405386 0.0245946208 0.00967883387 0 0 0
nt@synapse_cleft 2498 0.000668735233 0.00249695277 0.0128044562 0 0 0
nt@synapse_cleft 2517 0.0179276128 -0.00420525069 0.0040258158 0 0 0
nt@synapse_cleft 2564 -0.0225953715 -0.00977041683 0.00545413734 0 0 0
nt@synapse_cleft 2798 -0.00888065204 0.012669707 0.0026045374 0 0 0
nt@synapse_cleft 2876 -0.0096300453 0.00884785228 0.0133395711 0 0 0
nt@synapse_cleft 2993 0.0319491888 0.0276689958 0.00717042957 0 0 0
nt@synapse_cleft 3073 -0.0176232254 -0.0116701539 0.0176996035 0 0 0
nt@synapse_cleft 3308 0.00700900386 0.0224367937 0.00883035774 0 0 0
nt@synapse_cleft 3367 0.0116662524 0.0115563244 0.0157175856 0 0 0
nt@synapse_cleft 3413 0.0291581164 -0.00558111892 4.91850645e-05 0 0 0
nt@synapse_cleft 3467 -0.000328633568 0.00327370146 0.00813326151 0 0 0
nt@synapse_cleft 3563 -0.0322661563 0.00372275594 0.0112346509 0 0 0
nt@synapse_cleft 3616 0.0117748771 -0.0193277344 0.00477656424 0 0 0
nt@synapse_cleft 3706 -0.00605445073 0.007481823 0.0173811362 0 0 0
nt@synapse_cleft 3714 -0.0233340085 -0.00759652038 0.00716177444 0 0 0
nt@synapse_cleft 3737 0.0114023784 0.0014848822 0.0168703782 0 0 0
nt@synapse_cleft 3834 -0.00727116073 -0.00221727846 0.0108670675 0 0 0
nt@synapse_cleft 3902 0.027230051 0.00488131004 0.00228236871 0 0 0
nt@synapse_cleft 3921 0.00534457853 -0.0132593137 0.0123103615 0 0 0
nt@synapse_cleft 3974 0.00737000106 -0.00592095718 0.00933061364 0 0 0
nt@synapse_cleft 3999 -0.0164237424 0.0121450297 0.00087667369 0 0 0
nt@synapse_cleft 4018 -0.0193744567 -0.0135599065 0.00911992941 0 0 0
nt@synapse_cleft 4106 -0.0126780563 0.00473071467 0.0110642532 0 0 0
nt@synapse_cleft 4187 -0.0048391445 0.00137100676 0.00781538735 0 0 0
nt@synapse_cleft 4414 0.00789169931 -0.00479248132 0.00724801542 0 0 0
nt@synapse_cleft 4416 0.0237769509 0.0160977105 0.0115121203 0 0 0
nt@synapse_cleft 4464 -0.00661325461 0.0125661063 0.00618207337 0 0 0
nt@synapse_cleft 4700 -0.000934876841 -0.00171268713 0.000628386615 0 0 0
nt@synapse_cleft 4839 -0.00354845467 -0.00102537157 0.0113093994 0 0 0
nt@synapse_cleft 4981 -0.00891166353 -0.0174805596 0.0102057568 0 0 0
nt@synapse_cleft 5004 0.015043627 0.016440058 0.00184426208 0 0 0
nt@synapse_cleft 5173 -0.00317927747 0.0280509959 0.0110374152 0 0 0
nt@synapse_cleft 5179 0.00959740673 0.0170364374 0.0119782066 0 0 0
