nt@synapse_cleft 26 0.0128380862 0.00651372467 0.00703562487 0 0 0
nt@synapse_cleft 89 4.36677642e-05 -0.00291759147 0.0118446317 0 0 0
nt@synapse_cleft 100 -0.00406905722 0.0016507273 0.00643925238 0 0 0
nt@synapse_cleft 103 -0.0161687204 -0.00219003898 0.00611527843 0 0 0
nt@synapse_cleft 150 -0.0125785073 0.00985122235 0.00110030579 0 0 0
nt@synapse_cleft 195 -0.00241931457 0.00567379245 0.0045140833 0 0 0
nt@synapse_cleft 199 -0.00137071435 -0.000324291623 0.00442723138 0 0 0
nt@synapse_cleft 284 0.0155715316 -0.00713433014 0.00663800701 0 0 0
nt@synapse_cleft 318 -0.000716065477 0.00206675917 0.00812853603 0 0 0
nt@synapse_cleft 406 0.00250250384 -0.00201797651 0.0146549368 0 0 0
nt@synapse_cleft 421 0.0153964895 -0.0167196362 0.0123548157 0 0 0
nt@synapse_cleft 429 0.0225994801 -0.0185888741 0.0114838703 0 0 0
nt@synapse_cleft 444 -0.00959204554 -0.00313125064 0.00097378411 0 0 0
nt@synapse_cleft 477 0.00544784575 -0.0126116892 0.00960686755 0 0 0
nt@synapse_cleft 479 -0.0192399178 0.0026739649 0.00213559926 0 0 0
nt@synapse_cleft 482 -0.0143133412 0.00141624847 0.00308234282 0 0 0
nt@synapse_cleft 499 0.0110328335 -0.00568860056 0.00266741527 0 0 0
nt@synapse_cleft 536 -0.0231375071 0.0282338158 2.32855374e-05 0 0 0
nt@synapse_cleft 551 -0.0113565102 0.000625670226 0.0184919987 0 0 0
nt@synapse_cleft 596 0.0239122706 -0.014006317 0.0182950105 0 0 0
nt@synapse_cleft 620 6.08682125e-05 -0.000914656923 0.0116278154 0 0 0
nt@synapse_cleft 634 -0.0028291388 0.0164818533 0.0122176229 0 0 0
nt@synapse_cleft 645 -0.00558468605 0.0180974717 0.00595870655 0 0 0
nt@synapse_cleft 693 0.000625257566 0.0108990289 0.00612033184 0 0 0
nt@synapse_cleft 698 -0.00154560987 0.00709513419 0.00155612135 0 0 0
nt@synapse_cleft 728 -0.00296468864 -0.00532061205 0.0166041781 0 0 0
nt@synapse_cleft 741 -0.00997419492 0.00457729576 0.00320184176 0 0 0
nt@synapse_cleft 750 -0.00676462165 0.0115769495 0.00307043153 0 0 0
nt@synapse_cleft 833 0.00665034765 0.0138510803 0.00553968844 0 0 0
nt@synapse_cleft 866 -0.00672885279 0.0239507336 0.00695471662 0 0 0
nt@synapse_cleft 904 -0.0206242796 -0.0196543556 0.0057411151 0 0 0
nt@synapse_cleft 913 -0.00151043387 -0.00579686416 0.00640930414 0 0 0
nt@synapse_cleft 918 -0.0177188498 -0.00492475907 0.00658215078 0 0 0
nt@synapse_cleft 932 -0.00664423898 -0.000571251363 0.00427084379 0 0 0
nt@synapse_cleft 938 -0.013489982 0.0107446857 0.00320683739 0 0 0
nt@synapse_cleft 942 0.0152852888 -0.00350895112 0.000369870869 0 0 0
nt@synapse_cleft 945 0.00388290641 0.0123344852 0.00973317763 0 0 0
nt@synapse_cleft 953 -0.0084096672 0.00860709606 0.00346991853 0 0 0
nt@synapse_cleft 978 -0.0009621519 0.000865337656 0.00330090281 0 0 0
nt@synapse_cleft 1002 -0.0188837779 -0.0131494108 0.00561368435 0 0 0
nt@synapse_cleft 1048 0.00334199717 -0.00487407122 0.0128826433 0 0 0
nt@synapse_cleft 1080 0.00183434296 0.00845170392 0.00031258684 0 0 0
nt@synapse_cleft 1092 0.000364250749 0.00201228376 0.00953859897 0 0 0
nt@synapse_cleft 1144 -0.00500587656 0.00214191144 0.00130382513 0 0 0
nt@synapse_cleft 1152 -0.000820332391 0.0146201148 0.00339588221 0 0 0
nt@synapse_cleft 1167 0.0152666427 0.00392235935 0.00308679755 0 0 0
nt@synapse_cleft 1186 0.000244173903 0.0286705298 0.00231698245 0 0 0
nt@synapse_cleft 1193 -0.0169108138 0.00251352301 0.00703586204 0 0 0
nt@synapse_cleft 1200 -0.00607455971 0.00229715637 0.00293081313 0 0 0
nt@synapse_cleft 1205 -0.0127252305 -0.00361437563 0.00501528607 0 0 0
nt@synapse_cleft 1206 -0.00470187611 0.0107205996 0.000569193913 0 0 0
nt@synapse_cleft 1238 -0.00895705824 -0.00839883015 0.0130182222 0 0 0
nt@synapse_cleft 1252 0.000701886659 -0.0180023282 0.016220066 0 0 0
nt@synapse_cleft 1302 -0.0135427424 0.0160450316 0.00773410118 0 0 0
nt@synapse_cleft 1326 0.00469900588 0.0173124907 0.0179704918 0 0 0
nt@synapse_cleft 1343 -0.0155106908 0.00832987753 0.00953089766 0 0 0
nt@synapse_cleft 1368 0.000187707713 0.0122001628 0.0121452731 0 0 0
nt@synapse_cleft 1380 -0.000706062207 -0.0219888573 0.0101310361 0 0 0
nt@synapse_cleft 1384 0.00908467772 0.00956219239 0.0197618917 0 0 0
nt@synapse_cleft 1416 -0.0148394766 -0.0159058834 0.0111796954 0 0 0
nt@synapse_cleft 1438 0.012231734 -0.0124265866 0.0195778125 0 0 0
nt@synapse_cleft 1442 -0.010315363 -0.00740318011 0.00103044923 0 0 0
nt@synapse_cleft 1446 0.0136621809 -0.00191125904 0.010652535 0 0 0
nt@synapse_cleft 1472 0.0107445086 -0.000195108521 0.00531168474 0 0 0
nt@synapse_cleft 1487 -0.00692352194 -0.0132206827 0.0037248689 0 0 0
nt@synapse_cleft 1496 0.00743384762 -0.00976886482 0.00876755675 0 0 0
nt@synapse_cleft 1506 -0.016909885 0.00181806794 0.00921162811 0 0 0
nt@synapse_cleft 1553 0.0184756826 -0.0184600425 0.0197452769 0 0 0
nt@synapse_cleft 1600 0.013307962 -0.0106165825 0.0125105477 0 0 0
nt@synapse_cleft 1641 0.00921427942 0.00134443158 0.0029719304 0 0 0
nt@synapse_cleft 1675 -0.00827018634 0.0113387381 0.00270812149 0 0 0
nt@synapse_cleft 1686 -0.00196353987 -0.00789444553 0.0187447908 0 0 0
nt@synapse_cleft 1689 -0.0237119782 -0.0146737363 0.00410119724 0 0 0
nt@synapse_cleft 1707 -0.0149909773 -0.0200649382 0.00368572798 0 0 0
nt@synapse_cleft 1729 -0.00451023862 -0.00617102904 0.00146579003 0 0 0
nt@synapse_cleft 1742 0.00299784506 -0.0176915172 0.000822613571 0 0 0
nt@synapse_cleft 1745 0.0125854099 -0.00268733577 5.51703376e-06 0 0 0
nt@synapse_cleft 1746 -0.0216320581 -0.0139363039 0.00699951499 0 0 0
nt@synapse_cleft 1768 -0.00814411203 0.000223756671 0.00898715879 0 0 0
nt@synapse_cleft 1781 -0.00554491861 -0.0053087656 0.00706748869 0 0 0
nt@synapse_cleft 1815 0.00615072165 -0.00631412257 0.0150422563 0 0 0
nt@synapse_cleft 1829 0.00283543929 0.00396766739 0.00190431499 0 0 0
nt@synapse_cleft 1853 -0.0125018535 -0.0110782238 0.0186910021 0 0 0
nt@synapse_cleft 1885 -0.0136051598 0.0119844679 0.00234707254 0 0 0
nt@synapse_cleft 1896 0.00147839559 0.00667883404 0.00837026658 0 0 0
nt@synapse_cleft 1932 0.00625181963 0.00739092674 0.0116643847 0 0 0
nt@synapse_cleft 1946 -0.00824935452 -0.0194286871 0.00690753089 0 0 0
nt@synapse_cleft 1961 -0.0167940545 -0.00838204519 0.0110352963 0 0 0
nt@synapse_cleft 1973 0.00302083662 -0.001823771 0.00398050595 0 0 0
nt@synapse_cleft 1990 -0.0280509378 -0.00730004623 0.0143016872 0 0 0
nt@synapse_cleft 2014 -0.0287225344 0.0041307313 0.000106536409 0 0 0
nt@synapse_cleft 2064 -0.00657371933 0.000597830972 0.00715794433 0 0 0
nt@synapse_cleft 2104 -0.0126827678 -0.00373125545 0.00899556852 0 0 0
nt@synapse_cleft 2127 0.00642800527 -0.0100040177 0.0189672987 0 0 0
nt@synapse_cleft 2137 -0.00188465484 -0.0222696213 0.00684916554 0 0 0
nt@synapse_cleft 2218 0.000950916252 0.00999043314 0.00490574797 0 0 0
nt@synapse_cleft 2223 0.000639483829 -0.00336462768 0.0165883931 0 0 0
nt@synapse_cleft 2254 -0.0136893335 0.0105043471 0.0039033419 0 0 0
nt@synapse_cleft 2279 0.00203538891 0.00987160492 0.00859481419 0 0 0
nt@synapse_cleft 2284 0.00094845121 -0.0170136883 0.0171552939 0 0 0
nt@synapse_cleft 2314 -0.00756542054 -0.0024123629 0.0107769663 0 0 0
nt@synapse_cleft 2367 -0.0273246864 0.00169236239 0.004678938 0 0 0
nt@synapse_cleft 2383 -0.00958443118 0.009486293 0.0035157498 0 0 0
nt@synapse_cleft 2421 -0.0244932991 0.0149150406 0.0185142515 0 0 0
nt@synapse_cleft 2438 -0.0124045237 0.00593002786 0.00380823436 0 0 0
nt@synapse_cleft 2483 -0.025075502 0.0172551726 0.0118005633 0 0 0
nt@synapse_cleft 2491 0.00385823519 -0.00335999587 0.00951696619 0 0 0
nt@synapse_cleft 2498 -0.00151359383 -0.00401076561 0.014971813 0 0 0
nt@synapse_cleft 2513 -0.0083607005 -0.0130565825 0.00396543319 0 0 0
nt@synapse_cleft 2517 0.0136476456 -0.00626798838 0.0114806049 0 0 0
nt@synapse_cleft 2528 0.00706446475 0.000548922386 0.00999794632 0 0 0
nt@synapse_cleft 2550 -0.00313170983 -0.026305728 0.0177011911 0 0 0
nt@synapse_cleft 2564 -0.0108974448 -0.00634828989 0.000499861556 0 0 0
nt@synapse_cleft 2570 0.0323191202 0.00651039408 0.0112392563 0 0 0
nt@synapse_cleft 2577 -0.00529898775 -0.00782788606 0.0126619252 0 0 0
nt@synapse_cleft 2610 -0.00976351601 0.0125857976 0.000862019252 0 0 0
nt@synapse_cleft 2628 0.0158464969 0.000357029214 0.0180229309 0 0 0
nt@synapse_cleft 2660 -0.005384233 0.0178918434 0.00201335528 0 0 0
nt@synapse_cleft 2670 -0.00832005491 -0.0123920785 0.0191255217 0 0 0
nt@synapse_cleft 2680 -0.00514920661 0.0196792115 0.00155863694 0 0 0
nt@synapse_cleft 2681 0.00296746932 -0.00210340482 0.00168133369 0 0 0
nt@synapse_cleft 2702 -0.0121764418 0.00309682748 0.0136687997 0 0 0
nt@synapse_cleft 2724 0.00117580835 0.0134860776 0.0144919049 0 0 0
nt@synapse_cleft 2798 0.00704554789 0.020690902 0.00265753876 0 0 0
nt@synapse_cleft 2863 0.0180021554 -0.0037791821 0.000628712756 0 0 0
nt@synapse_cleft 2876 -0.012425987 0.0235809214 0.0161033066 0 0 0
nt@synapse_cleft 2940 -0.013288954 -0.00324172759 0.0130515887 0 0 0
nt@synapse_cleft 2983 0.00921511153 0.00244168488 0.00399416669 0 0 0
nt@synapse_cleft 2993 0.0278268517 0.00867430455 0.00264876305 0 0 0
nt@synapse_cleft 3006 -0.00799183847 -0.00992382304 0.00826195555 0 0 0
nt@synapse_cleft 3019 0.00722867032 -0.00291385635 0.0137551724 0 0 0
nt@synapse_cleft 3042 0.00722163001 0.0225482159 0.012421548 0 0 0
nt@synapse_cleft 3047 0.00027976584 -0.00971269314 0.00261791342 0 0 0
nt@synapse_cleft 3073 -0.00426634399 -0.0156377753 0.0172579204 0 0 0
nt@synapse_cleft 3096 0.0105928082 0.0141995992 0.01963912 0 0 0
nt@synapse_cleft 3199 -0.00178760057 -0.00711357851 0.00986198067 0 0 0
nt@synapse_cleft 3222 0.00579929862 -0.0258606088 0.000967938993 0 0 0
nt@synapse_cleft 3308 0.00707886142 0.00927230886 0.0111779957 0 0 0
nt@synapse_cleft 3326 0.0080625906 0.00739462728 0.00591248762 0 0 0
nt@synapse_cleft 3367 0.00512584512 0.00599149929 0.00632366702 0 0 0
nt@synapse_cleft 3402 -0.0326246783 -0.00459328587 0.0058810872 0 0 0
nt@synapse_cleft 3413 0.0187594314 -0.0068612661 0.0117481586 0 0 0
nt@synapse_cleft 3419 0.00584677734 0.0134579732 0.0196892109 0 0 0
nt@synapse_cleft 3432 0.00296642161 0.016752554 0.0197955946 0 0 0
nt@synapse_cleft 3445 -0.0337890185 0.0060783962 0.00859562513 0 0 0
nt@synapse_cleft 3467 0.00296204212 0.000817117069 0.000117536381 0 0 0
nt@synapse_cleft 3484 -0.00738941659 -0.00561031925 0.00701061649 0 0 0
nt@synapse_cleft 3500 -0.00234842928 -0.0115043891 0.00811766172 0 0 0
nt@synapse_cleft 3542 -0.00410688581 0.00189566517 0.0134515375 0 0 0
nt@synapse_cleft 3563 -0.023242364 0.00307357038 0.0116006024 0 0 0
nt@synapse_cleft 3566 -0.00528504632 -0.00548957161 0.00923044573 0 0 0
nt@synapse_cleft 3576 0.00669962719 0.00747416645 0.00975728202 0 0 0
nt@synapse_cleft 3592 -0.0135457412 0.0246753014 0.00109248293 0 0 0
nt@synapse_cleft 3611 -0.00359471935 -0.0204879791 0.015510846 0 0 0
nt@synapse_cleft 3616 0.0187959622 -0.0110076404 0.00410477455 0 0 0
nt@synapse_cleft 3625 -0.00243772753 0.00401421947 0.00818018309 0 0 0
nt@synapse_cleft 3645 -0.00215607185 -0.00625790242 0.0124028909 0 0 0
nt@synapse_cleft 3661 -0.00176825441 -0.00312725609 0.0059019997 0 0 0
nt@synapse_cleft 3693 0.00329161059 -0.0118771666 0.00209009975 0 0 0
nt@synapse_cleft 3706 -0.00704752734 0.00714752451 0.0143532939 0 0 0
nt@synapse_cleft 3714 -0.0166786246 -0.00900643302 0.00738101906 0 0 0
nt@synapse_cleft 3737 6.90252861e-05 0.0130554987 0.0107706002 0 0 0
nt@synapse_cleft 3793 -0.000803763778 -0.00937377301 0.00239930725 0 0 0
nt@synapse_cleft 3800 -0.00692733118 -0.00798377073 0.0177888411 0 0 0
nt@synapse_cleft 3811 0.00315888229 0.0159750968 0.00236735948 0 0 0
nt@synapse_cleft 3827 0.00315025824 0.00665704248 0.00104348655 0 0 0
nt@synapse_cleft 3834 -0.00363982124 -0.00361418126 0.0057238323 0 0 0
nt@synapse_cleft 3835 -0.0087670855 -0.00808126839 0.0126531574 0 0 0
nt@synapse_cleft 3886 -0.00133100665 0.00817450375 0.0191737871 0 0 0
nt@synapse_cleft 3902 0.0160995695 0.0011843123 0.00813626846 0 0 0
nt@synapse_cleft 3907 -0.0215577137 -0.017895123 0.0128400899 0 0 0
nt@synapse_cleft 3921 0.00820973936 0.00205212775 0.0171579289 0 0 0
nt@synapse_cleft 3927 0.0205187362 0.0105209852 0.00886463095 0 0 0
nt@synapse_cleft 3973 0.0192427026 0.010586598 0.00358571851 0 0 0
nt@synapse_cleft 3974 -0.000812182046 -0.00517992662 0.00740389235 0 0 0
nt@synapse_cleft 3999 -0.0215747194 0.010551302 0.00142155415 0 0 0
nt@synapse_cleft 4018 -0.0211272858 -0.0142945326 0.00612908344 0 0 0
nt@synapse_cleft 4037 0.000136627154 -0.00512026394 0.003090202 0 0 0
nt@synapse_cleft 4049 -0.000555198035 0.00343145959 6.07180503e-05 0 0 0
nt@synapse_cleft 4103 0.00851158059 -0.0194629541 0.00481216453 0 0 0
nt@synapse_cleft 4106 -0.00319057053 0.00745435382 0.00635725424 0 0 0
nt@synapse_cleft 4119 0.0118109913 -0.00509432699 0.00883202244 0 0 0
nt@synapse_cleft 4129 -0.000629415239 -0.0098980706 0.00643962548 0 0 0
nt@synapse_cleft 4132 -0.00303133067 -0.0120440112 0.0144341579 0 0 0
nt@synapse_cleft 4150 -0.00205266292 -0.00627909332 0.00635608803 0 0 0
nt@synapse_cleft 4155 -0.00780546172 -0.012558449 0.0170052017 0 0 0
nt@synapse_cleft 4163 -0.0125501571 -0.0112364874 0.00956439844 0 0 0
nt@synapse_cleft 4187 0.00025442375 -0.000584108624 0.00144266904 0 0 0
nt@synapse_cleft 4220 0.0168083127 -0.0102466767 0.0146533435 0 0 0
nt@synapse_cleft 4252 -0.0184379384 0.000548889256 0.0180508954 0 0 0
nt@synapse_cleft 4255 -0.0190481364 -0.00262168781 0.00842701053 0 0 0
nt@synapse_cleft 4288 0.00849797984 0.0237450831 0.00497509734 0 0 0
nt@synapse_cleft 4297 0.0254747969 -0.00739393956 0.00407354249 0 0 0
nt@synapse_cleft 4365 0.00105261796 -0.00960587732 0.00140542787 0 0 0
nt@synapse_cleft 4381 -0.0135321193 -0.00451125511 0.0104617528 0 0 0
nt@synapse_cleft 4386 0.00312703584 -0.0267463729 0.00640142941 0 0 0
nt@synapse_cleft 4414 -0.00165113367 -0.00365964311 0.00502302979 0 0 0
nt@synapse_cleft 4416 0.0103324385 0.00846382737 0.00354353566 0 0 0
nt@synapse_cleft 4464 -0.0050941576 0.00957904217 0.00400760353 0 0 0
nt@synapse_cleft 4478 0.00947808575 -0.00513484059 0.00741681673 0 0 0
nt@synapse_cleft 4485 -0.0020797269 0.0128322345 0.0067514087 0 0 0
nt@synapse_cleft 4681 -0.0186049748 0.00215055696 0.0104144494 0 0 0
nt@synapse_cleft 4700 0.00564524355 0.00846333024 0.00341291729 0 0 0
nt@synapse_cleft 4709 -0.00339842849 -0.00830002915 0.0138801851 0 0 0
nt@synapse_cleft 4718 -0.00635393359 -0.0159851094 0.00555274581 0 0 0
nt@synapse_cleft 4750 -0.0109144631 0.000424092729 0.0111744775 0 0 0
nt@synapse_cleft 4801 -0.00818132666 -0.00888946263 0.0085676618 0 0 0
nt@synapse_cleft 4829 0.0198888192 0.00642823384 0.00873444001 0 0 0
nt@synapse_cleft 4839 -0.0115776367 0.00381724997 0.00653675273 0 0 0
nt@synapse_cleft 4871 0.000876318569 -0.00774619935 0.0058667104 0 0 0
nt@synapse_cleft 4906 0.00785371747 -0.0120534292 0.0158072582 0 0 0
nt@synapse_cleft 4919 -0.000772702609 0.00822391706 0.00478650674 0 0 0
nt@synapse_cleft 4937 -0.00588999815 0.00424811214 0.00872925213 0 0 0
nt@synapse_cleft 4981 -0.00726517891 -0.00479258734 0.0124717639 0 0 0
nt@synapse_cleft 4982 -0.00813185589 -0.00548318654 0.0188579173 0 0 0
nt@synapse_cleft 5004 0.00592402835 0.0144998503 0.00107871954 0 0 0
nt@synapse_cleft 5006 -0.0273196299 -0.0141200394 0.0116452837 0 0 0
nt@synapse_cleft 5061 0.00544132916 0.000751593622 0.00152979636 0 0 0
nt@synapse_cleft 5145 0.0140721704 -0.00238815209 0.00516186706 0 0 0
nt@synapse_cleft 5159 -0.0110566434 -0.00896292792 0.00056149867 0 0 0
nt@synapse_cleft 5164 -0.0019774694 0.0114016165 0.0151465529 0 0 0
nt@synapse_cleft 5173 -0.00551216315 0.0227043733 0.0169196263 0 0 0
nt@synapse_cleft 5179 0.011212507 0.0220599533 0.0145486629 0 0 0
nt@synapse_cleft 5182 -0.0029170912 0.00677963137 0.00315091934 0 0 0
