nt@synapse_cleft 7 -0.00087952226 -0.00294775679 0.000638168236 0 0 0
nt@synapse_cleft 12 0.0135910027 0.00972158771 0.0037256249 0 0 0
nt@synapse_cleft 15 -0.00961961909 -0.0110573882 0.00425916575 0 0 0
nt@synapse_cleft 26 0.0137668226 0.00997516877 0.00631297092 0 0 0
nt@synapse_cleft 54 -0.00181024525 0.00176580681 0.0176355528 0 0 0
nt@synapse_cleft 89 0.0073124211 -0.00111722384 0.0117054389 0 0 0
nt@synapse_cleft 100 -0.0045178357 0.000133438212 0.0041505191 0 0 0
nt@synapse_cleft 103 -0.012725749 -0.00207250149 0.00895435516 0 0 0
nt@synapse_cleft 150 -0.0156063948 0.00471455948 0.0023328762 0 0 0
nt@synapse_cleft 194 0.00174152807 0.0012299523 0.00409393243 0 0 0
nt@synapse_cleft 195 0.000375017199 0.00232458805 0.00414514226 0 0 0
nt@synapse_cleft 199 0.00569602053 -0.00553399553 0.00223777253 0 0 0
nt@synapse_cleft 284 0.0111891506 -0.0100159072 0.00294399823 0 0 0
nt@synapse_cleft 318 -0.00262676854 -0.00104384637 0.00435051423 0 0 0
nt@synapse_cleft 325 -0.000285869165 0.00696899541 0.00778953644 0 0 0
nt@synapse_cleft 406 0.00376119618 -0.0030349866 0.0154715966 0 0 0
nt@synapse_cleft 421 0.0133974531 -0.0198410616 0.0160950635 0 0 0
nt@synapse_cleft 429 0.022905126 -0.0119295271 0.00835317385 0 0 0
nt@synapse_cleft 444 -0.00889803134 -0.00646403084 0.00550971689 0 0 0
nt@synapse_cleft 477 0.00370741543 -0.0112573769 0.0117964458 0 0 0
nt@synapse_cleft 479 -0.0144900366 0.0046414484 0.000613884941 0 0 0
nt@synapse_cleft 482 -0.0140358866 -0.000838775074 0.00142584572 0 0 0
nt@synapse_cleft 499 0.0129525221 -0.00850802859 0.0011746208 0 0 0
nt@synapse_cleft 510 -0.00209550413 0.00300373261 0.00182457265 0 0 0
nt@synapse_cleft 536 -0.0209658161 0.0262030804 0.00672779134 0 0 0
nt@synapse_cleft 551 -0.0133979883 0.0068505749 0.0141959592 0 0 0
nt@synapse_cleft 558 0.00196946015 0.00176825992 0.00222053817 0 0 0
nt@synapse_cleft 596 0.0233604389 -0.0165688473 0.0153562557 0 0 0
nt@synapse_cleft 620 -8.98900464e-05 0.000321534795 0.0137261885 0 0 0
nt@synapse_cleft 627 0.0219827952 -0.00357009211 0.00336953456 0 0 0
nt@synapse_cleft 633 0.00260520125 0.000149886316 0.0104929344 0 0 0
nt@synapse_cleft 634 -0.0100607965 0.0110447678 0.00788387794 0 0 0
nt@synapse_cleft 645 -0.00858303197 0.0133632989 0.0153465672 0 0 0
nt@synapse_cleft 661 0.00147013206 0.00818609956 0.00549155845 0 0 0
nt@synapse_cleft 693 0.00412871958 0.0128265893 0.00741854989 0 0 0
nt@synapse_cleft 698 -0.000723267953 0.000789878453 0.00430770321 0 0 0
nt@synapse_cleft 728 -0.00185588577 -0.00373789325 0.0182593509 0 0 0
nt@synapse_cleft 741 -0.00186674216 0.00442140621 0.00582801621 0 0 0
nt@synapse_cleft 750 -0.00170274645 0.00952004647 0.000345610198 0 0 0
nt@synapse_cleft 754 -0.0197826968 -0.0041788842 0.00186439353 0 0 0
nt@synapse_cleft 760 -0.00155882408 0.00158321414 0.00495506354 0 0 0
nt@synapse_cleft 768 0.0159487876 0.000765695998 0.00484941719 0 0 0
nt@synapse_cleft 769 -0.0183258531 -0.0074032879 0.0176676018 0 0 0
nt@synapse_cleft 779 -0.00663833016 0.0183929678 0.0172596116 0 0 0
nt@synapse_cleft 831 -0.010207256 -0.0119607773 0.00421638636 0 0 0
nt@synapse_cleft 833 -0.00180214593 0.00825790814 0.00108779255 0 0 0
nt@synapse_cleft 866 -0.00615292069 0.0215000619 0.00529408623 0 0 0
nt@synapse_cleft 877 -0.00569268658 -0.0120151218 0.0120245267 0 0 0
nt@synapse_cleft 904 -0.0187368748 -0.0192139958 0.00327621686 0 0 0
nt@synapse_cleft 908 0.0146622837 -0.000696222473 0.0073621393 0 0 0
nt@synapse_cleft 913 -0.00242028541 -0.00396720806 0.00949205373 0 0 0
nt@synapse_cleft 918 -0.0185133821 -0.00133661363 0.0054759472 0 0 0
nt@synapse_cleft 932 -0.00658446676 -0.00659963451 0.00659763758 0 0 0
nt@synapse_cleft 938 -0.0107889343 0.00782802487 0.001541664 0 0 0
nt@synapse_cleft 940 0.00860487258 -0.00191047116 0.00191549664 0 0 0
nt@synapse_cleft 942 0.0077972436 -0.0050454946 0.00148768019 0 0 0
nt@synapse_cleft 945 0.0017047768 0.00919848657 0.00836446205 0 0 0
nt@synapse_cleft 953 -0.0116246309 0.01153533 0.00719638173 0 0 0
nt@synapse_cleft 961 0.00188026327 -0.0107482213 0.00269947749 0 0 0
nt@synapse_cleft 978 0.00252304336 0.00121071032 0.00151324927 0 0 0
nt@synapse_cleft 1002 -0.0232866551 -0.015268657 0.00873460105 0 0 0
nt@synapse_cleft 1048 0.00706371579 -0.00739970601 0.00594739091 0 0 0
nt@synapse_cleft 1080 -0.00271554858 0.0104791925 0.00281095474 0 0 0
nt@synapse_cleft 1092 -0.000361044108 0.00700121326 0.0111567672 0 0 0
nt@synapse_cleft 1144 -0.00610813947 0.000981545515 0.00747402236 0 0 0
nt@synapse_cleft 1152 0.00245713528 0.0161740261 0.000498851593 0 0 0
nt@synapse_cleft 1167 0.0147533419 -0.000609883074 0.00365867771 0 0 0
nt@synapse_cleft 1177 -0.0029412264 0.00225470062 0.00236171195 0 0 0
nt@synapse_cleft 1186 -0.00708268639 0.0313706926 0.00123697493 0 0 0
nt@synapse_cleft 1193 -0.0126272102 -0.000505402361 0.00384355069 0 0 0
nt@synapse_cleft 1200 -0.00932673333 0.0021438202 0.00484252329 0 0 0
nt@synapse_cleft 1204 0.00857289954 0.00492671814 0.00420718191 0 0 0
nt@synapse_cleft 1205 -0.0177477589 -0.00299214772 0.00809775969 0 0 0
nt@synapse_cleft 1206 -0.0102163777 0.00473211792 0.00940830223 0 0 0
nt@synapse_cleft 1238 -0.00792706532 -0.0080014691 0.0126781922 0 0 0
nt@synapse_cleft 1252 -0.000333918321 -0.0133122972 0.017936484 0 0 0
nt@synapse_cleft 1289 -0.00133568094 -0.00117371153 0.0133115471 0 0 0
nt@synapse_cleft 1302 -0.0163881566 0.0129265732 0.00546133717 0 0 0
nt@synapse_cleft 1326 0.00296852588 0.0237233791 0.0188248997 0 0 0
nt@synapse_cleft 1343 -0.0138479331 0.0160765965 0.00569945017 0 0 0
nt@synapse_cleft 1368 0.00095012904 0.00738972006 0.0104155517 0 0 0
nt@synapse_cleft 1380 0.003425991 -0.0159834109 0.013823545 0 0 0
nt@synapse_cleft 1384 0.00783362259 0.00997913089 0.0194116646 0 0 0
nt@synapse_cleft 1416 -0.0130459031 -0.0132591282 0.0108354472 0 0 0
nt@synapse_cleft 1438 0.0103902593 -0.0101332947 0.012643154 0 0 0
nt@synapse_cleft 1440 0.00219745607 0.00900616531 0.00574592445 0 0 0
nt@synapse_cleft 1442 -0.0136049133 -0.00168677166 0.00286460843 0 0 0
nt@synapse_cleft 1444 -0.0158539605 -0.00141212577 0.00748690219 0 0 0
nt@synapse_cleft 1446 0.00719104685 -0.00405644503 0.00499853211 0 0 0
nt@synapse_cleft 1452 0.00420632044 -0.0088704112 0.0188336988 0 0 0
nt@synapse_cleft 1455 0.0135145439 -0.0044006047 0.000760687546 0 0 0
nt@synapse_cleft 1470 -0.00911417444 -0.00794881882 0.013141834 0 0 0
nt@synapse_cleft 1472 0.00864849621 -0.000110623746 0.0076513335 0 0 0
nt@synapse_cleft 1487 -0.00613195387 -0.0108050728 0.0053509615 0 0 0
nt@synapse_cleft 1496 0.00811401532 -0.00590906644 0.0059887779 0 0 0
nt@synapse_cleft 1506 -0.0122660327 0.00589038733 0.00884370866 0 0 0
nt@synapse_cleft 1542 0.00907644848 -0.00369982053 0.0119864268 0 0 0
nt@synapse_cleft 1553 0.0129888311 -0.0174032249 0.0171736509 0 0 0
nt@synapse_cleft 1565 -0.00152843218 -0.00128232736 0.0110699278 0 0 0
nt@synapse_cleft 1573 0.0100743232 0.00723808359 0.0125642195 0 0 0
nt@synapse_cleft 1600 0.0116870935 -0.0030505023 0.00806026472 0 0 0
nt@synapse_cleft 1605 -0.0075410436 -0.00841136828 0.012269492 0 0 0
nt@synapse_cleft 1641 0.010815793 0.00306576252 0.000288393165 0 0 0
nt@synapse_cleft 1675 -0.00449349409 0.0160042315 0.0100842277 0 0 0
nt@synapse_cleft 1681 -0.00428829842 -0.00665589618 0.00302112517 0 0 0
nt@synapse_cleft 1686 0.00138338638 -0.00548276662 0.0168897485 0 0 0
nt@synapse_cleft 1689 -0.0264957464 -0.0120493713 0.00443916369 0 0 0
nt@synapse_cleft 1701 -0.00400468706 -0.0171340974 0.00265419835 0 0 0
nt@synapse_cleft 1707 -0.00997591988 -0.0165868718 0.0044540664 0 0 0
nt@synapse_cleft 1729 -0.00403762784 -0.00336968555 0.00373531534 0 0 0
nt@synapse_cleft 1742 -0.000565269211 -0.0141229718 0.00472105135 0 0 0
nt@synapse_cleft 1745 0.007759802 0.00147393371 0.00368645565 0 0 0
nt@synapse_cleft 1746 -0.022564126 -0.0152250905 0.00819015004 0 0 0
nt@synapse_cleft 1768 -0.00647475076 -0.00115337545 0.00859730369 0 0 0
nt@synapse_cleft 1775 0.0158612442 -0.0129014131 0.00630807938 0 0 0
nt@synapse_cleft 1781 -0.00270904661 -0.0077254844 0.0101611282 0 0 0
nt@synapse_cleft 1815 0.00393876479 -0.00417487279 0.0145517326 0 0 0
nt@synapse_cleft 1829 0.00499320374 0.00717741115 0.00219053792 0 0 0
nt@synapse_cleft 1853 -0.00575731659 -0.0185656955 0.0147849332 0 0 0
nt@synapse_cleft 1885 -0.00867013238 0.0108919459 0.00383463968 0 0 0
nt@synapse_cleft 1892 0.00506026088 -0.00263220474 0.00356225693 0 0 0
nt@synapse_cleft 1896 -0.000346623741 0.00774005498 0.0122766926 0 0 0
nt@synapse_cleft 1923 0.0132163161 0.000632212072 0.0127287709 0 0 0
nt@synapse_cleft 1932 0.00426160721 0.00837735522 0.00966648688 0 0 0
nt@synapse_cleft 1946 -0.00844781335 -0.0109458899 0.00504911857 0 0 0
nt@synapse_cleft 1961 -0.0132448041 -0.00766716987 0.0112976478 0 0 0
nt@synapse_cleft 1970 -0.00807037228 -0.00482836695 0.0168738957 0 0 0
nt@synapse_cleft 1973 0.00237771594 -0.00546810616 0.00530622417 0 0 0
nt@synapse_cleft 1990 -0.0252899806 -0.00507839861 0.0126904702 0 0 0
nt@synapse_cleft 2014 -0.0232575292 0.0036014832 0.00333338057 0 0 0
nt@synapse_cleft 2064 -0.00855648484 -0.00303817328 0.00678072115 0 0 0
nt@synapse_cleft 2092 -0.0037151392 -0.0112236582 0.00798192868 0 0 0
nt@synapse_cleft 2104 -0.0110221813 -0.00243214097 0.0042245726 0 0 0
nt@synapse_cleft 2112 -0.00358510745 0.000565495583 0.00569545676 0 0 0
nt@synapse_cleft 2127 0.00497018516 -0.00780507461 0.0163557937 0 0 0
nt@synapse_cleft 2137 0.00052399031 -0.0137826109 0.00894864984 0 0 0
nt@synapse_cleft 2162 0.0110949284 0.00168535641 0.00758077483 0 0 0
nt@synapse_cleft 2163 0.00914325044 0.00734101001 0.00684908995 0 0 0
nt@synapse_cleft 2218 0.00122709557 0.00818850875 0.00326209945 0 0 0
nt@synapse_cleft 2223 -0.00262685716 -0.00243401909 0.0124432979 0 0 0
nt@synapse_cleft 2254 -0.013067352 0.0108667964 0.00578821441 0 0 0
nt@synapse_cleft 2278 0.0105238883 -0.0175108779 0.00605347786 0 0 0
nt@synapse_cleft 2279 0.0051862258 0.00579875419 0.00418293887 0 0 0
nt@synapse_cleft 2284 0.00262256946 -0.0181835615 0.0137562013 0 0 0
nt@synapse_cleft 2285 -0.00767840045 -0.00644948559 0.00905125058 0 0 0
nt@synapse_cleft 2298 0.0149263039 0.00470506742 0.016712505 0 0 0
nt@synapse_cleft 2309 -0.0106820068 -0.00672322531 0.000608286575 0 0 0
nt@synapse_cleft 2314 0.00113820387 -0.00275262372 0.00709741052 0 0 0
nt@synapse_cleft 2367 -0.0225028207 -0.000147478309 0.000889643524 0 0 0
nt@synapse_cleft 2383 -0.0042175279 0.00831939497 0.00585363445 0 0 0
nt@synapse_cleft 2389 0.00675383206 -0.0217392748 0.00362212408 0 0 0
nt@synapse_cleft 2411 0.00309714324 -0.0024152403 0.0048546638 0 0 0
nt@synapse_cleft 2421 -0.0223149655 0.0174609213 0.0166786592 0 0 0
nt@synapse_cleft 2438 -0.0167783726 0.00450344555 0.00594509891 0 0 0
nt@synapse_cleft 2472 -0.0120367337 0.0124874344 0.00663097709 0 0 0
nt@synapse_cleft 2483 -0.0215796275 0.0176951005 0.0145679113 0 0 0
nt@synapse_cleft 2491 0.00726702642 -0.00607496143 0.0124487069 0 0 0
nt@synapse_cleft 2493 0.00667067109 0.00353073008 0.00684660796 0 0 0
nt@synapse_cleft 2498 0.00180918956 -0.00144495863 0.0172020142 0 0 0
nt@synapse_cleft 2502 -0.0114134458 -0.0080986158 0.00555178561 0 0 0
nt@synapse_cleft 2513 -0.0106664752 -0.0163346243 0.00267847246 0 0 0
nt@synapse_cleft 2517 0.00856387163 -0.0056004718 0.010534657 0 0 0
nt@synapse_cleft 2528 0.00193080025 0.00584006702 0.013645189 0 0 0
nt@synapse_cleft 2539 0.0167284825 0.0147827794 0.00446214713 0 0 0
nt@synapse_cleft 2550 -0.00528550784 -0.0213591238 0.0180026663 0 0 0
nt@synapse_cleft 2564 -0.0121418453 -0.000308056911 0.00363631111 0 0 0
nt@synapse_cleft 2570 0.0337275583 0.00286012106 0.0091977124 0 0 0
nt@synapse_cleft 2577 -0.00133882894 -0.00897440605 0.0118310724 0 0 0
nt@synapse_cleft 2610 -0.00843483231 0.00958970531 0.00276035538 0 0 0
nt@synapse_cleft 2628 0.00855132152 0.000616569355 0.0179085753 0 0 0
nt@synapse_cleft 2652 -0.00797622016 -0.00987370117 0.016204629 0 0 0
nt@synapse_cleft 2660 -0.00727193567 0.0146330395 0.00347158666 0 0 0
nt@synapse_cleft 2670 -0.0118519846 -0.00670969927 0.0153837947 0 0 0
nt@synapse_cleft 2680 -0.0140419164 0.0173063952 0.000407732108 0 0 0
nt@synapse_cleft 2681 0.00844447883 -0.00438884658 0.00243797801 0 0 0
nt@synapse_cleft 2702 -0.0125348885 -0.000417505249 0.0116235803 0 0 0
nt@synapse_cleft 2709 0.0120943721 -0.00351622372 0.00802316206 0 0 0
nt@synapse_cleft 2724 0.00671670625 0.00690881235 0.0195066687 0 0 0
nt@synapse_cleft 2752 0.00875637898 -0.00282354205 0.015487506 0 0 0
nt@synapse_cleft 2798 0.00609694693 0.0141135927 0.00189993901 0 0 0
nt@synapse_cleft 2820 0.0067713408 -0.00318911139 0.000934089925 0 0 0
nt@synapse_cleft 2863 0.0153176259 -0.000635696732 0.000127532912 0 0 0
nt@synapse_cleft 2876 -0.0104278204 0.0278714847 0.0113858639 0 0 0
nt@synapse_cleft 2880 0.0028959651 -0.00266503679 0.00451803913 0 0 0
nt@synapse_cleft 2912 -0.00216904667 0.00437534452 0.00339959851 0 0 0
nt@synapse_cleft 2940 -0.0145039773 -0.00780049563 0.00915982972 0 0 0
nt@synapse_cleft 2962 -0.000477435134 0.00108055432 0.00443999206 0 0 0
nt@synapse_cleft 2983 0.00872712666 0.00198058301 0.00144097211 0 0 0
nt@synapse_cleft 2993 0.0270109598 0.00386518893 0.00229179185 0 0 0
nt@synapse_cleft 3006 -0.0029656028 -0.00746165841 0.0041811444 0 0 0
nt@synapse_cleft 3019 0.00596831743 -0.00290950374 0.0135198615 0 0 0
nt@synapse_cleft 3042 0.00226979001 0.0213354121 0.0143194897 0 0 0
nt@synapse_cleft 3047 -0.00160691157 -0.0134822199 0.00675996357 0 0 0
nt@synapse_cleft 3073 -0.00143984113 -0.010434557 0.0196906399 0 0 0
nt@synapse_cleft 3096 0.01231364 0.0198274158 0.0191528157 0 0 0
nt@synapse_cleft 3134 -0.00110300725 -0.0153236442 0.00988972897 0 0 0
nt@synapse_cleft 3150 0.00603889955 -0.00727441882 0.00998121148 0 0 0
nt@synapse_cleft 3177 -0.00167359469 0.00289887198 0.0180577749 0 0 0
nt@synapse_cleft 3181 0.000498663264 0.00860531338 0.0197289344 0 0 0
nt@synapse_cleft 3184 0.0246314256 0.012586298 0.0180344184 0 0 0
nt@synapse_cleft 3199 -0.00297985413 -0.00427549924 0.0145313032 0 0 0
nt@synapse_cleft 3222 0.00484648631 -0.0214908302 0.00287611906 0 0 0
nt@synapse_cleft 3308 0.00874431714 0.0107328686 0.00741775877 0 0 0
nt@synapse_cleft 3326 0.00913597543 0.00855562535 0.0043200764 0 0 0
nt@synapse_cleft 3338 -0.00237985718 0.019927493 0.0111311401 0 0 0
nt@synapse_cleft 3367 0.00560179748 0.00851274541 0.00337489015 0 0 0
nt@synapse_cleft 3378 -0.00770474889 0.00646384453 0.0119253077 0 0 0
nt@synapse_cleft 3402 -0.0252957731 -0.00697935122 0.00545496556 0 0 0
nt@synapse_cleft 3404 0.000213080599 0.00838600614 0.0105877598 0 0 0
nt@synapse_cleft 3413 0.00997662175 -0.00763918234 0.0183183033 0 0 0
nt@synapse_cleft 3419 0.00377935596 0.00942317583 0.0182696237 0 0 0
nt@synapse_cleft 3432 0.00731562213 0.0149634968 0.0178413674 0 0 0
nt@synapse_cleft 3445 -0.0338550308 0.00285180862 0.00516820891 0 0 0
nt@synapse_cleft 3451 0.0083665446 -0.0103823685 0.0112642661 0 0 0
nt@synapse_cleft 3467 0.00624848211 -0.00187532423 0.00124200185 0 0 0
nt@synapse_cleft 3484 -0.00734437282 -0.00974104801 0.00449894183 0 0 0
nt@synapse_cleft 3500 0.00256010859 -0.0134873044 0.00925045447 0 0 0
nt@synapse_cleft 3542 -0.00397398689 0.00861154973 0.0103608481 0 0 0
nt@synapse_cleft 3561 -0.0018260206 0.0112876571 0.00139701474 0 0 0
nt@synapse_cleft 3563 -0.0178764821 0.00258264812 0.0104848232 0 0 0
nt@synapse_cleft 3566 -0.00456973896 -0.00907971112 0.00930303701 0 0 0
nt@synapse_cleft 3576 0.00437948912 0.00786707311 0.00962940889 0 0 0
nt@synapse_cleft 3592 -0.0104029039 0.0234543603 0.00153767619 0 0 0
nt@synapse_cleft 3611 0.000640300461 -0.0181954487 0.0147966836 0 0 0
nt@synapse_cleft 3616 0.0137795231 -0.0168256389 0.00254675776 0 0 0
nt@synapse_cleft 3625 -0.00697905907 0.00232828725 0.00386587359 0 0 0
nt@synapse_cleft 3635 0.0119541905 -0.00123641712 0.00152050136 0 0 0
nt@synapse_cleft 3645 -7.04048621e-05 -0.00528702404 0.0164671592 0 0 0
nt@synapse_cleft 3661 -0.00435855784 -0.000450676069 0.0090096143 0 0 0
nt@synapse_cleft 3693 0.00710524624 -0.00600901705 0.00220318632 0 0 0
nt@synapse_cleft 3706 -0.00804942185 0.00661231705 0.00558428029 0 0 0
nt@synapse_cleft 3714 -0.017243349 -0.00311486848 0.00626416178 0 0 0
nt@synapse_cleft 3737 0.0010766892 0.011874929 0.000733644374 0 0 0
nt@synapse_cleft 3751 -0.00153214938 0.0148501523 0.0103203477 0 0 0
nt@synapse_cleft 3793 -0.00210783822 -0.00599708773 0.00370538032 0 0 0
nt@synapse_cleft 3800 -0.00445070247 -0.0113813988 0.0164553973 0 0 0
nt@synapse_cleft 3811 0.00206754072 0.0162905149 0.00570430806 0 0 0
nt@synapse_cleft 3827 -0.00390420525 0.00718030225 0.000950722111 0 0 0
nt@synapse_cleft 3834 -0.00399324492 -0.00490291123 0.00406268908 0 0 0
nt@synapse_cleft 3835 -0.00758841083 -0.00969799692 0.00975409556 0 0 0
nt@synapse_cleft 3859 0.0130318488 -0.00628398125 0.0150918813 0 0 0
nt@synapse_cleft 3886 0.00257943403 -0.000189046931 0.0187138853 0 0 0
nt@synapse_cleft 3902 0.0137794668 0.000305798549 0.0121317536 0 0 0
nt@synapse_cleft 3907 -0.0205556154 -0.0142660605 0.00202202911 0 0 0
nt@synapse_cleft 3918 0.0167241692 0.0123392804 0.00281919071 0 0 0
nt@synapse_cleft 3921 0.00533116706 0.00192653899 0.015475128 0 0 0
nt@synapse_cleft 3927 0.0181638724 0.00977985985 0.00551740275 0 0 0
nt@synapse_cleft 3952 -0.00770487211 -0.0111912293 0.0122667964 0 0 0
nt@synapse_cleft 3973 0.0162430773 0.0113733753 0.00320110198 0 0 0
nt@synapse_cleft 3974 -0.00552042449 -0.00779711835 0.00538775487 0 0 0
nt@synapse_cleft 3993 -0.0151816785 -0.0121148338 0.0157058059 0 0 0
nt@synapse_cleft 3999 -0.0203578492 0.0142540148 0.00123462218 0 0 0
nt@synapse_cleft 4018 -0.0150606585 -0.0134649824 0.00819311328 0 0 0
nt@synapse_cleft 4037 0.00265309008 -0.00218335151 0.00724819549 0 0 0
nt@synapse_cleft 4049 0.0060290355 -0.00325090506 0.000674055838 0 0 0
nt@synapse_cleft 4103 0.0072216586 -0.0215681401 0.00617327977 0 0 0
nt@synapse_cleft 4106 -0.00179218751 0.00801961416 0.0075857705 0 0 0
nt@synapse_cleft 4119 0.00882002421 -0.00516345503 0.0032205585 0 0 0
nt@synapse_cleft 4129 -0.000796439968 -0.00968738995 0.0050485775 0 0 0
nt@synapse_cleft 4132 0.00551457297 -0.00994456026 0.0193266118 0 0 0
nt@synapse_cleft 4150 -0.000834603784 -0.00927750992 0.00943959051 0 0 0
nt@synapse_cleft 4155 -0.00796030697 -0.0131753896 0.0168650364 0 0 0
nt@synapse_cleft 4163 -0.0107528522 -0.0101501834 0.00435152461 0 0 0
nt@synapse_cleft 4187 -0.000775494659 -0.000904949466 0.004093022 0 0 0
nt@synapse_cleft 4215 -0.0118902933 -0.00557914457 0.00338276292 0 0 0
nt@synapse_cleft 4220 0.0162282368 -0.00846048548 0.00660963606 0 0 0
nt@synapse_cleft 4252 -0.0175883887 -0.000214704309 0.0170663574 0 0 0
nt@synapse_cleft 4255 -0.0183084088 -0.00356558531 0.00529401593 0 0 0
nt@synapse_cleft 4288 0.00829455493 0.0270008803 0.00715303276 0 0 0
nt@synapse_cleft 4297 0.0232248541 -0.00648414637 0.00104601991 0 0 0
nt@synapse_cleft 4312 -0.0042231119 -0.0115863017 0.00276376697 0 0 0
nt@synapse_cleft 4346 0.00881780232 -0.00379799823 0.00919602981 0 0 0
nt@synapse_cleft 4360 0.00214675787 0.00505943568 0.0171755447 0 0 0
nt@synapse_cleft 4365 7.45733938e-05 -0.00877549252 9.4038156e-05 0 0 0
nt@synapse_cleft 4381 -0.0123011164 -0.00870802849 0.00827423581 0 0 0
nt@synapse_cleft 4386 0.00426052693 -0.030225511 0.000499951831 0 0 0
nt@synapse_cleft 4396 0.00904834163 -0.000547447602 0.00400871633 0 0 0
nt@synapse_cleft 4398 -0.0106202047 -0.0182784689 0.0136148076 0 0 0
nt@synapse_cleft 4414 -0.00364565847 -0.00115158494 0.000558562825 0 0 0
nt@synapse_cleft 4416 0.00341375194 0.00905982059 0.0088784879 0 0 0
nt@synapse_cleft 4434 0.00576671008 -0.00747259238 0.00453005717 0 0 0
nt@synapse_cleft 4446 -0.0159535168 -0.00508777632 0.000471328835 0 0 0
nt@synapse_cleft 4464 -0.0110354692 0.00399900556 0.000654747315 0 0 0
nt@synapse_cleft 4478 0.012775441 0.000895607745 0.000136596219 0 0 0
nt@synapse_cleft 4485 0.000135418149 0.00889724776 0.00934701469 0 0 0
nt@synapse_cleft 4499 0.00375460448 0.0127786539 0.0169181987 0 0 0
nt@synapse_cleft 4501 -0.0197528292 0.00206992477 0.00353434449 0 0 0
nt@synapse_cleft 4576 -0.00217550663 0.000810887339 0.00920054847 0 0 0
nt@synapse_cleft 4583 -0.00449596236 -0.012944744 0.00876318813 0 0 0
nt@synapse_cleft 4681 -0.0214729177 0.00159944068 0.00588737065 0 0 0
nt@synapse_cleft 4700 0.00299327375 0.0119879468 0.00587841042 0 0 0
nt@synapse_cleft 4709 -0.00483215076 -0.00522734647 0.0149536777 0 0 0
nt@synapse_cleft 4718 -0.0143671527 -0.00738820019 0.0094545944 0 0 0
nt@synapse_cleft 4750 -0.0124955577 0.00326183752 0.00611277339 0 0 0
nt@synapse_cleft 4758 -0.0140218522 0.00189440481 0.000659674648 0 0 0
nt@synapse_cleft 4784 -0.00355343745 0.0172202783 0.0120626108 0 0 0
nt@synapse_cleft 4801 -0.00404013911 -0.00969909292 0.00202314158 0 0 0
nt@synapse_cleft 4829 0.011082623 0.0076243717 0.00886249362 0 0 0
nt@synapse_cleft 4839 -0.00631403208 0.00487356737 0.00779928386 0 0 0
nt@synapse_cleft 4871 -0.0025214356 -0.00915100666 0.00692584883 0 0 0
nt@synapse_cleft 4906 0.013251967 -0.0092842142 0.0114746946 0 0 0
nt@synapse_cleft 4919 0.00119970466 -0.00202855149 0.00556852665 0 0 0
nt@synapse_cleft 4937 -0.00983379406 0.0089663415 0.00513835399 0 0 0
nt@synapse_cleft 4981 -0.0024838928 -0.0052631271 0.0147560891 0 0 0
nt@synapse_cleft 4982 -0.0068981531 -0.00468191116 0.0157260831 0 0 0
nt@synapse_cleft 5004 0.0110795386 0.00577950621 0.00381754167 0 0 0
nt@synapse_cleft 5006 -0.0203471817 -0.0205049514 0.0149452512 0 0 0
nt@synapse_cleft 5015 0.0095291227 0.0105607933 0.00607056704 0 0 0
nt@synapse_cleft 5061 0.00585159727 -0.000436325645 0.00187643036 0 0 0
nt@synapse_cleft 5063 -0.00466398898 -0.0216470657 0.0027700183 0 0 0
nt@synapse_cleft 5082 -0.00208775613 -0.00279708108 7.56861341e-06 0 0 0
nt@synapse_cleft 5145 0.00936446041 -0.00149507589 0.00454107716 0 0 0
nt@synapse_cleft 5159 -0.0162587398 -0.00883805069 0.000510118693 0 0 0
nt@synapse_cleft 5164 0.00582620916 0.0103484875 0.0088003214 0 0 0
nt@synapse_cleft 5173 -0.00305600205 0.0191938492 0.0180723021 0 0 0
nt@synapse_cleft 5179 0.00920306901 0.017435143 0.0100233913 0 0 0
nt@synapse_cleft 5182 -0.000507233413 0.0102556187 0.00202071834 0 0 0
